"X","ParticipantID","IAT","stimulus","condition","task_id","word","screen_id","rt","RT","response","correct","version_attrib","version_target","version_attrib2","version_target2","ID"
1,322,NA,"
    <h3>词语分类任务</h3>
    <p>在接下来的任务中，你需要对一系列词语进行分类。<p/>
    请先熟悉这些词语，这有利于你完成接下来的任务。</p>
    <table align=""center"" border=1 cellpadding=3 cellspacing=0>
    <tr> <th>类别</th> <th>词语</th> </tr>
    <tr> <td>&emsp;积极&emsp;</td> <td>&emsp;高尚、诚信、善良、君子、廉正、正直&emsp;</td> </tr>
    <tr> <td>&emsp;消极&emsp;</td> <td>&emsp;缺德、卑鄙、不孝、不仁、小人、黑心&emsp;</td> </tr>
    <tr> <td>&emsp;自我&emsp;</td> <td>&emsp;我、我的、自己、自己的、本人、本人的&emsp;</td> </tr>
    <tr> <td>&emsp;他人&emsp;</td> <td>&emsp;他、他的、别人、别人的、他人、他人的&emsp;</td> </tr>
    </table><br/>","","","",NA,37136,NA,"0","",NA,NA,1,2,"phase_015_subj_18"
2,322,11,"<p style=""color:rgb(150, 250, 100); font-size: 35px;"">他人的</p>","other","moral","他人的",1,731,731,"e","true",NA,NA,NA,NA,"phase_015_subj_18"
3,322,11,"<p style=""color:rgb(150, 250, 100); font-size: 35px;"">我</p>","self","moral","我",1,654,654,"i","true",NA,NA,NA,NA,"phase_015_subj_18"
4,322,11,"<p style=""color:rgb(150, 250, 100); font-size: 35px;"">本人</p>","self","moral","本人",1,590,590,"i","true",NA,NA,NA,NA,"phase_015_subj_18"
5,322,11,"<p style=""color:rgb(150, 250, 100); font-size: 35px;"">别人的</p>","other","moral","别人的",1,713,713,"e","true",NA,NA,NA,NA,"phase_015_subj_18"
6,322,11,"<p style=""color:rgb(150, 250, 100); font-size: 35px;"">我的</p>","self","moral","我的",1,595,595,"i","true",NA,NA,NA,NA,"phase_015_subj_18"
7,322,11,"<p style=""color:rgb(150, 250, 100); font-size: 35px;"">别人</p>","other","moral","别人",1,553,553,"e","true",NA,NA,NA,NA,"phase_015_subj_18"
8,322,11,"<p style=""color:rgb(150, 250, 100); font-size: 35px;"">他的</p>","other","moral","他的",1,583,583,"e","true",NA,NA,NA,NA,"phase_015_subj_18"
9,322,11,"<p style=""color:rgb(150, 250, 100); font-size: 35px;"">本人的</p>","self","moral","本人的",1,663,663,"i","true",NA,NA,NA,NA,"phase_015_subj_18"
10,322,11,"<p style=""color:rgb(150, 250, 100); font-size: 35px;"">自己的</p>","self","moral","自己的",1,414,414,"i","true",NA,NA,NA,NA,"phase_015_subj_18"
11,322,11,"<p style=""color:rgb(150, 250, 100); font-size: 35px;"">自己</p>","self","moral","自己",1,404,404,"i","true",NA,NA,NA,NA,"phase_015_subj_18"
12,322,11,"<p style=""color:rgb(150, 250, 100); font-size: 35px;"">他人</p>","other","moral","他人",1,555,555,"e","true",NA,NA,NA,NA,"phase_015_subj_18"
13,322,11,"<p style=""color:rgb(150, 250, 100); font-size: 35px;"">他</p>","other","moral","他",1,568,568,"e","true",NA,NA,NA,NA,"phase_015_subj_18"
14,322,12,"<p style=""color:white; font-size: 35px;"">高尚</p>","positive","moral","高尚",2,544,544,"e","true",NA,NA,NA,NA,"phase_015_subj_18"
15,322,12,"<p style=""color:white; font-size: 35px;"">小人</p>","negative","moral","小人",2,622,622,"i","true",NA,NA,NA,NA,"phase_015_subj_18"
16,322,12,"<p style=""color:white; font-size: 35px;"">廉正</p>","positive","moral","廉正",2,757,757,"e","true",NA,NA,NA,NA,"phase_015_subj_18"
17,322,12,"<p style=""color:white; font-size: 35px;"">君子</p>","positive","moral","君子",2,580,580,"e","true",NA,NA,NA,NA,"phase_015_subj_18"
18,322,12,"<p style=""color:white; font-size: 35px;"">诚信</p>","positive","moral","诚信",2,506,506,"e","true",NA,NA,NA,NA,"phase_015_subj_18"
19,322,12,"<p style=""color:white; font-size: 35px;"">黑心</p>","negative","moral","黑心",2,480,480,"i","true",NA,NA,NA,NA,"phase_015_subj_18"
20,322,12,"<p style=""color:white; font-size: 35px;"">善良</p>","positive","moral","善良",2,585,585,"e","true",NA,NA,NA,NA,"phase_015_subj_18"
21,322,12,"<p style=""color:white; font-size: 35px;"">不孝</p>","negative","moral","不孝",2,611,611,"i","true",NA,NA,NA,NA,"phase_015_subj_18"
22,322,12,"<p style=""color:white; font-size: 35px;"">卑鄙</p>","negative","moral","卑鄙",2,502,502,"i","true",NA,NA,NA,NA,"phase_015_subj_18"
23,322,12,"<p style=""color:white; font-size: 35px;"">缺德</p>","negative","moral","缺德",2,405,405,"i","true",NA,NA,NA,NA,"phase_015_subj_18"
24,322,12,"<p style=""color:white; font-size: 35px;"">正直</p>","positive","moral","正直",2,446,446,"e","true",NA,NA,NA,NA,"phase_015_subj_18"
25,322,12,"<p style=""color:white; font-size: 35px;"">不仁</p>","negative","moral","不仁",2,597,597,"i","true",NA,NA,NA,NA,"phase_015_subj_18"
26,322,13,"<p style=""color:rgb(150, 250, 100); font-size: 35px;"">他的</p>","other","moral","他的",3,775,775,"e","true",NA,NA,NA,NA,"phase_015_subj_18"
27,322,13,"<p style=""color:white; font-size: 35px;"">小人</p>","negative","moral","小人",3,640,640,"i","true",NA,NA,NA,NA,"phase_015_subj_18"
28,322,13,"<p style=""color:rgb(150, 250, 100); font-size: 35px;"">本人的</p>","self","moral","本人的",3,583,583,"i","true",NA,NA,NA,NA,"phase_015_subj_18"
29,322,13,"<p style=""color:white; font-size: 35px;"">正直</p>","positive","moral","正直",3,977,977,"e","true",NA,NA,NA,NA,"phase_015_subj_18"
30,322,13,"<p style=""color:rgb(150, 250, 100); font-size: 35px;"">我的</p>","self","moral","我的",3,688,688,"i","true",NA,NA,NA,NA,"phase_015_subj_18"
31,322,13,"<p style=""color:white; font-size: 35px;"">不孝</p>","negative","moral","不孝",3,1617,1617,"i","true",NA,NA,NA,NA,"phase_015_subj_18"
32,322,13,"<p style=""color:rgb(150, 250, 100); font-size: 35px;"">他人的</p>","other","moral","他人的",3,664,664,"e","true",NA,NA,NA,NA,"phase_015_subj_18"
33,322,13,"<p style=""color:white; font-size: 35px;"">诚信</p>","positive","moral","诚信",3,556,556,"e","true",NA,NA,NA,NA,"phase_015_subj_18"
34,322,13,"<p style=""color:rgb(150, 250, 100); font-size: 35px;"">别人</p>","other","moral","别人",3,804,804,"e","true",NA,NA,NA,NA,"phase_015_subj_18"
35,322,13,"<p style=""color:white; font-size: 35px;"">廉正</p>","positive","moral","廉正",3,519,519,"e","true",NA,NA,NA,NA,"phase_015_subj_18"
36,322,13,"<p style=""color:rgb(150, 250, 100); font-size: 35px;"">自己</p>","self","moral","自己",3,479,1264.21739130435,"e","false",NA,NA,NA,NA,"phase_015_subj_18"
37,322,13,"<p style=""color:white; font-size: 35px;"">不仁</p>","negative","moral","不仁",3,740,740,"i","true",NA,NA,NA,NA,"phase_015_subj_18"
38,322,13,"<p style=""color:rgb(150, 250, 100); font-size: 35px;"">本人</p>","self","moral","本人",3,728,728,"i","true",NA,NA,NA,NA,"phase_015_subj_18"
39,322,13,"<p style=""color:white; font-size: 35px;"">善良</p>","positive","moral","善良",3,565,565,"e","true",NA,NA,NA,NA,"phase_015_subj_18"
40,322,13,"<p style=""color:rgb(150, 250, 100); font-size: 35px;"">他</p>","other","moral","他",3,507,507,"e","true",NA,NA,NA,NA,"phase_015_subj_18"
41,322,13,"<p style=""color:white; font-size: 35px;"">黑心</p>","negative","moral","黑心",3,617,617,"i","true",NA,NA,NA,NA,"phase_015_subj_18"
42,322,13,"<p style=""color:rgb(150, 250, 100); font-size: 35px;"">我</p>","self","moral","我",3,491,491,"i","true",NA,NA,NA,NA,"phase_015_subj_18"
43,322,13,"<p style=""color:white; font-size: 35px;"">高尚</p>","positive","moral","高尚",3,563,563,"e","true",NA,NA,NA,NA,"phase_015_subj_18"
44,322,13,"<p style=""color:rgb(150, 250, 100); font-size: 35px;"">别人的</p>","other","moral","别人的",3,586,586,"e","true",NA,NA,NA,NA,"phase_015_subj_18"
45,322,13,"<p style=""color:white; font-size: 35px;"">卑鄙</p>","negative","moral","卑鄙",3,511,511,"i","true",NA,NA,NA,NA,"phase_015_subj_18"
46,322,13,"<p style=""color:rgb(150, 250, 100); font-size: 35px;"">他人</p>","other","moral","他人",3,629,629,"e","true",NA,NA,NA,NA,"phase_015_subj_18"
47,322,13,"<p style=""color:white; font-size: 35px;"">君子</p>","positive","moral","君子",3,569,569,"e","true",NA,NA,NA,NA,"phase_015_subj_18"
48,322,13,"<p style=""color:rgb(150, 250, 100); font-size: 35px;"">自己的</p>","self","moral","自己的",3,449,449,"i","true",NA,NA,NA,NA,"phase_015_subj_18"
49,322,13,"<p style=""color:white; font-size: 35px;"">缺德</p>","negative","moral","缺德",3,499,499,"i","true",NA,NA,NA,NA,"phase_015_subj_18"
50,322,14,"<p style=""color:rgb(150, 250, 100); font-size: 35px;"">自己</p>","self","moral","自己",4,824,824,"i","true",NA,NA,NA,NA,"phase_015_subj_18"
51,322,14,"<p style=""color:white; font-size: 35px;"">黑心</p>","negative","moral","黑心",4,580,580,"i","true",NA,NA,NA,NA,"phase_015_subj_18"
52,322,14,"<p style=""color:rgb(150, 250, 100); font-size: 35px;"">别人的</p>","other","moral","别人的",4,620,620,"e","true",NA,NA,NA,NA,"phase_015_subj_18"
53,322,14,"<p style=""color:white; font-size: 35px;"">廉正</p>","positive","moral","廉正",4,483,483,"e","true",NA,NA,NA,NA,"phase_015_subj_18"
54,322,14,"<p style=""color:rgb(150, 250, 100); font-size: 35px;"">别人</p>","other","moral","别人",4,569,569,"e","true",NA,NA,NA,NA,"phase_015_subj_18"
55,322,14,"<p style=""color:white; font-size: 35px;"">高尚</p>","positive","moral","高尚",4,470,470,"e","true",NA,NA,NA,NA,"phase_015_subj_18"
56,322,14,"<p style=""color:rgb(150, 250, 100); font-size: 35px;"">本人</p>","self","moral","本人",4,791,791,"i","true",NA,NA,NA,NA,"phase_015_subj_18"
57,322,14,"<p style=""color:white; font-size: 35px;"">不孝</p>","negative","moral","不孝",4,521,521,"i","true",NA,NA,NA,NA,"phase_015_subj_18"
58,322,14,"<p style=""color:rgb(150, 250, 100); font-size: 35px;"">他的</p>","other","moral","他的",4,767,767,"e","true",NA,NA,NA,NA,"phase_015_subj_18"
59,322,14,"<p style=""color:white; font-size: 35px;"">卑鄙</p>","negative","moral","卑鄙",4,615,615,"i","true",NA,NA,NA,NA,"phase_015_subj_18"
60,322,14,"<p style=""color:rgb(150, 250, 100); font-size: 35px;"">我</p>","self","moral","我",4,595,595,"i","true",NA,NA,NA,NA,"phase_015_subj_18"
61,322,14,"<p style=""color:white; font-size: 35px;"">君子</p>","positive","moral","君子",4,569,569,"e","true",NA,NA,NA,NA,"phase_015_subj_18"
62,322,14,"<p style=""color:rgb(150, 250, 100); font-size: 35px;"">他人的</p>","other","moral","他人的",4,796,796,"e","true",NA,NA,NA,NA,"phase_015_subj_18"
63,322,14,"<p style=""color:white; font-size: 35px;"">不仁</p>","negative","moral","不仁",4,480,480,"i","true",NA,NA,NA,NA,"phase_015_subj_18"
64,322,14,"<p style=""color:rgb(150, 250, 100); font-size: 35px;"">自己</p>","self","moral","自己",4,826,826,"i","true",NA,NA,NA,NA,"phase_015_subj_18"
65,322,14,"<p style=""color:white; font-size: 35px;"">诚信</p>","positive","moral","诚信",4,537,537,"e","true",NA,NA,NA,NA,"phase_015_subj_18"
66,322,14,"<p style=""color:rgb(150, 250, 100); font-size: 35px;"">他</p>","other","moral","他",4,673,673,"e","true",NA,NA,NA,NA,"phase_015_subj_18"
67,322,14,"<p style=""color:white; font-size: 35px;"">正直</p>","positive","moral","正直",4,642,642,"e","true",NA,NA,NA,NA,"phase_015_subj_18"
68,322,14,"<p style=""color:rgb(150, 250, 100); font-size: 35px;"">本人的</p>","self","moral","本人的",4,617,617,"i","true",NA,NA,NA,NA,"phase_015_subj_18"
69,322,14,"<p style=""color:white; font-size: 35px;"">小人</p>","negative","moral","小人",4,600,600,"i","true",NA,NA,NA,NA,"phase_015_subj_18"
70,322,14,"<p style=""color:rgb(150, 250, 100); font-size: 35px;"">他人</p>","other","moral","他人",4,521,521,"e","true",NA,NA,NA,NA,"phase_015_subj_18"
71,322,14,"<p style=""color:white; font-size: 35px;"">缺德</p>","negative","moral","缺德",4,658,658,"i","true",NA,NA,NA,NA,"phase_015_subj_18"
72,322,14,"<p style=""color:rgb(150, 250, 100); font-size: 35px;"">本人</p>","self","moral","本人",4,616,616,"i","true",NA,NA,NA,NA,"phase_015_subj_18"
73,322,14,"<p style=""color:white; font-size: 35px;"">善良</p>","positive","moral","善良",4,730,730,"e","true",NA,NA,NA,NA,"phase_015_subj_18"
74,322,14,"<p style=""color:rgb(150, 250, 100); font-size: 35px;"">别人</p>","other","moral","别人",4,745,745,"e","true",NA,NA,NA,NA,"phase_015_subj_18"
75,322,14,"<p style=""color:white; font-size: 35px;"">不仁</p>","negative","moral","不仁",4,490,490,"i","true",NA,NA,NA,NA,"phase_015_subj_18"
76,322,14,"<p style=""color:rgb(150, 250, 100); font-size: 35px;"">自己的</p>","self","moral","自己的",4,545,545,"i","true",NA,NA,NA,NA,"phase_015_subj_18"
77,322,14,"<p style=""color:white; font-size: 35px;"">正直</p>","positive","moral","正直",4,643,643,"e","true",NA,NA,NA,NA,"phase_015_subj_18"
78,322,14,"<p style=""color:rgb(150, 250, 100); font-size: 35px;"">我的</p>","self","moral","我的",4,761,761,"i","true",NA,NA,NA,NA,"phase_015_subj_18"
79,322,14,"<p style=""color:white; font-size: 35px;"">不孝</p>","negative","moral","不孝",4,523,523,"i","true",NA,NA,NA,NA,"phase_015_subj_18"
80,322,14,"<p style=""color:rgb(150, 250, 100); font-size: 35px;"">他</p>","other","moral","他",4,487,487,"e","true",NA,NA,NA,NA,"phase_015_subj_18"
81,322,14,"<p style=""color:white; font-size: 35px;"">君子</p>","positive","moral","君子",4,811,811,"e","true",NA,NA,NA,NA,"phase_015_subj_18"
82,322,14,"<p style=""color:rgb(150, 250, 100); font-size: 35px;"">我的</p>","self","moral","我的",4,710,710,"i","true",NA,NA,NA,NA,"phase_015_subj_18"
83,322,14,"<p style=""color:white; font-size: 35px;"">卑鄙</p>","negative","moral","卑鄙",4,476,476,"i","true",NA,NA,NA,NA,"phase_015_subj_18"
84,322,14,"<p style=""color:rgb(150, 250, 100); font-size: 35px;"">他人的</p>","other","moral","他人的",4,714,714,"e","true",NA,NA,NA,NA,"phase_015_subj_18"
85,322,14,"<p style=""color:white; font-size: 35px;"">廉正</p>","positive","moral","廉正",4,499,499,"e","true",NA,NA,NA,NA,"phase_015_subj_18"
86,322,14,"<p style=""color:rgb(150, 250, 100); font-size: 35px;"">自己的</p>","self","moral","自己的",4,529,529,"i","true",NA,NA,NA,NA,"phase_015_subj_18"
87,322,14,"<p style=""color:white; font-size: 35px;"">高尚</p>","positive","moral","高尚",4,604,604,"e","true",NA,NA,NA,NA,"phase_015_subj_18"
88,322,14,"<p style=""color:rgb(150, 250, 100); font-size: 35px;"">他人</p>","other","moral","他人",4,710,1226.59574468085,"i","false",NA,NA,NA,NA,"phase_015_subj_18"
89,322,14,"<p style=""color:white; font-size: 35px;"">黑心</p>","negative","moral","黑心",4,1110,1110,"i","true",NA,NA,NA,NA,"phase_015_subj_18"
90,322,14,"<p style=""color:rgb(150, 250, 100); font-size: 35px;"">别人的</p>","other","moral","别人的",4,907,907,"e","true",NA,NA,NA,NA,"phase_015_subj_18"
91,322,14,"<p style=""color:white; font-size: 35px;"">诚信</p>","positive","moral","诚信",4,539,539,"e","true",NA,NA,NA,NA,"phase_015_subj_18"
92,322,14,"<p style=""color:rgb(150, 250, 100); font-size: 35px;"">本人的</p>","self","moral","本人的",4,610,610,"i","true",NA,NA,NA,NA,"phase_015_subj_18"
93,322,14,"<p style=""color:white; font-size: 35px;"">小人</p>","negative","moral","小人",4,550,550,"i","true",NA,NA,NA,NA,"phase_015_subj_18"
94,322,14,"<p style=""color:rgb(150, 250, 100); font-size: 35px;"">我</p>","self","moral","我",4,498,498,"i","true",NA,NA,NA,NA,"phase_015_subj_18"
95,322,14,"<p style=""color:white; font-size: 35px;"">缺德</p>","negative","moral","缺德",4,493,493,"i","true",NA,NA,NA,NA,"phase_015_subj_18"
96,322,14,"<p style=""color:rgb(150, 250, 100); font-size: 35px;"">他的</p>","other","moral","他的",4,663,663,"e","true",NA,NA,NA,NA,"phase_015_subj_18"
97,322,14,"<p style=""color:white; font-size: 35px;"">善良</p>","positive","moral","善良",4,443,443,"e","true",NA,NA,NA,NA,"phase_015_subj_18"
98,322,15,"<p style=""color:rgb(150, 250, 100); font-size: 35px;"">他的</p>","other","moral","他的",5,601,601,"i","true",NA,NA,NA,NA,"phase_015_subj_18"
99,322,15,"<p style=""color:rgb(150, 250, 100); font-size: 35px;"">我的</p>","self","moral","我的",5,542,542,"e","true",NA,NA,NA,NA,"phase_015_subj_18"
100,322,15,"<p style=""color:rgb(150, 250, 100); font-size: 35px;"">自己的</p>","self","moral","自己的",5,602,602,"e","true",NA,NA,NA,NA,"phase_015_subj_18"
101,322,15,"<p style=""color:rgb(150, 250, 100); font-size: 35px;"">本人</p>","self","moral","本人",5,493,493,"e","true",NA,NA,NA,NA,"phase_015_subj_18"
102,322,15,"<p style=""color:rgb(150, 250, 100); font-size: 35px;"">他的</p>","other","moral","他的",5,516,516,"i","true",NA,NA,NA,NA,"phase_015_subj_18"
103,322,15,"<p style=""color:rgb(150, 250, 100); font-size: 35px;"">他人的</p>","other","moral","他人的",5,547,547,"i","true",NA,NA,NA,NA,"phase_015_subj_18"
104,322,15,"<p style=""color:rgb(150, 250, 100); font-size: 35px;"">别人的</p>","other","moral","别人的",5,524,524,"i","true",NA,NA,NA,NA,"phase_015_subj_18"
105,322,15,"<p style=""color:rgb(150, 250, 100); font-size: 35px;"">别人</p>","other","moral","别人",5,451,451,"i","true",NA,NA,NA,NA,"phase_015_subj_18"
106,322,15,"<p style=""color:rgb(150, 250, 100); font-size: 35px;"">本人的</p>","self","moral","本人的",5,568,568,"e","true",NA,NA,NA,NA,"phase_015_subj_18"
107,322,15,"<p style=""color:rgb(150, 250, 100); font-size: 35px;"">自己</p>","self","moral","自己",5,416,416,"e","true",NA,NA,NA,NA,"phase_015_subj_18"
108,322,15,"<p style=""color:rgb(150, 250, 100); font-size: 35px;"">本人的</p>","self","moral","本人的",5,466,466,"e","true",NA,NA,NA,NA,"phase_015_subj_18"
109,322,15,"<p style=""color:rgb(150, 250, 100); font-size: 35px;"">别人</p>","other","moral","别人",5,461,461,"i","true",NA,NA,NA,NA,"phase_015_subj_18"
110,322,15,"<p style=""color:rgb(150, 250, 100); font-size: 35px;"">他人的</p>","other","moral","他人的",5,547,547,"i","true",NA,NA,NA,NA,"phase_015_subj_18"
111,322,15,"<p style=""color:rgb(150, 250, 100); font-size: 35px;"">我的</p>","self","moral","我的",5,479,479,"e","true",NA,NA,NA,NA,"phase_015_subj_18"
112,322,15,"<p style=""color:rgb(150, 250, 100); font-size: 35px;"">本人</p>","self","moral","本人",5,745,745,"e","true",NA,NA,NA,NA,"phase_015_subj_18"
113,322,15,"<p style=""color:rgb(150, 250, 100); font-size: 35px;"">自己的</p>","self","moral","自己的",5,500,500,"e","true",NA,NA,NA,NA,"phase_015_subj_18"
114,322,15,"<p style=""color:rgb(150, 250, 100); font-size: 35px;"">他人</p>","other","moral","他人",5,378,378,"i","true",NA,NA,NA,NA,"phase_015_subj_18"
115,322,15,"<p style=""color:rgb(150, 250, 100); font-size: 35px;"">我</p>","self","moral","我",5,593,593,"e","true",NA,NA,NA,NA,"phase_015_subj_18"
116,322,15,"<p style=""color:rgb(150, 250, 100); font-size: 35px;"">他</p>","other","moral","他",5,480,480,"i","true",NA,NA,NA,NA,"phase_015_subj_18"
117,322,15,"<p style=""color:rgb(150, 250, 100); font-size: 35px;"">自己</p>","self","moral","自己",5,612,612,"e","true",NA,NA,NA,NA,"phase_015_subj_18"
118,322,15,"<p style=""color:rgb(150, 250, 100); font-size: 35px;"">别人的</p>","other","moral","别人的",5,825,825,"i","true",NA,NA,NA,NA,"phase_015_subj_18"
119,322,15,"<p style=""color:rgb(150, 250, 100); font-size: 35px;"">我</p>","self","moral","我",5,443,443,"e","true",NA,NA,NA,NA,"phase_015_subj_18"
120,322,15,"<p style=""color:rgb(150, 250, 100); font-size: 35px;"">他人</p>","other","moral","他人",5,499,499,"i","true",NA,NA,NA,NA,"phase_015_subj_18"
121,322,15,"<p style=""color:rgb(150, 250, 100); font-size: 35px;"">他</p>","other","moral","他",5,570,570,"i","true",NA,NA,NA,NA,"phase_015_subj_18"
122,322,16,"<p style=""color:white; font-size: 35px;"">廉正</p>","positive","moral","廉正",6,574,574,"e","true",NA,NA,NA,NA,"phase_015_subj_18"
123,322,16,"<p style=""color:rgb(150, 250, 100); font-size: 35px;"">他的</p>","other","moral","他的",6,479,479,"i","true",NA,NA,NA,NA,"phase_015_subj_18"
124,322,16,"<p style=""color:white; font-size: 35px;"">不孝</p>","negative","moral","不孝",6,522,522,"i","true",NA,NA,NA,NA,"phase_015_subj_18"
125,322,16,"<p style=""color:rgb(150, 250, 100); font-size: 35px;"">本人的</p>","self","moral","本人的",6,509,509,"e","true",NA,NA,NA,NA,"phase_015_subj_18"
126,322,16,"<p style=""color:white; font-size: 35px;"">善良</p>","positive","moral","善良",6,456,456,"e","true",NA,NA,NA,NA,"phase_015_subj_18"
127,322,16,"<p style=""color:rgb(150, 250, 100); font-size: 35px;"">别人</p>","other","moral","别人",6,506,506,"i","true",NA,NA,NA,NA,"phase_015_subj_18"
128,322,16,"<p style=""color:white; font-size: 35px;"">不仁</p>","negative","moral","不仁",6,494,494,"i","true",NA,NA,NA,NA,"phase_015_subj_18"
129,322,16,"<p style=""color:rgb(150, 250, 100); font-size: 35px;"">我的</p>","self","moral","我的",6,426,426,"e","true",NA,NA,NA,NA,"phase_015_subj_18"
130,322,16,"<p style=""color:white; font-size: 35px;"">缺德</p>","negative","moral","缺德",6,491,491,"i","true",NA,NA,NA,NA,"phase_015_subj_18"
131,322,16,"<p style=""color:rgb(150, 250, 100); font-size: 35px;"">本人</p>","self","moral","本人",6,533,533,"e","true",NA,NA,NA,NA,"phase_015_subj_18"
132,322,16,"<p style=""color:white; font-size: 35px;"">正直</p>","positive","moral","正直",6,539,539,"e","true",NA,NA,NA,NA,"phase_015_subj_18"
133,322,16,"<p style=""color:rgb(150, 250, 100); font-size: 35px;"">别人的</p>","other","moral","别人的",6,492,492,"i","true",NA,NA,NA,NA,"phase_015_subj_18"
134,322,16,"<p style=""color:white; font-size: 35px;"">卑鄙</p>","negative","moral","卑鄙",6,512,512,"i","true",NA,NA,NA,NA,"phase_015_subj_18"
135,322,16,"<p style=""color:rgb(150, 250, 100); font-size: 35px;"">他人</p>","other","moral","他人",6,517,517,"i","true",NA,NA,NA,NA,"phase_015_subj_18"
136,322,16,"<p style=""color:white; font-size: 35px;"">高尚</p>","positive","moral","高尚",6,533,533,"e","true",NA,NA,NA,NA,"phase_015_subj_18"
137,322,16,"<p style=""color:rgb(150, 250, 100); font-size: 35px;"">我</p>","self","moral","我",6,519,519,"e","true",NA,NA,NA,NA,"phase_015_subj_18"
138,322,16,"<p style=""color:white; font-size: 35px;"">黑心</p>","negative","moral","黑心",6,543,543,"i","true",NA,NA,NA,NA,"phase_015_subj_18"
139,322,16,"<p style=""color:rgb(150, 250, 100); font-size: 35px;"">他</p>","other","moral","他",6,551,551,"i","true",NA,NA,NA,NA,"phase_015_subj_18"
140,322,16,"<p style=""color:white; font-size: 35px;"">君子</p>","positive","moral","君子",6,592,592,"e","true",NA,NA,NA,NA,"phase_015_subj_18"
141,322,16,"<p style=""color:rgb(150, 250, 100); font-size: 35px;"">自己的</p>","self","moral","自己的",6,511,511,"e","true",NA,NA,NA,NA,"phase_015_subj_18"
142,322,16,"<p style=""color:white; font-size: 35px;"">小人</p>","negative","moral","小人",6,491,491,"i","true",NA,NA,NA,NA,"phase_015_subj_18"
143,322,16,"<p style=""color:rgb(150, 250, 100); font-size: 35px;"">自己</p>","self","moral","自己",6,507,507,"e","true",NA,NA,NA,NA,"phase_015_subj_18"
144,322,16,"<p style=""color:white; font-size: 35px;"">诚信</p>","positive","moral","诚信",6,563,563,"e","true",NA,NA,NA,NA,"phase_015_subj_18"
145,322,16,"<p style=""color:rgb(150, 250, 100); font-size: 35px;"">他人的</p>","other","moral","他人的",6,500,500,"i","true",NA,NA,NA,NA,"phase_015_subj_18"
146,322,17,"<p style=""color:white; font-size: 35px;"">不孝</p>","negative","moral","不孝",7,792,792,"i","true",NA,NA,NA,NA,"phase_015_subj_18"
147,322,17,"<p style=""color:rgb(150, 250, 100); font-size: 35px;"">他的</p>","other","moral","他的",7,445,445,"i","true",NA,NA,NA,NA,"phase_015_subj_18"
148,322,17,"<p style=""color:white; font-size: 35px;"">君子</p>","positive","moral","君子",7,726,726,"e","true",NA,NA,NA,NA,"phase_015_subj_18"
149,322,17,"<p style=""color:rgb(150, 250, 100); font-size: 35px;"">自己的</p>","self","moral","自己的",7,415,415,"e","true",NA,NA,NA,NA,"phase_015_subj_18"
150,322,17,"<p style=""color:white; font-size: 35px;"">缺德</p>","negative","moral","缺德",7,451,451,"i","true",NA,NA,NA,NA,"phase_015_subj_18"
151,322,17,"<p style=""color:rgb(150, 250, 100); font-size: 35px;"">他人的</p>","other","moral","他人的",7,478,478,"i","true",NA,NA,NA,NA,"phase_015_subj_18"
152,322,17,"<p style=""color:white; font-size: 35px;"">廉正</p>","positive","moral","廉正",7,481,481,"e","true",NA,NA,NA,NA,"phase_015_subj_18"
153,322,17,"<p style=""color:rgb(150, 250, 100); font-size: 35px;"">我的</p>","self","moral","我的",7,377,377,"e","true",NA,NA,NA,NA,"phase_015_subj_18"
154,322,17,"<p style=""color:white; font-size: 35px;"">高尚</p>","positive","moral","高尚",7,425,425,"e","true",NA,NA,NA,NA,"phase_015_subj_18"
155,322,17,"<p style=""color:rgb(150, 250, 100); font-size: 35px;"">本人的</p>","self","moral","本人的",7,575,575,"e","true",NA,NA,NA,NA,"phase_015_subj_18"
156,322,17,"<p style=""color:white; font-size: 35px;"">不仁</p>","negative","moral","不仁",7,554,554,"i","true",NA,NA,NA,NA,"phase_015_subj_18"
157,322,17,"<p style=""color:rgb(150, 250, 100); font-size: 35px;"">他的</p>","other","moral","他的",7,378,378,"i","true",NA,NA,NA,NA,"phase_015_subj_18"
158,322,17,"<p style=""color:white; font-size: 35px;"">高尚</p>","positive","moral","高尚",7,473,473,"e","true",NA,NA,NA,NA,"phase_015_subj_18"
159,322,17,"<p style=""color:rgb(150, 250, 100); font-size: 35px;"">我</p>","self","moral","我",7,467,467,"e","true",NA,NA,NA,NA,"phase_015_subj_18"
160,322,17,"<p style=""color:white; font-size: 35px;"">卑鄙</p>","negative","moral","卑鄙",7,464,464,"i","true",NA,NA,NA,NA,"phase_015_subj_18"
161,322,17,"<p style=""color:rgb(150, 250, 100); font-size: 35px;"">别人</p>","other","moral","别人",7,430,430,"i","true",NA,NA,NA,NA,"phase_015_subj_18"
162,322,17,"<p style=""color:white; font-size: 35px;"">诚信</p>","positive","moral","诚信",7,519,519,"e","true",NA,NA,NA,NA,"phase_015_subj_18"
163,322,17,"<p style=""color:rgb(150, 250, 100); font-size: 35px;"">他</p>","other","moral","他",7,661,661,"i","true",NA,NA,NA,NA,"phase_015_subj_18"
164,322,17,"<p style=""color:white; font-size: 35px;"">缺德</p>","negative","moral","缺德",7,468,468,"i","true",NA,NA,NA,NA,"phase_015_subj_18"
165,322,17,"<p style=""color:rgb(150, 250, 100); font-size: 35px;"">我</p>","self","moral","我",7,461,461,"e","true",NA,NA,NA,NA,"phase_015_subj_18"
166,322,17,"<p style=""color:white; font-size: 35px;"">小人</p>","negative","moral","小人",7,465,465,"i","true",NA,NA,NA,NA,"phase_015_subj_18"
167,322,17,"<p style=""color:rgb(150, 250, 100); font-size: 35px;"">他人的</p>","other","moral","他人的",7,559,559,"i","true",NA,NA,NA,NA,"phase_015_subj_18"
168,322,17,"<p style=""color:white; font-size: 35px;"">正直</p>","positive","moral","正直",7,723,723,"e","true",NA,NA,NA,NA,"phase_015_subj_18"
169,322,17,"<p style=""color:rgb(150, 250, 100); font-size: 35px;"">我的</p>","self","moral","我的",7,492,492,"e","true",NA,NA,NA,NA,"phase_015_subj_18"
170,322,17,"<p style=""color:white; font-size: 35px;"">君子</p>","positive","moral","君子",7,423,423,"e","true",NA,NA,NA,NA,"phase_015_subj_18"
171,322,17,"<p style=""color:rgb(150, 250, 100); font-size: 35px;"">自己</p>","self","moral","自己",7,468,1097.4347826087,"i","false",NA,NA,NA,NA,"phase_015_subj_18"
172,322,17,"<p style=""color:white; font-size: 35px;"">卑鄙</p>","negative","moral","卑鄙",7,473,473,"i","true",NA,NA,NA,NA,"phase_015_subj_18"
173,322,17,"<p style=""color:rgb(150, 250, 100); font-size: 35px;"">他</p>","other","moral","他",7,534,534,"i","true",NA,NA,NA,NA,"phase_015_subj_18"
174,322,17,"<p style=""color:white; font-size: 35px;"">不孝</p>","negative","moral","不孝",7,524,524,"i","true",NA,NA,NA,NA,"phase_015_subj_18"
175,322,17,"<p style=""color:rgb(150, 250, 100); font-size: 35px;"">他人</p>","other","moral","他人",7,339,339,"i","true",NA,NA,NA,NA,"phase_015_subj_18"
176,322,17,"<p style=""color:white; font-size: 35px;"">善良</p>","positive","moral","善良",7,477,477,"e","true",NA,NA,NA,NA,"phase_015_subj_18"
177,322,17,"<p style=""color:rgb(150, 250, 100); font-size: 35px;"">自己的</p>","self","moral","自己的",7,391,391,"e","true",NA,NA,NA,NA,"phase_015_subj_18"
178,322,17,"<p style=""color:white; font-size: 35px;"">正直</p>","positive","moral","正直",7,356,356,"e","true",NA,NA,NA,NA,"phase_015_subj_18"
179,322,17,"<p style=""color:rgb(150, 250, 100); font-size: 35px;"">他人</p>","other","moral","他人",7,454,454,"i","true",NA,NA,NA,NA,"phase_015_subj_18"
180,322,17,"<p style=""color:white; font-size: 35px;"">黑心</p>","negative","moral","黑心",7,430,430,"i","true",NA,NA,NA,NA,"phase_015_subj_18"
181,322,17,"<p style=""color:rgb(150, 250, 100); font-size: 35px;"">自己</p>","self","moral","自己",7,463,463,"e","true",NA,NA,NA,NA,"phase_015_subj_18"
182,322,17,"<p style=""color:white; font-size: 35px;"">不仁</p>","negative","moral","不仁",7,680,680,"i","true",NA,NA,NA,NA,"phase_015_subj_18"
183,322,17,"<p style=""color:rgb(150, 250, 100); font-size: 35px;"">别人的</p>","other","moral","别人的",7,640,640,"i","true",NA,NA,NA,NA,"phase_015_subj_18"
184,322,17,"<p style=""color:white; font-size: 35px;"">诚信</p>","positive","moral","诚信",7,468,468,"e","true",NA,NA,NA,NA,"phase_015_subj_18"
185,322,17,"<p style=""color:rgb(150, 250, 100); font-size: 35px;"">本人的</p>","self","moral","本人的",7,383,383,"e","true",NA,NA,NA,NA,"phase_015_subj_18"
186,322,17,"<p style=""color:white; font-size: 35px;"">善良</p>","positive","moral","善良",7,357,357,"e","true",NA,NA,NA,NA,"phase_015_subj_18"
187,322,17,"<p style=""color:rgb(150, 250, 100); font-size: 35px;"">本人</p>","self","moral","本人",7,439,439,"e","true",NA,NA,NA,NA,"phase_015_subj_18"
188,322,17,"<p style=""color:white; font-size: 35px;"">小人</p>","negative","moral","小人",7,568,568,"i","true",NA,NA,NA,NA,"phase_015_subj_18"
189,322,17,"<p style=""color:rgb(150, 250, 100); font-size: 35px;"">别人的</p>","other","moral","别人的",7,442,1097.4347826087,"e","false",NA,NA,NA,NA,"phase_015_subj_18"
190,322,17,"<p style=""color:white; font-size: 35px;"">黑心</p>","negative","moral","黑心",7,650,650,"i","true",NA,NA,NA,NA,"phase_015_subj_18"
191,322,17,"<p style=""color:rgb(150, 250, 100); font-size: 35px;"">别人</p>","other","moral","别人",7,515,515,"i","true",NA,NA,NA,NA,"phase_015_subj_18"
192,322,17,"<p style=""color:white; font-size: 35px;"">廉正</p>","positive","moral","廉正",7,536,536,"e","true",NA,NA,NA,NA,"phase_015_subj_18"
193,322,17,"<p style=""color:rgb(150, 250, 100); font-size: 35px;"">本人</p>","self","moral","本人",7,503,503,"e","true",NA,NA,NA,NA,"phase_015_subj_18"
194,322,NA,"
    <h3>词语分类任务</h3>
    <p>在接下来的任务中，你需要对一系列词语进行分类。</p>
    <p>请先熟悉这些词语，这有利于你完成接下来的任务。</p>
    <table align=""center"" border=1 cellpadding=3 cellspacing=0>
    <tr> <th>类别</th> <th>词语</th> </tr>
    <tr> <td>&emsp;积极&emsp;</td> <td>&emsp;能干、全能、全才、高效、精干、天才&emsp;</td> </tr>
    <tr> <td>&emsp;消极&emsp;</td> <td>&emsp;无能、低能、废物、拙笨、愚钝、蠢笨&emsp;</td> </tr>
    <tr> <td>&emsp;自我&emsp;</td> <td>&emsp;我、我的、自己、自己的、本人、本人的&emsp;</td> </tr>
    <tr> <td>&emsp;他人&emsp;</td> <td>&emsp;他、他的、别人、别人的、他人、他人的&emsp;</td> </tr>
    </table><br/>","","","",NA,16727,NA,"0","",2,1,NA,NA,"phase_015_subj_18"
195,322,1,"<p style=""color:rgb(150, 250, 100); font-size: 35px;"">他的</p>","other","ability","他的",1,594,594,"i","true",NA,NA,NA,NA,"phase_015_subj_18"
196,322,1,"<p style=""color:rgb(150, 250, 100); font-size: 35px;"">他人</p>","other","ability","他人",1,438,438,"i","true",NA,NA,NA,NA,"phase_015_subj_18"
197,322,1,"<p style=""color:rgb(150, 250, 100); font-size: 35px;"">本人的</p>","self","ability","本人的",1,524,524,"e","true",NA,NA,NA,NA,"phase_015_subj_18"
198,322,1,"<p style=""color:rgb(150, 250, 100); font-size: 35px;"">别人的</p>","other","ability","别人的",1,593,593,"i","true",NA,NA,NA,NA,"phase_015_subj_18"
199,322,1,"<p style=""color:rgb(150, 250, 100); font-size: 35px;"">他人的</p>","other","ability","他人的",1,469,469,"i","true",NA,NA,NA,NA,"phase_015_subj_18"
200,322,1,"<p style=""color:rgb(150, 250, 100); font-size: 35px;"">自己</p>","self","ability","自己",1,417,417,"e","true",NA,NA,NA,NA,"phase_015_subj_18"
201,322,1,"<p style=""color:rgb(150, 250, 100); font-size: 35px;"">我</p>","self","ability","我",1,408,408,"e","true",NA,NA,NA,NA,"phase_015_subj_18"
202,322,1,"<p style=""color:rgb(150, 250, 100); font-size: 35px;"">别人</p>","other","ability","别人",1,483,483,"i","true",NA,NA,NA,NA,"phase_015_subj_18"
203,322,1,"<p style=""color:rgb(150, 250, 100); font-size: 35px;"">自己的</p>","self","ability","自己的",1,444,444,"e","true",NA,NA,NA,NA,"phase_015_subj_18"
204,322,1,"<p style=""color:rgb(150, 250, 100); font-size: 35px;"">本人</p>","self","ability","本人",1,448,448,"e","true",NA,NA,NA,NA,"phase_015_subj_18"
205,322,1,"<p style=""color:rgb(150, 250, 100); font-size: 35px;"">我的</p>","self","ability","我的",1,424,424,"e","true",NA,NA,NA,NA,"phase_015_subj_18"
206,322,1,"<p style=""color:rgb(150, 250, 100); font-size: 35px;"">他</p>","other","ability","他",1,437,437,"i","true",NA,NA,NA,NA,"phase_015_subj_18"
207,322,2,"<p style=""color:white; font-size: 35px;"">精干</p>","positive","ability","精干",2,1171,1171,"i","true",NA,NA,NA,NA,"phase_015_subj_18"
208,322,2,"<p style=""color:white; font-size: 35px;"">全才</p>","positive","ability","全才",2,466,466,"i","true",NA,NA,NA,NA,"phase_015_subj_18"
209,322,2,"<p style=""color:white; font-size: 35px;"">蠢笨</p>","negative","ability","蠢笨",2,527,527,"e","true",NA,NA,NA,NA,"phase_015_subj_18"
210,322,2,"<p style=""color:white; font-size: 35px;"">全能</p>","positive","ability","全能",2,545,545,"i","true",NA,NA,NA,NA,"phase_015_subj_18"
211,322,2,"<p style=""color:white; font-size: 35px;"">天才</p>","positive","ability","天才",2,544,544,"i","true",NA,NA,NA,NA,"phase_015_subj_18"
212,322,2,"<p style=""color:white; font-size: 35px;"">愚钝</p>","negative","ability","愚钝",2,446,446,"e","true",NA,NA,NA,NA,"phase_015_subj_18"
213,322,2,"<p style=""color:white; font-size: 35px;"">高效</p>","positive","ability","高效",2,654,654,"i","true",NA,NA,NA,NA,"phase_015_subj_18"
214,322,2,"<p style=""color:white; font-size: 35px;"">拙笨</p>","negative","ability","拙笨",2,482,482,"e","true",NA,NA,NA,NA,"phase_015_subj_18"
215,322,2,"<p style=""color:white; font-size: 35px;"">低能</p>","negative","ability","低能",2,536,536,"e","true",NA,NA,NA,NA,"phase_015_subj_18"
216,322,2,"<p style=""color:white; font-size: 35px;"">无能</p>","negative","ability","无能",2,476,476,"e","true",NA,NA,NA,NA,"phase_015_subj_18"
217,322,2,"<p style=""color:white; font-size: 35px;"">废物</p>","negative","ability","废物",2,481,481,"e","true",NA,NA,NA,NA,"phase_015_subj_18"
218,322,2,"<p style=""color:white; font-size: 35px;"">能干</p>","positive","ability","能干",2,518,518,"i","true",NA,NA,NA,NA,"phase_015_subj_18"
219,322,3,"<p style=""color:rgb(150, 250, 100); font-size: 35px;"">别人的</p>","other","ability","别人的",3,1090,1090,"i","true",NA,NA,NA,NA,"phase_015_subj_18"
220,322,3,"<p style=""color:white; font-size: 35px;"">天才</p>","positive","ability","天才",3,453,453,"i","true",NA,NA,NA,NA,"phase_015_subj_18"
221,322,3,"<p style=""color:rgb(150, 250, 100); font-size: 35px;"">自己</p>","self","ability","自己",3,603,603,"e","true",NA,NA,NA,NA,"phase_015_subj_18"
222,322,3,"<p style=""color:white; font-size: 35px;"">无能</p>","negative","ability","无能",3,439,439,"e","true",NA,NA,NA,NA,"phase_015_subj_18"
223,322,3,"<p style=""color:rgb(150, 250, 100); font-size: 35px;"">他人</p>","other","ability","他人",3,865,865,"i","true",NA,NA,NA,NA,"phase_015_subj_18"
224,322,3,"<p style=""color:white; font-size: 35px;"">蠢笨</p>","negative","ability","蠢笨",3,538,538,"e","true",NA,NA,NA,NA,"phase_015_subj_18"
225,322,3,"<p style=""color:rgb(150, 250, 100); font-size: 35px;"">自己的</p>","self","ability","自己的",3,1200,1200,"e","true",NA,NA,NA,NA,"phase_015_subj_18"
226,322,3,"<p style=""color:white; font-size: 35px;"">全才</p>","positive","ability","全才",3,661,661,"i","true",NA,NA,NA,NA,"phase_015_subj_18"
227,322,3,"<p style=""color:rgb(150, 250, 100); font-size: 35px;"">我的</p>","self","ability","我的",3,705,705,"e","true",NA,NA,NA,NA,"phase_015_subj_18"
228,322,3,"<p style=""color:white; font-size: 35px;"">全能</p>","positive","ability","全能",3,682,682,"i","true",NA,NA,NA,NA,"phase_015_subj_18"
229,322,3,"<p style=""color:rgb(150, 250, 100); font-size: 35px;"">他</p>","other","ability","他",3,617,617,"i","true",NA,NA,NA,NA,"phase_015_subj_18"
230,322,3,"<p style=""color:white; font-size: 35px;"">拙笨</p>","negative","ability","拙笨",3,564,564,"e","true",NA,NA,NA,NA,"phase_015_subj_18"
231,322,3,"<p style=""color:rgb(150, 250, 100); font-size: 35px;"">我</p>","self","ability","我",3,592,592,"e","true",NA,NA,NA,NA,"phase_015_subj_18"
232,322,3,"<p style=""color:white; font-size: 35px;"">愚钝</p>","negative","ability","愚钝",3,624,624,"e","true",NA,NA,NA,NA,"phase_015_subj_18"
233,322,3,"<p style=""color:rgb(150, 250, 100); font-size: 35px;"">他的</p>","other","ability","他的",3,597,597,"i","true",NA,NA,NA,NA,"phase_015_subj_18"
234,322,3,"<p style=""color:white; font-size: 35px;"">高效</p>","positive","ability","高效",3,603,603,"i","true",NA,NA,NA,NA,"phase_015_subj_18"
235,322,3,"<p style=""color:rgb(150, 250, 100); font-size: 35px;"">他人的</p>","other","ability","他人的",3,468,468,"i","true",NA,NA,NA,NA,"phase_015_subj_18"
236,322,3,"<p style=""color:white; font-size: 35px;"">能干</p>","positive","ability","能干",3,414,414,"i","true",NA,NA,NA,NA,"phase_015_subj_18"
237,322,3,"<p style=""color:rgb(150, 250, 100); font-size: 35px;"">本人的</p>","self","ability","本人的",3,373,1244.21739130435,"i","false",NA,NA,NA,NA,"phase_015_subj_18"
238,322,3,"<p style=""color:white; font-size: 35px;"">废物</p>","negative","ability","废物",3,628,628,"e","true",NA,NA,NA,NA,"phase_015_subj_18"
239,322,3,"<p style=""color:rgb(150, 250, 100); font-size: 35px;"">别人</p>","other","ability","别人",3,530,530,"i","true",NA,NA,NA,NA,"phase_015_subj_18"
240,322,3,"<p style=""color:white; font-size: 35px;"">低能</p>","negative","ability","低能",3,637,637,"e","true",NA,NA,NA,NA,"phase_015_subj_18"
241,322,3,"<p style=""color:rgb(150, 250, 100); font-size: 35px;"">本人</p>","self","ability","本人",3,765,765,"e","true",NA,NA,NA,NA,"phase_015_subj_18"
242,322,3,"<p style=""color:white; font-size: 35px;"">精干</p>","positive","ability","精干",3,542,542,"i","true",NA,NA,NA,NA,"phase_015_subj_18"
243,322,4,"<p style=""color:rgb(150, 250, 100); font-size: 35px;"">他人的</p>","other","ability","他人的",4,814,814,"i","true",NA,NA,NA,NA,"phase_015_subj_18"
244,322,4,"<p style=""color:white; font-size: 35px;"">废物</p>","negative","ability","废物",4,913,913,"e","true",NA,NA,NA,NA,"phase_015_subj_18"
245,322,4,"<p style=""color:rgb(150, 250, 100); font-size: 35px;"">本人的</p>","self","ability","本人的",4,933,933,"e","true",NA,NA,NA,NA,"phase_015_subj_18"
246,322,4,"<p style=""color:white; font-size: 35px;"">全才</p>","positive","ability","全才",4,578,578,"i","true",NA,NA,NA,NA,"phase_015_subj_18"
247,322,4,"<p style=""color:rgb(150, 250, 100); font-size: 35px;"">他的</p>","other","ability","他的",4,492,492,"i","true",NA,NA,NA,NA,"phase_015_subj_18"
248,322,4,"<p style=""color:white; font-size: 35px;"">高效</p>","positive","ability","高效",4,524,524,"i","true",NA,NA,NA,NA,"phase_015_subj_18"
249,322,4,"<p style=""color:rgb(150, 250, 100); font-size: 35px;"">本人的</p>","self","ability","本人的",4,721,721,"e","true",NA,NA,NA,NA,"phase_015_subj_18"
250,322,4,"<p style=""color:white; font-size: 35px;"">愚钝</p>","negative","ability","愚钝",4,446,446,"e","true",NA,NA,NA,NA,"phase_015_subj_18"
251,322,4,"<p style=""color:rgb(150, 250, 100); font-size: 35px;"">别人的</p>","other","ability","别人的",4,636,636,"i","true",NA,NA,NA,NA,"phase_015_subj_18"
252,322,4,"<p style=""color:white; font-size: 35px;"">能干</p>","positive","ability","能干",4,446,446,"i","true",NA,NA,NA,NA,"phase_015_subj_18"
253,322,4,"<p style=""color:rgb(150, 250, 100); font-size: 35px;"">自己</p>","self","ability","自己",4,648,648,"e","true",NA,NA,NA,NA,"phase_015_subj_18"
254,322,4,"<p style=""color:white; font-size: 35px;"">低能</p>","negative","ability","低能",4,560,560,"e","true",NA,NA,NA,NA,"phase_015_subj_18"
255,322,4,"<p style=""color:rgb(150, 250, 100); font-size: 35px;"">他人</p>","other","ability","他人",4,459,459,"i","true",NA,NA,NA,NA,"phase_015_subj_18"
256,322,4,"<p style=""color:white; font-size: 35px;"">愚钝</p>","negative","ability","愚钝",4,508,508,"e","true",NA,NA,NA,NA,"phase_015_subj_18"
257,322,4,"<p style=""color:rgb(150, 250, 100); font-size: 35px;"">我的</p>","self","ability","我的",4,668,668,"e","true",NA,NA,NA,NA,"phase_015_subj_18"
258,322,4,"<p style=""color:white; font-size: 35px;"">能干</p>","positive","ability","能干",4,583,583,"i","true",NA,NA,NA,NA,"phase_015_subj_18"
259,322,4,"<p style=""color:rgb(150, 250, 100); font-size: 35px;"">别人</p>","other","ability","别人",4,498,498,"i","true",NA,NA,NA,NA,"phase_015_subj_18"
260,322,4,"<p style=""color:white; font-size: 35px;"">低能</p>","negative","ability","低能",4,520,520,"e","true",NA,NA,NA,NA,"phase_015_subj_18"
261,322,4,"<p style=""color:rgb(150, 250, 100); font-size: 35px;"">自己</p>","self","ability","自己",4,419,419,"e","true",NA,NA,NA,NA,"phase_015_subj_18"
262,322,4,"<p style=""color:white; font-size: 35px;"">精干</p>","positive","ability","精干",4,521,521,"i","true",NA,NA,NA,NA,"phase_015_subj_18"
263,322,4,"<p style=""color:rgb(150, 250, 100); font-size: 35px;"">他人的</p>","other","ability","他人的",4,381,381,"i","true",NA,NA,NA,NA,"phase_015_subj_18"
264,322,4,"<p style=""color:white; font-size: 35px;"">废物</p>","negative","ability","废物",4,494,494,"e","true",NA,NA,NA,NA,"phase_015_subj_18"
265,322,4,"<p style=""color:rgb(150, 250, 100); font-size: 35px;"">本人</p>","self","ability","本人",4,415,415,"e","true",NA,NA,NA,NA,"phase_015_subj_18"
266,322,4,"<p style=""color:white; font-size: 35px;"">天才</p>","positive","ability","天才",4,477,477,"i","true",NA,NA,NA,NA,"phase_015_subj_18"
267,322,4,"<p style=""color:rgb(150, 250, 100); font-size: 35px;"">本人</p>","self","ability","本人",4,622,622,"e","true",NA,NA,NA,NA,"phase_015_subj_18"
268,322,4,"<p style=""color:white; font-size: 35px;"">全能</p>","positive","ability","全能",4,618,618,"i","true",NA,NA,NA,NA,"phase_015_subj_18"
269,322,4,"<p style=""color:rgb(150, 250, 100); font-size: 35px;"">他的</p>","other","ability","他的",4,553,553,"i","true",NA,NA,NA,NA,"phase_015_subj_18"
270,322,4,"<p style=""color:white; font-size: 35px;"">拙笨</p>","negative","ability","拙笨",4,546,546,"e","true",NA,NA,NA,NA,"phase_015_subj_18"
271,322,4,"<p style=""color:rgb(150, 250, 100); font-size: 35px;"">自己的</p>","self","ability","自己的",4,632,632,"e","true",NA,NA,NA,NA,"phase_015_subj_18"
272,322,4,"<p style=""color:white; font-size: 35px;"">精干</p>","positive","ability","精干",4,496,496,"i","true",NA,NA,NA,NA,"phase_015_subj_18"
273,322,4,"<p style=""color:rgb(150, 250, 100); font-size: 35px;"">别人</p>","other","ability","别人",4,715,715,"i","true",NA,NA,NA,NA,"phase_015_subj_18"
274,322,4,"<p style=""color:white; font-size: 35px;"">蠢笨</p>","negative","ability","蠢笨",4,504,504,"e","true",NA,NA,NA,NA,"phase_015_subj_18"
275,322,4,"<p style=""color:rgb(150, 250, 100); font-size: 35px;"">我</p>","self","ability","我",4,357,357,"e","true",NA,NA,NA,NA,"phase_015_subj_18"
276,322,4,"<p style=""color:white; font-size: 35px;"">全能</p>","positive","ability","全能",4,462,462,"i","true",NA,NA,NA,NA,"phase_015_subj_18"
277,322,4,"<p style=""color:rgb(150, 250, 100); font-size: 35px;"">他人</p>","other","ability","他人",4,367,367,"i","true",NA,NA,NA,NA,"phase_015_subj_18"
278,322,4,"<p style=""color:white; font-size: 35px;"">拙笨</p>","negative","ability","拙笨",4,428,428,"e","true",NA,NA,NA,NA,"phase_015_subj_18"
279,322,4,"<p style=""color:rgb(150, 250, 100); font-size: 35px;"">他</p>","other","ability","他",4,349,1144.23404255319,"e","false",NA,NA,NA,NA,"phase_015_subj_18"
280,322,4,"<p style=""color:white; font-size: 35px;"">高效</p>","positive","ability","高效",4,629,629,"i","true",NA,NA,NA,NA,"phase_015_subj_18"
281,322,4,"<p style=""color:rgb(150, 250, 100); font-size: 35px;"">我</p>","self","ability","我",4,499,499,"e","true",NA,NA,NA,NA,"phase_015_subj_18"
282,322,4,"<p style=""color:white; font-size: 35px;"">无能</p>","negative","ability","无能",4,420,420,"e","true",NA,NA,NA,NA,"phase_015_subj_18"
283,322,4,"<p style=""color:rgb(150, 250, 100); font-size: 35px;"">他</p>","other","ability","他",4,495,495,"i","true",NA,NA,NA,NA,"phase_015_subj_18"
284,322,4,"<p style=""color:white; font-size: 35px;"">天才</p>","positive","ability","天才",4,384,384,"i","true",NA,NA,NA,NA,"phase_015_subj_18"
285,322,4,"<p style=""color:rgb(150, 250, 100); font-size: 35px;"">自己的</p>","self","ability","自己的",4,452,452,"e","true",NA,NA,NA,NA,"phase_015_subj_18"
286,322,4,"<p style=""color:white; font-size: 35px;"">无能</p>","negative","ability","无能",4,575,575,"e","true",NA,NA,NA,NA,"phase_015_subj_18"
287,322,4,"<p style=""color:rgb(150, 250, 100); font-size: 35px;"">我的</p>","self","ability","我的",4,578,578,"e","true",NA,NA,NA,NA,"phase_015_subj_18"
288,322,4,"<p style=""color:white; font-size: 35px;"">全才</p>","positive","ability","全才",4,546,546,"i","true",NA,NA,NA,NA,"phase_015_subj_18"
289,322,4,"<p style=""color:rgb(150, 250, 100); font-size: 35px;"">别人的</p>","other","ability","别人的",4,538,538,"i","true",NA,NA,NA,NA,"phase_015_subj_18"
290,322,4,"<p style=""color:white; font-size: 35px;"">蠢笨</p>","negative","ability","蠢笨",4,509,509,"e","true",NA,NA,NA,NA,"phase_015_subj_18"
291,322,5,"<p style=""color:rgb(150, 250, 100); font-size: 35px;"">本人的</p>","self","ability","本人的",5,914,914,"i","true",NA,NA,NA,NA,"phase_015_subj_18"
292,322,5,"<p style=""color:rgb(150, 250, 100); font-size: 35px;"">自己的</p>","self","ability","自己的",5,476,476,"i","true",NA,NA,NA,NA,"phase_015_subj_18"
293,322,5,"<p style=""color:rgb(150, 250, 100); font-size: 35px;"">他人</p>","other","ability","他人",5,516,516,"e","true",NA,NA,NA,NA,"phase_015_subj_18"
294,322,5,"<p style=""color:rgb(150, 250, 100); font-size: 35px;"">他的</p>","other","ability","他的",5,397,397,"e","true",NA,NA,NA,NA,"phase_015_subj_18"
295,322,5,"<p style=""color:rgb(150, 250, 100); font-size: 35px;"">我的</p>","self","ability","我的",5,486,486,"i","true",NA,NA,NA,NA,"phase_015_subj_18"
296,322,5,"<p style=""color:rgb(150, 250, 100); font-size: 35px;"">自己</p>","self","ability","自己",5,417,417,"i","true",NA,NA,NA,NA,"phase_015_subj_18"
297,322,5,"<p style=""color:rgb(150, 250, 100); font-size: 35px;"">他的</p>","other","ability","他的",5,351,351,"e","true",NA,NA,NA,NA,"phase_015_subj_18"
298,322,5,"<p style=""color:rgb(150, 250, 100); font-size: 35px;"">别人的</p>","other","ability","别人的",5,476,476,"e","true",NA,NA,NA,NA,"phase_015_subj_18"
299,322,5,"<p style=""color:rgb(150, 250, 100); font-size: 35px;"">本人的</p>","self","ability","本人的",5,636,636,"i","true",NA,NA,NA,NA,"phase_015_subj_18"
300,322,5,"<p style=""color:rgb(150, 250, 100); font-size: 35px;"">我的</p>","self","ability","我的",5,427,427,"i","true",NA,NA,NA,NA,"phase_015_subj_18"
301,322,5,"<p style=""color:rgb(150, 250, 100); font-size: 35px;"">他人的</p>","other","ability","他人的",5,571,571,"e","true",NA,NA,NA,NA,"phase_015_subj_18"
302,322,5,"<p style=""color:rgb(150, 250, 100); font-size: 35px;"">他人</p>","other","ability","他人",5,417,417,"e","true",NA,NA,NA,NA,"phase_015_subj_18"
303,322,5,"<p style=""color:rgb(150, 250, 100); font-size: 35px;"">别人</p>","other","ability","别人",5,599,599,"e","true",NA,NA,NA,NA,"phase_015_subj_18"
304,322,5,"<p style=""color:rgb(150, 250, 100); font-size: 35px;"">自己</p>","self","ability","自己",5,454,454,"i","true",NA,NA,NA,NA,"phase_015_subj_18"
305,322,5,"<p style=""color:rgb(150, 250, 100); font-size: 35px;"">本人</p>","self","ability","本人",5,440,440,"i","true",NA,NA,NA,NA,"phase_015_subj_18"
306,322,5,"<p style=""color:rgb(150, 250, 100); font-size: 35px;"">别人</p>","other","ability","别人",5,536,536,"e","true",NA,NA,NA,NA,"phase_015_subj_18"
307,322,5,"<p style=""color:rgb(150, 250, 100); font-size: 35px;"">我</p>","self","ability","我",5,520,520,"i","true",NA,NA,NA,NA,"phase_015_subj_18"
308,322,5,"<p style=""color:rgb(150, 250, 100); font-size: 35px;"">他</p>","other","ability","他",5,396,396,"e","true",NA,NA,NA,NA,"phase_015_subj_18"
309,322,5,"<p style=""color:rgb(150, 250, 100); font-size: 35px;"">他人的</p>","other","ability","他人的",5,512,512,"e","true",NA,NA,NA,NA,"phase_015_subj_18"
310,322,5,"<p style=""color:rgb(150, 250, 100); font-size: 35px;"">本人</p>","self","ability","本人",5,474,474,"i","true",NA,NA,NA,NA,"phase_015_subj_18"
311,322,5,"<p style=""color:rgb(150, 250, 100); font-size: 35px;"">他</p>","other","ability","他",5,461,461,"e","true",NA,NA,NA,NA,"phase_015_subj_18"
312,322,5,"<p style=""color:rgb(150, 250, 100); font-size: 35px;"">我</p>","self","ability","我",5,438,438,"i","true",NA,NA,NA,NA,"phase_015_subj_18"
313,322,5,"<p style=""color:rgb(150, 250, 100); font-size: 35px;"">别人的</p>","other","ability","别人的",5,727,727,"e","true",NA,NA,NA,NA,"phase_015_subj_18"
314,322,5,"<p style=""color:rgb(150, 250, 100); font-size: 35px;"">自己的</p>","self","ability","自己的",5,429,429,"i","true",NA,NA,NA,NA,"phase_015_subj_18"
315,322,6,"<p style=""color:white; font-size: 35px;"">愚钝</p>","negative","ability","愚钝",6,469,469,"e","true",NA,NA,NA,NA,"phase_015_subj_18"
316,322,6,"<p style=""color:rgb(150, 250, 100); font-size: 35px;"">自己的</p>","self","ability","自己的",6,489,489,"i","true",NA,NA,NA,NA,"phase_015_subj_18"
317,322,6,"<p style=""color:white; font-size: 35px;"">天才</p>","positive","ability","天才",6,517,517,"i","true",NA,NA,NA,NA,"phase_015_subj_18"
318,322,6,"<p style=""color:rgb(150, 250, 100); font-size: 35px;"">别人的</p>","other","ability","别人的",6,524,524,"e","true",NA,NA,NA,NA,"phase_015_subj_18"
319,322,6,"<p style=""color:white; font-size: 35px;"">蠢笨</p>","negative","ability","蠢笨",6,388,388,"e","true",NA,NA,NA,NA,"phase_015_subj_18"
320,322,6,"<p style=""color:rgb(150, 250, 100); font-size: 35px;"">别人</p>","other","ability","别人",6,369,369,"e","true",NA,NA,NA,NA,"phase_015_subj_18"
321,322,6,"<p style=""color:white; font-size: 35px;"">高效</p>","positive","ability","高效",6,480,480,"i","true",NA,NA,NA,NA,"phase_015_subj_18"
322,322,6,"<p style=""color:rgb(150, 250, 100); font-size: 35px;"">我的</p>","self","ability","我的",6,338,338,"i","true",NA,NA,NA,NA,"phase_015_subj_18"
323,322,6,"<p style=""color:white; font-size: 35px;"">无能</p>","negative","ability","无能",6,510,510,"e","true",NA,NA,NA,NA,"phase_015_subj_18"
324,322,6,"<p style=""color:rgb(150, 250, 100); font-size: 35px;"">自己</p>","self","ability","自己",6,534,534,"i","true",NA,NA,NA,NA,"phase_015_subj_18"
325,322,6,"<p style=""color:white; font-size: 35px;"">能干</p>","positive","ability","能干",6,517,517,"i","true",NA,NA,NA,NA,"phase_015_subj_18"
326,322,6,"<p style=""color:rgb(150, 250, 100); font-size: 35px;"">他人</p>","other","ability","他人",6,413,413,"e","true",NA,NA,NA,NA,"phase_015_subj_18"
327,322,6,"<p style=""color:white; font-size: 35px;"">低能</p>","negative","ability","低能",6,464,464,"e","true",NA,NA,NA,NA,"phase_015_subj_18"
328,322,6,"<p style=""color:rgb(150, 250, 100); font-size: 35px;"">本人</p>","self","ability","本人",6,506,506,"i","true",NA,NA,NA,NA,"phase_015_subj_18"
329,322,6,"<p style=""color:white; font-size: 35px;"">全才</p>","positive","ability","全才",6,383,383,"i","true",NA,NA,NA,NA,"phase_015_subj_18"
330,322,6,"<p style=""color:rgb(150, 250, 100); font-size: 35px;"">他人的</p>","other","ability","他人的",6,400,400,"e","true",NA,NA,NA,NA,"phase_015_subj_18"
331,322,6,"<p style=""color:white; font-size: 35px;"">全能</p>","positive","ability","全能",6,493,493,"i","true",NA,NA,NA,NA,"phase_015_subj_18"
332,322,6,"<p style=""color:rgb(150, 250, 100); font-size: 35px;"">他</p>","other","ability","他",6,507,507,"e","true",NA,NA,NA,NA,"phase_015_subj_18"
333,322,6,"<p style=""color:white; font-size: 35px;"">拙笨</p>","negative","ability","拙笨",6,474,474,"e","true",NA,NA,NA,NA,"phase_015_subj_18"
334,322,6,"<p style=""color:rgb(150, 250, 100); font-size: 35px;"">本人的</p>","self","ability","本人的",6,488,488,"i","true",NA,NA,NA,NA,"phase_015_subj_18"
335,322,6,"<p style=""color:white; font-size: 35px;"">废物</p>","negative","ability","废物",6,509,509,"e","true",NA,NA,NA,NA,"phase_015_subj_18"
336,322,6,"<p style=""color:rgb(150, 250, 100); font-size: 35px;"">我</p>","self","ability","我",6,571,571,"i","true",NA,NA,NA,NA,"phase_015_subj_18"
337,322,6,"<p style=""color:white; font-size: 35px;"">精干</p>","positive","ability","精干",6,831,831,"i","true",NA,NA,NA,NA,"phase_015_subj_18"
338,322,6,"<p style=""color:rgb(150, 250, 100); font-size: 35px;"">他的</p>","other","ability","他的",6,678,678,"e","true",NA,NA,NA,NA,"phase_015_subj_18"
339,322,7,"<p style=""color:white; font-size: 35px;"">天才</p>","positive","ability","天才",7,561,561,"i","true",NA,NA,NA,NA,"phase_015_subj_18"
340,322,7,"<p style=""color:rgb(150, 250, 100); font-size: 35px;"">我的</p>","self","ability","我的",7,418,418,"i","true",NA,NA,NA,NA,"phase_015_subj_18"
341,322,7,"<p style=""color:white; font-size: 35px;"">无能</p>","negative","ability","无能",7,479,479,"e","true",NA,NA,NA,NA,"phase_015_subj_18"
342,322,7,"<p style=""color:rgb(150, 250, 100); font-size: 35px;"">他人的</p>","other","ability","他人的",7,336,336,"e","true",NA,NA,NA,NA,"phase_015_subj_18"
343,322,7,"<p style=""color:white; font-size: 35px;"">低能</p>","negative","ability","低能",7,456,456,"e","true",NA,NA,NA,NA,"phase_015_subj_18"
344,322,7,"<p style=""color:rgb(150, 250, 100); font-size: 35px;"">我的</p>","self","ability","我的",7,456,456,"i","true",NA,NA,NA,NA,"phase_015_subj_18"
345,322,7,"<p style=""color:white; font-size: 35px;"">精干</p>","positive","ability","精干",7,426,426,"i","true",NA,NA,NA,NA,"phase_015_subj_18"
346,322,7,"<p style=""color:rgb(150, 250, 100); font-size: 35px;"">他人</p>","other","ability","他人",7,557,557,"e","true",NA,NA,NA,NA,"phase_015_subj_18"
347,322,7,"<p style=""color:white; font-size: 35px;"">无能</p>","negative","ability","无能",7,1047,1047,"e","true",NA,NA,NA,NA,"phase_015_subj_18"
348,322,7,"<p style=""color:rgb(150, 250, 100); font-size: 35px;"">他人的</p>","other","ability","他人的",7,593,593,"e","true",NA,NA,NA,NA,"phase_015_subj_18"
349,322,7,"<p style=""color:white; font-size: 35px;"">能干</p>","positive","ability","能干",7,872,872,"i","true",NA,NA,NA,NA,"phase_015_subj_18"
350,322,7,"<p style=""color:rgb(150, 250, 100); font-size: 35px;"">我</p>","self","ability","我",7,635,635,"i","true",NA,NA,NA,NA,"phase_015_subj_18"
351,322,7,"<p style=""color:white; font-size: 35px;"">废物</p>","negative","ability","废物",7,641,641,"e","true",NA,NA,NA,NA,"phase_015_subj_18"
352,322,7,"<p style=""color:rgb(150, 250, 100); font-size: 35px;"">自己的</p>","self","ability","自己的",7,497,497,"i","true",NA,NA,NA,NA,"phase_015_subj_18"
353,322,7,"<p style=""color:white; font-size: 35px;"">能干</p>","positive","ability","能干",7,919,919,"i","true",NA,NA,NA,NA,"phase_015_subj_18"
354,322,7,"<p style=""color:rgb(150, 250, 100); font-size: 35px;"">他</p>","other","ability","他",7,501,501,"e","true",NA,NA,NA,NA,"phase_015_subj_18"
355,322,7,"<p style=""color:white; font-size: 35px;"">高效</p>","positive","ability","高效",7,534,534,"i","true",NA,NA,NA,NA,"phase_015_subj_18"
356,322,7,"<p style=""color:rgb(150, 250, 100); font-size: 35px;"">自己</p>","self","ability","自己",7,599,599,"i","true",NA,NA,NA,NA,"phase_015_subj_18"
357,322,7,"<p style=""color:white; font-size: 35px;"">蠢笨</p>","negative","ability","蠢笨",7,497,497,"e","true",NA,NA,NA,NA,"phase_015_subj_18"
358,322,7,"<p style=""color:rgb(150, 250, 100); font-size: 35px;"">别人</p>","other","ability","别人",7,444,444,"e","true",NA,NA,NA,NA,"phase_015_subj_18"
359,322,7,"<p style=""color:white; font-size: 35px;"">拙笨</p>","negative","ability","拙笨",7,498,498,"e","true",NA,NA,NA,NA,"phase_015_subj_18"
360,322,7,"<p style=""color:rgb(150, 250, 100); font-size: 35px;"">自己的</p>","self","ability","自己的",7,458,458,"i","true",NA,NA,NA,NA,"phase_015_subj_18"
361,322,7,"<p style=""color:white; font-size: 35px;"">高效</p>","positive","ability","高效",7,464,464,"i","true",NA,NA,NA,NA,"phase_015_subj_18"
362,322,7,"<p style=""color:rgb(150, 250, 100); font-size: 35px;"">别人</p>","other","ability","别人",7,557,557,"e","true",NA,NA,NA,NA,"phase_015_subj_18"
363,322,7,"<p style=""color:white; font-size: 35px;"">愚钝</p>","negative","ability","愚钝",7,598,598,"e","true",NA,NA,NA,NA,"phase_015_subj_18"
364,322,7,"<p style=""color:rgb(150, 250, 100); font-size: 35px;"">本人的</p>","self","ability","本人的",7,485,485,"i","true",NA,NA,NA,NA,"phase_015_subj_18"
365,322,7,"<p style=""color:white; font-size: 35px;"">全才</p>","positive","ability","全才",7,488,488,"i","true",NA,NA,NA,NA,"phase_015_subj_18"
366,322,7,"<p style=""color:rgb(150, 250, 100); font-size: 35px;"">别人的</p>","other","ability","别人的",7,452,452,"e","true",NA,NA,NA,NA,"phase_015_subj_18"
367,322,7,"<p style=""color:white; font-size: 35px;"">全能</p>","positive","ability","全能",7,500,500,"i","true",NA,NA,NA,NA,"phase_015_subj_18"
368,322,7,"<p style=""color:rgb(150, 250, 100); font-size: 35px;"">本人</p>","self","ability","本人",7,705,705,"i","true",NA,NA,NA,NA,"phase_015_subj_18"
369,322,7,"<p style=""color:white; font-size: 35px;"">拙笨</p>","negative","ability","拙笨",7,500,500,"e","true",NA,NA,NA,NA,"phase_015_subj_18"
370,322,7,"<p style=""color:rgb(150, 250, 100); font-size: 35px;"">他的</p>","other","ability","他的",7,447,447,"e","true",NA,NA,NA,NA,"phase_015_subj_18"
371,322,7,"<p style=""color:white; font-size: 35px;"">天才</p>","positive","ability","天才",7,787,787,"i","true",NA,NA,NA,NA,"phase_015_subj_18"
372,322,7,"<p style=""color:rgb(150, 250, 100); font-size: 35px;"">自己</p>","self","ability","自己",7,474,474,"i","true",NA,NA,NA,NA,"phase_015_subj_18"
373,322,7,"<p style=""color:white; font-size: 35px;"">愚钝</p>","negative","ability","愚钝",7,564,564,"e","true",NA,NA,NA,NA,"phase_015_subj_18"
374,322,7,"<p style=""color:rgb(150, 250, 100); font-size: 35px;"">他</p>","other","ability","他",7,528,528,"e","true",NA,NA,NA,NA,"phase_015_subj_18"
375,322,7,"<p style=""color:white; font-size: 35px;"">废物</p>","negative","ability","废物",7,486,486,"e","true",NA,NA,NA,NA,"phase_015_subj_18"
376,322,7,"<p style=""color:rgb(150, 250, 100); font-size: 35px;"">本人</p>","self","ability","本人",7,449,449,"i","true",NA,NA,NA,NA,"phase_015_subj_18"
377,322,7,"<p style=""color:white; font-size: 35px;"">全能</p>","positive","ability","全能",7,430,430,"i","true",NA,NA,NA,NA,"phase_015_subj_18"
378,322,7,"<p style=""color:rgb(150, 250, 100); font-size: 35px;"">别人的</p>","other","ability","别人的",7,493,493,"e","true",NA,NA,NA,NA,"phase_015_subj_18"
379,322,7,"<p style=""color:white; font-size: 35px;"">全才</p>","positive","ability","全才",7,536,536,"i","true",NA,NA,NA,NA,"phase_015_subj_18"
380,322,7,"<p style=""color:rgb(150, 250, 100); font-size: 35px;"">他人</p>","other","ability","他人",7,456,456,"e","true",NA,NA,NA,NA,"phase_015_subj_18"
381,322,7,"<p style=""color:white; font-size: 35px;"">蠢笨</p>","negative","ability","蠢笨",7,403,1134.55319148936,"i","false",NA,NA,NA,NA,"phase_015_subj_18"
382,322,7,"<p style=""color:rgb(150, 250, 100); font-size: 35px;"">本人的</p>","self","ability","本人的",7,473,473,"i","true",NA,NA,NA,NA,"phase_015_subj_18"
383,322,7,"<p style=""color:white; font-size: 35px;"">低能</p>","negative","ability","低能",7,622,622,"e","true",NA,NA,NA,NA,"phase_015_subj_18"
384,322,7,"<p style=""color:rgb(150, 250, 100); font-size: 35px;"">他的</p>","other","ability","他的",7,422,422,"e","true",NA,NA,NA,NA,"phase_015_subj_18"
385,322,7,"<p style=""color:white; font-size: 35px;"">精干</p>","positive","ability","精干",7,445,445,"i","true",NA,NA,NA,NA,"phase_015_subj_18"
386,322,7,"<p style=""color:rgb(150, 250, 100); font-size: 35px;"">我</p>","self","ability","我",7,339,339,"i","true",NA,NA,NA,NA,"phase_015_subj_18"
387,18,NA,"
    <h3>词语分类任务</h3>
    <p>在接下来的任务中，你需要对一系列词语进行分类。</p>
    <p>请先熟悉这些词语，这有利于你完成接下来的任务。</p>
    <table align=""center"" border=1 cellpadding=3 cellspacing=0>
    <tr> <th>类别</th> <th>词语</th> </tr>
    <tr> <td>&emsp;积极&emsp;</td> <td>&emsp;能干、全能、全才、高效、精干、天才&emsp;</td> </tr>
    <tr> <td>&emsp;消极&emsp;</td> <td>&emsp;无能、低能、废物、拙笨、愚钝、蠢笨&emsp;</td> </tr>
    <tr> <td>&emsp;自我&emsp;</td> <td>&emsp;我、我的、自己、自己的、本人、本人的&emsp;</td> </tr>
    <tr> <td>&emsp;他人&emsp;</td> <td>&emsp;他、他的、别人、别人的、他人、他人的&emsp;</td> </tr>
    </table><br/>","","","",NA,70642,NA,"0","",2,1,NA,NA,"phase_015_subj_3"
388,18,1,"<p style=""color:rgb(150, 250, 100); font-size: 35px;"">别人的</p>","other","ability","别人的",1,687,687,"i","true",NA,NA,NA,NA,"phase_015_subj_3"
389,18,1,"<p style=""color:rgb(150, 250, 100); font-size: 35px;"">他人的</p>","other","ability","他人的",1,572,572,"i","true",NA,NA,NA,NA,"phase_015_subj_3"
390,18,1,"<p style=""color:rgb(150, 250, 100); font-size: 35px;"">本人</p>","self","ability","本人",1,722,722,"e","true",NA,NA,NA,NA,"phase_015_subj_3"
391,18,1,"<p style=""color:rgb(150, 250, 100); font-size: 35px;"">我</p>","self","ability","我",1,504,504,"e","true",NA,NA,NA,NA,"phase_015_subj_3"
392,18,1,"<p style=""color:rgb(150, 250, 100); font-size: 35px;"">别人</p>","other","ability","别人",1,585,585,"i","true",NA,NA,NA,NA,"phase_015_subj_3"
393,18,1,"<p style=""color:rgb(150, 250, 100); font-size: 35px;"">他</p>","other","ability","他",1,736,736,"i","true",NA,NA,NA,NA,"phase_015_subj_3"
394,18,1,"<p style=""color:rgb(150, 250, 100); font-size: 35px;"">他的</p>","other","ability","他的",1,565,565,"i","true",NA,NA,NA,NA,"phase_015_subj_3"
395,18,1,"<p style=""color:rgb(150, 250, 100); font-size: 35px;"">他人</p>","other","ability","他人",1,549,549,"i","true",NA,NA,NA,NA,"phase_015_subj_3"
396,18,1,"<p style=""color:rgb(150, 250, 100); font-size: 35px;"">自己的</p>","self","ability","自己的",1,609,609,"e","true",NA,NA,NA,NA,"phase_015_subj_3"
397,18,1,"<p style=""color:rgb(150, 250, 100); font-size: 35px;"">我的</p>","self","ability","我的",1,555,555,"e","true",NA,NA,NA,NA,"phase_015_subj_3"
398,18,1,"<p style=""color:rgb(150, 250, 100); font-size: 35px;"">自己</p>","self","ability","自己",1,611,611,"e","true",NA,NA,NA,NA,"phase_015_subj_3"
399,18,1,"<p style=""color:rgb(150, 250, 100); font-size: 35px;"">本人的</p>","self","ability","本人的",1,567,567,"e","true",NA,NA,NA,NA,"phase_015_subj_3"
400,18,2,"<p style=""color:white; font-size: 35px;"">全能</p>","positive","ability","全能",2,588,588,"i","true",NA,NA,NA,NA,"phase_015_subj_3"
401,18,2,"<p style=""color:white; font-size: 35px;"">废物</p>","negative","ability","废物",2,687,687,"e","true",NA,NA,NA,NA,"phase_015_subj_3"
402,18,2,"<p style=""color:white; font-size: 35px;"">全才</p>","positive","ability","全才",2,646,646,"i","true",NA,NA,NA,NA,"phase_015_subj_3"
403,18,2,"<p style=""color:white; font-size: 35px;"">高效</p>","positive","ability","高效",2,637,637,"i","true",NA,NA,NA,NA,"phase_015_subj_3"
404,18,2,"<p style=""color:white; font-size: 35px;"">能干</p>","positive","ability","能干",2,587,587,"i","true",NA,NA,NA,NA,"phase_015_subj_3"
405,18,2,"<p style=""color:white; font-size: 35px;"">蠢笨</p>","negative","ability","蠢笨",2,609,609,"e","true",NA,NA,NA,NA,"phase_015_subj_3"
406,18,2,"<p style=""color:white; font-size: 35px;"">拙笨</p>","negative","ability","拙笨",2,612,612,"e","true",NA,NA,NA,NA,"phase_015_subj_3"
407,18,2,"<p style=""color:white; font-size: 35px;"">无能</p>","negative","ability","无能",2,607,607,"e","true",NA,NA,NA,NA,"phase_015_subj_3"
408,18,2,"<p style=""color:white; font-size: 35px;"">低能</p>","negative","ability","低能",2,736,736,"e","true",NA,NA,NA,NA,"phase_015_subj_3"
409,18,2,"<p style=""color:white; font-size: 35px;"">天才</p>","positive","ability","天才",2,568,568,"i","true",NA,NA,NA,NA,"phase_015_subj_3"
410,18,2,"<p style=""color:white; font-size: 35px;"">愚钝</p>","negative","ability","愚钝",2,576,576,"e","true",NA,NA,NA,NA,"phase_015_subj_3"
411,18,2,"<p style=""color:white; font-size: 35px;"">精干</p>","positive","ability","精干",2,605,605,"i","true",NA,NA,NA,NA,"phase_015_subj_3"
412,18,3,"<p style=""color:rgb(150, 250, 100); font-size: 35px;"">我</p>","self","ability","我",3,681,681,"e","true",NA,NA,NA,NA,"phase_015_subj_3"
413,18,3,"<p style=""color:white; font-size: 35px;"">精干</p>","positive","ability","精干",3,601,601,"i","true",NA,NA,NA,NA,"phase_015_subj_3"
414,18,3,"<p style=""color:rgb(150, 250, 100); font-size: 35px;"">他的</p>","other","ability","他的",3,640,640,"i","true",NA,NA,NA,NA,"phase_015_subj_3"
415,18,3,"<p style=""color:white; font-size: 35px;"">废物</p>","negative","ability","废物",3,560,560,"e","true",NA,NA,NA,NA,"phase_015_subj_3"
416,18,3,"<p style=""color:rgb(150, 250, 100); font-size: 35px;"">自己的</p>","self","ability","自己的",3,544,544,"e","true",NA,NA,NA,NA,"phase_015_subj_3"
417,18,3,"<p style=""color:white; font-size: 35px;"">高效</p>","positive","ability","高效",3,572,572,"i","true",NA,NA,NA,NA,"phase_015_subj_3"
418,18,3,"<p style=""color:rgb(150, 250, 100); font-size: 35px;"">他</p>","other","ability","他",3,544,544,"i","true",NA,NA,NA,NA,"phase_015_subj_3"
419,18,3,"<p style=""color:white; font-size: 35px;"">蠢笨</p>","negative","ability","蠢笨",3,582,582,"e","true",NA,NA,NA,NA,"phase_015_subj_3"
420,18,3,"<p style=""color:rgb(150, 250, 100); font-size: 35px;"">他人的</p>","other","ability","他人的",3,684,684,"i","true",NA,NA,NA,NA,"phase_015_subj_3"
421,18,3,"<p style=""color:white; font-size: 35px;"">能干</p>","positive","ability","能干",3,585,585,"i","true",NA,NA,NA,NA,"phase_015_subj_3"
422,18,3,"<p style=""color:rgb(150, 250, 100); font-size: 35px;"">本人的</p>","self","ability","本人的",3,697,697,"e","true",NA,NA,NA,NA,"phase_015_subj_3"
423,18,3,"<p style=""color:white; font-size: 35px;"">无能</p>","negative","ability","无能",3,619,619,"e","true",NA,NA,NA,NA,"phase_015_subj_3"
424,18,3,"<p style=""color:rgb(150, 250, 100); font-size: 35px;"">本人</p>","self","ability","本人",3,712,712,"e","true",NA,NA,NA,NA,"phase_015_subj_3"
425,18,3,"<p style=""color:white; font-size: 35px;"">愚钝</p>","negative","ability","愚钝",3,532,532,"e","true",NA,NA,NA,NA,"phase_015_subj_3"
426,18,3,"<p style=""color:rgb(150, 250, 100); font-size: 35px;"">别人</p>","other","ability","别人",3,628,628,"i","true",NA,NA,NA,NA,"phase_015_subj_3"
427,18,3,"<p style=""color:white; font-size: 35px;"">全能</p>","positive","ability","全能",3,546,546,"i","true",NA,NA,NA,NA,"phase_015_subj_3"
428,18,3,"<p style=""color:rgb(150, 250, 100); font-size: 35px;"">别人的</p>","other","ability","别人的",3,530,530,"i","true",NA,NA,NA,NA,"phase_015_subj_3"
429,18,3,"<p style=""color:white; font-size: 35px;"">拙笨</p>","negative","ability","拙笨",3,618,618,"e","true",NA,NA,NA,NA,"phase_015_subj_3"
430,18,3,"<p style=""color:rgb(150, 250, 100); font-size: 35px;"">我的</p>","self","ability","我的",3,554,554,"e","true",NA,NA,NA,NA,"phase_015_subj_3"
431,18,3,"<p style=""color:white; font-size: 35px;"">天才</p>","positive","ability","天才",3,562,562,"i","true",NA,NA,NA,NA,"phase_015_subj_3"
432,18,3,"<p style=""color:rgb(150, 250, 100); font-size: 35px;"">自己</p>","self","ability","自己",3,528,1193.90909090909,"i","false",NA,NA,NA,NA,"phase_015_subj_3"
433,18,3,"<p style=""color:white; font-size: 35px;"">全才</p>","positive","ability","全才",3,793,1193.90909090909,"e","false",NA,NA,NA,NA,"phase_015_subj_3"
434,18,3,"<p style=""color:rgb(150, 250, 100); font-size: 35px;"">他人</p>","other","ability","他人",3,545,545,"i","true",NA,NA,NA,NA,"phase_015_subj_3"
435,18,3,"<p style=""color:white; font-size: 35px;"">低能</p>","negative","ability","低能",3,530,530,"e","true",NA,NA,NA,NA,"phase_015_subj_3"
436,18,4,"<p style=""color:rgb(150, 250, 100); font-size: 35px;"">他的</p>","other","ability","他的",4,841,841,"i","true",NA,NA,NA,NA,"phase_015_subj_3"
437,18,4,"<p style=""color:white; font-size: 35px;"">低能</p>","negative","ability","低能",4,667,667,"e","true",NA,NA,NA,NA,"phase_015_subj_3"
438,18,4,"<p style=""color:rgb(150, 250, 100); font-size: 35px;"">自己的</p>","self","ability","自己的",4,727,727,"e","true",NA,NA,NA,NA,"phase_015_subj_3"
439,18,4,"<p style=""color:white; font-size: 35px;"">能干</p>","positive","ability","能干",4,762,1247.40909090909,"e","false",NA,NA,NA,NA,"phase_015_subj_3"
440,18,4,"<p style=""color:rgb(150, 250, 100); font-size: 35px;"">他</p>","other","ability","他",4,588,588,"i","true",NA,NA,NA,NA,"phase_015_subj_3"
441,18,4,"<p style=""color:white; font-size: 35px;"">天才</p>","positive","ability","天才",4,562,562,"i","true",NA,NA,NA,NA,"phase_015_subj_3"
442,18,4,"<p style=""color:rgb(150, 250, 100); font-size: 35px;"">本人的</p>","self","ability","本人的",4,543,543,"e","true",NA,NA,NA,NA,"phase_015_subj_3"
443,18,4,"<p style=""color:white; font-size: 35px;"">愚钝</p>","negative","ability","愚钝",4,482,482,"e","true",NA,NA,NA,NA,"phase_015_subj_3"
444,18,4,"<p style=""color:rgb(150, 250, 100); font-size: 35px;"">本人的</p>","self","ability","本人的",4,583,583,"e","true",NA,NA,NA,NA,"phase_015_subj_3"
445,18,4,"<p style=""color:white; font-size: 35px;"">愚钝</p>","negative","ability","愚钝",4,554,554,"e","true",NA,NA,NA,NA,"phase_015_subj_3"
446,18,4,"<p style=""color:rgb(150, 250, 100); font-size: 35px;"">别人的</p>","other","ability","别人的",4,738,1247.40909090909,"e","false",NA,NA,NA,NA,"phase_015_subj_3"
447,18,4,"<p style=""color:white; font-size: 35px;"">全才</p>","positive","ability","全才",4,605,605,"i","true",NA,NA,NA,NA,"phase_015_subj_3"
448,18,4,"<p style=""color:rgb(150, 250, 100); font-size: 35px;"">我的</p>","self","ability","我的",4,693,693,"e","true",NA,NA,NA,NA,"phase_015_subj_3"
449,18,4,"<p style=""color:white; font-size: 35px;"">高效</p>","positive","ability","高效",4,899,899,"i","true",NA,NA,NA,NA,"phase_015_subj_3"
450,18,4,"<p style=""color:rgb(150, 250, 100); font-size: 35px;"">他人</p>","other","ability","他人",4,499,499,"i","true",NA,NA,NA,NA,"phase_015_subj_3"
451,18,4,"<p style=""color:white; font-size: 35px;"">废物</p>","negative","ability","废物",4,542,542,"e","true",NA,NA,NA,NA,"phase_015_subj_3"
452,18,4,"<p style=""color:rgb(150, 250, 100); font-size: 35px;"">本人</p>","self","ability","本人",4,457,457,"e","true",NA,NA,NA,NA,"phase_015_subj_3"
453,18,4,"<p style=""color:white; font-size: 35px;"">低能</p>","negative","ability","低能",4,968,968,"e","true",NA,NA,NA,NA,"phase_015_subj_3"
454,18,4,"<p style=""color:rgb(150, 250, 100); font-size: 35px;"">别人</p>","other","ability","别人",4,909,909,"i","true",NA,NA,NA,NA,"phase_015_subj_3"
455,18,4,"<p style=""color:white; font-size: 35px;"">精干</p>","positive","ability","精干",4,708,708,"i","true",NA,NA,NA,NA,"phase_015_subj_3"
456,18,4,"<p style=""color:rgb(150, 250, 100); font-size: 35px;"">他人的</p>","other","ability","他人的",4,564,564,"i","true",NA,NA,NA,NA,"phase_015_subj_3"
457,18,4,"<p style=""color:white; font-size: 35px;"">天才</p>","positive","ability","天才",4,612,612,"i","true",NA,NA,NA,NA,"phase_015_subj_3"
458,18,4,"<p style=""color:rgb(150, 250, 100); font-size: 35px;"">自己</p>","self","ability","自己",4,655,655,"e","true",NA,NA,NA,NA,"phase_015_subj_3"
459,18,4,"<p style=""color:white; font-size: 35px;"">拙笨</p>","negative","ability","拙笨",4,603,603,"e","true",NA,NA,NA,NA,"phase_015_subj_3"
460,18,4,"<p style=""color:rgb(150, 250, 100); font-size: 35px;"">别人的</p>","other","ability","别人的",4,608,608,"i","true",NA,NA,NA,NA,"phase_015_subj_3"
461,18,4,"<p style=""color:white; font-size: 35px;"">蠢笨</p>","negative","ability","蠢笨",4,566,566,"e","true",NA,NA,NA,NA,"phase_015_subj_3"
462,18,4,"<p style=""color:rgb(150, 250, 100); font-size: 35px;"">我</p>","self","ability","我",4,562,562,"e","true",NA,NA,NA,NA,"phase_015_subj_3"
463,18,4,"<p style=""color:white; font-size: 35px;"">精干</p>","positive","ability","精干",4,704,1247.40909090909,"e","false",NA,NA,NA,NA,"phase_015_subj_3"
464,18,4,"<p style=""color:rgb(150, 250, 100); font-size: 35px;"">他人的</p>","other","ability","他人的",4,634,634,"i","true",NA,NA,NA,NA,"phase_015_subj_3"
465,18,4,"<p style=""color:white; font-size: 35px;"">无能</p>","negative","ability","无能",4,647,647,"e","true",NA,NA,NA,NA,"phase_015_subj_3"
466,18,4,"<p style=""color:rgb(150, 250, 100); font-size: 35px;"">我的</p>","self","ability","我的",4,597,597,"e","true",NA,NA,NA,NA,"phase_015_subj_3"
467,18,4,"<p style=""color:white; font-size: 35px;"">能干</p>","positive","ability","能干",4,778,778,"i","true",NA,NA,NA,NA,"phase_015_subj_3"
468,18,4,"<p style=""color:rgb(150, 250, 100); font-size: 35px;"">自己的</p>","self","ability","自己的",4,568,568,"e","true",NA,NA,NA,NA,"phase_015_subj_3"
469,18,4,"<p style=""color:white; font-size: 35px;"">拙笨</p>","negative","ability","拙笨",4,989,989,"e","true",NA,NA,NA,NA,"phase_015_subj_3"
470,18,4,"<p style=""color:rgb(150, 250, 100); font-size: 35px;"">他</p>","other","ability","他",4,585,585,"i","true",NA,NA,NA,NA,"phase_015_subj_3"
471,18,4,"<p style=""color:white; font-size: 35px;"">全才</p>","positive","ability","全才",4,548,548,"i","true",NA,NA,NA,NA,"phase_015_subj_3"
472,18,4,"<p style=""color:rgb(150, 250, 100); font-size: 35px;"">我</p>","self","ability","我",4,613,613,"e","true",NA,NA,NA,NA,"phase_015_subj_3"
473,18,4,"<p style=""color:white; font-size: 35px;"">全能</p>","positive","ability","全能",4,654,654,"i","true",NA,NA,NA,NA,"phase_015_subj_3"
474,18,4,"<p style=""color:rgb(150, 250, 100); font-size: 35px;"">他人</p>","other","ability","他人",4,724,1247.40909090909,"e","false",NA,NA,NA,NA,"phase_015_subj_3"
475,18,4,"<p style=""color:white; font-size: 35px;"">蠢笨</p>","negative","ability","蠢笨",4,603,603,"e","true",NA,NA,NA,NA,"phase_015_subj_3"
476,18,4,"<p style=""color:rgb(150, 250, 100); font-size: 35px;"">自己</p>","self","ability","自己",4,655,655,"e","true",NA,NA,NA,NA,"phase_015_subj_3"
477,18,4,"<p style=""color:white; font-size: 35px;"">无能</p>","negative","ability","无能",4,697,697,"e","true",NA,NA,NA,NA,"phase_015_subj_3"
478,18,4,"<p style=""color:rgb(150, 250, 100); font-size: 35px;"">他的</p>","other","ability","他的",4,557,557,"i","true",NA,NA,NA,NA,"phase_015_subj_3"
479,18,4,"<p style=""color:white; font-size: 35px;"">全能</p>","positive","ability","全能",4,577,577,"i","true",NA,NA,NA,NA,"phase_015_subj_3"
480,18,4,"<p style=""color:rgb(150, 250, 100); font-size: 35px;"">别人</p>","other","ability","别人",4,654,654,"i","true",NA,NA,NA,NA,"phase_015_subj_3"
481,18,4,"<p style=""color:white; font-size: 35px;"">高效</p>","positive","ability","高效",4,621,621,"i","true",NA,NA,NA,NA,"phase_015_subj_3"
482,18,4,"<p style=""color:rgb(150, 250, 100); font-size: 35px;"">本人</p>","self","ability","本人",4,635,635,"e","true",NA,NA,NA,NA,"phase_015_subj_3"
483,18,4,"<p style=""color:white; font-size: 35px;"">废物</p>","negative","ability","废物",4,877,877,"e","true",NA,NA,NA,NA,"phase_015_subj_3"
484,18,5,"<p style=""color:rgb(150, 250, 100); font-size: 35px;"">自己</p>","self","ability","自己",5,560,560,"i","true",NA,NA,NA,NA,"phase_015_subj_3"
485,18,5,"<p style=""color:rgb(150, 250, 100); font-size: 35px;"">别人</p>","other","ability","别人",5,665,665,"e","true",NA,NA,NA,NA,"phase_015_subj_3"
486,18,5,"<p style=""color:rgb(150, 250, 100); font-size: 35px;"">他的</p>","other","ability","他的",5,595,595,"e","true",NA,NA,NA,NA,"phase_015_subj_3"
487,18,5,"<p style=""color:rgb(150, 250, 100); font-size: 35px;"">他人</p>","other","ability","他人",5,493,493,"e","true",NA,NA,NA,NA,"phase_015_subj_3"
488,18,5,"<p style=""color:rgb(150, 250, 100); font-size: 35px;"">自己的</p>","self","ability","自己的",5,604,604,"e","false",NA,NA,NA,NA,"phase_015_subj_3"
489,18,5,"<p style=""color:rgb(150, 250, 100); font-size: 35px;"">他</p>","other","ability","他",5,506,506,"e","true",NA,NA,NA,NA,"phase_015_subj_3"
490,18,5,"<p style=""color:rgb(150, 250, 100); font-size: 35px;"">本人</p>","self","ability","本人",5,618,618,"i","true",NA,NA,NA,NA,"phase_015_subj_3"
491,18,5,"<p style=""color:rgb(150, 250, 100); font-size: 35px;"">他的</p>","other","ability","他的",5,580,580,"e","true",NA,NA,NA,NA,"phase_015_subj_3"
492,18,5,"<p style=""color:rgb(150, 250, 100); font-size: 35px;"">别人</p>","other","ability","别人",5,627,627,"e","true",NA,NA,NA,NA,"phase_015_subj_3"
493,18,5,"<p style=""color:rgb(150, 250, 100); font-size: 35px;"">别人的</p>","other","ability","别人的",5,434,434,"e","true",NA,NA,NA,NA,"phase_015_subj_3"
494,18,5,"<p style=""color:rgb(150, 250, 100); font-size: 35px;"">我的</p>","self","ability","我的",5,484,484,"i","true",NA,NA,NA,NA,"phase_015_subj_3"
495,18,5,"<p style=""color:rgb(150, 250, 100); font-size: 35px;"">他人的</p>","other","ability","他人的",5,478,478,"e","true",NA,NA,NA,NA,"phase_015_subj_3"
496,18,5,"<p style=""color:rgb(150, 250, 100); font-size: 35px;"">我</p>","self","ability","我",5,526,526,"i","true",NA,NA,NA,NA,"phase_015_subj_3"
497,18,5,"<p style=""color:rgb(150, 250, 100); font-size: 35px;"">他人</p>","other","ability","他人",5,477,477,"e","true",NA,NA,NA,NA,"phase_015_subj_3"
498,18,5,"<p style=""color:rgb(150, 250, 100); font-size: 35px;"">本人</p>","self","ability","本人",5,506,506,"e","false",NA,NA,NA,NA,"phase_015_subj_3"
499,18,5,"<p style=""color:rgb(150, 250, 100); font-size: 35px;"">自己</p>","self","ability","自己",5,543,543,"i","true",NA,NA,NA,NA,"phase_015_subj_3"
500,18,5,"<p style=""color:rgb(150, 250, 100); font-size: 35px;"">本人的</p>","self","ability","本人的",5,545,545,"i","true",NA,NA,NA,NA,"phase_015_subj_3"
501,18,5,"<p style=""color:rgb(150, 250, 100); font-size: 35px;"">他</p>","other","ability","他",5,477,477,"e","true",NA,NA,NA,NA,"phase_015_subj_3"
502,18,5,"<p style=""color:rgb(150, 250, 100); font-size: 35px;"">他人的</p>","other","ability","他人的",5,604,604,"e","true",NA,NA,NA,NA,"phase_015_subj_3"
503,18,5,"<p style=""color:rgb(150, 250, 100); font-size: 35px;"">本人的</p>","self","ability","本人的",5,577,577,"i","true",NA,NA,NA,NA,"phase_015_subj_3"
504,18,5,"<p style=""color:rgb(150, 250, 100); font-size: 35px;"">别人的</p>","other","ability","别人的",5,430,430,"i","false",NA,NA,NA,NA,"phase_015_subj_3"
505,18,5,"<p style=""color:rgb(150, 250, 100); font-size: 35px;"">我的</p>","self","ability","我的",5,462,462,"i","true",NA,NA,NA,NA,"phase_015_subj_3"
506,18,5,"<p style=""color:rgb(150, 250, 100); font-size: 35px;"">我</p>","self","ability","我",5,475,475,"i","true",NA,NA,NA,NA,"phase_015_subj_3"
507,18,5,"<p style=""color:rgb(150, 250, 100); font-size: 35px;"">自己的</p>","self","ability","自己的",5,688,688,"i","true",NA,NA,NA,NA,"phase_015_subj_3"
508,18,6,"<p style=""color:white; font-size: 35px;"">无能</p>","negative","ability","无能",6,642,642,"e","true",NA,NA,NA,NA,"phase_015_subj_3"
509,18,6,"<p style=""color:rgb(150, 250, 100); font-size: 35px;"">自己</p>","self","ability","自己",6,577,577,"i","true",NA,NA,NA,NA,"phase_015_subj_3"
510,18,6,"<p style=""color:white; font-size: 35px;"">高效</p>","positive","ability","高效",6,516,516,"i","true",NA,NA,NA,NA,"phase_015_subj_3"
511,18,6,"<p style=""color:rgb(150, 250, 100); font-size: 35px;"">他</p>","other","ability","他",6,517,1153.77777777778,"i","false",NA,NA,NA,NA,"phase_015_subj_3"
512,18,6,"<p style=""color:white; font-size: 35px;"">废物</p>","negative","ability","废物",6,686,1153.77777777778,"i","false",NA,NA,NA,NA,"phase_015_subj_3"
513,18,6,"<p style=""color:rgb(150, 250, 100); font-size: 35px;"">他人的</p>","other","ability","他人的",6,466,466,"e","true",NA,NA,NA,NA,"phase_015_subj_3"
514,18,6,"<p style=""color:white; font-size: 35px;"">精干</p>","positive","ability","精干",6,487,487,"i","true",NA,NA,NA,NA,"phase_015_subj_3"
515,18,6,"<p style=""color:rgb(150, 250, 100); font-size: 35px;"">我的</p>","self","ability","我的",6,458,458,"i","true",NA,NA,NA,NA,"phase_015_subj_3"
516,18,6,"<p style=""color:white; font-size: 35px;"">蠢笨</p>","negative","ability","蠢笨",6,512,512,"e","true",NA,NA,NA,NA,"phase_015_subj_3"
517,18,6,"<p style=""color:rgb(150, 250, 100); font-size: 35px;"">他人</p>","other","ability","他人",6,521,521,"e","true",NA,NA,NA,NA,"phase_015_subj_3"
518,18,6,"<p style=""color:white; font-size: 35px;"">全才</p>","positive","ability","全才",6,645,645,"i","true",NA,NA,NA,NA,"phase_015_subj_3"
519,18,6,"<p style=""color:rgb(150, 250, 100); font-size: 35px;"">自己的</p>","self","ability","自己的",6,640,640,"i","true",NA,NA,NA,NA,"phase_015_subj_3"
520,18,6,"<p style=""color:white; font-size: 35px;"">拙笨</p>","negative","ability","拙笨",6,519,519,"e","true",NA,NA,NA,NA,"phase_015_subj_3"
521,18,6,"<p style=""color:rgb(150, 250, 100); font-size: 35px;"">本人的</p>","self","ability","本人的",6,607,1153.77777777778,"e","false",NA,NA,NA,NA,"phase_015_subj_3"
522,18,6,"<p style=""color:white; font-size: 35px;"">天才</p>","positive","ability","天才",6,582,1153.77777777778,"e","false",NA,NA,NA,NA,"phase_015_subj_3"
523,18,6,"<p style=""color:rgb(150, 250, 100); font-size: 35px;"">别人</p>","other","ability","别人",6,561,561,"e","true",NA,NA,NA,NA,"phase_015_subj_3"
524,18,6,"<p style=""color:white; font-size: 35px;"">全能</p>","positive","ability","全能",6,485,1153.77777777778,"e","false",NA,NA,NA,NA,"phase_015_subj_3"
525,18,6,"<p style=""color:rgb(150, 250, 100); font-size: 35px;"">本人</p>","self","ability","本人",6,562,562,"i","true",NA,NA,NA,NA,"phase_015_subj_3"
526,18,6,"<p style=""color:white; font-size: 35px;"">愚钝</p>","negative","ability","愚钝",6,569,569,"e","true",NA,NA,NA,NA,"phase_015_subj_3"
527,18,6,"<p style=""color:rgb(150, 250, 100); font-size: 35px;"">他的</p>","other","ability","他的",6,485,1153.77777777778,"i","false",NA,NA,NA,NA,"phase_015_subj_3"
528,18,6,"<p style=""color:white; font-size: 35px;"">低能</p>","negative","ability","低能",6,628,628,"e","true",NA,NA,NA,NA,"phase_015_subj_3"
529,18,6,"<p style=""color:rgb(150, 250, 100); font-size: 35px;"">我</p>","self","ability","我",6,605,605,"i","true",NA,NA,NA,NA,"phase_015_subj_3"
530,18,6,"<p style=""color:white; font-size: 35px;"">能干</p>","positive","ability","能干",6,517,517,"i","true",NA,NA,NA,NA,"phase_015_subj_3"
531,18,6,"<p style=""color:rgb(150, 250, 100); font-size: 35px;"">别人的</p>","other","ability","别人的",6,543,543,"e","true",NA,NA,NA,NA,"phase_015_subj_3"
532,18,7,"<p style=""color:white; font-size: 35px;"">天才</p>","positive","ability","天才",7,714,714,"i","true",NA,NA,NA,NA,"phase_015_subj_3"
533,18,7,"<p style=""color:rgb(150, 250, 100); font-size: 35px;"">我</p>","self","ability","我",7,461,461,"i","true",NA,NA,NA,NA,"phase_015_subj_3"
534,18,7,"<p style=""color:white; font-size: 35px;"">低能</p>","negative","ability","低能",7,560,560,"e","true",NA,NA,NA,NA,"phase_015_subj_3"
535,18,7,"<p style=""color:rgb(150, 250, 100); font-size: 35px;"">他的</p>","other","ability","他的",7,584,1195.81081081081,"i","false",NA,NA,NA,NA,"phase_015_subj_3"
536,18,7,"<p style=""color:white; font-size: 35px;"">能干</p>","positive","ability","能干",7,595,595,"i","true",NA,NA,NA,NA,"phase_015_subj_3"
537,18,7,"<p style=""color:rgb(150, 250, 100); font-size: 35px;"">他</p>","other","ability","他",7,543,1195.81081081081,"i","false",NA,NA,NA,NA,"phase_015_subj_3"
538,18,7,"<p style=""color:white; font-size: 35px;"">废物</p>","negative","ability","废物",7,804,1195.81081081081,"i","false",NA,NA,NA,NA,"phase_015_subj_3"
539,18,7,"<p style=""color:rgb(150, 250, 100); font-size: 35px;"">本人</p>","self","ability","本人",7,612,612,"i","true",NA,NA,NA,NA,"phase_015_subj_3"
540,18,7,"<p style=""color:white; font-size: 35px;"">高效</p>","positive","ability","高效",7,534,534,"i","true",NA,NA,NA,NA,"phase_015_subj_3"
541,18,7,"<p style=""color:rgb(150, 250, 100); font-size: 35px;"">本人的</p>","self","ability","本人的",7,526,526,"i","true",NA,NA,NA,NA,"phase_015_subj_3"
542,18,7,"<p style=""color:white; font-size: 35px;"">愚钝</p>","negative","ability","愚钝",7,520,520,"e","true",NA,NA,NA,NA,"phase_015_subj_3"
543,18,7,"<p style=""color:rgb(150, 250, 100); font-size: 35px;"">他</p>","other","ability","他",7,555,1195.81081081081,"i","false",NA,NA,NA,NA,"phase_015_subj_3"
544,18,7,"<p style=""color:white; font-size: 35px;"">低能</p>","negative","ability","低能",7,612,612,"e","true",NA,NA,NA,NA,"phase_015_subj_3"
545,18,7,"<p style=""color:rgb(150, 250, 100); font-size: 35px;"">他人</p>","other","ability","他人",7,469,469,"e","true",NA,NA,NA,NA,"phase_015_subj_3"
546,18,7,"<p style=""color:white; font-size: 35px;"">全能</p>","positive","ability","全能",7,767,767,"i","true",NA,NA,NA,NA,"phase_015_subj_3"
547,18,7,"<p style=""color:rgb(150, 250, 100); font-size: 35px;"">我的</p>","self","ability","我的",7,454,454,"i","true",NA,NA,NA,NA,"phase_015_subj_3"
548,18,7,"<p style=""color:white; font-size: 35px;"">全才</p>","positive","ability","全才",7,480,1195.81081081081,"e","false",NA,NA,NA,NA,"phase_015_subj_3"
549,18,7,"<p style=""color:rgb(150, 250, 100); font-size: 35px;"">别人</p>","other","ability","别人",7,534,1195.81081081081,"i","false",NA,NA,NA,NA,"phase_015_subj_3"
550,18,7,"<p style=""color:white; font-size: 35px;"">愚钝</p>","negative","ability","愚钝",7,620,620,"e","true",NA,NA,NA,NA,"phase_015_subj_3"
551,18,7,"<p style=""color:rgb(150, 250, 100); font-size: 35px;"">我的</p>","self","ability","我的",7,655,655,"i","true",NA,NA,NA,NA,"phase_015_subj_3"
552,18,7,"<p style=""color:white; font-size: 35px;"">全能</p>","positive","ability","全能",7,634,634,"i","true",NA,NA,NA,NA,"phase_015_subj_3"
553,18,7,"<p style=""color:rgb(150, 250, 100); font-size: 35px;"">本人的</p>","self","ability","本人的",7,649,649,"i","true",NA,NA,NA,NA,"phase_015_subj_3"
554,18,7,"<p style=""color:white; font-size: 35px;"">蠢笨</p>","negative","ability","蠢笨",7,552,552,"e","true",NA,NA,NA,NA,"phase_015_subj_3"
555,18,7,"<p style=""color:rgb(150, 250, 100); font-size: 35px;"">他的</p>","other","ability","他的",7,459,459,"e","true",NA,NA,NA,NA,"phase_015_subj_3"
556,18,7,"<p style=""color:white; font-size: 35px;"">精干</p>","positive","ability","精干",7,562,562,"i","true",NA,NA,NA,NA,"phase_015_subj_3"
557,18,7,"<p style=""color:rgb(150, 250, 100); font-size: 35px;"">我</p>","self","ability","我",7,470,470,"i","true",NA,NA,NA,NA,"phase_015_subj_3"
558,18,7,"<p style=""color:white; font-size: 35px;"">废物</p>","negative","ability","废物",7,528,528,"e","true",NA,NA,NA,NA,"phase_015_subj_3"
559,18,7,"<p style=""color:rgb(150, 250, 100); font-size: 35px;"">别人的</p>","other","ability","别人的",7,585,585,"e","true",NA,NA,NA,NA,"phase_015_subj_3"
560,18,7,"<p style=""color:white; font-size: 35px;"">蠢笨</p>","negative","ability","蠢笨",7,515,515,"e","true",NA,NA,NA,NA,"phase_015_subj_3"
561,18,7,"<p style=""color:rgb(150, 250, 100); font-size: 35px;"">别人</p>","other","ability","别人",7,524,524,"e","true",NA,NA,NA,NA,"phase_015_subj_3"
562,18,7,"<p style=""color:white; font-size: 35px;"">高效</p>","positive","ability","高效",7,590,590,"i","true",NA,NA,NA,NA,"phase_015_subj_3"
563,18,7,"<p style=""color:rgb(150, 250, 100); font-size: 35px;"">自己的</p>","self","ability","自己的",7,517,1195.81081081081,"e","false",NA,NA,NA,NA,"phase_015_subj_3"
564,18,7,"<p style=""color:white; font-size: 35px;"">能干</p>","positive","ability","能干",7,707,707,"i","true",NA,NA,NA,NA,"phase_015_subj_3"
565,18,7,"<p style=""color:rgb(150, 250, 100); font-size: 35px;"">自己的</p>","self","ability","自己的",7,607,607,"i","true",NA,NA,NA,NA,"phase_015_subj_3"
566,18,7,"<p style=""color:white; font-size: 35px;"">拙笨</p>","negative","ability","拙笨",7,541,541,"e","true",NA,NA,NA,NA,"phase_015_subj_3"
567,18,7,"<p style=""color:rgb(150, 250, 100); font-size: 35px;"">他人的</p>","other","ability","他人的",7,577,1195.81081081081,"i","false",NA,NA,NA,NA,"phase_015_subj_3"
568,18,7,"<p style=""color:white; font-size: 35px;"">拙笨</p>","negative","ability","拙笨",7,721,721,"e","true",NA,NA,NA,NA,"phase_015_subj_3"
569,18,7,"<p style=""color:rgb(150, 250, 100); font-size: 35px;"">他人的</p>","other","ability","他人的",7,779,1195.81081081081,"i","false",NA,NA,NA,NA,"phase_015_subj_3"
570,18,7,"<p style=""color:white; font-size: 35px;"">天才</p>","positive","ability","天才",7,595,595,"i","true",NA,NA,NA,NA,"phase_015_subj_3"
571,18,7,"<p style=""color:rgb(150, 250, 100); font-size: 35px;"">自己</p>","self","ability","自己",7,535,535,"i","true",NA,NA,NA,NA,"phase_015_subj_3"
572,18,7,"<p style=""color:white; font-size: 35px;"">无能</p>","negative","ability","无能",7,676,676,"e","true",NA,NA,NA,NA,"phase_015_subj_3"
573,18,7,"<p style=""color:rgb(150, 250, 100); font-size: 35px;"">他人</p>","other","ability","他人",7,595,1195.81081081081,"i","false",NA,NA,NA,NA,"phase_015_subj_3"
574,18,7,"<p style=""color:white; font-size: 35px;"">精干</p>","positive","ability","精干",7,666,666,"i","true",NA,NA,NA,NA,"phase_015_subj_3"
575,18,7,"<p style=""color:rgb(150, 250, 100); font-size: 35px;"">本人</p>","self","ability","本人",7,654,1195.81081081081,"e","false",NA,NA,NA,NA,"phase_015_subj_3"
576,18,7,"<p style=""color:white; font-size: 35px;"">无能</p>","negative","ability","无能",7,1054,1054,"e","true",NA,NA,NA,NA,"phase_015_subj_3"
577,18,7,"<p style=""color:rgb(150, 250, 100); font-size: 35px;"">别人的</p>","other","ability","别人的",7,648,648,"e","true",NA,NA,NA,NA,"phase_015_subj_3"
578,18,7,"<p style=""color:white; font-size: 35px;"">全才</p>","positive","ability","全才",7,624,624,"i","true",NA,NA,NA,NA,"phase_015_subj_3"
579,18,7,"<p style=""color:rgb(150, 250, 100); font-size: 35px;"">自己</p>","self","ability","自己",7,504,504,"i","true",NA,NA,NA,NA,"phase_015_subj_3"
580,18,NA,"
    <h3>词语分类任务</h3>
    <p>在接下来的任务中，你需要对一系列词语进行分类。<p/>
    请先熟悉这些词语，这有利于你完成接下来的任务。</p>
    <table align=""center"" border=1 cellpadding=3 cellspacing=0>
    <tr> <th>类别</th> <th>词语</th> </tr>
    <tr> <td>&emsp;积极&emsp;</td> <td>&emsp;高尚、诚信、善良、君子、廉正、正直&emsp;</td> </tr>
    <tr> <td>&emsp;消极&emsp;</td> <td>&emsp;缺德、卑鄙、不孝、不仁、小人、黑心&emsp;</td> </tr>
    <tr> <td>&emsp;自我&emsp;</td> <td>&emsp;我、我的、自己、自己的、本人、本人的&emsp;</td> </tr>
    <tr> <td>&emsp;他人&emsp;</td> <td>&emsp;他、他的、别人、别人的、他人、他人的&emsp;</td> </tr>
    </table><br/>","","","",NA,11875,NA,"0","",NA,NA,2,2,"phase_015_subj_3"
581,18,11,"<p style=""color:rgb(150, 250, 100); font-size: 35px;"">他的</p>","other","moral","他的",1,583,583,"e","true",NA,NA,NA,NA,"phase_015_subj_3"
582,18,11,"<p style=""color:rgb(150, 250, 100); font-size: 35px;"">本人的</p>","self","moral","本人的",1,605,605,"e","false",NA,NA,NA,NA,"phase_015_subj_3"
583,18,11,"<p style=""color:rgb(150, 250, 100); font-size: 35px;"">自己的</p>","self","moral","自己的",1,513,513,"i","true",NA,NA,NA,NA,"phase_015_subj_3"
584,18,11,"<p style=""color:rgb(150, 250, 100); font-size: 35px;"">他</p>","other","moral","他",1,516,516,"e","true",NA,NA,NA,NA,"phase_015_subj_3"
585,18,11,"<p style=""color:rgb(150, 250, 100); font-size: 35px;"">别人的</p>","other","moral","别人的",1,514,514,"e","true",NA,NA,NA,NA,"phase_015_subj_3"
586,18,11,"<p style=""color:rgb(150, 250, 100); font-size: 35px;"">别人</p>","other","moral","别人",1,484,484,"e","true",NA,NA,NA,NA,"phase_015_subj_3"
587,18,11,"<p style=""color:rgb(150, 250, 100); font-size: 35px;"">我的</p>","self","moral","我的",1,467,467,"i","true",NA,NA,NA,NA,"phase_015_subj_3"
588,18,11,"<p style=""color:rgb(150, 250, 100); font-size: 35px;"">他人的</p>","other","moral","他人的",1,498,498,"e","true",NA,NA,NA,NA,"phase_015_subj_3"
589,18,11,"<p style=""color:rgb(150, 250, 100); font-size: 35px;"">他人</p>","other","moral","他人",1,468,468,"e","true",NA,NA,NA,NA,"phase_015_subj_3"
590,18,11,"<p style=""color:rgb(150, 250, 100); font-size: 35px;"">本人</p>","self","moral","本人",1,405,405,"e","false",NA,NA,NA,NA,"phase_015_subj_3"
591,18,11,"<p style=""color:rgb(150, 250, 100); font-size: 35px;"">自己</p>","self","moral","自己",1,524,524,"i","true",NA,NA,NA,NA,"phase_015_subj_3"
592,18,11,"<p style=""color:rgb(150, 250, 100); font-size: 35px;"">我</p>","self","moral","我",1,401,401,"i","true",NA,NA,NA,NA,"phase_015_subj_3"
593,18,12,"<p style=""color:white; font-size: 35px;"">不仁</p>","negative","moral","不仁",2,566,566,"e","true",NA,NA,NA,NA,"phase_015_subj_3"
594,18,12,"<p style=""color:white; font-size: 35px;"">善良</p>","positive","moral","善良",2,516,516,"i","true",NA,NA,NA,NA,"phase_015_subj_3"
595,18,12,"<p style=""color:white; font-size: 35px;"">缺德</p>","negative","moral","缺德",2,519,519,"e","true",NA,NA,NA,NA,"phase_015_subj_3"
596,18,12,"<p style=""color:white; font-size: 35px;"">廉正</p>","positive","moral","廉正",2,476,476,"i","true",NA,NA,NA,NA,"phase_015_subj_3"
597,18,12,"<p style=""color:white; font-size: 35px;"">卑鄙</p>","negative","moral","卑鄙",2,498,498,"e","true",NA,NA,NA,NA,"phase_015_subj_3"
598,18,12,"<p style=""color:white; font-size: 35px;"">不孝</p>","negative","moral","不孝",2,415,415,"e","true",NA,NA,NA,NA,"phase_015_subj_3"
599,18,12,"<p style=""color:white; font-size: 35px;"">诚信</p>","positive","moral","诚信",2,487,487,"i","true",NA,NA,NA,NA,"phase_015_subj_3"
600,18,12,"<p style=""color:white; font-size: 35px;"">正直</p>","positive","moral","正直",2,420,420,"i","true",NA,NA,NA,NA,"phase_015_subj_3"
601,18,12,"<p style=""color:white; font-size: 35px;"">小人</p>","negative","moral","小人",2,509,509,"e","true",NA,NA,NA,NA,"phase_015_subj_3"
602,18,12,"<p style=""color:white; font-size: 35px;"">高尚</p>","positive","moral","高尚",2,550,550,"e","false",NA,NA,NA,NA,"phase_015_subj_3"
603,18,12,"<p style=""color:white; font-size: 35px;"">君子</p>","positive","moral","君子",2,603,603,"i","true",NA,NA,NA,NA,"phase_015_subj_3"
604,18,12,"<p style=""color:white; font-size: 35px;"">黑心</p>","negative","moral","黑心",2,487,487,"e","true",NA,NA,NA,NA,"phase_015_subj_3"
605,18,13,"<p style=""color:rgb(150, 250, 100); font-size: 35px;"">自己</p>","self","moral","自己",3,701,701,"i","true",NA,NA,NA,NA,"phase_015_subj_3"
606,18,13,"<p style=""color:white; font-size: 35px;"">不仁</p>","negative","moral","不仁",3,656,656,"e","true",NA,NA,NA,NA,"phase_015_subj_3"
607,18,13,"<p style=""color:rgb(150, 250, 100); font-size: 35px;"">别人</p>","other","moral","别人",3,563,563,"e","true",NA,NA,NA,NA,"phase_015_subj_3"
608,18,13,"<p style=""color:white; font-size: 35px;"">善良</p>","positive","moral","善良",3,522,522,"i","true",NA,NA,NA,NA,"phase_015_subj_3"
609,18,13,"<p style=""color:rgb(150, 250, 100); font-size: 35px;"">他的</p>","other","moral","他的",3,645,645,"e","true",NA,NA,NA,NA,"phase_015_subj_3"
610,18,13,"<p style=""color:white; font-size: 35px;"">正直</p>","positive","moral","正直",3,526,526,"i","true",NA,NA,NA,NA,"phase_015_subj_3"
611,18,13,"<p style=""color:rgb(150, 250, 100); font-size: 35px;"">本人的</p>","self","moral","本人的",3,603,603,"i","true",NA,NA,NA,NA,"phase_015_subj_3"
612,18,13,"<p style=""color:white; font-size: 35px;"">不孝</p>","negative","moral","不孝",3,525,525,"e","true",NA,NA,NA,NA,"phase_015_subj_3"
613,18,13,"<p style=""color:rgb(150, 250, 100); font-size: 35px;"">他人</p>","other","moral","他人",3,492,492,"e","true",NA,NA,NA,NA,"phase_015_subj_3"
614,18,13,"<p style=""color:white; font-size: 35px;"">君子</p>","positive","moral","君子",3,672,672,"i","true",NA,NA,NA,NA,"phase_015_subj_3"
615,18,13,"<p style=""color:rgb(150, 250, 100); font-size: 35px;"">自己的</p>","self","moral","自己的",3,396,396,"i","true",NA,NA,NA,NA,"phase_015_subj_3"
616,18,13,"<p style=""color:white; font-size: 35px;"">缺德</p>","negative","moral","缺德",3,544,544,"e","true",NA,NA,NA,NA,"phase_015_subj_3"
617,18,13,"<p style=""color:rgb(150, 250, 100); font-size: 35px;"">我</p>","self","moral","我",3,565,565,"i","true",NA,NA,NA,NA,"phase_015_subj_3"
618,18,13,"<p style=""color:white; font-size: 35px;"">卑鄙</p>","negative","moral","卑鄙",3,558,558,"e","true",NA,NA,NA,NA,"phase_015_subj_3"
619,18,13,"<p style=""color:rgb(150, 250, 100); font-size: 35px;"">他</p>","other","moral","他",3,496,1154.54545454545,"i","false",NA,NA,NA,NA,"phase_015_subj_3"
620,18,13,"<p style=""color:white; font-size: 35px;"">廉正</p>","positive","moral","廉正",3,545,545,"i","true",NA,NA,NA,NA,"phase_015_subj_3"
621,18,13,"<p style=""color:rgb(150, 250, 100); font-size: 35px;"">本人</p>","self","moral","本人",3,490,490,"i","true",NA,NA,NA,NA,"phase_015_subj_3"
622,18,13,"<p style=""color:white; font-size: 35px;"">小人</p>","negative","moral","小人",3,508,508,"e","true",NA,NA,NA,NA,"phase_015_subj_3"
623,18,13,"<p style=""color:rgb(150, 250, 100); font-size: 35px;"">别人的</p>","other","moral","别人的",3,477,477,"e","true",NA,NA,NA,NA,"phase_015_subj_3"
624,18,13,"<p style=""color:white; font-size: 35px;"">诚信</p>","positive","moral","诚信",3,522,522,"i","true",NA,NA,NA,NA,"phase_015_subj_3"
625,18,13,"<p style=""color:rgb(150, 250, 100); font-size: 35px;"">他人的</p>","other","moral","他人的",3,456,1154.54545454545,"i","false",NA,NA,NA,NA,"phase_015_subj_3"
626,18,13,"<p style=""color:white; font-size: 35px;"">黑心</p>","negative","moral","黑心",3,573,573,"e","true",NA,NA,NA,NA,"phase_015_subj_3"
627,18,13,"<p style=""color:rgb(150, 250, 100); font-size: 35px;"">我的</p>","self","moral","我的",3,550,550,"i","true",NA,NA,NA,NA,"phase_015_subj_3"
628,18,13,"<p style=""color:white; font-size: 35px;"">高尚</p>","positive","moral","高尚",3,567,567,"i","true",NA,NA,NA,NA,"phase_015_subj_3"
629,18,14,"<p style=""color:rgb(150, 250, 100); font-size: 35px;"">他人的</p>","other","moral","他人的",4,789,789,"e","true",NA,NA,NA,NA,"phase_015_subj_3"
630,18,14,"<p style=""color:white; font-size: 35px;"">缺德</p>","negative","moral","缺德",4,495,495,"e","true",NA,NA,NA,NA,"phase_015_subj_3"
631,18,14,"<p style=""color:rgb(150, 250, 100); font-size: 35px;"">自己的</p>","self","moral","自己的",4,513,513,"i","true",NA,NA,NA,NA,"phase_015_subj_3"
632,18,14,"<p style=""color:white; font-size: 35px;"">正直</p>","positive","moral","正直",4,415,415,"i","true",NA,NA,NA,NA,"phase_015_subj_3"
633,18,14,"<p style=""color:rgb(150, 250, 100); font-size: 35px;"">他人</p>","other","moral","他人",4,553,553,"e","true",NA,NA,NA,NA,"phase_015_subj_3"
634,18,14,"<p style=""color:white; font-size: 35px;"">黑心</p>","negative","moral","黑心",4,458,458,"e","true",NA,NA,NA,NA,"phase_015_subj_3"
635,18,14,"<p style=""color:rgb(150, 250, 100); font-size: 35px;"">自己</p>","self","moral","自己",4,433,433,"i","true",NA,NA,NA,NA,"phase_015_subj_3"
636,18,14,"<p style=""color:white; font-size: 35px;"">诚信</p>","positive","moral","诚信",4,437,437,"i","true",NA,NA,NA,NA,"phase_015_subj_3"
637,18,14,"<p style=""color:rgb(150, 250, 100); font-size: 35px;"">我</p>","self","moral","我",4,468,468,"i","true",NA,NA,NA,NA,"phase_015_subj_3"
638,18,14,"<p style=""color:white; font-size: 35px;"">君子</p>","positive","moral","君子",4,481,481,"i","true",NA,NA,NA,NA,"phase_015_subj_3"
639,18,14,"<p style=""color:rgb(150, 250, 100); font-size: 35px;"">他人的</p>","other","moral","他人的",4,454,1134.43902439024,"i","false",NA,NA,NA,NA,"phase_015_subj_3"
640,18,14,"<p style=""color:white; font-size: 35px;"">不孝</p>","negative","moral","不孝",4,543,543,"e","true",NA,NA,NA,NA,"phase_015_subj_3"
641,18,14,"<p style=""color:rgb(150, 250, 100); font-size: 35px;"">我的</p>","self","moral","我的",4,458,458,"i","true",NA,NA,NA,NA,"phase_015_subj_3"
642,18,14,"<p style=""color:white; font-size: 35px;"">廉正</p>","positive","moral","廉正",4,567,567,"i","true",NA,NA,NA,NA,"phase_015_subj_3"
643,18,14,"<p style=""color:rgb(150, 250, 100); font-size: 35px;"">他</p>","other","moral","他",4,518,518,"e","true",NA,NA,NA,NA,"phase_015_subj_3"
644,18,14,"<p style=""color:white; font-size: 35px;"">缺德</p>","negative","moral","缺德",4,481,1134.43902439024,"i","false",NA,NA,NA,NA,"phase_015_subj_3"
645,18,14,"<p style=""color:rgb(150, 250, 100); font-size: 35px;"">他人</p>","other","moral","他人",4,487,1134.43902439024,"i","false",NA,NA,NA,NA,"phase_015_subj_3"
646,18,14,"<p style=""color:white; font-size: 35px;"">高尚</p>","positive","moral","高尚",4,607,607,"i","true",NA,NA,NA,NA,"phase_015_subj_3"
647,18,14,"<p style=""color:rgb(150, 250, 100); font-size: 35px;"">我</p>","self","moral","我",4,529,529,"i","true",NA,NA,NA,NA,"phase_015_subj_3"
648,18,14,"<p style=""color:white; font-size: 35px;"">不仁</p>","negative","moral","不仁",4,572,572,"e","true",NA,NA,NA,NA,"phase_015_subj_3"
649,18,14,"<p style=""color:rgb(150, 250, 100); font-size: 35px;"">别人的</p>","other","moral","别人的",4,512,512,"e","true",NA,NA,NA,NA,"phase_015_subj_3"
650,18,14,"<p style=""color:white; font-size: 35px;"">君子</p>","positive","moral","君子",4,624,624,"i","true",NA,NA,NA,NA,"phase_015_subj_3"
651,18,14,"<p style=""color:rgb(150, 250, 100); font-size: 35px;"">自己的</p>","self","moral","自己的",4,557,557,"i","true",NA,NA,NA,NA,"phase_015_subj_3"
652,18,14,"<p style=""color:white; font-size: 35px;"">卑鄙</p>","negative","moral","卑鄙",4,535,535,"e","true",NA,NA,NA,NA,"phase_015_subj_3"
653,18,14,"<p style=""color:rgb(150, 250, 100); font-size: 35px;"">他</p>","other","moral","他",4,485,485,"e","true",NA,NA,NA,NA,"phase_015_subj_3"
654,18,14,"<p style=""color:white; font-size: 35px;"">黑心</p>","negative","moral","黑心",4,508,508,"e","true",NA,NA,NA,NA,"phase_015_subj_3"
655,18,14,"<p style=""color:rgb(150, 250, 100); font-size: 35px;"">本人</p>","self","moral","本人",4,490,490,"i","true",NA,NA,NA,NA,"phase_015_subj_3"
656,18,14,"<p style=""color:white; font-size: 35px;"">廉正</p>","positive","moral","廉正",4,636,636,"i","true",NA,NA,NA,NA,"phase_015_subj_3"
657,18,14,"<p style=""color:rgb(150, 250, 100); font-size: 35px;"">别人</p>","other","moral","别人",4,480,1134.43902439024,"i","false",NA,NA,NA,NA,"phase_015_subj_3"
658,18,14,"<p style=""color:white; font-size: 35px;"">不孝</p>","negative","moral","不孝",4,591,591,"e","true",NA,NA,NA,NA,"phase_015_subj_3"
659,18,14,"<p style=""color:rgb(150, 250, 100); font-size: 35px;"">本人的</p>","self","moral","本人的",4,604,604,"i","true",NA,NA,NA,NA,"phase_015_subj_3"
660,18,14,"<p style=""color:white; font-size: 35px;"">高尚</p>","positive","moral","高尚",4,545,545,"i","true",NA,NA,NA,NA,"phase_015_subj_3"
661,18,14,"<p style=""color:rgb(150, 250, 100); font-size: 35px;"">别人</p>","other","moral","别人",4,530,1134.43902439024,"i","false",NA,NA,NA,NA,"phase_015_subj_3"
662,18,14,"<p style=""color:white; font-size: 35px;"">小人</p>","negative","moral","小人",4,457,457,"e","true",NA,NA,NA,NA,"phase_015_subj_3"
663,18,14,"<p style=""color:rgb(150, 250, 100); font-size: 35px;"">本人的</p>","self","moral","本人的",4,507,507,"i","true",NA,NA,NA,NA,"phase_015_subj_3"
664,18,14,"<p style=""color:white; font-size: 35px;"">善良</p>","positive","moral","善良",4,634,634,"i","true",NA,NA,NA,NA,"phase_015_subj_3"
665,18,14,"<p style=""color:rgb(150, 250, 100); font-size: 35px;"">本人</p>","self","moral","本人",4,515,515,"i","true",NA,NA,NA,NA,"phase_015_subj_3"
666,18,14,"<p style=""color:white; font-size: 35px;"">诚信</p>","positive","moral","诚信",4,475,475,"i","true",NA,NA,NA,NA,"phase_015_subj_3"
667,18,14,"<p style=""color:rgb(150, 250, 100); font-size: 35px;"">他的</p>","other","moral","他的",4,437,1134.43902439024,"i","false",NA,NA,NA,NA,"phase_015_subj_3"
668,18,14,"<p style=""color:white; font-size: 35px;"">小人</p>","negative","moral","小人",4,460,460,"e","true",NA,NA,NA,NA,"phase_015_subj_3"
669,18,14,"<p style=""color:rgb(150, 250, 100); font-size: 35px;"">自己</p>","self","moral","自己",4,406,406,"i","true",NA,NA,NA,NA,"phase_015_subj_3"
670,18,14,"<p style=""color:white; font-size: 35px;"">正直</p>","positive","moral","正直",4,496,496,"i","true",NA,NA,NA,NA,"phase_015_subj_3"
671,18,14,"<p style=""color:rgb(150, 250, 100); font-size: 35px;"">他的</p>","other","moral","他的",4,648,648,"e","true",NA,NA,NA,NA,"phase_015_subj_3"
672,18,14,"<p style=""color:white; font-size: 35px;"">不仁</p>","negative","moral","不仁",4,639,639,"e","true",NA,NA,NA,NA,"phase_015_subj_3"
673,18,14,"<p style=""color:rgb(150, 250, 100); font-size: 35px;"">我的</p>","self","moral","我的",4,533,533,"i","true",NA,NA,NA,NA,"phase_015_subj_3"
674,18,14,"<p style=""color:white; font-size: 35px;"">善良</p>","positive","moral","善良",4,655,655,"i","true",NA,NA,NA,NA,"phase_015_subj_3"
675,18,14,"<p style=""color:rgb(150, 250, 100); font-size: 35px;"">别人的</p>","other","moral","别人的",4,564,564,"e","true",NA,NA,NA,NA,"phase_015_subj_3"
676,18,14,"<p style=""color:white; font-size: 35px;"">卑鄙</p>","negative","moral","卑鄙",4,466,1134.43902439024,"i","false",NA,NA,NA,NA,"phase_015_subj_3"
677,18,15,"<p style=""color:rgb(150, 250, 100); font-size: 35px;"">他的</p>","other","moral","他的",5,687,687,"i","true",NA,NA,NA,NA,"phase_015_subj_3"
678,18,15,"<p style=""color:rgb(150, 250, 100); font-size: 35px;"">自己</p>","self","moral","自己",5,626,626,"e","true",NA,NA,NA,NA,"phase_015_subj_3"
679,18,15,"<p style=""color:rgb(150, 250, 100); font-size: 35px;"">他人</p>","other","moral","他人",5,517,517,"i","true",NA,NA,NA,NA,"phase_015_subj_3"
680,18,15,"<p style=""color:rgb(150, 250, 100); font-size: 35px;"">我的</p>","self","moral","我的",5,480,480,"e","true",NA,NA,NA,NA,"phase_015_subj_3"
681,18,15,"<p style=""color:rgb(150, 250, 100); font-size: 35px;"">自己</p>","self","moral","自己",5,558,558,"e","true",NA,NA,NA,NA,"phase_015_subj_3"
682,18,15,"<p style=""color:rgb(150, 250, 100); font-size: 35px;"">他人的</p>","other","moral","他人的",5,477,477,"i","true",NA,NA,NA,NA,"phase_015_subj_3"
683,18,15,"<p style=""color:rgb(150, 250, 100); font-size: 35px;"">我的</p>","self","moral","我的",5,469,469,"i","false",NA,NA,NA,NA,"phase_015_subj_3"
684,18,15,"<p style=""color:rgb(150, 250, 100); font-size: 35px;"">别人</p>","other","moral","别人",5,670,670,"i","true",NA,NA,NA,NA,"phase_015_subj_3"
685,18,15,"<p style=""color:rgb(150, 250, 100); font-size: 35px;"">他</p>","other","moral","他",5,616,616,"i","true",NA,NA,NA,NA,"phase_015_subj_3"
686,18,15,"<p style=""color:rgb(150, 250, 100); font-size: 35px;"">他人</p>","other","moral","他人",5,448,448,"i","true",NA,NA,NA,NA,"phase_015_subj_3"
687,18,15,"<p style=""color:rgb(150, 250, 100); font-size: 35px;"">他</p>","other","moral","他",5,412,412,"i","true",NA,NA,NA,NA,"phase_015_subj_3"
688,18,15,"<p style=""color:rgb(150, 250, 100); font-size: 35px;"">别人的</p>","other","moral","别人的",5,513,513,"i","true",NA,NA,NA,NA,"phase_015_subj_3"
689,18,15,"<p style=""color:rgb(150, 250, 100); font-size: 35px;"">我</p>","self","moral","我",5,484,484,"e","true",NA,NA,NA,NA,"phase_015_subj_3"
690,18,15,"<p style=""color:rgb(150, 250, 100); font-size: 35px;"">本人的</p>","self","moral","本人的",5,562,562,"i","false",NA,NA,NA,NA,"phase_015_subj_3"
691,18,15,"<p style=""color:rgb(150, 250, 100); font-size: 35px;"">我</p>","self","moral","我",5,496,496,"e","true",NA,NA,NA,NA,"phase_015_subj_3"
692,18,15,"<p style=""color:rgb(150, 250, 100); font-size: 35px;"">本人</p>","self","moral","本人",5,457,457,"e","true",NA,NA,NA,NA,"phase_015_subj_3"
693,18,15,"<p style=""color:rgb(150, 250, 100); font-size: 35px;"">别人的</p>","other","moral","别人的",5,503,503,"i","true",NA,NA,NA,NA,"phase_015_subj_3"
694,18,15,"<p style=""color:rgb(150, 250, 100); font-size: 35px;"">自己的</p>","self","moral","自己的",5,521,521,"i","false",NA,NA,NA,NA,"phase_015_subj_3"
695,18,15,"<p style=""color:rgb(150, 250, 100); font-size: 35px;"">别人</p>","other","moral","别人",5,585,585,"e","false",NA,NA,NA,NA,"phase_015_subj_3"
696,18,15,"<p style=""color:rgb(150, 250, 100); font-size: 35px;"">自己的</p>","self","moral","自己的",5,497,497,"e","true",NA,NA,NA,NA,"phase_015_subj_3"
697,18,15,"<p style=""color:rgb(150, 250, 100); font-size: 35px;"">他人的</p>","other","moral","他人的",5,486,486,"i","true",NA,NA,NA,NA,"phase_015_subj_3"
698,18,15,"<p style=""color:rgb(150, 250, 100); font-size: 35px;"">他的</p>","other","moral","他的",5,388,388,"i","true",NA,NA,NA,NA,"phase_015_subj_3"
699,18,15,"<p style=""color:rgb(150, 250, 100); font-size: 35px;"">本人的</p>","self","moral","本人的",5,447,447,"e","true",NA,NA,NA,NA,"phase_015_subj_3"
700,18,15,"<p style=""color:rgb(150, 250, 100); font-size: 35px;"">本人</p>","self","moral","本人",5,415,415,"e","true",NA,NA,NA,NA,"phase_015_subj_3"
701,18,16,"<p style=""color:white; font-size: 35px;"">正直</p>","positive","moral","正直",6,672,672,"i","true",NA,NA,NA,NA,"phase_015_subj_3"
702,18,16,"<p style=""color:rgb(150, 250, 100); font-size: 35px;"">他人</p>","other","moral","他人",6,428,428,"i","true",NA,NA,NA,NA,"phase_015_subj_3"
703,18,16,"<p style=""color:white; font-size: 35px;"">黑心</p>","negative","moral","黑心",6,516,516,"e","true",NA,NA,NA,NA,"phase_015_subj_3"
704,18,16,"<p style=""color:rgb(150, 250, 100); font-size: 35px;"">自己</p>","self","moral","自己",6,415,415,"e","true",NA,NA,NA,NA,"phase_015_subj_3"
705,18,16,"<p style=""color:white; font-size: 35px;"">诚信</p>","positive","moral","诚信",6,607,607,"i","true",NA,NA,NA,NA,"phase_015_subj_3"
706,18,16,"<p style=""color:rgb(150, 250, 100); font-size: 35px;"">本人的</p>","self","moral","本人的",6,595,595,"e","true",NA,NA,NA,NA,"phase_015_subj_3"
707,18,16,"<p style=""color:white; font-size: 35px;"">卑鄙</p>","negative","moral","卑鄙",6,629,629,"e","true",NA,NA,NA,NA,"phase_015_subj_3"
708,18,16,"<p style=""color:rgb(150, 250, 100); font-size: 35px;"">别人的</p>","other","moral","别人的",6,520,520,"i","true",NA,NA,NA,NA,"phase_015_subj_3"
709,18,16,"<p style=""color:white; font-size: 35px;"">小人</p>","negative","moral","小人",6,445,1155.2380952381,"i","false",NA,NA,NA,NA,"phase_015_subj_3"
710,18,16,"<p style=""color:rgb(150, 250, 100); font-size: 35px;"">他人的</p>","other","moral","他人的",6,473,473,"i","true",NA,NA,NA,NA,"phase_015_subj_3"
711,18,16,"<p style=""color:white; font-size: 35px;"">善良</p>","positive","moral","善良",6,477,1155.2380952381,"e","false",NA,NA,NA,NA,"phase_015_subj_3"
712,18,16,"<p style=""color:rgb(150, 250, 100); font-size: 35px;"">自己的</p>","self","moral","自己的",6,551,551,"e","true",NA,NA,NA,NA,"phase_015_subj_3"
713,18,16,"<p style=""color:white; font-size: 35px;"">君子</p>","positive","moral","君子",6,583,583,"i","true",NA,NA,NA,NA,"phase_015_subj_3"
714,18,16,"<p style=""color:rgb(150, 250, 100); font-size: 35px;"">我</p>","self","moral","我",6,514,514,"e","true",NA,NA,NA,NA,"phase_015_subj_3"
715,18,16,"<p style=""color:white; font-size: 35px;"">不孝</p>","negative","moral","不孝",6,556,1155.2380952381,"i","false",NA,NA,NA,NA,"phase_015_subj_3"
716,18,16,"<p style=""color:rgb(150, 250, 100); font-size: 35px;"">他的</p>","other","moral","他的",6,472,472,"i","true",NA,NA,NA,NA,"phase_015_subj_3"
717,18,16,"<p style=""color:white; font-size: 35px;"">缺德</p>","negative","moral","缺德",6,565,565,"e","true",NA,NA,NA,NA,"phase_015_subj_3"
718,18,16,"<p style=""color:rgb(150, 250, 100); font-size: 35px;"">他</p>","other","moral","他",6,597,597,"i","true",NA,NA,NA,NA,"phase_015_subj_3"
719,18,16,"<p style=""color:white; font-size: 35px;"">高尚</p>","positive","moral","高尚",6,645,645,"i","true",NA,NA,NA,NA,"phase_015_subj_3"
720,18,16,"<p style=""color:rgb(150, 250, 100); font-size: 35px;"">我的</p>","self","moral","我的",6,570,570,"e","true",NA,NA,NA,NA,"phase_015_subj_3"
721,18,16,"<p style=""color:white; font-size: 35px;"">不仁</p>","negative","moral","不仁",6,501,501,"e","true",NA,NA,NA,NA,"phase_015_subj_3"
722,18,16,"<p style=""color:rgb(150, 250, 100); font-size: 35px;"">本人</p>","self","moral","本人",6,566,566,"e","true",NA,NA,NA,NA,"phase_015_subj_3"
723,18,16,"<p style=""color:white; font-size: 35px;"">廉正</p>","positive","moral","廉正",6,646,646,"i","true",NA,NA,NA,NA,"phase_015_subj_3"
724,18,16,"<p style=""color:rgb(150, 250, 100); font-size: 35px;"">别人</p>","other","moral","别人",6,595,595,"i","true",NA,NA,NA,NA,"phase_015_subj_3"
725,18,17,"<p style=""color:white; font-size: 35px;"">正直</p>","positive","moral","正直",7,771,771,"i","true",NA,NA,NA,NA,"phase_015_subj_3"
726,18,17,"<p style=""color:rgb(150, 250, 100); font-size: 35px;"">他的</p>","other","moral","他的",7,482,482,"i","true",NA,NA,NA,NA,"phase_015_subj_3"
727,18,17,"<p style=""color:white; font-size: 35px;"">缺德</p>","negative","moral","缺德",7,527,527,"e","true",NA,NA,NA,NA,"phase_015_subj_3"
728,18,17,"<p style=""color:rgb(150, 250, 100); font-size: 35px;"">本人</p>","self","moral","本人",7,443,443,"e","true",NA,NA,NA,NA,"phase_015_subj_3"
729,18,17,"<p style=""color:white; font-size: 35px;"">不孝</p>","negative","moral","不孝",7,522,522,"e","true",NA,NA,NA,NA,"phase_015_subj_3"
730,18,17,"<p style=""color:rgb(150, 250, 100); font-size: 35px;"">别人的</p>","other","moral","别人的",7,485,485,"i","true",NA,NA,NA,NA,"phase_015_subj_3"
731,18,17,"<p style=""color:white; font-size: 35px;"">诚信</p>","positive","moral","诚信",7,496,496,"i","true",NA,NA,NA,NA,"phase_015_subj_3"
732,18,17,"<p style=""color:rgb(150, 250, 100); font-size: 35px;"">本人的</p>","self","moral","本人的",7,547,547,"e","true",NA,NA,NA,NA,"phase_015_subj_3"
733,18,17,"<p style=""color:white; font-size: 35px;"">不仁</p>","negative","moral","不仁",7,560,1151.5,"i","false",NA,NA,NA,NA,"phase_015_subj_3"
734,18,17,"<p style=""color:rgb(150, 250, 100); font-size: 35px;"">他人</p>","other","moral","他人",7,409,409,"i","true",NA,NA,NA,NA,"phase_015_subj_3"
735,18,17,"<p style=""color:white; font-size: 35px;"">诚信</p>","positive","moral","诚信",7,506,506,"i","true",NA,NA,NA,NA,"phase_015_subj_3"
736,18,17,"<p style=""color:rgb(150, 250, 100); font-size: 35px;"">本人</p>","self","moral","本人",7,534,1151.5,"i","false",NA,NA,NA,NA,"phase_015_subj_3"
737,18,17,"<p style=""color:white; font-size: 35px;"">黑心</p>","negative","moral","黑心",7,496,496,"e","true",NA,NA,NA,NA,"phase_015_subj_3"
738,18,17,"<p style=""color:rgb(150, 250, 100); font-size: 35px;"">本人的</p>","self","moral","本人的",7,468,468,"e","true",NA,NA,NA,NA,"phase_015_subj_3"
739,18,17,"<p style=""color:white; font-size: 35px;"">廉正</p>","positive","moral","廉正",7,513,513,"i","true",NA,NA,NA,NA,"phase_015_subj_3"
740,18,17,"<p style=""color:rgb(150, 250, 100); font-size: 35px;"">他</p>","other","moral","他",7,409,409,"i","true",NA,NA,NA,NA,"phase_015_subj_3"
741,18,17,"<p style=""color:white; font-size: 35px;"">不孝</p>","negative","moral","不孝",7,531,531,"e","true",NA,NA,NA,NA,"phase_015_subj_3"
742,18,17,"<p style=""color:rgb(150, 250, 100); font-size: 35px;"">自己</p>","self","moral","自己",7,618,618,"e","true",NA,NA,NA,NA,"phase_015_subj_3"
743,18,17,"<p style=""color:white; font-size: 35px;"">正直</p>","positive","moral","正直",7,555,1151.5,"e","false",NA,NA,NA,NA,"phase_015_subj_3"
744,18,17,"<p style=""color:rgb(150, 250, 100); font-size: 35px;"">他的</p>","other","moral","他的",7,399,399,"i","true",NA,NA,NA,NA,"phase_015_subj_3"
745,18,17,"<p style=""color:white; font-size: 35px;"">卑鄙</p>","negative","moral","卑鄙",7,481,481,"e","true",NA,NA,NA,NA,"phase_015_subj_3"
746,18,17,"<p style=""color:rgb(150, 250, 100); font-size: 35px;"">我</p>","self","moral","我",7,893,893,"e","true",NA,NA,NA,NA,"phase_015_subj_3"
747,18,17,"<p style=""color:white; font-size: 35px;"">廉正</p>","positive","moral","廉正",7,975,1151.5,"e","false",NA,NA,NA,NA,"phase_015_subj_3"
748,18,17,"<p style=""color:rgb(150, 250, 100); font-size: 35px;"">他人的</p>","other","moral","他人的",7,362,362,"i","true",NA,NA,NA,NA,"phase_015_subj_3"
749,18,17,"<p style=""color:white; font-size: 35px;"">不仁</p>","negative","moral","不仁",7,471,471,"e","true",NA,NA,NA,NA,"phase_015_subj_3"
750,18,17,"<p style=""color:rgb(150, 250, 100); font-size: 35px;"">自己的</p>","self","moral","自己的",7,504,504,"e","true",NA,NA,NA,NA,"phase_015_subj_3"
751,18,17,"<p style=""color:white; font-size: 35px;"">高尚</p>","positive","moral","高尚",7,566,566,"i","true",NA,NA,NA,NA,"phase_015_subj_3"
752,18,17,"<p style=""color:rgb(150, 250, 100); font-size: 35px;"">别人</p>","other","moral","别人",7,405,405,"i","true",NA,NA,NA,NA,"phase_015_subj_3"
753,18,17,"<p style=""color:white; font-size: 35px;"">缺德</p>","negative","moral","缺德",7,485,485,"e","true",NA,NA,NA,NA,"phase_015_subj_3"
754,18,17,"<p style=""color:rgb(150, 250, 100); font-size: 35px;"">自己</p>","self","moral","自己",7,696,696,"e","true",NA,NA,NA,NA,"phase_015_subj_3"
755,18,17,"<p style=""color:white; font-size: 35px;"">高尚</p>","positive","moral","高尚",7,624,624,"i","true",NA,NA,NA,NA,"phase_015_subj_3"
756,18,17,"<p style=""color:rgb(150, 250, 100); font-size: 35px;"">他人的</p>","other","moral","他人的",7,546,546,"i","true",NA,NA,NA,NA,"phase_015_subj_3"
757,18,17,"<p style=""color:white; font-size: 35px;"">小人</p>","negative","moral","小人",7,564,564,"e","true",NA,NA,NA,NA,"phase_015_subj_3"
758,18,17,"<p style=""color:rgb(150, 250, 100); font-size: 35px;"">别人的</p>","other","moral","别人的",7,735,735,"i","true",NA,NA,NA,NA,"phase_015_subj_3"
759,18,17,"<p style=""color:white; font-size: 35px;"">善良</p>","positive","moral","善良",7,627,1151.5,"e","false",NA,NA,NA,NA,"phase_015_subj_3"
760,18,17,"<p style=""color:rgb(150, 250, 100); font-size: 35px;"">自己的</p>","self","moral","自己的",7,562,562,"e","true",NA,NA,NA,NA,"phase_015_subj_3"
761,18,17,"<p style=""color:white; font-size: 35px;"">黑心</p>","negative","moral","黑心",7,1208,1208,"e","true",NA,NA,NA,NA,"phase_015_subj_3"
762,18,17,"<p style=""color:rgb(150, 250, 100); font-size: 35px;"">我的</p>","self","moral","我的",7,515,515,"e","true",NA,NA,NA,NA,"phase_015_subj_3"
763,18,17,"<p style=""color:white; font-size: 35px;"">善良</p>","positive","moral","善良",7,618,618,"i","true",NA,NA,NA,NA,"phase_015_subj_3"
764,18,17,"<p style=""color:rgb(150, 250, 100); font-size: 35px;"">他人</p>","other","moral","他人",7,392,392,"i","true",NA,NA,NA,NA,"phase_015_subj_3"
765,18,17,"<p style=""color:white; font-size: 35px;"">卑鄙</p>","negative","moral","卑鄙",7,499,499,"e","true",NA,NA,NA,NA,"phase_015_subj_3"
766,18,17,"<p style=""color:rgb(150, 250, 100); font-size: 35px;"">他</p>","other","moral","他",7,587,587,"i","true",NA,NA,NA,NA,"phase_015_subj_3"
767,18,17,"<p style=""color:white; font-size: 35px;"">君子</p>","positive","moral","君子",7,585,585,"i","true",NA,NA,NA,NA,"phase_015_subj_3"
768,18,17,"<p style=""color:rgb(150, 250, 100); font-size: 35px;"">我的</p>","self","moral","我的",7,629,1151.5,"i","false",NA,NA,NA,NA,"phase_015_subj_3"
769,18,17,"<p style=""color:white; font-size: 35px;"">君子</p>","positive","moral","君子",7,561,561,"i","true",NA,NA,NA,NA,"phase_015_subj_3"
770,18,17,"<p style=""color:rgb(150, 250, 100); font-size: 35px;"">别人</p>","other","moral","别人",7,579,579,"i","true",NA,NA,NA,NA,"phase_015_subj_3"
771,18,17,"<p style=""color:white; font-size: 35px;"">小人</p>","negative","moral","小人",7,438,1151.5,"i","false",NA,NA,NA,NA,"phase_015_subj_3"
772,18,17,"<p style=""color:rgb(150, 250, 100); font-size: 35px;"">我</p>","self","moral","我",7,601,1151.5,"i","false",NA,NA,NA,NA,"phase_015_subj_3"
773,540,NA,"
    <h3>词语分类任务</h3>
    <p>在接下来的任务中，你需要对一系列词语进行分类。</p>
    <p>请先熟悉这些词语，这有利于你完成接下来的任务。</p>
    <table align=""center"" border=1 cellpadding=3 cellspacing=0>
    <tr> <th>类别</th> <th>词语</th> </tr>
    <tr> <td>&emsp;积极&emsp;</td> <td>&emsp;能干、全能、全才、高效、精干、天才&emsp;</td> </tr>
    <tr> <td>&emsp;消极&emsp;</td> <td>&emsp;无能、低能、废物、拙笨、愚钝、蠢笨&emsp;</td> </tr>
    <tr> <td>&emsp;自我&emsp;</td> <td>&emsp;我、我的、自己、自己的、本人、本人的&emsp;</td> </tr>
    <tr> <td>&emsp;他人&emsp;</td> <td>&emsp;他、他的、别人、别人的、他人、他人的&emsp;</td> </tr>
    </table><br/>","","","",NA,26336,NA,"0","",2,2,NA,NA,"phase_015_subj_32"
774,540,1,"<p style=""color:rgb(150, 250, 100); font-size: 35px;"">别人</p>","other","ability","别人",1,565,565,"e","true",NA,NA,NA,NA,"phase_015_subj_32"
775,540,1,"<p style=""color:rgb(150, 250, 100); font-size: 35px;"">他人的</p>","other","ability","他人的",1,552,552,"e","true",NA,NA,NA,NA,"phase_015_subj_32"
776,540,1,"<p style=""color:rgb(150, 250, 100); font-size: 35px;"">我的</p>","self","ability","我的",1,439,439,"i","true",NA,NA,NA,NA,"phase_015_subj_32"
777,540,1,"<p style=""color:rgb(150, 250, 100); font-size: 35px;"">自己的</p>","self","ability","自己的",1,407,407,"i","true",NA,NA,NA,NA,"phase_015_subj_32"
778,540,1,"<p style=""color:rgb(150, 250, 100); font-size: 35px;"">别人的</p>","other","ability","别人的",1,652,652,"e","true",NA,NA,NA,NA,"phase_015_subj_32"
779,540,1,"<p style=""color:rgb(150, 250, 100); font-size: 35px;"">他</p>","other","ability","他",1,462,462,"e","true",NA,NA,NA,NA,"phase_015_subj_32"
780,540,1,"<p style=""color:rgb(150, 250, 100); font-size: 35px;"">他的</p>","other","ability","他的",1,419,419,"e","true",NA,NA,NA,NA,"phase_015_subj_32"
781,540,1,"<p style=""color:rgb(150, 250, 100); font-size: 35px;"">我</p>","self","ability","我",1,436,436,"i","true",NA,NA,NA,NA,"phase_015_subj_32"
782,540,1,"<p style=""color:rgb(150, 250, 100); font-size: 35px;"">本人的</p>","self","ability","本人的",1,442,442,"i","true",NA,NA,NA,NA,"phase_015_subj_32"
783,540,1,"<p style=""color:rgb(150, 250, 100); font-size: 35px;"">自己</p>","self","ability","自己",1,431,431,"i","true",NA,NA,NA,NA,"phase_015_subj_32"
784,540,1,"<p style=""color:rgb(150, 250, 100); font-size: 35px;"">本人</p>","self","ability","本人",1,421,421,"i","true",NA,NA,NA,NA,"phase_015_subj_32"
785,540,1,"<p style=""color:rgb(150, 250, 100); font-size: 35px;"">他人</p>","other","ability","他人",1,558,558,"e","true",NA,NA,NA,NA,"phase_015_subj_32"
786,540,2,"<p style=""color:white; font-size: 35px;"">愚钝</p>","negative","ability","愚钝",2,557,557,"e","true",NA,NA,NA,NA,"phase_015_subj_32"
787,540,2,"<p style=""color:white; font-size: 35px;"">能干</p>","positive","ability","能干",2,615,615,"i","true",NA,NA,NA,NA,"phase_015_subj_32"
788,540,2,"<p style=""color:white; font-size: 35px;"">全能</p>","positive","ability","全能",2,580,580,"i","true",NA,NA,NA,NA,"phase_015_subj_32"
789,540,2,"<p style=""color:white; font-size: 35px;"">精干</p>","positive","ability","精干",2,517,517,"e","false",NA,NA,NA,NA,"phase_015_subj_32"
790,540,2,"<p style=""color:white; font-size: 35px;"">蠢笨</p>","negative","ability","蠢笨",2,527,527,"e","true",NA,NA,NA,NA,"phase_015_subj_32"
791,540,2,"<p style=""color:white; font-size: 35px;"">拙笨</p>","negative","ability","拙笨",2,476,476,"e","true",NA,NA,NA,NA,"phase_015_subj_32"
792,540,2,"<p style=""color:white; font-size: 35px;"">废物</p>","negative","ability","废物",2,431,431,"e","true",NA,NA,NA,NA,"phase_015_subj_32"
793,540,2,"<p style=""color:white; font-size: 35px;"">天才</p>","positive","ability","天才",2,507,507,"i","true",NA,NA,NA,NA,"phase_015_subj_32"
794,540,2,"<p style=""color:white; font-size: 35px;"">全才</p>","positive","ability","全才",2,412,412,"i","true",NA,NA,NA,NA,"phase_015_subj_32"
795,540,2,"<p style=""color:white; font-size: 35px;"">无能</p>","negative","ability","无能",2,453,453,"i","false",NA,NA,NA,NA,"phase_015_subj_32"
796,540,2,"<p style=""color:white; font-size: 35px;"">高效</p>","positive","ability","高效",2,617,617,"i","true",NA,NA,NA,NA,"phase_015_subj_32"
797,540,2,"<p style=""color:white; font-size: 35px;"">低能</p>","negative","ability","低能",2,579,579,"e","true",NA,NA,NA,NA,"phase_015_subj_32"
798,540,3,"<p style=""color:rgb(150, 250, 100); font-size: 35px;"">别人</p>","other","ability","别人",3,587,587,"e","true",NA,NA,NA,NA,"phase_015_subj_32"
799,540,3,"<p style=""color:white; font-size: 35px;"">蠢笨</p>","negative","ability","蠢笨",3,460,460,"e","true",NA,NA,NA,NA,"phase_015_subj_32"
800,540,3,"<p style=""color:rgb(150, 250, 100); font-size: 35px;"">自己的</p>","self","ability","自己的",3,452,452,"i","true",NA,NA,NA,NA,"phase_015_subj_32"
801,540,3,"<p style=""color:white; font-size: 35px;"">天才</p>","positive","ability","天才",3,487,487,"i","true",NA,NA,NA,NA,"phase_015_subj_32"
802,540,3,"<p style=""color:rgb(150, 250, 100); font-size: 35px;"">别人的</p>","other","ability","别人的",3,573,573,"e","true",NA,NA,NA,NA,"phase_015_subj_32"
803,540,3,"<p style=""color:white; font-size: 35px;"">精干</p>","positive","ability","精干",3,516,516,"i","true",NA,NA,NA,NA,"phase_015_subj_32"
804,540,3,"<p style=""color:rgb(150, 250, 100); font-size: 35px;"">本人的</p>","self","ability","本人的",3,418,418,"i","true",NA,NA,NA,NA,"phase_015_subj_32"
805,540,3,"<p style=""color:white; font-size: 35px;"">无能</p>","negative","ability","无能",3,475,475,"e","true",NA,NA,NA,NA,"phase_015_subj_32"
806,540,3,"<p style=""color:rgb(150, 250, 100); font-size: 35px;"">我的</p>","self","ability","我的",3,472,472,"i","true",NA,NA,NA,NA,"phase_015_subj_32"
807,540,3,"<p style=""color:white; font-size: 35px;"">全能</p>","positive","ability","全能",3,515,515,"i","true",NA,NA,NA,NA,"phase_015_subj_32"
808,540,3,"<p style=""color:rgb(150, 250, 100); font-size: 35px;"">他人的</p>","other","ability","他人的",3,468,468,"e","true",NA,NA,NA,NA,"phase_015_subj_32"
809,540,3,"<p style=""color:white; font-size: 35px;"">低能</p>","negative","ability","低能",3,455,455,"e","true",NA,NA,NA,NA,"phase_015_subj_32"
810,540,3,"<p style=""color:rgb(150, 250, 100); font-size: 35px;"">本人</p>","self","ability","本人",3,477,477,"i","true",NA,NA,NA,NA,"phase_015_subj_32"
811,540,3,"<p style=""color:white; font-size: 35px;"">全才</p>","positive","ability","全才",3,451,451,"i","true",NA,NA,NA,NA,"phase_015_subj_32"
812,540,3,"<p style=""color:rgb(150, 250, 100); font-size: 35px;"">他人</p>","other","ability","他人",3,476,476,"e","true",NA,NA,NA,NA,"phase_015_subj_32"
813,540,3,"<p style=""color:white; font-size: 35px;"">废物</p>","negative","ability","废物",3,466,466,"e","true",NA,NA,NA,NA,"phase_015_subj_32"
814,540,3,"<p style=""color:rgb(150, 250, 100); font-size: 35px;"">自己</p>","self","ability","自己",3,553,553,"i","true",NA,NA,NA,NA,"phase_015_subj_32"
815,540,3,"<p style=""color:white; font-size: 35px;"">愚钝</p>","negative","ability","愚钝",3,562,562,"e","true",NA,NA,NA,NA,"phase_015_subj_32"
816,540,3,"<p style=""color:rgb(150, 250, 100); font-size: 35px;"">他的</p>","other","ability","他的",3,546,546,"e","true",NA,NA,NA,NA,"phase_015_subj_32"
817,540,3,"<p style=""color:white; font-size: 35px;"">高效</p>","positive","ability","高效",3,490,490,"i","true",NA,NA,NA,NA,"phase_015_subj_32"
818,540,3,"<p style=""color:rgb(150, 250, 100); font-size: 35px;"">我</p>","self","ability","我",3,450,450,"i","true",NA,NA,NA,NA,"phase_015_subj_32"
819,540,3,"<p style=""color:white; font-size: 35px;"">能干</p>","positive","ability","能干",3,392,392,"i","true",NA,NA,NA,NA,"phase_015_subj_32"
820,540,3,"<p style=""color:rgb(150, 250, 100); font-size: 35px;"">他</p>","other","ability","他",3,496,496,"e","true",NA,NA,NA,NA,"phase_015_subj_32"
821,540,3,"<p style=""color:white; font-size: 35px;"">拙笨</p>","negative","ability","拙笨",3,417,417,"e","true",NA,NA,NA,NA,"phase_015_subj_32"
822,540,4,"<p style=""color:rgb(150, 250, 100); font-size: 35px;"">自己</p>","self","ability","自己",4,514,1085.45652173913,"e","false",NA,NA,NA,NA,"phase_015_subj_32"
823,540,4,"<p style=""color:white; font-size: 35px;"">天才</p>","positive","ability","天才",4,642,642,"i","true",NA,NA,NA,NA,"phase_015_subj_32"
824,540,4,"<p style=""color:rgb(150, 250, 100); font-size: 35px;"">别人</p>","other","ability","别人",4,551,551,"e","true",NA,NA,NA,NA,"phase_015_subj_32"
825,540,4,"<p style=""color:white; font-size: 35px;"">低能</p>","negative","ability","低能",4,425,425,"e","true",NA,NA,NA,NA,"phase_015_subj_32"
826,540,4,"<p style=""color:rgb(150, 250, 100); font-size: 35px;"">本人的</p>","self","ability","本人的",4,517,517,"i","true",NA,NA,NA,NA,"phase_015_subj_32"
827,540,4,"<p style=""color:white; font-size: 35px;"">精干</p>","positive","ability","精干",4,413,413,"i","true",NA,NA,NA,NA,"phase_015_subj_32"
828,540,4,"<p style=""color:rgb(150, 250, 100); font-size: 35px;"">别人的</p>","other","ability","别人的",4,501,501,"e","true",NA,NA,NA,NA,"phase_015_subj_32"
829,540,4,"<p style=""color:white; font-size: 35px;"">拙笨</p>","negative","ability","拙笨",4,415,415,"e","true",NA,NA,NA,NA,"phase_015_subj_32"
830,540,4,"<p style=""color:rgb(150, 250, 100); font-size: 35px;"">他人</p>","other","ability","他人",4,485,485,"e","true",NA,NA,NA,NA,"phase_015_subj_32"
831,540,4,"<p style=""color:white; font-size: 35px;"">愚钝</p>","negative","ability","愚钝",4,462,462,"e","true",NA,NA,NA,NA,"phase_015_subj_32"
832,540,4,"<p style=""color:rgb(150, 250, 100); font-size: 35px;"">我</p>","self","ability","我",4,425,425,"i","true",NA,NA,NA,NA,"phase_015_subj_32"
833,540,4,"<p style=""color:white; font-size: 35px;"">精干</p>","positive","ability","精干",4,417,417,"i","true",NA,NA,NA,NA,"phase_015_subj_32"
834,540,4,"<p style=""color:rgb(150, 250, 100); font-size: 35px;"">本人</p>","self","ability","本人",4,397,397,"i","true",NA,NA,NA,NA,"phase_015_subj_32"
835,540,4,"<p style=""color:white; font-size: 35px;"">全才</p>","positive","ability","全才",4,416,416,"i","true",NA,NA,NA,NA,"phase_015_subj_32"
836,540,4,"<p style=""color:rgb(150, 250, 100); font-size: 35px;"">他</p>","other","ability","他",4,588,588,"e","true",NA,NA,NA,NA,"phase_015_subj_32"
837,540,4,"<p style=""color:white; font-size: 35px;"">废物</p>","negative","ability","废物",4,425,425,"e","true",NA,NA,NA,NA,"phase_015_subj_32"
838,540,4,"<p style=""color:rgb(150, 250, 100); font-size: 35px;"">他人的</p>","other","ability","他人的",4,522,522,"e","true",NA,NA,NA,NA,"phase_015_subj_32"
839,540,4,"<p style=""color:white; font-size: 35px;"">蠢笨</p>","negative","ability","蠢笨",4,425,425,"e","true",NA,NA,NA,NA,"phase_015_subj_32"
840,540,4,"<p style=""color:rgb(150, 250, 100); font-size: 35px;"">我</p>","self","ability","我",4,477,477,"i","true",NA,NA,NA,NA,"phase_015_subj_32"
841,540,4,"<p style=""color:white; font-size: 35px;"">全才</p>","positive","ability","全才",4,386,386,"i","true",NA,NA,NA,NA,"phase_015_subj_32"
842,540,4,"<p style=""color:rgb(150, 250, 100); font-size: 35px;"">自己的</p>","self","ability","自己的",4,408,408,"i","true",NA,NA,NA,NA,"phase_015_subj_32"
843,540,4,"<p style=""color:white; font-size: 35px;"">高效</p>","positive","ability","高效",4,452,452,"i","true",NA,NA,NA,NA,"phase_015_subj_32"
844,540,4,"<p style=""color:rgb(150, 250, 100); font-size: 35px;"">他人</p>","other","ability","他人",4,425,1085.45652173913,"i","false",NA,NA,NA,NA,"phase_015_subj_32"
845,540,4,"<p style=""color:white; font-size: 35px;"">废物</p>","negative","ability","废物",4,496,496,"e","true",NA,NA,NA,NA,"phase_015_subj_32"
846,540,4,"<p style=""color:rgb(150, 250, 100); font-size: 35px;"">我的</p>","self","ability","我的",4,565,565,"i","true",NA,NA,NA,NA,"phase_015_subj_32"
847,540,4,"<p style=""color:white; font-size: 35px;"">能干</p>","positive","ability","能干",4,511,511,"i","true",NA,NA,NA,NA,"phase_015_subj_32"
848,540,4,"<p style=""color:rgb(150, 250, 100); font-size: 35px;"">别人</p>","other","ability","别人",4,487,487,"e","true",NA,NA,NA,NA,"phase_015_subj_32"
849,540,4,"<p style=""color:white; font-size: 35px;"">拙笨</p>","negative","ability","拙笨",4,427,427,"e","true",NA,NA,NA,NA,"phase_015_subj_32"
850,540,4,"<p style=""color:rgb(150, 250, 100); font-size: 35px;"">自己的</p>","self","ability","自己的",4,690,690,"i","true",NA,NA,NA,NA,"phase_015_subj_32"
851,540,4,"<p style=""color:white; font-size: 35px;"">全能</p>","positive","ability","全能",4,486,486,"i","true",NA,NA,NA,NA,"phase_015_subj_32"
852,540,4,"<p style=""color:rgb(150, 250, 100); font-size: 35px;"">他的</p>","other","ability","他的",4,523,523,"e","true",NA,NA,NA,NA,"phase_015_subj_32"
853,540,4,"<p style=""color:white; font-size: 35px;"">低能</p>","negative","ability","低能",4,421,421,"e","true",NA,NA,NA,NA,"phase_015_subj_32"
854,540,4,"<p style=""color:rgb(150, 250, 100); font-size: 35px;"">本人的</p>","self","ability","本人的",4,486,486,"i","true",NA,NA,NA,NA,"phase_015_subj_32"
855,540,4,"<p style=""color:white; font-size: 35px;"">蠢笨</p>","negative","ability","蠢笨",4,612,612,"e","true",NA,NA,NA,NA,"phase_015_subj_32"
856,540,4,"<p style=""color:rgb(150, 250, 100); font-size: 35px;"">他的</p>","other","ability","他的",4,497,497,"e","true",NA,NA,NA,NA,"phase_015_subj_32"
857,540,4,"<p style=""color:white; font-size: 35px;"">天才</p>","positive","ability","天才",4,568,568,"i","true",NA,NA,NA,NA,"phase_015_subj_32"
858,540,4,"<p style=""color:rgb(150, 250, 100); font-size: 35px;"">我的</p>","self","ability","我的",4,426,426,"i","true",NA,NA,NA,NA,"phase_015_subj_32"
859,540,4,"<p style=""color:white; font-size: 35px;"">无能</p>","negative","ability","无能",4,557,557,"e","true",NA,NA,NA,NA,"phase_015_subj_32"
860,540,4,"<p style=""color:rgb(150, 250, 100); font-size: 35px;"">他</p>","other","ability","他",4,520,520,"e","true",NA,NA,NA,NA,"phase_015_subj_32"
861,540,4,"<p style=""color:white; font-size: 35px;"">能干</p>","positive","ability","能干",4,587,587,"i","true",NA,NA,NA,NA,"phase_015_subj_32"
862,540,4,"<p style=""color:rgb(150, 250, 100); font-size: 35px;"">他人的</p>","other","ability","他人的",4,513,513,"e","true",NA,NA,NA,NA,"phase_015_subj_32"
863,540,4,"<p style=""color:white; font-size: 35px;"">高效</p>","positive","ability","高效",4,446,446,"i","true",NA,NA,NA,NA,"phase_015_subj_32"
864,540,4,"<p style=""color:rgb(150, 250, 100); font-size: 35px;"">自己</p>","self","ability","自己",4,398,398,"i","true",NA,NA,NA,NA,"phase_015_subj_32"
865,540,4,"<p style=""color:white; font-size: 35px;"">愚钝</p>","negative","ability","愚钝",4,515,515,"e","true",NA,NA,NA,NA,"phase_015_subj_32"
866,540,4,"<p style=""color:rgb(150, 250, 100); font-size: 35px;"">别人的</p>","other","ability","别人的",4,516,516,"e","true",NA,NA,NA,NA,"phase_015_subj_32"
867,540,4,"<p style=""color:white; font-size: 35px;"">无能</p>","negative","ability","无能",4,438,438,"e","true",NA,NA,NA,NA,"phase_015_subj_32"
868,540,4,"<p style=""color:rgb(150, 250, 100); font-size: 35px;"">本人</p>","self","ability","本人",4,516,516,"i","true",NA,NA,NA,NA,"phase_015_subj_32"
869,540,4,"<p style=""color:white; font-size: 35px;"">全能</p>","positive","ability","全能",4,381,381,"i","true",NA,NA,NA,NA,"phase_015_subj_32"
870,540,5,"<p style=""color:rgb(150, 250, 100); font-size: 35px;"">自己</p>","self","ability","自己",5,807,807,"e","true",NA,NA,NA,NA,"phase_015_subj_32"
871,540,5,"<p style=""color:rgb(150, 250, 100); font-size: 35px;"">他的</p>","other","ability","他的",5,468,468,"i","true",NA,NA,NA,NA,"phase_015_subj_32"
872,540,5,"<p style=""color:rgb(150, 250, 100); font-size: 35px;"">他人</p>","other","ability","他人",5,595,595,"i","true",NA,NA,NA,NA,"phase_015_subj_32"
873,540,5,"<p style=""color:rgb(150, 250, 100); font-size: 35px;"">本人的</p>","self","ability","本人的",5,832,832,"e","true",NA,NA,NA,NA,"phase_015_subj_32"
874,540,5,"<p style=""color:rgb(150, 250, 100); font-size: 35px;"">他</p>","other","ability","他",5,502,502,"e","false",NA,NA,NA,NA,"phase_015_subj_32"
875,540,5,"<p style=""color:rgb(150, 250, 100); font-size: 35px;"">本人</p>","self","ability","本人",5,478,478,"e","true",NA,NA,NA,NA,"phase_015_subj_32"
876,540,5,"<p style=""color:rgb(150, 250, 100); font-size: 35px;"">自己的</p>","self","ability","自己的",5,387,387,"e","true",NA,NA,NA,NA,"phase_015_subj_32"
877,540,5,"<p style=""color:rgb(150, 250, 100); font-size: 35px;"">他</p>","other","ability","他",5,477,477,"i","true",NA,NA,NA,NA,"phase_015_subj_32"
878,540,5,"<p style=""color:rgb(150, 250, 100); font-size: 35px;"">我的</p>","self","ability","我的",5,477,477,"e","true",NA,NA,NA,NA,"phase_015_subj_32"
879,540,5,"<p style=""color:rgb(150, 250, 100); font-size: 35px;"">别人</p>","other","ability","别人",5,540,540,"i","true",NA,NA,NA,NA,"phase_015_subj_32"
880,540,5,"<p style=""color:rgb(150, 250, 100); font-size: 35px;"">别人的</p>","other","ability","别人的",5,562,562,"i","true",NA,NA,NA,NA,"phase_015_subj_32"
881,540,5,"<p style=""color:rgb(150, 250, 100); font-size: 35px;"">他人的</p>","other","ability","他人的",5,456,456,"i","true",NA,NA,NA,NA,"phase_015_subj_32"
882,540,5,"<p style=""color:rgb(150, 250, 100); font-size: 35px;"">自己</p>","self","ability","自己",5,440,440,"e","true",NA,NA,NA,NA,"phase_015_subj_32"
883,540,5,"<p style=""color:rgb(150, 250, 100); font-size: 35px;"">别人</p>","other","ability","别人",5,512,512,"i","true",NA,NA,NA,NA,"phase_015_subj_32"
884,540,5,"<p style=""color:rgb(150, 250, 100); font-size: 35px;"">他人</p>","other","ability","他人",5,497,497,"i","true",NA,NA,NA,NA,"phase_015_subj_32"
885,540,5,"<p style=""color:rgb(150, 250, 100); font-size: 35px;"">他的</p>","other","ability","他的",5,445,445,"i","true",NA,NA,NA,NA,"phase_015_subj_32"
886,540,5,"<p style=""color:rgb(150, 250, 100); font-size: 35px;"">我</p>","self","ability","我",5,442,442,"e","true",NA,NA,NA,NA,"phase_015_subj_32"
887,540,5,"<p style=""color:rgb(150, 250, 100); font-size: 35px;"">他人的</p>","other","ability","他人的",5,516,516,"i","true",NA,NA,NA,NA,"phase_015_subj_32"
888,540,5,"<p style=""color:rgb(150, 250, 100); font-size: 35px;"">自己的</p>","self","ability","自己的",5,558,558,"e","true",NA,NA,NA,NA,"phase_015_subj_32"
889,540,5,"<p style=""color:rgb(150, 250, 100); font-size: 35px;"">本人</p>","self","ability","本人",5,454,454,"e","true",NA,NA,NA,NA,"phase_015_subj_32"
890,540,5,"<p style=""color:rgb(150, 250, 100); font-size: 35px;"">我的</p>","self","ability","我的",5,427,427,"e","true",NA,NA,NA,NA,"phase_015_subj_32"
891,540,5,"<p style=""color:rgb(150, 250, 100); font-size: 35px;"">本人的</p>","self","ability","本人的",5,613,613,"e","true",NA,NA,NA,NA,"phase_015_subj_32"
892,540,5,"<p style=""color:rgb(150, 250, 100); font-size: 35px;"">我</p>","self","ability","我",5,521,521,"e","true",NA,NA,NA,NA,"phase_015_subj_32"
893,540,5,"<p style=""color:rgb(150, 250, 100); font-size: 35px;"">别人的</p>","other","ability","别人的",5,517,517,"i","true",NA,NA,NA,NA,"phase_015_subj_32"
894,540,6,"<p style=""color:white; font-size: 35px;"">全能</p>","positive","ability","全能",6,896,896,"i","true",NA,NA,NA,NA,"phase_015_subj_32"
895,540,6,"<p style=""color:rgb(150, 250, 100); font-size: 35px;"">我</p>","self","ability","我",6,715,715,"e","true",NA,NA,NA,NA,"phase_015_subj_32"
896,540,6,"<p style=""color:white; font-size: 35px;"">低能</p>","negative","ability","低能",6,541,541,"e","true",NA,NA,NA,NA,"phase_015_subj_32"
897,540,6,"<p style=""color:rgb(150, 250, 100); font-size: 35px;"">他</p>","other","ability","他",6,708,708,"i","true",NA,NA,NA,NA,"phase_015_subj_32"
898,540,6,"<p style=""color:white; font-size: 35px;"">高效</p>","positive","ability","高效",6,475,475,"i","true",NA,NA,NA,NA,"phase_015_subj_32"
899,540,6,"<p style=""color:rgb(150, 250, 100); font-size: 35px;"">别人</p>","other","ability","别人",6,508,508,"i","true",NA,NA,NA,NA,"phase_015_subj_32"
900,540,6,"<p style=""color:white; font-size: 35px;"">愚钝</p>","negative","ability","愚钝",6,1027,1027,"e","true",NA,NA,NA,NA,"phase_015_subj_32"
901,540,6,"<p style=""color:rgb(150, 250, 100); font-size: 35px;"">本人的</p>","self","ability","本人的",6,418,418,"e","true",NA,NA,NA,NA,"phase_015_subj_32"
902,540,6,"<p style=""color:white; font-size: 35px;"">天才</p>","positive","ability","天才",6,672,672,"i","true",NA,NA,NA,NA,"phase_015_subj_32"
903,540,6,"<p style=""color:rgb(150, 250, 100); font-size: 35px;"">自己的</p>","self","ability","自己的",6,481,1236.95238095238,"i","false",NA,NA,NA,NA,"phase_015_subj_32"
904,540,6,"<p style=""color:white; font-size: 35px;"">无能</p>","negative","ability","无能",6,720,720,"e","true",NA,NA,NA,NA,"phase_015_subj_32"
905,540,6,"<p style=""color:rgb(150, 250, 100); font-size: 35px;"">他的</p>","other","ability","他的",6,506,506,"i","true",NA,NA,NA,NA,"phase_015_subj_32"
906,540,6,"<p style=""color:white; font-size: 35px;"">废物</p>","negative","ability","废物",6,460,1236.95238095238,"i","false",NA,NA,NA,NA,"phase_015_subj_32"
907,540,6,"<p style=""color:rgb(150, 250, 100); font-size: 35px;"">本人</p>","self","ability","本人",6,646,646,"e","true",NA,NA,NA,NA,"phase_015_subj_32"
908,540,6,"<p style=""color:white; font-size: 35px;"">全才</p>","positive","ability","全才",6,744,744,"i","true",NA,NA,NA,NA,"phase_015_subj_32"
909,540,6,"<p style=""color:rgb(150, 250, 100); font-size: 35px;"">别人的</p>","other","ability","别人的",6,516,516,"i","true",NA,NA,NA,NA,"phase_015_subj_32"
910,540,6,"<p style=""color:white; font-size: 35px;"">能干</p>","positive","ability","能干",6,580,1236.95238095238,"e","false",NA,NA,NA,NA,"phase_015_subj_32"
911,540,6,"<p style=""color:rgb(150, 250, 100); font-size: 35px;"">他人</p>","other","ability","他人",6,621,621,"i","true",NA,NA,NA,NA,"phase_015_subj_32"
912,540,6,"<p style=""color:white; font-size: 35px;"">拙笨</p>","negative","ability","拙笨",6,670,670,"e","true",NA,NA,NA,NA,"phase_015_subj_32"
913,540,6,"<p style=""color:rgb(150, 250, 100); font-size: 35px;"">我的</p>","self","ability","我的",6,407,407,"e","true",NA,NA,NA,NA,"phase_015_subj_32"
914,540,6,"<p style=""color:white; font-size: 35px;"">蠢笨</p>","negative","ability","蠢笨",6,765,765,"e","true",NA,NA,NA,NA,"phase_015_subj_32"
915,540,6,"<p style=""color:rgb(150, 250, 100); font-size: 35px;"">他人的</p>","other","ability","他人的",6,485,485,"i","true",NA,NA,NA,NA,"phase_015_subj_32"
916,540,6,"<p style=""color:white; font-size: 35px;"">精干</p>","positive","ability","精干",6,726,726,"i","true",NA,NA,NA,NA,"phase_015_subj_32"
917,540,6,"<p style=""color:rgb(150, 250, 100); font-size: 35px;"">自己</p>","self","ability","自己",6,610,610,"e","true",NA,NA,NA,NA,"phase_015_subj_32"
918,540,7,"<p style=""color:white; font-size: 35px;"">无能</p>","negative","ability","无能",7,941,941,"e","true",NA,NA,NA,NA,"phase_015_subj_32"
919,540,7,"<p style=""color:rgb(150, 250, 100); font-size: 35px;"">我的</p>","self","ability","我的",7,790,790,"e","true",NA,NA,NA,NA,"phase_015_subj_32"
920,540,7,"<p style=""color:white; font-size: 35px;"">高效</p>","positive","ability","高效",7,620,620,"i","true",NA,NA,NA,NA,"phase_015_subj_32"
921,540,7,"<p style=""color:rgb(150, 250, 100); font-size: 35px;"">别人的</p>","other","ability","别人的",7,487,487,"i","true",NA,NA,NA,NA,"phase_015_subj_32"
922,540,7,"<p style=""color:white; font-size: 35px;"">低能</p>","negative","ability","低能",7,548,548,"e","true",NA,NA,NA,NA,"phase_015_subj_32"
923,540,7,"<p style=""color:rgb(150, 250, 100); font-size: 35px;"">他人</p>","other","ability","他人",7,535,535,"i","true",NA,NA,NA,NA,"phase_015_subj_32"
924,540,7,"<p style=""color:white; font-size: 35px;"">全能</p>","positive","ability","全能",7,669,669,"i","true",NA,NA,NA,NA,"phase_015_subj_32"
925,540,7,"<p style=""color:rgb(150, 250, 100); font-size: 35px;"">本人</p>","self","ability","本人",7,615,615,"e","true",NA,NA,NA,NA,"phase_015_subj_32"
926,540,7,"<p style=""color:white; font-size: 35px;"">废物</p>","negative","ability","废物",7,541,541,"e","true",NA,NA,NA,NA,"phase_015_subj_32"
927,540,7,"<p style=""color:rgb(150, 250, 100); font-size: 35px;"">他的</p>","other","ability","他的",7,581,581,"i","true",NA,NA,NA,NA,"phase_015_subj_32"
928,540,7,"<p style=""color:white; font-size: 35px;"">能干</p>","positive","ability","能干",7,497,497,"i","true",NA,NA,NA,NA,"phase_015_subj_32"
929,540,7,"<p style=""color:rgb(150, 250, 100); font-size: 35px;"">本人</p>","self","ability","本人",7,576,576,"e","true",NA,NA,NA,NA,"phase_015_subj_32"
930,540,7,"<p style=""color:white; font-size: 35px;"">拙笨</p>","negative","ability","拙笨",7,571,571,"e","true",NA,NA,NA,NA,"phase_015_subj_32"
931,540,7,"<p style=""color:rgb(150, 250, 100); font-size: 35px;"">自己的</p>","self","ability","自己的",7,731,731,"e","true",NA,NA,NA,NA,"phase_015_subj_32"
932,540,7,"<p style=""color:white; font-size: 35px;"">精干</p>","positive","ability","精干",7,641,641,"i","true",NA,NA,NA,NA,"phase_015_subj_32"
933,540,7,"<p style=""color:rgb(150, 250, 100); font-size: 35px;"">他人</p>","other","ability","他人",7,366,366,"i","true",NA,NA,NA,NA,"phase_015_subj_32"
934,540,7,"<p style=""color:white; font-size: 35px;"">愚钝</p>","negative","ability","愚钝",7,790,790,"e","true",NA,NA,NA,NA,"phase_015_subj_32"
935,540,7,"<p style=""color:rgb(150, 250, 100); font-size: 35px;"">自己</p>","self","ability","自己",7,496,496,"e","true",NA,NA,NA,NA,"phase_015_subj_32"
936,540,7,"<p style=""color:white; font-size: 35px;"">能干</p>","positive","ability","能干",7,681,681,"i","true",NA,NA,NA,NA,"phase_015_subj_32"
937,540,7,"<p style=""color:rgb(150, 250, 100); font-size: 35px;"">他人的</p>","other","ability","他人的",7,426,426,"i","true",NA,NA,NA,NA,"phase_015_subj_32"
938,540,7,"<p style=""color:white; font-size: 35px;"">低能</p>","negative","ability","低能",7,725,725,"e","true",NA,NA,NA,NA,"phase_015_subj_32"
939,540,7,"<p style=""color:rgb(150, 250, 100); font-size: 35px;"">本人的</p>","self","ability","本人的",7,551,551,"e","true",NA,NA,NA,NA,"phase_015_subj_32"
940,540,7,"<p style=""color:white; font-size: 35px;"">全能</p>","positive","ability","全能",7,611,611,"i","true",NA,NA,NA,NA,"phase_015_subj_32"
941,540,7,"<p style=""color:rgb(150, 250, 100); font-size: 35px;"">别人</p>","other","ability","别人",7,492,492,"i","true",NA,NA,NA,NA,"phase_015_subj_32"
942,540,7,"<p style=""color:white; font-size: 35px;"">精干</p>","positive","ability","精干",7,631,1214.45652173913,"e","false",NA,NA,NA,NA,"phase_015_subj_32"
943,540,7,"<p style=""color:rgb(150, 250, 100); font-size: 35px;"">别人的</p>","other","ability","别人的",7,641,641,"i","true",NA,NA,NA,NA,"phase_015_subj_32"
944,540,7,"<p style=""color:white; font-size: 35px;"">蠢笨</p>","negative","ability","蠢笨",7,966,966,"e","true",NA,NA,NA,NA,"phase_015_subj_32"
945,540,7,"<p style=""color:rgb(150, 250, 100); font-size: 35px;"">自己</p>","self","ability","自己",7,510,510,"e","true",NA,NA,NA,NA,"phase_015_subj_32"
946,540,7,"<p style=""color:white; font-size: 35px;"">无能</p>","negative","ability","无能",7,727,727,"e","true",NA,NA,NA,NA,"phase_015_subj_32"
947,540,7,"<p style=""color:rgb(150, 250, 100); font-size: 35px;"">他的</p>","other","ability","他的",7,786,786,"i","true",NA,NA,NA,NA,"phase_015_subj_32"
948,540,7,"<p style=""color:white; font-size: 35px;"">全才</p>","positive","ability","全才",7,571,571,"i","true",NA,NA,NA,NA,"phase_015_subj_32"
949,540,7,"<p style=""color:rgb(150, 250, 100); font-size: 35px;"">自己的</p>","self","ability","自己的",7,642,642,"e","true",NA,NA,NA,NA,"phase_015_subj_32"
950,540,7,"<p style=""color:white; font-size: 35px;"">全才</p>","positive","ability","全才",7,780,780,"i","true",NA,NA,NA,NA,"phase_015_subj_32"
951,540,7,"<p style=""color:rgb(150, 250, 100); font-size: 35px;"">我</p>","self","ability","我",7,572,572,"e","true",NA,NA,NA,NA,"phase_015_subj_32"
952,540,7,"<p style=""color:white; font-size: 35px;"">蠢笨</p>","negative","ability","蠢笨",7,575,575,"e","true",NA,NA,NA,NA,"phase_015_subj_32"
953,540,7,"<p style=""color:rgb(150, 250, 100); font-size: 35px;"">他</p>","other","ability","他",7,762,762,"i","true",NA,NA,NA,NA,"phase_015_subj_32"
954,540,7,"<p style=""color:white; font-size: 35px;"">天才</p>","positive","ability","天才",7,469,469,"i","true",NA,NA,NA,NA,"phase_015_subj_32"
955,540,7,"<p style=""color:rgb(150, 250, 100); font-size: 35px;"">本人的</p>","self","ability","本人的",7,541,541,"e","true",NA,NA,NA,NA,"phase_015_subj_32"
956,540,7,"<p style=""color:white; font-size: 35px;"">废物</p>","negative","ability","废物",7,486,486,"e","true",NA,NA,NA,NA,"phase_015_subj_32"
957,540,7,"<p style=""color:rgb(150, 250, 100); font-size: 35px;"">他</p>","other","ability","他",7,466,466,"i","true",NA,NA,NA,NA,"phase_015_subj_32"
958,540,7,"<p style=""color:white; font-size: 35px;"">拙笨</p>","negative","ability","拙笨",7,623,623,"e","true",NA,NA,NA,NA,"phase_015_subj_32"
959,540,7,"<p style=""color:rgb(150, 250, 100); font-size: 35px;"">他人的</p>","other","ability","他人的",7,690,690,"i","true",NA,NA,NA,NA,"phase_015_subj_32"
960,540,7,"<p style=""color:white; font-size: 35px;"">高效</p>","positive","ability","高效",7,462,462,"i","true",NA,NA,NA,NA,"phase_015_subj_32"
961,540,7,"<p style=""color:rgb(150, 250, 100); font-size: 35px;"">我的</p>","self","ability","我的",7,471,471,"e","true",NA,NA,NA,NA,"phase_015_subj_32"
962,540,7,"<p style=""color:white; font-size: 35px;"">愚钝</p>","negative","ability","愚钝",7,562,1214.45652173913,"i","false",NA,NA,NA,NA,"phase_015_subj_32"
963,540,7,"<p style=""color:rgb(150, 250, 100); font-size: 35px;"">我</p>","self","ability","我",7,752,752,"e","true",NA,NA,NA,NA,"phase_015_subj_32"
964,540,7,"<p style=""color:white; font-size: 35px;"">天才</p>","positive","ability","天才",7,886,886,"i","true",NA,NA,NA,NA,"phase_015_subj_32"
965,540,7,"<p style=""color:rgb(150, 250, 100); font-size: 35px;"">别人</p>","other","ability","别人",7,406,406,"i","true",NA,NA,NA,NA,"phase_015_subj_32"
966,540,NA,"
    <h3>词语分类任务</h3>
    <p>在接下来的任务中，你需要对一系列词语进行分类。<p/>
    请先熟悉这些词语，这有利于你完成接下来的任务。</p>
    <table align=""center"" border=1 cellpadding=3 cellspacing=0>
    <tr> <th>类别</th> <th>词语</th> </tr>
    <tr> <td>&emsp;积极&emsp;</td> <td>&emsp;高尚、诚信、善良、君子、廉正、正直&emsp;</td> </tr>
    <tr> <td>&emsp;消极&emsp;</td> <td>&emsp;缺德、卑鄙、不孝、不仁、小人、黑心&emsp;</td> </tr>
    <tr> <td>&emsp;自我&emsp;</td> <td>&emsp;我、我的、自己、自己的、本人、本人的&emsp;</td> </tr>
    <tr> <td>&emsp;他人&emsp;</td> <td>&emsp;他、他的、别人、别人的、他人、他人的&emsp;</td> </tr>
    </table><br/>","","","",NA,31151,NA,"0","",NA,NA,2,2,"phase_015_subj_32"
967,540,11,"<p style=""color:rgb(150, 250, 100); font-size: 35px;"">自己</p>","self","moral","自己",1,940,940,"i","true",NA,NA,NA,NA,"phase_015_subj_32"
968,540,11,"<p style=""color:rgb(150, 250, 100); font-size: 35px;"">他人的</p>","other","moral","他人的",1,568,568,"e","true",NA,NA,NA,NA,"phase_015_subj_32"
969,540,11,"<p style=""color:rgb(150, 250, 100); font-size: 35px;"">我的</p>","self","moral","我的",1,505,505,"i","true",NA,NA,NA,NA,"phase_015_subj_32"
970,540,11,"<p style=""color:rgb(150, 250, 100); font-size: 35px;"">他人</p>","other","moral","他人",1,569,569,"e","true",NA,NA,NA,NA,"phase_015_subj_32"
971,540,11,"<p style=""color:rgb(150, 250, 100); font-size: 35px;"">他的</p>","other","moral","他的",1,422,422,"e","true",NA,NA,NA,NA,"phase_015_subj_32"
972,540,11,"<p style=""color:rgb(150, 250, 100); font-size: 35px;"">我</p>","self","moral","我",1,432,432,"i","true",NA,NA,NA,NA,"phase_015_subj_32"
973,540,11,"<p style=""color:rgb(150, 250, 100); font-size: 35px;"">他</p>","other","moral","他",1,549,549,"e","true",NA,NA,NA,NA,"phase_015_subj_32"
974,540,11,"<p style=""color:rgb(150, 250, 100); font-size: 35px;"">本人的</p>","self","moral","本人的",1,433,433,"e","false",NA,NA,NA,NA,"phase_015_subj_32"
975,540,11,"<p style=""color:rgb(150, 250, 100); font-size: 35px;"">本人</p>","self","moral","本人",1,436,436,"i","true",NA,NA,NA,NA,"phase_015_subj_32"
976,540,11,"<p style=""color:rgb(150, 250, 100); font-size: 35px;"">自己的</p>","self","moral","自己的",1,456,456,"e","false",NA,NA,NA,NA,"phase_015_subj_32"
977,540,11,"<p style=""color:rgb(150, 250, 100); font-size: 35px;"">别人的</p>","other","moral","别人的",1,523,523,"e","true",NA,NA,NA,NA,"phase_015_subj_32"
978,540,11,"<p style=""color:rgb(150, 250, 100); font-size: 35px;"">别人</p>","other","moral","别人",1,431,431,"e","true",NA,NA,NA,NA,"phase_015_subj_32"
979,540,12,"<p style=""color:white; font-size: 35px;"">正直</p>","positive","moral","正直",2,501,501,"i","true",NA,NA,NA,NA,"phase_015_subj_32"
980,540,12,"<p style=""color:white; font-size: 35px;"">君子</p>","positive","moral","君子",2,625,625,"i","true",NA,NA,NA,NA,"phase_015_subj_32"
981,540,12,"<p style=""color:white; font-size: 35px;"">卑鄙</p>","negative","moral","卑鄙",2,447,447,"e","true",NA,NA,NA,NA,"phase_015_subj_32"
982,540,12,"<p style=""color:white; font-size: 35px;"">小人</p>","negative","moral","小人",2,526,526,"e","true",NA,NA,NA,NA,"phase_015_subj_32"
983,540,12,"<p style=""color:white; font-size: 35px;"">诚信</p>","positive","moral","诚信",2,552,552,"i","true",NA,NA,NA,NA,"phase_015_subj_32"
984,540,12,"<p style=""color:white; font-size: 35px;"">廉正</p>","positive","moral","廉正",2,444,444,"i","true",NA,NA,NA,NA,"phase_015_subj_32"
985,540,12,"<p style=""color:white; font-size: 35px;"">不仁</p>","negative","moral","不仁",2,454,454,"e","true",NA,NA,NA,NA,"phase_015_subj_32"
986,540,12,"<p style=""color:white; font-size: 35px;"">黑心</p>","negative","moral","黑心",2,422,422,"e","true",NA,NA,NA,NA,"phase_015_subj_32"
987,540,12,"<p style=""color:white; font-size: 35px;"">不孝</p>","negative","moral","不孝",2,482,482,"e","true",NA,NA,NA,NA,"phase_015_subj_32"
988,540,12,"<p style=""color:white; font-size: 35px;"">善良</p>","positive","moral","善良",2,560,560,"i","true",NA,NA,NA,NA,"phase_015_subj_32"
989,540,12,"<p style=""color:white; font-size: 35px;"">高尚</p>","positive","moral","高尚",2,403,403,"i","true",NA,NA,NA,NA,"phase_015_subj_32"
990,540,12,"<p style=""color:white; font-size: 35px;"">缺德</p>","negative","moral","缺德",2,522,522,"e","true",NA,NA,NA,NA,"phase_015_subj_32"
991,540,13,"<p style=""color:rgb(150, 250, 100); font-size: 35px;"">别人</p>","other","moral","别人",3,516,516,"e","true",NA,NA,NA,NA,"phase_015_subj_32"
992,540,13,"<p style=""color:white; font-size: 35px;"">高尚</p>","positive","moral","高尚",3,555,555,"i","true",NA,NA,NA,NA,"phase_015_subj_32"
993,540,13,"<p style=""color:rgb(150, 250, 100); font-size: 35px;"">本人</p>","self","moral","本人",3,436,436,"i","true",NA,NA,NA,NA,"phase_015_subj_32"
994,540,13,"<p style=""color:white; font-size: 35px;"">不孝</p>","negative","moral","不孝",3,428,428,"e","true",NA,NA,NA,NA,"phase_015_subj_32"
995,540,13,"<p style=""color:rgb(150, 250, 100); font-size: 35px;"">他人的</p>","other","moral","他人的",3,505,505,"e","true",NA,NA,NA,NA,"phase_015_subj_32"
996,540,13,"<p style=""color:white; font-size: 35px;"">廉正</p>","positive","moral","廉正",3,497,497,"i","true",NA,NA,NA,NA,"phase_015_subj_32"
997,540,13,"<p style=""color:rgb(150, 250, 100); font-size: 35px;"">我</p>","self","moral","我",3,426,426,"i","true",NA,NA,NA,NA,"phase_015_subj_32"
998,540,13,"<p style=""color:white; font-size: 35px;"">卑鄙</p>","negative","moral","卑鄙",3,477,477,"e","true",NA,NA,NA,NA,"phase_015_subj_32"
999,540,13,"<p style=""color:rgb(150, 250, 100); font-size: 35px;"">我的</p>","self","moral","我的",3,577,577,"i","true",NA,NA,NA,NA,"phase_015_subj_32"
1000,540,13,"<p style=""color:white; font-size: 35px;"">黑心</p>","negative","moral","黑心",3,580,580,"e","true",NA,NA,NA,NA,"phase_015_subj_32"
1001,540,13,"<p style=""color:rgb(150, 250, 100); font-size: 35px;"">他人</p>","other","moral","他人",3,522,522,"e","true",NA,NA,NA,NA,"phase_015_subj_32"
1002,540,13,"<p style=""color:white; font-size: 35px;"">君子</p>","positive","moral","君子",3,595,595,"i","true",NA,NA,NA,NA,"phase_015_subj_32"
1003,540,13,"<p style=""color:rgb(150, 250, 100); font-size: 35px;"">本人的</p>","self","moral","本人的",3,423,423,"i","true",NA,NA,NA,NA,"phase_015_subj_32"
1004,540,13,"<p style=""color:white; font-size: 35px;"">小人</p>","negative","moral","小人",3,517,517,"e","true",NA,NA,NA,NA,"phase_015_subj_32"
1005,540,13,"<p style=""color:rgb(150, 250, 100); font-size: 35px;"">他的</p>","other","moral","他的",3,480,480,"e","true",NA,NA,NA,NA,"phase_015_subj_32"
1006,540,13,"<p style=""color:white; font-size: 35px;"">正直</p>","positive","moral","正直",3,512,512,"i","true",NA,NA,NA,NA,"phase_015_subj_32"
1007,540,13,"<p style=""color:rgb(150, 250, 100); font-size: 35px;"">别人的</p>","other","moral","别人的",3,552,552,"e","true",NA,NA,NA,NA,"phase_015_subj_32"
1008,540,13,"<p style=""color:white; font-size: 35px;"">善良</p>","positive","moral","善良",3,460,460,"i","true",NA,NA,NA,NA,"phase_015_subj_32"
1009,540,13,"<p style=""color:rgb(150, 250, 100); font-size: 35px;"">自己</p>","self","moral","自己",3,430,430,"i","true",NA,NA,NA,NA,"phase_015_subj_32"
1010,540,13,"<p style=""color:white; font-size: 35px;"">缺德</p>","negative","moral","缺德",3,457,457,"e","true",NA,NA,NA,NA,"phase_015_subj_32"
1011,540,13,"<p style=""color:rgb(150, 250, 100); font-size: 35px;"">他</p>","other","moral","他",3,497,497,"e","true",NA,NA,NA,NA,"phase_015_subj_32"
1012,540,13,"<p style=""color:white; font-size: 35px;"">不仁</p>","negative","moral","不仁",3,544,544,"e","true",NA,NA,NA,NA,"phase_015_subj_32"
1013,540,13,"<p style=""color:rgb(150, 250, 100); font-size: 35px;"">自己的</p>","self","moral","自己的",3,406,406,"i","true",NA,NA,NA,NA,"phase_015_subj_32"
1014,540,13,"<p style=""color:white; font-size: 35px;"">诚信</p>","positive","moral","诚信",3,426,426,"i","true",NA,NA,NA,NA,"phase_015_subj_32"
1015,540,14,"<p style=""color:rgb(150, 250, 100); font-size: 35px;"">我的</p>","self","moral","我的",4,397,397,"i","true",NA,NA,NA,NA,"phase_015_subj_32"
1016,540,14,"<p style=""color:white; font-size: 35px;"">缺德</p>","negative","moral","缺德",4,411,411,"e","true",NA,NA,NA,NA,"phase_015_subj_32"
1017,540,14,"<p style=""color:rgb(150, 250, 100); font-size: 35px;"">他人</p>","other","moral","他人",4,387,387,"e","true",NA,NA,NA,NA,"phase_015_subj_32"
1018,540,14,"<p style=""color:white; font-size: 35px;"">高尚</p>","positive","moral","高尚",4,525,525,"i","true",NA,NA,NA,NA,"phase_015_subj_32"
1019,540,14,"<p style=""color:rgb(150, 250, 100); font-size: 35px;"">自己</p>","self","moral","自己",4,446,446,"i","true",NA,NA,NA,NA,"phase_015_subj_32"
1020,540,14,"<p style=""color:white; font-size: 35px;"">君子</p>","positive","moral","君子",4,501,501,"i","true",NA,NA,NA,NA,"phase_015_subj_32"
1021,540,14,"<p style=""color:rgb(150, 250, 100); font-size: 35px;"">他人的</p>","other","moral","他人的",4,536,536,"e","true",NA,NA,NA,NA,"phase_015_subj_32"
1022,540,14,"<p style=""color:white; font-size: 35px;"">缺德</p>","negative","moral","缺德",4,436,436,"e","true",NA,NA,NA,NA,"phase_015_subj_32"
1023,540,14,"<p style=""color:rgb(150, 250, 100); font-size: 35px;"">我的</p>","self","moral","我的",4,465,465,"i","true",NA,NA,NA,NA,"phase_015_subj_32"
1024,540,14,"<p style=""color:white; font-size: 35px;"">高尚</p>","positive","moral","高尚",4,512,512,"i","true",NA,NA,NA,NA,"phase_015_subj_32"
1025,540,14,"<p style=""color:rgb(150, 250, 100); font-size: 35px;"">别人</p>","other","moral","别人",4,516,516,"e","true",NA,NA,NA,NA,"phase_015_subj_32"
1026,540,14,"<p style=""color:white; font-size: 35px;"">不孝</p>","negative","moral","不孝",4,512,512,"e","true",NA,NA,NA,NA,"phase_015_subj_32"
1027,540,14,"<p style=""color:rgb(150, 250, 100); font-size: 35px;"">本人</p>","self","moral","本人",4,412,412,"i","true",NA,NA,NA,NA,"phase_015_subj_32"
1028,540,14,"<p style=""color:white; font-size: 35px;"">卑鄙</p>","negative","moral","卑鄙",4,467,467,"e","true",NA,NA,NA,NA,"phase_015_subj_32"
1029,540,14,"<p style=""color:rgb(150, 250, 100); font-size: 35px;"">他</p>","other","moral","他",4,555,555,"e","true",NA,NA,NA,NA,"phase_015_subj_32"
1030,540,14,"<p style=""color:white; font-size: 35px;"">君子</p>","positive","moral","君子",4,464,464,"i","true",NA,NA,NA,NA,"phase_015_subj_32"
1031,540,14,"<p style=""color:rgb(150, 250, 100); font-size: 35px;"">他</p>","other","moral","他",4,419,1057.87234042553,"i","false",NA,NA,NA,NA,"phase_015_subj_32"
1032,540,14,"<p style=""color:white; font-size: 35px;"">正直</p>","positive","moral","正直",4,377,377,"i","true",NA,NA,NA,NA,"phase_015_subj_32"
1033,540,14,"<p style=""color:rgb(150, 250, 100); font-size: 35px;"">我</p>","self","moral","我",4,437,437,"i","true",NA,NA,NA,NA,"phase_015_subj_32"
1034,540,14,"<p style=""color:white; font-size: 35px;"">小人</p>","negative","moral","小人",4,460,460,"e","true",NA,NA,NA,NA,"phase_015_subj_32"
1035,540,14,"<p style=""color:rgb(150, 250, 100); font-size: 35px;"">别人的</p>","other","moral","别人的",4,492,492,"e","true",NA,NA,NA,NA,"phase_015_subj_32"
1036,540,14,"<p style=""color:white; font-size: 35px;"">不仁</p>","negative","moral","不仁",4,496,496,"e","true",NA,NA,NA,NA,"phase_015_subj_32"
1037,540,14,"<p style=""color:rgb(150, 250, 100); font-size: 35px;"">自己的</p>","self","moral","自己的",4,426,426,"i","true",NA,NA,NA,NA,"phase_015_subj_32"
1038,540,14,"<p style=""color:white; font-size: 35px;"">诚信</p>","positive","moral","诚信",4,431,431,"i","true",NA,NA,NA,NA,"phase_015_subj_32"
1039,540,14,"<p style=""color:rgb(150, 250, 100); font-size: 35px;"">自己</p>","self","moral","自己",4,382,382,"i","true",NA,NA,NA,NA,"phase_015_subj_32"
1040,540,14,"<p style=""color:white; font-size: 35px;"">廉正</p>","positive","moral","廉正",4,491,491,"i","true",NA,NA,NA,NA,"phase_015_subj_32"
1041,540,14,"<p style=""color:rgb(150, 250, 100); font-size: 35px;"">别人的</p>","other","moral","别人的",4,472,472,"e","true",NA,NA,NA,NA,"phase_015_subj_32"
1042,540,14,"<p style=""color:white; font-size: 35px;"">不仁</p>","negative","moral","不仁",4,377,377,"e","true",NA,NA,NA,NA,"phase_015_subj_32"
1043,540,14,"<p style=""color:rgb(150, 250, 100); font-size: 35px;"">他的</p>","other","moral","他的",4,426,426,"e","true",NA,NA,NA,NA,"phase_015_subj_32"
1044,540,14,"<p style=""color:white; font-size: 35px;"">黑心</p>","negative","moral","黑心",4,432,432,"e","true",NA,NA,NA,NA,"phase_015_subj_32"
1045,540,14,"<p style=""color:rgb(150, 250, 100); font-size: 35px;"">我</p>","self","moral","我",4,372,372,"i","true",NA,NA,NA,NA,"phase_015_subj_32"
1046,540,14,"<p style=""color:white; font-size: 35px;"">正直</p>","positive","moral","正直",4,380,380,"i","true",NA,NA,NA,NA,"phase_015_subj_32"
1047,540,14,"<p style=""color:rgb(150, 250, 100); font-size: 35px;"">本人的</p>","self","moral","本人的",4,457,457,"i","true",NA,NA,NA,NA,"phase_015_subj_32"
1048,540,14,"<p style=""color:white; font-size: 35px;"">卑鄙</p>","negative","moral","卑鄙",4,427,427,"e","true",NA,NA,NA,NA,"phase_015_subj_32"
1049,540,14,"<p style=""color:rgb(150, 250, 100); font-size: 35px;"">他人</p>","other","moral","他人",4,453,453,"e","true",NA,NA,NA,NA,"phase_015_subj_32"
1050,540,14,"<p style=""color:white; font-size: 35px;"">廉正</p>","positive","moral","廉正",4,456,456,"i","true",NA,NA,NA,NA,"phase_015_subj_32"
1051,540,14,"<p style=""color:rgb(150, 250, 100); font-size: 35px;"">自己的</p>","self","moral","自己的",4,416,416,"i","true",NA,NA,NA,NA,"phase_015_subj_32"
1052,540,14,"<p style=""color:white; font-size: 35px;"">不孝</p>","negative","moral","不孝",4,436,436,"e","true",NA,NA,NA,NA,"phase_015_subj_32"
1053,540,14,"<p style=""color:rgb(150, 250, 100); font-size: 35px;"">他人的</p>","other","moral","他人的",4,457,457,"e","true",NA,NA,NA,NA,"phase_015_subj_32"
1054,540,14,"<p style=""color:white; font-size: 35px;"">诚信</p>","positive","moral","诚信",4,391,391,"i","true",NA,NA,NA,NA,"phase_015_subj_32"
1055,540,14,"<p style=""color:rgb(150, 250, 100); font-size: 35px;"">别人</p>","other","moral","别人",4,473,473,"e","true",NA,NA,NA,NA,"phase_015_subj_32"
1056,540,14,"<p style=""color:white; font-size: 35px;"">善良</p>","positive","moral","善良",4,392,392,"i","true",NA,NA,NA,NA,"phase_015_subj_32"
1057,540,14,"<p style=""color:rgb(150, 250, 100); font-size: 35px;"">本人的</p>","self","moral","本人的",4,481,481,"i","true",NA,NA,NA,NA,"phase_015_subj_32"
1058,540,14,"<p style=""color:white; font-size: 35px;"">小人</p>","negative","moral","小人",4,521,521,"e","true",NA,NA,NA,NA,"phase_015_subj_32"
1059,540,14,"<p style=""color:rgb(150, 250, 100); font-size: 35px;"">本人</p>","self","moral","本人",4,561,561,"i","true",NA,NA,NA,NA,"phase_015_subj_32"
1060,540,14,"<p style=""color:white; font-size: 35px;"">黑心</p>","negative","moral","黑心",4,572,572,"e","true",NA,NA,NA,NA,"phase_015_subj_32"
1061,540,14,"<p style=""color:rgb(150, 250, 100); font-size: 35px;"">他的</p>","other","moral","他的",4,561,561,"e","true",NA,NA,NA,NA,"phase_015_subj_32"
1062,540,14,"<p style=""color:white; font-size: 35px;"">善良</p>","positive","moral","善良",4,473,473,"i","true",NA,NA,NA,NA,"phase_015_subj_32"
1063,540,15,"<p style=""color:rgb(150, 250, 100); font-size: 35px;"">别人</p>","other","moral","别人",5,621,621,"i","true",NA,NA,NA,NA,"phase_015_subj_32"
1064,540,15,"<p style=""color:rgb(150, 250, 100); font-size: 35px;"">他的</p>","other","moral","他的",5,427,427,"i","true",NA,NA,NA,NA,"phase_015_subj_32"
1065,540,15,"<p style=""color:rgb(150, 250, 100); font-size: 35px;"">我</p>","self","moral","我",5,403,403,"e","true",NA,NA,NA,NA,"phase_015_subj_32"
1066,540,15,"<p style=""color:rgb(150, 250, 100); font-size: 35px;"">本人的</p>","self","moral","本人的",5,407,407,"e","true",NA,NA,NA,NA,"phase_015_subj_32"
1067,540,15,"<p style=""color:rgb(150, 250, 100); font-size: 35px;"">自己</p>","self","moral","自己",5,493,493,"e","true",NA,NA,NA,NA,"phase_015_subj_32"
1068,540,15,"<p style=""color:rgb(150, 250, 100); font-size: 35px;"">他人的</p>","other","moral","他人的",5,483,483,"i","true",NA,NA,NA,NA,"phase_015_subj_32"
1069,540,15,"<p style=""color:rgb(150, 250, 100); font-size: 35px;"">我的</p>","self","moral","我的",5,418,418,"e","true",NA,NA,NA,NA,"phase_015_subj_32"
1070,540,15,"<p style=""color:rgb(150, 250, 100); font-size: 35px;"">他人</p>","other","moral","他人",5,515,515,"i","true",NA,NA,NA,NA,"phase_015_subj_32"
1071,540,15,"<p style=""color:rgb(150, 250, 100); font-size: 35px;"">自己的</p>","self","moral","自己的",5,646,646,"e","true",NA,NA,NA,NA,"phase_015_subj_32"
1072,540,15,"<p style=""color:rgb(150, 250, 100); font-size: 35px;"">他</p>","other","moral","他",5,715,715,"i","true",NA,NA,NA,NA,"phase_015_subj_32"
1073,540,15,"<p style=""color:rgb(150, 250, 100); font-size: 35px;"">别人</p>","other","moral","别人",5,472,472,"i","true",NA,NA,NA,NA,"phase_015_subj_32"
1074,540,15,"<p style=""color:rgb(150, 250, 100); font-size: 35px;"">他的</p>","other","moral","他的",5,491,491,"i","true",NA,NA,NA,NA,"phase_015_subj_32"
1075,540,15,"<p style=""color:rgb(150, 250, 100); font-size: 35px;"">别人的</p>","other","moral","别人的",5,446,446,"i","true",NA,NA,NA,NA,"phase_015_subj_32"
1076,540,15,"<p style=""color:rgb(150, 250, 100); font-size: 35px;"">自己的</p>","self","moral","自己的",5,483,483,"e","true",NA,NA,NA,NA,"phase_015_subj_32"
1077,540,15,"<p style=""color:rgb(150, 250, 100); font-size: 35px;"">本人的</p>","self","moral","本人的",5,465,465,"e","true",NA,NA,NA,NA,"phase_015_subj_32"
1078,540,15,"<p style=""color:rgb(150, 250, 100); font-size: 35px;"">本人</p>","self","moral","本人",5,396,396,"e","true",NA,NA,NA,NA,"phase_015_subj_32"
1079,540,15,"<p style=""color:rgb(150, 250, 100); font-size: 35px;"">他</p>","other","moral","他",5,555,555,"i","true",NA,NA,NA,NA,"phase_015_subj_32"
1080,540,15,"<p style=""color:rgb(150, 250, 100); font-size: 35px;"">他人</p>","other","moral","他人",5,417,417,"i","true",NA,NA,NA,NA,"phase_015_subj_32"
1081,540,15,"<p style=""color:rgb(150, 250, 100); font-size: 35px;"">我</p>","self","moral","我",5,445,445,"e","true",NA,NA,NA,NA,"phase_015_subj_32"
1082,540,15,"<p style=""color:rgb(150, 250, 100); font-size: 35px;"">本人</p>","self","moral","本人",5,378,378,"e","true",NA,NA,NA,NA,"phase_015_subj_32"
1083,540,15,"<p style=""color:rgb(150, 250, 100); font-size: 35px;"">别人的</p>","other","moral","别人的",5,516,516,"i","true",NA,NA,NA,NA,"phase_015_subj_32"
1084,540,15,"<p style=""color:rgb(150, 250, 100); font-size: 35px;"">自己</p>","self","moral","自己",5,460,460,"e","true",NA,NA,NA,NA,"phase_015_subj_32"
1085,540,15,"<p style=""color:rgb(150, 250, 100); font-size: 35px;"">我的</p>","self","moral","我的",5,595,595,"e","true",NA,NA,NA,NA,"phase_015_subj_32"
1086,540,15,"<p style=""color:rgb(150, 250, 100); font-size: 35px;"">他人的</p>","other","moral","他人的",5,547,547,"i","true",NA,NA,NA,NA,"phase_015_subj_32"
1087,540,16,"<p style=""color:white; font-size: 35px;"">卑鄙</p>","negative","moral","卑鄙",6,773,773,"e","true",NA,NA,NA,NA,"phase_015_subj_32"
1088,540,16,"<p style=""color:rgb(150, 250, 100); font-size: 35px;"">他人</p>","other","moral","他人",6,481,481,"i","true",NA,NA,NA,NA,"phase_015_subj_32"
1089,540,16,"<p style=""color:white; font-size: 35px;"">正直</p>","positive","moral","正直",6,467,467,"i","true",NA,NA,NA,NA,"phase_015_subj_32"
1090,540,16,"<p style=""color:rgb(150, 250, 100); font-size: 35px;"">本人的</p>","self","moral","本人的",6,522,522,"e","true",NA,NA,NA,NA,"phase_015_subj_32"
1091,540,16,"<p style=""color:white; font-size: 35px;"">不孝</p>","negative","moral","不孝",6,830,830,"e","true",NA,NA,NA,NA,"phase_015_subj_32"
1092,540,16,"<p style=""color:rgb(150, 250, 100); font-size: 35px;"">他的</p>","other","moral","他的",6,515,515,"i","true",NA,NA,NA,NA,"phase_015_subj_32"
1093,540,16,"<p style=""color:white; font-size: 35px;"">高尚</p>","positive","moral","高尚",6,485,485,"i","true",NA,NA,NA,NA,"phase_015_subj_32"
1094,540,16,"<p style=""color:rgb(150, 250, 100); font-size: 35px;"">我</p>","self","moral","我",6,487,487,"e","true",NA,NA,NA,NA,"phase_015_subj_32"
1095,540,16,"<p style=""color:white; font-size: 35px;"">小人</p>","negative","moral","小人",6,621,621,"e","true",NA,NA,NA,NA,"phase_015_subj_32"
1096,540,16,"<p style=""color:rgb(150, 250, 100); font-size: 35px;"">自己</p>","self","moral","自己",6,442,442,"e","true",NA,NA,NA,NA,"phase_015_subj_32"
1097,540,16,"<p style=""color:white; font-size: 35px;"">善良</p>","positive","moral","善良",6,600,600,"i","true",NA,NA,NA,NA,"phase_015_subj_32"
1098,540,16,"<p style=""color:rgb(150, 250, 100); font-size: 35px;"">他人的</p>","other","moral","他人的",6,426,426,"i","true",NA,NA,NA,NA,"phase_015_subj_32"
1099,540,16,"<p style=""color:white; font-size: 35px;"">君子</p>","positive","moral","君子",6,433,1182.77272727273,"e","false",NA,NA,NA,NA,"phase_015_subj_32"
1100,540,16,"<p style=""color:rgb(150, 250, 100); font-size: 35px;"">他</p>","other","moral","他",6,452,1182.77272727273,"e","false",NA,NA,NA,NA,"phase_015_subj_32"
1101,540,16,"<p style=""color:white; font-size: 35px;"">不仁</p>","negative","moral","不仁",6,561,561,"e","true",NA,NA,NA,NA,"phase_015_subj_32"
1102,540,16,"<p style=""color:rgb(150, 250, 100); font-size: 35px;"">我的</p>","self","moral","我的",6,514,514,"e","true",NA,NA,NA,NA,"phase_015_subj_32"
1103,540,16,"<p style=""color:white; font-size: 35px;"">诚信</p>","positive","moral","诚信",6,799,799,"i","true",NA,NA,NA,NA,"phase_015_subj_32"
1104,540,16,"<p style=""color:rgb(150, 250, 100); font-size: 35px;"">自己的</p>","self","moral","自己的",6,565,565,"e","true",NA,NA,NA,NA,"phase_015_subj_32"
1105,540,16,"<p style=""color:white; font-size: 35px;"">黑心</p>","negative","moral","黑心",6,492,492,"e","true",NA,NA,NA,NA,"phase_015_subj_32"
1106,540,16,"<p style=""color:rgb(150, 250, 100); font-size: 35px;"">别人</p>","other","moral","别人",6,686,686,"i","true",NA,NA,NA,NA,"phase_015_subj_32"
1107,540,16,"<p style=""color:white; font-size: 35px;"">缺德</p>","negative","moral","缺德",6,575,575,"e","true",NA,NA,NA,NA,"phase_015_subj_32"
1108,540,16,"<p style=""color:rgb(150, 250, 100); font-size: 35px;"">别人的</p>","other","moral","别人的",6,745,745,"i","true",NA,NA,NA,NA,"phase_015_subj_32"
1109,540,16,"<p style=""color:white; font-size: 35px;"">廉正</p>","positive","moral","廉正",6,655,655,"i","true",NA,NA,NA,NA,"phase_015_subj_32"
1110,540,16,"<p style=""color:rgb(150, 250, 100); font-size: 35px;"">本人</p>","self","moral","本人",6,580,580,"e","true",NA,NA,NA,NA,"phase_015_subj_32"
1111,540,17,"<p style=""color:white; font-size: 35px;"">不仁</p>","negative","moral","不仁",7,640,640,"e","true",NA,NA,NA,NA,"phase_015_subj_32"
1112,540,17,"<p style=""color:rgb(150, 250, 100); font-size: 35px;"">我的</p>","self","moral","我的",7,1045,1221.65217391304,"i","false",NA,NA,NA,NA,"phase_015_subj_32"
1113,540,17,"<p style=""color:white; font-size: 35px;"">廉正</p>","positive","moral","廉正",7,909,909,"i","true",NA,NA,NA,NA,"phase_015_subj_32"
1114,540,17,"<p style=""color:rgb(150, 250, 100); font-size: 35px;"">他人</p>","other","moral","他人",7,376,376,"i","true",NA,NA,NA,NA,"phase_015_subj_32"
1115,540,17,"<p style=""color:white; font-size: 35px;"">不仁</p>","negative","moral","不仁",7,621,621,"e","true",NA,NA,NA,NA,"phase_015_subj_32"
1116,540,17,"<p style=""color:rgb(150, 250, 100); font-size: 35px;"">本人</p>","self","moral","本人",7,731,731,"e","true",NA,NA,NA,NA,"phase_015_subj_32"
1117,540,17,"<p style=""color:white; font-size: 35px;"">君子</p>","positive","moral","君子",7,821,821,"i","true",NA,NA,NA,NA,"phase_015_subj_32"
1118,540,17,"<p style=""color:rgb(150, 250, 100); font-size: 35px;"">他</p>","other","moral","他",7,378,378,"i","true",NA,NA,NA,NA,"phase_015_subj_32"
1119,540,17,"<p style=""color:white; font-size: 35px;"">不孝</p>","negative","moral","不孝",7,526,526,"e","true",NA,NA,NA,NA,"phase_015_subj_32"
1120,540,17,"<p style=""color:rgb(150, 250, 100); font-size: 35px;"">别人</p>","other","moral","别人",7,699,699,"i","true",NA,NA,NA,NA,"phase_015_subj_32"
1121,540,17,"<p style=""color:white; font-size: 35px;"">诚信</p>","positive","moral","诚信",7,564,564,"i","true",NA,NA,NA,NA,"phase_015_subj_32"
1122,540,17,"<p style=""color:rgb(150, 250, 100); font-size: 35px;"">自己</p>","self","moral","自己",7,802,802,"e","true",NA,NA,NA,NA,"phase_015_subj_32"
1123,540,17,"<p style=""color:white; font-size: 35px;"">缺德</p>","negative","moral","缺德",7,630,630,"e","true",NA,NA,NA,NA,"phase_015_subj_32"
1124,540,17,"<p style=""color:rgb(150, 250, 100); font-size: 35px;"">本人的</p>","self","moral","本人的",7,788,1221.65217391304,"i","false",NA,NA,NA,NA,"phase_015_subj_32"
1125,540,17,"<p style=""color:white; font-size: 35px;"">高尚</p>","positive","moral","高尚",7,767,767,"i","true",NA,NA,NA,NA,"phase_015_subj_32"
1126,540,17,"<p style=""color:rgb(150, 250, 100); font-size: 35px;"">他人的</p>","other","moral","他人的",7,410,410,"i","true",NA,NA,NA,NA,"phase_015_subj_32"
1127,540,17,"<p style=""color:white; font-size: 35px;"">卑鄙</p>","negative","moral","卑鄙",7,600,600,"e","true",NA,NA,NA,NA,"phase_015_subj_32"
1128,540,17,"<p style=""color:rgb(150, 250, 100); font-size: 35px;"">本人</p>","self","moral","本人",7,821,821,"e","true",NA,NA,NA,NA,"phase_015_subj_32"
1129,540,17,"<p style=""color:white; font-size: 35px;"">善良</p>","positive","moral","善良",7,631,631,"i","true",NA,NA,NA,NA,"phase_015_subj_32"
1130,540,17,"<p style=""color:rgb(150, 250, 100); font-size: 35px;"">别人的</p>","other","moral","别人的",7,412,412,"i","true",NA,NA,NA,NA,"phase_015_subj_32"
1131,540,17,"<p style=""color:white; font-size: 35px;"">小人</p>","negative","moral","小人",7,657,657,"e","true",NA,NA,NA,NA,"phase_015_subj_32"
1132,540,17,"<p style=""color:rgb(150, 250, 100); font-size: 35px;"">别人</p>","other","moral","别人",7,754,754,"i","true",NA,NA,NA,NA,"phase_015_subj_32"
1133,540,17,"<p style=""color:white; font-size: 35px;"">诚信</p>","positive","moral","诚信",7,652,652,"i","true",NA,NA,NA,NA,"phase_015_subj_32"
1134,540,17,"<p style=""color:rgb(150, 250, 100); font-size: 35px;"">我</p>","self","moral","我",7,520,520,"e","true",NA,NA,NA,NA,"phase_015_subj_32"
1135,540,17,"<p style=""color:white; font-size: 35px;"">廉正</p>","positive","moral","廉正",7,667,667,"i","true",NA,NA,NA,NA,"phase_015_subj_32"
1136,540,17,"<p style=""color:rgb(150, 250, 100); font-size: 35px;"">他人</p>","other","moral","他人",7,430,430,"i","true",NA,NA,NA,NA,"phase_015_subj_32"
1137,540,17,"<p style=""color:white; font-size: 35px;"">小人</p>","negative","moral","小人",7,531,531,"e","true",NA,NA,NA,NA,"phase_015_subj_32"
1138,540,17,"<p style=""color:rgb(150, 250, 100); font-size: 35px;"">自己</p>","self","moral","自己",7,593,593,"e","true",NA,NA,NA,NA,"phase_015_subj_32"
1139,540,17,"<p style=""color:white; font-size: 35px;"">黑心</p>","negative","moral","黑心",7,839,839,"e","true",NA,NA,NA,NA,"phase_015_subj_32"
1140,540,17,"<p style=""color:rgb(150, 250, 100); font-size: 35px;"">他</p>","other","moral","他",7,769,769,"i","true",NA,NA,NA,NA,"phase_015_subj_32"
1141,540,17,"<p style=""color:white; font-size: 35px;"">正直</p>","positive","moral","正直",7,477,477,"i","true",NA,NA,NA,NA,"phase_015_subj_32"
1142,540,17,"<p style=""color:rgb(150, 250, 100); font-size: 35px;"">自己的</p>","self","moral","自己的",7,657,657,"e","true",NA,NA,NA,NA,"phase_015_subj_32"
1143,540,17,"<p style=""color:white; font-size: 35px;"">高尚</p>","positive","moral","高尚",7,701,701,"i","true",NA,NA,NA,NA,"phase_015_subj_32"
1144,540,17,"<p style=""color:rgb(150, 250, 100); font-size: 35px;"">别人的</p>","other","moral","别人的",7,534,534,"i","true",NA,NA,NA,NA,"phase_015_subj_32"
1145,540,17,"<p style=""color:white; font-size: 35px;"">卑鄙</p>","negative","moral","卑鄙",7,685,685,"e","true",NA,NA,NA,NA,"phase_015_subj_32"
1146,540,17,"<p style=""color:rgb(150, 250, 100); font-size: 35px;"">本人的</p>","self","moral","本人的",7,432,432,"e","true",NA,NA,NA,NA,"phase_015_subj_32"
1147,540,17,"<p style=""color:white; font-size: 35px;"">君子</p>","positive","moral","君子",7,562,562,"i","true",NA,NA,NA,NA,"phase_015_subj_32"
1148,540,17,"<p style=""color:rgb(150, 250, 100); font-size: 35px;"">他的</p>","other","moral","他的",7,456,456,"i","true",NA,NA,NA,NA,"phase_015_subj_32"
1149,540,17,"<p style=""color:white; font-size: 35px;"">不孝</p>","negative","moral","不孝",7,586,586,"e","true",NA,NA,NA,NA,"phase_015_subj_32"
1150,540,17,"<p style=""color:rgb(150, 250, 100); font-size: 35px;"">自己的</p>","self","moral","自己的",7,460,460,"e","true",NA,NA,NA,NA,"phase_015_subj_32"
1151,540,17,"<p style=""color:white; font-size: 35px;"">正直</p>","positive","moral","正直",7,576,576,"i","true",NA,NA,NA,NA,"phase_015_subj_32"
1152,540,17,"<p style=""color:rgb(150, 250, 100); font-size: 35px;"">我</p>","self","moral","我",7,665,665,"e","true",NA,NA,NA,NA,"phase_015_subj_32"
1153,540,17,"<p style=""color:white; font-size: 35px;"">黑心</p>","negative","moral","黑心",7,677,677,"e","true",NA,NA,NA,NA,"phase_015_subj_32"
1154,540,17,"<p style=""color:rgb(150, 250, 100); font-size: 35px;"">他的</p>","other","moral","他的",7,869,869,"i","true",NA,NA,NA,NA,"phase_015_subj_32"
1155,540,17,"<p style=""color:white; font-size: 35px;"">善良</p>","positive","moral","善良",7,490,490,"i","true",NA,NA,NA,NA,"phase_015_subj_32"
1156,540,17,"<p style=""color:rgb(150, 250, 100); font-size: 35px;"">他人的</p>","other","moral","他人的",7,497,497,"i","true",NA,NA,NA,NA,"phase_015_subj_32"
1157,540,17,"<p style=""color:white; font-size: 35px;"">缺德</p>","negative","moral","缺德",7,996,996,"e","true",NA,NA,NA,NA,"phase_015_subj_32"
1158,540,17,"<p style=""color:rgb(150, 250, 100); font-size: 35px;"">我的</p>","self","moral","我的",7,526,526,"e","true",NA,NA,NA,NA,"phase_015_subj_32"
1931,404,NA,"
    <h3>词语分类任务</h3>
    <p>在接下来的任务中，你需要对一系列词语进行分类。</p>
    <p>请先熟悉这些词语，这有利于你完成接下来的任务。</p>
    <table align=""center"" border=1 cellpadding=3 cellspacing=0>
    <tr> <th>类别</th> <th>词语</th> </tr>
    <tr> <td>&emsp;积极&emsp;</td> <td>&emsp;能干、全能、全才、高效、精干、天才&emsp;</td> </tr>
    <tr> <td>&emsp;消极&emsp;</td> <td>&emsp;无能、低能、废物、拙笨、愚钝、蠢笨&emsp;</td> </tr>
    <tr> <td>&emsp;自我&emsp;</td> <td>&emsp;我、我的、自己、自己的、本人、本人的&emsp;</td> </tr>
    <tr> <td>&emsp;他人&emsp;</td> <td>&emsp;他、他的、别人、别人的、他人、他人的&emsp;</td> </tr>
    </table><br/>","","","",NA,53127,NA,"0","",1,1,NA,NA,"phase_015_subj_23"
1932,404,1,"<p style=""color:rgb(150, 250, 100); font-size: 35px;"">自己</p>","self","ability","自己",1,632,632,"e","true",NA,NA,NA,NA,"phase_015_subj_23"
1933,404,1,"<p style=""color:rgb(150, 250, 100); font-size: 35px;"">我的</p>","self","ability","我的",1,858,858,"e","true",NA,NA,NA,NA,"phase_015_subj_23"
1934,404,1,"<p style=""color:rgb(150, 250, 100); font-size: 35px;"">自己的</p>","self","ability","自己的",1,504,504,"e","true",NA,NA,NA,NA,"phase_015_subj_23"
1935,404,1,"<p style=""color:rgb(150, 250, 100); font-size: 35px;"">别人</p>","other","ability","别人",1,378,378,"i","true",NA,NA,NA,NA,"phase_015_subj_23"
1936,404,1,"<p style=""color:rgb(150, 250, 100); font-size: 35px;"">别人的</p>","other","ability","别人的",1,401,401,"i","true",NA,NA,NA,NA,"phase_015_subj_23"
1937,404,1,"<p style=""color:rgb(150, 250, 100); font-size: 35px;"">他人的</p>","other","ability","他人的",1,343,343,"i","true",NA,NA,NA,NA,"phase_015_subj_23"
1938,404,1,"<p style=""color:rgb(150, 250, 100); font-size: 35px;"">我</p>","self","ability","我",1,365,365,"e","true",NA,NA,NA,NA,"phase_015_subj_23"
1939,404,1,"<p style=""color:rgb(150, 250, 100); font-size: 35px;"">本人的</p>","self","ability","本人的",1,359,359,"e","true",NA,NA,NA,NA,"phase_015_subj_23"
1940,404,1,"<p style=""color:rgb(150, 250, 100); font-size: 35px;"">他</p>","other","ability","他",1,464,464,"i","true",NA,NA,NA,NA,"phase_015_subj_23"
1941,404,1,"<p style=""color:rgb(150, 250, 100); font-size: 35px;"">他人</p>","other","ability","他人",1,375,375,"e","false",NA,NA,NA,NA,"phase_015_subj_23"
1942,404,1,"<p style=""color:rgb(150, 250, 100); font-size: 35px;"">他的</p>","other","ability","他的",1,500,500,"i","true",NA,NA,NA,NA,"phase_015_subj_23"
1943,404,1,"<p style=""color:rgb(150, 250, 100); font-size: 35px;"">本人</p>","self","ability","本人",1,713,713,"e","true",NA,NA,NA,NA,"phase_015_subj_23"
1944,404,2,"<p style=""color:white; font-size: 35px;"">拙笨</p>","negative","ability","拙笨",2,2005,2005,"i","true",NA,NA,NA,NA,"phase_015_subj_23"
1945,404,2,"<p style=""color:white; font-size: 35px;"">天才</p>","positive","ability","天才",2,873,873,"e","true",NA,NA,NA,NA,"phase_015_subj_23"
1946,404,2,"<p style=""color:white; font-size: 35px;"">能干</p>","positive","ability","能干",2,709,709,"e","true",NA,NA,NA,NA,"phase_015_subj_23"
1947,404,2,"<p style=""color:white; font-size: 35px;"">低能</p>","negative","ability","低能",2,888,888,"i","true",NA,NA,NA,NA,"phase_015_subj_23"
1948,404,2,"<p style=""color:white; font-size: 35px;"">愚钝</p>","negative","ability","愚钝",2,701,701,"i","true",NA,NA,NA,NA,"phase_015_subj_23"
1949,404,2,"<p style=""color:white; font-size: 35px;"">精干</p>","positive","ability","精干",2,464,464,"e","true",NA,NA,NA,NA,"phase_015_subj_23"
1950,404,2,"<p style=""color:white; font-size: 35px;"">高效</p>","positive","ability","高效",2,670,670,"e","true",NA,NA,NA,NA,"phase_015_subj_23"
1951,404,2,"<p style=""color:white; font-size: 35px;"">全才</p>","positive","ability","全才",2,505,505,"e","true",NA,NA,NA,NA,"phase_015_subj_23"
1952,404,2,"<p style=""color:white; font-size: 35px;"">无能</p>","negative","ability","无能",2,627,627,"i","true",NA,NA,NA,NA,"phase_015_subj_23"
1953,404,2,"<p style=""color:white; font-size: 35px;"">蠢笨</p>","negative","ability","蠢笨",2,471,471,"i","true",NA,NA,NA,NA,"phase_015_subj_23"
1954,404,2,"<p style=""color:white; font-size: 35px;"">废物</p>","negative","ability","废物",2,576,576,"i","true",NA,NA,NA,NA,"phase_015_subj_23"
1955,404,2,"<p style=""color:white; font-size: 35px;"">全能</p>","positive","ability","全能",2,582,582,"e","true",NA,NA,NA,NA,"phase_015_subj_23"
1956,404,3,"<p style=""color:rgb(150, 250, 100); font-size: 35px;"">他的</p>","other","ability","他的",3,722,722,"i","true",NA,NA,NA,NA,"phase_015_subj_23"
1957,404,3,"<p style=""color:white; font-size: 35px;"">能干</p>","positive","ability","能干",3,1173,1173,"e","true",NA,NA,NA,NA,"phase_015_subj_23"
1958,404,3,"<p style=""color:rgb(150, 250, 100); font-size: 35px;"">本人</p>","self","ability","本人",3,940,940,"e","true",NA,NA,NA,NA,"phase_015_subj_23"
1959,404,3,"<p style=""color:white; font-size: 35px;"">无能</p>","negative","ability","无能",3,430,430,"i","true",NA,NA,NA,NA,"phase_015_subj_23"
1960,404,3,"<p style=""color:rgb(150, 250, 100); font-size: 35px;"">我的</p>","self","ability","我的",3,604,604,"e","true",NA,NA,NA,NA,"phase_015_subj_23"
1961,404,3,"<p style=""color:white; font-size: 35px;"">低能</p>","negative","ability","低能",3,974,974,"i","true",NA,NA,NA,NA,"phase_015_subj_23"
1962,404,3,"<p style=""color:rgb(150, 250, 100); font-size: 35px;"">别人的</p>","other","ability","别人的",3,738,738,"i","true",NA,NA,NA,NA,"phase_015_subj_23"
1963,404,3,"<p style=""color:white; font-size: 35px;"">精干</p>","positive","ability","精干",3,723,723,"e","true",NA,NA,NA,NA,"phase_015_subj_23"
1964,404,3,"<p style=""color:rgb(150, 250, 100); font-size: 35px;"">他人的</p>","other","ability","他人的",3,788,788,"i","true",NA,NA,NA,NA,"phase_015_subj_23"
1965,404,3,"<p style=""color:white; font-size: 35px;"">蠢笨</p>","negative","ability","蠢笨",3,1280,1280,"i","true",NA,NA,NA,NA,"phase_015_subj_23"
1966,404,3,"<p style=""color:rgb(150, 250, 100); font-size: 35px;"">我</p>","self","ability","我",3,514,514,"e","true",NA,NA,NA,NA,"phase_015_subj_23"
1967,404,3,"<p style=""color:white; font-size: 35px;"">全能</p>","positive","ability","全能",3,916,916,"e","true",NA,NA,NA,NA,"phase_015_subj_23"
1968,404,3,"<p style=""color:rgb(150, 250, 100); font-size: 35px;"">他</p>","other","ability","他",3,647,647,"i","true",NA,NA,NA,NA,"phase_015_subj_23"
1969,404,3,"<p style=""color:white; font-size: 35px;"">天才</p>","positive","ability","天才",3,790,790,"e","true",NA,NA,NA,NA,"phase_015_subj_23"
1970,404,3,"<p style=""color:rgb(150, 250, 100); font-size: 35px;"">本人的</p>","self","ability","本人的",3,744,744,"e","true",NA,NA,NA,NA,"phase_015_subj_23"
1971,404,3,"<p style=""color:white; font-size: 35px;"">废物</p>","negative","ability","废物",3,504,504,"i","true",NA,NA,NA,NA,"phase_015_subj_23"
1972,404,3,"<p style=""color:rgb(150, 250, 100); font-size: 35px;"">他人</p>","other","ability","他人",3,1482,1482,"i","true",NA,NA,NA,NA,"phase_015_subj_23"
1973,404,3,"<p style=""color:white; font-size: 35px;"">愚钝</p>","negative","ability","愚钝",3,643,643,"i","true",NA,NA,NA,NA,"phase_015_subj_23"
1974,404,3,"<p style=""color:rgb(150, 250, 100); font-size: 35px;"">自己</p>","self","ability","自己",3,737,737,"e","true",NA,NA,NA,NA,"phase_015_subj_23"
1975,404,3,"<p style=""color:white; font-size: 35px;"">高效</p>","positive","ability","高效",3,565,565,"e","true",NA,NA,NA,NA,"phase_015_subj_23"
1976,404,3,"<p style=""color:rgb(150, 250, 100); font-size: 35px;"">别人</p>","other","ability","别人",3,711,711,"i","true",NA,NA,NA,NA,"phase_015_subj_23"
1977,404,3,"<p style=""color:white; font-size: 35px;"">拙笨</p>","negative","ability","拙笨",3,653,653,"i","true",NA,NA,NA,NA,"phase_015_subj_23"
1978,404,3,"<p style=""color:rgb(150, 250, 100); font-size: 35px;"">自己的</p>","self","ability","自己的",3,554,554,"e","true",NA,NA,NA,NA,"phase_015_subj_23"
1979,404,3,"<p style=""color:white; font-size: 35px;"">全才</p>","positive","ability","全才",3,557,557,"e","true",NA,NA,NA,NA,"phase_015_subj_23"
1980,404,4,"<p style=""color:rgb(150, 250, 100); font-size: 35px;"">他人</p>","other","ability","他人",4,805,805,"i","true",NA,NA,NA,NA,"phase_015_subj_23"
1981,404,4,"<p style=""color:white; font-size: 35px;"">低能</p>","negative","ability","低能",4,650,650,"i","true",NA,NA,NA,NA,"phase_015_subj_23"
1982,404,4,"<p style=""color:rgb(150, 250, 100); font-size: 35px;"">自己</p>","self","ability","自己",4,637,637,"e","true",NA,NA,NA,NA,"phase_015_subj_23"
1983,404,4,"<p style=""color:white; font-size: 35px;"">全才</p>","positive","ability","全才",4,484,484,"e","true",NA,NA,NA,NA,"phase_015_subj_23"
1984,404,4,"<p style=""color:rgb(150, 250, 100); font-size: 35px;"">本人的</p>","self","ability","本人的",4,644,644,"e","true",NA,NA,NA,NA,"phase_015_subj_23"
1985,404,4,"<p style=""color:white; font-size: 35px;"">愚钝</p>","negative","ability","愚钝",4,600,600,"i","true",NA,NA,NA,NA,"phase_015_subj_23"
1986,404,4,"<p style=""color:rgb(150, 250, 100); font-size: 35px;"">他的</p>","other","ability","他的",4,502,502,"i","true",NA,NA,NA,NA,"phase_015_subj_23"
1987,404,4,"<p style=""color:white; font-size: 35px;"">精干</p>","positive","ability","精干",4,545,545,"e","true",NA,NA,NA,NA,"phase_015_subj_23"
1988,404,4,"<p style=""color:rgb(150, 250, 100); font-size: 35px;"">别人的</p>","other","ability","别人的",4,635,635,"i","true",NA,NA,NA,NA,"phase_015_subj_23"
1989,404,4,"<p style=""color:white; font-size: 35px;"">能干</p>","positive","ability","能干",4,612,612,"e","true",NA,NA,NA,NA,"phase_015_subj_23"
1990,404,4,"<p style=""color:rgb(150, 250, 100); font-size: 35px;"">我的</p>","self","ability","我的",4,635,635,"e","true",NA,NA,NA,NA,"phase_015_subj_23"
1991,404,4,"<p style=""color:white; font-size: 35px;"">无能</p>","negative","ability","无能",4,461,461,"i","true",NA,NA,NA,NA,"phase_015_subj_23"
1992,404,4,"<p style=""color:rgb(150, 250, 100); font-size: 35px;"">自己的</p>","self","ability","自己的",4,564,564,"e","true",NA,NA,NA,NA,"phase_015_subj_23"
1993,404,4,"<p style=""color:white; font-size: 35px;"">蠢笨</p>","negative","ability","蠢笨",4,598,598,"i","true",NA,NA,NA,NA,"phase_015_subj_23"
1994,404,4,"<p style=""color:rgb(150, 250, 100); font-size: 35px;"">他</p>","other","ability","他",4,559,559,"i","true",NA,NA,NA,NA,"phase_015_subj_23"
1995,404,4,"<p style=""color:white; font-size: 35px;"">高效</p>","positive","ability","高效",4,442,442,"e","true",NA,NA,NA,NA,"phase_015_subj_23"
1996,404,4,"<p style=""color:rgb(150, 250, 100); font-size: 35px;"">别人</p>","other","ability","别人",4,601,601,"i","true",NA,NA,NA,NA,"phase_015_subj_23"
1997,404,4,"<p style=""color:white; font-size: 35px;"">全才</p>","positive","ability","全才",4,742,742,"e","true",NA,NA,NA,NA,"phase_015_subj_23"
1998,404,4,"<p style=""color:rgb(150, 250, 100); font-size: 35px;"">自己的</p>","self","ability","自己的",4,622,622,"e","true",NA,NA,NA,NA,"phase_015_subj_23"
1999,404,4,"<p style=""color:white; font-size: 35px;"">拙笨</p>","negative","ability","拙笨",4,427,427,"i","true",NA,NA,NA,NA,"phase_015_subj_23"
2000,404,4,"<p style=""color:rgb(150, 250, 100); font-size: 35px;"">我</p>","self","ability","我",4,502,502,"e","true",NA,NA,NA,NA,"phase_015_subj_23"
2001,404,4,"<p style=""color:white; font-size: 35px;"">废物</p>","negative","ability","废物",4,593,593,"i","true",NA,NA,NA,NA,"phase_015_subj_23"
2002,404,4,"<p style=""color:rgb(150, 250, 100); font-size: 35px;"">别人</p>","other","ability","别人",4,730,730,"i","true",NA,NA,NA,NA,"phase_015_subj_23"
2003,404,4,"<p style=""color:white; font-size: 35px;"">能干</p>","positive","ability","能干",4,595,595,"e","true",NA,NA,NA,NA,"phase_015_subj_23"
2004,404,4,"<p style=""color:rgb(150, 250, 100); font-size: 35px;"">本人的</p>","self","ability","本人的",4,643,643,"e","true",NA,NA,NA,NA,"phase_015_subj_23"
2005,404,4,"<p style=""color:white; font-size: 35px;"">废物</p>","negative","ability","废物",4,1445,1445,"i","true",NA,NA,NA,NA,"phase_015_subj_23"
2006,404,4,"<p style=""color:rgb(150, 250, 100); font-size: 35px;"">别人的</p>","other","ability","别人的",4,1149,1149,"i","true",NA,NA,NA,NA,"phase_015_subj_23"
2007,404,4,"<p style=""color:white; font-size: 35px;"">天才</p>","positive","ability","天才",4,557,557,"e","true",NA,NA,NA,NA,"phase_015_subj_23"
2008,404,4,"<p style=""color:rgb(150, 250, 100); font-size: 35px;"">本人</p>","self","ability","本人",4,732,732,"e","true",NA,NA,NA,NA,"phase_015_subj_23"
2009,404,4,"<p style=""color:white; font-size: 35px;"">精干</p>","positive","ability","精干",4,511,1282.53191489362,"i","false",NA,NA,NA,NA,"phase_015_subj_23"
2010,404,4,"<p style=""color:rgb(150, 250, 100); font-size: 35px;"">他人的</p>","other","ability","他人的",4,1054,1054,"i","true",NA,NA,NA,NA,"phase_015_subj_23"
2011,404,4,"<p style=""color:white; font-size: 35px;"">低能</p>","negative","ability","低能",4,1447,1447,"i","true",NA,NA,NA,NA,"phase_015_subj_23"
2012,404,4,"<p style=""color:rgb(150, 250, 100); font-size: 35px;"">我</p>","self","ability","我",4,1077,1077,"e","true",NA,NA,NA,NA,"phase_015_subj_23"
2013,404,4,"<p style=""color:white; font-size: 35px;"">蠢笨</p>","negative","ability","蠢笨",4,827,827,"i","true",NA,NA,NA,NA,"phase_015_subj_23"
2014,404,4,"<p style=""color:rgb(150, 250, 100); font-size: 35px;"">他</p>","other","ability","他",4,970,970,"i","true",NA,NA,NA,NA,"phase_015_subj_23"
2015,404,4,"<p style=""color:white; font-size: 35px;"">高效</p>","positive","ability","高效",4,521,521,"e","true",NA,NA,NA,NA,"phase_015_subj_23"
2016,404,4,"<p style=""color:rgb(150, 250, 100); font-size: 35px;"">他人的</p>","other","ability","他人的",4,768,768,"i","true",NA,NA,NA,NA,"phase_015_subj_23"
2017,404,4,"<p style=""color:white; font-size: 35px;"">全能</p>","positive","ability","全能",4,569,569,"e","true",NA,NA,NA,NA,"phase_015_subj_23"
2018,404,4,"<p style=""color:rgb(150, 250, 100); font-size: 35px;"">自己</p>","self","ability","自己",4,735,735,"e","true",NA,NA,NA,NA,"phase_015_subj_23"
2019,404,4,"<p style=""color:white; font-size: 35px;"">拙笨</p>","negative","ability","拙笨",4,477,477,"i","true",NA,NA,NA,NA,"phase_015_subj_23"
2020,404,4,"<p style=""color:rgb(150, 250, 100); font-size: 35px;"">我的</p>","self","ability","我的",4,525,525,"e","true",NA,NA,NA,NA,"phase_015_subj_23"
2021,404,4,"<p style=""color:white; font-size: 35px;"">愚钝</p>","negative","ability","愚钝",4,590,590,"i","true",NA,NA,NA,NA,"phase_015_subj_23"
2022,404,4,"<p style=""color:rgb(150, 250, 100); font-size: 35px;"">他人</p>","other","ability","他人",4,664,664,"i","true",NA,NA,NA,NA,"phase_015_subj_23"
2023,404,4,"<p style=""color:white; font-size: 35px;"">全能</p>","positive","ability","全能",4,670,670,"e","true",NA,NA,NA,NA,"phase_015_subj_23"
2024,404,4,"<p style=""color:rgb(150, 250, 100); font-size: 35px;"">他的</p>","other","ability","他的",4,638,638,"i","true",NA,NA,NA,NA,"phase_015_subj_23"
2025,404,4,"<p style=""color:white; font-size: 35px;"">天才</p>","positive","ability","天才",4,819,819,"e","true",NA,NA,NA,NA,"phase_015_subj_23"
2026,404,4,"<p style=""color:rgb(150, 250, 100); font-size: 35px;"">本人</p>","self","ability","本人",4,556,556,"e","true",NA,NA,NA,NA,"phase_015_subj_23"
2027,404,4,"<p style=""color:white; font-size: 35px;"">无能</p>","negative","ability","无能",4,461,461,"i","true",NA,NA,NA,NA,"phase_015_subj_23"
2028,404,5,"<p style=""color:rgb(150, 250, 100); font-size: 35px;"">我的</p>","self","ability","我的",5,751,751,"i","true",NA,NA,NA,NA,"phase_015_subj_23"
2029,404,5,"<p style=""color:rgb(150, 250, 100); font-size: 35px;"">他的</p>","other","ability","他的",5,613,613,"e","true",NA,NA,NA,NA,"phase_015_subj_23"
2030,404,5,"<p style=""color:rgb(150, 250, 100); font-size: 35px;"">自己的</p>","self","ability","自己的",5,522,522,"i","true",NA,NA,NA,NA,"phase_015_subj_23"
2031,404,5,"<p style=""color:rgb(150, 250, 100); font-size: 35px;"">他人的</p>","other","ability","他人的",5,317,317,"e","true",NA,NA,NA,NA,"phase_015_subj_23"
2032,404,5,"<p style=""color:rgb(150, 250, 100); font-size: 35px;"">别人</p>","other","ability","别人",5,494,494,"i","false",NA,NA,NA,NA,"phase_015_subj_23"
2033,404,5,"<p style=""color:rgb(150, 250, 100); font-size: 35px;"">自己</p>","self","ability","自己",5,1061,1061,"i","true",NA,NA,NA,NA,"phase_015_subj_23"
2034,404,5,"<p style=""color:rgb(150, 250, 100); font-size: 35px;"">他人</p>","other","ability","他人",5,731,731,"e","true",NA,NA,NA,NA,"phase_015_subj_23"
2035,404,5,"<p style=""color:rgb(150, 250, 100); font-size: 35px;"">别人的</p>","other","ability","别人的",5,565,565,"e","true",NA,NA,NA,NA,"phase_015_subj_23"
2036,404,5,"<p style=""color:rgb(150, 250, 100); font-size: 35px;"">他的</p>","other","ability","他的",5,679,679,"e","true",NA,NA,NA,NA,"phase_015_subj_23"
2037,404,5,"<p style=""color:rgb(150, 250, 100); font-size: 35px;"">自己的</p>","self","ability","自己的",5,510,510,"i","true",NA,NA,NA,NA,"phase_015_subj_23"
2038,404,5,"<p style=""color:rgb(150, 250, 100); font-size: 35px;"">我的</p>","self","ability","我的",5,908,908,"i","true",NA,NA,NA,NA,"phase_015_subj_23"
2039,404,5,"<p style=""color:rgb(150, 250, 100); font-size: 35px;"">本人</p>","self","ability","本人",5,412,412,"e","false",NA,NA,NA,NA,"phase_015_subj_23"
2040,404,5,"<p style=""color:rgb(150, 250, 100); font-size: 35px;"">我</p>","self","ability","我",5,493,493,"i","true",NA,NA,NA,NA,"phase_015_subj_23"
2041,404,5,"<p style=""color:rgb(150, 250, 100); font-size: 35px;"">自己</p>","self","ability","自己",5,490,490,"i","true",NA,NA,NA,NA,"phase_015_subj_23"
2042,404,5,"<p style=""color:rgb(150, 250, 100); font-size: 35px;"">本人的</p>","self","ability","本人的",5,663,663,"i","true",NA,NA,NA,NA,"phase_015_subj_23"
2043,404,5,"<p style=""color:rgb(150, 250, 100); font-size: 35px;"">别人</p>","other","ability","别人",5,523,523,"e","true",NA,NA,NA,NA,"phase_015_subj_23"
2044,404,5,"<p style=""color:rgb(150, 250, 100); font-size: 35px;"">本人</p>","self","ability","本人",5,560,560,"i","true",NA,NA,NA,NA,"phase_015_subj_23"
2045,404,5,"<p style=""color:rgb(150, 250, 100); font-size: 35px;"">他</p>","other","ability","他",5,570,570,"e","true",NA,NA,NA,NA,"phase_015_subj_23"
2046,404,5,"<p style=""color:rgb(150, 250, 100); font-size: 35px;"">本人的</p>","self","ability","本人的",5,596,596,"i","true",NA,NA,NA,NA,"phase_015_subj_23"
2047,404,5,"<p style=""color:rgb(150, 250, 100); font-size: 35px;"">别人的</p>","other","ability","别人的",5,655,655,"e","true",NA,NA,NA,NA,"phase_015_subj_23"
2048,404,5,"<p style=""color:rgb(150, 250, 100); font-size: 35px;"">他人</p>","other","ability","他人",5,605,605,"e","true",NA,NA,NA,NA,"phase_015_subj_23"
2049,404,5,"<p style=""color:rgb(150, 250, 100); font-size: 35px;"">我</p>","self","ability","我",5,429,429,"i","true",NA,NA,NA,NA,"phase_015_subj_23"
2050,404,5,"<p style=""color:rgb(150, 250, 100); font-size: 35px;"">他人的</p>","other","ability","他人的",5,774,774,"e","true",NA,NA,NA,NA,"phase_015_subj_23"
2051,404,5,"<p style=""color:rgb(150, 250, 100); font-size: 35px;"">他</p>","other","ability","他",5,707,707,"e","true",NA,NA,NA,NA,"phase_015_subj_23"
2052,404,6,"<p style=""color:white; font-size: 35px;"">蠢笨</p>","negative","ability","蠢笨",6,1209,1209,"i","true",NA,NA,NA,NA,"phase_015_subj_23"
2053,404,6,"<p style=""color:rgb(150, 250, 100); font-size: 35px;"">本人的</p>","self","ability","本人的",6,1947,1947,"i","true",NA,NA,NA,NA,"phase_015_subj_23"
2054,404,6,"<p style=""color:white; font-size: 35px;"">全才</p>","positive","ability","全才",6,723,723,"e","true",NA,NA,NA,NA,"phase_015_subj_23"
2055,404,6,"<p style=""color:rgb(150, 250, 100); font-size: 35px;"">别人的</p>","other","ability","别人的",6,435,435,"e","true",NA,NA,NA,NA,"phase_015_subj_23"
2056,404,6,"<p style=""color:white; font-size: 35px;"">天才</p>","positive","ability","天才",6,979,979,"e","true",NA,NA,NA,NA,"phase_015_subj_23"
2057,404,6,"<p style=""color:rgb(150, 250, 100); font-size: 35px;"">他的</p>","other","ability","他的",6,532,532,"e","true",NA,NA,NA,NA,"phase_015_subj_23"
2058,404,6,"<p style=""color:white; font-size: 35px;"">废物</p>","negative","ability","废物",6,660,660,"i","true",NA,NA,NA,NA,"phase_015_subj_23"
2059,404,6,"<p style=""color:rgb(150, 250, 100); font-size: 35px;"">本人</p>","self","ability","本人",6,424,424,"i","true",NA,NA,NA,NA,"phase_015_subj_23"
2060,404,6,"<p style=""color:white; font-size: 35px;"">低能</p>","negative","ability","低能",6,757,757,"i","true",NA,NA,NA,NA,"phase_015_subj_23"
2061,404,6,"<p style=""color:rgb(150, 250, 100); font-size: 35px;"">我的</p>","self","ability","我的",6,486,486,"i","true",NA,NA,NA,NA,"phase_015_subj_23"
2062,404,6,"<p style=""color:white; font-size: 35px;"">全能</p>","positive","ability","全能",6,775,775,"e","true",NA,NA,NA,NA,"phase_015_subj_23"
2063,404,6,"<p style=""color:rgb(150, 250, 100); font-size: 35px;"">别人</p>","other","ability","别人",6,453,453,"e","true",NA,NA,NA,NA,"phase_015_subj_23"
2064,404,6,"<p style=""color:white; font-size: 35px;"">拙笨</p>","negative","ability","拙笨",6,1094,1094,"i","true",NA,NA,NA,NA,"phase_015_subj_23"
2065,404,6,"<p style=""color:rgb(150, 250, 100); font-size: 35px;"">他</p>","other","ability","他",6,605,605,"e","true",NA,NA,NA,NA,"phase_015_subj_23"
2066,404,6,"<p style=""color:white; font-size: 35px;"">能干</p>","positive","ability","能干",6,2287,2287,"e","true",NA,NA,NA,NA,"phase_015_subj_23"
2067,404,6,"<p style=""color:rgb(150, 250, 100); font-size: 35px;"">自己的</p>","self","ability","自己的",6,544,544,"i","true",NA,NA,NA,NA,"phase_015_subj_23"
2068,404,6,"<p style=""color:white; font-size: 35px;"">精干</p>","positive","ability","精干",6,1069,1069,"e","true",NA,NA,NA,NA,"phase_015_subj_23"
2069,404,6,"<p style=""color:rgb(150, 250, 100); font-size: 35px;"">他人</p>","other","ability","他人",6,788,788,"e","true",NA,NA,NA,NA,"phase_015_subj_23"
2070,404,6,"<p style=""color:white; font-size: 35px;"">无能</p>","negative","ability","无能",6,702,702,"i","true",NA,NA,NA,NA,"phase_015_subj_23"
2071,404,6,"<p style=""color:rgb(150, 250, 100); font-size: 35px;"">自己</p>","self","ability","自己",6,473,473,"i","true",NA,NA,NA,NA,"phase_015_subj_23"
2072,404,6,"<p style=""color:white; font-size: 35px;"">愚钝</p>","negative","ability","愚钝",6,668,668,"i","true",NA,NA,NA,NA,"phase_015_subj_23"
2073,404,6,"<p style=""color:rgb(150, 250, 100); font-size: 35px;"">他人的</p>","other","ability","他人的",6,671,671,"e","true",NA,NA,NA,NA,"phase_015_subj_23"
2074,404,6,"<p style=""color:white; font-size: 35px;"">高效</p>","positive","ability","高效",6,1393,1393,"e","true",NA,NA,NA,NA,"phase_015_subj_23"
2075,404,6,"<p style=""color:rgb(150, 250, 100); font-size: 35px;"">我</p>","self","ability","我",6,798,798,"i","true",NA,NA,NA,NA,"phase_015_subj_23"
2076,404,7,"<p style=""color:white; font-size: 35px;"">高效</p>","positive","ability","高效",7,969,969,"e","true",NA,NA,NA,NA,"phase_015_subj_23"
2077,404,7,"<p style=""color:rgb(150, 250, 100); font-size: 35px;"">本人的</p>","self","ability","本人的",7,654,654,"i","true",NA,NA,NA,NA,"phase_015_subj_23"
2078,404,7,"<p style=""color:white; font-size: 35px;"">愚钝</p>","negative","ability","愚钝",7,1006,1006,"i","true",NA,NA,NA,NA,"phase_015_subj_23"
2079,404,7,"<p style=""color:rgb(150, 250, 100); font-size: 35px;"">别人的</p>","other","ability","别人的",7,642,642,"e","true",NA,NA,NA,NA,"phase_015_subj_23"
2080,404,7,"<p style=""color:white; font-size: 35px;"">蠢笨</p>","negative","ability","蠢笨",7,1173,1300.97826086957,"e","false",NA,NA,NA,NA,"phase_015_subj_23"
2081,404,7,"<p style=""color:rgb(150, 250, 100); font-size: 35px;"">别人</p>","other","ability","别人",7,832,832,"e","true",NA,NA,NA,NA,"phase_015_subj_23"
2082,404,7,"<p style=""color:white; font-size: 35px;"">全能</p>","positive","ability","全能",7,1349,1349,"e","true",NA,NA,NA,NA,"phase_015_subj_23"
2083,404,7,"<p style=""color:rgb(150, 250, 100); font-size: 35px;"">本人</p>","self","ability","本人",7,525,525,"i","true",NA,NA,NA,NA,"phase_015_subj_23"
2084,404,7,"<p style=""color:white; font-size: 35px;"">全能</p>","positive","ability","全能",7,841,841,"e","true",NA,NA,NA,NA,"phase_015_subj_23"
2085,404,7,"<p style=""color:rgb(150, 250, 100); font-size: 35px;"">他的</p>","other","ability","他的",7,435,435,"e","true",NA,NA,NA,NA,"phase_015_subj_23"
2086,404,7,"<p style=""color:white; font-size: 35px;"">无能</p>","negative","ability","无能",7,678,678,"i","true",NA,NA,NA,NA,"phase_015_subj_23"
2087,404,7,"<p style=""color:rgb(150, 250, 100); font-size: 35px;"">自己</p>","self","ability","自己",7,631,631,"i","true",NA,NA,NA,NA,"phase_015_subj_23"
2088,404,7,"<p style=""color:white; font-size: 35px;"">蠢笨</p>","negative","ability","蠢笨",7,811,811,"i","true",NA,NA,NA,NA,"phase_015_subj_23"
2089,404,7,"<p style=""color:rgb(150, 250, 100); font-size: 35px;"">他人</p>","other","ability","他人",7,436,436,"e","true",NA,NA,NA,NA,"phase_015_subj_23"
2090,404,7,"<p style=""color:white; font-size: 35px;"">能干</p>","positive","ability","能干",7,915,915,"e","true",NA,NA,NA,NA,"phase_015_subj_23"
2091,404,7,"<p style=""color:rgb(150, 250, 100); font-size: 35px;"">本人的</p>","self","ability","本人的",7,694,694,"i","true",NA,NA,NA,NA,"phase_015_subj_23"
2092,404,7,"<p style=""color:white; font-size: 35px;"">高效</p>","positive","ability","高效",7,874,874,"e","true",NA,NA,NA,NA,"phase_015_subj_23"
2093,404,7,"<p style=""color:rgb(150, 250, 100); font-size: 35px;"">我</p>","self","ability","我",7,386,386,"i","true",NA,NA,NA,NA,"phase_015_subj_23"
2094,404,7,"<p style=""color:white; font-size: 35px;"">废物</p>","negative","ability","废物",7,1226,1226,"i","true",NA,NA,NA,NA,"phase_015_subj_23"
2095,404,7,"<p style=""color:rgb(150, 250, 100); font-size: 35px;"">别人</p>","other","ability","别人",7,364,364,"e","true",NA,NA,NA,NA,"phase_015_subj_23"
2096,404,7,"<p style=""color:white; font-size: 35px;"">低能</p>","negative","ability","低能",7,765,765,"i","true",NA,NA,NA,NA,"phase_015_subj_23"
2097,404,7,"<p style=""color:rgb(150, 250, 100); font-size: 35px;"">他的</p>","other","ability","他的",7,424,424,"e","true",NA,NA,NA,NA,"phase_015_subj_23"
2098,404,7,"<p style=""color:white; font-size: 35px;"">天才</p>","positive","ability","天才",7,772,772,"e","true",NA,NA,NA,NA,"phase_015_subj_23"
2099,404,7,"<p style=""color:rgb(150, 250, 100); font-size: 35px;"">自己的</p>","self","ability","自己的",7,364,364,"i","true",NA,NA,NA,NA,"phase_015_subj_23"
2100,404,7,"<p style=""color:white; font-size: 35px;"">天才</p>","positive","ability","天才",7,562,562,"e","true",NA,NA,NA,NA,"phase_015_subj_23"
2101,404,7,"<p style=""color:rgb(150, 250, 100); font-size: 35px;"">我的</p>","self","ability","我的",7,489,489,"i","true",NA,NA,NA,NA,"phase_015_subj_23"
2102,404,7,"<p style=""color:white; font-size: 35px;"">愚钝</p>","negative","ability","愚钝",7,876,876,"i","true",NA,NA,NA,NA,"phase_015_subj_23"
2103,404,7,"<p style=""color:rgb(150, 250, 100); font-size: 35px;"">他</p>","other","ability","他",7,359,359,"e","true",NA,NA,NA,NA,"phase_015_subj_23"
2104,404,7,"<p style=""color:white; font-size: 35px;"">无能</p>","negative","ability","无能",7,889,889,"i","true",NA,NA,NA,NA,"phase_015_subj_23"
2105,404,7,"<p style=""color:rgb(150, 250, 100); font-size: 35px;"">自己</p>","self","ability","自己",7,518,518,"i","true",NA,NA,NA,NA,"phase_015_subj_23"
2106,404,7,"<p style=""color:white; font-size: 35px;"">精干</p>","positive","ability","精干",7,956,956,"e","true",NA,NA,NA,NA,"phase_015_subj_23"
2107,404,7,"<p style=""color:rgb(150, 250, 100); font-size: 35px;"">别人的</p>","other","ability","别人的",7,607,607,"e","true",NA,NA,NA,NA,"phase_015_subj_23"
2108,404,7,"<p style=""color:white; font-size: 35px;"">全才</p>","positive","ability","全才",7,1045,1045,"e","true",NA,NA,NA,NA,"phase_015_subj_23"
2109,404,7,"<p style=""color:rgb(150, 250, 100); font-size: 35px;"">他人的</p>","other","ability","他人的",7,505,505,"e","true",NA,NA,NA,NA,"phase_015_subj_23"
2110,404,7,"<p style=""color:white; font-size: 35px;"">低能</p>","negative","ability","低能",7,618,618,"i","true",NA,NA,NA,NA,"phase_015_subj_23"
2111,404,7,"<p style=""color:rgb(150, 250, 100); font-size: 35px;"">本人</p>","self","ability","本人",7,580,580,"i","true",NA,NA,NA,NA,"phase_015_subj_23"
2112,404,7,"<p style=""color:white; font-size: 35px;"">能干</p>","positive","ability","能干",7,790,790,"e","true",NA,NA,NA,NA,"phase_015_subj_23"
2113,404,7,"<p style=""color:rgb(150, 250, 100); font-size: 35px;"">他</p>","other","ability","他",7,637,637,"e","true",NA,NA,NA,NA,"phase_015_subj_23"
2114,404,7,"<p style=""color:white; font-size: 35px;"">拙笨</p>","negative","ability","拙笨",7,1148,1148,"i","true",NA,NA,NA,NA,"phase_015_subj_23"
2115,404,7,"<p style=""color:rgb(150, 250, 100); font-size: 35px;"">自己的</p>","self","ability","自己的",7,371,371,"i","true",NA,NA,NA,NA,"phase_015_subj_23"
2116,404,7,"<p style=""color:white; font-size: 35px;"">全才</p>","positive","ability","全才",7,858,858,"e","true",NA,NA,NA,NA,"phase_015_subj_23"
2117,404,7,"<p style=""color:rgb(150, 250, 100); font-size: 35px;"">我的</p>","self","ability","我的",7,568,568,"i","true",NA,NA,NA,NA,"phase_015_subj_23"
2118,404,7,"<p style=""color:white; font-size: 35px;"">拙笨</p>","negative","ability","拙笨",7,844,844,"i","true",NA,NA,NA,NA,"phase_015_subj_23"
2119,404,7,"<p style=""color:rgb(150, 250, 100); font-size: 35px;"">他人</p>","other","ability","他人",7,528,528,"e","true",NA,NA,NA,NA,"phase_015_subj_23"
2120,404,7,"<p style=""color:white; font-size: 35px;"">废物</p>","negative","ability","废物",7,882,1300.97826086957,"e","false",NA,NA,NA,NA,"phase_015_subj_23"
2121,404,7,"<p style=""color:rgb(150, 250, 100); font-size: 35px;"">他人的</p>","other","ability","他人的",7,626,626,"e","true",NA,NA,NA,NA,"phase_015_subj_23"
2122,404,7,"<p style=""color:white; font-size: 35px;"">精干</p>","positive","ability","精干",7,951,951,"e","true",NA,NA,NA,NA,"phase_015_subj_23"
2123,404,7,"<p style=""color:rgb(150, 250, 100); font-size: 35px;"">我</p>","self","ability","我",7,327,327,"i","true",NA,NA,NA,NA,"phase_015_subj_23"
2124,404,NA,"
    <h3>词语分类任务</h3>
    <p>在接下来的任务中，你需要对一系列词语进行分类。<p/>
    请先熟悉这些词语，这有利于你完成接下来的任务。</p>
    <table align=""center"" border=1 cellpadding=3 cellspacing=0>
    <tr> <th>类别</th> <th>词语</th> </tr>
    <tr> <td>&emsp;积极&emsp;</td> <td>&emsp;高尚、诚信、善良、君子、廉正、正直&emsp;</td> </tr>
    <tr> <td>&emsp;消极&emsp;</td> <td>&emsp;缺德、卑鄙、不孝、不仁、小人、黑心&emsp;</td> </tr>
    <tr> <td>&emsp;自我&emsp;</td> <td>&emsp;我、我的、自己、自己的、本人、本人的&emsp;</td> </tr>
    <tr> <td>&emsp;他人&emsp;</td> <td>&emsp;他、他的、别人、别人的、他人、他人的&emsp;</td> </tr>
    </table><br/>","","","",NA,28809,NA,"0","",NA,NA,2,1,"phase_015_subj_23"
2125,404,11,"<p style=""color:rgb(150, 250, 100); font-size: 35px;"">本人的</p>","self","moral","本人的",1,566,566,"e","true",NA,NA,NA,NA,"phase_015_subj_23"
2126,404,11,"<p style=""color:rgb(150, 250, 100); font-size: 35px;"">他</p>","other","moral","他",1,554,554,"i","true",NA,NA,NA,NA,"phase_015_subj_23"
2127,404,11,"<p style=""color:rgb(150, 250, 100); font-size: 35px;"">我的</p>","self","moral","我的",1,399,399,"e","true",NA,NA,NA,NA,"phase_015_subj_23"
2128,404,11,"<p style=""color:rgb(150, 250, 100); font-size: 35px;"">他的</p>","other","moral","他的",1,292,292,"i","true",NA,NA,NA,NA,"phase_015_subj_23"
2129,404,11,"<p style=""color:rgb(150, 250, 100); font-size: 35px;"">本人</p>","self","moral","本人",1,460,460,"e","true",NA,NA,NA,NA,"phase_015_subj_23"
2130,404,11,"<p style=""color:rgb(150, 250, 100); font-size: 35px;"">他人</p>","other","moral","他人",1,370,370,"i","true",NA,NA,NA,NA,"phase_015_subj_23"
2131,404,11,"<p style=""color:rgb(150, 250, 100); font-size: 35px;"">自己的</p>","self","moral","自己的",1,426,426,"e","true",NA,NA,NA,NA,"phase_015_subj_23"
2132,404,11,"<p style=""color:rgb(150, 250, 100); font-size: 35px;"">别人</p>","other","moral","别人",1,501,501,"i","true",NA,NA,NA,NA,"phase_015_subj_23"
2133,404,11,"<p style=""color:rgb(150, 250, 100); font-size: 35px;"">他人的</p>","other","moral","他人的",1,437,437,"i","true",NA,NA,NA,NA,"phase_015_subj_23"
2134,404,11,"<p style=""color:rgb(150, 250, 100); font-size: 35px;"">别人的</p>","other","moral","别人的",1,371,371,"i","true",NA,NA,NA,NA,"phase_015_subj_23"
2135,404,11,"<p style=""color:rgb(150, 250, 100); font-size: 35px;"">自己</p>","self","moral","自己",1,378,378,"e","true",NA,NA,NA,NA,"phase_015_subj_23"
2136,404,11,"<p style=""color:rgb(150, 250, 100); font-size: 35px;"">我</p>","self","moral","我",1,337,337,"e","true",NA,NA,NA,NA,"phase_015_subj_23"
2137,404,12,"<p style=""color:white; font-size: 35px;"">不孝</p>","negative","moral","不孝",2,1034,1034,"e","true",NA,NA,NA,NA,"phase_015_subj_23"
2138,404,12,"<p style=""color:white; font-size: 35px;"">廉正</p>","positive","moral","廉正",2,565,565,"i","true",NA,NA,NA,NA,"phase_015_subj_23"
2139,404,12,"<p style=""color:white; font-size: 35px;"">正直</p>","positive","moral","正直",2,883,883,"i","true",NA,NA,NA,NA,"phase_015_subj_23"
2140,404,12,"<p style=""color:white; font-size: 35px;"">黑心</p>","negative","moral","黑心",2,540,540,"e","true",NA,NA,NA,NA,"phase_015_subj_23"
2141,404,12,"<p style=""color:white; font-size: 35px;"">高尚</p>","positive","moral","高尚",2,916,916,"i","true",NA,NA,NA,NA,"phase_015_subj_23"
2142,404,12,"<p style=""color:white; font-size: 35px;"">诚信</p>","positive","moral","诚信",2,622,622,"i","true",NA,NA,NA,NA,"phase_015_subj_23"
2143,404,12,"<p style=""color:white; font-size: 35px;"">缺德</p>","negative","moral","缺德",2,452,452,"e","true",NA,NA,NA,NA,"phase_015_subj_23"
2144,404,12,"<p style=""color:white; font-size: 35px;"">善良</p>","positive","moral","善良",2,583,583,"i","true",NA,NA,NA,NA,"phase_015_subj_23"
2145,404,12,"<p style=""color:white; font-size: 35px;"">不仁</p>","negative","moral","不仁",2,847,847,"e","true",NA,NA,NA,NA,"phase_015_subj_23"
2146,404,12,"<p style=""color:white; font-size: 35px;"">君子</p>","positive","moral","君子",2,581,581,"i","true",NA,NA,NA,NA,"phase_015_subj_23"
2147,404,12,"<p style=""color:white; font-size: 35px;"">小人</p>","negative","moral","小人",2,693,693,"e","true",NA,NA,NA,NA,"phase_015_subj_23"
2148,404,12,"<p style=""color:white; font-size: 35px;"">卑鄙</p>","negative","moral","卑鄙",2,605,605,"i","false",NA,NA,NA,NA,"phase_015_subj_23"
2149,404,13,"<p style=""color:rgb(150, 250, 100); font-size: 35px;"">他</p>","other","moral","他",3,656,656,"i","true",NA,NA,NA,NA,"phase_015_subj_23"
2150,404,13,"<p style=""color:white; font-size: 35px;"">廉正</p>","positive","moral","廉正",3,811,1274.86956521739,"e","false",NA,NA,NA,NA,"phase_015_subj_23"
2151,404,13,"<p style=""color:rgb(150, 250, 100); font-size: 35px;"">我的</p>","self","moral","我的",3,769,769,"e","true",NA,NA,NA,NA,"phase_015_subj_23"
2152,404,13,"<p style=""color:white; font-size: 35px;"">小人</p>","negative","moral","小人",3,904,904,"e","true",NA,NA,NA,NA,"phase_015_subj_23"
2153,404,13,"<p style=""color:rgb(150, 250, 100); font-size: 35px;"">我</p>","self","moral","我",3,590,590,"e","true",NA,NA,NA,NA,"phase_015_subj_23"
2154,404,13,"<p style=""color:white; font-size: 35px;"">善良</p>","positive","moral","善良",3,671,671,"i","true",NA,NA,NA,NA,"phase_015_subj_23"
2155,404,13,"<p style=""color:rgb(150, 250, 100); font-size: 35px;"">他的</p>","other","moral","他的",3,659,659,"i","true",NA,NA,NA,NA,"phase_015_subj_23"
2156,404,13,"<p style=""color:white; font-size: 35px;"">黑心</p>","negative","moral","黑心",3,693,693,"e","true",NA,NA,NA,NA,"phase_015_subj_23"
2157,404,13,"<p style=""color:rgb(150, 250, 100); font-size: 35px;"">他人</p>","other","moral","他人",3,601,601,"i","true",NA,NA,NA,NA,"phase_015_subj_23"
2158,404,13,"<p style=""color:white; font-size: 35px;"">卑鄙</p>","negative","moral","卑鄙",3,810,810,"e","true",NA,NA,NA,NA,"phase_015_subj_23"
2159,404,13,"<p style=""color:rgb(150, 250, 100); font-size: 35px;"">本人</p>","self","moral","本人",3,652,652,"e","true",NA,NA,NA,NA,"phase_015_subj_23"
2160,404,13,"<p style=""color:white; font-size: 35px;"">诚信</p>","positive","moral","诚信",3,786,786,"i","true",NA,NA,NA,NA,"phase_015_subj_23"
2161,404,13,"<p style=""color:rgb(150, 250, 100); font-size: 35px;"">自己的</p>","self","moral","自己的",3,569,569,"e","true",NA,NA,NA,NA,"phase_015_subj_23"
2162,404,13,"<p style=""color:white; font-size: 35px;"">高尚</p>","positive","moral","高尚",3,585,585,"i","true",NA,NA,NA,NA,"phase_015_subj_23"
2163,404,13,"<p style=""color:rgb(150, 250, 100); font-size: 35px;"">他人的</p>","other","moral","他人的",3,622,622,"i","true",NA,NA,NA,NA,"phase_015_subj_23"
2164,404,13,"<p style=""color:white; font-size: 35px;"">不孝</p>","negative","moral","不孝",3,559,559,"e","true",NA,NA,NA,NA,"phase_015_subj_23"
2165,404,13,"<p style=""color:rgb(150, 250, 100); font-size: 35px;"">本人的</p>","self","moral","本人的",3,795,795,"e","true",NA,NA,NA,NA,"phase_015_subj_23"
2166,404,13,"<p style=""color:white; font-size: 35px;"">正直</p>","positive","moral","正直",3,473,473,"i","true",NA,NA,NA,NA,"phase_015_subj_23"
2167,404,13,"<p style=""color:rgb(150, 250, 100); font-size: 35px;"">别人</p>","other","moral","别人",3,889,889,"i","true",NA,NA,NA,NA,"phase_015_subj_23"
2168,404,13,"<p style=""color:white; font-size: 35px;"">缺德</p>","negative","moral","缺德",3,725,725,"e","true",NA,NA,NA,NA,"phase_015_subj_23"
2169,404,13,"<p style=""color:rgb(150, 250, 100); font-size: 35px;"">别人的</p>","other","moral","别人的",3,750,750,"i","true",NA,NA,NA,NA,"phase_015_subj_23"
2170,404,13,"<p style=""color:white; font-size: 35px;"">不仁</p>","negative","moral","不仁",3,567,567,"e","true",NA,NA,NA,NA,"phase_015_subj_23"
2171,404,13,"<p style=""color:rgb(150, 250, 100); font-size: 35px;"">自己</p>","self","moral","自己",3,585,585,"e","true",NA,NA,NA,NA,"phase_015_subj_23"
2172,404,13,"<p style=""color:white; font-size: 35px;"">君子</p>","positive","moral","君子",3,612,612,"i","true",NA,NA,NA,NA,"phase_015_subj_23"
2173,404,14,"<p style=""color:rgb(150, 250, 100); font-size: 35px;"">本人的</p>","self","moral","本人的",4,679,679,"e","true",NA,NA,NA,NA,"phase_015_subj_23"
2174,404,14,"<p style=""color:white; font-size: 35px;"">诚信</p>","positive","moral","诚信",4,709,1295.11363636364,"e","false",NA,NA,NA,NA,"phase_015_subj_23"
2175,404,14,"<p style=""color:rgb(150, 250, 100); font-size: 35px;"">别人的</p>","other","moral","别人的",4,657,657,"i","true",NA,NA,NA,NA,"phase_015_subj_23"
2176,404,14,"<p style=""color:white; font-size: 35px;"">小人</p>","negative","moral","小人",4,505,505,"e","true",NA,NA,NA,NA,"phase_015_subj_23"
2177,404,14,"<p style=""color:rgb(150, 250, 100); font-size: 35px;"">别人的</p>","other","moral","别人的",4,736,736,"i","true",NA,NA,NA,NA,"phase_015_subj_23"
2178,404,14,"<p style=""color:white; font-size: 35px;"">不孝</p>","negative","moral","不孝",4,623,623,"e","true",NA,NA,NA,NA,"phase_015_subj_23"
2179,404,14,"<p style=""color:rgb(150, 250, 100); font-size: 35px;"">自己</p>","self","moral","自己",4,629,629,"e","true",NA,NA,NA,NA,"phase_015_subj_23"
2180,404,14,"<p style=""color:white; font-size: 35px;"">廉正</p>","positive","moral","廉正",4,517,517,"i","true",NA,NA,NA,NA,"phase_015_subj_23"
2181,404,14,"<p style=""color:rgb(150, 250, 100); font-size: 35px;"">他人</p>","other","moral","他人",4,1009,1009,"i","true",NA,NA,NA,NA,"phase_015_subj_23"
2182,404,14,"<p style=""color:white; font-size: 35px;"">不仁</p>","negative","moral","不仁",4,710,710,"e","true",NA,NA,NA,NA,"phase_015_subj_23"
2183,404,14,"<p style=""color:rgb(150, 250, 100); font-size: 35px;"">自己的</p>","self","moral","自己的",4,622,622,"e","true",NA,NA,NA,NA,"phase_015_subj_23"
2184,404,14,"<p style=""color:white; font-size: 35px;"">高尚</p>","positive","moral","高尚",4,696,696,"i","true",NA,NA,NA,NA,"phase_015_subj_23"
2185,404,14,"<p style=""color:rgb(150, 250, 100); font-size: 35px;"">我</p>","self","moral","我",4,821,821,"e","true",NA,NA,NA,NA,"phase_015_subj_23"
2186,404,14,"<p style=""color:white; font-size: 35px;"">正直</p>","positive","moral","正直",4,582,582,"i","true",NA,NA,NA,NA,"phase_015_subj_23"
2187,404,14,"<p style=""color:rgb(150, 250, 100); font-size: 35px;"">别人</p>","other","moral","别人",4,855,855,"i","true",NA,NA,NA,NA,"phase_015_subj_23"
2188,404,14,"<p style=""color:white; font-size: 35px;"">缺德</p>","negative","moral","缺德",4,594,594,"e","true",NA,NA,NA,NA,"phase_015_subj_23"
2189,404,14,"<p style=""color:rgb(150, 250, 100); font-size: 35px;"">我</p>","self","moral","我",4,710,710,"e","true",NA,NA,NA,NA,"phase_015_subj_23"
2190,404,14,"<p style=""color:white; font-size: 35px;"">卑鄙</p>","negative","moral","卑鄙",4,1117,1117,"e","true",NA,NA,NA,NA,"phase_015_subj_23"
2191,404,14,"<p style=""color:rgb(150, 250, 100); font-size: 35px;"">他</p>","other","moral","他",4,588,588,"i","true",NA,NA,NA,NA,"phase_015_subj_23"
2192,404,14,"<p style=""color:white; font-size: 35px;"">善良</p>","positive","moral","善良",4,909,909,"i","true",NA,NA,NA,NA,"phase_015_subj_23"
2193,404,14,"<p style=""color:rgb(150, 250, 100); font-size: 35px;"">他的</p>","other","moral","他的",4,520,520,"i","true",NA,NA,NA,NA,"phase_015_subj_23"
2194,404,14,"<p style=""color:white; font-size: 35px;"">君子</p>","positive","moral","君子",4,529,529,"i","true",NA,NA,NA,NA,"phase_015_subj_23"
2195,404,14,"<p style=""color:rgb(150, 250, 100); font-size: 35px;"">本人</p>","self","moral","本人",4,687,687,"e","true",NA,NA,NA,NA,"phase_015_subj_23"
2196,404,14,"<p style=""color:white; font-size: 35px;"">黑心</p>","negative","moral","黑心",4,1531,1295.11363636364,"i","false",NA,NA,NA,NA,"phase_015_subj_23"
2197,404,14,"<p style=""color:rgb(150, 250, 100); font-size: 35px;"">他人的</p>","other","moral","他人的",4,651,651,"i","true",NA,NA,NA,NA,"phase_015_subj_23"
2198,404,14,"<p style=""color:white; font-size: 35px;"">缺德</p>","negative","moral","缺德",4,847,847,"e","true",NA,NA,NA,NA,"phase_015_subj_23"
2199,404,14,"<p style=""color:rgb(150, 250, 100); font-size: 35px;"">自己的</p>","self","moral","自己的",4,813,813,"e","true",NA,NA,NA,NA,"phase_015_subj_23"
2200,404,14,"<p style=""color:white; font-size: 35px;"">诚信</p>","positive","moral","诚信",4,593,593,"i","true",NA,NA,NA,NA,"phase_015_subj_23"
2201,404,14,"<p style=""color:rgb(150, 250, 100); font-size: 35px;"">我的</p>","self","moral","我的",4,641,641,"e","true",NA,NA,NA,NA,"phase_015_subj_23"
2202,404,14,"<p style=""color:white; font-size: 35px;"">善良</p>","positive","moral","善良",4,732,732,"i","true",NA,NA,NA,NA,"phase_015_subj_23"
2203,404,14,"<p style=""color:rgb(150, 250, 100); font-size: 35px;"">他</p>","other","moral","他",4,602,602,"i","true",NA,NA,NA,NA,"phase_015_subj_23"
2204,404,14,"<p style=""color:white; font-size: 35px;"">不孝</p>","negative","moral","不孝",4,507,507,"e","true",NA,NA,NA,NA,"phase_015_subj_23"
2205,404,14,"<p style=""color:rgb(150, 250, 100); font-size: 35px;"">别人</p>","other","moral","别人",4,808,808,"i","true",NA,NA,NA,NA,"phase_015_subj_23"
2206,404,14,"<p style=""color:white; font-size: 35px;"">高尚</p>","positive","moral","高尚",4,998,1295.11363636364,"e","false",NA,NA,NA,NA,"phase_015_subj_23"
2207,404,14,"<p style=""color:rgb(150, 250, 100); font-size: 35px;"">本人</p>","self","moral","本人",4,1598,1598,"e","true",NA,NA,NA,NA,"phase_015_subj_23"
2208,404,14,"<p style=""color:white; font-size: 35px;"">黑心</p>","negative","moral","黑心",4,989,1295.11363636364,"i","false",NA,NA,NA,NA,"phase_015_subj_23"
2209,404,14,"<p style=""color:rgb(150, 250, 100); font-size: 35px;"">他的</p>","other","moral","他的",4,577,577,"i","true",NA,NA,NA,NA,"phase_015_subj_23"
2210,404,14,"<p style=""color:white; font-size: 35px;"">卑鄙</p>","negative","moral","卑鄙",4,765,765,"e","true",NA,NA,NA,NA,"phase_015_subj_23"
2211,404,14,"<p style=""color:rgb(150, 250, 100); font-size: 35px;"">我的</p>","self","moral","我的",4,706,706,"e","true",NA,NA,NA,NA,"phase_015_subj_23"
2212,404,14,"<p style=""color:white; font-size: 35px;"">廉正</p>","positive","moral","廉正",4,837,837,"i","true",NA,NA,NA,NA,"phase_015_subj_23"
2213,404,14,"<p style=""color:rgb(150, 250, 100); font-size: 35px;"">本人的</p>","self","moral","本人的",4,648,648,"e","true",NA,NA,NA,NA,"phase_015_subj_23"
2214,404,14,"<p style=""color:white; font-size: 35px;"">君子</p>","positive","moral","君子",4,891,891,"i","true",NA,NA,NA,NA,"phase_015_subj_23"
2215,404,14,"<p style=""color:rgb(150, 250, 100); font-size: 35px;"">他人的</p>","other","moral","他人的",4,416,416,"i","true",NA,NA,NA,NA,"phase_015_subj_23"
2216,404,14,"<p style=""color:white; font-size: 35px;"">小人</p>","negative","moral","小人",4,394,394,"e","true",NA,NA,NA,NA,"phase_015_subj_23"
2217,404,14,"<p style=""color:rgb(150, 250, 100); font-size: 35px;"">他人</p>","other","moral","他人",4,578,578,"i","true",NA,NA,NA,NA,"phase_015_subj_23"
2218,404,14,"<p style=""color:white; font-size: 35px;"">不仁</p>","negative","moral","不仁",4,477,477,"e","true",NA,NA,NA,NA,"phase_015_subj_23"
2219,404,14,"<p style=""color:rgb(150, 250, 100); font-size: 35px;"">自己</p>","self","moral","自己",4,639,639,"e","true",NA,NA,NA,NA,"phase_015_subj_23"
2220,404,14,"<p style=""color:white; font-size: 35px;"">正直</p>","positive","moral","正直",4,570,570,"i","true",NA,NA,NA,NA,"phase_015_subj_23"
2221,404,15,"<p style=""color:rgb(150, 250, 100); font-size: 35px;"">他人</p>","other","moral","他人",5,637,637,"e","true",NA,NA,NA,NA,"phase_015_subj_23"
2222,404,15,"<p style=""color:rgb(150, 250, 100); font-size: 35px;"">他的</p>","other","moral","他的",5,787,787,"e","true",NA,NA,NA,NA,"phase_015_subj_23"
2223,404,15,"<p style=""color:rgb(150, 250, 100); font-size: 35px;"">本人</p>","self","moral","本人",5,408,408,"e","false",NA,NA,NA,NA,"phase_015_subj_23"
2224,404,15,"<p style=""color:rgb(150, 250, 100); font-size: 35px;"">我</p>","self","moral","我",5,763,763,"i","true",NA,NA,NA,NA,"phase_015_subj_23"
2225,404,15,"<p style=""color:rgb(150, 250, 100); font-size: 35px;"">自己</p>","self","moral","自己",5,760,760,"i","true",NA,NA,NA,NA,"phase_015_subj_23"
2226,404,15,"<p style=""color:rgb(150, 250, 100); font-size: 35px;"">别人的</p>","other","moral","别人的",5,440,440,"e","true",NA,NA,NA,NA,"phase_015_subj_23"
2227,404,15,"<p style=""color:rgb(150, 250, 100); font-size: 35px;"">我</p>","self","moral","我",5,586,586,"i","true",NA,NA,NA,NA,"phase_015_subj_23"
2228,404,15,"<p style=""color:rgb(150, 250, 100); font-size: 35px;"">别人</p>","other","moral","别人",5,532,532,"e","true",NA,NA,NA,NA,"phase_015_subj_23"
2229,404,15,"<p style=""color:rgb(150, 250, 100); font-size: 35px;"">本人</p>","self","moral","本人",5,911,911,"i","true",NA,NA,NA,NA,"phase_015_subj_23"
2230,404,15,"<p style=""color:rgb(150, 250, 100); font-size: 35px;"">他人的</p>","other","moral","他人的",5,629,629,"e","true",NA,NA,NA,NA,"phase_015_subj_23"
2231,404,15,"<p style=""color:rgb(150, 250, 100); font-size: 35px;"">自己的</p>","self","moral","自己的",5,610,610,"i","true",NA,NA,NA,NA,"phase_015_subj_23"
2232,404,15,"<p style=""color:rgb(150, 250, 100); font-size: 35px;"">他的</p>","other","moral","他的",5,572,572,"e","true",NA,NA,NA,NA,"phase_015_subj_23"
2233,404,15,"<p style=""color:rgb(150, 250, 100); font-size: 35px;"">他人的</p>","other","moral","他人的",5,673,673,"e","true",NA,NA,NA,NA,"phase_015_subj_23"
2234,404,15,"<p style=""color:rgb(150, 250, 100); font-size: 35px;"">他人</p>","other","moral","他人",5,409,409,"e","true",NA,NA,NA,NA,"phase_015_subj_23"
2235,404,15,"<p style=""color:rgb(150, 250, 100); font-size: 35px;"">本人的</p>","self","moral","本人的",5,530,530,"i","true",NA,NA,NA,NA,"phase_015_subj_23"
2236,404,15,"<p style=""color:rgb(150, 250, 100); font-size: 35px;"">自己</p>","self","moral","自己",5,492,492,"i","true",NA,NA,NA,NA,"phase_015_subj_23"
2237,404,15,"<p style=""color:rgb(150, 250, 100); font-size: 35px;"">我的</p>","self","moral","我的",5,370,370,"i","true",NA,NA,NA,NA,"phase_015_subj_23"
2238,404,15,"<p style=""color:rgb(150, 250, 100); font-size: 35px;"">别人</p>","other","moral","别人",5,646,646,"e","true",NA,NA,NA,NA,"phase_015_subj_23"
2239,404,15,"<p style=""color:rgb(150, 250, 100); font-size: 35px;"">我的</p>","self","moral","我的",5,652,652,"i","true",NA,NA,NA,NA,"phase_015_subj_23"
2240,404,15,"<p style=""color:rgb(150, 250, 100); font-size: 35px;"">他</p>","other","moral","他",5,703,703,"e","true",NA,NA,NA,NA,"phase_015_subj_23"
2241,404,15,"<p style=""color:rgb(150, 250, 100); font-size: 35px;"">自己的</p>","self","moral","自己的",5,1092,1092,"e","false",NA,NA,NA,NA,"phase_015_subj_23"
2242,404,15,"<p style=""color:rgb(150, 250, 100); font-size: 35px;"">别人的</p>","other","moral","别人的",5,1010,1010,"e","true",NA,NA,NA,NA,"phase_015_subj_23"
2243,404,15,"<p style=""color:rgb(150, 250, 100); font-size: 35px;"">他</p>","other","moral","他",5,657,657,"e","true",NA,NA,NA,NA,"phase_015_subj_23"
2244,404,15,"<p style=""color:rgb(150, 250, 100); font-size: 35px;"">本人的</p>","self","moral","本人的",5,633,633,"i","true",NA,NA,NA,NA,"phase_015_subj_23"
2245,404,16,"<p style=""color:white; font-size: 35px;"">小人</p>","negative","moral","小人",6,859,859,"e","true",NA,NA,NA,NA,"phase_015_subj_23"
2246,404,16,"<p style=""color:rgb(150, 250, 100); font-size: 35px;"">我的</p>","self","moral","我的",6,518,518,"i","true",NA,NA,NA,NA,"phase_015_subj_23"
2247,404,16,"<p style=""color:white; font-size: 35px;"">诚信</p>","positive","moral","诚信",6,1208,1208,"i","true",NA,NA,NA,NA,"phase_015_subj_23"
2248,404,16,"<p style=""color:rgb(150, 250, 100); font-size: 35px;"">他</p>","other","moral","他",6,276,276,"e","true",NA,NA,NA,NA,"phase_015_subj_23"
2249,404,16,"<p style=""color:white; font-size: 35px;"">高尚</p>","positive","moral","高尚",6,1273,1273,"i","true",NA,NA,NA,NA,"phase_015_subj_23"
2250,404,16,"<p style=""color:rgb(150, 250, 100); font-size: 35px;"">别人</p>","other","moral","别人",6,590,590,"e","true",NA,NA,NA,NA,"phase_015_subj_23"
2251,404,16,"<p style=""color:white; font-size: 35px;"">不孝</p>","negative","moral","不孝",6,606,606,"e","true",NA,NA,NA,NA,"phase_015_subj_23"
2252,404,16,"<p style=""color:rgb(150, 250, 100); font-size: 35px;"">本人</p>","self","moral","本人",6,478,478,"i","true",NA,NA,NA,NA,"phase_015_subj_23"
2253,404,16,"<p style=""color:white; font-size: 35px;"">廉正</p>","positive","moral","廉正",6,714,714,"i","true",NA,NA,NA,NA,"phase_015_subj_23"
2254,404,16,"<p style=""color:rgb(150, 250, 100); font-size: 35px;"">他人的</p>","other","moral","他人的",6,486,486,"e","true",NA,NA,NA,NA,"phase_015_subj_23"
2255,404,16,"<p style=""color:white; font-size: 35px;"">卑鄙</p>","negative","moral","卑鄙",6,1020,1020,"e","true",NA,NA,NA,NA,"phase_015_subj_23"
2256,404,16,"<p style=""color:rgb(150, 250, 100); font-size: 35px;"">本人的</p>","self","moral","本人的",6,475,475,"i","true",NA,NA,NA,NA,"phase_015_subj_23"
2257,404,16,"<p style=""color:white; font-size: 35px;"">不仁</p>","negative","moral","不仁",6,1029,1029,"e","true",NA,NA,NA,NA,"phase_015_subj_23"
2258,404,16,"<p style=""color:rgb(150, 250, 100); font-size: 35px;"">别人的</p>","other","moral","别人的",6,612,612,"e","true",NA,NA,NA,NA,"phase_015_subj_23"
2259,404,16,"<p style=""color:white; font-size: 35px;"">善良</p>","positive","moral","善良",6,901,901,"i","true",NA,NA,NA,NA,"phase_015_subj_23"
2260,404,16,"<p style=""color:rgb(150, 250, 100); font-size: 35px;"">我</p>","self","moral","我",6,438,438,"i","true",NA,NA,NA,NA,"phase_015_subj_23"
2261,404,16,"<p style=""color:white; font-size: 35px;"">正直</p>","positive","moral","正直",6,970,970,"i","true",NA,NA,NA,NA,"phase_015_subj_23"
2262,404,16,"<p style=""color:rgb(150, 250, 100); font-size: 35px;"">他人</p>","other","moral","他人",6,1354,1354,"e","true",NA,NA,NA,NA,"phase_015_subj_23"
2263,404,16,"<p style=""color:white; font-size: 35px;"">黑心</p>","negative","moral","黑心",6,1069,1069,"e","true",NA,NA,NA,NA,"phase_015_subj_23"
2264,404,16,"<p style=""color:rgb(150, 250, 100); font-size: 35px;"">自己</p>","self","moral","自己",6,388,388,"i","true",NA,NA,NA,NA,"phase_015_subj_23"
2265,404,16,"<p style=""color:white; font-size: 35px;"">君子</p>","positive","moral","君子",6,1087,1341.86956521739,"e","false",NA,NA,NA,NA,"phase_015_subj_23"
2266,404,16,"<p style=""color:rgb(150, 250, 100); font-size: 35px;"">自己的</p>","self","moral","自己的",6,636,636,"i","true",NA,NA,NA,NA,"phase_015_subj_23"
2267,404,16,"<p style=""color:white; font-size: 35px;"">缺德</p>","negative","moral","缺德",6,737,737,"e","true",NA,NA,NA,NA,"phase_015_subj_23"
2268,404,16,"<p style=""color:rgb(150, 250, 100); font-size: 35px;"">他的</p>","other","moral","他的",6,426,426,"e","true",NA,NA,NA,NA,"phase_015_subj_23"
2269,404,17,"<p style=""color:white; font-size: 35px;"">诚信</p>","positive","moral","诚信",7,738,738,"i","true",NA,NA,NA,NA,"phase_015_subj_23"
2270,404,17,"<p style=""color:rgb(150, 250, 100); font-size: 35px;"">别人的</p>","other","moral","别人的",7,528,528,"e","true",NA,NA,NA,NA,"phase_015_subj_23"
2271,404,17,"<p style=""color:white; font-size: 35px;"">卑鄙</p>","negative","moral","卑鄙",7,1338,1338,"e","true",NA,NA,NA,NA,"phase_015_subj_23"
2272,404,17,"<p style=""color:rgb(150, 250, 100); font-size: 35px;"">我的</p>","self","moral","我的",7,591,591,"i","true",NA,NA,NA,NA,"phase_015_subj_23"
2273,404,17,"<p style=""color:white; font-size: 35px;"">高尚</p>","positive","moral","高尚",7,1143,1143,"i","true",NA,NA,NA,NA,"phase_015_subj_23"
2274,404,17,"<p style=""color:rgb(150, 250, 100); font-size: 35px;"">别人</p>","other","moral","别人",7,810,810,"e","true",NA,NA,NA,NA,"phase_015_subj_23"
2275,404,17,"<p style=""color:white; font-size: 35px;"">不仁</p>","negative","moral","不仁",7,1095,1095,"e","true",NA,NA,NA,NA,"phase_015_subj_23"
2276,404,17,"<p style=""color:rgb(150, 250, 100); font-size: 35px;"">自己的</p>","self","moral","自己的",7,805,805,"i","true",NA,NA,NA,NA,"phase_015_subj_23"
2277,404,17,"<p style=""color:white; font-size: 35px;"">诚信</p>","positive","moral","诚信",7,1009,1009,"i","true",NA,NA,NA,NA,"phase_015_subj_23"
2278,404,17,"<p style=""color:rgb(150, 250, 100); font-size: 35px;"">他的</p>","other","moral","他的",7,940,940,"e","true",NA,NA,NA,NA,"phase_015_subj_23"
2279,404,17,"<p style=""color:white; font-size: 35px;"">小人</p>","negative","moral","小人",7,1901,1901,"e","true",NA,NA,NA,NA,"phase_015_subj_23"
2280,404,17,"<p style=""color:rgb(150, 250, 100); font-size: 35px;"">本人</p>","self","moral","本人",7,584,584,"i","true",NA,NA,NA,NA,"phase_015_subj_23"
2281,404,17,"<p style=""color:white; font-size: 35px;"">缺德</p>","negative","moral","缺德",7,928,928,"e","true",NA,NA,NA,NA,"phase_015_subj_23"
2282,404,17,"<p style=""color:rgb(150, 250, 100); font-size: 35px;"">本人</p>","self","moral","本人",7,668,668,"i","true",NA,NA,NA,NA,"phase_015_subj_23"
2283,404,17,"<p style=""color:white; font-size: 35px;"">高尚</p>","positive","moral","高尚",7,824,824,"i","true",NA,NA,NA,NA,"phase_015_subj_23"
2284,404,17,"<p style=""color:rgb(150, 250, 100); font-size: 35px;"">他人的</p>","other","moral","他人的",7,542,542,"e","true",NA,NA,NA,NA,"phase_015_subj_23"
2285,404,17,"<p style=""color:white; font-size: 35px;"">不孝</p>","negative","moral","不孝",7,821,821,"e","true",NA,NA,NA,NA,"phase_015_subj_23"
2286,404,17,"<p style=""color:rgb(150, 250, 100); font-size: 35px;"">自己的</p>","self","moral","自己的",7,507,507,"i","true",NA,NA,NA,NA,"phase_015_subj_23"
2287,404,17,"<p style=""color:white; font-size: 35px;"">君子</p>","positive","moral","君子",7,1187,1187,"i","true",NA,NA,NA,NA,"phase_015_subj_23"
2288,404,17,"<p style=""color:rgb(150, 250, 100); font-size: 35px;"">他</p>","other","moral","他",7,460,460,"e","true",NA,NA,NA,NA,"phase_015_subj_23"
2289,404,17,"<p style=""color:white; font-size: 35px;"">卑鄙</p>","negative","moral","卑鄙",7,1171,1171,"e","true",NA,NA,NA,NA,"phase_015_subj_23"
2290,404,17,"<p style=""color:rgb(150, 250, 100); font-size: 35px;"">他人的</p>","other","moral","他人的",7,686,686,"e","true",NA,NA,NA,NA,"phase_015_subj_23"
2291,404,17,"<p style=""color:white; font-size: 35px;"">正直</p>","positive","moral","正直",7,1164,1164,"i","true",NA,NA,NA,NA,"phase_015_subj_23"
2292,404,17,"<p style=""color:rgb(150, 250, 100); font-size: 35px;"">我的</p>","self","moral","我的",7,515,515,"i","true",NA,NA,NA,NA,"phase_015_subj_23"
2293,404,17,"<p style=""color:white; font-size: 35px;"">黑心</p>","negative","moral","黑心",7,616,616,"e","true",NA,NA,NA,NA,"phase_015_subj_23"
2294,404,17,"<p style=""color:rgb(150, 250, 100); font-size: 35px;"">我</p>","self","moral","我",7,671,671,"i","true",NA,NA,NA,NA,"phase_015_subj_23"
2295,404,17,"<p style=""color:white; font-size: 35px;"">善良</p>","positive","moral","善良",7,1111,1111,"i","true",NA,NA,NA,NA,"phase_015_subj_23"
2296,404,17,"<p style=""color:rgb(150, 250, 100); font-size: 35px;"">别人的</p>","other","moral","别人的",7,636,636,"e","true",NA,NA,NA,NA,"phase_015_subj_23"
2297,404,17,"<p style=""color:white; font-size: 35px;"">不孝</p>","negative","moral","不孝",7,1395,1395,"e","true",NA,NA,NA,NA,"phase_015_subj_23"
2298,404,17,"<p style=""color:rgb(150, 250, 100); font-size: 35px;"">别人</p>","other","moral","别人",7,775,775,"e","true",NA,NA,NA,NA,"phase_015_subj_23"
2299,404,17,"<p style=""color:white; font-size: 35px;"">正直</p>","positive","moral","正直",7,576,576,"i","true",NA,NA,NA,NA,"phase_015_subj_23"
2300,404,17,"<p style=""color:rgb(150, 250, 100); font-size: 35px;"">自己</p>","self","moral","自己",7,421,421,"i","true",NA,NA,NA,NA,"phase_015_subj_23"
2301,404,17,"<p style=""color:white; font-size: 35px;"">黑心</p>","negative","moral","黑心",7,607,607,"e","true",NA,NA,NA,NA,"phase_015_subj_23"
2302,404,17,"<p style=""color:rgb(150, 250, 100); font-size: 35px;"">他的</p>","other","moral","他的",7,926,926,"e","true",NA,NA,NA,NA,"phase_015_subj_23"
2303,404,17,"<p style=""color:white; font-size: 35px;"">君子</p>","positive","moral","君子",7,631,1413.28888888889,"e","false",NA,NA,NA,NA,"phase_015_subj_23"
2304,404,17,"<p style=""color:rgb(150, 250, 100); font-size: 35px;"">我</p>","self","moral","我",7,813,813,"i","true",NA,NA,NA,NA,"phase_015_subj_23"
2305,404,17,"<p style=""color:white; font-size: 35px;"">廉正</p>","positive","moral","廉正",7,556,556,"i","true",NA,NA,NA,NA,"phase_015_subj_23"
2306,404,17,"<p style=""color:rgb(150, 250, 100); font-size: 35px;"">本人的</p>","self","moral","本人的",7,386,1413.28888888889,"e","false",NA,NA,NA,NA,"phase_015_subj_23"
2307,404,17,"<p style=""color:white; font-size: 35px;"">缺德</p>","negative","moral","缺德",7,632,632,"e","true",NA,NA,NA,NA,"phase_015_subj_23"
2308,404,17,"<p style=""color:rgb(150, 250, 100); font-size: 35px;"">他人</p>","other","moral","他人",7,469,1413.28888888889,"i","false",NA,NA,NA,NA,"phase_015_subj_23"
2309,404,17,"<p style=""color:white; font-size: 35px;"">廉正</p>","positive","moral","廉正",7,630,630,"i","true",NA,NA,NA,NA,"phase_015_subj_23"
2310,404,17,"<p style=""color:rgb(150, 250, 100); font-size: 35px;"">他</p>","other","moral","他",7,724,724,"e","true",NA,NA,NA,NA,"phase_015_subj_23"
2311,404,17,"<p style=""color:white; font-size: 35px;"">不仁</p>","negative","moral","不仁",7,719,719,"e","true",NA,NA,NA,NA,"phase_015_subj_23"
2312,404,17,"<p style=""color:rgb(150, 250, 100); font-size: 35px;"">本人的</p>","self","moral","本人的",7,607,607,"i","true",NA,NA,NA,NA,"phase_015_subj_23"
2313,404,17,"<p style=""color:white; font-size: 35px;"">善良</p>","positive","moral","善良",7,843,843,"i","true",NA,NA,NA,NA,"phase_015_subj_23"
2314,404,17,"<p style=""color:rgb(150, 250, 100); font-size: 35px;"">他人</p>","other","moral","他人",7,794,794,"e","true",NA,NA,NA,NA,"phase_015_subj_23"
2315,404,17,"<p style=""color:white; font-size: 35px;"">小人</p>","negative","moral","小人",7,902,902,"e","true",NA,NA,NA,NA,"phase_015_subj_23"
2316,404,17,"<p style=""color:rgb(150, 250, 100); font-size: 35px;"">自己</p>","self","moral","自己",7,689,689,"i","true",NA,NA,NA,NA,"phase_015_subj_23"
2317,110,NA,"
    <h3>词语分类任务</h3>
    <p>在接下来的任务中，你需要对一系列词语进行分类。</p>
    <p>请先熟悉这些词语，这有利于你完成接下来的任务。</p>
    <table align=""center"" border=1 cellpadding=3 cellspacing=0>
    <tr> <th>类别</th> <th>词语</th> </tr>
    <tr> <td>&emsp;积极&emsp;</td> <td>&emsp;能干、全能、全才、高效、精干、天才&emsp;</td> </tr>
    <tr> <td>&emsp;消极&emsp;</td> <td>&emsp;无能、低能、废物、拙笨、愚钝、蠢笨&emsp;</td> </tr>
    <tr> <td>&emsp;自我&emsp;</td> <td>&emsp;我、我的、自己、自己的、本人、本人的&emsp;</td> </tr>
    <tr> <td>&emsp;他人&emsp;</td> <td>&emsp;他、他的、别人、别人的、他人、他人的&emsp;</td> </tr>
    </table><br/>","","","",NA,32696,NA,"0","",2,2,NA,NA,"phase_015_subj_11"
2318,110,1,"<p style=""color:rgb(150, 250, 100); font-size: 35px;"">他</p>","other","ability","他",1,1147,1147,"e","true",NA,NA,NA,NA,"phase_015_subj_11"
2319,110,1,"<p style=""color:rgb(150, 250, 100); font-size: 35px;"">别人</p>","other","ability","别人",1,920,920,"e","true",NA,NA,NA,NA,"phase_015_subj_11"
2320,110,1,"<p style=""color:rgb(150, 250, 100); font-size: 35px;"">他人的</p>","other","ability","他人的",1,718,718,"e","true",NA,NA,NA,NA,"phase_015_subj_11"
2321,110,1,"<p style=""color:rgb(150, 250, 100); font-size: 35px;"">我的</p>","self","ability","我的",1,664,664,"i","true",NA,NA,NA,NA,"phase_015_subj_11"
2322,110,1,"<p style=""color:rgb(150, 250, 100); font-size: 35px;"">我</p>","self","ability","我",1,615,615,"i","true",NA,NA,NA,NA,"phase_015_subj_11"
2323,110,1,"<p style=""color:rgb(150, 250, 100); font-size: 35px;"">自己的</p>","self","ability","自己的",1,661,661,"i","true",NA,NA,NA,NA,"phase_015_subj_11"
2324,110,1,"<p style=""color:rgb(150, 250, 100); font-size: 35px;"">他的</p>","other","ability","他的",1,641,641,"e","true",NA,NA,NA,NA,"phase_015_subj_11"
2325,110,1,"<p style=""color:rgb(150, 250, 100); font-size: 35px;"">别人的</p>","other","ability","别人的",1,747,747,"e","true",NA,NA,NA,NA,"phase_015_subj_11"
2326,110,1,"<p style=""color:rgb(150, 250, 100); font-size: 35px;"">本人</p>","self","ability","本人",1,692,692,"i","true",NA,NA,NA,NA,"phase_015_subj_11"
2327,110,1,"<p style=""color:rgb(150, 250, 100); font-size: 35px;"">本人的</p>","self","ability","本人的",1,544,544,"i","true",NA,NA,NA,NA,"phase_015_subj_11"
2328,110,1,"<p style=""color:rgb(150, 250, 100); font-size: 35px;"">他人</p>","other","ability","他人",1,564,564,"e","true",NA,NA,NA,NA,"phase_015_subj_11"
2329,110,1,"<p style=""color:rgb(150, 250, 100); font-size: 35px;"">自己</p>","self","ability","自己",1,702,702,"i","true",NA,NA,NA,NA,"phase_015_subj_11"
2330,110,2,"<p style=""color:white; font-size: 35px;"">能干</p>","positive","ability","能干",2,1499,1499,"i","true",NA,NA,NA,NA,"phase_015_subj_11"
2331,110,2,"<p style=""color:white; font-size: 35px;"">无能</p>","negative","ability","无能",2,767,767,"e","true",NA,NA,NA,NA,"phase_015_subj_11"
2332,110,2,"<p style=""color:white; font-size: 35px;"">天才</p>","positive","ability","天才",2,900,900,"i","true",NA,NA,NA,NA,"phase_015_subj_11"
2333,110,2,"<p style=""color:white; font-size: 35px;"">全能</p>","positive","ability","全能",2,651,651,"i","true",NA,NA,NA,NA,"phase_015_subj_11"
2334,110,2,"<p style=""color:white; font-size: 35px;"">蠢笨</p>","negative","ability","蠢笨",2,663,663,"e","true",NA,NA,NA,NA,"phase_015_subj_11"
2335,110,2,"<p style=""color:white; font-size: 35px;"">全才</p>","positive","ability","全才",2,838,838,"i","true",NA,NA,NA,NA,"phase_015_subj_11"
2336,110,2,"<p style=""color:white; font-size: 35px;"">拙笨</p>","negative","ability","拙笨",2,618,618,"e","true",NA,NA,NA,NA,"phase_015_subj_11"
2337,110,2,"<p style=""color:white; font-size: 35px;"">愚钝</p>","negative","ability","愚钝",2,557,557,"e","true",NA,NA,NA,NA,"phase_015_subj_11"
2338,110,2,"<p style=""color:white; font-size: 35px;"">低能</p>","negative","ability","低能",2,582,582,"e","true",NA,NA,NA,NA,"phase_015_subj_11"
2339,110,2,"<p style=""color:white; font-size: 35px;"">废物</p>","negative","ability","废物",2,612,612,"e","true",NA,NA,NA,NA,"phase_015_subj_11"
2340,110,2,"<p style=""color:white; font-size: 35px;"">精干</p>","positive","ability","精干",2,628,628,"i","true",NA,NA,NA,NA,"phase_015_subj_11"
2341,110,2,"<p style=""color:white; font-size: 35px;"">高效</p>","positive","ability","高效",2,659,659,"i","true",NA,NA,NA,NA,"phase_015_subj_11"
2342,110,3,"<p style=""color:rgb(150, 250, 100); font-size: 35px;"">他</p>","other","ability","他",3,873,873,"e","true",NA,NA,NA,NA,"phase_015_subj_11"
2343,110,3,"<p style=""color:white; font-size: 35px;"">全能</p>","positive","ability","全能",3,907,907,"i","true",NA,NA,NA,NA,"phase_015_subj_11"
2344,110,3,"<p style=""color:rgb(150, 250, 100); font-size: 35px;"">本人的</p>","self","ability","本人的",3,576,576,"i","true",NA,NA,NA,NA,"phase_015_subj_11"
2345,110,3,"<p style=""color:white; font-size: 35px;"">愚钝</p>","negative","ability","愚钝",3,800,800,"e","true",NA,NA,NA,NA,"phase_015_subj_11"
2346,110,3,"<p style=""color:rgb(150, 250, 100); font-size: 35px;"">他人的</p>","other","ability","他人的",3,601,601,"e","true",NA,NA,NA,NA,"phase_015_subj_11"
2347,110,3,"<p style=""color:white; font-size: 35px;"">拙笨</p>","negative","ability","拙笨",3,565,565,"e","true",NA,NA,NA,NA,"phase_015_subj_11"
2348,110,3,"<p style=""color:rgb(150, 250, 100); font-size: 35px;"">自己的</p>","self","ability","自己的",3,715,715,"i","true",NA,NA,NA,NA,"phase_015_subj_11"
2349,110,3,"<p style=""color:white; font-size: 35px;"">精干</p>","positive","ability","精干",3,516,516,"i","true",NA,NA,NA,NA,"phase_015_subj_11"
2350,110,3,"<p style=""color:rgb(150, 250, 100); font-size: 35px;"">别人</p>","other","ability","别人",3,593,593,"e","true",NA,NA,NA,NA,"phase_015_subj_11"
2351,110,3,"<p style=""color:white; font-size: 35px;"">天才</p>","positive","ability","天才",3,648,648,"i","true",NA,NA,NA,NA,"phase_015_subj_11"
2352,110,3,"<p style=""color:rgb(150, 250, 100); font-size: 35px;"">本人</p>","self","ability","本人",3,905,905,"i","true",NA,NA,NA,NA,"phase_015_subj_11"
2353,110,3,"<p style=""color:white; font-size: 35px;"">无能</p>","negative","ability","无能",3,867,867,"e","true",NA,NA,NA,NA,"phase_015_subj_11"
2354,110,3,"<p style=""color:rgb(150, 250, 100); font-size: 35px;"">我</p>","self","ability","我",3,575,575,"i","true",NA,NA,NA,NA,"phase_015_subj_11"
2355,110,3,"<p style=""color:white; font-size: 35px;"">能干</p>","positive","ability","能干",3,661,661,"i","true",NA,NA,NA,NA,"phase_015_subj_11"
2356,110,3,"<p style=""color:rgb(150, 250, 100); font-size: 35px;"">他的</p>","other","ability","他的",3,634,634,"e","true",NA,NA,NA,NA,"phase_015_subj_11"
2357,110,3,"<p style=""color:white; font-size: 35px;"">废物</p>","negative","ability","废物",3,662,662,"e","true",NA,NA,NA,NA,"phase_015_subj_11"
2358,110,3,"<p style=""color:rgb(150, 250, 100); font-size: 35px;"">我的</p>","self","ability","我的",3,628,628,"i","true",NA,NA,NA,NA,"phase_015_subj_11"
2359,110,3,"<p style=""color:white; font-size: 35px;"">低能</p>","negative","ability","低能",3,973,973,"e","true",NA,NA,NA,NA,"phase_015_subj_11"
2360,110,3,"<p style=""color:rgb(150, 250, 100); font-size: 35px;"">别人的</p>","other","ability","别人的",3,991,991,"e","true",NA,NA,NA,NA,"phase_015_subj_11"
2361,110,3,"<p style=""color:white; font-size: 35px;"">高效</p>","positive","ability","高效",3,832,832,"i","true",NA,NA,NA,NA,"phase_015_subj_11"
2362,110,3,"<p style=""color:rgb(150, 250, 100); font-size: 35px;"">自己</p>","self","ability","自己",3,492,492,"i","true",NA,NA,NA,NA,"phase_015_subj_11"
2363,110,3,"<p style=""color:white; font-size: 35px;"">全才</p>","positive","ability","全才",3,586,586,"i","true",NA,NA,NA,NA,"phase_015_subj_11"
2364,110,3,"<p style=""color:rgb(150, 250, 100); font-size: 35px;"">他人</p>","other","ability","他人",3,652,652,"e","true",NA,NA,NA,NA,"phase_015_subj_11"
2365,110,3,"<p style=""color:white; font-size: 35px;"">蠢笨</p>","negative","ability","蠢笨",3,946,946,"e","true",NA,NA,NA,NA,"phase_015_subj_11"
2366,110,4,"<p style=""color:rgb(150, 250, 100); font-size: 35px;"">他的</p>","other","ability","他的",4,869,869,"e","true",NA,NA,NA,NA,"phase_015_subj_11"
2367,110,4,"<p style=""color:white; font-size: 35px;"">拙笨</p>","negative","ability","拙笨",4,655,655,"e","true",NA,NA,NA,NA,"phase_015_subj_11"
2368,110,4,"<p style=""color:rgb(150, 250, 100); font-size: 35px;"">自己</p>","self","ability","自己",4,649,649,"i","true",NA,NA,NA,NA,"phase_015_subj_11"
2369,110,4,"<p style=""color:white; font-size: 35px;"">精干</p>","positive","ability","精干",4,471,471,"i","true",NA,NA,NA,NA,"phase_015_subj_11"
2370,110,4,"<p style=""color:rgb(150, 250, 100); font-size: 35px;"">自己的</p>","self","ability","自己的",4,497,497,"i","true",NA,NA,NA,NA,"phase_015_subj_11"
2371,110,4,"<p style=""color:white; font-size: 35px;"">废物</p>","negative","ability","废物",4,572,572,"e","true",NA,NA,NA,NA,"phase_015_subj_11"
2372,110,4,"<p style=""color:rgb(150, 250, 100); font-size: 35px;"">别人的</p>","other","ability","别人的",4,971,971,"e","true",NA,NA,NA,NA,"phase_015_subj_11"
2373,110,4,"<p style=""color:white; font-size: 35px;"">高效</p>","positive","ability","高效",4,1068,1068,"i","true",NA,NA,NA,NA,"phase_015_subj_11"
2374,110,4,"<p style=""color:rgb(150, 250, 100); font-size: 35px;"">本人的</p>","self","ability","本人的",4,484,484,"i","true",NA,NA,NA,NA,"phase_015_subj_11"
2375,110,4,"<p style=""color:white; font-size: 35px;"">高效</p>","positive","ability","高效",4,509,509,"i","true",NA,NA,NA,NA,"phase_015_subj_11"
2376,110,4,"<p style=""color:rgb(150, 250, 100); font-size: 35px;"">别人</p>","other","ability","别人",4,661,661,"e","true",NA,NA,NA,NA,"phase_015_subj_11"
2377,110,4,"<p style=""color:white; font-size: 35px;"">愚钝</p>","negative","ability","愚钝",4,592,592,"e","true",NA,NA,NA,NA,"phase_015_subj_11"
2378,110,4,"<p style=""color:rgb(150, 250, 100); font-size: 35px;"">别人</p>","other","ability","别人",4,624,624,"e","true",NA,NA,NA,NA,"phase_015_subj_11"
2379,110,4,"<p style=""color:white; font-size: 35px;"">无能</p>","negative","ability","无能",4,515,515,"e","true",NA,NA,NA,NA,"phase_015_subj_11"
2380,110,4,"<p style=""color:rgb(150, 250, 100); font-size: 35px;"">本人</p>","self","ability","本人",4,562,562,"i","true",NA,NA,NA,NA,"phase_015_subj_11"
2381,110,4,"<p style=""color:white; font-size: 35px;"">天才</p>","positive","ability","天才",4,508,508,"i","true",NA,NA,NA,NA,"phase_015_subj_11"
2382,110,4,"<p style=""color:rgb(150, 250, 100); font-size: 35px;"">自己</p>","self","ability","自己",4,521,521,"i","true",NA,NA,NA,NA,"phase_015_subj_11"
2383,110,4,"<p style=""color:white; font-size: 35px;"">能干</p>","positive","ability","能干",4,447,447,"i","true",NA,NA,NA,NA,"phase_015_subj_11"
2384,110,4,"<p style=""color:rgb(150, 250, 100); font-size: 35px;"">他人</p>","other","ability","他人",4,645,645,"e","true",NA,NA,NA,NA,"phase_015_subj_11"
2385,110,4,"<p style=""color:white; font-size: 35px;"">低能</p>","negative","ability","低能",4,484,484,"e","true",NA,NA,NA,NA,"phase_015_subj_11"
2386,110,4,"<p style=""color:rgb(150, 250, 100); font-size: 35px;"">我</p>","self","ability","我",4,500,500,"i","true",NA,NA,NA,NA,"phase_015_subj_11"
2387,110,4,"<p style=""color:white; font-size: 35px;"">全才</p>","positive","ability","全才",4,566,566,"i","true",NA,NA,NA,NA,"phase_015_subj_11"
2388,110,4,"<p style=""color:rgb(150, 250, 100); font-size: 35px;"">他</p>","other","ability","他",4,587,587,"e","true",NA,NA,NA,NA,"phase_015_subj_11"
2389,110,4,"<p style=""color:white; font-size: 35px;"">无能</p>","negative","ability","无能",4,491,491,"e","true",NA,NA,NA,NA,"phase_015_subj_11"
2390,110,4,"<p style=""color:rgb(150, 250, 100); font-size: 35px;"">别人的</p>","other","ability","别人的",4,639,639,"e","true",NA,NA,NA,NA,"phase_015_subj_11"
2391,110,4,"<p style=""color:white; font-size: 35px;"">愚钝</p>","negative","ability","愚钝",4,465,465,"e","true",NA,NA,NA,NA,"phase_015_subj_11"
2392,110,4,"<p style=""color:rgb(150, 250, 100); font-size: 35px;"">我</p>","self","ability","我",4,489,489,"i","true",NA,NA,NA,NA,"phase_015_subj_11"
2393,110,4,"<p style=""color:white; font-size: 35px;"">精干</p>","positive","ability","精干",4,563,563,"i","true",NA,NA,NA,NA,"phase_015_subj_11"
2394,110,4,"<p style=""color:rgb(150, 250, 100); font-size: 35px;"">他人的</p>","other","ability","他人的",4,501,501,"e","true",NA,NA,NA,NA,"phase_015_subj_11"
2395,110,4,"<p style=""color:white; font-size: 35px;"">能干</p>","positive","ability","能干",4,820,820,"i","true",NA,NA,NA,NA,"phase_015_subj_11"
2396,110,4,"<p style=""color:rgb(150, 250, 100); font-size: 35px;"">我的</p>","self","ability","我的",4,602,602,"i","true",NA,NA,NA,NA,"phase_015_subj_11"
2397,110,4,"<p style=""color:white; font-size: 35px;"">拙笨</p>","negative","ability","拙笨",4,547,547,"e","true",NA,NA,NA,NA,"phase_015_subj_11"
2398,110,4,"<p style=""color:rgb(150, 250, 100); font-size: 35px;"">本人</p>","self","ability","本人",4,655,655,"i","true",NA,NA,NA,NA,"phase_015_subj_11"
2399,110,4,"<p style=""color:white; font-size: 35px;"">蠢笨</p>","negative","ability","蠢笨",4,887,887,"e","true",NA,NA,NA,NA,"phase_015_subj_11"
2400,110,4,"<p style=""color:rgb(150, 250, 100); font-size: 35px;"">他</p>","other","ability","他",4,498,498,"e","true",NA,NA,NA,NA,"phase_015_subj_11"
2401,110,4,"<p style=""color:white; font-size: 35px;"">天才</p>","positive","ability","天才",4,530,530,"i","true",NA,NA,NA,NA,"phase_015_subj_11"
2402,110,4,"<p style=""color:rgb(150, 250, 100); font-size: 35px;"">他人的</p>","other","ability","他人的",4,645,645,"e","true",NA,NA,NA,NA,"phase_015_subj_11"
2403,110,4,"<p style=""color:white; font-size: 35px;"">废物</p>","negative","ability","废物",4,600,600,"e","true",NA,NA,NA,NA,"phase_015_subj_11"
2404,110,4,"<p style=""color:rgb(150, 250, 100); font-size: 35px;"">本人的</p>","self","ability","本人的",4,521,521,"i","true",NA,NA,NA,NA,"phase_015_subj_11"
2405,110,4,"<p style=""color:white; font-size: 35px;"">全能</p>","positive","ability","全能",4,610,610,"i","true",NA,NA,NA,NA,"phase_015_subj_11"
2406,110,4,"<p style=""color:rgb(150, 250, 100); font-size: 35px;"">自己的</p>","self","ability","自己的",4,523,523,"i","true",NA,NA,NA,NA,"phase_015_subj_11"
2407,110,4,"<p style=""color:white; font-size: 35px;"">低能</p>","negative","ability","低能",4,817,817,"e","true",NA,NA,NA,NA,"phase_015_subj_11"
2408,110,4,"<p style=""color:rgb(150, 250, 100); font-size: 35px;"">他人</p>","other","ability","他人",4,562,562,"e","true",NA,NA,NA,NA,"phase_015_subj_11"
2409,110,4,"<p style=""color:white; font-size: 35px;"">全能</p>","positive","ability","全能",4,646,646,"i","true",NA,NA,NA,NA,"phase_015_subj_11"
2410,110,4,"<p style=""color:rgb(150, 250, 100); font-size: 35px;"">他的</p>","other","ability","他的",4,629,629,"e","true",NA,NA,NA,NA,"phase_015_subj_11"
2411,110,4,"<p style=""color:white; font-size: 35px;"">蠢笨</p>","negative","ability","蠢笨",4,619,619,"e","true",NA,NA,NA,NA,"phase_015_subj_11"
2412,110,4,"<p style=""color:rgb(150, 250, 100); font-size: 35px;"">我的</p>","self","ability","我的",4,754,754,"i","true",NA,NA,NA,NA,"phase_015_subj_11"
2413,110,4,"<p style=""color:white; font-size: 35px;"">全才</p>","positive","ability","全才",4,586,586,"i","true",NA,NA,NA,NA,"phase_015_subj_11"
2414,110,5,"<p style=""color:rgb(150, 250, 100); font-size: 35px;"">我的</p>","self","ability","我的",5,956,956,"e","true",NA,NA,NA,NA,"phase_015_subj_11"
2415,110,5,"<p style=""color:rgb(150, 250, 100); font-size: 35px;"">本人的</p>","self","ability","本人的",5,479,479,"e","true",NA,NA,NA,NA,"phase_015_subj_11"
2416,110,5,"<p style=""color:rgb(150, 250, 100); font-size: 35px;"">自己的</p>","self","ability","自己的",5,443,443,"e","true",NA,NA,NA,NA,"phase_015_subj_11"
2417,110,5,"<p style=""color:rgb(150, 250, 100); font-size: 35px;"">他人的</p>","other","ability","他人的",5,484,484,"i","true",NA,NA,NA,NA,"phase_015_subj_11"
2418,110,5,"<p style=""color:rgb(150, 250, 100); font-size: 35px;"">本人的</p>","self","ability","本人的",5,636,636,"e","true",NA,NA,NA,NA,"phase_015_subj_11"
2419,110,5,"<p style=""color:rgb(150, 250, 100); font-size: 35px;"">他的</p>","other","ability","他的",5,668,668,"i","true",NA,NA,NA,NA,"phase_015_subj_11"
2420,110,5,"<p style=""color:rgb(150, 250, 100); font-size: 35px;"">他人</p>","other","ability","他人",5,564,564,"i","true",NA,NA,NA,NA,"phase_015_subj_11"
2421,110,5,"<p style=""color:rgb(150, 250, 100); font-size: 35px;"">别人的</p>","other","ability","别人的",5,597,597,"i","true",NA,NA,NA,NA,"phase_015_subj_11"
2422,110,5,"<p style=""color:rgb(150, 250, 100); font-size: 35px;"">别人</p>","other","ability","别人",5,537,537,"i","true",NA,NA,NA,NA,"phase_015_subj_11"
2423,110,5,"<p style=""color:rgb(150, 250, 100); font-size: 35px;"">他人</p>","other","ability","他人",5,520,520,"i","true",NA,NA,NA,NA,"phase_015_subj_11"
2424,110,5,"<p style=""color:rgb(150, 250, 100); font-size: 35px;"">我</p>","self","ability","我",5,543,543,"e","true",NA,NA,NA,NA,"phase_015_subj_11"
2425,110,5,"<p style=""color:rgb(150, 250, 100); font-size: 35px;"">他人的</p>","other","ability","他人的",5,602,602,"i","true",NA,NA,NA,NA,"phase_015_subj_11"
2426,110,5,"<p style=""color:rgb(150, 250, 100); font-size: 35px;"">本人</p>","self","ability","本人",5,531,531,"e","true",NA,NA,NA,NA,"phase_015_subj_11"
2427,110,5,"<p style=""color:rgb(150, 250, 100); font-size: 35px;"">自己</p>","self","ability","自己",5,611,611,"e","true",NA,NA,NA,NA,"phase_015_subj_11"
2428,110,5,"<p style=""color:rgb(150, 250, 100); font-size: 35px;"">别人的</p>","other","ability","别人的",5,559,559,"i","true",NA,NA,NA,NA,"phase_015_subj_11"
2429,110,5,"<p style=""color:rgb(150, 250, 100); font-size: 35px;"">别人</p>","other","ability","别人",5,678,678,"i","true",NA,NA,NA,NA,"phase_015_subj_11"
2430,110,5,"<p style=""color:rgb(150, 250, 100); font-size: 35px;"">他</p>","other","ability","他",5,561,561,"i","true",NA,NA,NA,NA,"phase_015_subj_11"
2431,110,5,"<p style=""color:rgb(150, 250, 100); font-size: 35px;"">他的</p>","other","ability","他的",5,503,503,"i","true",NA,NA,NA,NA,"phase_015_subj_11"
2432,110,5,"<p style=""color:rgb(150, 250, 100); font-size: 35px;"">本人</p>","self","ability","本人",5,520,520,"e","true",NA,NA,NA,NA,"phase_015_subj_11"
2433,110,5,"<p style=""color:rgb(150, 250, 100); font-size: 35px;"">我的</p>","self","ability","我的",5,447,447,"e","true",NA,NA,NA,NA,"phase_015_subj_11"
2434,110,5,"<p style=""color:rgb(150, 250, 100); font-size: 35px;"">自己</p>","self","ability","自己",5,460,460,"e","true",NA,NA,NA,NA,"phase_015_subj_11"
2435,110,5,"<p style=""color:rgb(150, 250, 100); font-size: 35px;"">我</p>","self","ability","我",5,477,477,"e","true",NA,NA,NA,NA,"phase_015_subj_11"
2436,110,5,"<p style=""color:rgb(150, 250, 100); font-size: 35px;"">他</p>","other","ability","他",5,606,606,"i","true",NA,NA,NA,NA,"phase_015_subj_11"
2437,110,5,"<p style=""color:rgb(150, 250, 100); font-size: 35px;"">自己的</p>","self","ability","自己的",5,609,609,"e","true",NA,NA,NA,NA,"phase_015_subj_11"
2438,110,6,"<p style=""color:white; font-size: 35px;"">愚钝</p>","negative","ability","愚钝",6,1565,1565,"e","true",NA,NA,NA,NA,"phase_015_subj_11"
2439,110,6,"<p style=""color:rgb(150, 250, 100); font-size: 35px;"">自己的</p>","self","ability","自己的",6,540,540,"e","true",NA,NA,NA,NA,"phase_015_subj_11"
2440,110,6,"<p style=""color:white; font-size: 35px;"">天才</p>","positive","ability","天才",6,1070,1070,"i","true",NA,NA,NA,NA,"phase_015_subj_11"
2441,110,6,"<p style=""color:rgb(150, 250, 100); font-size: 35px;"">他人的</p>","other","ability","他人的",6,511,511,"i","true",NA,NA,NA,NA,"phase_015_subj_11"
2442,110,6,"<p style=""color:white; font-size: 35px;"">全才</p>","positive","ability","全才",6,867,867,"i","true",NA,NA,NA,NA,"phase_015_subj_11"
2443,110,6,"<p style=""color:rgb(150, 250, 100); font-size: 35px;"">自己</p>","self","ability","自己",6,678,678,"e","true",NA,NA,NA,NA,"phase_015_subj_11"
2444,110,6,"<p style=""color:white; font-size: 35px;"">拙笨</p>","negative","ability","拙笨",6,762,762,"e","true",NA,NA,NA,NA,"phase_015_subj_11"
2445,110,6,"<p style=""color:rgb(150, 250, 100); font-size: 35px;"">他人</p>","other","ability","他人",6,746,746,"i","true",NA,NA,NA,NA,"phase_015_subj_11"
2446,110,6,"<p style=""color:white; font-size: 35px;"">全能</p>","positive","ability","全能",6,496,496,"i","true",NA,NA,NA,NA,"phase_015_subj_11"
2447,110,6,"<p style=""color:rgb(150, 250, 100); font-size: 35px;"">我的</p>","self","ability","我的",6,770,770,"e","true",NA,NA,NA,NA,"phase_015_subj_11"
2448,110,6,"<p style=""color:white; font-size: 35px;"">低能</p>","negative","ability","低能",6,762,762,"e","true",NA,NA,NA,NA,"phase_015_subj_11"
2449,110,6,"<p style=""color:rgb(150, 250, 100); font-size: 35px;"">别人的</p>","other","ability","别人的",6,660,660,"i","true",NA,NA,NA,NA,"phase_015_subj_11"
2450,110,6,"<p style=""color:white; font-size: 35px;"">能干</p>","positive","ability","能干",6,601,601,"i","true",NA,NA,NA,NA,"phase_015_subj_11"
2451,110,6,"<p style=""color:rgb(150, 250, 100); font-size: 35px;"">我</p>","self","ability","我",6,636,636,"e","true",NA,NA,NA,NA,"phase_015_subj_11"
2452,110,6,"<p style=""color:white; font-size: 35px;"">蠢笨</p>","negative","ability","蠢笨",6,529,529,"e","true",NA,NA,NA,NA,"phase_015_subj_11"
2453,110,6,"<p style=""color:rgb(150, 250, 100); font-size: 35px;"">他的</p>","other","ability","他的",6,510,510,"i","true",NA,NA,NA,NA,"phase_015_subj_11"
2454,110,6,"<p style=""color:white; font-size: 35px;"">精干</p>","positive","ability","精干",6,675,675,"i","true",NA,NA,NA,NA,"phase_015_subj_11"
2455,110,6,"<p style=""color:rgb(150, 250, 100); font-size: 35px;"">别人</p>","other","ability","别人",6,506,506,"i","true",NA,NA,NA,NA,"phase_015_subj_11"
2456,110,6,"<p style=""color:white; font-size: 35px;"">无能</p>","negative","ability","无能",6,819,819,"e","true",NA,NA,NA,NA,"phase_015_subj_11"
2457,110,6,"<p style=""color:rgb(150, 250, 100); font-size: 35px;"">本人的</p>","self","ability","本人的",6,498,498,"e","true",NA,NA,NA,NA,"phase_015_subj_11"
2458,110,6,"<p style=""color:white; font-size: 35px;"">废物</p>","negative","ability","废物",6,776,776,"e","true",NA,NA,NA,NA,"phase_015_subj_11"
2459,110,6,"<p style=""color:rgb(150, 250, 100); font-size: 35px;"">他</p>","other","ability","他",6,607,607,"i","true",NA,NA,NA,NA,"phase_015_subj_11"
2460,110,6,"<p style=""color:white; font-size: 35px;"">高效</p>","positive","ability","高效",6,797,797,"i","true",NA,NA,NA,NA,"phase_015_subj_11"
2461,110,6,"<p style=""color:rgb(150, 250, 100); font-size: 35px;"">本人</p>","self","ability","本人",6,611,611,"e","true",NA,NA,NA,NA,"phase_015_subj_11"
2462,110,7,"<p style=""color:white; font-size: 35px;"">全才</p>","positive","ability","全才",7,1616,1616,"i","true",NA,NA,NA,NA,"phase_015_subj_11"
2463,110,7,"<p style=""color:rgb(150, 250, 100); font-size: 35px;"">别人</p>","other","ability","别人",7,580,580,"i","true",NA,NA,NA,NA,"phase_015_subj_11"
2464,110,7,"<p style=""color:white; font-size: 35px;"">废物</p>","negative","ability","废物",7,1016,1016,"e","true",NA,NA,NA,NA,"phase_015_subj_11"
2465,110,7,"<p style=""color:rgb(150, 250, 100); font-size: 35px;"">我的</p>","self","ability","我的",7,686,686,"e","true",NA,NA,NA,NA,"phase_015_subj_11"
2466,110,7,"<p style=""color:white; font-size: 35px;"">蠢笨</p>","negative","ability","蠢笨",7,803,803,"e","true",NA,NA,NA,NA,"phase_015_subj_11"
2467,110,7,"<p style=""color:rgb(150, 250, 100); font-size: 35px;"">他</p>","other","ability","他",7,591,591,"i","true",NA,NA,NA,NA,"phase_015_subj_11"
2468,110,7,"<p style=""color:white; font-size: 35px;"">高效</p>","positive","ability","高效",7,615,615,"i","true",NA,NA,NA,NA,"phase_015_subj_11"
2469,110,7,"<p style=""color:rgb(150, 250, 100); font-size: 35px;"">我</p>","self","ability","我",7,674,674,"e","true",NA,NA,NA,NA,"phase_015_subj_11"
2470,110,7,"<p style=""color:white; font-size: 35px;"">天才</p>","positive","ability","天才",7,683,1353.72340425532,"e","false",NA,NA,NA,NA,"phase_015_subj_11"
2471,110,7,"<p style=""color:rgb(150, 250, 100); font-size: 35px;"">本人</p>","self","ability","本人",7,991,991,"e","true",NA,NA,NA,NA,"phase_015_subj_11"
2472,110,7,"<p style=""color:white; font-size: 35px;"">愚钝</p>","negative","ability","愚钝",7,757,757,"e","true",NA,NA,NA,NA,"phase_015_subj_11"
2473,110,7,"<p style=""color:rgb(150, 250, 100); font-size: 35px;"">别人</p>","other","ability","别人",7,805,805,"i","true",NA,NA,NA,NA,"phase_015_subj_11"
2474,110,7,"<p style=""color:white; font-size: 35px;"">拙笨</p>","negative","ability","拙笨",7,963,963,"e","true",NA,NA,NA,NA,"phase_015_subj_11"
2475,110,7,"<p style=""color:rgb(150, 250, 100); font-size: 35px;"">自己</p>","self","ability","自己",7,625,625,"e","true",NA,NA,NA,NA,"phase_015_subj_11"
2476,110,7,"<p style=""color:white; font-size: 35px;"">能干</p>","positive","ability","能干",7,806,806,"i","true",NA,NA,NA,NA,"phase_015_subj_11"
2477,110,7,"<p style=""color:rgb(150, 250, 100); font-size: 35px;"">他人的</p>","other","ability","他人的",7,1048,1048,"i","true",NA,NA,NA,NA,"phase_015_subj_11"
2478,110,7,"<p style=""color:white; font-size: 35px;"">天才</p>","positive","ability","天才",7,1148,1148,"i","true",NA,NA,NA,NA,"phase_015_subj_11"
2479,110,7,"<p style=""color:rgb(150, 250, 100); font-size: 35px;"">他人</p>","other","ability","他人",7,532,532,"i","true",NA,NA,NA,NA,"phase_015_subj_11"
2480,110,7,"<p style=""color:white; font-size: 35px;"">愚钝</p>","negative","ability","愚钝",7,622,622,"e","true",NA,NA,NA,NA,"phase_015_subj_11"
2481,110,7,"<p style=""color:rgb(150, 250, 100); font-size: 35px;"">自己的</p>","self","ability","自己的",7,479,479,"e","true",NA,NA,NA,NA,"phase_015_subj_11"
2482,110,7,"<p style=""color:white; font-size: 35px;"">无能</p>","negative","ability","无能",7,724,724,"e","true",NA,NA,NA,NA,"phase_015_subj_11"
2483,110,7,"<p style=""color:rgb(150, 250, 100); font-size: 35px;"">他的</p>","other","ability","他的",7,699,699,"i","true",NA,NA,NA,NA,"phase_015_subj_11"
2484,110,7,"<p style=""color:white; font-size: 35px;"">高效</p>","positive","ability","高效",7,600,600,"i","true",NA,NA,NA,NA,"phase_015_subj_11"
2485,110,7,"<p style=""color:rgb(150, 250, 100); font-size: 35px;"">本人的</p>","self","ability","本人的",7,1108,1108,"e","true",NA,NA,NA,NA,"phase_015_subj_11"
2486,110,7,"<p style=""color:white; font-size: 35px;"">拙笨</p>","negative","ability","拙笨",7,540,540,"e","true",NA,NA,NA,NA,"phase_015_subj_11"
2487,110,7,"<p style=""color:rgb(150, 250, 100); font-size: 35px;"">我</p>","self","ability","我",7,497,497,"e","true",NA,NA,NA,NA,"phase_015_subj_11"
2488,110,7,"<p style=""color:white; font-size: 35px;"">全能</p>","positive","ability","全能",7,615,615,"i","true",NA,NA,NA,NA,"phase_015_subj_11"
2489,110,7,"<p style=""color:rgb(150, 250, 100); font-size: 35px;"">他人</p>","other","ability","他人",7,524,524,"i","true",NA,NA,NA,NA,"phase_015_subj_11"
2490,110,7,"<p style=""color:white; font-size: 35px;"">低能</p>","negative","ability","低能",7,746,746,"e","true",NA,NA,NA,NA,"phase_015_subj_11"
2491,110,7,"<p style=""color:rgb(150, 250, 100); font-size: 35px;"">自己</p>","self","ability","自己",7,444,444,"e","true",NA,NA,NA,NA,"phase_015_subj_11"
2492,110,7,"<p style=""color:white; font-size: 35px;"">精干</p>","positive","ability","精干",7,760,760,"i","true",NA,NA,NA,NA,"phase_015_subj_11"
2493,110,7,"<p style=""color:rgb(150, 250, 100); font-size: 35px;"">他的</p>","other","ability","他的",7,427,427,"i","true",NA,NA,NA,NA,"phase_015_subj_11"
2494,110,7,"<p style=""color:white; font-size: 35px;"">精干</p>","positive","ability","精干",7,560,560,"i","true",NA,NA,NA,NA,"phase_015_subj_11"
2495,110,7,"<p style=""color:rgb(150, 250, 100); font-size: 35px;"">他人的</p>","other","ability","他人的",7,575,575,"i","true",NA,NA,NA,NA,"phase_015_subj_11"
2496,110,7,"<p style=""color:white; font-size: 35px;"">蠢笨</p>","negative","ability","蠢笨",7,550,550,"e","true",NA,NA,NA,NA,"phase_015_subj_11"
2497,110,7,"<p style=""color:rgb(150, 250, 100); font-size: 35px;"">本人</p>","self","ability","本人",7,512,512,"e","true",NA,NA,NA,NA,"phase_015_subj_11"
2498,110,7,"<p style=""color:white; font-size: 35px;"">低能</p>","negative","ability","低能",7,665,665,"e","true",NA,NA,NA,NA,"phase_015_subj_11"
2499,110,7,"<p style=""color:rgb(150, 250, 100); font-size: 35px;"">本人的</p>","self","ability","本人的",7,536,536,"e","true",NA,NA,NA,NA,"phase_015_subj_11"
2500,110,7,"<p style=""color:white; font-size: 35px;"">能干</p>","positive","ability","能干",7,885,885,"i","true",NA,NA,NA,NA,"phase_015_subj_11"
2501,110,7,"<p style=""color:rgb(150, 250, 100); font-size: 35px;"">别人的</p>","other","ability","别人的",7,461,461,"i","true",NA,NA,NA,NA,"phase_015_subj_11"
2502,110,7,"<p style=""color:white; font-size: 35px;"">无能</p>","negative","ability","无能",7,2597,2597,"e","true",NA,NA,NA,NA,"phase_015_subj_11"
2503,110,7,"<p style=""color:rgb(150, 250, 100); font-size: 35px;"">我的</p>","self","ability","我的",7,1004,1004,"e","true",NA,NA,NA,NA,"phase_015_subj_11"
2504,110,7,"<p style=""color:white; font-size: 35px;"">全才</p>","positive","ability","全才",7,636,636,"i","true",NA,NA,NA,NA,"phase_015_subj_11"
2505,110,7,"<p style=""color:rgb(150, 250, 100); font-size: 35px;"">他</p>","other","ability","他",7,540,540,"i","true",NA,NA,NA,NA,"phase_015_subj_11"
2506,110,7,"<p style=""color:white; font-size: 35px;"">废物</p>","negative","ability","废物",7,984,984,"e","true",NA,NA,NA,NA,"phase_015_subj_11"
2507,110,7,"<p style=""color:rgb(150, 250, 100); font-size: 35px;"">自己的</p>","self","ability","自己的",7,472,472,"e","true",NA,NA,NA,NA,"phase_015_subj_11"
2508,110,7,"<p style=""color:white; font-size: 35px;"">全能</p>","positive","ability","全能",7,682,682,"i","true",NA,NA,NA,NA,"phase_015_subj_11"
2509,110,7,"<p style=""color:rgb(150, 250, 100); font-size: 35px;"">别人的</p>","other","ability","别人的",7,725,725,"i","true",NA,NA,NA,NA,"phase_015_subj_11"
2510,110,NA,"
    <h3>词语分类任务</h3>
    <p>在接下来的任务中，你需要对一系列词语进行分类。<p/>
    请先熟悉这些词语，这有利于你完成接下来的任务。</p>
    <table align=""center"" border=1 cellpadding=3 cellspacing=0>
    <tr> <th>类别</th> <th>词语</th> </tr>
    <tr> <td>&emsp;积极&emsp;</td> <td>&emsp;高尚、诚信、善良、君子、廉正、正直&emsp;</td> </tr>
    <tr> <td>&emsp;消极&emsp;</td> <td>&emsp;缺德、卑鄙、不孝、不仁、小人、黑心&emsp;</td> </tr>
    <tr> <td>&emsp;自我&emsp;</td> <td>&emsp;我、我的、自己、自己的、本人、本人的&emsp;</td> </tr>
    <tr> <td>&emsp;他人&emsp;</td> <td>&emsp;他、他的、别人、别人的、他人、他人的&emsp;</td> </tr>
    </table><br/>","","","",NA,16307,NA,"0","",NA,NA,1,2,"phase_015_subj_11"
2511,110,11,"<p style=""color:rgb(150, 250, 100); font-size: 35px;"">自己的</p>","self","moral","自己的",1,503,503,"e","false",NA,NA,NA,NA,"phase_015_subj_11"
2512,110,11,"<p style=""color:rgb(150, 250, 100); font-size: 35px;"">别人的</p>","other","moral","别人的",1,588,588,"e","true",NA,NA,NA,NA,"phase_015_subj_11"
2513,110,11,"<p style=""color:rgb(150, 250, 100); font-size: 35px;"">他人</p>","other","moral","他人",1,535,535,"e","true",NA,NA,NA,NA,"phase_015_subj_11"
2514,110,11,"<p style=""color:rgb(150, 250, 100); font-size: 35px;"">我</p>","self","moral","我",1,561,561,"i","true",NA,NA,NA,NA,"phase_015_subj_11"
2515,110,11,"<p style=""color:rgb(150, 250, 100); font-size: 35px;"">自己</p>","self","moral","自己",1,556,556,"i","true",NA,NA,NA,NA,"phase_015_subj_11"
2516,110,11,"<p style=""color:rgb(150, 250, 100); font-size: 35px;"">他的</p>","other","moral","他的",1,716,716,"e","true",NA,NA,NA,NA,"phase_015_subj_11"
2517,110,11,"<p style=""color:rgb(150, 250, 100); font-size: 35px;"">本人</p>","self","moral","本人",1,546,546,"i","true",NA,NA,NA,NA,"phase_015_subj_11"
2518,110,11,"<p style=""color:rgb(150, 250, 100); font-size: 35px;"">本人的</p>","self","moral","本人的",1,644,644,"i","true",NA,NA,NA,NA,"phase_015_subj_11"
2519,110,11,"<p style=""color:rgb(150, 250, 100); font-size: 35px;"">别人</p>","other","moral","别人",1,435,435,"e","true",NA,NA,NA,NA,"phase_015_subj_11"
2520,110,11,"<p style=""color:rgb(150, 250, 100); font-size: 35px;"">我的</p>","self","moral","我的",1,478,478,"i","true",NA,NA,NA,NA,"phase_015_subj_11"
2521,110,11,"<p style=""color:rgb(150, 250, 100); font-size: 35px;"">他</p>","other","moral","他",1,514,514,"e","true",NA,NA,NA,NA,"phase_015_subj_11"
2522,110,11,"<p style=""color:rgb(150, 250, 100); font-size: 35px;"">他人的</p>","other","moral","他人的",1,564,564,"e","true",NA,NA,NA,NA,"phase_015_subj_11"
2523,110,12,"<p style=""color:white; font-size: 35px;"">黑心</p>","negative","moral","黑心",2,1071,1071,"i","true",NA,NA,NA,NA,"phase_015_subj_11"
2524,110,12,"<p style=""color:white; font-size: 35px;"">不孝</p>","negative","moral","不孝",2,767,767,"i","true",NA,NA,NA,NA,"phase_015_subj_11"
2525,110,12,"<p style=""color:white; font-size: 35px;"">诚信</p>","positive","moral","诚信",2,721,721,"e","true",NA,NA,NA,NA,"phase_015_subj_11"
2526,110,12,"<p style=""color:white; font-size: 35px;"">廉正</p>","positive","moral","廉正",2,535,535,"e","true",NA,NA,NA,NA,"phase_015_subj_11"
2527,110,12,"<p style=""color:white; font-size: 35px;"">高尚</p>","positive","moral","高尚",2,471,471,"e","true",NA,NA,NA,NA,"phase_015_subj_11"
2528,110,12,"<p style=""color:white; font-size: 35px;"">卑鄙</p>","negative","moral","卑鄙",2,589,589,"i","true",NA,NA,NA,NA,"phase_015_subj_11"
2529,110,12,"<p style=""color:white; font-size: 35px;"">缺德</p>","negative","moral","缺德",2,608,608,"i","true",NA,NA,NA,NA,"phase_015_subj_11"
2530,110,12,"<p style=""color:white; font-size: 35px;"">不仁</p>","negative","moral","不仁",2,647,647,"i","true",NA,NA,NA,NA,"phase_015_subj_11"
2531,110,12,"<p style=""color:white; font-size: 35px;"">正直</p>","positive","moral","正直",2,513,513,"e","true",NA,NA,NA,NA,"phase_015_subj_11"
2532,110,12,"<p style=""color:white; font-size: 35px;"">君子</p>","positive","moral","君子",2,880,880,"e","true",NA,NA,NA,NA,"phase_015_subj_11"
2533,110,12,"<p style=""color:white; font-size: 35px;"">善良</p>","positive","moral","善良",2,503,503,"e","true",NA,NA,NA,NA,"phase_015_subj_11"
2534,110,12,"<p style=""color:white; font-size: 35px;"">小人</p>","negative","moral","小人",2,524,524,"i","true",NA,NA,NA,NA,"phase_015_subj_11"
2535,110,13,"<p style=""color:rgb(150, 250, 100); font-size: 35px;"">别人的</p>","other","moral","别人的",3,1321,1321,"e","true",NA,NA,NA,NA,"phase_015_subj_11"
2536,110,13,"<p style=""color:white; font-size: 35px;"">缺德</p>","negative","moral","缺德",3,806,806,"i","true",NA,NA,NA,NA,"phase_015_subj_11"
2537,110,13,"<p style=""color:rgb(150, 250, 100); font-size: 35px;"">自己的</p>","self","moral","自己的",3,594,594,"i","true",NA,NA,NA,NA,"phase_015_subj_11"
2538,110,13,"<p style=""color:white; font-size: 35px;"">诚信</p>","positive","moral","诚信",3,784,784,"e","true",NA,NA,NA,NA,"phase_015_subj_11"
2539,110,13,"<p style=""color:rgb(150, 250, 100); font-size: 35px;"">他的</p>","other","moral","他的",3,446,446,"e","true",NA,NA,NA,NA,"phase_015_subj_11"
2540,110,13,"<p style=""color:white; font-size: 35px;"">善良</p>","positive","moral","善良",3,671,671,"e","true",NA,NA,NA,NA,"phase_015_subj_11"
2541,110,13,"<p style=""color:rgb(150, 250, 100); font-size: 35px;"">自己</p>","self","moral","自己",3,625,625,"i","true",NA,NA,NA,NA,"phase_015_subj_11"
2542,110,13,"<p style=""color:white; font-size: 35px;"">黑心</p>","negative","moral","黑心",3,706,706,"i","true",NA,NA,NA,NA,"phase_015_subj_11"
2543,110,13,"<p style=""color:rgb(150, 250, 100); font-size: 35px;"">他人的</p>","other","moral","他人的",3,720,720,"e","true",NA,NA,NA,NA,"phase_015_subj_11"
2544,110,13,"<p style=""color:white; font-size: 35px;"">正直</p>","positive","moral","正直",3,485,485,"e","true",NA,NA,NA,NA,"phase_015_subj_11"
2545,110,13,"<p style=""color:rgb(150, 250, 100); font-size: 35px;"">我</p>","self","moral","我",3,500,500,"i","true",NA,NA,NA,NA,"phase_015_subj_11"
2546,110,13,"<p style=""color:white; font-size: 35px;"">卑鄙</p>","negative","moral","卑鄙",3,564,564,"i","true",NA,NA,NA,NA,"phase_015_subj_11"
2547,110,13,"<p style=""color:rgb(150, 250, 100); font-size: 35px;"">本人</p>","self","moral","本人",3,576,576,"i","true",NA,NA,NA,NA,"phase_015_subj_11"
2548,110,13,"<p style=""color:white; font-size: 35px;"">君子</p>","positive","moral","君子",3,570,570,"e","true",NA,NA,NA,NA,"phase_015_subj_11"
2549,110,13,"<p style=""color:rgb(150, 250, 100); font-size: 35px;"">他人</p>","other","moral","他人",3,674,674,"e","true",NA,NA,NA,NA,"phase_015_subj_11"
2550,110,13,"<p style=""color:white; font-size: 35px;"">小人</p>","negative","moral","小人",3,690,690,"i","true",NA,NA,NA,NA,"phase_015_subj_11"
2551,110,13,"<p style=""color:rgb(150, 250, 100); font-size: 35px;"">我的</p>","self","moral","我的",3,502,502,"i","true",NA,NA,NA,NA,"phase_015_subj_11"
2552,110,13,"<p style=""color:white; font-size: 35px;"">廉正</p>","positive","moral","廉正",3,810,810,"e","true",NA,NA,NA,NA,"phase_015_subj_11"
2553,110,13,"<p style=""color:rgb(150, 250, 100); font-size: 35px;"">他</p>","other","moral","他",3,434,434,"e","true",NA,NA,NA,NA,"phase_015_subj_11"
2554,110,13,"<p style=""color:white; font-size: 35px;"">不孝</p>","negative","moral","不孝",3,642,642,"i","true",NA,NA,NA,NA,"phase_015_subj_11"
2555,110,13,"<p style=""color:rgb(150, 250, 100); font-size: 35px;"">本人的</p>","self","moral","本人的",3,525,525,"i","true",NA,NA,NA,NA,"phase_015_subj_11"
2556,110,13,"<p style=""color:white; font-size: 35px;"">高尚</p>","positive","moral","高尚",3,637,637,"e","true",NA,NA,NA,NA,"phase_015_subj_11"
2557,110,13,"<p style=""color:rgb(150, 250, 100); font-size: 35px;"">别人</p>","other","moral","别人",3,493,493,"e","true",NA,NA,NA,NA,"phase_015_subj_11"
2558,110,13,"<p style=""color:white; font-size: 35px;"">不仁</p>","negative","moral","不仁",3,792,792,"i","true",NA,NA,NA,NA,"phase_015_subj_11"
2559,110,14,"<p style=""color:rgb(150, 250, 100); font-size: 35px;"">自己</p>","self","moral","自己",4,1696,1696,"i","true",NA,NA,NA,NA,"phase_015_subj_11"
2560,110,14,"<p style=""color:white; font-size: 35px;"">卑鄙</p>","negative","moral","卑鄙",4,604,604,"i","true",NA,NA,NA,NA,"phase_015_subj_11"
2561,110,14,"<p style=""color:rgb(150, 250, 100); font-size: 35px;"">他</p>","other","moral","他",4,555,555,"e","true",NA,NA,NA,NA,"phase_015_subj_11"
2562,110,14,"<p style=""color:white; font-size: 35px;"">高尚</p>","positive","moral","高尚",4,423,423,"e","true",NA,NA,NA,NA,"phase_015_subj_11"
2563,110,14,"<p style=""color:rgb(150, 250, 100); font-size: 35px;"">别人</p>","other","moral","别人",4,833,833,"e","true",NA,NA,NA,NA,"phase_015_subj_11"
2564,110,14,"<p style=""color:white; font-size: 35px;"">不仁</p>","negative","moral","不仁",4,718,718,"i","true",NA,NA,NA,NA,"phase_015_subj_11"
2565,110,14,"<p style=""color:rgb(150, 250, 100); font-size: 35px;"">本人</p>","self","moral","本人",4,467,467,"i","true",NA,NA,NA,NA,"phase_015_subj_11"
2566,110,14,"<p style=""color:white; font-size: 35px;"">君子</p>","positive","moral","君子",4,753,753,"e","true",NA,NA,NA,NA,"phase_015_subj_11"
2567,110,14,"<p style=""color:rgb(150, 250, 100); font-size: 35px;"">他人的</p>","other","moral","他人的",4,457,457,"e","true",NA,NA,NA,NA,"phase_015_subj_11"
2568,110,14,"<p style=""color:white; font-size: 35px;"">小人</p>","negative","moral","小人",4,718,718,"i","true",NA,NA,NA,NA,"phase_015_subj_11"
2569,110,14,"<p style=""color:rgb(150, 250, 100); font-size: 35px;"">自己的</p>","self","moral","自己的",4,491,491,"i","true",NA,NA,NA,NA,"phase_015_subj_11"
2570,110,14,"<p style=""color:white; font-size: 35px;"">善良</p>","positive","moral","善良",4,700,700,"e","true",NA,NA,NA,NA,"phase_015_subj_11"
2571,110,14,"<p style=""color:rgb(150, 250, 100); font-size: 35px;"">我</p>","self","moral","我",4,572,572,"i","true",NA,NA,NA,NA,"phase_015_subj_11"
2572,110,14,"<p style=""color:white; font-size: 35px;"">正直</p>","positive","moral","正直",4,604,604,"e","true",NA,NA,NA,NA,"phase_015_subj_11"
2573,110,14,"<p style=""color:rgb(150, 250, 100); font-size: 35px;"">别人</p>","other","moral","别人",4,944,944,"e","true",NA,NA,NA,NA,"phase_015_subj_11"
2574,110,14,"<p style=""color:white; font-size: 35px;"">卑鄙</p>","negative","moral","卑鄙",4,630,630,"i","true",NA,NA,NA,NA,"phase_015_subj_11"
2575,110,14,"<p style=""color:rgb(150, 250, 100); font-size: 35px;"">他人</p>","other","moral","他人",4,681,681,"e","true",NA,NA,NA,NA,"phase_015_subj_11"
2576,110,14,"<p style=""color:white; font-size: 35px;"">诚信</p>","positive","moral","诚信",4,1102,1102,"e","true",NA,NA,NA,NA,"phase_015_subj_11"
2577,110,14,"<p style=""color:rgb(150, 250, 100); font-size: 35px;"">我的</p>","self","moral","我的",4,572,572,"i","true",NA,NA,NA,NA,"phase_015_subj_11"
2578,110,14,"<p style=""color:white; font-size: 35px;"">小人</p>","negative","moral","小人",4,468,468,"i","true",NA,NA,NA,NA,"phase_015_subj_11"
2579,110,14,"<p style=""color:rgb(150, 250, 100); font-size: 35px;"">我</p>","self","moral","我",4,562,562,"i","true",NA,NA,NA,NA,"phase_015_subj_11"
2580,110,14,"<p style=""color:white; font-size: 35px;"">高尚</p>","positive","moral","高尚",4,481,481,"e","true",NA,NA,NA,NA,"phase_015_subj_11"
2581,110,14,"<p style=""color:rgb(150, 250, 100); font-size: 35px;"">他</p>","other","moral","他",4,537,537,"e","true",NA,NA,NA,NA,"phase_015_subj_11"
2582,110,14,"<p style=""color:white; font-size: 35px;"">不孝</p>","negative","moral","不孝",4,610,610,"i","true",NA,NA,NA,NA,"phase_015_subj_11"
2583,110,14,"<p style=""color:rgb(150, 250, 100); font-size: 35px;"">别人的</p>","other","moral","别人的",4,637,637,"e","true",NA,NA,NA,NA,"phase_015_subj_11"
2584,110,14,"<p style=""color:white; font-size: 35px;"">善良</p>","positive","moral","善良",4,645,645,"e","true",NA,NA,NA,NA,"phase_015_subj_11"
2585,110,14,"<p style=""color:rgb(150, 250, 100); font-size: 35px;"">本人的</p>","self","moral","本人的",4,602,602,"i","true",NA,NA,NA,NA,"phase_015_subj_11"
2586,110,14,"<p style=""color:white; font-size: 35px;"">黑心</p>","negative","moral","黑心",4,536,536,"i","true",NA,NA,NA,NA,"phase_015_subj_11"
2587,110,14,"<p style=""color:rgb(150, 250, 100); font-size: 35px;"">他的</p>","other","moral","他的",4,568,568,"e","true",NA,NA,NA,NA,"phase_015_subj_11"
2588,110,14,"<p style=""color:white; font-size: 35px;"">诚信</p>","positive","moral","诚信",4,629,629,"e","true",NA,NA,NA,NA,"phase_015_subj_11"
2589,110,14,"<p style=""color:rgb(150, 250, 100); font-size: 35px;"">自己的</p>","self","moral","自己的",4,1089,1089,"i","true",NA,NA,NA,NA,"phase_015_subj_11"
2590,110,14,"<p style=""color:white; font-size: 35px;"">缺德</p>","negative","moral","缺德",4,609,609,"i","true",NA,NA,NA,NA,"phase_015_subj_11"
2591,110,14,"<p style=""color:rgb(150, 250, 100); font-size: 35px;"">他的</p>","other","moral","他的",4,576,576,"e","true",NA,NA,NA,NA,"phase_015_subj_11"
2592,110,14,"<p style=""color:white; font-size: 35px;"">缺德</p>","negative","moral","缺德",4,895,895,"i","true",NA,NA,NA,NA,"phase_015_subj_11"
2593,110,14,"<p style=""color:rgb(150, 250, 100); font-size: 35px;"">本人的</p>","self","moral","本人的",4,646,1265.74468085106,"e","false",NA,NA,NA,NA,"phase_015_subj_11"
2594,110,14,"<p style=""color:white; font-size: 35px;"">廉正</p>","positive","moral","廉正",4,668,668,"e","true",NA,NA,NA,NA,"phase_015_subj_11"
2595,110,14,"<p style=""color:rgb(150, 250, 100); font-size: 35px;"">我的</p>","self","moral","我的",4,732,732,"i","true",NA,NA,NA,NA,"phase_015_subj_11"
2596,110,14,"<p style=""color:white; font-size: 35px;"">不仁</p>","negative","moral","不仁",4,778,778,"i","true",NA,NA,NA,NA,"phase_015_subj_11"
2597,110,14,"<p style=""color:rgb(150, 250, 100); font-size: 35px;"">他人的</p>","other","moral","他人的",4,620,620,"e","true",NA,NA,NA,NA,"phase_015_subj_11"
2598,110,14,"<p style=""color:white; font-size: 35px;"">君子</p>","positive","moral","君子",4,800,800,"e","true",NA,NA,NA,NA,"phase_015_subj_11"
2599,110,14,"<p style=""color:rgb(150, 250, 100); font-size: 35px;"">本人</p>","self","moral","本人",4,569,569,"i","true",NA,NA,NA,NA,"phase_015_subj_11"
2600,110,14,"<p style=""color:white; font-size: 35px;"">正直</p>","positive","moral","正直",4,696,696,"e","true",NA,NA,NA,NA,"phase_015_subj_11"
2601,110,14,"<p style=""color:rgb(150, 250, 100); font-size: 35px;"">他人</p>","other","moral","他人",4,563,563,"e","true",NA,NA,NA,NA,"phase_015_subj_11"
2602,110,14,"<p style=""color:white; font-size: 35px;"">黑心</p>","negative","moral","黑心",4,560,560,"i","true",NA,NA,NA,NA,"phase_015_subj_11"
2603,110,14,"<p style=""color:rgb(150, 250, 100); font-size: 35px;"">别人的</p>","other","moral","别人的",4,627,627,"e","true",NA,NA,NA,NA,"phase_015_subj_11"
2604,110,14,"<p style=""color:white; font-size: 35px;"">廉正</p>","positive","moral","廉正",4,553,553,"e","true",NA,NA,NA,NA,"phase_015_subj_11"
2605,110,14,"<p style=""color:rgb(150, 250, 100); font-size: 35px;"">自己</p>","self","moral","自己",4,595,595,"i","true",NA,NA,NA,NA,"phase_015_subj_11"
2606,110,14,"<p style=""color:white; font-size: 35px;"">不孝</p>","negative","moral","不孝",4,565,565,"i","true",NA,NA,NA,NA,"phase_015_subj_11"
2607,110,15,"<p style=""color:rgb(150, 250, 100); font-size: 35px;"">他</p>","other","moral","他",5,797,797,"i","true",NA,NA,NA,NA,"phase_015_subj_11"
2608,110,15,"<p style=""color:rgb(150, 250, 100); font-size: 35px;"">我</p>","self","moral","我",5,591,591,"e","true",NA,NA,NA,NA,"phase_015_subj_11"
2609,110,15,"<p style=""color:rgb(150, 250, 100); font-size: 35px;"">他人的</p>","other","moral","他人的",5,560,560,"i","true",NA,NA,NA,NA,"phase_015_subj_11"
2610,110,15,"<p style=""color:rgb(150, 250, 100); font-size: 35px;"">别人的</p>","other","moral","别人的",5,569,569,"i","true",NA,NA,NA,NA,"phase_015_subj_11"
2611,110,15,"<p style=""color:rgb(150, 250, 100); font-size: 35px;"">我的</p>","self","moral","我的",5,443,443,"e","true",NA,NA,NA,NA,"phase_015_subj_11"
2612,110,15,"<p style=""color:rgb(150, 250, 100); font-size: 35px;"">自己的</p>","self","moral","自己的",5,471,471,"e","true",NA,NA,NA,NA,"phase_015_subj_11"
2613,110,15,"<p style=""color:rgb(150, 250, 100); font-size: 35px;"">本人</p>","self","moral","本人",5,545,545,"e","true",NA,NA,NA,NA,"phase_015_subj_11"
2614,110,15,"<p style=""color:rgb(150, 250, 100); font-size: 35px;"">本人的</p>","self","moral","本人的",5,518,518,"e","true",NA,NA,NA,NA,"phase_015_subj_11"
2615,110,15,"<p style=""color:rgb(150, 250, 100); font-size: 35px;"">自己</p>","self","moral","自己",5,541,541,"e","true",NA,NA,NA,NA,"phase_015_subj_11"
2616,110,15,"<p style=""color:rgb(150, 250, 100); font-size: 35px;"">别人</p>","other","moral","别人",5,413,413,"i","true",NA,NA,NA,NA,"phase_015_subj_11"
2617,110,15,"<p style=""color:rgb(150, 250, 100); font-size: 35px;"">他的</p>","other","moral","他的",5,433,433,"i","true",NA,NA,NA,NA,"phase_015_subj_11"
2618,110,15,"<p style=""color:rgb(150, 250, 100); font-size: 35px;"">我的</p>","self","moral","我的",5,485,485,"e","true",NA,NA,NA,NA,"phase_015_subj_11"
2619,110,15,"<p style=""color:rgb(150, 250, 100); font-size: 35px;"">我</p>","self","moral","我",5,538,538,"e","true",NA,NA,NA,NA,"phase_015_subj_11"
2620,110,15,"<p style=""color:rgb(150, 250, 100); font-size: 35px;"">他人</p>","other","moral","他人",5,469,469,"i","true",NA,NA,NA,NA,"phase_015_subj_11"
2621,110,15,"<p style=""color:rgb(150, 250, 100); font-size: 35px;"">本人的</p>","self","moral","本人的",5,569,569,"e","true",NA,NA,NA,NA,"phase_015_subj_11"
2622,110,15,"<p style=""color:rgb(150, 250, 100); font-size: 35px;"">他的</p>","other","moral","他的",5,550,550,"i","true",NA,NA,NA,NA,"phase_015_subj_11"
2623,110,15,"<p style=""color:rgb(150, 250, 100); font-size: 35px;"">自己的</p>","self","moral","自己的",5,516,516,"e","true",NA,NA,NA,NA,"phase_015_subj_11"
2624,110,15,"<p style=""color:rgb(150, 250, 100); font-size: 35px;"">别人的</p>","other","moral","别人的",5,525,525,"i","true",NA,NA,NA,NA,"phase_015_subj_11"
2625,110,15,"<p style=""color:rgb(150, 250, 100); font-size: 35px;"">他人的</p>","other","moral","他人的",5,698,698,"i","true",NA,NA,NA,NA,"phase_015_subj_11"
2626,110,15,"<p style=""color:rgb(150, 250, 100); font-size: 35px;"">本人</p>","self","moral","本人",5,517,517,"e","true",NA,NA,NA,NA,"phase_015_subj_11"
2627,110,15,"<p style=""color:rgb(150, 250, 100); font-size: 35px;"">他人</p>","other","moral","他人",5,703,703,"i","true",NA,NA,NA,NA,"phase_015_subj_11"
2628,110,15,"<p style=""color:rgb(150, 250, 100); font-size: 35px;"">别人</p>","other","moral","别人",5,642,642,"i","true",NA,NA,NA,NA,"phase_015_subj_11"
2629,110,15,"<p style=""color:rgb(150, 250, 100); font-size: 35px;"">自己</p>","self","moral","自己",5,433,433,"e","true",NA,NA,NA,NA,"phase_015_subj_11"
2630,110,15,"<p style=""color:rgb(150, 250, 100); font-size: 35px;"">他</p>","other","moral","他",5,480,480,"e","false",NA,NA,NA,NA,"phase_015_subj_11"
2631,110,16,"<p style=""color:white; font-size: 35px;"">君子</p>","positive","moral","君子",6,1038,1038,"e","true",NA,NA,NA,NA,"phase_015_subj_11"
2632,110,16,"<p style=""color:rgb(150, 250, 100); font-size: 35px;"">别人</p>","other","moral","别人",6,664,664,"i","true",NA,NA,NA,NA,"phase_015_subj_11"
2633,110,16,"<p style=""color:white; font-size: 35px;"">卑鄙</p>","negative","moral","卑鄙",6,514,514,"i","true",NA,NA,NA,NA,"phase_015_subj_11"
2634,110,16,"<p style=""color:rgb(150, 250, 100); font-size: 35px;"">我</p>","self","moral","我",6,478,478,"e","true",NA,NA,NA,NA,"phase_015_subj_11"
2635,110,16,"<p style=""color:white; font-size: 35px;"">诚信</p>","positive","moral","诚信",6,470,470,"e","true",NA,NA,NA,NA,"phase_015_subj_11"
2636,110,16,"<p style=""color:rgb(150, 250, 100); font-size: 35px;"">本人的</p>","self","moral","本人的",6,559,559,"e","true",NA,NA,NA,NA,"phase_015_subj_11"
2637,110,16,"<p style=""color:white; font-size: 35px;"">小人</p>","negative","moral","小人",6,555,555,"i","true",NA,NA,NA,NA,"phase_015_subj_11"
2638,110,16,"<p style=""color:rgb(150, 250, 100); font-size: 35px;"">他的</p>","other","moral","他的",6,443,443,"i","true",NA,NA,NA,NA,"phase_015_subj_11"
2639,110,16,"<p style=""color:white; font-size: 35px;"">廉正</p>","positive","moral","廉正",6,535,535,"e","true",NA,NA,NA,NA,"phase_015_subj_11"
2640,110,16,"<p style=""color:rgb(150, 250, 100); font-size: 35px;"">我的</p>","self","moral","我的",6,454,454,"e","true",NA,NA,NA,NA,"phase_015_subj_11"
2641,110,16,"<p style=""color:white; font-size: 35px;"">缺德</p>","negative","moral","缺德",6,581,581,"i","true",NA,NA,NA,NA,"phase_015_subj_11"
2642,110,16,"<p style=""color:rgb(150, 250, 100); font-size: 35px;"">他人</p>","other","moral","他人",6,486,486,"i","true",NA,NA,NA,NA,"phase_015_subj_11"
2643,110,16,"<p style=""color:white; font-size: 35px;"">正直</p>","positive","moral","正直",6,602,602,"e","true",NA,NA,NA,NA,"phase_015_subj_11"
2644,110,16,"<p style=""color:rgb(150, 250, 100); font-size: 35px;"">自己的</p>","self","moral","自己的",6,407,407,"e","true",NA,NA,NA,NA,"phase_015_subj_11"
2645,110,16,"<p style=""color:white; font-size: 35px;"">不仁</p>","negative","moral","不仁",6,612,612,"i","true",NA,NA,NA,NA,"phase_015_subj_11"
2646,110,16,"<p style=""color:rgb(150, 250, 100); font-size: 35px;"">他人的</p>","other","moral","他人的",6,386,386,"i","true",NA,NA,NA,NA,"phase_015_subj_11"
2647,110,16,"<p style=""color:white; font-size: 35px;"">黑心</p>","negative","moral","黑心",6,517,517,"i","true",NA,NA,NA,NA,"phase_015_subj_11"
2648,110,16,"<p style=""color:rgb(150, 250, 100); font-size: 35px;"">自己</p>","self","moral","自己",6,533,533,"e","true",NA,NA,NA,NA,"phase_015_subj_11"
2649,110,16,"<p style=""color:white; font-size: 35px;"">善良</p>","positive","moral","善良",6,435,435,"e","true",NA,NA,NA,NA,"phase_015_subj_11"
2650,110,16,"<p style=""color:rgb(150, 250, 100); font-size: 35px;"">他</p>","other","moral","他",6,533,533,"i","true",NA,NA,NA,NA,"phase_015_subj_11"
2651,110,16,"<p style=""color:white; font-size: 35px;"">不孝</p>","negative","moral","不孝",6,481,481,"i","true",NA,NA,NA,NA,"phase_015_subj_11"
2652,110,16,"<p style=""color:rgb(150, 250, 100); font-size: 35px;"">别人的</p>","other","moral","别人的",6,716,716,"i","true",NA,NA,NA,NA,"phase_015_subj_11"
2653,110,16,"<p style=""color:white; font-size: 35px;"">高尚</p>","positive","moral","高尚",6,720,720,"e","true",NA,NA,NA,NA,"phase_015_subj_11"
2654,110,16,"<p style=""color:rgb(150, 250, 100); font-size: 35px;"">本人</p>","self","moral","本人",6,452,452,"e","true",NA,NA,NA,NA,"phase_015_subj_11"
2655,110,17,"<p style=""color:white; font-size: 35px;"">诚信</p>","positive","moral","诚信",7,1207,1207,"e","true",NA,NA,NA,NA,"phase_015_subj_11"
2656,110,17,"<p style=""color:rgb(150, 250, 100); font-size: 35px;"">别人</p>","other","moral","别人",7,797,797,"i","true",NA,NA,NA,NA,"phase_015_subj_11"
2657,110,17,"<p style=""color:white; font-size: 35px;"">小人</p>","negative","moral","小人",7,1116,1116,"i","true",NA,NA,NA,NA,"phase_015_subj_11"
2658,110,17,"<p style=""color:rgb(150, 250, 100); font-size: 35px;"">本人</p>","self","moral","本人",7,559,559,"e","true",NA,NA,NA,NA,"phase_015_subj_11"
2659,110,17,"<p style=""color:white; font-size: 35px;"">善良</p>","positive","moral","善良",7,427,427,"e","true",NA,NA,NA,NA,"phase_015_subj_11"
2660,110,17,"<p style=""color:rgb(150, 250, 100); font-size: 35px;"">他的</p>","other","moral","他的",7,447,447,"i","true",NA,NA,NA,NA,"phase_015_subj_11"
2661,110,17,"<p style=""color:white; font-size: 35px;"">不孝</p>","negative","moral","不孝",7,446,446,"i","true",NA,NA,NA,NA,"phase_015_subj_11"
2662,110,17,"<p style=""color:rgb(150, 250, 100); font-size: 35px;"">本人</p>","self","moral","本人",7,506,506,"e","true",NA,NA,NA,NA,"phase_015_subj_11"
2663,110,17,"<p style=""color:white; font-size: 35px;"">廉正</p>","positive","moral","廉正",7,641,641,"e","true",NA,NA,NA,NA,"phase_015_subj_11"
2664,110,17,"<p style=""color:rgb(150, 250, 100); font-size: 35px;"">自己的</p>","self","moral","自己的",7,2070,2070,"e","true",NA,NA,NA,NA,"phase_015_subj_11"
2665,110,17,"<p style=""color:white; font-size: 35px;"">缺德</p>","negative","moral","缺德",7,656,656,"i","true",NA,NA,NA,NA,"phase_015_subj_11"
2666,110,17,"<p style=""color:rgb(150, 250, 100); font-size: 35px;"">他的</p>","other","moral","他的",7,512,512,"i","true",NA,NA,NA,NA,"phase_015_subj_11"
2667,110,17,"<p style=""color:white; font-size: 35px;"">卑鄙</p>","negative","moral","卑鄙",7,607,607,"i","true",NA,NA,NA,NA,"phase_015_subj_11"
2668,110,17,"<p style=""color:rgb(150, 250, 100); font-size: 35px;"">他人的</p>","other","moral","他人的",7,474,474,"i","true",NA,NA,NA,NA,"phase_015_subj_11"
2669,110,17,"<p style=""color:white; font-size: 35px;"">正直</p>","positive","moral","正直",7,860,860,"e","true",NA,NA,NA,NA,"phase_015_subj_11"
2670,110,17,"<p style=""color:rgb(150, 250, 100); font-size: 35px;"">本人的</p>","self","moral","本人的",7,474,474,"e","true",NA,NA,NA,NA,"phase_015_subj_11"
2671,110,17,"<p style=""color:white; font-size: 35px;"">高尚</p>","positive","moral","高尚",7,541,541,"e","true",NA,NA,NA,NA,"phase_015_subj_11"
2672,110,17,"<p style=""color:rgb(150, 250, 100); font-size: 35px;"">他</p>","other","moral","他",7,540,540,"i","true",NA,NA,NA,NA,"phase_015_subj_11"
2673,110,17,"<p style=""color:white; font-size: 35px;"">黑心</p>","negative","moral","黑心",7,548,548,"i","true",NA,NA,NA,NA,"phase_015_subj_11"
2674,110,17,"<p style=""color:rgb(150, 250, 100); font-size: 35px;"">自己</p>","self","moral","自己",7,612,612,"e","true",NA,NA,NA,NA,"phase_015_subj_11"
2675,110,17,"<p style=""color:white; font-size: 35px;"">正直</p>","positive","moral","正直",7,652,652,"e","true",NA,NA,NA,NA,"phase_015_subj_11"
2676,110,17,"<p style=""color:rgb(150, 250, 100); font-size: 35px;"">我的</p>","self","moral","我的",7,531,531,"e","true",NA,NA,NA,NA,"phase_015_subj_11"
2677,110,17,"<p style=""color:white; font-size: 35px;"">黑心</p>","negative","moral","黑心",7,495,495,"i","true",NA,NA,NA,NA,"phase_015_subj_11"
2678,110,17,"<p style=""color:rgb(150, 250, 100); font-size: 35px;"">他人</p>","other","moral","他人",7,381,381,"i","true",NA,NA,NA,NA,"phase_015_subj_11"
2679,110,17,"<p style=""color:white; font-size: 35px;"">善良</p>","positive","moral","善良",7,547,547,"e","true",NA,NA,NA,NA,"phase_015_subj_11"
2680,110,17,"<p style=""color:rgb(150, 250, 100); font-size: 35px;"">我的</p>","self","moral","我的",7,452,452,"e","true",NA,NA,NA,NA,"phase_015_subj_11"
2681,110,17,"<p style=""color:white; font-size: 35px;"">缺德</p>","negative","moral","缺德",7,666,666,"i","true",NA,NA,NA,NA,"phase_015_subj_11"
2682,110,17,"<p style=""color:rgb(150, 250, 100); font-size: 35px;"">别人</p>","other","moral","别人",7,428,428,"i","true",NA,NA,NA,NA,"phase_015_subj_11"
2683,110,17,"<p style=""color:white; font-size: 35px;"">君子</p>","positive","moral","君子",7,774,774,"e","true",NA,NA,NA,NA,"phase_015_subj_11"
2684,110,17,"<p style=""color:rgb(150, 250, 100); font-size: 35px;"">自己</p>","self","moral","自己",7,536,536,"e","true",NA,NA,NA,NA,"phase_015_subj_11"
2685,110,17,"<p style=""color:white; font-size: 35px;"">卑鄙</p>","negative","moral","卑鄙",7,522,522,"i","true",NA,NA,NA,NA,"phase_015_subj_11"
2686,110,17,"<p style=""color:rgb(150, 250, 100); font-size: 35px;"">他人的</p>","other","moral","他人的",7,477,477,"i","true",NA,NA,NA,NA,"phase_015_subj_11"
2687,110,17,"<p style=""color:white; font-size: 35px;"">不仁</p>","negative","moral","不仁",7,665,665,"i","true",NA,NA,NA,NA,"phase_015_subj_11"
2688,110,17,"<p style=""color:rgb(150, 250, 100); font-size: 35px;"">他人</p>","other","moral","他人",7,421,421,"i","true",NA,NA,NA,NA,"phase_015_subj_11"
2689,110,17,"<p style=""color:white; font-size: 35px;"">高尚</p>","positive","moral","高尚",7,665,665,"e","true",NA,NA,NA,NA,"phase_015_subj_11"
2690,110,17,"<p style=""color:rgb(150, 250, 100); font-size: 35px;"">自己的</p>","self","moral","自己的",7,372,372,"e","true",NA,NA,NA,NA,"phase_015_subj_11"
2691,110,17,"<p style=""color:white; font-size: 35px;"">不仁</p>","negative","moral","不仁",7,421,421,"i","true",NA,NA,NA,NA,"phase_015_subj_11"
2692,110,17,"<p style=""color:rgb(150, 250, 100); font-size: 35px;"">本人的</p>","self","moral","本人的",7,509,509,"e","true",NA,NA,NA,NA,"phase_015_subj_11"
2693,110,17,"<p style=""color:white; font-size: 35px;"">君子</p>","positive","moral","君子",7,805,805,"e","true",NA,NA,NA,NA,"phase_015_subj_11"
2694,110,17,"<p style=""color:rgb(150, 250, 100); font-size: 35px;"">别人的</p>","other","moral","别人的",7,522,522,"i","true",NA,NA,NA,NA,"phase_015_subj_11"
2695,110,17,"<p style=""color:white; font-size: 35px;"">不孝</p>","negative","moral","不孝",7,479,479,"i","true",NA,NA,NA,NA,"phase_015_subj_11"
2696,110,17,"<p style=""color:rgb(150, 250, 100); font-size: 35px;"">我</p>","self","moral","我",7,574,574,"e","true",NA,NA,NA,NA,"phase_015_subj_11"
2697,110,17,"<p style=""color:white; font-size: 35px;"">诚信</p>","positive","moral","诚信",7,456,456,"e","true",NA,NA,NA,NA,"phase_015_subj_11"
2698,110,17,"<p style=""color:rgb(150, 250, 100); font-size: 35px;"">别人的</p>","other","moral","别人的",7,417,417,"i","true",NA,NA,NA,NA,"phase_015_subj_11"
2699,110,17,"<p style=""color:white; font-size: 35px;"">小人</p>","negative","moral","小人",7,501,501,"i","true",NA,NA,NA,NA,"phase_015_subj_11"
2700,110,17,"<p style=""color:rgb(150, 250, 100); font-size: 35px;"">他</p>","other","moral","他",7,572,572,"i","true",NA,NA,NA,NA,"phase_015_subj_11"
2701,110,17,"<p style=""color:white; font-size: 35px;"">廉正</p>","positive","moral","廉正",7,606,606,"e","true",NA,NA,NA,NA,"phase_015_subj_11"
2702,110,17,"<p style=""color:rgb(150, 250, 100); font-size: 35px;"">我</p>","self","moral","我",7,440,440,"e","true",NA,NA,NA,NA,"phase_015_subj_11"
2703,624,NA,"
    <h3>词语分类任务</h3>
    <p>在接下来的任务中，你需要对一系列词语进行分类。</p>
    <p>请先熟悉这些词语，这有利于你完成接下来的任务。</p>
    <table align=""center"" border=1 cellpadding=3 cellspacing=0>
    <tr> <th>类别</th> <th>词语</th> </tr>
    <tr> <td>&emsp;积极&emsp;</td> <td>&emsp;能干、全能、全才、高效、精干、天才&emsp;</td> </tr>
    <tr> <td>&emsp;消极&emsp;</td> <td>&emsp;无能、低能、废物、拙笨、愚钝、蠢笨&emsp;</td> </tr>
    <tr> <td>&emsp;自我&emsp;</td> <td>&emsp;我、我的、自己、自己的、本人、本人的&emsp;</td> </tr>
    <tr> <td>&emsp;他人&emsp;</td> <td>&emsp;他、他的、别人、别人的、他人、他人的&emsp;</td> </tr>
    </table><br/>","","","",NA,21078,NA,"0","",1,2,NA,NA,"phase_015_subj_42"
2704,624,1,"<p style=""color:rgb(150, 250, 100); font-size: 35px;"">他的</p>","other","ability","他的",1,708,708,"e","true",NA,NA,NA,NA,"phase_015_subj_42"
2705,624,1,"<p style=""color:rgb(150, 250, 100); font-size: 35px;"">我</p>","self","ability","我",1,486,486,"i","true",NA,NA,NA,NA,"phase_015_subj_42"
2706,624,1,"<p style=""color:rgb(150, 250, 100); font-size: 35px;"">别人</p>","other","ability","别人",1,514,514,"e","true",NA,NA,NA,NA,"phase_015_subj_42"
2707,624,1,"<p style=""color:rgb(150, 250, 100); font-size: 35px;"">自己的</p>","self","ability","自己的",1,632,632,"i","true",NA,NA,NA,NA,"phase_015_subj_42"
2708,624,1,"<p style=""color:rgb(150, 250, 100); font-size: 35px;"">他</p>","other","ability","他",1,444,444,"e","true",NA,NA,NA,NA,"phase_015_subj_42"
2709,624,1,"<p style=""color:rgb(150, 250, 100); font-size: 35px;"">他人的</p>","other","ability","他人的",1,418,418,"e","true",NA,NA,NA,NA,"phase_015_subj_42"
2710,624,1,"<p style=""color:rgb(150, 250, 100); font-size: 35px;"">别人的</p>","other","ability","别人的",1,635,635,"e","true",NA,NA,NA,NA,"phase_015_subj_42"
2711,624,1,"<p style=""color:rgb(150, 250, 100); font-size: 35px;"">自己</p>","self","ability","自己",1,486,486,"i","true",NA,NA,NA,NA,"phase_015_subj_42"
2712,624,1,"<p style=""color:rgb(150, 250, 100); font-size: 35px;"">本人的</p>","self","ability","本人的",1,470,470,"i","true",NA,NA,NA,NA,"phase_015_subj_42"
2713,624,1,"<p style=""color:rgb(150, 250, 100); font-size: 35px;"">我的</p>","self","ability","我的",1,368,368,"i","true",NA,NA,NA,NA,"phase_015_subj_42"
2714,624,1,"<p style=""color:rgb(150, 250, 100); font-size: 35px;"">本人</p>","self","ability","本人",1,429,429,"i","true",NA,NA,NA,NA,"phase_015_subj_42"
2715,624,1,"<p style=""color:rgb(150, 250, 100); font-size: 35px;"">他人</p>","other","ability","他人",1,508,508,"e","true",NA,NA,NA,NA,"phase_015_subj_42"
2716,624,2,"<p style=""color:white; font-size: 35px;"">能干</p>","positive","ability","能干",2,677,677,"e","true",NA,NA,NA,NA,"phase_015_subj_42"
2717,624,2,"<p style=""color:white; font-size: 35px;"">废物</p>","negative","ability","废物",2,515,515,"i","true",NA,NA,NA,NA,"phase_015_subj_42"
2718,624,2,"<p style=""color:white; font-size: 35px;"">高效</p>","positive","ability","高效",2,509,509,"e","true",NA,NA,NA,NA,"phase_015_subj_42"
2719,624,2,"<p style=""color:white; font-size: 35px;"">愚钝</p>","negative","ability","愚钝",2,570,570,"i","true",NA,NA,NA,NA,"phase_015_subj_42"
2720,624,2,"<p style=""color:white; font-size: 35px;"">蠢笨</p>","negative","ability","蠢笨",2,477,477,"i","true",NA,NA,NA,NA,"phase_015_subj_42"
2721,624,2,"<p style=""color:white; font-size: 35px;"">全才</p>","positive","ability","全才",2,508,508,"e","true",NA,NA,NA,NA,"phase_015_subj_42"
2722,624,2,"<p style=""color:white; font-size: 35px;"">天才</p>","positive","ability","天才",2,383,383,"e","true",NA,NA,NA,NA,"phase_015_subj_42"
2723,624,2,"<p style=""color:white; font-size: 35px;"">全能</p>","positive","ability","全能",2,420,420,"e","true",NA,NA,NA,NA,"phase_015_subj_42"
2724,624,2,"<p style=""color:white; font-size: 35px;"">精干</p>","positive","ability","精干",2,477,477,"e","true",NA,NA,NA,NA,"phase_015_subj_42"
2725,624,2,"<p style=""color:white; font-size: 35px;"">无能</p>","negative","ability","无能",2,453,453,"i","true",NA,NA,NA,NA,"phase_015_subj_42"
2726,624,2,"<p style=""color:white; font-size: 35px;"">低能</p>","negative","ability","低能",2,349,349,"i","true",NA,NA,NA,NA,"phase_015_subj_42"
2727,624,2,"<p style=""color:white; font-size: 35px;"">拙笨</p>","negative","ability","拙笨",2,414,414,"i","true",NA,NA,NA,NA,"phase_015_subj_42"
2728,624,3,"<p style=""color:rgb(150, 250, 100); font-size: 35px;"">他</p>","other","ability","他",3,385,385,"e","true",NA,NA,NA,NA,"phase_015_subj_42"
2729,624,3,"<p style=""color:white; font-size: 35px;"">全能</p>","positive","ability","全能",3,503,503,"e","true",NA,NA,NA,NA,"phase_015_subj_42"
2730,624,3,"<p style=""color:rgb(150, 250, 100); font-size: 35px;"">自己的</p>","self","ability","自己的",3,629,629,"i","true",NA,NA,NA,NA,"phase_015_subj_42"
2731,624,3,"<p style=""color:white; font-size: 35px;"">低能</p>","negative","ability","低能",3,390,390,"i","true",NA,NA,NA,NA,"phase_015_subj_42"
2732,624,3,"<p style=""color:rgb(150, 250, 100); font-size: 35px;"">本人</p>","self","ability","本人",3,542,542,"i","true",NA,NA,NA,NA,"phase_015_subj_42"
2733,624,3,"<p style=""color:white; font-size: 35px;"">废物</p>","negative","ability","废物",3,467,467,"i","true",NA,NA,NA,NA,"phase_015_subj_42"
2734,624,3,"<p style=""color:rgb(150, 250, 100); font-size: 35px;"">别人</p>","other","ability","别人",3,475,475,"e","true",NA,NA,NA,NA,"phase_015_subj_42"
2735,624,3,"<p style=""color:white; font-size: 35px;"">高效</p>","positive","ability","高效",3,404,404,"e","true",NA,NA,NA,NA,"phase_015_subj_42"
2736,624,3,"<p style=""color:rgb(150, 250, 100); font-size: 35px;"">我</p>","self","ability","我",3,490,1238.04347826087,"e","false",NA,NA,NA,NA,"phase_015_subj_42"
2737,624,3,"<p style=""color:white; font-size: 35px;"">天才</p>","positive","ability","天才",3,1353,1353,"e","true",NA,NA,NA,NA,"phase_015_subj_42"
2738,624,3,"<p style=""color:rgb(150, 250, 100); font-size: 35px;"">别人的</p>","other","ability","别人的",3,868,868,"e","true",NA,NA,NA,NA,"phase_015_subj_42"
2739,624,3,"<p style=""color:white; font-size: 35px;"">愚钝</p>","negative","ability","愚钝",3,678,678,"i","true",NA,NA,NA,NA,"phase_015_subj_42"
2740,624,3,"<p style=""color:rgb(150, 250, 100); font-size: 35px;"">自己</p>","self","ability","自己",3,569,569,"i","true",NA,NA,NA,NA,"phase_015_subj_42"
2741,624,3,"<p style=""color:white; font-size: 35px;"">精干</p>","positive","ability","精干",3,657,657,"e","true",NA,NA,NA,NA,"phase_015_subj_42"
2742,624,3,"<p style=""color:rgb(150, 250, 100); font-size: 35px;"">他人</p>","other","ability","他人",3,708,708,"e","true",NA,NA,NA,NA,"phase_015_subj_42"
2743,624,3,"<p style=""color:white; font-size: 35px;"">拙笨</p>","negative","ability","拙笨",3,554,554,"i","true",NA,NA,NA,NA,"phase_015_subj_42"
2744,624,3,"<p style=""color:rgb(150, 250, 100); font-size: 35px;"">我的</p>","self","ability","我的",3,531,531,"i","true",NA,NA,NA,NA,"phase_015_subj_42"
2745,624,3,"<p style=""color:white; font-size: 35px;"">能干</p>","positive","ability","能干",3,538,538,"e","true",NA,NA,NA,NA,"phase_015_subj_42"
2746,624,3,"<p style=""color:rgb(150, 250, 100); font-size: 35px;"">他人的</p>","other","ability","他人的",3,495,495,"e","true",NA,NA,NA,NA,"phase_015_subj_42"
2747,624,3,"<p style=""color:white; font-size: 35px;"">无能</p>","negative","ability","无能",3,723,723,"i","true",NA,NA,NA,NA,"phase_015_subj_42"
2748,624,3,"<p style=""color:rgb(150, 250, 100); font-size: 35px;"">本人的</p>","self","ability","本人的",3,1063,1063,"i","true",NA,NA,NA,NA,"phase_015_subj_42"
2749,624,3,"<p style=""color:white; font-size: 35px;"">全才</p>","positive","ability","全才",3,745,745,"e","true",NA,NA,NA,NA,"phase_015_subj_42"
2750,624,3,"<p style=""color:rgb(150, 250, 100); font-size: 35px;"">他的</p>","other","ability","他的",3,758,758,"e","true",NA,NA,NA,NA,"phase_015_subj_42"
2751,624,3,"<p style=""color:white; font-size: 35px;"">蠢笨</p>","negative","ability","蠢笨",3,640,640,"i","true",NA,NA,NA,NA,"phase_015_subj_42"
2752,624,4,"<p style=""color:rgb(150, 250, 100); font-size: 35px;"">我</p>","self","ability","我",4,554,554,"i","true",NA,NA,NA,NA,"phase_015_subj_42"
2753,624,4,"<p style=""color:white; font-size: 35px;"">废物</p>","negative","ability","废物",4,464,464,"i","true",NA,NA,NA,NA,"phase_015_subj_42"
2754,624,4,"<p style=""color:rgb(150, 250, 100); font-size: 35px;"">别人</p>","other","ability","别人",4,478,478,"e","true",NA,NA,NA,NA,"phase_015_subj_42"
2755,624,4,"<p style=""color:white; font-size: 35px;"">全能</p>","positive","ability","全能",4,439,439,"e","true",NA,NA,NA,NA,"phase_015_subj_42"
2756,624,4,"<p style=""color:rgb(150, 250, 100); font-size: 35px;"">自己</p>","self","ability","自己",4,471,471,"i","true",NA,NA,NA,NA,"phase_015_subj_42"
2757,624,4,"<p style=""color:white; font-size: 35px;"">天才</p>","positive","ability","天才",4,491,491,"e","true",NA,NA,NA,NA,"phase_015_subj_42"
2758,624,4,"<p style=""color:rgb(150, 250, 100); font-size: 35px;"">别人的</p>","other","ability","别人的",4,744,744,"e","true",NA,NA,NA,NA,"phase_015_subj_42"
2759,624,4,"<p style=""color:white; font-size: 35px;"">愚钝</p>","negative","ability","愚钝",4,583,583,"i","true",NA,NA,NA,NA,"phase_015_subj_42"
2760,624,4,"<p style=""color:rgb(150, 250, 100); font-size: 35px;"">我</p>","self","ability","我",4,472,472,"i","true",NA,NA,NA,NA,"phase_015_subj_42"
2761,624,4,"<p style=""color:white; font-size: 35px;"">愚钝</p>","negative","ability","愚钝",4,586,586,"i","true",NA,NA,NA,NA,"phase_015_subj_42"
2762,624,4,"<p style=""color:rgb(150, 250, 100); font-size: 35px;"">他人</p>","other","ability","他人",4,586,586,"e","true",NA,NA,NA,NA,"phase_015_subj_42"
2763,624,4,"<p style=""color:white; font-size: 35px;"">全能</p>","positive","ability","全能",4,621,621,"e","true",NA,NA,NA,NA,"phase_015_subj_42"
2764,624,4,"<p style=""color:rgb(150, 250, 100); font-size: 35px;"">本人</p>","self","ability","本人",4,409,1154.55319148936,"e","false",NA,NA,NA,NA,"phase_015_subj_42"
2765,624,4,"<p style=""color:white; font-size: 35px;"">天才</p>","positive","ability","天才",4,715,715,"e","true",NA,NA,NA,NA,"phase_015_subj_42"
2766,624,4,"<p style=""color:rgb(150, 250, 100); font-size: 35px;"">别人</p>","other","ability","别人",4,584,584,"e","true",NA,NA,NA,NA,"phase_015_subj_42"
2767,624,4,"<p style=""color:white; font-size: 35px;"">低能</p>","negative","ability","低能",4,537,537,"i","true",NA,NA,NA,NA,"phase_015_subj_42"
2768,624,4,"<p style=""color:rgb(150, 250, 100); font-size: 35px;"">自己的</p>","self","ability","自己的",4,453,453,"i","true",NA,NA,NA,NA,"phase_015_subj_42"
2769,624,4,"<p style=""color:white; font-size: 35px;"">蠢笨</p>","negative","ability","蠢笨",4,496,496,"i","true",NA,NA,NA,NA,"phase_015_subj_42"
2770,624,4,"<p style=""color:rgb(150, 250, 100); font-size: 35px;"">他人的</p>","other","ability","他人的",4,661,661,"e","true",NA,NA,NA,NA,"phase_015_subj_42"
2771,624,4,"<p style=""color:white; font-size: 35px;"">能干</p>","positive","ability","能干",4,755,755,"e","true",NA,NA,NA,NA,"phase_015_subj_42"
2772,624,4,"<p style=""color:rgb(150, 250, 100); font-size: 35px;"">本人的</p>","self","ability","本人的",4,708,708,"i","true",NA,NA,NA,NA,"phase_015_subj_42"
2773,624,4,"<p style=""color:white; font-size: 35px;"">无能</p>","negative","ability","无能",4,437,437,"i","true",NA,NA,NA,NA,"phase_015_subj_42"
2774,624,4,"<p style=""color:rgb(150, 250, 100); font-size: 35px;"">他</p>","other","ability","他",4,469,469,"e","true",NA,NA,NA,NA,"phase_015_subj_42"
2775,624,4,"<p style=""color:white; font-size: 35px;"">精干</p>","positive","ability","精干",4,540,540,"e","true",NA,NA,NA,NA,"phase_015_subj_42"
2776,624,4,"<p style=""color:rgb(150, 250, 100); font-size: 35px;"">他</p>","other","ability","他",4,540,540,"e","true",NA,NA,NA,NA,"phase_015_subj_42"
2777,624,4,"<p style=""color:white; font-size: 35px;"">全才</p>","positive","ability","全才",4,447,447,"e","true",NA,NA,NA,NA,"phase_015_subj_42"
2778,624,4,"<p style=""color:rgb(150, 250, 100); font-size: 35px;"">我的</p>","self","ability","我的",4,565,565,"i","true",NA,NA,NA,NA,"phase_015_subj_42"
2779,624,4,"<p style=""color:white; font-size: 35px;"">拙笨</p>","negative","ability","拙笨",4,425,425,"i","true",NA,NA,NA,NA,"phase_015_subj_42"
2780,624,4,"<p style=""color:rgb(150, 250, 100); font-size: 35px;"">我的</p>","self","ability","我的",4,633,633,"i","true",NA,NA,NA,NA,"phase_015_subj_42"
2781,624,4,"<p style=""color:white; font-size: 35px;"">高效</p>","positive","ability","高效",4,682,682,"e","true",NA,NA,NA,NA,"phase_015_subj_42"
2782,624,4,"<p style=""color:rgb(150, 250, 100); font-size: 35px;"">他的</p>","other","ability","他的",4,829,829,"e","true",NA,NA,NA,NA,"phase_015_subj_42"
2783,624,4,"<p style=""color:white; font-size: 35px;"">拙笨</p>","negative","ability","拙笨",4,499,499,"i","true",NA,NA,NA,NA,"phase_015_subj_42"
2784,624,4,"<p style=""color:rgb(150, 250, 100); font-size: 35px;"">本人的</p>","self","ability","本人的",4,589,589,"i","true",NA,NA,NA,NA,"phase_015_subj_42"
2785,624,4,"<p style=""color:white; font-size: 35px;"">废物</p>","negative","ability","废物",4,459,459,"i","true",NA,NA,NA,NA,"phase_015_subj_42"
2786,624,4,"<p style=""color:rgb(150, 250, 100); font-size: 35px;"">他人</p>","other","ability","他人",4,622,622,"e","true",NA,NA,NA,NA,"phase_015_subj_42"
2787,624,4,"<p style=""color:white; font-size: 35px;"">能干</p>","positive","ability","能干",4,720,720,"e","true",NA,NA,NA,NA,"phase_015_subj_42"
2788,624,4,"<p style=""color:rgb(150, 250, 100); font-size: 35px;"">他人的</p>","other","ability","他人的",4,594,594,"e","true",NA,NA,NA,NA,"phase_015_subj_42"
2789,624,4,"<p style=""color:white; font-size: 35px;"">精干</p>","positive","ability","精干",4,474,474,"e","true",NA,NA,NA,NA,"phase_015_subj_42"
2790,624,4,"<p style=""color:rgb(150, 250, 100); font-size: 35px;"">自己的</p>","self","ability","自己的",4,622,622,"i","true",NA,NA,NA,NA,"phase_015_subj_42"
2791,624,4,"<p style=""color:white; font-size: 35px;"">蠢笨</p>","negative","ability","蠢笨",4,403,403,"i","true",NA,NA,NA,NA,"phase_015_subj_42"
2792,624,4,"<p style=""color:rgb(150, 250, 100); font-size: 35px;"">本人</p>","self","ability","本人",4,481,481,"i","true",NA,NA,NA,NA,"phase_015_subj_42"
2793,624,4,"<p style=""color:white; font-size: 35px;"">无能</p>","negative","ability","无能",4,488,488,"i","true",NA,NA,NA,NA,"phase_015_subj_42"
2794,624,4,"<p style=""color:rgb(150, 250, 100); font-size: 35px;"">他的</p>","other","ability","他的",4,519,519,"e","true",NA,NA,NA,NA,"phase_015_subj_42"
2795,624,4,"<p style=""color:white; font-size: 35px;"">全才</p>","positive","ability","全才",4,607,607,"e","true",NA,NA,NA,NA,"phase_015_subj_42"
2796,624,4,"<p style=""color:rgb(150, 250, 100); font-size: 35px;"">自己</p>","self","ability","自己",4,588,588,"i","true",NA,NA,NA,NA,"phase_015_subj_42"
2797,624,4,"<p style=""color:white; font-size: 35px;"">低能</p>","negative","ability","低能",4,392,392,"i","true",NA,NA,NA,NA,"phase_015_subj_42"
2798,624,4,"<p style=""color:rgb(150, 250, 100); font-size: 35px;"">别人的</p>","other","ability","别人的",4,514,514,"e","true",NA,NA,NA,NA,"phase_015_subj_42"
2799,624,4,"<p style=""color:white; font-size: 35px;"">高效</p>","positive","ability","高效",4,528,528,"e","true",NA,NA,NA,NA,"phase_015_subj_42"
2800,624,5,"<p style=""color:rgb(150, 250, 100); font-size: 35px;"">他的</p>","other","ability","他的",5,1188,1188,"i","true",NA,NA,NA,NA,"phase_015_subj_42"
2801,624,5,"<p style=""color:rgb(150, 250, 100); font-size: 35px;"">他人</p>","other","ability","他人",5,415,415,"i","true",NA,NA,NA,NA,"phase_015_subj_42"
2802,624,5,"<p style=""color:rgb(150, 250, 100); font-size: 35px;"">自己</p>","self","ability","自己",5,522,522,"e","true",NA,NA,NA,NA,"phase_015_subj_42"
2803,624,5,"<p style=""color:rgb(150, 250, 100); font-size: 35px;"">别人的</p>","other","ability","别人的",5,587,587,"i","true",NA,NA,NA,NA,"phase_015_subj_42"
2804,624,5,"<p style=""color:rgb(150, 250, 100); font-size: 35px;"">我</p>","self","ability","我",5,529,529,"e","true",NA,NA,NA,NA,"phase_015_subj_42"
2805,624,5,"<p style=""color:rgb(150, 250, 100); font-size: 35px;"">别人</p>","other","ability","别人",5,559,559,"i","true",NA,NA,NA,NA,"phase_015_subj_42"
2806,624,5,"<p style=""color:rgb(150, 250, 100); font-size: 35px;"">他人的</p>","other","ability","他人的",5,1263,1263,"i","true",NA,NA,NA,NA,"phase_015_subj_42"
2807,624,5,"<p style=""color:rgb(150, 250, 100); font-size: 35px;"">他</p>","other","ability","他",5,531,531,"i","true",NA,NA,NA,NA,"phase_015_subj_42"
2808,624,5,"<p style=""color:rgb(150, 250, 100); font-size: 35px;"">他的</p>","other","ability","他的",5,412,412,"i","true",NA,NA,NA,NA,"phase_015_subj_42"
2809,624,5,"<p style=""color:rgb(150, 250, 100); font-size: 35px;"">我的</p>","self","ability","我的",5,468,468,"e","true",NA,NA,NA,NA,"phase_015_subj_42"
2810,624,5,"<p style=""color:rgb(150, 250, 100); font-size: 35px;"">我</p>","self","ability","我",5,433,433,"e","true",NA,NA,NA,NA,"phase_015_subj_42"
2811,624,5,"<p style=""color:rgb(150, 250, 100); font-size: 35px;"">本人的</p>","self","ability","本人的",5,477,477,"i","false",NA,NA,NA,NA,"phase_015_subj_42"
2812,624,5,"<p style=""color:rgb(150, 250, 100); font-size: 35px;"">别人的</p>","other","ability","别人的",5,797,797,"i","true",NA,NA,NA,NA,"phase_015_subj_42"
2813,624,5,"<p style=""color:rgb(150, 250, 100); font-size: 35px;"">他</p>","other","ability","他",5,436,436,"i","true",NA,NA,NA,NA,"phase_015_subj_42"
2814,624,5,"<p style=""color:rgb(150, 250, 100); font-size: 35px;"">别人</p>","other","ability","别人",5,578,578,"i","true",NA,NA,NA,NA,"phase_015_subj_42"
2815,624,5,"<p style=""color:rgb(150, 250, 100); font-size: 35px;"">自己</p>","self","ability","自己",5,472,472,"e","true",NA,NA,NA,NA,"phase_015_subj_42"
2816,624,5,"<p style=""color:rgb(150, 250, 100); font-size: 35px;"">他人</p>","other","ability","他人",5,475,475,"i","true",NA,NA,NA,NA,"phase_015_subj_42"
2817,624,5,"<p style=""color:rgb(150, 250, 100); font-size: 35px;"">自己的</p>","self","ability","自己的",5,466,466,"e","true",NA,NA,NA,NA,"phase_015_subj_42"
2818,624,5,"<p style=""color:rgb(150, 250, 100); font-size: 35px;"">本人</p>","self","ability","本人",5,520,520,"e","true",NA,NA,NA,NA,"phase_015_subj_42"
2819,624,5,"<p style=""color:rgb(150, 250, 100); font-size: 35px;"">他人的</p>","other","ability","他人的",5,466,466,"i","true",NA,NA,NA,NA,"phase_015_subj_42"
2820,624,5,"<p style=""color:rgb(150, 250, 100); font-size: 35px;"">本人的</p>","self","ability","本人的",5,690,690,"e","true",NA,NA,NA,NA,"phase_015_subj_42"
2821,624,5,"<p style=""color:rgb(150, 250, 100); font-size: 35px;"">我的</p>","self","ability","我的",5,487,487,"e","true",NA,NA,NA,NA,"phase_015_subj_42"
2822,624,5,"<p style=""color:rgb(150, 250, 100); font-size: 35px;"">本人</p>","self","ability","本人",5,570,570,"e","true",NA,NA,NA,NA,"phase_015_subj_42"
2823,624,5,"<p style=""color:rgb(150, 250, 100); font-size: 35px;"">自己的</p>","self","ability","自己的",5,576,576,"e","true",NA,NA,NA,NA,"phase_015_subj_42"
2824,624,6,"<p style=""color:white; font-size: 35px;"">拙笨</p>","negative","ability","拙笨",6,909,909,"i","true",NA,NA,NA,NA,"phase_015_subj_42"
2825,624,6,"<p style=""color:rgb(150, 250, 100); font-size: 35px;"">他人</p>","other","ability","他人",6,438,438,"i","true",NA,NA,NA,NA,"phase_015_subj_42"
2826,624,6,"<p style=""color:white; font-size: 35px;"">精干</p>","positive","ability","精干",6,760,760,"e","true",NA,NA,NA,NA,"phase_015_subj_42"
2827,624,6,"<p style=""color:rgb(150, 250, 100); font-size: 35px;"">本人</p>","self","ability","本人",6,444,444,"e","true",NA,NA,NA,NA,"phase_015_subj_42"
2828,624,6,"<p style=""color:white; font-size: 35px;"">低能</p>","negative","ability","低能",6,735,735,"i","true",NA,NA,NA,NA,"phase_015_subj_42"
2829,624,6,"<p style=""color:rgb(150, 250, 100); font-size: 35px;"">他人的</p>","other","ability","他人的",6,422,422,"i","true",NA,NA,NA,NA,"phase_015_subj_42"
2830,624,6,"<p style=""color:white; font-size: 35px;"">全能</p>","positive","ability","全能",6,674,674,"e","true",NA,NA,NA,NA,"phase_015_subj_42"
2831,624,6,"<p style=""color:rgb(150, 250, 100); font-size: 35px;"">我</p>","self","ability","我",6,378,378,"e","true",NA,NA,NA,NA,"phase_015_subj_42"
2832,624,6,"<p style=""color:white; font-size: 35px;"">高效</p>","positive","ability","高效",6,485,485,"e","true",NA,NA,NA,NA,"phase_015_subj_42"
2833,624,6,"<p style=""color:rgb(150, 250, 100); font-size: 35px;"">本人的</p>","self","ability","本人的",6,494,494,"e","true",NA,NA,NA,NA,"phase_015_subj_42"
2834,624,6,"<p style=""color:white; font-size: 35px;"">愚钝</p>","negative","ability","愚钝",6,467,467,"i","true",NA,NA,NA,NA,"phase_015_subj_42"
2835,624,6,"<p style=""color:rgb(150, 250, 100); font-size: 35px;"">他</p>","other","ability","他",6,353,353,"i","true",NA,NA,NA,NA,"phase_015_subj_42"
2836,624,6,"<p style=""color:white; font-size: 35px;"">无能</p>","negative","ability","无能",6,472,472,"i","true",NA,NA,NA,NA,"phase_015_subj_42"
2837,624,6,"<p style=""color:rgb(150, 250, 100); font-size: 35px;"">自己的</p>","self","ability","自己的",6,465,465,"e","true",NA,NA,NA,NA,"phase_015_subj_42"
2838,624,6,"<p style=""color:white; font-size: 35px;"">天才</p>","positive","ability","天才",6,403,403,"e","true",NA,NA,NA,NA,"phase_015_subj_42"
2839,624,6,"<p style=""color:rgb(150, 250, 100); font-size: 35px;"">他的</p>","other","ability","他的",6,524,524,"i","true",NA,NA,NA,NA,"phase_015_subj_42"
2840,624,6,"<p style=""color:white; font-size: 35px;"">全才</p>","positive","ability","全才",6,609,609,"e","true",NA,NA,NA,NA,"phase_015_subj_42"
2841,624,6,"<p style=""color:rgb(150, 250, 100); font-size: 35px;"">自己</p>","self","ability","自己",6,589,589,"e","true",NA,NA,NA,NA,"phase_015_subj_42"
2842,624,6,"<p style=""color:white; font-size: 35px;"">蠢笨</p>","negative","ability","蠢笨",6,492,492,"i","true",NA,NA,NA,NA,"phase_015_subj_42"
2843,624,6,"<p style=""color:rgb(150, 250, 100); font-size: 35px;"">别人的</p>","other","ability","别人的",6,477,477,"i","true",NA,NA,NA,NA,"phase_015_subj_42"
2844,624,6,"<p style=""color:white; font-size: 35px;"">废物</p>","negative","ability","废物",6,662,662,"i","true",NA,NA,NA,NA,"phase_015_subj_42"
2845,624,6,"<p style=""color:rgb(150, 250, 100); font-size: 35px;"">别人</p>","other","ability","别人",6,547,547,"i","true",NA,NA,NA,NA,"phase_015_subj_42"
2846,624,6,"<p style=""color:white; font-size: 35px;"">能干</p>","positive","ability","能干",6,702,702,"e","true",NA,NA,NA,NA,"phase_015_subj_42"
2847,624,6,"<p style=""color:rgb(150, 250, 100); font-size: 35px;"">我的</p>","self","ability","我的",6,504,504,"e","true",NA,NA,NA,NA,"phase_015_subj_42"
2848,624,7,"<p style=""color:white; font-size: 35px;"">全能</p>","positive","ability","全能",7,880,880,"e","true",NA,NA,NA,NA,"phase_015_subj_42"
2849,624,7,"<p style=""color:rgb(150, 250, 100); font-size: 35px;"">自己</p>","self","ability","自己",7,445,445,"e","true",NA,NA,NA,NA,"phase_015_subj_42"
2850,624,7,"<p style=""color:white; font-size: 35px;"">废物</p>","negative","ability","废物",7,482,482,"i","true",NA,NA,NA,NA,"phase_015_subj_42"
2851,624,7,"<p style=""color:rgb(150, 250, 100); font-size: 35px;"">他人的</p>","other","ability","他人的",7,370,370,"i","true",NA,NA,NA,NA,"phase_015_subj_42"
2852,624,7,"<p style=""color:white; font-size: 35px;"">低能</p>","negative","ability","低能",7,459,459,"i","true",NA,NA,NA,NA,"phase_015_subj_42"
2853,624,7,"<p style=""color:rgb(150, 250, 100); font-size: 35px;"">本人的</p>","self","ability","本人的",7,500,500,"e","true",NA,NA,NA,NA,"phase_015_subj_42"
2854,624,7,"<p style=""color:white; font-size: 35px;"">高效</p>","positive","ability","高效",7,466,466,"e","true",NA,NA,NA,NA,"phase_015_subj_42"
2855,624,7,"<p style=""color:rgb(150, 250, 100); font-size: 35px;"">别人</p>","other","ability","别人",7,739,739,"i","true",NA,NA,NA,NA,"phase_015_subj_42"
2856,624,7,"<p style=""color:white; font-size: 35px;"">精干</p>","positive","ability","精干",7,947,947,"e","true",NA,NA,NA,NA,"phase_015_subj_42"
2857,624,7,"<p style=""color:rgb(150, 250, 100); font-size: 35px;"">别人的</p>","other","ability","别人的",7,508,508,"i","true",NA,NA,NA,NA,"phase_015_subj_42"
2858,624,7,"<p style=""color:white; font-size: 35px;"">愚钝</p>","negative","ability","愚钝",7,417,417,"i","true",NA,NA,NA,NA,"phase_015_subj_42"
2859,624,7,"<p style=""color:rgb(150, 250, 100); font-size: 35px;"">自己的</p>","self","ability","自己的",7,596,596,"e","true",NA,NA,NA,NA,"phase_015_subj_42"
2860,624,7,"<p style=""color:white; font-size: 35px;"">无能</p>","negative","ability","无能",7,682,682,"i","true",NA,NA,NA,NA,"phase_015_subj_42"
2861,624,7,"<p style=""color:rgb(150, 250, 100); font-size: 35px;"">他</p>","other","ability","他",7,584,584,"i","true",NA,NA,NA,NA,"phase_015_subj_42"
2862,624,7,"<p style=""color:white; font-size: 35px;"">精干</p>","positive","ability","精干",7,720,720,"e","true",NA,NA,NA,NA,"phase_015_subj_42"
2863,624,7,"<p style=""color:rgb(150, 250, 100); font-size: 35px;"">本人</p>","self","ability","本人",7,456,456,"e","true",NA,NA,NA,NA,"phase_015_subj_42"
2864,624,7,"<p style=""color:white; font-size: 35px;"">全才</p>","positive","ability","全才",7,485,485,"e","true",NA,NA,NA,NA,"phase_015_subj_42"
2865,624,7,"<p style=""color:rgb(150, 250, 100); font-size: 35px;"">自己</p>","self","ability","自己",7,426,426,"e","true",NA,NA,NA,NA,"phase_015_subj_42"
2866,624,7,"<p style=""color:white; font-size: 35px;"">拙笨</p>","negative","ability","拙笨",7,453,453,"i","true",NA,NA,NA,NA,"phase_015_subj_42"
2867,624,7,"<p style=""color:rgb(150, 250, 100); font-size: 35px;"">他的</p>","other","ability","他的",7,343,343,"i","true",NA,NA,NA,NA,"phase_015_subj_42"
2868,624,7,"<p style=""color:white; font-size: 35px;"">废物</p>","negative","ability","废物",7,472,472,"i","true",NA,NA,NA,NA,"phase_015_subj_42"
2869,624,7,"<p style=""color:rgb(150, 250, 100); font-size: 35px;"">别人的</p>","other","ability","别人的",7,627,627,"i","true",NA,NA,NA,NA,"phase_015_subj_42"
2870,624,7,"<p style=""color:white; font-size: 35px;"">能干</p>","positive","ability","能干",7,768,768,"e","true",NA,NA,NA,NA,"phase_015_subj_42"
2871,624,7,"<p style=""color:rgb(150, 250, 100); font-size: 35px;"">我</p>","self","ability","我",7,476,476,"e","true",NA,NA,NA,NA,"phase_015_subj_42"
2872,624,7,"<p style=""color:white; font-size: 35px;"">能干</p>","positive","ability","能干",7,489,489,"e","true",NA,NA,NA,NA,"phase_015_subj_42"
2873,624,7,"<p style=""color:rgb(150, 250, 100); font-size: 35px;"">他人</p>","other","ability","他人",7,563,563,"i","true",NA,NA,NA,NA,"phase_015_subj_42"
2874,624,7,"<p style=""color:white; font-size: 35px;"">愚钝</p>","negative","ability","愚钝",7,465,465,"i","true",NA,NA,NA,NA,"phase_015_subj_42"
2875,624,7,"<p style=""color:rgb(150, 250, 100); font-size: 35px;"">本人</p>","self","ability","本人",7,536,536,"e","true",NA,NA,NA,NA,"phase_015_subj_42"
2876,624,7,"<p style=""color:white; font-size: 35px;"">无能</p>","negative","ability","无能",7,580,580,"i","true",NA,NA,NA,NA,"phase_015_subj_42"
2877,624,7,"<p style=""color:rgb(150, 250, 100); font-size: 35px;"">他人的</p>","other","ability","他人的",7,545,545,"i","true",NA,NA,NA,NA,"phase_015_subj_42"
2878,624,7,"<p style=""color:white; font-size: 35px;"">全能</p>","positive","ability","全能",7,546,546,"e","true",NA,NA,NA,NA,"phase_015_subj_42"
2879,624,7,"<p style=""color:rgb(150, 250, 100); font-size: 35px;"">我</p>","self","ability","我",7,531,531,"e","true",NA,NA,NA,NA,"phase_015_subj_42"
2880,624,7,"<p style=""color:white; font-size: 35px;"">高效</p>","positive","ability","高效",7,1002,1002,"e","true",NA,NA,NA,NA,"phase_015_subj_42"
2881,624,7,"<p style=""color:rgb(150, 250, 100); font-size: 35px;"">他人</p>","other","ability","他人",7,578,578,"i","true",NA,NA,NA,NA,"phase_015_subj_42"
2882,624,7,"<p style=""color:white; font-size: 35px;"">拙笨</p>","negative","ability","拙笨",7,385,385,"i","true",NA,NA,NA,NA,"phase_015_subj_42"
2883,624,7,"<p style=""color:rgb(150, 250, 100); font-size: 35px;"">本人的</p>","self","ability","本人的",7,488,488,"e","true",NA,NA,NA,NA,"phase_015_subj_42"
2884,624,7,"<p style=""color:white; font-size: 35px;"">低能</p>","negative","ability","低能",7,791,791,"i","true",NA,NA,NA,NA,"phase_015_subj_42"
2885,624,7,"<p style=""color:rgb(150, 250, 100); font-size: 35px;"">他的</p>","other","ability","他的",7,898,898,"i","true",NA,NA,NA,NA,"phase_015_subj_42"
2886,624,7,"<p style=""color:white; font-size: 35px;"">全才</p>","positive","ability","全才",7,468,468,"e","true",NA,NA,NA,NA,"phase_015_subj_42"
2887,624,7,"<p style=""color:rgb(150, 250, 100); font-size: 35px;"">我的</p>","self","ability","我的",7,446,446,"e","true",NA,NA,NA,NA,"phase_015_subj_42"
2888,624,7,"<p style=""color:white; font-size: 35px;"">蠢笨</p>","negative","ability","蠢笨",7,479,479,"i","true",NA,NA,NA,NA,"phase_015_subj_42"
2889,624,7,"<p style=""color:rgb(150, 250, 100); font-size: 35px;"">我的</p>","self","ability","我的",7,527,527,"e","true",NA,NA,NA,NA,"phase_015_subj_42"
2890,624,7,"<p style=""color:white; font-size: 35px;"">天才</p>","positive","ability","天才",7,471,471,"e","true",NA,NA,NA,NA,"phase_015_subj_42"
2891,624,7,"<p style=""color:rgb(150, 250, 100); font-size: 35px;"">他</p>","other","ability","他",7,477,477,"i","true",NA,NA,NA,NA,"phase_015_subj_42"
2892,624,7,"<p style=""color:white; font-size: 35px;"">蠢笨</p>","negative","ability","蠢笨",7,473,473,"i","true",NA,NA,NA,NA,"phase_015_subj_42"
2893,624,7,"<p style=""color:rgb(150, 250, 100); font-size: 35px;"">自己的</p>","self","ability","自己的",7,495,495,"e","true",NA,NA,NA,NA,"phase_015_subj_42"
2894,624,7,"<p style=""color:white; font-size: 35px;"">天才</p>","positive","ability","天才",7,440,440,"e","true",NA,NA,NA,NA,"phase_015_subj_42"
2895,624,7,"<p style=""color:rgb(150, 250, 100); font-size: 35px;"">别人</p>","other","ability","别人",7,549,549,"i","true",NA,NA,NA,NA,"phase_015_subj_42"
2896,624,NA,"
    <h3>词语分类任务</h3>
    <p>在接下来的任务中，你需要对一系列词语进行分类。<p/>
    请先熟悉这些词语，这有利于你完成接下来的任务。</p>
    <table align=""center"" border=1 cellpadding=3 cellspacing=0>
    <tr> <th>类别</th> <th>词语</th> </tr>
    <tr> <td>&emsp;积极&emsp;</td> <td>&emsp;高尚、诚信、善良、君子、廉正、正直&emsp;</td> </tr>
    <tr> <td>&emsp;消极&emsp;</td> <td>&emsp;缺德、卑鄙、不孝、不仁、小人、黑心&emsp;</td> </tr>
    <tr> <td>&emsp;自我&emsp;</td> <td>&emsp;我、我的、自己、自己的、本人、本人的&emsp;</td> </tr>
    <tr> <td>&emsp;他人&emsp;</td> <td>&emsp;他、他的、别人、别人的、他人、他人的&emsp;</td> </tr>
    </table><br/>","","","",NA,31474,NA,"0","",NA,NA,2,1,"phase_015_subj_42"
2897,624,11,"<p style=""color:rgb(150, 250, 100); font-size: 35px;"">别人的</p>","other","moral","别人的",1,531,531,"i","true",NA,NA,NA,NA,"phase_015_subj_42"
2898,624,11,"<p style=""color:rgb(150, 250, 100); font-size: 35px;"">别人</p>","other","moral","别人",1,394,394,"i","true",NA,NA,NA,NA,"phase_015_subj_42"
2899,624,11,"<p style=""color:rgb(150, 250, 100); font-size: 35px;"">他人的</p>","other","moral","他人的",1,387,387,"i","true",NA,NA,NA,NA,"phase_015_subj_42"
2900,624,11,"<p style=""color:rgb(150, 250, 100); font-size: 35px;"">自己的</p>","self","moral","自己的",1,442,442,"e","true",NA,NA,NA,NA,"phase_015_subj_42"
2901,624,11,"<p style=""color:rgb(150, 250, 100); font-size: 35px;"">他人</p>","other","moral","他人",1,486,486,"i","true",NA,NA,NA,NA,"phase_015_subj_42"
2902,624,11,"<p style=""color:rgb(150, 250, 100); font-size: 35px;"">自己</p>","self","moral","自己",1,494,494,"e","true",NA,NA,NA,NA,"phase_015_subj_42"
2903,624,11,"<p style=""color:rgb(150, 250, 100); font-size: 35px;"">我</p>","self","moral","我",1,432,432,"e","true",NA,NA,NA,NA,"phase_015_subj_42"
2904,624,11,"<p style=""color:rgb(150, 250, 100); font-size: 35px;"">他</p>","other","moral","他",1,403,403,"i","true",NA,NA,NA,NA,"phase_015_subj_42"
2905,624,11,"<p style=""color:rgb(150, 250, 100); font-size: 35px;"">他的</p>","other","moral","他的",1,472,472,"i","true",NA,NA,NA,NA,"phase_015_subj_42"
2906,624,11,"<p style=""color:rgb(150, 250, 100); font-size: 35px;"">本人</p>","self","moral","本人",1,396,396,"e","true",NA,NA,NA,NA,"phase_015_subj_42"
2907,624,11,"<p style=""color:rgb(150, 250, 100); font-size: 35px;"">我的</p>","self","moral","我的",1,397,397,"e","true",NA,NA,NA,NA,"phase_015_subj_42"
2908,624,11,"<p style=""color:rgb(150, 250, 100); font-size: 35px;"">本人的</p>","self","moral","本人的",1,349,349,"i","false",NA,NA,NA,NA,"phase_015_subj_42"
2909,624,12,"<p style=""color:white; font-size: 35px;"">小人</p>","negative","moral","小人",2,1154,1154,"e","true",NA,NA,NA,NA,"phase_015_subj_42"
2910,624,12,"<p style=""color:white; font-size: 35px;"">廉正</p>","positive","moral","廉正",2,632,632,"i","true",NA,NA,NA,NA,"phase_015_subj_42"
2911,624,12,"<p style=""color:white; font-size: 35px;"">黑心</p>","negative","moral","黑心",2,452,452,"e","true",NA,NA,NA,NA,"phase_015_subj_42"
2912,624,12,"<p style=""color:white; font-size: 35px;"">不仁</p>","negative","moral","不仁",2,476,476,"e","true",NA,NA,NA,NA,"phase_015_subj_42"
2913,624,12,"<p style=""color:white; font-size: 35px;"">不孝</p>","negative","moral","不孝",2,430,430,"e","true",NA,NA,NA,NA,"phase_015_subj_42"
2914,624,12,"<p style=""color:white; font-size: 35px;"">正直</p>","positive","moral","正直",2,463,463,"i","true",NA,NA,NA,NA,"phase_015_subj_42"
2915,624,12,"<p style=""color:white; font-size: 35px;"">缺德</p>","negative","moral","缺德",2,655,655,"e","true",NA,NA,NA,NA,"phase_015_subj_42"
2916,624,12,"<p style=""color:white; font-size: 35px;"">君子</p>","positive","moral","君子",2,579,579,"i","true",NA,NA,NA,NA,"phase_015_subj_42"
2917,624,12,"<p style=""color:white; font-size: 35px;"">卑鄙</p>","negative","moral","卑鄙",2,932,932,"e","true",NA,NA,NA,NA,"phase_015_subj_42"
2918,624,12,"<p style=""color:white; font-size: 35px;"">诚信</p>","positive","moral","诚信",2,451,451,"i","true",NA,NA,NA,NA,"phase_015_subj_42"
2919,624,12,"<p style=""color:white; font-size: 35px;"">高尚</p>","positive","moral","高尚",2,1015,1015,"i","true",NA,NA,NA,NA,"phase_015_subj_42"
2920,624,12,"<p style=""color:white; font-size: 35px;"">善良</p>","positive","moral","善良",2,474,474,"i","true",NA,NA,NA,NA,"phase_015_subj_42"
2921,624,13,"<p style=""color:rgb(150, 250, 100); font-size: 35px;"">他人的</p>","other","moral","他人的",3,674,674,"i","true",NA,NA,NA,NA,"phase_015_subj_42"
2922,624,13,"<p style=""color:white; font-size: 35px;"">廉正</p>","positive","moral","廉正",3,469,469,"i","true",NA,NA,NA,NA,"phase_015_subj_42"
2923,624,13,"<p style=""color:rgb(150, 250, 100); font-size: 35px;"">我的</p>","self","moral","我的",3,440,440,"e","true",NA,NA,NA,NA,"phase_015_subj_42"
2924,624,13,"<p style=""color:white; font-size: 35px;"">缺德</p>","negative","moral","缺德",3,426,426,"e","true",NA,NA,NA,NA,"phase_015_subj_42"
2925,624,13,"<p style=""color:rgb(150, 250, 100); font-size: 35px;"">本人的</p>","self","moral","本人的",3,680,680,"e","true",NA,NA,NA,NA,"phase_015_subj_42"
2926,624,13,"<p style=""color:white; font-size: 35px;"">善良</p>","positive","moral","善良",3,500,500,"i","true",NA,NA,NA,NA,"phase_015_subj_42"
2927,624,13,"<p style=""color:rgb(150, 250, 100); font-size: 35px;"">他人</p>","other","moral","他人",3,559,559,"i","true",NA,NA,NA,NA,"phase_015_subj_42"
2928,624,13,"<p style=""color:white; font-size: 35px;"">小人</p>","negative","moral","小人",3,608,608,"e","true",NA,NA,NA,NA,"phase_015_subj_42"
2929,624,13,"<p style=""color:rgb(150, 250, 100); font-size: 35px;"">他</p>","other","moral","他",3,536,536,"i","true",NA,NA,NA,NA,"phase_015_subj_42"
2930,624,13,"<p style=""color:white; font-size: 35px;"">不孝</p>","negative","moral","不孝",3,668,668,"e","true",NA,NA,NA,NA,"phase_015_subj_42"
2931,624,13,"<p style=""color:rgb(150, 250, 100); font-size: 35px;"">本人</p>","self","moral","本人",3,525,525,"e","true",NA,NA,NA,NA,"phase_015_subj_42"
2932,624,13,"<p style=""color:white; font-size: 35px;"">正直</p>","positive","moral","正直",3,636,636,"i","true",NA,NA,NA,NA,"phase_015_subj_42"
2933,624,13,"<p style=""color:rgb(150, 250, 100); font-size: 35px;"">我</p>","self","moral","我",3,677,677,"e","true",NA,NA,NA,NA,"phase_015_subj_42"
2934,624,13,"<p style=""color:white; font-size: 35px;"">卑鄙</p>","negative","moral","卑鄙",3,614,614,"e","true",NA,NA,NA,NA,"phase_015_subj_42"
2935,624,13,"<p style=""color:rgb(150, 250, 100); font-size: 35px;"">别人的</p>","other","moral","别人的",3,656,656,"i","true",NA,NA,NA,NA,"phase_015_subj_42"
2936,624,13,"<p style=""color:white; font-size: 35px;"">诚信</p>","positive","moral","诚信",3,473,473,"i","true",NA,NA,NA,NA,"phase_015_subj_42"
2937,624,13,"<p style=""color:rgb(150, 250, 100); font-size: 35px;"">他的</p>","other","moral","他的",3,979,979,"i","true",NA,NA,NA,NA,"phase_015_subj_42"
2938,624,13,"<p style=""color:white; font-size: 35px;"">高尚</p>","positive","moral","高尚",3,470,470,"i","true",NA,NA,NA,NA,"phase_015_subj_42"
2939,624,13,"<p style=""color:rgb(150, 250, 100); font-size: 35px;"">自己的</p>","self","moral","自己的",3,408,408,"e","true",NA,NA,NA,NA,"phase_015_subj_42"
2940,624,13,"<p style=""color:white; font-size: 35px;"">黑心</p>","negative","moral","黑心",3,349,349,"e","true",NA,NA,NA,NA,"phase_015_subj_42"
2941,624,13,"<p style=""color:rgb(150, 250, 100); font-size: 35px;"">自己</p>","self","moral","自己",3,502,502,"e","true",NA,NA,NA,NA,"phase_015_subj_42"
2942,624,13,"<p style=""color:white; font-size: 35px;"">君子</p>","positive","moral","君子",3,554,554,"i","true",NA,NA,NA,NA,"phase_015_subj_42"
2943,624,13,"<p style=""color:rgb(150, 250, 100); font-size: 35px;"">别人</p>","other","moral","别人",3,687,687,"i","true",NA,NA,NA,NA,"phase_015_subj_42"
2944,624,13,"<p style=""color:white; font-size: 35px;"">不仁</p>","negative","moral","不仁",3,661,661,"e","true",NA,NA,NA,NA,"phase_015_subj_42"
2945,624,14,"<p style=""color:rgb(150, 250, 100); font-size: 35px;"">我的</p>","self","moral","我的",4,678,678,"e","true",NA,NA,NA,NA,"phase_015_subj_42"
2946,624,14,"<p style=""color:white; font-size: 35px;"">正直</p>","positive","moral","正直",4,569,569,"i","true",NA,NA,NA,NA,"phase_015_subj_42"
2947,624,14,"<p style=""color:rgb(150, 250, 100); font-size: 35px;"">他</p>","other","moral","他",4,769,769,"i","true",NA,NA,NA,NA,"phase_015_subj_42"
2948,624,14,"<p style=""color:white; font-size: 35px;"">卑鄙</p>","negative","moral","卑鄙",4,495,495,"e","true",NA,NA,NA,NA,"phase_015_subj_42"
2949,624,14,"<p style=""color:rgb(150, 250, 100); font-size: 35px;"">自己的</p>","self","moral","自己的",4,727,727,"e","true",NA,NA,NA,NA,"phase_015_subj_42"
2950,624,14,"<p style=""color:white; font-size: 35px;"">君子</p>","positive","moral","君子",4,547,547,"i","true",NA,NA,NA,NA,"phase_015_subj_42"
2951,624,14,"<p style=""color:rgb(150, 250, 100); font-size: 35px;"">别人的</p>","other","moral","别人的",4,852,852,"i","true",NA,NA,NA,NA,"phase_015_subj_42"
2952,624,14,"<p style=""color:white; font-size: 35px;"">不仁</p>","negative","moral","不仁",4,612,612,"e","true",NA,NA,NA,NA,"phase_015_subj_42"
2953,624,14,"<p style=""color:rgb(150, 250, 100); font-size: 35px;"">自己</p>","self","moral","自己",4,703,703,"e","true",NA,NA,NA,NA,"phase_015_subj_42"
2954,624,14,"<p style=""color:white; font-size: 35px;"">廉正</p>","positive","moral","廉正",4,613,613,"i","true",NA,NA,NA,NA,"phase_015_subj_42"
2955,624,14,"<p style=""color:rgb(150, 250, 100); font-size: 35px;"">他的</p>","other","moral","他的",4,563,563,"i","true",NA,NA,NA,NA,"phase_015_subj_42"
2956,624,14,"<p style=""color:white; font-size: 35px;"">缺德</p>","negative","moral","缺德",4,516,516,"e","true",NA,NA,NA,NA,"phase_015_subj_42"
2957,624,14,"<p style=""color:rgb(150, 250, 100); font-size: 35px;"">自己的</p>","self","moral","自己的",4,448,448,"e","true",NA,NA,NA,NA,"phase_015_subj_42"
2958,624,14,"<p style=""color:white; font-size: 35px;"">小人</p>","negative","moral","小人",4,495,495,"e","true",NA,NA,NA,NA,"phase_015_subj_42"
2959,624,14,"<p style=""color:rgb(150, 250, 100); font-size: 35px;"">他人</p>","other","moral","他人",4,433,433,"i","true",NA,NA,NA,NA,"phase_015_subj_42"
2960,624,14,"<p style=""color:white; font-size: 35px;"">廉正</p>","positive","moral","廉正",4,477,477,"i","true",NA,NA,NA,NA,"phase_015_subj_42"
2961,624,14,"<p style=""color:rgb(150, 250, 100); font-size: 35px;"">别人</p>","other","moral","别人",4,458,458,"i","true",NA,NA,NA,NA,"phase_015_subj_42"
2962,624,14,"<p style=""color:white; font-size: 35px;"">正直</p>","positive","moral","正直",4,439,439,"i","true",NA,NA,NA,NA,"phase_015_subj_42"
2963,624,14,"<p style=""color:rgb(150, 250, 100); font-size: 35px;"">我的</p>","self","moral","我的",4,419,1165.44680851064,"i","false",NA,NA,NA,NA,"phase_015_subj_42"
2964,624,14,"<p style=""color:white; font-size: 35px;"">黑心</p>","negative","moral","黑心",4,596,596,"e","true",NA,NA,NA,NA,"phase_015_subj_42"
2965,624,14,"<p style=""color:rgb(150, 250, 100); font-size: 35px;"">我</p>","self","moral","我",4,622,622,"e","true",NA,NA,NA,NA,"phase_015_subj_42"
2966,624,14,"<p style=""color:white; font-size: 35px;"">高尚</p>","positive","moral","高尚",4,615,615,"i","true",NA,NA,NA,NA,"phase_015_subj_42"
2967,624,14,"<p style=""color:rgb(150, 250, 100); font-size: 35px;"">他人的</p>","other","moral","他人的",4,795,795,"i","true",NA,NA,NA,NA,"phase_015_subj_42"
2968,624,14,"<p style=""color:white; font-size: 35px;"">小人</p>","negative","moral","小人",4,518,518,"e","true",NA,NA,NA,NA,"phase_015_subj_42"
2969,624,14,"<p style=""color:rgb(150, 250, 100); font-size: 35px;"">他的</p>","other","moral","他的",4,510,510,"i","true",NA,NA,NA,NA,"phase_015_subj_42"
2970,624,14,"<p style=""color:white; font-size: 35px;"">黑心</p>","negative","moral","黑心",4,458,458,"e","true",NA,NA,NA,NA,"phase_015_subj_42"
2971,624,14,"<p style=""color:rgb(150, 250, 100); font-size: 35px;"">本人的</p>","self","moral","本人的",4,782,782,"e","true",NA,NA,NA,NA,"phase_015_subj_42"
2972,624,14,"<p style=""color:white; font-size: 35px;"">君子</p>","positive","moral","君子",4,640,640,"i","true",NA,NA,NA,NA,"phase_015_subj_42"
2973,624,14,"<p style=""color:rgb(150, 250, 100); font-size: 35px;"">他人的</p>","other","moral","他人的",4,491,491,"i","true",NA,NA,NA,NA,"phase_015_subj_42"
2974,624,14,"<p style=""color:white; font-size: 35px;"">不孝</p>","negative","moral","不孝",4,500,500,"e","true",NA,NA,NA,NA,"phase_015_subj_42"
2975,624,14,"<p style=""color:rgb(150, 250, 100); font-size: 35px;"">我</p>","self","moral","我",4,393,393,"e","true",NA,NA,NA,NA,"phase_015_subj_42"
2976,624,14,"<p style=""color:white; font-size: 35px;"">高尚</p>","positive","moral","高尚",4,433,433,"i","true",NA,NA,NA,NA,"phase_015_subj_42"
2977,624,14,"<p style=""color:rgb(150, 250, 100); font-size: 35px;"">他人</p>","other","moral","他人",4,862,862,"i","true",NA,NA,NA,NA,"phase_015_subj_42"
2978,624,14,"<p style=""color:white; font-size: 35px;"">卑鄙</p>","negative","moral","卑鄙",4,472,472,"e","true",NA,NA,NA,NA,"phase_015_subj_42"
2979,624,14,"<p style=""color:rgb(150, 250, 100); font-size: 35px;"">自己</p>","self","moral","自己",4,856,856,"e","true",NA,NA,NA,NA,"phase_015_subj_42"
2980,624,14,"<p style=""color:white; font-size: 35px;"">善良</p>","positive","moral","善良",4,540,540,"i","true",NA,NA,NA,NA,"phase_015_subj_42"
2981,624,14,"<p style=""color:rgb(150, 250, 100); font-size: 35px;"">本人</p>","self","moral","本人",4,610,610,"e","true",NA,NA,NA,NA,"phase_015_subj_42"
2982,624,14,"<p style=""color:white; font-size: 35px;"">不孝</p>","negative","moral","不孝",4,815,815,"e","true",NA,NA,NA,NA,"phase_015_subj_42"
2983,624,14,"<p style=""color:rgb(150, 250, 100); font-size: 35px;"">别人</p>","other","moral","别人",4,489,489,"i","true",NA,NA,NA,NA,"phase_015_subj_42"
2984,624,14,"<p style=""color:white; font-size: 35px;"">诚信</p>","positive","moral","诚信",4,395,395,"i","true",NA,NA,NA,NA,"phase_015_subj_42"
2985,624,14,"<p style=""color:rgb(150, 250, 100); font-size: 35px;"">他</p>","other","moral","他",4,459,459,"i","true",NA,NA,NA,NA,"phase_015_subj_42"
2986,624,14,"<p style=""color:white; font-size: 35px;"">善良</p>","positive","moral","善良",4,436,436,"i","true",NA,NA,NA,NA,"phase_015_subj_42"
2987,624,14,"<p style=""color:rgb(150, 250, 100); font-size: 35px;"">本人的</p>","self","moral","本人的",4,733,733,"e","true",NA,NA,NA,NA,"phase_015_subj_42"
2988,624,14,"<p style=""color:white; font-size: 35px;"">不仁</p>","negative","moral","不仁",4,421,421,"e","true",NA,NA,NA,NA,"phase_015_subj_42"
2989,624,14,"<p style=""color:rgb(150, 250, 100); font-size: 35px;"">别人的</p>","other","moral","别人的",4,499,499,"i","true",NA,NA,NA,NA,"phase_015_subj_42"
2990,624,14,"<p style=""color:white; font-size: 35px;"">诚信</p>","positive","moral","诚信",4,413,413,"i","true",NA,NA,NA,NA,"phase_015_subj_42"
2991,624,14,"<p style=""color:rgb(150, 250, 100); font-size: 35px;"">本人</p>","self","moral","本人",4,453,453,"e","true",NA,NA,NA,NA,"phase_015_subj_42"
2992,624,14,"<p style=""color:white; font-size: 35px;"">缺德</p>","negative","moral","缺德",4,376,376,"e","true",NA,NA,NA,NA,"phase_015_subj_42"
2993,624,15,"<p style=""color:rgb(150, 250, 100); font-size: 35px;"">别人</p>","other","moral","别人",5,732,732,"e","true",NA,NA,NA,NA,"phase_015_subj_42"
2994,624,15,"<p style=""color:rgb(150, 250, 100); font-size: 35px;"">自己</p>","self","moral","自己",5,425,425,"i","true",NA,NA,NA,NA,"phase_015_subj_42"
2995,624,15,"<p style=""color:rgb(150, 250, 100); font-size: 35px;"">本人</p>","self","moral","本人",5,619,619,"i","true",NA,NA,NA,NA,"phase_015_subj_42"
2996,624,15,"<p style=""color:rgb(150, 250, 100); font-size: 35px;"">本人的</p>","self","moral","本人的",5,603,603,"i","true",NA,NA,NA,NA,"phase_015_subj_42"
2997,624,15,"<p style=""color:rgb(150, 250, 100); font-size: 35px;"">自己的</p>","self","moral","自己的",5,523,523,"i","true",NA,NA,NA,NA,"phase_015_subj_42"
2998,624,15,"<p style=""color:rgb(150, 250, 100); font-size: 35px;"">本人的</p>","self","moral","本人的",5,492,492,"i","true",NA,NA,NA,NA,"phase_015_subj_42"
2999,624,15,"<p style=""color:rgb(150, 250, 100); font-size: 35px;"">他</p>","other","moral","他",5,469,469,"e","true",NA,NA,NA,NA,"phase_015_subj_42"
3000,624,15,"<p style=""color:rgb(150, 250, 100); font-size: 35px;"">我的</p>","self","moral","我的",5,476,476,"i","true",NA,NA,NA,NA,"phase_015_subj_42"
3001,624,15,"<p style=""color:rgb(150, 250, 100); font-size: 35px;"">他人</p>","other","moral","他人",5,519,519,"e","true",NA,NA,NA,NA,"phase_015_subj_42"
3002,624,15,"<p style=""color:rgb(150, 250, 100); font-size: 35px;"">他人的</p>","other","moral","他人的",5,460,460,"e","true",NA,NA,NA,NA,"phase_015_subj_42"
3003,624,15,"<p style=""color:rgb(150, 250, 100); font-size: 35px;"">我</p>","self","moral","我",5,442,442,"i","true",NA,NA,NA,NA,"phase_015_subj_42"
3004,624,15,"<p style=""color:rgb(150, 250, 100); font-size: 35px;"">我的</p>","self","moral","我的",5,564,564,"i","true",NA,NA,NA,NA,"phase_015_subj_42"
3005,624,15,"<p style=""color:rgb(150, 250, 100); font-size: 35px;"">他的</p>","other","moral","他的",5,378,378,"e","true",NA,NA,NA,NA,"phase_015_subj_42"
3006,624,15,"<p style=""color:rgb(150, 250, 100); font-size: 35px;"">他人</p>","other","moral","他人",5,457,457,"e","true",NA,NA,NA,NA,"phase_015_subj_42"
3007,624,15,"<p style=""color:rgb(150, 250, 100); font-size: 35px;"">自己</p>","self","moral","自己",5,402,402,"i","true",NA,NA,NA,NA,"phase_015_subj_42"
3008,624,15,"<p style=""color:rgb(150, 250, 100); font-size: 35px;"">我</p>","self","moral","我",5,323,323,"i","true",NA,NA,NA,NA,"phase_015_subj_42"
3009,624,15,"<p style=""color:rgb(150, 250, 100); font-size: 35px;"">他人的</p>","other","moral","他人的",5,381,381,"e","true",NA,NA,NA,NA,"phase_015_subj_42"
3010,624,15,"<p style=""color:rgb(150, 250, 100); font-size: 35px;"">别人的</p>","other","moral","别人的",5,582,582,"e","true",NA,NA,NA,NA,"phase_015_subj_42"
3011,624,15,"<p style=""color:rgb(150, 250, 100); font-size: 35px;"">自己的</p>","self","moral","自己的",5,405,405,"i","true",NA,NA,NA,NA,"phase_015_subj_42"
3012,624,15,"<p style=""color:rgb(150, 250, 100); font-size: 35px;"">本人</p>","self","moral","本人",5,646,646,"i","true",NA,NA,NA,NA,"phase_015_subj_42"
3013,624,15,"<p style=""color:rgb(150, 250, 100); font-size: 35px;"">别人的</p>","other","moral","别人的",5,382,382,"e","true",NA,NA,NA,NA,"phase_015_subj_42"
3014,624,15,"<p style=""color:rgb(150, 250, 100); font-size: 35px;"">他</p>","other","moral","他",5,457,457,"e","true",NA,NA,NA,NA,"phase_015_subj_42"
3015,624,15,"<p style=""color:rgb(150, 250, 100); font-size: 35px;"">他的</p>","other","moral","他的",5,279,279,"i","false",NA,NA,NA,NA,"phase_015_subj_42"
3016,624,15,"<p style=""color:rgb(150, 250, 100); font-size: 35px;"">别人</p>","other","moral","别人",5,545,545,"e","true",NA,NA,NA,NA,"phase_015_subj_42"
3017,624,16,"<p style=""color:white; font-size: 35px;"">诚信</p>","positive","moral","诚信",6,696,696,"i","true",NA,NA,NA,NA,"phase_015_subj_42"
3018,624,16,"<p style=""color:rgb(150, 250, 100); font-size: 35px;"">他的</p>","other","moral","他的",6,669,669,"e","true",NA,NA,NA,NA,"phase_015_subj_42"
3019,624,16,"<p style=""color:white; font-size: 35px;"">卑鄙</p>","negative","moral","卑鄙",6,415,415,"e","true",NA,NA,NA,NA,"phase_015_subj_42"
3020,624,16,"<p style=""color:rgb(150, 250, 100); font-size: 35px;"">本人的</p>","self","moral","本人的",6,575,575,"i","true",NA,NA,NA,NA,"phase_015_subj_42"
3021,624,16,"<p style=""color:white; font-size: 35px;"">不仁</p>","negative","moral","不仁",6,576,576,"e","true",NA,NA,NA,NA,"phase_015_subj_42"
3022,624,16,"<p style=""color:rgb(150, 250, 100); font-size: 35px;"">自己的</p>","self","moral","自己的",6,518,518,"i","true",NA,NA,NA,NA,"phase_015_subj_42"
3023,624,16,"<p style=""color:white; font-size: 35px;"">正直</p>","positive","moral","正直",6,489,489,"i","true",NA,NA,NA,NA,"phase_015_subj_42"
3024,624,16,"<p style=""color:rgb(150, 250, 100); font-size: 35px;"">他人的</p>","other","moral","他人的",6,611,611,"e","true",NA,NA,NA,NA,"phase_015_subj_42"
3025,624,16,"<p style=""color:white; font-size: 35px;"">君子</p>","positive","moral","君子",6,685,685,"i","true",NA,NA,NA,NA,"phase_015_subj_42"
3026,624,16,"<p style=""color:rgb(150, 250, 100); font-size: 35px;"">别人的</p>","other","moral","别人的",6,498,498,"e","true",NA,NA,NA,NA,"phase_015_subj_42"
3027,624,16,"<p style=""color:white; font-size: 35px;"">小人</p>","negative","moral","小人",6,518,518,"e","true",NA,NA,NA,NA,"phase_015_subj_42"
3028,624,16,"<p style=""color:rgb(150, 250, 100); font-size: 35px;"">自己</p>","self","moral","自己",6,395,395,"i","true",NA,NA,NA,NA,"phase_015_subj_42"
3029,624,16,"<p style=""color:white; font-size: 35px;"">高尚</p>","positive","moral","高尚",6,360,360,"i","true",NA,NA,NA,NA,"phase_015_subj_42"
3030,624,16,"<p style=""color:rgb(150, 250, 100); font-size: 35px;"">别人</p>","other","moral","别人",6,414,414,"e","true",NA,NA,NA,NA,"phase_015_subj_42"
3031,624,16,"<p style=""color:white; font-size: 35px;"">不孝</p>","negative","moral","不孝",6,716,716,"e","true",NA,NA,NA,NA,"phase_015_subj_42"
3032,624,16,"<p style=""color:rgb(150, 250, 100); font-size: 35px;"">我</p>","self","moral","我",6,294,294,"i","true",NA,NA,NA,NA,"phase_015_subj_42"
3033,624,16,"<p style=""color:white; font-size: 35px;"">黑心</p>","negative","moral","黑心",6,596,596,"e","true",NA,NA,NA,NA,"phase_015_subj_42"
3034,624,16,"<p style=""color:rgb(150, 250, 100); font-size: 35px;"">他</p>","other","moral","他",6,872,872,"e","true",NA,NA,NA,NA,"phase_015_subj_42"
3035,624,16,"<p style=""color:white; font-size: 35px;"">善良</p>","positive","moral","善良",6,479,479,"i","true",NA,NA,NA,NA,"phase_015_subj_42"
3036,624,16,"<p style=""color:rgb(150, 250, 100); font-size: 35px;"">本人</p>","self","moral","本人",6,626,626,"i","true",NA,NA,NA,NA,"phase_015_subj_42"
3037,624,16,"<p style=""color:white; font-size: 35px;"">缺德</p>","negative","moral","缺德",6,699,699,"e","true",NA,NA,NA,NA,"phase_015_subj_42"
3038,624,16,"<p style=""color:rgb(150, 250, 100); font-size: 35px;"">我的</p>","self","moral","我的",6,492,492,"i","true",NA,NA,NA,NA,"phase_015_subj_42"
3039,624,16,"<p style=""color:white; font-size: 35px;"">廉正</p>","positive","moral","廉正",6,703,703,"i","true",NA,NA,NA,NA,"phase_015_subj_42"
3040,624,16,"<p style=""color:rgb(150, 250, 100); font-size: 35px;"">他人</p>","other","moral","他人",6,704,704,"e","true",NA,NA,NA,NA,"phase_015_subj_42"
3041,624,17,"<p style=""color:white; font-size: 35px;"">高尚</p>","positive","moral","高尚",7,504,504,"i","true",NA,NA,NA,NA,"phase_015_subj_42"
3042,624,17,"<p style=""color:rgb(150, 250, 100); font-size: 35px;"">本人</p>","self","moral","本人",7,389,389,"i","true",NA,NA,NA,NA,"phase_015_subj_42"
3043,624,17,"<p style=""color:white; font-size: 35px;"">不孝</p>","negative","moral","不孝",7,408,408,"e","true",NA,NA,NA,NA,"phase_015_subj_42"
3044,624,17,"<p style=""color:rgb(150, 250, 100); font-size: 35px;"">别人</p>","other","moral","别人",7,520,520,"e","true",NA,NA,NA,NA,"phase_015_subj_42"
3045,624,17,"<p style=""color:white; font-size: 35px;"">善良</p>","positive","moral","善良",7,546,546,"i","true",NA,NA,NA,NA,"phase_015_subj_42"
3046,624,17,"<p style=""color:rgb(150, 250, 100); font-size: 35px;"">本人</p>","self","moral","本人",7,428,428,"i","true",NA,NA,NA,NA,"phase_015_subj_42"
3047,624,17,"<p style=""color:white; font-size: 35px;"">不仁</p>","negative","moral","不仁",7,483,483,"e","true",NA,NA,NA,NA,"phase_015_subj_42"
3048,624,17,"<p style=""color:rgb(150, 250, 100); font-size: 35px;"">他人的</p>","other","moral","他人的",7,460,460,"e","true",NA,NA,NA,NA,"phase_015_subj_42"
3049,624,17,"<p style=""color:white; font-size: 35px;"">黑心</p>","negative","moral","黑心",7,591,591,"e","true",NA,NA,NA,NA,"phase_015_subj_42"
3050,624,17,"<p style=""color:rgb(150, 250, 100); font-size: 35px;"">他人的</p>","other","moral","他人的",7,527,527,"e","true",NA,NA,NA,NA,"phase_015_subj_42"
3051,624,17,"<p style=""color:white; font-size: 35px;"">善良</p>","positive","moral","善良",7,673,673,"i","true",NA,NA,NA,NA,"phase_015_subj_42"
3052,624,17,"<p style=""color:rgb(150, 250, 100); font-size: 35px;"">我的</p>","self","moral","我的",7,428,428,"i","true",NA,NA,NA,NA,"phase_015_subj_42"
3053,624,17,"<p style=""color:white; font-size: 35px;"">卑鄙</p>","negative","moral","卑鄙",7,519,519,"e","true",NA,NA,NA,NA,"phase_015_subj_42"
3054,624,17,"<p style=""color:rgb(150, 250, 100); font-size: 35px;"">别人的</p>","other","moral","别人的",7,442,442,"e","true",NA,NA,NA,NA,"phase_015_subj_42"
3055,624,17,"<p style=""color:white; font-size: 35px;"">正直</p>","positive","moral","正直",7,462,462,"i","true",NA,NA,NA,NA,"phase_015_subj_42"
3056,624,17,"<p style=""color:rgb(150, 250, 100); font-size: 35px;"">我</p>","self","moral","我",7,468,468,"i","true",NA,NA,NA,NA,"phase_015_subj_42"
3057,624,17,"<p style=""color:white; font-size: 35px;"">诚信</p>","positive","moral","诚信",7,416,1135.74468085106,"e","false",NA,NA,NA,NA,"phase_015_subj_42"
3058,624,17,"<p style=""color:rgb(150, 250, 100); font-size: 35px;"">他人</p>","other","moral","他人",7,1046,1046,"e","true",NA,NA,NA,NA,"phase_015_subj_42"
3059,624,17,"<p style=""color:white; font-size: 35px;"">不仁</p>","negative","moral","不仁",7,498,498,"e","true",NA,NA,NA,NA,"phase_015_subj_42"
3060,624,17,"<p style=""color:rgb(150, 250, 100); font-size: 35px;"">我的</p>","self","moral","我的",7,494,494,"i","true",NA,NA,NA,NA,"phase_015_subj_42"
3061,624,17,"<p style=""color:white; font-size: 35px;"">不孝</p>","negative","moral","不孝",7,670,670,"e","true",NA,NA,NA,NA,"phase_015_subj_42"
3062,624,17,"<p style=""color:rgb(150, 250, 100); font-size: 35px;"">别人</p>","other","moral","别人",7,586,586,"e","true",NA,NA,NA,NA,"phase_015_subj_42"
3063,624,17,"<p style=""color:white; font-size: 35px;"">廉正</p>","positive","moral","廉正",7,612,612,"i","true",NA,NA,NA,NA,"phase_015_subj_42"
3064,624,17,"<p style=""color:rgb(150, 250, 100); font-size: 35px;"">自己的</p>","self","moral","自己的",7,367,367,"i","true",NA,NA,NA,NA,"phase_015_subj_42"
3065,624,17,"<p style=""color:white; font-size: 35px;"">君子</p>","positive","moral","君子",7,393,393,"i","true",NA,NA,NA,NA,"phase_015_subj_42"
3066,624,17,"<p style=""color:rgb(150, 250, 100); font-size: 35px;"">本人的</p>","self","moral","本人的",7,391,391,"i","true",NA,NA,NA,NA,"phase_015_subj_42"
3067,624,17,"<p style=""color:white; font-size: 35px;"">缺德</p>","negative","moral","缺德",7,471,471,"e","true",NA,NA,NA,NA,"phase_015_subj_42"
3068,624,17,"<p style=""color:rgb(150, 250, 100); font-size: 35px;"">他人</p>","other","moral","他人",7,574,574,"e","true",NA,NA,NA,NA,"phase_015_subj_42"
3069,624,17,"<p style=""color:white; font-size: 35px;"">诚信</p>","positive","moral","诚信",7,473,473,"i","true",NA,NA,NA,NA,"phase_015_subj_42"
3070,624,17,"<p style=""color:rgb(150, 250, 100); font-size: 35px;"">自己</p>","self","moral","自己",7,328,328,"i","true",NA,NA,NA,NA,"phase_015_subj_42"
3071,624,17,"<p style=""color:white; font-size: 35px;"">小人</p>","negative","moral","小人",7,551,551,"e","true",NA,NA,NA,NA,"phase_015_subj_42"
3072,624,17,"<p style=""color:rgb(150, 250, 100); font-size: 35px;"">他</p>","other","moral","他",7,460,460,"e","true",NA,NA,NA,NA,"phase_015_subj_42"
3073,624,17,"<p style=""color:white; font-size: 35px;"">卑鄙</p>","negative","moral","卑鄙",7,477,477,"e","true",NA,NA,NA,NA,"phase_015_subj_42"
3074,624,17,"<p style=""color:rgb(150, 250, 100); font-size: 35px;"">自己的</p>","self","moral","自己的",7,401,401,"i","true",NA,NA,NA,NA,"phase_015_subj_42"
3075,624,17,"<p style=""color:white; font-size: 35px;"">君子</p>","positive","moral","君子",7,430,430,"i","true",NA,NA,NA,NA,"phase_015_subj_42"
3076,624,17,"<p style=""color:rgb(150, 250, 100); font-size: 35px;"">他的</p>","other","moral","他的",7,559,559,"e","true",NA,NA,NA,NA,"phase_015_subj_42"
3077,624,17,"<p style=""color:white; font-size: 35px;"">廉正</p>","positive","moral","廉正",7,727,727,"i","true",NA,NA,NA,NA,"phase_015_subj_42"
3078,624,17,"<p style=""color:rgb(150, 250, 100); font-size: 35px;"">别人的</p>","other","moral","别人的",7,546,546,"e","true",NA,NA,NA,NA,"phase_015_subj_42"
3079,624,17,"<p style=""color:white; font-size: 35px;"">黑心</p>","negative","moral","黑心",7,597,597,"e","true",NA,NA,NA,NA,"phase_015_subj_42"
3080,624,17,"<p style=""color:rgb(150, 250, 100); font-size: 35px;"">自己</p>","self","moral","自己",7,491,491,"i","true",NA,NA,NA,NA,"phase_015_subj_42"
3081,624,17,"<p style=""color:white; font-size: 35px;"">小人</p>","negative","moral","小人",7,556,556,"e","true",NA,NA,NA,NA,"phase_015_subj_42"
3082,624,17,"<p style=""color:rgb(150, 250, 100); font-size: 35px;"">他</p>","other","moral","他",7,515,515,"e","true",NA,NA,NA,NA,"phase_015_subj_42"
3083,624,17,"<p style=""color:white; font-size: 35px;"">高尚</p>","positive","moral","高尚",7,500,500,"i","true",NA,NA,NA,NA,"phase_015_subj_42"
3084,624,17,"<p style=""color:rgb(150, 250, 100); font-size: 35px;"">我</p>","self","moral","我",7,489,489,"i","true",NA,NA,NA,NA,"phase_015_subj_42"
3085,624,17,"<p style=""color:white; font-size: 35px;"">缺德</p>","negative","moral","缺德",7,725,725,"e","true",NA,NA,NA,NA,"phase_015_subj_42"
3086,624,17,"<p style=""color:rgb(150, 250, 100); font-size: 35px;"">本人的</p>","self","moral","本人的",7,738,738,"i","true",NA,NA,NA,NA,"phase_015_subj_42"
3087,624,17,"<p style=""color:white; font-size: 35px;"">正直</p>","positive","moral","正直",7,1155,1155,"i","true",NA,NA,NA,NA,"phase_015_subj_42"
3088,624,17,"<p style=""color:rgb(150, 250, 100); font-size: 35px;"">他的</p>","other","moral","他的",7,512,512,"e","true",NA,NA,NA,NA,"phase_015_subj_42"
3089,458,NA,"
    <h3>词语分类任务</h3>
    <p>在接下来的任务中，你需要对一系列词语进行分类。<p/>
    请先熟悉这些词语，这有利于你完成接下来的任务。</p>
    <table align=""center"" border=1 cellpadding=3 cellspacing=0>
    <tr> <th>类别</th> <th>词语</th> </tr>
    <tr> <td>&emsp;积极&emsp;</td> <td>&emsp;高尚、诚信、善良、君子、廉正、正直&emsp;</td> </tr>
    <tr> <td>&emsp;消极&emsp;</td> <td>&emsp;缺德、卑鄙、不孝、不仁、小人、黑心&emsp;</td> </tr>
    <tr> <td>&emsp;自我&emsp;</td> <td>&emsp;我、我的、自己、自己的、本人、本人的&emsp;</td> </tr>
    <tr> <td>&emsp;他人&emsp;</td> <td>&emsp;他、他的、别人、别人的、他人、他人的&emsp;</td> </tr>
    </table><br/>","","","",NA,17116,NA,"0","",NA,NA,2,2,"phase_015_subj_27"
3090,458,11,"<p style=""color:rgb(150, 250, 100); font-size: 35px;"">自己的</p>","self","moral","自己的",1,646,646,"i","true",NA,NA,NA,NA,"phase_015_subj_27"
3091,458,11,"<p style=""color:rgb(150, 250, 100); font-size: 35px;"">本人</p>","self","moral","本人",1,601,601,"i","true",NA,NA,NA,NA,"phase_015_subj_27"
3092,458,11,"<p style=""color:rgb(150, 250, 100); font-size: 35px;"">他人的</p>","other","moral","他人的",1,551,551,"e","true",NA,NA,NA,NA,"phase_015_subj_27"
3093,458,11,"<p style=""color:rgb(150, 250, 100); font-size: 35px;"">他</p>","other","moral","他",1,549,549,"e","true",NA,NA,NA,NA,"phase_015_subj_27"
3094,458,11,"<p style=""color:rgb(150, 250, 100); font-size: 35px;"">自己</p>","self","moral","自己",1,521,521,"i","true",NA,NA,NA,NA,"phase_015_subj_27"
3095,458,11,"<p style=""color:rgb(150, 250, 100); font-size: 35px;"">别人</p>","other","moral","别人",1,554,554,"i","false",NA,NA,NA,NA,"phase_015_subj_27"
3096,458,11,"<p style=""color:rgb(150, 250, 100); font-size: 35px;"">他的</p>","other","moral","他的",1,627,627,"e","true",NA,NA,NA,NA,"phase_015_subj_27"
3097,458,11,"<p style=""color:rgb(150, 250, 100); font-size: 35px;"">我的</p>","self","moral","我的",1,527,527,"i","true",NA,NA,NA,NA,"phase_015_subj_27"
3098,458,11,"<p style=""color:rgb(150, 250, 100); font-size: 35px;"">本人的</p>","self","moral","本人的",1,529,529,"e","false",NA,NA,NA,NA,"phase_015_subj_27"
3099,458,11,"<p style=""color:rgb(150, 250, 100); font-size: 35px;"">他人</p>","other","moral","他人",1,741,741,"e","true",NA,NA,NA,NA,"phase_015_subj_27"
3100,458,11,"<p style=""color:rgb(150, 250, 100); font-size: 35px;"">别人的</p>","other","moral","别人的",1,549,549,"e","true",NA,NA,NA,NA,"phase_015_subj_27"
3101,458,11,"<p style=""color:rgb(150, 250, 100); font-size: 35px;"">我</p>","self","moral","我",1,564,564,"i","true",NA,NA,NA,NA,"phase_015_subj_27"
3102,458,12,"<p style=""color:white; font-size: 35px;"">君子</p>","positive","moral","君子",2,653,653,"i","true",NA,NA,NA,NA,"phase_015_subj_27"
3103,458,12,"<p style=""color:white; font-size: 35px;"">廉正</p>","positive","moral","廉正",2,566,566,"i","true",NA,NA,NA,NA,"phase_015_subj_27"
3104,458,12,"<p style=""color:white; font-size: 35px;"">善良</p>","positive","moral","善良",2,449,449,"i","true",NA,NA,NA,NA,"phase_015_subj_27"
3105,458,12,"<p style=""color:white; font-size: 35px;"">缺德</p>","negative","moral","缺德",2,595,595,"e","true",NA,NA,NA,NA,"phase_015_subj_27"
3106,458,12,"<p style=""color:white; font-size: 35px;"">不孝</p>","negative","moral","不孝",2,490,490,"e","true",NA,NA,NA,NA,"phase_015_subj_27"
3107,458,12,"<p style=""color:white; font-size: 35px;"">诚信</p>","positive","moral","诚信",2,563,563,"i","true",NA,NA,NA,NA,"phase_015_subj_27"
3108,458,12,"<p style=""color:white; font-size: 35px;"">正直</p>","positive","moral","正直",2,489,489,"i","true",NA,NA,NA,NA,"phase_015_subj_27"
3109,458,12,"<p style=""color:white; font-size: 35px;"">小人</p>","negative","moral","小人",2,551,551,"e","true",NA,NA,NA,NA,"phase_015_subj_27"
3110,458,12,"<p style=""color:white; font-size: 35px;"">卑鄙</p>","negative","moral","卑鄙",2,523,523,"e","true",NA,NA,NA,NA,"phase_015_subj_27"
3111,458,12,"<p style=""color:white; font-size: 35px;"">高尚</p>","positive","moral","高尚",2,556,556,"i","true",NA,NA,NA,NA,"phase_015_subj_27"
3112,458,12,"<p style=""color:white; font-size: 35px;"">不仁</p>","negative","moral","不仁",2,718,718,"e","true",NA,NA,NA,NA,"phase_015_subj_27"
3113,458,12,"<p style=""color:white; font-size: 35px;"">黑心</p>","negative","moral","黑心",2,575,575,"e","true",NA,NA,NA,NA,"phase_015_subj_27"
3114,458,13,"<p style=""color:rgb(150, 250, 100); font-size: 35px;"">自己的</p>","self","moral","自己的",3,569,569,"i","true",NA,NA,NA,NA,"phase_015_subj_27"
3115,458,13,"<p style=""color:white; font-size: 35px;"">善良</p>","positive","moral","善良",3,486,486,"i","true",NA,NA,NA,NA,"phase_015_subj_27"
3116,458,13,"<p style=""color:rgb(150, 250, 100); font-size: 35px;"">他人</p>","other","moral","他人",3,625,625,"e","true",NA,NA,NA,NA,"phase_015_subj_27"
3117,458,13,"<p style=""color:white; font-size: 35px;"">小人</p>","negative","moral","小人",3,496,496,"e","true",NA,NA,NA,NA,"phase_015_subj_27"
3118,458,13,"<p style=""color:rgb(150, 250, 100); font-size: 35px;"">他</p>","other","moral","他",3,506,506,"e","true",NA,NA,NA,NA,"phase_015_subj_27"
3119,458,13,"<p style=""color:white; font-size: 35px;"">不仁</p>","negative","moral","不仁",3,505,505,"e","true",NA,NA,NA,NA,"phase_015_subj_27"
3120,458,13,"<p style=""color:rgb(150, 250, 100); font-size: 35px;"">我的</p>","self","moral","我的",3,537,537,"i","true",NA,NA,NA,NA,"phase_015_subj_27"
3121,458,13,"<p style=""color:white; font-size: 35px;"">正直</p>","positive","moral","正直",3,445,445,"i","true",NA,NA,NA,NA,"phase_015_subj_27"
3122,458,13,"<p style=""color:rgb(150, 250, 100); font-size: 35px;"">我</p>","self","moral","我",3,494,494,"i","true",NA,NA,NA,NA,"phase_015_subj_27"
3123,458,13,"<p style=""color:white; font-size: 35px;"">不孝</p>","negative","moral","不孝",3,482,482,"e","true",NA,NA,NA,NA,"phase_015_subj_27"
3124,458,13,"<p style=""color:rgb(150, 250, 100); font-size: 35px;"">他的</p>","other","moral","他的",3,520,520,"e","true",NA,NA,NA,NA,"phase_015_subj_27"
3125,458,13,"<p style=""color:white; font-size: 35px;"">高尚</p>","positive","moral","高尚",3,642,642,"i","true",NA,NA,NA,NA,"phase_015_subj_27"
3126,458,13,"<p style=""color:rgb(150, 250, 100); font-size: 35px;"">他人的</p>","other","moral","他人的",3,554,554,"e","true",NA,NA,NA,NA,"phase_015_subj_27"
3127,458,13,"<p style=""color:white; font-size: 35px;"">君子</p>","positive","moral","君子",3,738,738,"i","true",NA,NA,NA,NA,"phase_015_subj_27"
3128,458,13,"<p style=""color:rgb(150, 250, 100); font-size: 35px;"">自己</p>","self","moral","自己",3,537,537,"i","true",NA,NA,NA,NA,"phase_015_subj_27"
3129,458,13,"<p style=""color:white; font-size: 35px;"">缺德</p>","negative","moral","缺德",3,643,643,"e","true",NA,NA,NA,NA,"phase_015_subj_27"
3130,458,13,"<p style=""color:rgb(150, 250, 100); font-size: 35px;"">别人</p>","other","moral","别人",3,667,667,"e","true",NA,NA,NA,NA,"phase_015_subj_27"
3131,458,13,"<p style=""color:white; font-size: 35px;"">黑心</p>","negative","moral","黑心",3,485,485,"e","true",NA,NA,NA,NA,"phase_015_subj_27"
3132,458,13,"<p style=""color:rgb(150, 250, 100); font-size: 35px;"">本人的</p>","self","moral","本人的",3,584,584,"i","true",NA,NA,NA,NA,"phase_015_subj_27"
3133,458,13,"<p style=""color:white; font-size: 35px;"">廉正</p>","positive","moral","廉正",3,482,482,"i","true",NA,NA,NA,NA,"phase_015_subj_27"
3134,458,13,"<p style=""color:rgb(150, 250, 100); font-size: 35px;"">本人</p>","self","moral","本人",3,506,506,"i","true",NA,NA,NA,NA,"phase_015_subj_27"
3135,458,13,"<p style=""color:white; font-size: 35px;"">诚信</p>","positive","moral","诚信",3,598,598,"i","true",NA,NA,NA,NA,"phase_015_subj_27"
3136,458,13,"<p style=""color:rgb(150, 250, 100); font-size: 35px;"">别人的</p>","other","moral","别人的",3,663,663,"e","true",NA,NA,NA,NA,"phase_015_subj_27"
3137,458,13,"<p style=""color:white; font-size: 35px;"">卑鄙</p>","negative","moral","卑鄙",3,457,457,"e","true",NA,NA,NA,NA,"phase_015_subj_27"
3138,458,14,"<p style=""color:rgb(150, 250, 100); font-size: 35px;"">我</p>","self","moral","我",4,1022,1022,"i","true",NA,NA,NA,NA,"phase_015_subj_27"
3139,458,14,"<p style=""color:white; font-size: 35px;"">缺德</p>","negative","moral","缺德",4,667,667,"e","true",NA,NA,NA,NA,"phase_015_subj_27"
3140,458,14,"<p style=""color:rgb(150, 250, 100); font-size: 35px;"">别人</p>","other","moral","别人",4,751,751,"e","true",NA,NA,NA,NA,"phase_015_subj_27"
3141,458,14,"<p style=""color:white; font-size: 35px;"">君子</p>","positive","moral","君子",4,642,642,"i","true",NA,NA,NA,NA,"phase_015_subj_27"
3142,458,14,"<p style=""color:rgb(150, 250, 100); font-size: 35px;"">别人</p>","other","moral","别人",4,643,643,"e","true",NA,NA,NA,NA,"phase_015_subj_27"
3143,458,14,"<p style=""color:white; font-size: 35px;"">正直</p>","positive","moral","正直",4,523,523,"i","true",NA,NA,NA,NA,"phase_015_subj_27"
3144,458,14,"<p style=""color:rgb(150, 250, 100); font-size: 35px;"">自己的</p>","self","moral","自己的",4,528,528,"i","true",NA,NA,NA,NA,"phase_015_subj_27"
3145,458,14,"<p style=""color:white; font-size: 35px;"">小人</p>","negative","moral","小人",4,538,538,"e","true",NA,NA,NA,NA,"phase_015_subj_27"
3146,458,14,"<p style=""color:rgb(150, 250, 100); font-size: 35px;"">别人的</p>","other","moral","别人的",4,542,542,"e","true",NA,NA,NA,NA,"phase_015_subj_27"
3147,458,14,"<p style=""color:white; font-size: 35px;"">善良</p>","positive","moral","善良",4,1106,1106,"i","true",NA,NA,NA,NA,"phase_015_subj_27"
3148,458,14,"<p style=""color:rgb(150, 250, 100); font-size: 35px;"">本人</p>","self","moral","本人",4,648,648,"i","true",NA,NA,NA,NA,"phase_015_subj_27"
3149,458,14,"<p style=""color:white; font-size: 35px;"">缺德</p>","negative","moral","缺德",4,603,603,"e","true",NA,NA,NA,NA,"phase_015_subj_27"
3150,458,14,"<p style=""color:rgb(150, 250, 100); font-size: 35px;"">我</p>","self","moral","我",4,616,616,"i","true",NA,NA,NA,NA,"phase_015_subj_27"
3151,458,14,"<p style=""color:white; font-size: 35px;"">卑鄙</p>","negative","moral","卑鄙",4,544,544,"e","true",NA,NA,NA,NA,"phase_015_subj_27"
3152,458,14,"<p style=""color:rgb(150, 250, 100); font-size: 35px;"">他人</p>","other","moral","他人",4,610,610,"e","true",NA,NA,NA,NA,"phase_015_subj_27"
3153,458,14,"<p style=""color:white; font-size: 35px;"">廉正</p>","positive","moral","廉正",4,710,710,"i","true",NA,NA,NA,NA,"phase_015_subj_27"
3154,458,14,"<p style=""color:rgb(150, 250, 100); font-size: 35px;"">自己的</p>","self","moral","自己的",4,732,732,"i","true",NA,NA,NA,NA,"phase_015_subj_27"
3155,458,14,"<p style=""color:white; font-size: 35px;"">善良</p>","positive","moral","善良",4,486,486,"i","true",NA,NA,NA,NA,"phase_015_subj_27"
3156,458,14,"<p style=""color:rgb(150, 250, 100); font-size: 35px;"">他</p>","other","moral","他",4,616,616,"e","true",NA,NA,NA,NA,"phase_015_subj_27"
3157,458,14,"<p style=""color:white; font-size: 35px;"">不仁</p>","negative","moral","不仁",4,581,581,"e","true",NA,NA,NA,NA,"phase_015_subj_27"
3158,458,14,"<p style=""color:rgb(150, 250, 100); font-size: 35px;"">别人的</p>","other","moral","别人的",4,584,584,"e","true",NA,NA,NA,NA,"phase_015_subj_27"
3159,458,14,"<p style=""color:white; font-size: 35px;"">不孝</p>","negative","moral","不孝",4,568,568,"e","true",NA,NA,NA,NA,"phase_015_subj_27"
3160,458,14,"<p style=""color:rgb(150, 250, 100); font-size: 35px;"">我的</p>","self","moral","我的",4,546,546,"i","true",NA,NA,NA,NA,"phase_015_subj_27"
3161,458,14,"<p style=""color:white; font-size: 35px;"">廉正</p>","positive","moral","廉正",4,676,1233.28260869565,"e","false",NA,NA,NA,NA,"phase_015_subj_27"
3162,458,14,"<p style=""color:rgb(150, 250, 100); font-size: 35px;"">他人的</p>","other","moral","他人的",4,654,654,"e","true",NA,NA,NA,NA,"phase_015_subj_27"
3163,458,14,"<p style=""color:white; font-size: 35px;"">卑鄙</p>","negative","moral","卑鄙",4,476,1233.28260869565,"i","false",NA,NA,NA,NA,"phase_015_subj_27"
3164,458,14,"<p style=""color:rgb(150, 250, 100); font-size: 35px;"">自己</p>","self","moral","自己",4,534,534,"i","true",NA,NA,NA,NA,"phase_015_subj_27"
3165,458,14,"<p style=""color:white; font-size: 35px;"">高尚</p>","positive","moral","高尚",4,536,536,"i","true",NA,NA,NA,NA,"phase_015_subj_27"
3166,458,14,"<p style=""color:rgb(150, 250, 100); font-size: 35px;"">本人的</p>","self","moral","本人的",4,512,512,"i","true",NA,NA,NA,NA,"phase_015_subj_27"
3167,458,14,"<p style=""color:white; font-size: 35px;"">黑心</p>","negative","moral","黑心",4,544,544,"e","true",NA,NA,NA,NA,"phase_015_subj_27"
3168,458,14,"<p style=""color:rgb(150, 250, 100); font-size: 35px;"">他人</p>","other","moral","他人",4,496,496,"e","true",NA,NA,NA,NA,"phase_015_subj_27"
3169,458,14,"<p style=""color:white; font-size: 35px;"">正直</p>","positive","moral","正直",4,603,603,"i","true",NA,NA,NA,NA,"phase_015_subj_27"
3170,458,14,"<p style=""color:rgb(150, 250, 100); font-size: 35px;"">他的</p>","other","moral","他的",4,666,666,"e","true",NA,NA,NA,NA,"phase_015_subj_27"
3171,458,14,"<p style=""color:white; font-size: 35px;"">不孝</p>","negative","moral","不孝",4,611,611,"e","true",NA,NA,NA,NA,"phase_015_subj_27"
3172,458,14,"<p style=""color:rgb(150, 250, 100); font-size: 35px;"">本人的</p>","self","moral","本人的",4,785,785,"i","true",NA,NA,NA,NA,"phase_015_subj_27"
3173,458,14,"<p style=""color:white; font-size: 35px;"">高尚</p>","positive","moral","高尚",4,939,939,"i","true",NA,NA,NA,NA,"phase_015_subj_27"
3174,458,14,"<p style=""color:rgb(150, 250, 100); font-size: 35px;"">他的</p>","other","moral","他的",4,498,498,"e","true",NA,NA,NA,NA,"phase_015_subj_27"
3175,458,14,"<p style=""color:white; font-size: 35px;"">君子</p>","positive","moral","君子",4,594,594,"i","true",NA,NA,NA,NA,"phase_015_subj_27"
3176,458,14,"<p style=""color:rgb(150, 250, 100); font-size: 35px;"">本人</p>","self","moral","本人",4,655,655,"i","true",NA,NA,NA,NA,"phase_015_subj_27"
3177,458,14,"<p style=""color:white; font-size: 35px;"">黑心</p>","negative","moral","黑心",4,747,747,"e","true",NA,NA,NA,NA,"phase_015_subj_27"
3178,458,14,"<p style=""color:rgb(150, 250, 100); font-size: 35px;"">我的</p>","self","moral","我的",4,700,700,"i","true",NA,NA,NA,NA,"phase_015_subj_27"
3179,458,14,"<p style=""color:white; font-size: 35px;"">小人</p>","negative","moral","小人",4,764,764,"e","true",NA,NA,NA,NA,"phase_015_subj_27"
3180,458,14,"<p style=""color:rgb(150, 250, 100); font-size: 35px;"">他人的</p>","other","moral","他人的",4,613,613,"e","true",NA,NA,NA,NA,"phase_015_subj_27"
3181,458,14,"<p style=""color:white; font-size: 35px;"">诚信</p>","positive","moral","诚信",4,529,529,"i","true",NA,NA,NA,NA,"phase_015_subj_27"
3182,458,14,"<p style=""color:rgb(150, 250, 100); font-size: 35px;"">自己</p>","self","moral","自己",4,550,550,"i","true",NA,NA,NA,NA,"phase_015_subj_27"
3183,458,14,"<p style=""color:white; font-size: 35px;"">不仁</p>","negative","moral","不仁",4,554,554,"e","true",NA,NA,NA,NA,"phase_015_subj_27"
3184,458,14,"<p style=""color:rgb(150, 250, 100); font-size: 35px;"">他</p>","other","moral","他",4,687,687,"e","true",NA,NA,NA,NA,"phase_015_subj_27"
3185,458,14,"<p style=""color:white; font-size: 35px;"">诚信</p>","positive","moral","诚信",4,554,554,"i","true",NA,NA,NA,NA,"phase_015_subj_27"
3186,458,15,"<p style=""color:rgb(150, 250, 100); font-size: 35px;"">别人的</p>","other","moral","别人的",5,597,597,"i","true",NA,NA,NA,NA,"phase_015_subj_27"
3187,458,15,"<p style=""color:rgb(150, 250, 100); font-size: 35px;"">本人的</p>","self","moral","本人的",5,518,518,"e","true",NA,NA,NA,NA,"phase_015_subj_27"
3188,458,15,"<p style=""color:rgb(150, 250, 100); font-size: 35px;"">别人</p>","other","moral","别人",5,556,556,"i","true",NA,NA,NA,NA,"phase_015_subj_27"
3189,458,15,"<p style=""color:rgb(150, 250, 100); font-size: 35px;"">他人</p>","other","moral","他人",5,546,546,"i","true",NA,NA,NA,NA,"phase_015_subj_27"
3190,458,15,"<p style=""color:rgb(150, 250, 100); font-size: 35px;"">他人的</p>","other","moral","他人的",5,427,427,"i","true",NA,NA,NA,NA,"phase_015_subj_27"
3191,458,15,"<p style=""color:rgb(150, 250, 100); font-size: 35px;"">他</p>","other","moral","他",5,426,426,"i","true",NA,NA,NA,NA,"phase_015_subj_27"
3192,458,15,"<p style=""color:rgb(150, 250, 100); font-size: 35px;"">他的</p>","other","moral","他的",5,384,384,"i","true",NA,NA,NA,NA,"phase_015_subj_27"
3193,458,15,"<p style=""color:rgb(150, 250, 100); font-size: 35px;"">自己</p>","self","moral","自己",5,495,495,"e","true",NA,NA,NA,NA,"phase_015_subj_27"
3194,458,15,"<p style=""color:rgb(150, 250, 100); font-size: 35px;"">他的</p>","other","moral","他的",5,508,508,"i","true",NA,NA,NA,NA,"phase_015_subj_27"
3195,458,15,"<p style=""color:rgb(150, 250, 100); font-size: 35px;"">我</p>","self","moral","我",5,455,455,"e","true",NA,NA,NA,NA,"phase_015_subj_27"
3196,458,15,"<p style=""color:rgb(150, 250, 100); font-size: 35px;"">自己</p>","self","moral","自己",5,483,483,"e","true",NA,NA,NA,NA,"phase_015_subj_27"
3197,458,15,"<p style=""color:rgb(150, 250, 100); font-size: 35px;"">本人的</p>","self","moral","本人的",5,535,535,"e","true",NA,NA,NA,NA,"phase_015_subj_27"
3198,458,15,"<p style=""color:rgb(150, 250, 100); font-size: 35px;"">他人</p>","other","moral","他人",5,435,435,"i","true",NA,NA,NA,NA,"phase_015_subj_27"
3199,458,15,"<p style=""color:rgb(150, 250, 100); font-size: 35px;"">自己的</p>","self","moral","自己的",5,601,601,"e","true",NA,NA,NA,NA,"phase_015_subj_27"
3200,458,15,"<p style=""color:rgb(150, 250, 100); font-size: 35px;"">本人</p>","self","moral","本人",5,572,572,"e","true",NA,NA,NA,NA,"phase_015_subj_27"
3201,458,15,"<p style=""color:rgb(150, 250, 100); font-size: 35px;"">别人的</p>","other","moral","别人的",5,573,573,"i","true",NA,NA,NA,NA,"phase_015_subj_27"
3202,458,15,"<p style=""color:rgb(150, 250, 100); font-size: 35px;"">他人的</p>","other","moral","他人的",5,506,506,"i","true",NA,NA,NA,NA,"phase_015_subj_27"
3203,458,15,"<p style=""color:rgb(150, 250, 100); font-size: 35px;"">我的</p>","self","moral","我的",5,772,772,"e","true",NA,NA,NA,NA,"phase_015_subj_27"
3204,458,15,"<p style=""color:rgb(150, 250, 100); font-size: 35px;"">自己的</p>","self","moral","自己的",5,522,522,"e","true",NA,NA,NA,NA,"phase_015_subj_27"
3205,458,15,"<p style=""color:rgb(150, 250, 100); font-size: 35px;"">别人</p>","other","moral","别人",5,596,596,"i","true",NA,NA,NA,NA,"phase_015_subj_27"
3206,458,15,"<p style=""color:rgb(150, 250, 100); font-size: 35px;"">我</p>","self","moral","我",5,536,536,"e","true",NA,NA,NA,NA,"phase_015_subj_27"
3207,458,15,"<p style=""color:rgb(150, 250, 100); font-size: 35px;"">他</p>","other","moral","他",5,766,766,"i","true",NA,NA,NA,NA,"phase_015_subj_27"
3208,458,15,"<p style=""color:rgb(150, 250, 100); font-size: 35px;"">本人</p>","self","moral","本人",5,629,629,"e","true",NA,NA,NA,NA,"phase_015_subj_27"
3209,458,15,"<p style=""color:rgb(150, 250, 100); font-size: 35px;"">我的</p>","self","moral","我的",5,554,554,"e","true",NA,NA,NA,NA,"phase_015_subj_27"
3210,458,16,"<p style=""color:white; font-size: 35px;"">小人</p>","negative","moral","小人",6,608,1265.7,"i","false",NA,NA,NA,NA,"phase_015_subj_27"
3211,458,16,"<p style=""color:rgb(150, 250, 100); font-size: 35px;"">我的</p>","self","moral","我的",6,559,559,"e","true",NA,NA,NA,NA,"phase_015_subj_27"
3212,458,16,"<p style=""color:white; font-size: 35px;"">善良</p>","positive","moral","善良",6,580,580,"i","true",NA,NA,NA,NA,"phase_015_subj_27"
3213,458,16,"<p style=""color:rgb(150, 250, 100); font-size: 35px;"">他人</p>","other","moral","他人",6,510,1265.7,"e","false",NA,NA,NA,NA,"phase_015_subj_27"
3214,458,16,"<p style=""color:white; font-size: 35px;"">缺德</p>","negative","moral","缺德",6,600,1265.7,"i","false",NA,NA,NA,NA,"phase_015_subj_27"
3215,458,16,"<p style=""color:rgb(150, 250, 100); font-size: 35px;"">他人的</p>","other","moral","他人的",6,1355,1355,"i","true",NA,NA,NA,NA,"phase_015_subj_27"
3216,458,16,"<p style=""color:white; font-size: 35px;"">高尚</p>","positive","moral","高尚",6,1123,1123,"i","true",NA,NA,NA,NA,"phase_015_subj_27"
3217,458,16,"<p style=""color:rgb(150, 250, 100); font-size: 35px;"">我</p>","self","moral","我",6,666,666,"e","true",NA,NA,NA,NA,"phase_015_subj_27"
3218,458,16,"<p style=""color:white; font-size: 35px;"">君子</p>","positive","moral","君子",6,716,716,"i","true",NA,NA,NA,NA,"phase_015_subj_27"
3219,458,16,"<p style=""color:rgb(150, 250, 100); font-size: 35px;"">别人的</p>","other","moral","别人的",6,746,746,"i","true",NA,NA,NA,NA,"phase_015_subj_27"
3220,458,16,"<p style=""color:white; font-size: 35px;"">卑鄙</p>","negative","moral","卑鄙",6,632,632,"e","true",NA,NA,NA,NA,"phase_015_subj_27"
3221,458,16,"<p style=""color:rgb(150, 250, 100); font-size: 35px;"">本人</p>","self","moral","本人",6,654,654,"e","true",NA,NA,NA,NA,"phase_015_subj_27"
3222,458,16,"<p style=""color:white; font-size: 35px;"">不仁</p>","negative","moral","不仁",6,511,511,"e","true",NA,NA,NA,NA,"phase_015_subj_27"
3223,458,16,"<p style=""color:rgb(150, 250, 100); font-size: 35px;"">本人的</p>","self","moral","本人的",6,538,538,"e","true",NA,NA,NA,NA,"phase_015_subj_27"
3224,458,16,"<p style=""color:white; font-size: 35px;"">正直</p>","positive","moral","正直",6,672,672,"i","true",NA,NA,NA,NA,"phase_015_subj_27"
3225,458,16,"<p style=""color:rgb(150, 250, 100); font-size: 35px;"">别人</p>","other","moral","别人",6,571,571,"i","true",NA,NA,NA,NA,"phase_015_subj_27"
3226,458,16,"<p style=""color:white; font-size: 35px;"">诚信</p>","positive","moral","诚信",6,453,453,"i","true",NA,NA,NA,NA,"phase_015_subj_27"
3227,458,16,"<p style=""color:rgb(150, 250, 100); font-size: 35px;"">自己</p>","self","moral","自己",6,457,1265.7,"i","false",NA,NA,NA,NA,"phase_015_subj_27"
3228,458,16,"<p style=""color:white; font-size: 35px;"">不孝</p>","negative","moral","不孝",6,691,691,"e","true",NA,NA,NA,NA,"phase_015_subj_27"
3229,458,16,"<p style=""color:rgb(150, 250, 100); font-size: 35px;"">他</p>","other","moral","他",6,583,583,"i","true",NA,NA,NA,NA,"phase_015_subj_27"
3230,458,16,"<p style=""color:white; font-size: 35px;"">廉正</p>","positive","moral","廉正",6,626,626,"i","true",NA,NA,NA,NA,"phase_015_subj_27"
3231,458,16,"<p style=""color:rgb(150, 250, 100); font-size: 35px;"">自己的</p>","self","moral","自己的",6,288,288,"e","true",NA,NA,NA,NA,"phase_015_subj_27"
3232,458,16,"<p style=""color:white; font-size: 35px;"">黑心</p>","negative","moral","黑心",6,669,669,"e","true",NA,NA,NA,NA,"phase_015_subj_27"
3233,458,16,"<p style=""color:rgb(150, 250, 100); font-size: 35px;"">他的</p>","other","moral","他的",6,681,681,"i","true",NA,NA,NA,NA,"phase_015_subj_27"
3234,458,17,"<p style=""color:white; font-size: 35px;"">不孝</p>","negative","moral","不孝",7,820,820,"e","true",NA,NA,NA,NA,"phase_015_subj_27"
3235,458,17,"<p style=""color:rgb(150, 250, 100); font-size: 35px;"">自己的</p>","self","moral","自己的",7,528,528,"e","true",NA,NA,NA,NA,"phase_015_subj_27"
3236,458,17,"<p style=""color:white; font-size: 35px;"">君子</p>","positive","moral","君子",7,989,1204.85106382979,"e","false",NA,NA,NA,NA,"phase_015_subj_27"
3237,458,17,"<p style=""color:rgb(150, 250, 100); font-size: 35px;"">他的</p>","other","moral","他的",7,559,559,"i","true",NA,NA,NA,NA,"phase_015_subj_27"
3238,458,17,"<p style=""color:white; font-size: 35px;"">黑心</p>","negative","moral","黑心",7,546,546,"e","true",NA,NA,NA,NA,"phase_015_subj_27"
3239,458,17,"<p style=""color:rgb(150, 250, 100); font-size: 35px;"">本人的</p>","self","moral","本人的",7,681,681,"e","true",NA,NA,NA,NA,"phase_015_subj_27"
3240,458,17,"<p style=""color:white; font-size: 35px;"">廉正</p>","positive","moral","廉正",7,684,684,"i","true",NA,NA,NA,NA,"phase_015_subj_27"
3241,458,17,"<p style=""color:rgb(150, 250, 100); font-size: 35px;"">别人</p>","other","moral","别人",7,624,624,"i","true",NA,NA,NA,NA,"phase_015_subj_27"
3242,458,17,"<p style=""color:white; font-size: 35px;"">小人</p>","negative","moral","小人",7,604,604,"e","true",NA,NA,NA,NA,"phase_015_subj_27"
3243,458,17,"<p style=""color:rgb(150, 250, 100); font-size: 35px;"">他</p>","other","moral","他",7,516,516,"i","true",NA,NA,NA,NA,"phase_015_subj_27"
3244,458,17,"<p style=""color:white; font-size: 35px;"">诚信</p>","positive","moral","诚信",7,607,607,"i","true",NA,NA,NA,NA,"phase_015_subj_27"
3245,458,17,"<p style=""color:rgb(150, 250, 100); font-size: 35px;"">本人</p>","self","moral","本人",7,677,677,"e","true",NA,NA,NA,NA,"phase_015_subj_27"
3246,458,17,"<p style=""color:white; font-size: 35px;"">善良</p>","positive","moral","善良",7,908,908,"i","true",NA,NA,NA,NA,"phase_015_subj_27"
3247,458,17,"<p style=""color:rgb(150, 250, 100); font-size: 35px;"">别人的</p>","other","moral","别人的",7,566,566,"i","true",NA,NA,NA,NA,"phase_015_subj_27"
3248,458,17,"<p style=""color:white; font-size: 35px;"">卑鄙</p>","negative","moral","卑鄙",7,678,678,"e","true",NA,NA,NA,NA,"phase_015_subj_27"
3249,458,17,"<p style=""color:rgb(150, 250, 100); font-size: 35px;"">自己</p>","self","moral","自己",7,621,621,"e","true",NA,NA,NA,NA,"phase_015_subj_27"
3250,458,17,"<p style=""color:white; font-size: 35px;"">缺德</p>","negative","moral","缺德",7,535,535,"e","true",NA,NA,NA,NA,"phase_015_subj_27"
3251,458,17,"<p style=""color:rgb(150, 250, 100); font-size: 35px;"">别人的</p>","other","moral","别人的",7,754,754,"i","true",NA,NA,NA,NA,"phase_015_subj_27"
3252,458,17,"<p style=""color:white; font-size: 35px;"">高尚</p>","positive","moral","高尚",7,472,472,"i","true",NA,NA,NA,NA,"phase_015_subj_27"
3253,458,17,"<p style=""color:rgb(150, 250, 100); font-size: 35px;"">自己</p>","self","moral","自己",7,555,555,"e","true",NA,NA,NA,NA,"phase_015_subj_27"
3254,458,17,"<p style=""color:white; font-size: 35px;"">不仁</p>","negative","moral","不仁",7,432,432,"e","true",NA,NA,NA,NA,"phase_015_subj_27"
3255,458,17,"<p style=""color:rgb(150, 250, 100); font-size: 35px;"">自己的</p>","self","moral","自己的",7,564,564,"e","true",NA,NA,NA,NA,"phase_015_subj_27"
3256,458,17,"<p style=""color:white; font-size: 35px;"">君子</p>","positive","moral","君子",7,552,552,"i","true",NA,NA,NA,NA,"phase_015_subj_27"
3257,458,17,"<p style=""color:rgb(150, 250, 100); font-size: 35px;"">他人的</p>","other","moral","他人的",7,491,491,"i","true",NA,NA,NA,NA,"phase_015_subj_27"
3258,458,17,"<p style=""color:white; font-size: 35px;"">善良</p>","positive","moral","善良",7,529,529,"i","true",NA,NA,NA,NA,"phase_015_subj_27"
3259,458,17,"<p style=""color:rgb(150, 250, 100); font-size: 35px;"">他人</p>","other","moral","他人",7,528,528,"i","true",NA,NA,NA,NA,"phase_015_subj_27"
3260,458,17,"<p style=""color:white; font-size: 35px;"">卑鄙</p>","negative","moral","卑鄙",7,594,594,"e","true",NA,NA,NA,NA,"phase_015_subj_27"
3261,458,17,"<p style=""color:rgb(150, 250, 100); font-size: 35px;"">我</p>","self","moral","我",7,522,522,"e","true",NA,NA,NA,NA,"phase_015_subj_27"
3262,458,17,"<p style=""color:white; font-size: 35px;"">缺德</p>","negative","moral","缺德",7,546,546,"e","true",NA,NA,NA,NA,"phase_015_subj_27"
3263,458,17,"<p style=""color:rgb(150, 250, 100); font-size: 35px;"">我的</p>","self","moral","我的",7,476,476,"e","true",NA,NA,NA,NA,"phase_015_subj_27"
3264,458,17,"<p style=""color:white; font-size: 35px;"">高尚</p>","positive","moral","高尚",7,702,702,"i","true",NA,NA,NA,NA,"phase_015_subj_27"
3265,458,17,"<p style=""color:rgb(150, 250, 100); font-size: 35px;"">他</p>","other","moral","他",7,554,554,"i","true",NA,NA,NA,NA,"phase_015_subj_27"
3266,458,17,"<p style=""color:white; font-size: 35px;"">廉正</p>","positive","moral","廉正",7,498,498,"i","true",NA,NA,NA,NA,"phase_015_subj_27"
3267,458,17,"<p style=""color:rgb(150, 250, 100); font-size: 35px;"">他人的</p>","other","moral","他人的",7,445,445,"i","true",NA,NA,NA,NA,"phase_015_subj_27"
3268,458,17,"<p style=""color:white; font-size: 35px;"">小人</p>","negative","moral","小人",7,492,492,"e","true",NA,NA,NA,NA,"phase_015_subj_27"
3269,458,17,"<p style=""color:rgb(150, 250, 100); font-size: 35px;"">我</p>","self","moral","我",7,710,710,"e","true",NA,NA,NA,NA,"phase_015_subj_27"
3270,458,17,"<p style=""color:white; font-size: 35px;"">诚信</p>","positive","moral","诚信",7,561,561,"i","true",NA,NA,NA,NA,"phase_015_subj_27"
3271,458,17,"<p style=""color:rgb(150, 250, 100); font-size: 35px;"">我的</p>","self","moral","我的",7,659,659,"e","true",NA,NA,NA,NA,"phase_015_subj_27"
3272,458,17,"<p style=""color:white; font-size: 35px;"">不仁</p>","negative","moral","不仁",7,708,708,"e","true",NA,NA,NA,NA,"phase_015_subj_27"
3273,458,17,"<p style=""color:rgb(150, 250, 100); font-size: 35px;"">别人</p>","other","moral","别人",7,503,503,"i","true",NA,NA,NA,NA,"phase_015_subj_27"
3274,458,17,"<p style=""color:white; font-size: 35px;"">正直</p>","positive","moral","正直",7,454,454,"i","true",NA,NA,NA,NA,"phase_015_subj_27"
3275,458,17,"<p style=""color:rgb(150, 250, 100); font-size: 35px;"">他人</p>","other","moral","他人",7,555,555,"i","true",NA,NA,NA,NA,"phase_015_subj_27"
3276,458,17,"<p style=""color:white; font-size: 35px;"">黑心</p>","negative","moral","黑心",7,687,687,"e","true",NA,NA,NA,NA,"phase_015_subj_27"
3277,458,17,"<p style=""color:rgb(150, 250, 100); font-size: 35px;"">本人</p>","self","moral","本人",7,714,714,"e","true",NA,NA,NA,NA,"phase_015_subj_27"
3278,458,17,"<p style=""color:white; font-size: 35px;"">不孝</p>","negative","moral","不孝",7,644,644,"e","true",NA,NA,NA,NA,"phase_015_subj_27"
3279,458,17,"<p style=""color:rgb(150, 250, 100); font-size: 35px;"">本人的</p>","self","moral","本人的",7,568,568,"e","true",NA,NA,NA,NA,"phase_015_subj_27"
3280,458,17,"<p style=""color:white; font-size: 35px;"">正直</p>","positive","moral","正直",7,1107,1107,"i","true",NA,NA,NA,NA,"phase_015_subj_27"
3281,458,17,"<p style=""color:rgb(150, 250, 100); font-size: 35px;"">他的</p>","other","moral","他的",7,698,698,"i","true",NA,NA,NA,NA,"phase_015_subj_27"
3282,458,NA,"
    <h3>词语分类任务</h3>
    <p>在接下来的任务中，你需要对一系列词语进行分类。</p>
    <p>请先熟悉这些词语，这有利于你完成接下来的任务。</p>
    <table align=""center"" border=1 cellpadding=3 cellspacing=0>
    <tr> <th>类别</th> <th>词语</th> </tr>
    <tr> <td>&emsp;积极&emsp;</td> <td>&emsp;能干、全能、全才、高效、精干、天才&emsp;</td> </tr>
    <tr> <td>&emsp;消极&emsp;</td> <td>&emsp;无能、低能、废物、拙笨、愚钝、蠢笨&emsp;</td> </tr>
    <tr> <td>&emsp;自我&emsp;</td> <td>&emsp;我、我的、自己、自己的、本人、本人的&emsp;</td> </tr>
    <tr> <td>&emsp;他人&emsp;</td> <td>&emsp;他、他的、别人、别人的、他人、他人的&emsp;</td> </tr>
    </table><br/>","","","",NA,10896,NA,"0","",1,2,NA,NA,"phase_015_subj_27"
3283,458,1,"<p style=""color:rgb(150, 250, 100); font-size: 35px;"">自己的</p>","self","ability","自己的",1,473,473,"i","true",NA,NA,NA,NA,"phase_015_subj_27"
3284,458,1,"<p style=""color:rgb(150, 250, 100); font-size: 35px;"">他</p>","other","ability","他",1,514,514,"e","true",NA,NA,NA,NA,"phase_015_subj_27"
3285,458,1,"<p style=""color:rgb(150, 250, 100); font-size: 35px;"">别人的</p>","other","ability","别人的",1,526,526,"e","true",NA,NA,NA,NA,"phase_015_subj_27"
3286,458,1,"<p style=""color:rgb(150, 250, 100); font-size: 35px;"">自己</p>","self","ability","自己",1,481,481,"i","true",NA,NA,NA,NA,"phase_015_subj_27"
3287,458,1,"<p style=""color:rgb(150, 250, 100); font-size: 35px;"">他人的</p>","other","ability","他人的",1,538,538,"e","true",NA,NA,NA,NA,"phase_015_subj_27"
3288,458,1,"<p style=""color:rgb(150, 250, 100); font-size: 35px;"">他的</p>","other","ability","他的",1,439,439,"e","true",NA,NA,NA,NA,"phase_015_subj_27"
3289,458,1,"<p style=""color:rgb(150, 250, 100); font-size: 35px;"">我</p>","self","ability","我",1,536,536,"i","true",NA,NA,NA,NA,"phase_015_subj_27"
3290,458,1,"<p style=""color:rgb(150, 250, 100); font-size: 35px;"">我的</p>","self","ability","我的",1,406,406,"i","true",NA,NA,NA,NA,"phase_015_subj_27"
3291,458,1,"<p style=""color:rgb(150, 250, 100); font-size: 35px;"">本人的</p>","self","ability","本人的",1,633,633,"i","true",NA,NA,NA,NA,"phase_015_subj_27"
3292,458,1,"<p style=""color:rgb(150, 250, 100); font-size: 35px;"">别人</p>","other","ability","别人",1,611,611,"e","true",NA,NA,NA,NA,"phase_015_subj_27"
3293,458,1,"<p style=""color:rgb(150, 250, 100); font-size: 35px;"">他人</p>","other","ability","他人",1,420,420,"i","false",NA,NA,NA,NA,"phase_015_subj_27"
3294,458,1,"<p style=""color:rgb(150, 250, 100); font-size: 35px;"">本人</p>","self","ability","本人",1,509,509,"i","true",NA,NA,NA,NA,"phase_015_subj_27"
3295,458,2,"<p style=""color:white; font-size: 35px;"">全才</p>","positive","ability","全才",2,503,503,"e","true",NA,NA,NA,NA,"phase_015_subj_27"
3296,458,2,"<p style=""color:white; font-size: 35px;"">拙笨</p>","negative","ability","拙笨",2,684,684,"i","true",NA,NA,NA,NA,"phase_015_subj_27"
3297,458,2,"<p style=""color:white; font-size: 35px;"">天才</p>","positive","ability","天才",2,456,456,"e","true",NA,NA,NA,NA,"phase_015_subj_27"
3298,458,2,"<p style=""color:white; font-size: 35px;"">高效</p>","positive","ability","高效",2,466,466,"e","true",NA,NA,NA,NA,"phase_015_subj_27"
3299,458,2,"<p style=""color:white; font-size: 35px;"">能干</p>","positive","ability","能干",2,462,462,"e","true",NA,NA,NA,NA,"phase_015_subj_27"
3300,458,2,"<p style=""color:white; font-size: 35px;"">蠢笨</p>","negative","ability","蠢笨",2,537,537,"i","true",NA,NA,NA,NA,"phase_015_subj_27"
3301,458,2,"<p style=""color:white; font-size: 35px;"">精干</p>","positive","ability","精干",2,518,518,"e","true",NA,NA,NA,NA,"phase_015_subj_27"
3302,458,2,"<p style=""color:white; font-size: 35px;"">全能</p>","positive","ability","全能",2,516,516,"e","true",NA,NA,NA,NA,"phase_015_subj_27"
3303,458,2,"<p style=""color:white; font-size: 35px;"">低能</p>","negative","ability","低能",2,527,527,"i","true",NA,NA,NA,NA,"phase_015_subj_27"
3304,458,2,"<p style=""color:white; font-size: 35px;"">废物</p>","negative","ability","废物",2,456,456,"i","true",NA,NA,NA,NA,"phase_015_subj_27"
3305,458,2,"<p style=""color:white; font-size: 35px;"">无能</p>","negative","ability","无能",2,586,586,"i","true",NA,NA,NA,NA,"phase_015_subj_27"
3306,458,2,"<p style=""color:white; font-size: 35px;"">愚钝</p>","negative","ability","愚钝",2,466,466,"i","true",NA,NA,NA,NA,"phase_015_subj_27"
3307,458,3,"<p style=""color:rgb(150, 250, 100); font-size: 35px;"">别人</p>","other","ability","别人",3,548,548,"e","true",NA,NA,NA,NA,"phase_015_subj_27"
3308,458,3,"<p style=""color:white; font-size: 35px;"">蠢笨</p>","negative","ability","蠢笨",3,543,543,"i","true",NA,NA,NA,NA,"phase_015_subj_27"
3309,458,3,"<p style=""color:rgb(150, 250, 100); font-size: 35px;"">我的</p>","self","ability","我的",3,471,471,"i","true",NA,NA,NA,NA,"phase_015_subj_27"
3310,458,3,"<p style=""color:white; font-size: 35px;"">精干</p>","positive","ability","精干",3,537,537,"e","true",NA,NA,NA,NA,"phase_015_subj_27"
3311,458,3,"<p style=""color:rgb(150, 250, 100); font-size: 35px;"">本人</p>","self","ability","本人",3,513,513,"i","true",NA,NA,NA,NA,"phase_015_subj_27"
3312,458,3,"<p style=""color:white; font-size: 35px;"">全才</p>","positive","ability","全才",3,655,655,"e","true",NA,NA,NA,NA,"phase_015_subj_27"
3313,458,3,"<p style=""color:rgb(150, 250, 100); font-size: 35px;"">他的</p>","other","ability","他的",3,668,668,"e","true",NA,NA,NA,NA,"phase_015_subj_27"
3314,458,3,"<p style=""color:white; font-size: 35px;"">愚钝</p>","negative","ability","愚钝",3,723,723,"i","true",NA,NA,NA,NA,"phase_015_subj_27"
3315,458,3,"<p style=""color:rgb(150, 250, 100); font-size: 35px;"">别人的</p>","other","ability","别人的",3,880,880,"e","true",NA,NA,NA,NA,"phase_015_subj_27"
3316,458,3,"<p style=""color:white; font-size: 35px;"">拙笨</p>","negative","ability","拙笨",3,709,709,"i","true",NA,NA,NA,NA,"phase_015_subj_27"
3317,458,3,"<p style=""color:rgb(150, 250, 100); font-size: 35px;"">自己的</p>","self","ability","自己的",3,550,550,"i","true",NA,NA,NA,NA,"phase_015_subj_27"
3318,458,3,"<p style=""color:white; font-size: 35px;"">能干</p>","positive","ability","能干",3,534,534,"e","true",NA,NA,NA,NA,"phase_015_subj_27"
3319,458,3,"<p style=""color:rgb(150, 250, 100); font-size: 35px;"">他</p>","other","ability","他",3,814,814,"e","true",NA,NA,NA,NA,"phase_015_subj_27"
3320,458,3,"<p style=""color:white; font-size: 35px;"">无能</p>","negative","ability","无能",3,588,588,"i","true",NA,NA,NA,NA,"phase_015_subj_27"
3321,458,3,"<p style=""color:rgb(150, 250, 100); font-size: 35px;"">自己</p>","self","ability","自己",3,541,541,"i","true",NA,NA,NA,NA,"phase_015_subj_27"
3322,458,3,"<p style=""color:white; font-size: 35px;"">全能</p>","positive","ability","全能",3,678,678,"e","true",NA,NA,NA,NA,"phase_015_subj_27"
3323,458,3,"<p style=""color:rgb(150, 250, 100); font-size: 35px;"">他人</p>","other","ability","他人",3,763,763,"e","true",NA,NA,NA,NA,"phase_015_subj_27"
3324,458,3,"<p style=""color:white; font-size: 35px;"">天才</p>","positive","ability","天才",3,588,588,"e","true",NA,NA,NA,NA,"phase_015_subj_27"
3325,458,3,"<p style=""color:rgb(150, 250, 100); font-size: 35px;"">本人的</p>","self","ability","本人的",3,939,939,"i","true",NA,NA,NA,NA,"phase_015_subj_27"
3326,458,3,"<p style=""color:white; font-size: 35px;"">废物</p>","negative","ability","废物",3,441,441,"i","true",NA,NA,NA,NA,"phase_015_subj_27"
3327,458,3,"<p style=""color:rgb(150, 250, 100); font-size: 35px;"">我</p>","self","ability","我",3,605,605,"i","true",NA,NA,NA,NA,"phase_015_subj_27"
3328,458,3,"<p style=""color:white; font-size: 35px;"">低能</p>","negative","ability","低能",3,413,413,"i","true",NA,NA,NA,NA,"phase_015_subj_27"
3329,458,3,"<p style=""color:rgb(150, 250, 100); font-size: 35px;"">他人的</p>","other","ability","他人的",3,524,524,"e","true",NA,NA,NA,NA,"phase_015_subj_27"
3330,458,3,"<p style=""color:white; font-size: 35px;"">高效</p>","positive","ability","高效",3,528,528,"e","true",NA,NA,NA,NA,"phase_015_subj_27"
3331,458,4,"<p style=""color:rgb(150, 250, 100); font-size: 35px;"">别人的</p>","other","ability","别人的",4,686,686,"e","true",NA,NA,NA,NA,"phase_015_subj_27"
3332,458,4,"<p style=""color:white; font-size: 35px;"">高效</p>","positive","ability","高效",4,676,676,"e","true",NA,NA,NA,NA,"phase_015_subj_27"
3333,458,4,"<p style=""color:rgb(150, 250, 100); font-size: 35px;"">自己</p>","self","ability","自己",4,575,575,"i","true",NA,NA,NA,NA,"phase_015_subj_27"
3334,458,4,"<p style=""color:white; font-size: 35px;"">低能</p>","negative","ability","低能",4,933,933,"i","true",NA,NA,NA,NA,"phase_015_subj_27"
3335,458,4,"<p style=""color:rgb(150, 250, 100); font-size: 35px;"">他的</p>","other","ability","他的",4,666,666,"e","true",NA,NA,NA,NA,"phase_015_subj_27"
3336,458,4,"<p style=""color:white; font-size: 35px;"">全能</p>","positive","ability","全能",4,495,495,"e","true",NA,NA,NA,NA,"phase_015_subj_27"
3337,458,4,"<p style=""color:rgb(150, 250, 100); font-size: 35px;"">自己的</p>","self","ability","自己的",4,472,1208.91304347826,"e","false",NA,NA,NA,NA,"phase_015_subj_27"
3338,458,4,"<p style=""color:white; font-size: 35px;"">无能</p>","negative","ability","无能",4,543,543,"i","true",NA,NA,NA,NA,"phase_015_subj_27"
3339,458,4,"<p style=""color:rgb(150, 250, 100); font-size: 35px;"">他的</p>","other","ability","他的",4,544,544,"e","true",NA,NA,NA,NA,"phase_015_subj_27"
3340,458,4,"<p style=""color:white; font-size: 35px;"">天才</p>","positive","ability","天才",4,567,567,"e","true",NA,NA,NA,NA,"phase_015_subj_27"
3341,458,4,"<p style=""color:rgb(150, 250, 100); font-size: 35px;"">我</p>","self","ability","我",4,556,556,"i","true",NA,NA,NA,NA,"phase_015_subj_27"
3342,458,4,"<p style=""color:white; font-size: 35px;"">蠢笨</p>","negative","ability","蠢笨",4,492,492,"i","true",NA,NA,NA,NA,"phase_015_subj_27"
3343,458,4,"<p style=""color:rgb(150, 250, 100); font-size: 35px;"">他人</p>","other","ability","他人",4,740,1208.91304347826,"i","false",NA,NA,NA,NA,"phase_015_subj_27"
3344,458,4,"<p style=""color:white; font-size: 35px;"">低能</p>","negative","ability","低能",4,1178,1178,"i","true",NA,NA,NA,NA,"phase_015_subj_27"
3345,458,4,"<p style=""color:rgb(150, 250, 100); font-size: 35px;"">本人</p>","self","ability","本人",4,553,553,"i","true",NA,NA,NA,NA,"phase_015_subj_27"
3346,458,4,"<p style=""color:white; font-size: 35px;"">精干</p>","positive","ability","精干",4,669,669,"e","true",NA,NA,NA,NA,"phase_015_subj_27"
3347,458,4,"<p style=""color:rgb(150, 250, 100); font-size: 35px;"">别人</p>","other","ability","别人",4,634,634,"e","true",NA,NA,NA,NA,"phase_015_subj_27"
3348,458,4,"<p style=""color:white; font-size: 35px;"">全才</p>","positive","ability","全才",4,536,536,"e","true",NA,NA,NA,NA,"phase_015_subj_27"
3349,458,4,"<p style=""color:rgb(150, 250, 100); font-size: 35px;"">本人的</p>","self","ability","本人的",4,1423,1423,"i","true",NA,NA,NA,NA,"phase_015_subj_27"
3350,458,4,"<p style=""color:white; font-size: 35px;"">无能</p>","negative","ability","无能",4,478,478,"i","true",NA,NA,NA,NA,"phase_015_subj_27"
3351,458,4,"<p style=""color:rgb(150, 250, 100); font-size: 35px;"">自己的</p>","self","ability","自己的",4,640,640,"i","true",NA,NA,NA,NA,"phase_015_subj_27"
3352,458,4,"<p style=""color:white; font-size: 35px;"">蠢笨</p>","negative","ability","蠢笨",4,465,465,"i","true",NA,NA,NA,NA,"phase_015_subj_27"
3353,458,4,"<p style=""color:rgb(150, 250, 100); font-size: 35px;"">他人的</p>","other","ability","他人的",4,557,557,"e","true",NA,NA,NA,NA,"phase_015_subj_27"
3354,458,4,"<p style=""color:white; font-size: 35px;"">精干</p>","positive","ability","精干",4,503,503,"e","true",NA,NA,NA,NA,"phase_015_subj_27"
3355,458,4,"<p style=""color:rgb(150, 250, 100); font-size: 35px;"">本人</p>","self","ability","本人",4,572,572,"i","true",NA,NA,NA,NA,"phase_015_subj_27"
3356,458,4,"<p style=""color:white; font-size: 35px;"">天才</p>","positive","ability","天才",4,642,642,"e","true",NA,NA,NA,NA,"phase_015_subj_27"
3357,458,4,"<p style=""color:rgb(150, 250, 100); font-size: 35px;"">他</p>","other","ability","他",4,583,583,"e","true",NA,NA,NA,NA,"phase_015_subj_27"
3358,458,4,"<p style=""color:white; font-size: 35px;"">愚钝</p>","negative","ability","愚钝",4,524,524,"i","true",NA,NA,NA,NA,"phase_015_subj_27"
3359,458,4,"<p style=""color:rgb(150, 250, 100); font-size: 35px;"">他人</p>","other","ability","他人",4,509,509,"e","true",NA,NA,NA,NA,"phase_015_subj_27"
3360,458,4,"<p style=""color:white; font-size: 35px;"">全才</p>","positive","ability","全才",4,444,444,"e","true",NA,NA,NA,NA,"phase_015_subj_27"
3361,458,4,"<p style=""color:rgb(150, 250, 100); font-size: 35px;"">我</p>","self","ability","我",4,474,474,"i","true",NA,NA,NA,NA,"phase_015_subj_27"
3362,458,4,"<p style=""color:white; font-size: 35px;"">拙笨</p>","negative","ability","拙笨",4,550,550,"i","true",NA,NA,NA,NA,"phase_015_subj_27"
3363,458,4,"<p style=""color:rgb(150, 250, 100); font-size: 35px;"">他人的</p>","other","ability","他人的",4,526,526,"e","true",NA,NA,NA,NA,"phase_015_subj_27"
3364,458,4,"<p style=""color:white; font-size: 35px;"">废物</p>","negative","ability","废物",4,539,539,"i","true",NA,NA,NA,NA,"phase_015_subj_27"
3365,458,4,"<p style=""color:rgb(150, 250, 100); font-size: 35px;"">我的</p>","self","ability","我的",4,561,561,"i","true",NA,NA,NA,NA,"phase_015_subj_27"
3366,458,4,"<p style=""color:white; font-size: 35px;"">能干</p>","positive","ability","能干",4,701,701,"e","true",NA,NA,NA,NA,"phase_015_subj_27"
3367,458,4,"<p style=""color:rgb(150, 250, 100); font-size: 35px;"">别人的</p>","other","ability","别人的",4,684,684,"e","true",NA,NA,NA,NA,"phase_015_subj_27"
3368,458,4,"<p style=""color:white; font-size: 35px;"">愚钝</p>","negative","ability","愚钝",4,583,583,"i","true",NA,NA,NA,NA,"phase_015_subj_27"
3369,458,4,"<p style=""color:rgb(150, 250, 100); font-size: 35px;"">本人的</p>","self","ability","本人的",4,497,497,"i","true",NA,NA,NA,NA,"phase_015_subj_27"
3370,458,4,"<p style=""color:white; font-size: 35px;"">能干</p>","positive","ability","能干",4,670,670,"e","true",NA,NA,NA,NA,"phase_015_subj_27"
3371,458,4,"<p style=""color:rgb(150, 250, 100); font-size: 35px;"">别人</p>","other","ability","别人",4,596,596,"e","true",NA,NA,NA,NA,"phase_015_subj_27"
3372,458,4,"<p style=""color:white; font-size: 35px;"">拙笨</p>","negative","ability","拙笨",4,511,511,"i","true",NA,NA,NA,NA,"phase_015_subj_27"
3373,458,4,"<p style=""color:rgb(150, 250, 100); font-size: 35px;"">自己</p>","self","ability","自己",4,525,525,"i","true",NA,NA,NA,NA,"phase_015_subj_27"
3374,458,4,"<p style=""color:white; font-size: 35px;"">全能</p>","positive","ability","全能",4,585,585,"e","true",NA,NA,NA,NA,"phase_015_subj_27"
3375,458,4,"<p style=""color:rgb(150, 250, 100); font-size: 35px;"">我的</p>","self","ability","我的",4,640,640,"i","true",NA,NA,NA,NA,"phase_015_subj_27"
3376,458,4,"<p style=""color:white; font-size: 35px;"">废物</p>","negative","ability","废物",4,639,639,"i","true",NA,NA,NA,NA,"phase_015_subj_27"
3377,458,4,"<p style=""color:rgb(150, 250, 100); font-size: 35px;"">他</p>","other","ability","他",4,573,573,"e","true",NA,NA,NA,NA,"phase_015_subj_27"
3378,458,4,"<p style=""color:white; font-size: 35px;"">高效</p>","positive","ability","高效",4,513,513,"e","true",NA,NA,NA,NA,"phase_015_subj_27"
3379,458,5,"<p style=""color:rgb(150, 250, 100); font-size: 35px;"">他人的</p>","other","ability","他人的",5,914,914,"i","true",NA,NA,NA,NA,"phase_015_subj_27"
3380,458,5,"<p style=""color:rgb(150, 250, 100); font-size: 35px;"">别人的</p>","other","ability","别人的",5,539,539,"e","false",NA,NA,NA,NA,"phase_015_subj_27"
3381,458,5,"<p style=""color:rgb(150, 250, 100); font-size: 35px;"">我的</p>","self","ability","我的",5,562,562,"e","true",NA,NA,NA,NA,"phase_015_subj_27"
3382,458,5,"<p style=""color:rgb(150, 250, 100); font-size: 35px;"">自己的</p>","self","ability","自己的",5,459,459,"e","true",NA,NA,NA,NA,"phase_015_subj_27"
3383,458,5,"<p style=""color:rgb(150, 250, 100); font-size: 35px;"">我</p>","self","ability","我",5,435,435,"e","true",NA,NA,NA,NA,"phase_015_subj_27"
3384,458,5,"<p style=""color:rgb(150, 250, 100); font-size: 35px;"">别人</p>","other","ability","别人",5,584,584,"i","true",NA,NA,NA,NA,"phase_015_subj_27"
3385,458,5,"<p style=""color:rgb(150, 250, 100); font-size: 35px;"">他人的</p>","other","ability","他人的",5,501,501,"i","true",NA,NA,NA,NA,"phase_015_subj_27"
3386,458,5,"<p style=""color:rgb(150, 250, 100); font-size: 35px;"">自己</p>","self","ability","自己",5,506,506,"e","true",NA,NA,NA,NA,"phase_015_subj_27"
3387,458,5,"<p style=""color:rgb(150, 250, 100); font-size: 35px;"">他</p>","other","ability","他",5,513,513,"i","true",NA,NA,NA,NA,"phase_015_subj_27"
3388,458,5,"<p style=""color:rgb(150, 250, 100); font-size: 35px;"">本人的</p>","self","ability","本人的",5,542,542,"e","true",NA,NA,NA,NA,"phase_015_subj_27"
3389,458,5,"<p style=""color:rgb(150, 250, 100); font-size: 35px;"">他人</p>","other","ability","他人",5,549,549,"i","true",NA,NA,NA,NA,"phase_015_subj_27"
3390,458,5,"<p style=""color:rgb(150, 250, 100); font-size: 35px;"">自己</p>","self","ability","自己",5,499,499,"e","true",NA,NA,NA,NA,"phase_015_subj_27"
3391,458,5,"<p style=""color:rgb(150, 250, 100); font-size: 35px;"">本人</p>","self","ability","本人",5,613,613,"e","true",NA,NA,NA,NA,"phase_015_subj_27"
3392,458,5,"<p style=""color:rgb(150, 250, 100); font-size: 35px;"">他的</p>","other","ability","他的",5,582,582,"i","true",NA,NA,NA,NA,"phase_015_subj_27"
3393,458,5,"<p style=""color:rgb(150, 250, 100); font-size: 35px;"">本人</p>","self","ability","本人",5,550,550,"e","true",NA,NA,NA,NA,"phase_015_subj_27"
3394,458,5,"<p style=""color:rgb(150, 250, 100); font-size: 35px;"">别人的</p>","other","ability","别人的",5,783,783,"i","true",NA,NA,NA,NA,"phase_015_subj_27"
3395,458,5,"<p style=""color:rgb(150, 250, 100); font-size: 35px;"">他人</p>","other","ability","他人",5,490,490,"i","true",NA,NA,NA,NA,"phase_015_subj_27"
3396,458,5,"<p style=""color:rgb(150, 250, 100); font-size: 35px;"">自己的</p>","self","ability","自己的",5,512,512,"e","true",NA,NA,NA,NA,"phase_015_subj_27"
3397,458,5,"<p style=""color:rgb(150, 250, 100); font-size: 35px;"">我</p>","self","ability","我",5,493,493,"e","true",NA,NA,NA,NA,"phase_015_subj_27"
3398,458,5,"<p style=""color:rgb(150, 250, 100); font-size: 35px;"">本人的</p>","self","ability","本人的",5,467,467,"e","true",NA,NA,NA,NA,"phase_015_subj_27"
3399,458,5,"<p style=""color:rgb(150, 250, 100); font-size: 35px;"">我的</p>","self","ability","我的",5,382,382,"e","true",NA,NA,NA,NA,"phase_015_subj_27"
3400,458,5,"<p style=""color:rgb(150, 250, 100); font-size: 35px;"">他</p>","other","ability","他",5,388,388,"e","false",NA,NA,NA,NA,"phase_015_subj_27"
3401,458,5,"<p style=""color:rgb(150, 250, 100); font-size: 35px;"">别人</p>","other","ability","别人",5,510,510,"i","true",NA,NA,NA,NA,"phase_015_subj_27"
3402,458,5,"<p style=""color:rgb(150, 250, 100); font-size: 35px;"">他的</p>","other","ability","他的",5,430,430,"i","true",NA,NA,NA,NA,"phase_015_subj_27"
3403,458,6,"<p style=""color:white; font-size: 35px;"">精干</p>","positive","ability","精干",6,592,592,"e","true",NA,NA,NA,NA,"phase_015_subj_27"
3404,458,6,"<p style=""color:rgb(150, 250, 100); font-size: 35px;"">自己</p>","self","ability","自己",6,479,479,"e","true",NA,NA,NA,NA,"phase_015_subj_27"
3405,458,6,"<p style=""color:white; font-size: 35px;"">拙笨</p>","negative","ability","拙笨",6,533,533,"i","true",NA,NA,NA,NA,"phase_015_subj_27"
3406,458,6,"<p style=""color:rgb(150, 250, 100); font-size: 35px;"">他人</p>","other","ability","他人",6,502,502,"i","true",NA,NA,NA,NA,"phase_015_subj_27"
3407,458,6,"<p style=""color:white; font-size: 35px;"">全才</p>","positive","ability","全才",6,587,587,"e","true",NA,NA,NA,NA,"phase_015_subj_27"
3408,458,6,"<p style=""color:rgb(150, 250, 100); font-size: 35px;"">他的</p>","other","ability","他的",6,566,566,"i","true",NA,NA,NA,NA,"phase_015_subj_27"
3409,458,6,"<p style=""color:white; font-size: 35px;"">无能</p>","negative","ability","无能",6,457,457,"i","true",NA,NA,NA,NA,"phase_015_subj_27"
3410,458,6,"<p style=""color:rgb(150, 250, 100); font-size: 35px;"">我的</p>","self","ability","我的",6,625,625,"e","true",NA,NA,NA,NA,"phase_015_subj_27"
3411,458,6,"<p style=""color:white; font-size: 35px;"">蠢笨</p>","negative","ability","蠢笨",6,637,637,"i","true",NA,NA,NA,NA,"phase_015_subj_27"
3412,458,6,"<p style=""color:rgb(150, 250, 100); font-size: 35px;"">他</p>","other","ability","他",6,483,483,"i","true",NA,NA,NA,NA,"phase_015_subj_27"
3413,458,6,"<p style=""color:white; font-size: 35px;"">高效</p>","positive","ability","高效",6,508,508,"e","true",NA,NA,NA,NA,"phase_015_subj_27"
3414,458,6,"<p style=""color:rgb(150, 250, 100); font-size: 35px;"">本人</p>","self","ability","本人",6,525,525,"e","true",NA,NA,NA,NA,"phase_015_subj_27"
3415,458,6,"<p style=""color:white; font-size: 35px;"">低能</p>","negative","ability","低能",6,570,570,"i","true",NA,NA,NA,NA,"phase_015_subj_27"
3416,458,6,"<p style=""color:rgb(150, 250, 100); font-size: 35px;"">本人的</p>","self","ability","本人的",6,553,553,"e","true",NA,NA,NA,NA,"phase_015_subj_27"
3417,458,6,"<p style=""color:white; font-size: 35px;"">天才</p>","positive","ability","天才",6,507,507,"e","true",NA,NA,NA,NA,"phase_015_subj_27"
3418,458,6,"<p style=""color:rgb(150, 250, 100); font-size: 35px;"">别人的</p>","other","ability","别人的",6,615,615,"i","true",NA,NA,NA,NA,"phase_015_subj_27"
3419,458,6,"<p style=""color:white; font-size: 35px;"">全能</p>","positive","ability","全能",6,881,881,"e","true",NA,NA,NA,NA,"phase_015_subj_27"
3420,458,6,"<p style=""color:rgb(150, 250, 100); font-size: 35px;"">我</p>","self","ability","我",6,507,507,"e","true",NA,NA,NA,NA,"phase_015_subj_27"
3421,458,6,"<p style=""color:white; font-size: 35px;"">愚钝</p>","negative","ability","愚钝",6,513,513,"i","true",NA,NA,NA,NA,"phase_015_subj_27"
3422,458,6,"<p style=""color:rgb(150, 250, 100); font-size: 35px;"">别人</p>","other","ability","别人",6,648,648,"i","true",NA,NA,NA,NA,"phase_015_subj_27"
3423,458,6,"<p style=""color:white; font-size: 35px;"">能干</p>","positive","ability","能干",6,562,562,"e","true",NA,NA,NA,NA,"phase_015_subj_27"
3424,458,6,"<p style=""color:rgb(150, 250, 100); font-size: 35px;"">他人的</p>","other","ability","他人的",6,531,531,"i","true",NA,NA,NA,NA,"phase_015_subj_27"
3425,458,6,"<p style=""color:white; font-size: 35px;"">废物</p>","negative","ability","废物",6,556,556,"i","true",NA,NA,NA,NA,"phase_015_subj_27"
3426,458,6,"<p style=""color:rgb(150, 250, 100); font-size: 35px;"">自己的</p>","self","ability","自己的",6,672,1162.47826086957,"i","false",NA,NA,NA,NA,"phase_015_subj_27"
3427,458,7,"<p style=""color:white; font-size: 35px;"">愚钝</p>","negative","ability","愚钝",7,720,720,"i","true",NA,NA,NA,NA,"phase_015_subj_27"
3428,458,7,"<p style=""color:rgb(150, 250, 100); font-size: 35px;"">他人</p>","other","ability","他人",7,602,602,"i","true",NA,NA,NA,NA,"phase_015_subj_27"
3429,458,7,"<p style=""color:white; font-size: 35px;"">全才</p>","positive","ability","全才",7,598,598,"e","true",NA,NA,NA,NA,"phase_015_subj_27"
3430,458,7,"<p style=""color:rgb(150, 250, 100); font-size: 35px;"">自己</p>","self","ability","自己",7,469,469,"e","true",NA,NA,NA,NA,"phase_015_subj_27"
3431,458,7,"<p style=""color:white; font-size: 35px;"">高效</p>","positive","ability","高效",7,413,413,"e","true",NA,NA,NA,NA,"phase_015_subj_27"
3432,458,7,"<p style=""color:rgb(150, 250, 100); font-size: 35px;"">自己的</p>","self","ability","自己的",7,456,456,"e","true",NA,NA,NA,NA,"phase_015_subj_27"
3433,458,7,"<p style=""color:white; font-size: 35px;"">低能</p>","negative","ability","低能",7,521,521,"i","true",NA,NA,NA,NA,"phase_015_subj_27"
3434,458,7,"<p style=""color:rgb(150, 250, 100); font-size: 35px;"">别人</p>","other","ability","别人",7,562,562,"i","true",NA,NA,NA,NA,"phase_015_subj_27"
3435,458,7,"<p style=""color:white; font-size: 35px;"">拙笨</p>","negative","ability","拙笨",7,450,450,"i","true",NA,NA,NA,NA,"phase_015_subj_27"
3436,458,7,"<p style=""color:rgb(150, 250, 100); font-size: 35px;"">他</p>","other","ability","他",7,431,431,"i","true",NA,NA,NA,NA,"phase_015_subj_27"
3437,458,7,"<p style=""color:white; font-size: 35px;"">天才</p>","positive","ability","天才",7,569,569,"e","true",NA,NA,NA,NA,"phase_015_subj_27"
3438,458,7,"<p style=""color:rgb(150, 250, 100); font-size: 35px;"">本人的</p>","self","ability","本人的",7,450,450,"e","true",NA,NA,NA,NA,"phase_015_subj_27"
3439,458,7,"<p style=""color:white; font-size: 35px;"">无能</p>","negative","ability","无能",7,517,517,"i","true",NA,NA,NA,NA,"phase_015_subj_27"
3440,458,7,"<p style=""color:rgb(150, 250, 100); font-size: 35px;"">别人</p>","other","ability","别人",7,505,505,"i","true",NA,NA,NA,NA,"phase_015_subj_27"
3441,458,7,"<p style=""color:white; font-size: 35px;"">能干</p>","positive","ability","能干",7,629,629,"e","true",NA,NA,NA,NA,"phase_015_subj_27"
3442,458,7,"<p style=""color:rgb(150, 250, 100); font-size: 35px;"">我的</p>","self","ability","我的",7,444,444,"e","true",NA,NA,NA,NA,"phase_015_subj_27"
3443,458,7,"<p style=""color:white; font-size: 35px;"">全才</p>","positive","ability","全才",7,454,454,"e","true",NA,NA,NA,NA,"phase_015_subj_27"
3444,458,7,"<p style=""color:rgb(150, 250, 100); font-size: 35px;"">他的</p>","other","ability","他的",7,589,589,"i","true",NA,NA,NA,NA,"phase_015_subj_27"
3445,458,7,"<p style=""color:white; font-size: 35px;"">愚钝</p>","negative","ability","愚钝",7,477,477,"i","true",NA,NA,NA,NA,"phase_015_subj_27"
3446,458,7,"<p style=""color:rgb(150, 250, 100); font-size: 35px;"">本人</p>","self","ability","本人",7,508,508,"e","true",NA,NA,NA,NA,"phase_015_subj_27"
3447,458,7,"<p style=""color:white; font-size: 35px;"">低能</p>","negative","ability","低能",7,468,468,"i","true",NA,NA,NA,NA,"phase_015_subj_27"
3448,458,7,"<p style=""color:rgb(150, 250, 100); font-size: 35px;"">本人的</p>","self","ability","本人的",7,484,484,"e","true",NA,NA,NA,NA,"phase_015_subj_27"
3449,458,7,"<p style=""color:white; font-size: 35px;"">能干</p>","positive","ability","能干",7,607,607,"e","true",NA,NA,NA,NA,"phase_015_subj_27"
3450,458,7,"<p style=""color:rgb(150, 250, 100); font-size: 35px;"">别人的</p>","other","ability","别人的",7,502,1120.25531914894,"e","false",NA,NA,NA,NA,"phase_015_subj_27"
3451,458,7,"<p style=""color:white; font-size: 35px;"">拙笨</p>","negative","ability","拙笨",7,570,570,"i","true",NA,NA,NA,NA,"phase_015_subj_27"
3452,458,7,"<p style=""color:rgb(150, 250, 100); font-size: 35px;"">别人的</p>","other","ability","别人的",7,447,447,"i","true",NA,NA,NA,NA,"phase_015_subj_27"
3453,458,7,"<p style=""color:white; font-size: 35px;"">精干</p>","positive","ability","精干",7,599,599,"e","true",NA,NA,NA,NA,"phase_015_subj_27"
3454,458,7,"<p style=""color:rgb(150, 250, 100); font-size: 35px;"">自己的</p>","self","ability","自己的",7,496,496,"e","true",NA,NA,NA,NA,"phase_015_subj_27"
3455,458,7,"<p style=""color:white; font-size: 35px;"">蠢笨</p>","negative","ability","蠢笨",7,517,517,"i","true",NA,NA,NA,NA,"phase_015_subj_27"
3456,458,7,"<p style=""color:rgb(150, 250, 100); font-size: 35px;"">他人的</p>","other","ability","他人的",7,497,497,"i","true",NA,NA,NA,NA,"phase_015_subj_27"
3457,458,7,"<p style=""color:white; font-size: 35px;"">高效</p>","positive","ability","高效",7,515,515,"e","true",NA,NA,NA,NA,"phase_015_subj_27"
3458,458,7,"<p style=""color:rgb(150, 250, 100); font-size: 35px;"">我</p>","self","ability","我",7,437,437,"e","true",NA,NA,NA,NA,"phase_015_subj_27"
3459,458,7,"<p style=""color:white; font-size: 35px;"">天才</p>","positive","ability","天才",7,439,439,"e","true",NA,NA,NA,NA,"phase_015_subj_27"
3460,458,7,"<p style=""color:rgb(150, 250, 100); font-size: 35px;"">他人</p>","other","ability","他人",7,566,566,"i","true",NA,NA,NA,NA,"phase_015_subj_27"
3461,458,7,"<p style=""color:white; font-size: 35px;"">废物</p>","negative","ability","废物",7,535,535,"i","true",NA,NA,NA,NA,"phase_015_subj_27"
3462,458,7,"<p style=""color:rgb(150, 250, 100); font-size: 35px;"">自己</p>","self","ability","自己",7,517,517,"e","true",NA,NA,NA,NA,"phase_015_subj_27"
3463,458,7,"<p style=""color:white; font-size: 35px;"">精干</p>","positive","ability","精干",7,508,508,"e","true",NA,NA,NA,NA,"phase_015_subj_27"
3464,458,7,"<p style=""color:rgb(150, 250, 100); font-size: 35px;"">他的</p>","other","ability","他的",7,731,731,"i","true",NA,NA,NA,NA,"phase_015_subj_27"
3465,458,7,"<p style=""color:white; font-size: 35px;"">无能</p>","negative","ability","无能",7,713,713,"i","true",NA,NA,NA,NA,"phase_015_subj_27"
3466,458,7,"<p style=""color:rgb(150, 250, 100); font-size: 35px;"">我</p>","self","ability","我",7,500,500,"e","true",NA,NA,NA,NA,"phase_015_subj_27"
3467,458,7,"<p style=""color:white; font-size: 35px;"">全能</p>","positive","ability","全能",7,470,470,"e","true",NA,NA,NA,NA,"phase_015_subj_27"
3468,458,7,"<p style=""color:rgb(150, 250, 100); font-size: 35px;"">本人</p>","self","ability","本人",7,376,376,"e","true",NA,NA,NA,NA,"phase_015_subj_27"
3469,458,7,"<p style=""color:white; font-size: 35px;"">废物</p>","negative","ability","废物",7,527,527,"i","true",NA,NA,NA,NA,"phase_015_subj_27"
3470,458,7,"<p style=""color:rgb(150, 250, 100); font-size: 35px;"">他</p>","other","ability","他",7,502,502,"i","true",NA,NA,NA,NA,"phase_015_subj_27"
3471,458,7,"<p style=""color:white; font-size: 35px;"">蠢笨</p>","negative","ability","蠢笨",7,465,465,"i","true",NA,NA,NA,NA,"phase_015_subj_27"
3472,458,7,"<p style=""color:rgb(150, 250, 100); font-size: 35px;"">他人的</p>","other","ability","他人的",7,468,468,"i","true",NA,NA,NA,NA,"phase_015_subj_27"
3473,458,7,"<p style=""color:white; font-size: 35px;"">全能</p>","positive","ability","全能",7,684,684,"e","true",NA,NA,NA,NA,"phase_015_subj_27"
3474,458,7,"<p style=""color:rgb(150, 250, 100); font-size: 35px;"">我的</p>","self","ability","我的",7,450,450,"e","true",NA,NA,NA,NA,"phase_015_subj_27"
3475,700,NA,"
    <h3>词语分类任务</h3>
    <p>在接下来的任务中，你需要对一系列词语进行分类。<p/>
    请先熟悉这些词语，这有利于你完成接下来的任务。</p>
    <table align=""center"" border=1 cellpadding=3 cellspacing=0>
    <tr> <th>类别</th> <th>词语</th> </tr>
    <tr> <td>&emsp;积极&emsp;</td> <td>&emsp;高尚、诚信、善良、君子、廉正、正直&emsp;</td> </tr>
    <tr> <td>&emsp;消极&emsp;</td> <td>&emsp;缺德、卑鄙、不孝、不仁、小人、黑心&emsp;</td> </tr>
    <tr> <td>&emsp;自我&emsp;</td> <td>&emsp;我、我的、自己、自己的、本人、本人的&emsp;</td> </tr>
    <tr> <td>&emsp;他人&emsp;</td> <td>&emsp;他、他的、别人、别人的、他人、他人的&emsp;</td> </tr>
    </table><br/>","","","",NA,34685,NA,"0","",NA,NA,1,1,"phase_015_subj_49"
3476,700,11,"<p style=""color:rgb(150, 250, 100); font-size: 35px;"">他</p>","other","moral","他",1,575,575,"i","true",NA,NA,NA,NA,"phase_015_subj_49"
3477,700,11,"<p style=""color:rgb(150, 250, 100); font-size: 35px;"">自己的</p>","self","moral","自己的",1,418,418,"e","true",NA,NA,NA,NA,"phase_015_subj_49"
3478,700,11,"<p style=""color:rgb(150, 250, 100); font-size: 35px;"">别人的</p>","other","moral","别人的",1,435,435,"i","true",NA,NA,NA,NA,"phase_015_subj_49"
3479,700,11,"<p style=""color:rgb(150, 250, 100); font-size: 35px;"">他人的</p>","other","moral","他人的",1,353,353,"i","true",NA,NA,NA,NA,"phase_015_subj_49"
3480,700,11,"<p style=""color:rgb(150, 250, 100); font-size: 35px;"">他的</p>","other","moral","他的",1,486,486,"i","true",NA,NA,NA,NA,"phase_015_subj_49"
3481,700,11,"<p style=""color:rgb(150, 250, 100); font-size: 35px;"">他人</p>","other","moral","他人",1,679,679,"i","true",NA,NA,NA,NA,"phase_015_subj_49"
3482,700,11,"<p style=""color:rgb(150, 250, 100); font-size: 35px;"">我</p>","self","moral","我",1,492,492,"e","true",NA,NA,NA,NA,"phase_015_subj_49"
3483,700,11,"<p style=""color:rgb(150, 250, 100); font-size: 35px;"">自己</p>","self","moral","自己",1,516,516,"e","true",NA,NA,NA,NA,"phase_015_subj_49"
3484,700,11,"<p style=""color:rgb(150, 250, 100); font-size: 35px;"">我的</p>","self","moral","我的",1,729,729,"e","true",NA,NA,NA,NA,"phase_015_subj_49"
3485,700,11,"<p style=""color:rgb(150, 250, 100); font-size: 35px;"">本人</p>","self","moral","本人",1,461,461,"i","false",NA,NA,NA,NA,"phase_015_subj_49"
3486,700,11,"<p style=""color:rgb(150, 250, 100); font-size: 35px;"">别人</p>","other","moral","别人",1,616,616,"i","true",NA,NA,NA,NA,"phase_015_subj_49"
3487,700,11,"<p style=""color:rgb(150, 250, 100); font-size: 35px;"">本人的</p>","self","moral","本人的",1,545,545,"e","true",NA,NA,NA,NA,"phase_015_subj_49"
3488,700,12,"<p style=""color:white; font-size: 35px;"">诚信</p>","positive","moral","诚信",2,485,485,"e","true",NA,NA,NA,NA,"phase_015_subj_49"
3489,700,12,"<p style=""color:white; font-size: 35px;"">卑鄙</p>","negative","moral","卑鄙",2,576,576,"i","true",NA,NA,NA,NA,"phase_015_subj_49"
3490,700,12,"<p style=""color:white; font-size: 35px;"">缺德</p>","negative","moral","缺德",2,413,413,"i","true",NA,NA,NA,NA,"phase_015_subj_49"
3491,700,12,"<p style=""color:white; font-size: 35px;"">廉正</p>","positive","moral","廉正",2,576,576,"i","false",NA,NA,NA,NA,"phase_015_subj_49"
3492,700,12,"<p style=""color:white; font-size: 35px;"">善良</p>","positive","moral","善良",2,488,488,"e","true",NA,NA,NA,NA,"phase_015_subj_49"
3493,700,12,"<p style=""color:white; font-size: 35px;"">不仁</p>","negative","moral","不仁",2,571,571,"i","true",NA,NA,NA,NA,"phase_015_subj_49"
3494,700,12,"<p style=""color:white; font-size: 35px;"">高尚</p>","positive","moral","高尚",2,501,501,"e","true",NA,NA,NA,NA,"phase_015_subj_49"
3495,700,12,"<p style=""color:white; font-size: 35px;"">不孝</p>","negative","moral","不孝",2,549,549,"i","true",NA,NA,NA,NA,"phase_015_subj_49"
3496,700,12,"<p style=""color:white; font-size: 35px;"">君子</p>","positive","moral","君子",2,548,548,"e","true",NA,NA,NA,NA,"phase_015_subj_49"
3497,700,12,"<p style=""color:white; font-size: 35px;"">黑心</p>","negative","moral","黑心",2,605,605,"i","true",NA,NA,NA,NA,"phase_015_subj_49"
3498,700,12,"<p style=""color:white; font-size: 35px;"">正直</p>","positive","moral","正直",2,512,512,"e","true",NA,NA,NA,NA,"phase_015_subj_49"
3499,700,12,"<p style=""color:white; font-size: 35px;"">小人</p>","negative","moral","小人",2,505,505,"i","true",NA,NA,NA,NA,"phase_015_subj_49"
3500,700,13,"<p style=""color:rgb(150, 250, 100); font-size: 35px;"">他</p>","other","moral","他",3,503,503,"i","true",NA,NA,NA,NA,"phase_015_subj_49"
3501,700,13,"<p style=""color:white; font-size: 35px;"">善良</p>","positive","moral","善良",3,677,677,"e","true",NA,NA,NA,NA,"phase_015_subj_49"
3502,700,13,"<p style=""color:rgb(150, 250, 100); font-size: 35px;"">我的</p>","self","moral","我的",3,525,525,"e","true",NA,NA,NA,NA,"phase_015_subj_49"
3503,700,13,"<p style=""color:white; font-size: 35px;"">不孝</p>","negative","moral","不孝",3,401,401,"i","true",NA,NA,NA,NA,"phase_015_subj_49"
3504,700,13,"<p style=""color:rgb(150, 250, 100); font-size: 35px;"">本人</p>","self","moral","本人",3,516,516,"e","true",NA,NA,NA,NA,"phase_015_subj_49"
3505,700,13,"<p style=""color:white; font-size: 35px;"">小人</p>","negative","moral","小人",3,470,470,"i","true",NA,NA,NA,NA,"phase_015_subj_49"
3506,700,13,"<p style=""color:rgb(150, 250, 100); font-size: 35px;"">他的</p>","other","moral","他的",3,531,1095.04347826087,"e","false",NA,NA,NA,NA,"phase_015_subj_49"
3507,700,13,"<p style=""color:white; font-size: 35px;"">君子</p>","positive","moral","君子",3,462,462,"e","true",NA,NA,NA,NA,"phase_015_subj_49"
3508,700,13,"<p style=""color:rgb(150, 250, 100); font-size: 35px;"">自己</p>","self","moral","自己",3,665,665,"e","true",NA,NA,NA,NA,"phase_015_subj_49"
3509,700,13,"<p style=""color:white; font-size: 35px;"">诚信</p>","positive","moral","诚信",3,515,515,"e","true",NA,NA,NA,NA,"phase_015_subj_49"
3510,700,13,"<p style=""color:rgb(150, 250, 100); font-size: 35px;"">别人的</p>","other","moral","别人的",3,515,515,"i","true",NA,NA,NA,NA,"phase_015_subj_49"
3511,700,13,"<p style=""color:white; font-size: 35px;"">黑心</p>","negative","moral","黑心",3,415,415,"i","true",NA,NA,NA,NA,"phase_015_subj_49"
3512,700,13,"<p style=""color:rgb(150, 250, 100); font-size: 35px;"">别人</p>","other","moral","别人",3,447,447,"i","true",NA,NA,NA,NA,"phase_015_subj_49"
3513,700,13,"<p style=""color:white; font-size: 35px;"">缺德</p>","negative","moral","缺德",3,425,425,"i","true",NA,NA,NA,NA,"phase_015_subj_49"
3514,700,13,"<p style=""color:rgb(150, 250, 100); font-size: 35px;"">本人的</p>","self","moral","本人的",3,485,485,"e","true",NA,NA,NA,NA,"phase_015_subj_49"
3515,700,13,"<p style=""color:white; font-size: 35px;"">廉正</p>","positive","moral","廉正",3,397,397,"e","true",NA,NA,NA,NA,"phase_015_subj_49"
3516,700,13,"<p style=""color:rgb(150, 250, 100); font-size: 35px;"">自己的</p>","self","moral","自己的",3,546,546,"e","true",NA,NA,NA,NA,"phase_015_subj_49"
3517,700,13,"<p style=""color:white; font-size: 35px;"">高尚</p>","positive","moral","高尚",3,531,531,"e","true",NA,NA,NA,NA,"phase_015_subj_49"
3518,700,13,"<p style=""color:rgb(150, 250, 100); font-size: 35px;"">他人的</p>","other","moral","他人的",3,536,536,"i","true",NA,NA,NA,NA,"phase_015_subj_49"
3519,700,13,"<p style=""color:white; font-size: 35px;"">不仁</p>","negative","moral","不仁",3,456,456,"i","true",NA,NA,NA,NA,"phase_015_subj_49"
3520,700,13,"<p style=""color:rgb(150, 250, 100); font-size: 35px;"">我</p>","self","moral","我",3,457,457,"e","true",NA,NA,NA,NA,"phase_015_subj_49"
3521,700,13,"<p style=""color:white; font-size: 35px;"">卑鄙</p>","negative","moral","卑鄙",3,511,511,"i","true",NA,NA,NA,NA,"phase_015_subj_49"
3522,700,13,"<p style=""color:rgb(150, 250, 100); font-size: 35px;"">他人</p>","other","moral","他人",3,490,490,"i","true",NA,NA,NA,NA,"phase_015_subj_49"
3523,700,13,"<p style=""color:white; font-size: 35px;"">正直</p>","positive","moral","正直",3,441,441,"e","true",NA,NA,NA,NA,"phase_015_subj_49"
3524,700,14,"<p style=""color:rgb(150, 250, 100); font-size: 35px;"">我的</p>","self","moral","我的",4,512,512,"e","true",NA,NA,NA,NA,"phase_015_subj_49"
3525,700,14,"<p style=""color:white; font-size: 35px;"">小人</p>","negative","moral","小人",4,493,493,"i","true",NA,NA,NA,NA,"phase_015_subj_49"
3526,700,14,"<p style=""color:rgb(150, 250, 100); font-size: 35px;"">别人</p>","other","moral","别人",4,583,583,"i","true",NA,NA,NA,NA,"phase_015_subj_49"
3527,700,14,"<p style=""color:white; font-size: 35px;"">善良</p>","positive","moral","善良",4,506,506,"e","true",NA,NA,NA,NA,"phase_015_subj_49"
3528,700,14,"<p style=""color:rgb(150, 250, 100); font-size: 35px;"">他</p>","other","moral","他",4,373,1121.79545454545,"e","false",NA,NA,NA,NA,"phase_015_subj_49"
3529,700,14,"<p style=""color:white; font-size: 35px;"">诚信</p>","positive","moral","诚信",4,476,476,"e","true",NA,NA,NA,NA,"phase_015_subj_49"
3530,700,14,"<p style=""color:rgb(150, 250, 100); font-size: 35px;"">本人</p>","self","moral","本人",4,463,463,"e","true",NA,NA,NA,NA,"phase_015_subj_49"
3531,700,14,"<p style=""color:white; font-size: 35px;"">缺德</p>","negative","moral","缺德",4,467,467,"i","true",NA,NA,NA,NA,"phase_015_subj_49"
3532,700,14,"<p style=""color:rgb(150, 250, 100); font-size: 35px;"">自己</p>","self","moral","自己",4,551,551,"e","true",NA,NA,NA,NA,"phase_015_subj_49"
3533,700,14,"<p style=""color:white; font-size: 35px;"">善良</p>","positive","moral","善良",4,462,462,"e","true",NA,NA,NA,NA,"phase_015_subj_49"
3534,700,14,"<p style=""color:rgb(150, 250, 100); font-size: 35px;"">别人</p>","other","moral","别人",4,511,511,"i","true",NA,NA,NA,NA,"phase_015_subj_49"
3535,700,14,"<p style=""color:white; font-size: 35px;"">小人</p>","negative","moral","小人",4,406,406,"i","true",NA,NA,NA,NA,"phase_015_subj_49"
3536,700,14,"<p style=""color:rgb(150, 250, 100); font-size: 35px;"">我的</p>","self","moral","我的",4,446,446,"e","true",NA,NA,NA,NA,"phase_015_subj_49"
3537,700,14,"<p style=""color:white; font-size: 35px;"">正直</p>","positive","moral","正直",4,403,403,"e","true",NA,NA,NA,NA,"phase_015_subj_49"
3538,700,14,"<p style=""color:rgb(150, 250, 100); font-size: 35px;"">他人的</p>","other","moral","他人的",4,506,506,"i","true",NA,NA,NA,NA,"phase_015_subj_49"
3539,700,14,"<p style=""color:white; font-size: 35px;"">卑鄙</p>","negative","moral","卑鄙",4,526,526,"i","true",NA,NA,NA,NA,"phase_015_subj_49"
3540,700,14,"<p style=""color:rgb(150, 250, 100); font-size: 35px;"">自己的</p>","self","moral","自己的",4,472,472,"e","true",NA,NA,NA,NA,"phase_015_subj_49"
3541,700,14,"<p style=""color:white; font-size: 35px;"">不仁</p>","negative","moral","不仁",4,484,484,"i","true",NA,NA,NA,NA,"phase_015_subj_49"
3542,700,14,"<p style=""color:rgb(150, 250, 100); font-size: 35px;"">他人</p>","other","moral","他人",4,431,431,"i","true",NA,NA,NA,NA,"phase_015_subj_49"
3543,700,14,"<p style=""color:white; font-size: 35px;"">廉正</p>","positive","moral","廉正",4,561,561,"e","true",NA,NA,NA,NA,"phase_015_subj_49"
3544,700,14,"<p style=""color:rgb(150, 250, 100); font-size: 35px;"">别人的</p>","other","moral","别人的",4,557,557,"i","true",NA,NA,NA,NA,"phase_015_subj_49"
3545,700,14,"<p style=""color:white; font-size: 35px;"">不仁</p>","negative","moral","不仁",4,471,471,"i","true",NA,NA,NA,NA,"phase_015_subj_49"
3546,700,14,"<p style=""color:rgb(150, 250, 100); font-size: 35px;"">我</p>","self","moral","我",4,492,492,"e","true",NA,NA,NA,NA,"phase_015_subj_49"
3547,700,14,"<p style=""color:white; font-size: 35px;"">高尚</p>","positive","moral","高尚",4,404,404,"e","true",NA,NA,NA,NA,"phase_015_subj_49"
3548,700,14,"<p style=""color:rgb(150, 250, 100); font-size: 35px;"">他人的</p>","other","moral","他人的",4,469,469,"i","true",NA,NA,NA,NA,"phase_015_subj_49"
3549,700,14,"<p style=""color:white; font-size: 35px;"">不孝</p>","negative","moral","不孝",4,436,436,"i","true",NA,NA,NA,NA,"phase_015_subj_49"
3550,700,14,"<p style=""color:rgb(150, 250, 100); font-size: 35px;"">本人的</p>","self","moral","本人的",4,491,491,"e","true",NA,NA,NA,NA,"phase_015_subj_49"
3551,700,14,"<p style=""color:white; font-size: 35px;"">廉正</p>","positive","moral","廉正",4,635,635,"e","true",NA,NA,NA,NA,"phase_015_subj_49"
3552,700,14,"<p style=""color:rgb(150, 250, 100); font-size: 35px;"">别人的</p>","other","moral","别人的",4,511,511,"i","true",NA,NA,NA,NA,"phase_015_subj_49"
3553,700,14,"<p style=""color:white; font-size: 35px;"">正直</p>","positive","moral","正直",4,580,580,"e","true",NA,NA,NA,NA,"phase_015_subj_49"
3554,700,14,"<p style=""color:rgb(150, 250, 100); font-size: 35px;"">我</p>","self","moral","我",4,487,487,"e","true",NA,NA,NA,NA,"phase_015_subj_49"
3555,700,14,"<p style=""color:white; font-size: 35px;"">卑鄙</p>","negative","moral","卑鄙",4,583,583,"i","true",NA,NA,NA,NA,"phase_015_subj_49"
3556,700,14,"<p style=""color:rgb(150, 250, 100); font-size: 35px;"">他</p>","other","moral","他",4,495,495,"i","true",NA,NA,NA,NA,"phase_015_subj_49"
3557,700,14,"<p style=""color:white; font-size: 35px;"">君子</p>","positive","moral","君子",4,497,1121.79545454545,"i","false",NA,NA,NA,NA,"phase_015_subj_49"
3558,700,14,"<p style=""color:rgb(150, 250, 100); font-size: 35px;"">本人的</p>","self","moral","本人的",4,662,662,"e","true",NA,NA,NA,NA,"phase_015_subj_49"
3559,700,14,"<p style=""color:white; font-size: 35px;"">黑心</p>","negative","moral","黑心",4,496,496,"i","true",NA,NA,NA,NA,"phase_015_subj_49"
3560,700,14,"<p style=""color:rgb(150, 250, 100); font-size: 35px;"">自己</p>","self","moral","自己",4,591,1121.79545454545,"i","false",NA,NA,NA,NA,"phase_015_subj_49"
3561,700,14,"<p style=""color:white; font-size: 35px;"">高尚</p>","positive","moral","高尚",4,493,493,"e","true",NA,NA,NA,NA,"phase_015_subj_49"
3562,700,14,"<p style=""color:rgb(150, 250, 100); font-size: 35px;"">他人</p>","other","moral","他人",4,552,552,"i","true",NA,NA,NA,NA,"phase_015_subj_49"
3563,700,14,"<p style=""color:white; font-size: 35px;"">缺德</p>","negative","moral","缺德",4,501,501,"i","true",NA,NA,NA,NA,"phase_015_subj_49"
3564,700,14,"<p style=""color:rgb(150, 250, 100); font-size: 35px;"">自己的</p>","self","moral","自己的",4,551,551,"e","true",NA,NA,NA,NA,"phase_015_subj_49"
3565,700,14,"<p style=""color:white; font-size: 35px;"">黑心</p>","negative","moral","黑心",4,502,502,"i","true",NA,NA,NA,NA,"phase_015_subj_49"
3566,700,14,"<p style=""color:rgb(150, 250, 100); font-size: 35px;"">他的</p>","other","moral","他的",4,531,1121.79545454545,"e","false",NA,NA,NA,NA,"phase_015_subj_49"
3567,700,14,"<p style=""color:white; font-size: 35px;"">君子</p>","positive","moral","君子",4,854,854,"e","true",NA,NA,NA,NA,"phase_015_subj_49"
3568,700,14,"<p style=""color:rgb(150, 250, 100); font-size: 35px;"">他的</p>","other","moral","他的",4,572,572,"i","true",NA,NA,NA,NA,"phase_015_subj_49"
3569,700,14,"<p style=""color:white; font-size: 35px;"">不孝</p>","negative","moral","不孝",4,475,475,"i","true",NA,NA,NA,NA,"phase_015_subj_49"
3570,700,14,"<p style=""color:rgb(150, 250, 100); font-size: 35px;"">本人</p>","self","moral","本人",4,619,619,"e","true",NA,NA,NA,NA,"phase_015_subj_49"
3571,700,14,"<p style=""color:white; font-size: 35px;"">诚信</p>","positive","moral","诚信",4,812,812,"e","true",NA,NA,NA,NA,"phase_015_subj_49"
3572,700,15,"<p style=""color:rgb(150, 250, 100); font-size: 35px;"">我的</p>","self","moral","我的",5,709,709,"e","false",NA,NA,NA,NA,"phase_015_subj_49"
3573,700,15,"<p style=""color:rgb(150, 250, 100); font-size: 35px;"">他人的</p>","other","moral","他人的",5,556,556,"e","true",NA,NA,NA,NA,"phase_015_subj_49"
3574,700,15,"<p style=""color:rgb(150, 250, 100); font-size: 35px;"">我的</p>","self","moral","我的",5,551,551,"i","true",NA,NA,NA,NA,"phase_015_subj_49"
3575,700,15,"<p style=""color:rgb(150, 250, 100); font-size: 35px;"">本人的</p>","self","moral","本人的",5,641,641,"i","true",NA,NA,NA,NA,"phase_015_subj_49"
3576,700,15,"<p style=""color:rgb(150, 250, 100); font-size: 35px;"">别人的</p>","other","moral","别人的",5,440,440,"e","true",NA,NA,NA,NA,"phase_015_subj_49"
3577,700,15,"<p style=""color:rgb(150, 250, 100); font-size: 35px;"">他人</p>","other","moral","他人",5,947,947,"e","true",NA,NA,NA,NA,"phase_015_subj_49"
3578,700,15,"<p style=""color:rgb(150, 250, 100); font-size: 35px;"">别人</p>","other","moral","别人",5,701,701,"e","true",NA,NA,NA,NA,"phase_015_subj_49"
3579,700,15,"<p style=""color:rgb(150, 250, 100); font-size: 35px;"">他人</p>","other","moral","他人",5,876,876,"e","true",NA,NA,NA,NA,"phase_015_subj_49"
3580,700,15,"<p style=""color:rgb(150, 250, 100); font-size: 35px;"">他的</p>","other","moral","他的",5,588,588,"e","true",NA,NA,NA,NA,"phase_015_subj_49"
3581,700,15,"<p style=""color:rgb(150, 250, 100); font-size: 35px;"">自己的</p>","self","moral","自己的",5,396,396,"i","true",NA,NA,NA,NA,"phase_015_subj_49"
3582,700,15,"<p style=""color:rgb(150, 250, 100); font-size: 35px;"">他的</p>","other","moral","他的",5,516,516,"e","true",NA,NA,NA,NA,"phase_015_subj_49"
3583,700,15,"<p style=""color:rgb(150, 250, 100); font-size: 35px;"">本人</p>","self","moral","本人",5,383,383,"e","false",NA,NA,NA,NA,"phase_015_subj_49"
3584,700,15,"<p style=""color:rgb(150, 250, 100); font-size: 35px;"">他</p>","other","moral","他",5,566,566,"e","true",NA,NA,NA,NA,"phase_015_subj_49"
3585,700,15,"<p style=""color:rgb(150, 250, 100); font-size: 35px;"">别人的</p>","other","moral","别人的",5,582,582,"e","true",NA,NA,NA,NA,"phase_015_subj_49"
3586,700,15,"<p style=""color:rgb(150, 250, 100); font-size: 35px;"">自己的</p>","self","moral","自己的",5,540,540,"i","true",NA,NA,NA,NA,"phase_015_subj_49"
3587,700,15,"<p style=""color:rgb(150, 250, 100); font-size: 35px;"">本人</p>","self","moral","本人",5,485,485,"i","true",NA,NA,NA,NA,"phase_015_subj_49"
3588,700,15,"<p style=""color:rgb(150, 250, 100); font-size: 35px;"">自己</p>","self","moral","自己",5,462,462,"i","true",NA,NA,NA,NA,"phase_015_subj_49"
3589,700,15,"<p style=""color:rgb(150, 250, 100); font-size: 35px;"">他</p>","other","moral","他",5,456,456,"e","true",NA,NA,NA,NA,"phase_015_subj_49"
3590,700,15,"<p style=""color:rgb(150, 250, 100); font-size: 35px;"">本人的</p>","self","moral","本人的",5,686,686,"i","true",NA,NA,NA,NA,"phase_015_subj_49"
3591,700,15,"<p style=""color:rgb(150, 250, 100); font-size: 35px;"">我</p>","self","moral","我",5,605,605,"i","true",NA,NA,NA,NA,"phase_015_subj_49"
3592,700,15,"<p style=""color:rgb(150, 250, 100); font-size: 35px;"">自己</p>","self","moral","自己",5,551,551,"i","true",NA,NA,NA,NA,"phase_015_subj_49"
3593,700,15,"<p style=""color:rgb(150, 250, 100); font-size: 35px;"">我</p>","self","moral","我",5,497,497,"i","true",NA,NA,NA,NA,"phase_015_subj_49"
3594,700,15,"<p style=""color:rgb(150, 250, 100); font-size: 35px;"">他人的</p>","other","moral","他人的",5,502,502,"e","true",NA,NA,NA,NA,"phase_015_subj_49"
3595,700,15,"<p style=""color:rgb(150, 250, 100); font-size: 35px;"">别人</p>","other","moral","别人",5,367,367,"e","true",NA,NA,NA,NA,"phase_015_subj_49"
3596,700,16,"<p style=""color:white; font-size: 35px;"">高尚</p>","positive","moral","高尚",6,885,885,"e","true",NA,NA,NA,NA,"phase_015_subj_49"
3597,700,16,"<p style=""color:rgb(150, 250, 100); font-size: 35px;"">本人</p>","self","moral","本人",6,785,785,"i","true",NA,NA,NA,NA,"phase_015_subj_49"
3598,700,16,"<p style=""color:white; font-size: 35px;"">小人</p>","negative","moral","小人",6,825,825,"i","true",NA,NA,NA,NA,"phase_015_subj_49"
3599,700,16,"<p style=""color:rgb(150, 250, 100); font-size: 35px;"">他人</p>","other","moral","他人",6,571,571,"e","true",NA,NA,NA,NA,"phase_015_subj_49"
3600,700,16,"<p style=""color:white; font-size: 35px;"">廉正</p>","positive","moral","廉正",6,841,841,"e","true",NA,NA,NA,NA,"phase_015_subj_49"
3601,700,16,"<p style=""color:rgb(150, 250, 100); font-size: 35px;"">他</p>","other","moral","他",6,681,681,"e","true",NA,NA,NA,NA,"phase_015_subj_49"
3602,700,16,"<p style=""color:white; font-size: 35px;"">不孝</p>","negative","moral","不孝",6,826,826,"i","true",NA,NA,NA,NA,"phase_015_subj_49"
3603,700,16,"<p style=""color:rgb(150, 250, 100); font-size: 35px;"">本人的</p>","self","moral","本人的",6,596,596,"i","true",NA,NA,NA,NA,"phase_015_subj_49"
3604,700,16,"<p style=""color:white; font-size: 35px;"">诚信</p>","positive","moral","诚信",6,672,672,"e","true",NA,NA,NA,NA,"phase_015_subj_49"
3605,700,16,"<p style=""color:rgb(150, 250, 100); font-size: 35px;"">我</p>","self","moral","我",6,666,1290.95454545455,"e","false",NA,NA,NA,NA,"phase_015_subj_49"
3606,700,16,"<p style=""color:white; font-size: 35px;"">缺德</p>","negative","moral","缺德",6,683,683,"i","true",NA,NA,NA,NA,"phase_015_subj_49"
3607,700,16,"<p style=""color:rgb(150, 250, 100); font-size: 35px;"">别人的</p>","other","moral","别人的",6,600,600,"e","true",NA,NA,NA,NA,"phase_015_subj_49"
3608,700,16,"<p style=""color:white; font-size: 35px;"">卑鄙</p>","negative","moral","卑鄙",6,750,750,"i","true",NA,NA,NA,NA,"phase_015_subj_49"
3609,700,16,"<p style=""color:rgb(150, 250, 100); font-size: 35px;"">自己</p>","self","moral","自己",6,482,482,"i","true",NA,NA,NA,NA,"phase_015_subj_49"
3610,700,16,"<p style=""color:white; font-size: 35px;"">善良</p>","positive","moral","善良",6,587,587,"e","true",NA,NA,NA,NA,"phase_015_subj_49"
3611,700,16,"<p style=""color:rgb(150, 250, 100); font-size: 35px;"">他的</p>","other","moral","他的",6,531,531,"e","true",NA,NA,NA,NA,"phase_015_subj_49"
3612,700,16,"<p style=""color:white; font-size: 35px;"">不仁</p>","negative","moral","不仁",6,741,741,"i","true",NA,NA,NA,NA,"phase_015_subj_49"
3613,700,16,"<p style=""color:rgb(150, 250, 100); font-size: 35px;"">别人</p>","other","moral","别人",6,657,657,"e","true",NA,NA,NA,NA,"phase_015_subj_49"
3614,700,16,"<p style=""color:white; font-size: 35px;"">正直</p>","positive","moral","正直",6,1000,1290.95454545455,"i","false",NA,NA,NA,NA,"phase_015_subj_49"
3615,700,16,"<p style=""color:rgb(150, 250, 100); font-size: 35px;"">自己的</p>","self","moral","自己的",6,581,581,"i","true",NA,NA,NA,NA,"phase_015_subj_49"
3616,700,16,"<p style=""color:white; font-size: 35px;"">黑心</p>","negative","moral","黑心",6,523,523,"i","true",NA,NA,NA,NA,"phase_015_subj_49"
3617,700,16,"<p style=""color:rgb(150, 250, 100); font-size: 35px;"">他人的</p>","other","moral","他人的",6,594,594,"e","true",NA,NA,NA,NA,"phase_015_subj_49"
3618,700,16,"<p style=""color:white; font-size: 35px;"">君子</p>","positive","moral","君子",6,970,970,"e","true",NA,NA,NA,NA,"phase_015_subj_49"
3619,700,16,"<p style=""color:rgb(150, 250, 100); font-size: 35px;"">我的</p>","self","moral","我的",6,820,820,"i","true",NA,NA,NA,NA,"phase_015_subj_49"
3620,700,17,"<p style=""color:white; font-size: 35px;"">诚信</p>","positive","moral","诚信",7,505,505,"e","true",NA,NA,NA,NA,"phase_015_subj_49"
3621,700,17,"<p style=""color:rgb(150, 250, 100); font-size: 35px;"">他</p>","other","moral","他",7,956,956,"e","true",NA,NA,NA,NA,"phase_015_subj_49"
3622,700,17,"<p style=""color:white; font-size: 35px;"">黑心</p>","negative","moral","黑心",7,600,600,"i","true",NA,NA,NA,NA,"phase_015_subj_49"
3623,700,17,"<p style=""color:rgb(150, 250, 100); font-size: 35px;"">我的</p>","self","moral","我的",7,442,442,"i","true",NA,NA,NA,NA,"phase_015_subj_49"
3624,700,17,"<p style=""color:white; font-size: 35px;"">善良</p>","positive","moral","善良",7,650,650,"e","true",NA,NA,NA,NA,"phase_015_subj_49"
3625,700,17,"<p style=""color:rgb(150, 250, 100); font-size: 35px;"">他</p>","other","moral","他",7,431,431,"e","true",NA,NA,NA,NA,"phase_015_subj_49"
3626,700,17,"<p style=""color:white; font-size: 35px;"">不孝</p>","negative","moral","不孝",7,546,546,"i","true",NA,NA,NA,NA,"phase_015_subj_49"
3627,700,17,"<p style=""color:rgb(150, 250, 100); font-size: 35px;"">我的</p>","self","moral","我的",7,400,400,"i","true",NA,NA,NA,NA,"phase_015_subj_49"
3628,700,17,"<p style=""color:white; font-size: 35px;"">君子</p>","positive","moral","君子",7,669,669,"e","true",NA,NA,NA,NA,"phase_015_subj_49"
3629,700,17,"<p style=""color:rgb(150, 250, 100); font-size: 35px;"">别人的</p>","other","moral","别人的",7,602,602,"e","true",NA,NA,NA,NA,"phase_015_subj_49"
3630,700,17,"<p style=""color:white; font-size: 35px;"">缺德</p>","negative","moral","缺德",7,724,724,"i","true",NA,NA,NA,NA,"phase_015_subj_49"
3631,700,17,"<p style=""color:rgb(150, 250, 100); font-size: 35px;"">自己</p>","self","moral","自己",7,468,468,"i","true",NA,NA,NA,NA,"phase_015_subj_49"
3632,700,17,"<p style=""color:white; font-size: 35px;"">君子</p>","positive","moral","君子",7,545,545,"e","true",NA,NA,NA,NA,"phase_015_subj_49"
3633,700,17,"<p style=""color:rgb(150, 250, 100); font-size: 35px;"">自己的</p>","self","moral","自己的",7,536,536,"i","true",NA,NA,NA,NA,"phase_015_subj_49"
3634,700,17,"<p style=""color:white; font-size: 35px;"">不仁</p>","negative","moral","不仁",7,472,472,"i","true",NA,NA,NA,NA,"phase_015_subj_49"
3635,700,17,"<p style=""color:rgb(150, 250, 100); font-size: 35px;"">他人</p>","other","moral","他人",7,576,576,"e","true",NA,NA,NA,NA,"phase_015_subj_49"
3636,700,17,"<p style=""color:white; font-size: 35px;"">缺德</p>","negative","moral","缺德",7,861,861,"i","true",NA,NA,NA,NA,"phase_015_subj_49"
3637,700,17,"<p style=""color:rgb(150, 250, 100); font-size: 35px;"">自己</p>","self","moral","自己",7,699,699,"i","true",NA,NA,NA,NA,"phase_015_subj_49"
3638,700,17,"<p style=""color:white; font-size: 35px;"">正直</p>","positive","moral","正直",7,835,835,"e","true",NA,NA,NA,NA,"phase_015_subj_49"
3639,700,17,"<p style=""color:rgb(150, 250, 100); font-size: 35px;"">他人的</p>","other","moral","他人的",7,453,453,"e","true",NA,NA,NA,NA,"phase_015_subj_49"
3640,700,17,"<p style=""color:white; font-size: 35px;"">高尚</p>","positive","moral","高尚",7,819,819,"e","true",NA,NA,NA,NA,"phase_015_subj_49"
3641,700,17,"<p style=""color:rgb(150, 250, 100); font-size: 35px;"">我</p>","self","moral","我",7,965,965,"i","true",NA,NA,NA,NA,"phase_015_subj_49"
3642,700,17,"<p style=""color:white; font-size: 35px;"">不仁</p>","negative","moral","不仁",7,516,516,"i","true",NA,NA,NA,NA,"phase_015_subj_49"
3643,700,17,"<p style=""color:rgb(150, 250, 100); font-size: 35px;"">他人</p>","other","moral","他人",7,512,512,"e","true",NA,NA,NA,NA,"phase_015_subj_49"
3644,700,17,"<p style=""color:white; font-size: 35px;"">高尚</p>","positive","moral","高尚",7,865,865,"e","true",NA,NA,NA,NA,"phase_015_subj_49"
3645,700,17,"<p style=""color:rgb(150, 250, 100); font-size: 35px;"">别人</p>","other","moral","别人",7,530,530,"e","true",NA,NA,NA,NA,"phase_015_subj_49"
3646,700,17,"<p style=""color:white; font-size: 35px;"">黑心</p>","negative","moral","黑心",7,606,606,"i","true",NA,NA,NA,NA,"phase_015_subj_49"
3647,700,17,"<p style=""color:rgb(150, 250, 100); font-size: 35px;"">自己的</p>","self","moral","自己的",7,446,446,"i","true",NA,NA,NA,NA,"phase_015_subj_49"
3648,700,17,"<p style=""color:white; font-size: 35px;"">小人</p>","negative","moral","小人",7,737,1222.63636363636,"e","false",NA,NA,NA,NA,"phase_015_subj_49"
3649,700,17,"<p style=""color:rgb(150, 250, 100); font-size: 35px;"">我</p>","self","moral","我",7,696,696,"i","true",NA,NA,NA,NA,"phase_015_subj_49"
3650,700,17,"<p style=""color:white; font-size: 35px;"">善良</p>","positive","moral","善良",7,686,686,"e","true",NA,NA,NA,NA,"phase_015_subj_49"
3651,700,17,"<p style=""color:rgb(150, 250, 100); font-size: 35px;"">别人</p>","other","moral","别人",7,527,527,"e","true",NA,NA,NA,NA,"phase_015_subj_49"
3652,700,17,"<p style=""color:white; font-size: 35px;"">卑鄙</p>","negative","moral","卑鄙",7,517,517,"i","true",NA,NA,NA,NA,"phase_015_subj_49"
3653,700,17,"<p style=""color:rgb(150, 250, 100); font-size: 35px;"">本人</p>","self","moral","本人",7,407,407,"i","true",NA,NA,NA,NA,"phase_015_subj_49"
3654,700,17,"<p style=""color:white; font-size: 35px;"">正直</p>","positive","moral","正直",7,975,975,"e","true",NA,NA,NA,NA,"phase_015_subj_49"
3655,700,17,"<p style=""color:rgb(150, 250, 100); font-size: 35px;"">他的</p>","other","moral","他的",7,412,412,"e","true",NA,NA,NA,NA,"phase_015_subj_49"
3656,700,17,"<p style=""color:white; font-size: 35px;"">卑鄙</p>","negative","moral","卑鄙",7,507,507,"i","true",NA,NA,NA,NA,"phase_015_subj_49"
3657,700,17,"<p style=""color:rgb(150, 250, 100); font-size: 35px;"">他的</p>","other","moral","他的",7,421,1222.63636363636,"i","false",NA,NA,NA,NA,"phase_015_subj_49"
3658,700,17,"<p style=""color:white; font-size: 35px;"">廉正</p>","positive","moral","廉正",7,1250,1222.63636363636,"i","false",NA,NA,NA,NA,"phase_015_subj_49"
3659,700,17,"<p style=""color:rgb(150, 250, 100); font-size: 35px;"">本人</p>","self","moral","本人",7,915,915,"i","true",NA,NA,NA,NA,"phase_015_subj_49"
3660,700,17,"<p style=""color:white; font-size: 35px;"">不孝</p>","negative","moral","不孝",7,681,681,"i","true",NA,NA,NA,NA,"phase_015_subj_49"
3661,700,17,"<p style=""color:rgb(150, 250, 100); font-size: 35px;"">他人的</p>","other","moral","他人的",7,512,512,"e","true",NA,NA,NA,NA,"phase_015_subj_49"
3662,700,17,"<p style=""color:white; font-size: 35px;"">诚信</p>","positive","moral","诚信",7,665,665,"e","true",NA,NA,NA,NA,"phase_015_subj_49"
3663,700,17,"<p style=""color:rgb(150, 250, 100); font-size: 35px;"">本人的</p>","self","moral","本人的",7,835,835,"i","true",NA,NA,NA,NA,"phase_015_subj_49"
3664,700,17,"<p style=""color:white; font-size: 35px;"">小人</p>","negative","moral","小人",7,476,476,"i","true",NA,NA,NA,NA,"phase_015_subj_49"
3665,700,17,"<p style=""color:rgb(150, 250, 100); font-size: 35px;"">别人的</p>","other","moral","别人的",7,591,591,"e","true",NA,NA,NA,NA,"phase_015_subj_49"
3666,700,17,"<p style=""color:white; font-size: 35px;"">廉正</p>","positive","moral","廉正",7,621,1222.63636363636,"i","false",NA,NA,NA,NA,"phase_015_subj_49"
3667,700,17,"<p style=""color:rgb(150, 250, 100); font-size: 35px;"">本人的</p>","self","moral","本人的",7,765,765,"i","true",NA,NA,NA,NA,"phase_015_subj_49"
3668,700,NA,"
    <h3>词语分类任务</h3>
    <p>在接下来的任务中，你需要对一系列词语进行分类。</p>
    <p>请先熟悉这些词语，这有利于你完成接下来的任务。</p>
    <table align=""center"" border=1 cellpadding=3 cellspacing=0>
    <tr> <th>类别</th> <th>词语</th> </tr>
    <tr> <td>&emsp;积极&emsp;</td> <td>&emsp;能干、全能、全才、高效、精干、天才&emsp;</td> </tr>
    <tr> <td>&emsp;消极&emsp;</td> <td>&emsp;无能、低能、废物、拙笨、愚钝、蠢笨&emsp;</td> </tr>
    <tr> <td>&emsp;自我&emsp;</td> <td>&emsp;我、我的、自己、自己的、本人、本人的&emsp;</td> </tr>
    <tr> <td>&emsp;他人&emsp;</td> <td>&emsp;他、他的、别人、别人的、他人、他人的&emsp;</td> </tr>
    </table><br/>","","","",NA,24335,NA,"0","",1,2,NA,NA,"phase_015_subj_49"
3669,700,1,"<p style=""color:rgb(150, 250, 100); font-size: 35px;"">别人</p>","other","ability","别人",1,491,491,"e","true",NA,NA,NA,NA,"phase_015_subj_49"
3670,700,1,"<p style=""color:rgb(150, 250, 100); font-size: 35px;"">本人的</p>","self","ability","本人的",1,496,496,"i","true",NA,NA,NA,NA,"phase_015_subj_49"
3671,700,1,"<p style=""color:rgb(150, 250, 100); font-size: 35px;"">他的</p>","other","ability","他的",1,456,456,"e","true",NA,NA,NA,NA,"phase_015_subj_49"
3672,700,1,"<p style=""color:rgb(150, 250, 100); font-size: 35px;"">我</p>","self","ability","我",1,437,437,"i","true",NA,NA,NA,NA,"phase_015_subj_49"
3673,700,1,"<p style=""color:rgb(150, 250, 100); font-size: 35px;"">本人</p>","self","ability","本人",1,406,406,"i","true",NA,NA,NA,NA,"phase_015_subj_49"
3674,700,1,"<p style=""color:rgb(150, 250, 100); font-size: 35px;"">我的</p>","self","ability","我的",1,356,356,"i","true",NA,NA,NA,NA,"phase_015_subj_49"
3675,700,1,"<p style=""color:rgb(150, 250, 100); font-size: 35px;"">自己</p>","self","ability","自己",1,377,377,"i","true",NA,NA,NA,NA,"phase_015_subj_49"
3676,700,1,"<p style=""color:rgb(150, 250, 100); font-size: 35px;"">自己的</p>","self","ability","自己的",1,346,346,"i","true",NA,NA,NA,NA,"phase_015_subj_49"
3677,700,1,"<p style=""color:rgb(150, 250, 100); font-size: 35px;"">他</p>","other","ability","他",1,447,447,"e","true",NA,NA,NA,NA,"phase_015_subj_49"
3678,700,1,"<p style=""color:rgb(150, 250, 100); font-size: 35px;"">他人的</p>","other","ability","他人的",1,471,471,"e","true",NA,NA,NA,NA,"phase_015_subj_49"
3679,700,1,"<p style=""color:rgb(150, 250, 100); font-size: 35px;"">他人</p>","other","ability","他人",1,398,398,"e","true",NA,NA,NA,NA,"phase_015_subj_49"
3680,700,1,"<p style=""color:rgb(150, 250, 100); font-size: 35px;"">别人的</p>","other","ability","别人的",1,571,571,"e","true",NA,NA,NA,NA,"phase_015_subj_49"
3681,700,2,"<p style=""color:white; font-size: 35px;"">天才</p>","positive","ability","天才",2,789,789,"e","true",NA,NA,NA,NA,"phase_015_subj_49"
3682,700,2,"<p style=""color:white; font-size: 35px;"">高效</p>","positive","ability","高效",2,537,537,"e","true",NA,NA,NA,NA,"phase_015_subj_49"
3683,700,2,"<p style=""color:white; font-size: 35px;"">废物</p>","negative","ability","废物",2,480,480,"i","true",NA,NA,NA,NA,"phase_015_subj_49"
3684,700,2,"<p style=""color:white; font-size: 35px;"">低能</p>","negative","ability","低能",2,460,460,"i","true",NA,NA,NA,NA,"phase_015_subj_49"
3685,700,2,"<p style=""color:white; font-size: 35px;"">无能</p>","negative","ability","无能",2,436,436,"i","true",NA,NA,NA,NA,"phase_015_subj_49"
3686,700,2,"<p style=""color:white; font-size: 35px;"">拙笨</p>","negative","ability","拙笨",2,661,661,"i","true",NA,NA,NA,NA,"phase_015_subj_49"
3687,700,2,"<p style=""color:white; font-size: 35px;"">全才</p>","positive","ability","全才",2,491,491,"e","true",NA,NA,NA,NA,"phase_015_subj_49"
3688,700,2,"<p style=""color:white; font-size: 35px;"">愚钝</p>","negative","ability","愚钝",2,662,662,"i","true",NA,NA,NA,NA,"phase_015_subj_49"
3689,700,2,"<p style=""color:white; font-size: 35px;"">能干</p>","positive","ability","能干",2,505,505,"e","true",NA,NA,NA,NA,"phase_015_subj_49"
3690,700,2,"<p style=""color:white; font-size: 35px;"">蠢笨</p>","negative","ability","蠢笨",2,547,547,"i","true",NA,NA,NA,NA,"phase_015_subj_49"
3691,700,2,"<p style=""color:white; font-size: 35px;"">全能</p>","positive","ability","全能",2,487,487,"e","true",NA,NA,NA,NA,"phase_015_subj_49"
3692,700,2,"<p style=""color:white; font-size: 35px;"">精干</p>","positive","ability","精干",2,544,544,"e","true",NA,NA,NA,NA,"phase_015_subj_49"
3693,700,3,"<p style=""color:rgb(150, 250, 100); font-size: 35px;"">我</p>","self","ability","我",3,885,885,"i","true",NA,NA,NA,NA,"phase_015_subj_49"
3694,700,3,"<p style=""color:white; font-size: 35px;"">能干</p>","positive","ability","能干",3,445,1263.42857142857,"i","false",NA,NA,NA,NA,"phase_015_subj_49"
3695,700,3,"<p style=""color:rgb(150, 250, 100); font-size: 35px;"">他的</p>","other","ability","他的",3,487,487,"e","true",NA,NA,NA,NA,"phase_015_subj_49"
3696,700,3,"<p style=""color:white; font-size: 35px;"">蠢笨</p>","negative","ability","蠢笨",3,774,774,"i","true",NA,NA,NA,NA,"phase_015_subj_49"
3697,700,3,"<p style=""color:rgb(150, 250, 100); font-size: 35px;"">别人</p>","other","ability","别人",3,569,569,"e","true",NA,NA,NA,NA,"phase_015_subj_49"
3698,700,3,"<p style=""color:white; font-size: 35px;"">无能</p>","negative","ability","无能",3,956,956,"i","true",NA,NA,NA,NA,"phase_015_subj_49"
3699,700,3,"<p style=""color:rgb(150, 250, 100); font-size: 35px;"">自己的</p>","self","ability","自己的",3,532,532,"i","true",NA,NA,NA,NA,"phase_015_subj_49"
3700,700,3,"<p style=""color:white; font-size: 35px;"">高效</p>","positive","ability","高效",3,589,589,"e","true",NA,NA,NA,NA,"phase_015_subj_49"
3701,700,3,"<p style=""color:rgb(150, 250, 100); font-size: 35px;"">别人的</p>","other","ability","别人的",3,392,392,"e","true",NA,NA,NA,NA,"phase_015_subj_49"
3702,700,3,"<p style=""color:white; font-size: 35px;"">全才</p>","positive","ability","全才",3,979,979,"e","true",NA,NA,NA,NA,"phase_015_subj_49"
3703,700,3,"<p style=""color:rgb(150, 250, 100); font-size: 35px;"">本人的</p>","self","ability","本人的",3,860,860,"i","true",NA,NA,NA,NA,"phase_015_subj_49"
3704,700,3,"<p style=""color:white; font-size: 35px;"">低能</p>","negative","ability","低能",3,421,421,"i","true",NA,NA,NA,NA,"phase_015_subj_49"
3705,700,3,"<p style=""color:rgb(150, 250, 100); font-size: 35px;"">自己</p>","self","ability","自己",3,645,1263.42857142857,"e","false",NA,NA,NA,NA,"phase_015_subj_49"
3706,700,3,"<p style=""color:white; font-size: 35px;"">精干</p>","positive","ability","精干",3,894,894,"e","true",NA,NA,NA,NA,"phase_015_subj_49"
3707,700,3,"<p style=""color:rgb(150, 250, 100); font-size: 35px;"">他人的</p>","other","ability","他人的",3,950,950,"e","true",NA,NA,NA,NA,"phase_015_subj_49"
3708,700,3,"<p style=""color:white; font-size: 35px;"">废物</p>","negative","ability","废物",3,676,676,"i","true",NA,NA,NA,NA,"phase_015_subj_49"
3709,700,3,"<p style=""color:rgb(150, 250, 100); font-size: 35px;"">本人</p>","self","ability","本人",3,447,447,"i","true",NA,NA,NA,NA,"phase_015_subj_49"
3710,700,3,"<p style=""color:white; font-size: 35px;"">全能</p>","positive","ability","全能",3,570,570,"e","true",NA,NA,NA,NA,"phase_015_subj_49"
3711,700,3,"<p style=""color:rgb(150, 250, 100); font-size: 35px;"">他</p>","other","ability","他",3,416,416,"e","true",NA,NA,NA,NA,"phase_015_subj_49"
3712,700,3,"<p style=""color:white; font-size: 35px;"">愚钝</p>","negative","ability","愚钝",3,747,747,"i","true",NA,NA,NA,NA,"phase_015_subj_49"
3713,700,3,"<p style=""color:rgb(150, 250, 100); font-size: 35px;"">他人</p>","other","ability","他人",3,374,1263.42857142857,"i","false",NA,NA,NA,NA,"phase_015_subj_49"
3714,700,3,"<p style=""color:white; font-size: 35px;"">天才</p>","positive","ability","天才",3,492,492,"e","true",NA,NA,NA,NA,"phase_015_subj_49"
3715,700,3,"<p style=""color:rgb(150, 250, 100); font-size: 35px;"">我的</p>","self","ability","我的",3,766,766,"i","true",NA,NA,NA,NA,"phase_015_subj_49"
3716,700,3,"<p style=""color:white; font-size: 35px;"">拙笨</p>","negative","ability","拙笨",3,530,530,"i","true",NA,NA,NA,NA,"phase_015_subj_49"
3717,700,4,"<p style=""color:rgb(150, 250, 100); font-size: 35px;"">我的</p>","self","ability","我的",4,591,591,"i","true",NA,NA,NA,NA,"phase_015_subj_49"
3718,700,4,"<p style=""color:white; font-size: 35px;"">低能</p>","negative","ability","低能",4,453,453,"i","true",NA,NA,NA,NA,"phase_015_subj_49"
3719,700,4,"<p style=""color:rgb(150, 250, 100); font-size: 35px;"">他人</p>","other","ability","他人",4,486,486,"e","true",NA,NA,NA,NA,"phase_015_subj_49"
3720,700,4,"<p style=""color:white; font-size: 35px;"">精干</p>","positive","ability","精干",4,472,472,"e","true",NA,NA,NA,NA,"phase_015_subj_49"
3721,700,4,"<p style=""color:rgb(150, 250, 100); font-size: 35px;"">我</p>","self","ability","我",4,605,605,"i","true",NA,NA,NA,NA,"phase_015_subj_49"
3722,700,4,"<p style=""color:white; font-size: 35px;"">全才</p>","positive","ability","全才",4,637,637,"e","true",NA,NA,NA,NA,"phase_015_subj_49"
3723,700,4,"<p style=""color:rgb(150, 250, 100); font-size: 35px;"">他</p>","other","ability","他",4,575,575,"e","true",NA,NA,NA,NA,"phase_015_subj_49"
3724,700,4,"<p style=""color:white; font-size: 35px;"">蠢笨</p>","negative","ability","蠢笨",4,656,656,"i","true",NA,NA,NA,NA,"phase_015_subj_49"
3725,700,4,"<p style=""color:rgb(150, 250, 100); font-size: 35px;"">自己</p>","self","ability","自己",4,365,365,"i","true",NA,NA,NA,NA,"phase_015_subj_49"
3726,700,4,"<p style=""color:white; font-size: 35px;"">拙笨</p>","negative","ability","拙笨",4,582,582,"i","true",NA,NA,NA,NA,"phase_015_subj_49"
3727,700,4,"<p style=""color:rgb(150, 250, 100); font-size: 35px;"">别人的</p>","other","ability","别人的",4,629,629,"e","true",NA,NA,NA,NA,"phase_015_subj_49"
3728,700,4,"<p style=""color:white; font-size: 35px;"">能干</p>","positive","ability","能干",4,1149,1149,"e","true",NA,NA,NA,NA,"phase_015_subj_49"
3729,700,4,"<p style=""color:rgb(150, 250, 100); font-size: 35px;"">别人</p>","other","ability","别人",4,1269,1269,"e","true",NA,NA,NA,NA,"phase_015_subj_49"
3730,700,4,"<p style=""color:white; font-size: 35px;"">天才</p>","positive","ability","天才",4,1130,1130,"e","true",NA,NA,NA,NA,"phase_015_subj_49"
3731,700,4,"<p style=""color:rgb(150, 250, 100); font-size: 35px;"">自己</p>","self","ability","自己",4,701,701,"i","true",NA,NA,NA,NA,"phase_015_subj_49"
3732,700,4,"<p style=""color:white; font-size: 35px;"">低能</p>","negative","ability","低能",4,685,685,"i","true",NA,NA,NA,NA,"phase_015_subj_49"
3733,700,4,"<p style=""color:rgb(150, 250, 100); font-size: 35px;"">他人的</p>","other","ability","他人的",4,821,821,"e","true",NA,NA,NA,NA,"phase_015_subj_49"
3734,700,4,"<p style=""color:white; font-size: 35px;"">废物</p>","negative","ability","废物",4,1368,1368,"i","true",NA,NA,NA,NA,"phase_015_subj_49"
3735,700,4,"<p style=""color:rgb(150, 250, 100); font-size: 35px;"">本人的</p>","self","ability","本人的",4,783,1301.17391304348,"e","false",NA,NA,NA,NA,"phase_015_subj_49"
3736,700,4,"<p style=""color:white; font-size: 35px;"">精干</p>","positive","ability","精干",4,655,655,"e","true",NA,NA,NA,NA,"phase_015_subj_49"
3737,700,4,"<p style=""color:rgb(150, 250, 100); font-size: 35px;"">他</p>","other","ability","他",4,426,426,"e","true",NA,NA,NA,NA,"phase_015_subj_49"
3738,700,4,"<p style=""color:white; font-size: 35px;"">愚钝</p>","negative","ability","愚钝",4,717,717,"i","true",NA,NA,NA,NA,"phase_015_subj_49"
3739,700,4,"<p style=""color:rgb(150, 250, 100); font-size: 35px;"">本人的</p>","self","ability","本人的",4,445,445,"i","true",NA,NA,NA,NA,"phase_015_subj_49"
3740,700,4,"<p style=""color:white; font-size: 35px;"">能干</p>","positive","ability","能干",4,757,757,"e","true",NA,NA,NA,NA,"phase_015_subj_49"
3741,700,4,"<p style=""color:rgb(150, 250, 100); font-size: 35px;"">别人</p>","other","ability","别人",4,361,361,"e","true",NA,NA,NA,NA,"phase_015_subj_49"
3742,700,4,"<p style=""color:white; font-size: 35px;"">天才</p>","positive","ability","天才",4,1340,1340,"e","true",NA,NA,NA,NA,"phase_015_subj_49"
3743,700,4,"<p style=""color:rgb(150, 250, 100); font-size: 35px;"">我的</p>","self","ability","我的",4,605,605,"i","true",NA,NA,NA,NA,"phase_015_subj_49"
3744,700,4,"<p style=""color:white; font-size: 35px;"">拙笨</p>","negative","ability","拙笨",4,396,396,"i","true",NA,NA,NA,NA,"phase_015_subj_49"
3745,700,4,"<p style=""color:rgb(150, 250, 100); font-size: 35px;"">别人的</p>","other","ability","别人的",4,592,592,"e","true",NA,NA,NA,NA,"phase_015_subj_49"
3746,700,4,"<p style=""color:white; font-size: 35px;"">全能</p>","positive","ability","全能",4,1192,1192,"e","true",NA,NA,NA,NA,"phase_015_subj_49"
3747,700,4,"<p style=""color:rgb(150, 250, 100); font-size: 35px;"">自己的</p>","self","ability","自己的",4,1514,1514,"i","true",NA,NA,NA,NA,"phase_015_subj_49"
3748,700,4,"<p style=""color:white; font-size: 35px;"">无能</p>","negative","ability","无能",4,1125,1125,"i","true",NA,NA,NA,NA,"phase_015_subj_49"
3749,700,4,"<p style=""color:rgb(150, 250, 100); font-size: 35px;"">本人</p>","self","ability","本人",4,476,1301.17391304348,"e","false",NA,NA,NA,NA,"phase_015_subj_49"
3750,700,4,"<p style=""color:white; font-size: 35px;"">全才</p>","positive","ability","全才",4,565,565,"e","true",NA,NA,NA,NA,"phase_015_subj_49"
3751,700,4,"<p style=""color:rgb(150, 250, 100); font-size: 35px;"">他的</p>","other","ability","他的",4,517,517,"e","true",NA,NA,NA,NA,"phase_015_subj_49"
3752,700,4,"<p style=""color:white; font-size: 35px;"">废物</p>","negative","ability","废物",4,795,795,"i","true",NA,NA,NA,NA,"phase_015_subj_49"
3753,700,4,"<p style=""color:rgb(150, 250, 100); font-size: 35px;"">本人</p>","self","ability","本人",4,371,371,"i","true",NA,NA,NA,NA,"phase_015_subj_49"
3754,700,4,"<p style=""color:white; font-size: 35px;"">无能</p>","negative","ability","无能",4,786,786,"i","true",NA,NA,NA,NA,"phase_015_subj_49"
3755,700,4,"<p style=""color:rgb(150, 250, 100); font-size: 35px;"">他人</p>","other","ability","他人",4,570,570,"e","true",NA,NA,NA,NA,"phase_015_subj_49"
3756,700,4,"<p style=""color:white; font-size: 35px;"">高效</p>","positive","ability","高效",4,587,587,"e","true",NA,NA,NA,NA,"phase_015_subj_49"
3757,700,4,"<p style=""color:rgb(150, 250, 100); font-size: 35px;"">自己的</p>","self","ability","自己的",4,731,731,"i","true",NA,NA,NA,NA,"phase_015_subj_49"
3758,700,4,"<p style=""color:white; font-size: 35px;"">高效</p>","positive","ability","高效",4,593,593,"e","true",NA,NA,NA,NA,"phase_015_subj_49"
3759,700,4,"<p style=""color:rgb(150, 250, 100); font-size: 35px;"">他人的</p>","other","ability","他人的",4,537,537,"e","true",NA,NA,NA,NA,"phase_015_subj_49"
3760,700,4,"<p style=""color:white; font-size: 35px;"">愚钝</p>","negative","ability","愚钝",4,690,690,"i","true",NA,NA,NA,NA,"phase_015_subj_49"
3761,700,4,"<p style=""color:rgb(150, 250, 100); font-size: 35px;"">他的</p>","other","ability","他的",4,518,518,"e","true",NA,NA,NA,NA,"phase_015_subj_49"
3762,700,4,"<p style=""color:white; font-size: 35px;"">蠢笨</p>","negative","ability","蠢笨",4,736,736,"i","true",NA,NA,NA,NA,"phase_015_subj_49"
3763,700,4,"<p style=""color:rgb(150, 250, 100); font-size: 35px;"">我</p>","self","ability","我",4,377,377,"i","true",NA,NA,NA,NA,"phase_015_subj_49"
3764,700,4,"<p style=""color:white; font-size: 35px;"">全能</p>","positive","ability","全能",4,582,582,"e","true",NA,NA,NA,NA,"phase_015_subj_49"
3765,700,5,"<p style=""color:rgb(150, 250, 100); font-size: 35px;"">别人</p>","other","ability","别人",5,552,552,"i","true",NA,NA,NA,NA,"phase_015_subj_49"
3766,700,5,"<p style=""color:rgb(150, 250, 100); font-size: 35px;"">自己的</p>","self","ability","自己的",5,511,511,"e","true",NA,NA,NA,NA,"phase_015_subj_49"
3767,700,5,"<p style=""color:rgb(150, 250, 100); font-size: 35px;"">自己</p>","self","ability","自己",5,441,441,"e","true",NA,NA,NA,NA,"phase_015_subj_49"
3768,700,5,"<p style=""color:rgb(150, 250, 100); font-size: 35px;"">我的</p>","self","ability","我的",5,492,492,"e","true",NA,NA,NA,NA,"phase_015_subj_49"
3769,700,5,"<p style=""color:rgb(150, 250, 100); font-size: 35px;"">他</p>","other","ability","他",5,482,482,"i","true",NA,NA,NA,NA,"phase_015_subj_49"
3770,700,5,"<p style=""color:rgb(150, 250, 100); font-size: 35px;"">他人的</p>","other","ability","他人的",5,361,361,"i","true",NA,NA,NA,NA,"phase_015_subj_49"
3771,700,5,"<p style=""color:rgb(150, 250, 100); font-size: 35px;"">本人的</p>","self","ability","本人的",5,503,503,"e","true",NA,NA,NA,NA,"phase_015_subj_49"
3772,700,5,"<p style=""color:rgb(150, 250, 100); font-size: 35px;"">他</p>","other","ability","他",5,392,392,"e","false",NA,NA,NA,NA,"phase_015_subj_49"
3773,700,5,"<p style=""color:rgb(150, 250, 100); font-size: 35px;"">自己</p>","self","ability","自己",5,397,397,"e","true",NA,NA,NA,NA,"phase_015_subj_49"
3774,700,5,"<p style=""color:rgb(150, 250, 100); font-size: 35px;"">本人</p>","self","ability","本人",5,521,521,"e","true",NA,NA,NA,NA,"phase_015_subj_49"
3775,700,5,"<p style=""color:rgb(150, 250, 100); font-size: 35px;"">别人的</p>","other","ability","别人的",5,601,601,"i","true",NA,NA,NA,NA,"phase_015_subj_49"
3776,700,5,"<p style=""color:rgb(150, 250, 100); font-size: 35px;"">本人</p>","self","ability","本人",5,536,536,"e","true",NA,NA,NA,NA,"phase_015_subj_49"
3777,700,5,"<p style=""color:rgb(150, 250, 100); font-size: 35px;"">别人</p>","other","ability","别人",5,527,527,"i","true",NA,NA,NA,NA,"phase_015_subj_49"
3778,700,5,"<p style=""color:rgb(150, 250, 100); font-size: 35px;"">他人的</p>","other","ability","他人的",5,420,420,"i","true",NA,NA,NA,NA,"phase_015_subj_49"
3779,700,5,"<p style=""color:rgb(150, 250, 100); font-size: 35px;"">他的</p>","other","ability","他的",5,442,442,"i","true",NA,NA,NA,NA,"phase_015_subj_49"
3780,700,5,"<p style=""color:rgb(150, 250, 100); font-size: 35px;"">我</p>","self","ability","我",5,459,459,"e","true",NA,NA,NA,NA,"phase_015_subj_49"
3781,700,5,"<p style=""color:rgb(150, 250, 100); font-size: 35px;"">自己的</p>","self","ability","自己的",5,620,620,"e","true",NA,NA,NA,NA,"phase_015_subj_49"
3782,700,5,"<p style=""color:rgb(150, 250, 100); font-size: 35px;"">本人的</p>","self","ability","本人的",5,458,458,"i","false",NA,NA,NA,NA,"phase_015_subj_49"
3783,700,5,"<p style=""color:rgb(150, 250, 100); font-size: 35px;"">他的</p>","other","ability","他的",5,440,440,"i","true",NA,NA,NA,NA,"phase_015_subj_49"
3784,700,5,"<p style=""color:rgb(150, 250, 100); font-size: 35px;"">他人</p>","other","ability","他人",5,427,427,"i","true",NA,NA,NA,NA,"phase_015_subj_49"
3785,700,5,"<p style=""color:rgb(150, 250, 100); font-size: 35px;"">别人的</p>","other","ability","别人的",5,441,441,"i","true",NA,NA,NA,NA,"phase_015_subj_49"
3786,700,5,"<p style=""color:rgb(150, 250, 100); font-size: 35px;"">他人</p>","other","ability","他人",5,392,392,"i","true",NA,NA,NA,NA,"phase_015_subj_49"
3787,700,5,"<p style=""color:rgb(150, 250, 100); font-size: 35px;"">我的</p>","self","ability","我的",5,417,417,"e","true",NA,NA,NA,NA,"phase_015_subj_49"
3788,700,5,"<p style=""color:rgb(150, 250, 100); font-size: 35px;"">我</p>","self","ability","我",5,438,438,"e","true",NA,NA,NA,NA,"phase_015_subj_49"
3789,700,6,"<p style=""color:white; font-size: 35px;"">全才</p>","positive","ability","全才",6,651,651,"e","true",NA,NA,NA,NA,"phase_015_subj_49"
3790,700,6,"<p style=""color:rgb(150, 250, 100); font-size: 35px;"">自己</p>","self","ability","自己",6,441,441,"e","true",NA,NA,NA,NA,"phase_015_subj_49"
3791,700,6,"<p style=""color:white; font-size: 35px;"">蠢笨</p>","negative","ability","蠢笨",6,547,547,"i","true",NA,NA,NA,NA,"phase_015_subj_49"
3792,700,6,"<p style=""color:rgb(150, 250, 100); font-size: 35px;"">他人</p>","other","ability","他人",6,366,366,"i","true",NA,NA,NA,NA,"phase_015_subj_49"
3793,700,6,"<p style=""color:white; font-size: 35px;"">愚钝</p>","negative","ability","愚钝",6,437,437,"i","true",NA,NA,NA,NA,"phase_015_subj_49"
3794,700,6,"<p style=""color:rgb(150, 250, 100); font-size: 35px;"">我</p>","self","ability","我",6,415,415,"e","true",NA,NA,NA,NA,"phase_015_subj_49"
3795,700,6,"<p style=""color:white; font-size: 35px;"">精干</p>","positive","ability","精干",6,472,472,"e","true",NA,NA,NA,NA,"phase_015_subj_49"
3796,700,6,"<p style=""color:rgb(150, 250, 100); font-size: 35px;"">他的</p>","other","ability","他的",6,402,402,"i","true",NA,NA,NA,NA,"phase_015_subj_49"
3797,700,6,"<p style=""color:white; font-size: 35px;"">低能</p>","negative","ability","低能",6,427,427,"i","true",NA,NA,NA,NA,"phase_015_subj_49"
3798,700,6,"<p style=""color:rgb(150, 250, 100); font-size: 35px;"">他</p>","other","ability","他",6,470,470,"i","true",NA,NA,NA,NA,"phase_015_subj_49"
3799,700,6,"<p style=""color:white; font-size: 35px;"">全能</p>","positive","ability","全能",6,517,517,"e","true",NA,NA,NA,NA,"phase_015_subj_49"
3800,700,6,"<p style=""color:rgb(150, 250, 100); font-size: 35px;"">本人的</p>","self","ability","本人的",6,392,392,"e","true",NA,NA,NA,NA,"phase_015_subj_49"
3801,700,6,"<p style=""color:white; font-size: 35px;"">拙笨</p>","negative","ability","拙笨",6,690,690,"i","true",NA,NA,NA,NA,"phase_015_subj_49"
3802,700,6,"<p style=""color:rgb(150, 250, 100); font-size: 35px;"">自己的</p>","self","ability","自己的",6,616,616,"e","true",NA,NA,NA,NA,"phase_015_subj_49"
3803,700,6,"<p style=""color:white; font-size: 35px;"">能干</p>","positive","ability","能干",6,485,485,"e","true",NA,NA,NA,NA,"phase_015_subj_49"
3804,700,6,"<p style=""color:rgb(150, 250, 100); font-size: 35px;"">别人的</p>","other","ability","别人的",6,531,531,"i","true",NA,NA,NA,NA,"phase_015_subj_49"
3805,700,6,"<p style=""color:white; font-size: 35px;"">废物</p>","negative","ability","废物",6,591,591,"i","true",NA,NA,NA,NA,"phase_015_subj_49"
3806,700,6,"<p style=""color:rgb(150, 250, 100); font-size: 35px;"">我的</p>","self","ability","我的",6,481,481,"e","true",NA,NA,NA,NA,"phase_015_subj_49"
3807,700,6,"<p style=""color:white; font-size: 35px;"">天才</p>","positive","ability","天才",6,347,347,"e","true",NA,NA,NA,NA,"phase_015_subj_49"
3808,700,6,"<p style=""color:rgb(150, 250, 100); font-size: 35px;"">他人的</p>","other","ability","他人的",6,516,516,"i","true",NA,NA,NA,NA,"phase_015_subj_49"
3809,700,6,"<p style=""color:white; font-size: 35px;"">无能</p>","negative","ability","无能",6,437,437,"i","true",NA,NA,NA,NA,"phase_015_subj_49"
3810,700,6,"<p style=""color:rgb(150, 250, 100); font-size: 35px;"">本人</p>","self","ability","本人",6,509,509,"e","true",NA,NA,NA,NA,"phase_015_subj_49"
3811,700,6,"<p style=""color:white; font-size: 35px;"">高效</p>","positive","ability","高效",6,443,443,"e","true",NA,NA,NA,NA,"phase_015_subj_49"
3812,700,6,"<p style=""color:rgb(150, 250, 100); font-size: 35px;"">别人</p>","other","ability","别人",6,517,517,"i","true",NA,NA,NA,NA,"phase_015_subj_49"
3813,700,7,"<p style=""color:white; font-size: 35px;"">蠢笨</p>","negative","ability","蠢笨",7,448,448,"i","true",NA,NA,NA,NA,"phase_015_subj_49"
3814,700,7,"<p style=""color:rgb(150, 250, 100); font-size: 35px;"">我的</p>","self","ability","我的",7,375,1067.6976744186,"i","false",NA,NA,NA,NA,"phase_015_subj_49"
3815,700,7,"<p style=""color:white; font-size: 35px;"">高效</p>","positive","ability","高效",7,395,395,"e","true",NA,NA,NA,NA,"phase_015_subj_49"
3816,700,7,"<p style=""color:rgb(150, 250, 100); font-size: 35px;"">别人</p>","other","ability","别人",7,421,1067.6976744186,"e","false",NA,NA,NA,NA,"phase_015_subj_49"
3817,700,7,"<p style=""color:white; font-size: 35px;"">能干</p>","positive","ability","能干",7,457,457,"e","true",NA,NA,NA,NA,"phase_015_subj_49"
3818,700,7,"<p style=""color:rgb(150, 250, 100); font-size: 35px;"">本人的</p>","self","ability","本人的",7,386,386,"e","true",NA,NA,NA,NA,"phase_015_subj_49"
3819,700,7,"<p style=""color:white; font-size: 35px;"">废物</p>","negative","ability","废物",7,372,1067.6976744186,"e","false",NA,NA,NA,NA,"phase_015_subj_49"
3820,700,7,"<p style=""color:rgb(150, 250, 100); font-size: 35px;"">他人</p>","other","ability","他人",7,573,573,"i","true",NA,NA,NA,NA,"phase_015_subj_49"
3821,700,7,"<p style=""color:white; font-size: 35px;"">全才</p>","positive","ability","全才",7,602,602,"e","true",NA,NA,NA,NA,"phase_015_subj_49"
3822,700,7,"<p style=""color:rgb(150, 250, 100); font-size: 35px;"">自己</p>","self","ability","自己",7,347,347,"e","true",NA,NA,NA,NA,"phase_015_subj_49"
3823,700,7,"<p style=""color:white; font-size: 35px;"">低能</p>","negative","ability","低能",7,502,502,"i","true",NA,NA,NA,NA,"phase_015_subj_49"
3824,700,7,"<p style=""color:rgb(150, 250, 100); font-size: 35px;"">他人的</p>","other","ability","他人的",7,474,474,"i","true",NA,NA,NA,NA,"phase_015_subj_49"
3825,700,7,"<p style=""color:white; font-size: 35px;"">天才</p>","positive","ability","天才",7,457,457,"e","true",NA,NA,NA,NA,"phase_015_subj_49"
3826,700,7,"<p style=""color:rgb(150, 250, 100); font-size: 35px;"">别人的</p>","other","ability","别人的",7,411,1067.6976744186,"e","false",NA,NA,NA,NA,"phase_015_subj_49"
3827,700,7,"<p style=""color:white; font-size: 35px;"">愚钝</p>","negative","ability","愚钝",7,550,550,"i","true",NA,NA,NA,NA,"phase_015_subj_49"
3828,700,7,"<p style=""color:rgb(150, 250, 100); font-size: 35px;"">本人的</p>","self","ability","本人的",7,476,476,"e","true",NA,NA,NA,NA,"phase_015_subj_49"
3829,700,7,"<p style=""color:white; font-size: 35px;"">拙笨</p>","negative","ability","拙笨",7,473,473,"i","true",NA,NA,NA,NA,"phase_015_subj_49"
3830,700,7,"<p style=""color:rgb(150, 250, 100); font-size: 35px;"">他</p>","other","ability","他",7,562,562,"i","true",NA,NA,NA,NA,"phase_015_subj_49"
3831,700,7,"<p style=""color:white; font-size: 35px;"">全能</p>","positive","ability","全能",7,441,441,"e","true",NA,NA,NA,NA,"phase_015_subj_49"
3832,700,7,"<p style=""color:rgb(150, 250, 100); font-size: 35px;"">我</p>","self","ability","我",7,493,493,"e","true",NA,NA,NA,NA,"phase_015_subj_49"
3833,700,7,"<p style=""color:white; font-size: 35px;"">精干</p>","positive","ability","精干",7,502,502,"e","true",NA,NA,NA,NA,"phase_015_subj_49"
3834,700,7,"<p style=""color:rgb(150, 250, 100); font-size: 35px;"">我的</p>","self","ability","我的",7,412,412,"e","true",NA,NA,NA,NA,"phase_015_subj_49"
3835,700,7,"<p style=""color:white; font-size: 35px;"">低能</p>","negative","ability","低能",7,372,372,"i","true",NA,NA,NA,NA,"phase_015_subj_49"
3836,700,7,"<p style=""color:rgb(150, 250, 100); font-size: 35px;"">他人的</p>","other","ability","他人的",7,447,447,"i","true",NA,NA,NA,NA,"phase_015_subj_49"
3837,700,7,"<p style=""color:white; font-size: 35px;"">无能</p>","negative","ability","无能",7,502,502,"i","true",NA,NA,NA,NA,"phase_015_subj_49"
3838,700,7,"<p style=""color:rgb(150, 250, 100); font-size: 35px;"">他</p>","other","ability","他",7,446,446,"i","true",NA,NA,NA,NA,"phase_015_subj_49"
3839,700,7,"<p style=""color:white; font-size: 35px;"">能干</p>","positive","ability","能干",7,476,476,"e","true",NA,NA,NA,NA,"phase_015_subj_49"
3840,700,7,"<p style=""color:rgb(150, 250, 100); font-size: 35px;"">自己</p>","self","ability","自己",7,372,372,"e","true",NA,NA,NA,NA,"phase_015_subj_49"
3841,700,7,"<p style=""color:white; font-size: 35px;"">天才</p>","positive","ability","天才",7,432,432,"e","true",NA,NA,NA,NA,"phase_015_subj_49"
3842,700,7,"<p style=""color:rgb(150, 250, 100); font-size: 35px;"">我</p>","self","ability","我",7,366,366,"e","true",NA,NA,NA,NA,"phase_015_subj_49"
3843,700,7,"<p style=""color:white; font-size: 35px;"">废物</p>","negative","ability","废物",7,443,443,"i","true",NA,NA,NA,NA,"phase_015_subj_49"
3844,700,7,"<p style=""color:rgb(150, 250, 100); font-size: 35px;"">他人</p>","other","ability","他人",7,397,397,"i","true",NA,NA,NA,NA,"phase_015_subj_49"
3845,700,7,"<p style=""color:white; font-size: 35px;"">精干</p>","positive","ability","精干",7,516,516,"e","true",NA,NA,NA,NA,"phase_015_subj_49"
3846,700,7,"<p style=""color:rgb(150, 250, 100); font-size: 35px;"">本人</p>","self","ability","本人",7,381,381,"e","true",NA,NA,NA,NA,"phase_015_subj_49"
3847,700,7,"<p style=""color:white; font-size: 35px;"">拙笨</p>","negative","ability","拙笨",7,496,496,"i","true",NA,NA,NA,NA,"phase_015_subj_49"
3848,700,7,"<p style=""color:rgb(150, 250, 100); font-size: 35px;"">他的</p>","other","ability","他的",7,606,606,"i","true",NA,NA,NA,NA,"phase_015_subj_49"
3849,700,7,"<p style=""color:white; font-size: 35px;"">蠢笨</p>","negative","ability","蠢笨",7,543,543,"i","true",NA,NA,NA,NA,"phase_015_subj_49"
3850,700,7,"<p style=""color:rgb(150, 250, 100); font-size: 35px;"">别人的</p>","other","ability","别人的",7,670,670,"i","true",NA,NA,NA,NA,"phase_015_subj_49"
3851,700,7,"<p style=""color:white; font-size: 35px;"">全能</p>","positive","ability","全能",7,528,528,"e","true",NA,NA,NA,NA,"phase_015_subj_49"
3852,700,7,"<p style=""color:rgb(150, 250, 100); font-size: 35px;"">自己的</p>","self","ability","自己的",7,388,388,"e","true",NA,NA,NA,NA,"phase_015_subj_49"
3853,700,7,"<p style=""color:white; font-size: 35px;"">高效</p>","positive","ability","高效",7,460,460,"e","true",NA,NA,NA,NA,"phase_015_subj_49"
3854,700,7,"<p style=""color:rgb(150, 250, 100); font-size: 35px;"">别人</p>","other","ability","别人",7,536,536,"i","true",NA,NA,NA,NA,"phase_015_subj_49"
3855,700,7,"<p style=""color:white; font-size: 35px;"">无能</p>","negative","ability","无能",7,421,421,"i","true",NA,NA,NA,NA,"phase_015_subj_49"
3856,700,7,"<p style=""color:rgb(150, 250, 100); font-size: 35px;"">自己的</p>","self","ability","自己的",7,424,424,"e","true",NA,NA,NA,NA,"phase_015_subj_49"
3857,700,7,"<p style=""color:white; font-size: 35px;"">愚钝</p>","negative","ability","愚钝",7,478,1067.6976744186,"e","false",NA,NA,NA,NA,"phase_015_subj_49"
3858,700,7,"<p style=""color:rgb(150, 250, 100); font-size: 35px;"">他的</p>","other","ability","他的",7,497,497,"i","true",NA,NA,NA,NA,"phase_015_subj_49"
3859,700,7,"<p style=""color:white; font-size: 35px;"">全才</p>","positive","ability","全才",7,401,401,"e","true",NA,NA,NA,NA,"phase_015_subj_49"
3860,700,7,"<p style=""color:rgb(150, 250, 100); font-size: 35px;"">本人</p>","self","ability","本人",7,441,441,"e","true",NA,NA,NA,NA,"phase_015_subj_49"
4247,592,NA,"
    <h3>词语分类任务</h3>
    <p>在接下来的任务中，你需要对一系列词语进行分类。</p>
    <p>请先熟悉这些词语，这有利于你完成接下来的任务。</p>
    <table align=""center"" border=1 cellpadding=3 cellspacing=0>
    <tr> <th>类别</th> <th>词语</th> </tr>
    <tr> <td>&emsp;积极&emsp;</td> <td>&emsp;能干、全能、全才、高效、精干、天才&emsp;</td> </tr>
    <tr> <td>&emsp;消极&emsp;</td> <td>&emsp;无能、低能、废物、拙笨、愚钝、蠢笨&emsp;</td> </tr>
    <tr> <td>&emsp;自我&emsp;</td> <td>&emsp;我、我的、自己、自己的、本人、本人的&emsp;</td> </tr>
    <tr> <td>&emsp;他人&emsp;</td> <td>&emsp;他、他的、别人、别人的、他人、他人的&emsp;</td> </tr>
    </table><br/>","","","",NA,21933,NA,"0","",2,1,NA,NA,"phase_015_subj_39"
4248,592,1,"<p style=""color:rgb(150, 250, 100); font-size: 35px;"">本人的</p>","self","ability","本人的",1,657,657,"e","true",NA,NA,NA,NA,"phase_015_subj_39"
4249,592,1,"<p style=""color:rgb(150, 250, 100); font-size: 35px;"">别人</p>","other","ability","别人",1,561,561,"i","true",NA,NA,NA,NA,"phase_015_subj_39"
4250,592,1,"<p style=""color:rgb(150, 250, 100); font-size: 35px;"">我</p>","self","ability","我",1,609,609,"e","true",NA,NA,NA,NA,"phase_015_subj_39"
4251,592,1,"<p style=""color:rgb(150, 250, 100); font-size: 35px;"">我的</p>","self","ability","我的",1,552,552,"e","true",NA,NA,NA,NA,"phase_015_subj_39"
4252,592,1,"<p style=""color:rgb(150, 250, 100); font-size: 35px;"">别人的</p>","other","ability","别人的",1,646,646,"i","true",NA,NA,NA,NA,"phase_015_subj_39"
4253,592,1,"<p style=""color:rgb(150, 250, 100); font-size: 35px;"">他人的</p>","other","ability","他人的",1,683,683,"i","true",NA,NA,NA,NA,"phase_015_subj_39"
4254,592,1,"<p style=""color:rgb(150, 250, 100); font-size: 35px;"">自己</p>","self","ability","自己",1,582,582,"e","true",NA,NA,NA,NA,"phase_015_subj_39"
4255,592,1,"<p style=""color:rgb(150, 250, 100); font-size: 35px;"">他的</p>","other","ability","他的",1,674,674,"i","true",NA,NA,NA,NA,"phase_015_subj_39"
4256,592,1,"<p style=""color:rgb(150, 250, 100); font-size: 35px;"">他</p>","other","ability","他",1,750,750,"i","true",NA,NA,NA,NA,"phase_015_subj_39"
4257,592,1,"<p style=""color:rgb(150, 250, 100); font-size: 35px;"">自己的</p>","self","ability","自己的",1,582,582,"e","true",NA,NA,NA,NA,"phase_015_subj_39"
4258,592,1,"<p style=""color:rgb(150, 250, 100); font-size: 35px;"">本人</p>","self","ability","本人",1,728,728,"e","true",NA,NA,NA,NA,"phase_015_subj_39"
4259,592,1,"<p style=""color:rgb(150, 250, 100); font-size: 35px;"">他人</p>","other","ability","他人",1,712,712,"i","true",NA,NA,NA,NA,"phase_015_subj_39"
4260,592,2,"<p style=""color:white; font-size: 35px;"">天才</p>","positive","ability","天才",2,604,604,"e","false",NA,NA,NA,NA,"phase_015_subj_39"
4261,592,2,"<p style=""color:white; font-size: 35px;"">拙笨</p>","negative","ability","拙笨",2,1281,1281,"i","false",NA,NA,NA,NA,"phase_015_subj_39"
4262,592,2,"<p style=""color:white; font-size: 35px;"">无能</p>","negative","ability","无能",2,1049,1049,"e","true",NA,NA,NA,NA,"phase_015_subj_39"
4263,592,2,"<p style=""color:white; font-size: 35px;"">全能</p>","positive","ability","全能",2,866,866,"i","true",NA,NA,NA,NA,"phase_015_subj_39"
4264,592,2,"<p style=""color:white; font-size: 35px;"">低能</p>","negative","ability","低能",2,738,738,"e","true",NA,NA,NA,NA,"phase_015_subj_39"
4265,592,2,"<p style=""color:white; font-size: 35px;"">精干</p>","positive","ability","精干",2,699,699,"i","true",NA,NA,NA,NA,"phase_015_subj_39"
4266,592,2,"<p style=""color:white; font-size: 35px;"">高效</p>","positive","ability","高效",2,657,657,"e","false",NA,NA,NA,NA,"phase_015_subj_39"
4267,592,2,"<p style=""color:white; font-size: 35px;"">废物</p>","negative","ability","废物",2,1106,1106,"e","true",NA,NA,NA,NA,"phase_015_subj_39"
4268,592,2,"<p style=""color:white; font-size: 35px;"">蠢笨</p>","negative","ability","蠢笨",2,847,847,"e","true",NA,NA,NA,NA,"phase_015_subj_39"
4269,592,2,"<p style=""color:white; font-size: 35px;"">全才</p>","positive","ability","全才",2,696,696,"i","true",NA,NA,NA,NA,"phase_015_subj_39"
4270,592,2,"<p style=""color:white; font-size: 35px;"">能干</p>","positive","ability","能干",2,559,559,"i","true",NA,NA,NA,NA,"phase_015_subj_39"
4271,592,2,"<p style=""color:white; font-size: 35px;"">愚钝</p>","negative","ability","愚钝",2,893,893,"e","true",NA,NA,NA,NA,"phase_015_subj_39"
4272,592,3,"<p style=""color:rgb(150, 250, 100); font-size: 35px;"">本人的</p>","self","ability","本人的",3,762,762,"e","true",NA,NA,NA,NA,"phase_015_subj_39"
4273,592,3,"<p style=""color:white; font-size: 35px;"">精干</p>","positive","ability","精干",3,1498,1498,"i","true",NA,NA,NA,NA,"phase_015_subj_39"
4274,592,3,"<p style=""color:rgb(150, 250, 100); font-size: 35px;"">别人的</p>","other","ability","别人的",3,1401,1401,"i","true",NA,NA,NA,NA,"phase_015_subj_39"
4275,592,3,"<p style=""color:white; font-size: 35px;"">低能</p>","negative","ability","低能",3,997,997,"e","true",NA,NA,NA,NA,"phase_015_subj_39"
4276,592,3,"<p style=""color:rgb(150, 250, 100); font-size: 35px;"">他人的</p>","other","ability","他人的",3,931,931,"i","true",NA,NA,NA,NA,"phase_015_subj_39"
4277,592,3,"<p style=""color:white; font-size: 35px;"">废物</p>","negative","ability","废物",3,1190,1190,"e","true",NA,NA,NA,NA,"phase_015_subj_39"
4278,592,3,"<p style=""color:rgb(150, 250, 100); font-size: 35px;"">我</p>","self","ability","我",3,998,998,"e","true",NA,NA,NA,NA,"phase_015_subj_39"
4279,592,3,"<p style=""color:white; font-size: 35px;"">能干</p>","positive","ability","能干",3,1095,1095,"i","true",NA,NA,NA,NA,"phase_015_subj_39"
4280,592,3,"<p style=""color:rgb(150, 250, 100); font-size: 35px;"">本人</p>","self","ability","本人",3,1021,1021,"e","true",NA,NA,NA,NA,"phase_015_subj_39"
4281,592,3,"<p style=""color:white; font-size: 35px;"">无能</p>","negative","ability","无能",3,1433,1433,"e","true",NA,NA,NA,NA,"phase_015_subj_39"
4282,592,3,"<p style=""color:rgb(150, 250, 100); font-size: 35px;"">他</p>","other","ability","他",3,727,727,"i","true",NA,NA,NA,NA,"phase_015_subj_39"
4283,592,3,"<p style=""color:white; font-size: 35px;"">高效</p>","positive","ability","高效",3,1063,1063,"i","true",NA,NA,NA,NA,"phase_015_subj_39"
4284,592,3,"<p style=""color:rgb(150, 250, 100); font-size: 35px;"">我的</p>","self","ability","我的",3,903,903,"e","true",NA,NA,NA,NA,"phase_015_subj_39"
4285,592,3,"<p style=""color:white; font-size: 35px;"">拙笨</p>","negative","ability","拙笨",3,1186,1186,"e","true",NA,NA,NA,NA,"phase_015_subj_39"
4286,592,3,"<p style=""color:rgb(150, 250, 100); font-size: 35px;"">他人</p>","other","ability","他人",3,890,890,"i","true",NA,NA,NA,NA,"phase_015_subj_39"
4287,592,3,"<p style=""color:white; font-size: 35px;"">天才</p>","positive","ability","天才",3,1118,1118,"i","true",NA,NA,NA,NA,"phase_015_subj_39"
4288,592,3,"<p style=""color:rgb(150, 250, 100); font-size: 35px;"">自己的</p>","self","ability","自己的",3,1087,1087,"e","true",NA,NA,NA,NA,"phase_015_subj_39"
4289,592,3,"<p style=""color:white; font-size: 35px;"">愚钝</p>","negative","ability","愚钝",3,905,905,"e","true",NA,NA,NA,NA,"phase_015_subj_39"
4290,592,3,"<p style=""color:rgb(150, 250, 100); font-size: 35px;"">他的</p>","other","ability","他的",3,1078,1078,"i","true",NA,NA,NA,NA,"phase_015_subj_39"
4291,592,3,"<p style=""color:white; font-size: 35px;"">全才</p>","positive","ability","全才",3,1886,1886,"i","true",NA,NA,NA,NA,"phase_015_subj_39"
4292,592,3,"<p style=""color:rgb(150, 250, 100); font-size: 35px;"">自己</p>","self","ability","自己",3,841,841,"e","true",NA,NA,NA,NA,"phase_015_subj_39"
4293,592,3,"<p style=""color:white; font-size: 35px;"">全能</p>","positive","ability","全能",3,1226,1226,"i","true",NA,NA,NA,NA,"phase_015_subj_39"
4294,592,3,"<p style=""color:rgb(150, 250, 100); font-size: 35px;"">别人</p>","other","ability","别人",3,792,792,"i","true",NA,NA,NA,NA,"phase_015_subj_39"
4295,592,3,"<p style=""color:white; font-size: 35px;"">蠢笨</p>","negative","ability","蠢笨",3,907,907,"e","true",NA,NA,NA,NA,"phase_015_subj_39"
4296,592,4,"<p style=""color:rgb(150, 250, 100); font-size: 35px;"">别人的</p>","other","ability","别人的",4,876,876,"i","true",NA,NA,NA,NA,"phase_015_subj_39"
4297,592,4,"<p style=""color:white; font-size: 35px;"">无能</p>","negative","ability","无能",4,1062,1062,"e","true",NA,NA,NA,NA,"phase_015_subj_39"
4298,592,4,"<p style=""color:rgb(150, 250, 100); font-size: 35px;"">本人的</p>","self","ability","本人的",4,1263,1263,"e","true",NA,NA,NA,NA,"phase_015_subj_39"
4299,592,4,"<p style=""color:white; font-size: 35px;"">能干</p>","positive","ability","能干",4,955,955,"i","true",NA,NA,NA,NA,"phase_015_subj_39"
4300,592,4,"<p style=""color:rgb(150, 250, 100); font-size: 35px;"">我</p>","self","ability","我",4,808,808,"e","true",NA,NA,NA,NA,"phase_015_subj_39"
4301,592,4,"<p style=""color:white; font-size: 35px;"">高效</p>","positive","ability","高效",4,1424,1424,"i","true",NA,NA,NA,NA,"phase_015_subj_39"
4302,592,4,"<p style=""color:rgb(150, 250, 100); font-size: 35px;"">他人的</p>","other","ability","他人的",4,685,685,"i","true",NA,NA,NA,NA,"phase_015_subj_39"
4303,592,4,"<p style=""color:white; font-size: 35px;"">拙笨</p>","negative","ability","拙笨",4,978,978,"e","true",NA,NA,NA,NA,"phase_015_subj_39"
4304,592,4,"<p style=""color:rgb(150, 250, 100); font-size: 35px;"">别人的</p>","other","ability","别人的",4,833,833,"i","true",NA,NA,NA,NA,"phase_015_subj_39"
4305,592,4,"<p style=""color:white; font-size: 35px;"">无能</p>","negative","ability","无能",4,1178,1178,"e","true",NA,NA,NA,NA,"phase_015_subj_39"
4306,592,4,"<p style=""color:rgb(150, 250, 100); font-size: 35px;"">自己</p>","self","ability","自己",4,810,810,"e","true",NA,NA,NA,NA,"phase_015_subj_39"
4307,592,4,"<p style=""color:white; font-size: 35px;"">全能</p>","positive","ability","全能",4,1311,1311,"i","true",NA,NA,NA,NA,"phase_015_subj_39"
4308,592,4,"<p style=""color:rgb(150, 250, 100); font-size: 35px;"">本人</p>","self","ability","本人",4,933,933,"e","true",NA,NA,NA,NA,"phase_015_subj_39"
4309,592,4,"<p style=""color:white; font-size: 35px;"">天才</p>","positive","ability","天才",4,1167,1167,"i","true",NA,NA,NA,NA,"phase_015_subj_39"
4310,592,4,"<p style=""color:rgb(150, 250, 100); font-size: 35px;"">他的</p>","other","ability","他的",4,771,771,"i","true",NA,NA,NA,NA,"phase_015_subj_39"
4311,592,4,"<p style=""color:white; font-size: 35px;"">愚钝</p>","negative","ability","愚钝",4,978,978,"e","true",NA,NA,NA,NA,"phase_015_subj_39"
4312,592,4,"<p style=""color:rgb(150, 250, 100); font-size: 35px;"">别人</p>","other","ability","别人",4,1043,1043,"i","true",NA,NA,NA,NA,"phase_015_subj_39"
4313,592,4,"<p style=""color:white; font-size: 35px;"">精干</p>","positive","ability","精干",4,824,824,"i","true",NA,NA,NA,NA,"phase_015_subj_39"
4314,592,4,"<p style=""color:rgb(150, 250, 100); font-size: 35px;"">我</p>","self","ability","我",4,871,871,"e","true",NA,NA,NA,NA,"phase_015_subj_39"
4315,592,4,"<p style=""color:white; font-size: 35px;"">低能</p>","negative","ability","低能",4,1722,1722,"e","true",NA,NA,NA,NA,"phase_015_subj_39"
4316,592,4,"<p style=""color:rgb(150, 250, 100); font-size: 35px;"">我的</p>","self","ability","我的",4,867,867,"e","true",NA,NA,NA,NA,"phase_015_subj_39"
4317,592,4,"<p style=""color:white; font-size: 35px;"">废物</p>","negative","ability","废物",4,957,957,"e","true",NA,NA,NA,NA,"phase_015_subj_39"
4318,592,4,"<p style=""color:rgb(150, 250, 100); font-size: 35px;"">他人的</p>","other","ability","他人的",4,674,674,"i","true",NA,NA,NA,NA,"phase_015_subj_39"
4319,592,4,"<p style=""color:white; font-size: 35px;"">能干</p>","positive","ability","能干",4,581,581,"i","true",NA,NA,NA,NA,"phase_015_subj_39"
4320,592,4,"<p style=""color:rgb(150, 250, 100); font-size: 35px;"">他</p>","other","ability","他",4,788,788,"i","true",NA,NA,NA,NA,"phase_015_subj_39"
4321,592,4,"<p style=""color:white; font-size: 35px;"">全才</p>","positive","ability","全才",4,861,861,"i","true",NA,NA,NA,NA,"phase_015_subj_39"
4322,592,4,"<p style=""color:rgb(150, 250, 100); font-size: 35px;"">自己的</p>","self","ability","自己的",4,696,696,"e","true",NA,NA,NA,NA,"phase_015_subj_39"
4323,592,4,"<p style=""color:white; font-size: 35px;"">废物</p>","negative","ability","废物",4,840,840,"e","true",NA,NA,NA,NA,"phase_015_subj_39"
4324,592,4,"<p style=""color:rgb(150, 250, 100); font-size: 35px;"">他人</p>","other","ability","他人",4,788,788,"i","true",NA,NA,NA,NA,"phase_015_subj_39"
4325,592,4,"<p style=""color:white; font-size: 35px;"">愚钝</p>","negative","ability","愚钝",4,2104,2104,"e","true",NA,NA,NA,NA,"phase_015_subj_39"
4326,592,4,"<p style=""color:rgb(150, 250, 100); font-size: 35px;"">自己</p>","self","ability","自己",4,799,799,"e","true",NA,NA,NA,NA,"phase_015_subj_39"
4327,592,4,"<p style=""color:white; font-size: 35px;"">精干</p>","positive","ability","精干",4,749,749,"i","true",NA,NA,NA,NA,"phase_015_subj_39"
4328,592,4,"<p style=""color:rgb(150, 250, 100); font-size: 35px;"">本人</p>","self","ability","本人",4,1729,1729,"e","true",NA,NA,NA,NA,"phase_015_subj_39"
4329,592,4,"<p style=""color:white; font-size: 35px;"">蠢笨</p>","negative","ability","蠢笨",4,921,921,"e","true",NA,NA,NA,NA,"phase_015_subj_39"
4330,592,4,"<p style=""color:rgb(150, 250, 100); font-size: 35px;"">他的</p>","other","ability","他的",4,802,802,"i","true",NA,NA,NA,NA,"phase_015_subj_39"
4331,592,4,"<p style=""color:white; font-size: 35px;"">全能</p>","positive","ability","全能",4,1043,1043,"i","true",NA,NA,NA,NA,"phase_015_subj_39"
4332,592,4,"<p style=""color:rgb(150, 250, 100); font-size: 35px;"">他人</p>","other","ability","他人",4,703,703,"i","true",NA,NA,NA,NA,"phase_015_subj_39"
4333,592,4,"<p style=""color:white; font-size: 35px;"">天才</p>","positive","ability","天才",4,542,542,"i","true",NA,NA,NA,NA,"phase_015_subj_39"
4334,592,4,"<p style=""color:rgb(150, 250, 100); font-size: 35px;"">本人的</p>","self","ability","本人的",4,940,940,"e","true",NA,NA,NA,NA,"phase_015_subj_39"
4335,592,4,"<p style=""color:white; font-size: 35px;"">低能</p>","negative","ability","低能",4,637,637,"e","true",NA,NA,NA,NA,"phase_015_subj_39"
4336,592,4,"<p style=""color:rgb(150, 250, 100); font-size: 35px;"">他</p>","other","ability","他",4,831,831,"i","true",NA,NA,NA,NA,"phase_015_subj_39"
4337,592,4,"<p style=""color:white; font-size: 35px;"">拙笨</p>","negative","ability","拙笨",4,1008,1008,"e","true",NA,NA,NA,NA,"phase_015_subj_39"
4338,592,4,"<p style=""color:rgb(150, 250, 100); font-size: 35px;"">我的</p>","self","ability","我的",4,1049,1049,"e","true",NA,NA,NA,NA,"phase_015_subj_39"
4339,592,4,"<p style=""color:white; font-size: 35px;"">高效</p>","positive","ability","高效",4,1445,1445,"i","true",NA,NA,NA,NA,"phase_015_subj_39"
4340,592,4,"<p style=""color:rgb(150, 250, 100); font-size: 35px;"">别人</p>","other","ability","别人",4,846,846,"i","true",NA,NA,NA,NA,"phase_015_subj_39"
4341,592,4,"<p style=""color:white; font-size: 35px;"">蠢笨</p>","negative","ability","蠢笨",4,1067,1067,"e","true",NA,NA,NA,NA,"phase_015_subj_39"
4342,592,4,"<p style=""color:rgb(150, 250, 100); font-size: 35px;"">自己的</p>","self","ability","自己的",4,833,833,"e","true",NA,NA,NA,NA,"phase_015_subj_39"
4343,592,4,"<p style=""color:white; font-size: 35px;"">全才</p>","positive","ability","全才",4,936,936,"i","true",NA,NA,NA,NA,"phase_015_subj_39"
4344,592,5,"<p style=""color:rgb(150, 250, 100); font-size: 35px;"">他人的</p>","other","ability","他人的",5,678,678,"e","true",NA,NA,NA,NA,"phase_015_subj_39"
4345,592,5,"<p style=""color:rgb(150, 250, 100); font-size: 35px;"">别人</p>","other","ability","别人",5,606,606,"e","true",NA,NA,NA,NA,"phase_015_subj_39"
4346,592,5,"<p style=""color:rgb(150, 250, 100); font-size: 35px;"">他人</p>","other","ability","他人",5,647,647,"e","true",NA,NA,NA,NA,"phase_015_subj_39"
4347,592,5,"<p style=""color:rgb(150, 250, 100); font-size: 35px;"">别人</p>","other","ability","别人",5,737,737,"e","true",NA,NA,NA,NA,"phase_015_subj_39"
4348,592,5,"<p style=""color:rgb(150, 250, 100); font-size: 35px;"">我</p>","self","ability","我",5,578,578,"i","true",NA,NA,NA,NA,"phase_015_subj_39"
4349,592,5,"<p style=""color:rgb(150, 250, 100); font-size: 35px;"">他</p>","other","ability","他",5,695,695,"e","true",NA,NA,NA,NA,"phase_015_subj_39"
4350,592,5,"<p style=""color:rgb(150, 250, 100); font-size: 35px;"">本人的</p>","self","ability","本人的",5,978,978,"i","true",NA,NA,NA,NA,"phase_015_subj_39"
4351,592,5,"<p style=""color:rgb(150, 250, 100); font-size: 35px;"">他的</p>","other","ability","他的",5,702,702,"e","true",NA,NA,NA,NA,"phase_015_subj_39"
4352,592,5,"<p style=""color:rgb(150, 250, 100); font-size: 35px;"">自己</p>","self","ability","自己",5,682,682,"i","true",NA,NA,NA,NA,"phase_015_subj_39"
4353,592,5,"<p style=""color:rgb(150, 250, 100); font-size: 35px;"">别人的</p>","other","ability","别人的",5,1050,1050,"e","true",NA,NA,NA,NA,"phase_015_subj_39"
4354,592,5,"<p style=""color:rgb(150, 250, 100); font-size: 35px;"">本人</p>","self","ability","本人",5,722,722,"i","true",NA,NA,NA,NA,"phase_015_subj_39"
4355,592,5,"<p style=""color:rgb(150, 250, 100); font-size: 35px;"">他</p>","other","ability","他",5,843,843,"e","true",NA,NA,NA,NA,"phase_015_subj_39"
4356,592,5,"<p style=""color:rgb(150, 250, 100); font-size: 35px;"">自己的</p>","self","ability","自己的",5,784,784,"i","true",NA,NA,NA,NA,"phase_015_subj_39"
4357,592,5,"<p style=""color:rgb(150, 250, 100); font-size: 35px;"">他的</p>","other","ability","他的",5,799,799,"e","true",NA,NA,NA,NA,"phase_015_subj_39"
4358,592,5,"<p style=""color:rgb(150, 250, 100); font-size: 35px;"">本人的</p>","self","ability","本人的",5,967,967,"i","true",NA,NA,NA,NA,"phase_015_subj_39"
4359,592,5,"<p style=""color:rgb(150, 250, 100); font-size: 35px;"">自己</p>","self","ability","自己",5,809,809,"i","true",NA,NA,NA,NA,"phase_015_subj_39"
4360,592,5,"<p style=""color:rgb(150, 250, 100); font-size: 35px;"">自己的</p>","self","ability","自己的",5,721,721,"i","true",NA,NA,NA,NA,"phase_015_subj_39"
4361,592,5,"<p style=""color:rgb(150, 250, 100); font-size: 35px;"">他人</p>","other","ability","他人",5,725,725,"e","true",NA,NA,NA,NA,"phase_015_subj_39"
4362,592,5,"<p style=""color:rgb(150, 250, 100); font-size: 35px;"">他人的</p>","other","ability","他人的",5,715,715,"e","true",NA,NA,NA,NA,"phase_015_subj_39"
4363,592,5,"<p style=""color:rgb(150, 250, 100); font-size: 35px;"">别人的</p>","other","ability","别人的",5,818,818,"e","true",NA,NA,NA,NA,"phase_015_subj_39"
4364,592,5,"<p style=""color:rgb(150, 250, 100); font-size: 35px;"">我的</p>","self","ability","我的",5,764,764,"i","true",NA,NA,NA,NA,"phase_015_subj_39"
4365,592,5,"<p style=""color:rgb(150, 250, 100); font-size: 35px;"">本人</p>","self","ability","本人",5,1240,1240,"i","true",NA,NA,NA,NA,"phase_015_subj_39"
4366,592,5,"<p style=""color:rgb(150, 250, 100); font-size: 35px;"">我</p>","self","ability","我",5,603,603,"i","true",NA,NA,NA,NA,"phase_015_subj_39"
4367,592,5,"<p style=""color:rgb(150, 250, 100); font-size: 35px;"">我的</p>","self","ability","我的",5,662,662,"i","true",NA,NA,NA,NA,"phase_015_subj_39"
4368,592,6,"<p style=""color:white; font-size: 35px;"">无能</p>","negative","ability","无能",6,956,956,"e","true",NA,NA,NA,NA,"phase_015_subj_39"
4369,592,6,"<p style=""color:rgb(150, 250, 100); font-size: 35px;"">他人</p>","other","ability","他人",6,508,508,"e","true",NA,NA,NA,NA,"phase_015_subj_39"
4370,592,6,"<p style=""color:white; font-size: 35px;"">能干</p>","positive","ability","能干",6,842,842,"i","true",NA,NA,NA,NA,"phase_015_subj_39"
4371,592,6,"<p style=""color:rgb(150, 250, 100); font-size: 35px;"">自己的</p>","self","ability","自己的",6,713,713,"i","true",NA,NA,NA,NA,"phase_015_subj_39"
4372,592,6,"<p style=""color:white; font-size: 35px;"">全才</p>","positive","ability","全才",6,1026,1026,"i","true",NA,NA,NA,NA,"phase_015_subj_39"
4373,592,6,"<p style=""color:rgb(150, 250, 100); font-size: 35px;"">自己</p>","self","ability","自己",6,775,775,"i","true",NA,NA,NA,NA,"phase_015_subj_39"
4374,592,6,"<p style=""color:white; font-size: 35px;"">废物</p>","negative","ability","废物",6,995,995,"e","true",NA,NA,NA,NA,"phase_015_subj_39"
4375,592,6,"<p style=""color:rgb(150, 250, 100); font-size: 35px;"">别人的</p>","other","ability","别人的",6,732,732,"e","true",NA,NA,NA,NA,"phase_015_subj_39"
4376,592,6,"<p style=""color:white; font-size: 35px;"">低能</p>","negative","ability","低能",6,768,768,"e","true",NA,NA,NA,NA,"phase_015_subj_39"
4377,592,6,"<p style=""color:rgb(150, 250, 100); font-size: 35px;"">我</p>","self","ability","我",6,1318,1318,"i","true",NA,NA,NA,NA,"phase_015_subj_39"
4378,592,6,"<p style=""color:white; font-size: 35px;"">全能</p>","positive","ability","全能",6,1156,1156,"i","true",NA,NA,NA,NA,"phase_015_subj_39"
4379,592,6,"<p style=""color:rgb(150, 250, 100); font-size: 35px;"">他人的</p>","other","ability","他人的",6,740,740,"e","true",NA,NA,NA,NA,"phase_015_subj_39"
4380,592,6,"<p style=""color:white; font-size: 35px;"">拙笨</p>","negative","ability","拙笨",6,1098,1098,"e","true",NA,NA,NA,NA,"phase_015_subj_39"
4381,592,6,"<p style=""color:rgb(150, 250, 100); font-size: 35px;"">本人的</p>","self","ability","本人的",6,919,919,"i","true",NA,NA,NA,NA,"phase_015_subj_39"
4382,592,6,"<p style=""color:white; font-size: 35px;"">精干</p>","positive","ability","精干",6,743,743,"i","true",NA,NA,NA,NA,"phase_015_subj_39"
4383,592,6,"<p style=""color:rgb(150, 250, 100); font-size: 35px;"">他的</p>","other","ability","他的",6,868,868,"e","true",NA,NA,NA,NA,"phase_015_subj_39"
4384,592,6,"<p style=""color:white; font-size: 35px;"">高效</p>","positive","ability","高效",6,874,874,"i","true",NA,NA,NA,NA,"phase_015_subj_39"
4385,592,6,"<p style=""color:rgb(150, 250, 100); font-size: 35px;"">本人</p>","self","ability","本人",6,823,823,"i","true",NA,NA,NA,NA,"phase_015_subj_39"
4386,592,6,"<p style=""color:white; font-size: 35px;"">愚钝</p>","negative","ability","愚钝",6,802,802,"e","true",NA,NA,NA,NA,"phase_015_subj_39"
4387,592,6,"<p style=""color:rgb(150, 250, 100); font-size: 35px;"">别人</p>","other","ability","别人",6,684,684,"e","true",NA,NA,NA,NA,"phase_015_subj_39"
4388,592,6,"<p style=""color:white; font-size: 35px;"">天才</p>","positive","ability","天才",6,1585,1585,"i","true",NA,NA,NA,NA,"phase_015_subj_39"
4389,592,6,"<p style=""color:rgb(150, 250, 100); font-size: 35px;"">我的</p>","self","ability","我的",6,705,705,"i","true",NA,NA,NA,NA,"phase_015_subj_39"
4390,592,6,"<p style=""color:white; font-size: 35px;"">蠢笨</p>","negative","ability","蠢笨",6,784,784,"e","true",NA,NA,NA,NA,"phase_015_subj_39"
4391,592,6,"<p style=""color:rgb(150, 250, 100); font-size: 35px;"">他</p>","other","ability","他",6,848,848,"e","true",NA,NA,NA,NA,"phase_015_subj_39"
4392,592,7,"<p style=""color:white; font-size: 35px;"">全能</p>","positive","ability","全能",7,941,941,"i","true",NA,NA,NA,NA,"phase_015_subj_39"
4393,592,7,"<p style=""color:rgb(150, 250, 100); font-size: 35px;"">本人的</p>","self","ability","本人的",7,534,534,"i","true",NA,NA,NA,NA,"phase_015_subj_39"
4394,592,7,"<p style=""color:white; font-size: 35px;"">废物</p>","negative","ability","废物",7,663,663,"e","true",NA,NA,NA,NA,"phase_015_subj_39"
4395,592,7,"<p style=""color:rgb(150, 250, 100); font-size: 35px;"">他</p>","other","ability","他",7,630,630,"e","true",NA,NA,NA,NA,"phase_015_subj_39"
4396,592,7,"<p style=""color:white; font-size: 35px;"">愚钝</p>","negative","ability","愚钝",7,707,707,"e","true",NA,NA,NA,NA,"phase_015_subj_39"
4397,592,7,"<p style=""color:rgb(150, 250, 100); font-size: 35px;"">别人</p>","other","ability","别人",7,599,599,"e","true",NA,NA,NA,NA,"phase_015_subj_39"
4398,592,7,"<p style=""color:white; font-size: 35px;"">全能</p>","positive","ability","全能",7,668,668,"i","true",NA,NA,NA,NA,"phase_015_subj_39"
4399,592,7,"<p style=""color:rgb(150, 250, 100); font-size: 35px;"">我的</p>","self","ability","我的",7,606,606,"i","true",NA,NA,NA,NA,"phase_015_subj_39"
4400,592,7,"<p style=""color:white; font-size: 35px;"">蠢笨</p>","negative","ability","蠢笨",7,747,747,"e","true",NA,NA,NA,NA,"phase_015_subj_39"
4401,592,7,"<p style=""color:rgb(150, 250, 100); font-size: 35px;"">本人</p>","self","ability","本人",7,827,827,"i","true",NA,NA,NA,NA,"phase_015_subj_39"
4402,592,7,"<p style=""color:white; font-size: 35px;"">高效</p>","positive","ability","高效",7,956,956,"i","true",NA,NA,NA,NA,"phase_015_subj_39"
4403,592,7,"<p style=""color:rgb(150, 250, 100); font-size: 35px;"">他的</p>","other","ability","他的",7,698,698,"e","true",NA,NA,NA,NA,"phase_015_subj_39"
4404,592,7,"<p style=""color:white; font-size: 35px;"">低能</p>","negative","ability","低能",7,901,901,"e","true",NA,NA,NA,NA,"phase_015_subj_39"
4405,592,7,"<p style=""color:rgb(150, 250, 100); font-size: 35px;"">我</p>","self","ability","我",7,872,872,"i","true",NA,NA,NA,NA,"phase_015_subj_39"
4406,592,7,"<p style=""color:white; font-size: 35px;"">全才</p>","positive","ability","全才",7,1025,1025,"i","true",NA,NA,NA,NA,"phase_015_subj_39"
4407,592,7,"<p style=""color:rgb(150, 250, 100); font-size: 35px;"">他人</p>","other","ability","他人",7,757,757,"e","true",NA,NA,NA,NA,"phase_015_subj_39"
4408,592,7,"<p style=""color:white; font-size: 35px;"">拙笨</p>","negative","ability","拙笨",7,737,737,"e","true",NA,NA,NA,NA,"phase_015_subj_39"
4409,592,7,"<p style=""color:rgb(150, 250, 100); font-size: 35px;"">他人</p>","other","ability","他人",7,694,694,"e","true",NA,NA,NA,NA,"phase_015_subj_39"
4410,592,7,"<p style=""color:white; font-size: 35px;"">全才</p>","positive","ability","全才",7,916,916,"i","true",NA,NA,NA,NA,"phase_015_subj_39"
4411,592,7,"<p style=""color:rgb(150, 250, 100); font-size: 35px;"">本人</p>","self","ability","本人",7,666,666,"i","true",NA,NA,NA,NA,"phase_015_subj_39"
4412,592,7,"<p style=""color:white; font-size: 35px;"">无能</p>","negative","ability","无能",7,934,934,"e","true",NA,NA,NA,NA,"phase_015_subj_39"
4413,592,7,"<p style=""color:rgb(150, 250, 100); font-size: 35px;"">我的</p>","self","ability","我的",7,812,812,"i","true",NA,NA,NA,NA,"phase_015_subj_39"
4414,592,7,"<p style=""color:white; font-size: 35px;"">天才</p>","positive","ability","天才",7,895,895,"i","true",NA,NA,NA,NA,"phase_015_subj_39"
4415,592,7,"<p style=""color:rgb(150, 250, 100); font-size: 35px;"">别人的</p>","other","ability","别人的",7,667,667,"e","true",NA,NA,NA,NA,"phase_015_subj_39"
4416,592,7,"<p style=""color:white; font-size: 35px;"">能干</p>","positive","ability","能干",7,732,732,"i","true",NA,NA,NA,NA,"phase_015_subj_39"
4417,592,7,"<p style=""color:rgb(150, 250, 100); font-size: 35px;"">自己</p>","self","ability","自己",7,646,646,"i","true",NA,NA,NA,NA,"phase_015_subj_39"
4418,592,7,"<p style=""color:white; font-size: 35px;"">愚钝</p>","negative","ability","愚钝",7,690,690,"e","true",NA,NA,NA,NA,"phase_015_subj_39"
4419,592,7,"<p style=""color:rgb(150, 250, 100); font-size: 35px;"">别人的</p>","other","ability","别人的",7,649,649,"e","true",NA,NA,NA,NA,"phase_015_subj_39"
4420,592,7,"<p style=""color:white; font-size: 35px;"">废物</p>","negative","ability","废物",7,914,914,"e","true",NA,NA,NA,NA,"phase_015_subj_39"
4421,592,7,"<p style=""color:rgb(150, 250, 100); font-size: 35px;"">自己的</p>","self","ability","自己的",7,905,905,"i","true",NA,NA,NA,NA,"phase_015_subj_39"
4422,592,7,"<p style=""color:white; font-size: 35px;"">精干</p>","positive","ability","精干",7,596,596,"i","true",NA,NA,NA,NA,"phase_015_subj_39"
4423,592,7,"<p style=""color:rgb(150, 250, 100); font-size: 35px;"">别人</p>","other","ability","别人",7,724,724,"e","true",NA,NA,NA,NA,"phase_015_subj_39"
4424,592,7,"<p style=""color:white; font-size: 35px;"">无能</p>","negative","ability","无能",7,879,879,"e","true",NA,NA,NA,NA,"phase_015_subj_39"
4425,592,7,"<p style=""color:rgb(150, 250, 100); font-size: 35px;"">他</p>","other","ability","他",7,689,689,"e","true",NA,NA,NA,NA,"phase_015_subj_39"
4426,592,7,"<p style=""color:white; font-size: 35px;"">精干</p>","positive","ability","精干",7,1007,1007,"i","true",NA,NA,NA,NA,"phase_015_subj_39"
4427,592,7,"<p style=""color:rgb(150, 250, 100); font-size: 35px;"">我</p>","self","ability","我",7,577,577,"i","true",NA,NA,NA,NA,"phase_015_subj_39"
4428,592,7,"<p style=""color:white; font-size: 35px;"">高效</p>","positive","ability","高效",7,678,678,"i","true",NA,NA,NA,NA,"phase_015_subj_39"
4429,592,7,"<p style=""color:rgb(150, 250, 100); font-size: 35px;"">他人的</p>","other","ability","他人的",7,925,925,"e","true",NA,NA,NA,NA,"phase_015_subj_39"
4430,592,7,"<p style=""color:white; font-size: 35px;"">低能</p>","negative","ability","低能",7,912,912,"e","true",NA,NA,NA,NA,"phase_015_subj_39"
4431,592,7,"<p style=""color:rgb(150, 250, 100); font-size: 35px;"">自己</p>","self","ability","自己",7,639,639,"i","true",NA,NA,NA,NA,"phase_015_subj_39"
4432,592,7,"<p style=""color:white; font-size: 35px;"">能干</p>","positive","ability","能干",7,598,598,"i","true",NA,NA,NA,NA,"phase_015_subj_39"
4433,592,7,"<p style=""color:rgb(150, 250, 100); font-size: 35px;"">自己的</p>","self","ability","自己的",7,682,682,"i","true",NA,NA,NA,NA,"phase_015_subj_39"
4434,592,7,"<p style=""color:white; font-size: 35px;"">蠢笨</p>","negative","ability","蠢笨",7,716,716,"e","true",NA,NA,NA,NA,"phase_015_subj_39"
4435,592,7,"<p style=""color:rgb(150, 250, 100); font-size: 35px;"">他人的</p>","other","ability","他人的",7,669,669,"e","true",NA,NA,NA,NA,"phase_015_subj_39"
4436,592,7,"<p style=""color:white; font-size: 35px;"">拙笨</p>","negative","ability","拙笨",7,619,619,"e","true",NA,NA,NA,NA,"phase_015_subj_39"
4437,592,7,"<p style=""color:rgb(150, 250, 100); font-size: 35px;"">他的</p>","other","ability","他的",7,649,649,"e","true",NA,NA,NA,NA,"phase_015_subj_39"
4438,592,7,"<p style=""color:white; font-size: 35px;"">天才</p>","positive","ability","天才",7,685,685,"i","true",NA,NA,NA,NA,"phase_015_subj_39"
4439,592,7,"<p style=""color:rgb(150, 250, 100); font-size: 35px;"">本人的</p>","self","ability","本人的",7,554,554,"i","true",NA,NA,NA,NA,"phase_015_subj_39"
4440,592,NA,"
    <h3>词语分类任务</h3>
    <p>在接下来的任务中，你需要对一系列词语进行分类。<p/>
    请先熟悉这些词语，这有利于你完成接下来的任务。</p>
    <table align=""center"" border=1 cellpadding=3 cellspacing=0>
    <tr> <th>类别</th> <th>词语</th> </tr>
    <tr> <td>&emsp;积极&emsp;</td> <td>&emsp;高尚、诚信、善良、君子、廉正、正直&emsp;</td> </tr>
    <tr> <td>&emsp;消极&emsp;</td> <td>&emsp;缺德、卑鄙、不孝、不仁、小人、黑心&emsp;</td> </tr>
    <tr> <td>&emsp;自我&emsp;</td> <td>&emsp;我、我的、自己、自己的、本人、本人的&emsp;</td> </tr>
    <tr> <td>&emsp;他人&emsp;</td> <td>&emsp;他、他的、别人、别人的、他人、他人的&emsp;</td> </tr>
    </table><br/>","","","",NA,26366,NA,"0","",NA,NA,2,2,"phase_015_subj_39"
4441,592,11,"<p style=""color:rgb(150, 250, 100); font-size: 35px;"">他</p>","other","moral","他",1,426,426,"e","true",NA,NA,NA,NA,"phase_015_subj_39"
4442,592,11,"<p style=""color:rgb(150, 250, 100); font-size: 35px;"">本人</p>","self","moral","本人",1,559,559,"i","true",NA,NA,NA,NA,"phase_015_subj_39"
4443,592,11,"<p style=""color:rgb(150, 250, 100); font-size: 35px;"">自己</p>","self","moral","自己",1,785,785,"i","true",NA,NA,NA,NA,"phase_015_subj_39"
4444,592,11,"<p style=""color:rgb(150, 250, 100); font-size: 35px;"">别人</p>","other","moral","别人",1,526,526,"e","true",NA,NA,NA,NA,"phase_015_subj_39"
4445,592,11,"<p style=""color:rgb(150, 250, 100); font-size: 35px;"">本人的</p>","self","moral","本人的",1,681,681,"i","true",NA,NA,NA,NA,"phase_015_subj_39"
4446,592,11,"<p style=""color:rgb(150, 250, 100); font-size: 35px;"">他的</p>","other","moral","他的",1,527,527,"e","true",NA,NA,NA,NA,"phase_015_subj_39"
4447,592,11,"<p style=""color:rgb(150, 250, 100); font-size: 35px;"">我的</p>","self","moral","我的",1,719,719,"i","true",NA,NA,NA,NA,"phase_015_subj_39"
4448,592,11,"<p style=""color:rgb(150, 250, 100); font-size: 35px;"">自己的</p>","self","moral","自己的",1,584,584,"i","true",NA,NA,NA,NA,"phase_015_subj_39"
4449,592,11,"<p style=""color:rgb(150, 250, 100); font-size: 35px;"">他人的</p>","other","moral","他人的",1,623,623,"e","true",NA,NA,NA,NA,"phase_015_subj_39"
4450,592,11,"<p style=""color:rgb(150, 250, 100); font-size: 35px;"">我</p>","self","moral","我",1,1072,1072,"i","true",NA,NA,NA,NA,"phase_015_subj_39"
4451,592,11,"<p style=""color:rgb(150, 250, 100); font-size: 35px;"">别人的</p>","other","moral","别人的",1,677,677,"e","true",NA,NA,NA,NA,"phase_015_subj_39"
4452,592,11,"<p style=""color:rgb(150, 250, 100); font-size: 35px;"">他人</p>","other","moral","他人",1,515,515,"e","true",NA,NA,NA,NA,"phase_015_subj_39"
4453,592,12,"<p style=""color:white; font-size: 35px;"">诚信</p>","positive","moral","诚信",2,784,784,"i","true",NA,NA,NA,NA,"phase_015_subj_39"
4454,592,12,"<p style=""color:white; font-size: 35px;"">善良</p>","positive","moral","善良",2,506,506,"i","true",NA,NA,NA,NA,"phase_015_subj_39"
4455,592,12,"<p style=""color:white; font-size: 35px;"">廉正</p>","positive","moral","廉正",2,547,547,"i","true",NA,NA,NA,NA,"phase_015_subj_39"
4456,592,12,"<p style=""color:white; font-size: 35px;"">黑心</p>","negative","moral","黑心",2,832,832,"e","true",NA,NA,NA,NA,"phase_015_subj_39"
4457,592,12,"<p style=""color:white; font-size: 35px;"">缺德</p>","negative","moral","缺德",2,605,605,"e","true",NA,NA,NA,NA,"phase_015_subj_39"
4458,592,12,"<p style=""color:white; font-size: 35px;"">卑鄙</p>","negative","moral","卑鄙",2,500,500,"e","true",NA,NA,NA,NA,"phase_015_subj_39"
4459,592,12,"<p style=""color:white; font-size: 35px;"">君子</p>","positive","moral","君子",2,703,703,"i","true",NA,NA,NA,NA,"phase_015_subj_39"
4460,592,12,"<p style=""color:white; font-size: 35px;"">高尚</p>","positive","moral","高尚",2,681,681,"i","true",NA,NA,NA,NA,"phase_015_subj_39"
4461,592,12,"<p style=""color:white; font-size: 35px;"">小人</p>","negative","moral","小人",2,754,754,"e","true",NA,NA,NA,NA,"phase_015_subj_39"
4462,592,12,"<p style=""color:white; font-size: 35px;"">不仁</p>","negative","moral","不仁",2,812,812,"e","true",NA,NA,NA,NA,"phase_015_subj_39"
4463,592,12,"<p style=""color:white; font-size: 35px;"">不孝</p>","negative","moral","不孝",2,614,614,"e","true",NA,NA,NA,NA,"phase_015_subj_39"
4464,592,12,"<p style=""color:white; font-size: 35px;"">正直</p>","positive","moral","正直",2,617,617,"i","true",NA,NA,NA,NA,"phase_015_subj_39"
4465,592,13,"<p style=""color:rgb(150, 250, 100); font-size: 35px;"">自己</p>","self","moral","自己",3,734,734,"i","true",NA,NA,NA,NA,"phase_015_subj_39"
4466,592,13,"<p style=""color:white; font-size: 35px;"">诚信</p>","positive","moral","诚信",3,543,543,"i","true",NA,NA,NA,NA,"phase_015_subj_39"
4467,592,13,"<p style=""color:rgb(150, 250, 100); font-size: 35px;"">他</p>","other","moral","他",3,702,702,"e","true",NA,NA,NA,NA,"phase_015_subj_39"
4468,592,13,"<p style=""color:white; font-size: 35px;"">缺德</p>","negative","moral","缺德",3,537,537,"e","true",NA,NA,NA,NA,"phase_015_subj_39"
4469,592,13,"<p style=""color:rgb(150, 250, 100); font-size: 35px;"">他人的</p>","other","moral","他人的",3,571,571,"e","true",NA,NA,NA,NA,"phase_015_subj_39"
4470,592,13,"<p style=""color:white; font-size: 35px;"">高尚</p>","positive","moral","高尚",3,784,784,"i","true",NA,NA,NA,NA,"phase_015_subj_39"
4471,592,13,"<p style=""color:rgb(150, 250, 100); font-size: 35px;"">我</p>","self","moral","我",3,597,597,"i","true",NA,NA,NA,NA,"phase_015_subj_39"
4472,592,13,"<p style=""color:white; font-size: 35px;"">黑心</p>","negative","moral","黑心",3,691,691,"e","true",NA,NA,NA,NA,"phase_015_subj_39"
4473,592,13,"<p style=""color:rgb(150, 250, 100); font-size: 35px;"">自己的</p>","self","moral","自己的",3,852,852,"i","true",NA,NA,NA,NA,"phase_015_subj_39"
4474,592,13,"<p style=""color:white; font-size: 35px;"">善良</p>","positive","moral","善良",3,527,527,"i","true",NA,NA,NA,NA,"phase_015_subj_39"
4475,592,13,"<p style=""color:rgb(150, 250, 100); font-size: 35px;"">他的</p>","other","moral","他的",3,615,615,"e","true",NA,NA,NA,NA,"phase_015_subj_39"
4476,592,13,"<p style=""color:white; font-size: 35px;"">卑鄙</p>","negative","moral","卑鄙",3,682,682,"e","true",NA,NA,NA,NA,"phase_015_subj_39"
4477,592,13,"<p style=""color:rgb(150, 250, 100); font-size: 35px;"">本人的</p>","self","moral","本人的",3,682,682,"i","true",NA,NA,NA,NA,"phase_015_subj_39"
4478,592,13,"<p style=""color:white; font-size: 35px;"">小人</p>","negative","moral","小人",3,985,985,"e","true",NA,NA,NA,NA,"phase_015_subj_39"
4479,592,13,"<p style=""color:rgb(150, 250, 100); font-size: 35px;"">他人</p>","other","moral","他人",3,738,738,"e","true",NA,NA,NA,NA,"phase_015_subj_39"
4480,592,13,"<p style=""color:white; font-size: 35px;"">君子</p>","positive","moral","君子",3,723,723,"i","true",NA,NA,NA,NA,"phase_015_subj_39"
4481,592,13,"<p style=""color:rgb(150, 250, 100); font-size: 35px;"">本人</p>","self","moral","本人",3,990,990,"i","true",NA,NA,NA,NA,"phase_015_subj_39"
4482,592,13,"<p style=""color:white; font-size: 35px;"">不孝</p>","negative","moral","不孝",3,725,725,"e","true",NA,NA,NA,NA,"phase_015_subj_39"
4483,592,13,"<p style=""color:rgb(150, 250, 100); font-size: 35px;"">别人</p>","other","moral","别人",3,702,702,"e","true",NA,NA,NA,NA,"phase_015_subj_39"
4484,592,13,"<p style=""color:white; font-size: 35px;"">正直</p>","positive","moral","正直",3,647,647,"i","true",NA,NA,NA,NA,"phase_015_subj_39"
4485,592,13,"<p style=""color:rgb(150, 250, 100); font-size: 35px;"">别人的</p>","other","moral","别人的",3,682,682,"e","true",NA,NA,NA,NA,"phase_015_subj_39"
4486,592,13,"<p style=""color:white; font-size: 35px;"">廉正</p>","positive","moral","廉正",3,1030,1030,"i","true",NA,NA,NA,NA,"phase_015_subj_39"
4487,592,13,"<p style=""color:rgb(150, 250, 100); font-size: 35px;"">我的</p>","self","moral","我的",3,531,531,"i","true",NA,NA,NA,NA,"phase_015_subj_39"
4488,592,13,"<p style=""color:white; font-size: 35px;"">不仁</p>","negative","moral","不仁",3,887,887,"e","true",NA,NA,NA,NA,"phase_015_subj_39"
4489,592,14,"<p style=""color:rgb(150, 250, 100); font-size: 35px;"">自己</p>","self","moral","自己",4,533,533,"i","true",NA,NA,NA,NA,"phase_015_subj_39"
4490,592,14,"<p style=""color:white; font-size: 35px;"">卑鄙</p>","negative","moral","卑鄙",4,558,558,"e","true",NA,NA,NA,NA,"phase_015_subj_39"
4491,592,14,"<p style=""color:rgb(150, 250, 100); font-size: 35px;"">别人的</p>","other","moral","别人的",4,535,535,"e","true",NA,NA,NA,NA,"phase_015_subj_39"
4492,592,14,"<p style=""color:white; font-size: 35px;"">君子</p>","positive","moral","君子",4,577,577,"i","true",NA,NA,NA,NA,"phase_015_subj_39"
4493,592,14,"<p style=""color:rgb(150, 250, 100); font-size: 35px;"">别人</p>","other","moral","别人",4,738,738,"e","true",NA,NA,NA,NA,"phase_015_subj_39"
4494,592,14,"<p style=""color:white; font-size: 35px;"">小人</p>","negative","moral","小人",4,550,550,"e","true",NA,NA,NA,NA,"phase_015_subj_39"
4495,592,14,"<p style=""color:rgb(150, 250, 100); font-size: 35px;"">我</p>","self","moral","我",4,503,503,"i","true",NA,NA,NA,NA,"phase_015_subj_39"
4496,592,14,"<p style=""color:white; font-size: 35px;"">廉正</p>","positive","moral","廉正",4,426,426,"i","true",NA,NA,NA,NA,"phase_015_subj_39"
4497,592,14,"<p style=""color:rgb(150, 250, 100); font-size: 35px;"">自己</p>","self","moral","自己",4,552,552,"i","true",NA,NA,NA,NA,"phase_015_subj_39"
4498,592,14,"<p style=""color:white; font-size: 35px;"">缺德</p>","negative","moral","缺德",4,729,729,"e","true",NA,NA,NA,NA,"phase_015_subj_39"
4499,592,14,"<p style=""color:rgb(150, 250, 100); font-size: 35px;"">别人</p>","other","moral","别人",4,507,507,"e","true",NA,NA,NA,NA,"phase_015_subj_39"
4500,592,14,"<p style=""color:white; font-size: 35px;"">善良</p>","positive","moral","善良",4,617,617,"i","true",NA,NA,NA,NA,"phase_015_subj_39"
4501,592,14,"<p style=""color:rgb(150, 250, 100); font-size: 35px;"">我</p>","self","moral","我",4,715,715,"i","true",NA,NA,NA,NA,"phase_015_subj_39"
4502,592,14,"<p style=""color:white; font-size: 35px;"">廉正</p>","positive","moral","廉正",4,587,587,"i","true",NA,NA,NA,NA,"phase_015_subj_39"
4503,592,14,"<p style=""color:rgb(150, 250, 100); font-size: 35px;"">他人的</p>","other","moral","他人的",4,519,519,"e","true",NA,NA,NA,NA,"phase_015_subj_39"
4504,592,14,"<p style=""color:white; font-size: 35px;"">不仁</p>","negative","moral","不仁",4,565,565,"e","true",NA,NA,NA,NA,"phase_015_subj_39"
4505,592,14,"<p style=""color:rgb(150, 250, 100); font-size: 35px;"">自己的</p>","self","moral","自己的",4,636,636,"i","true",NA,NA,NA,NA,"phase_015_subj_39"
4506,592,14,"<p style=""color:white; font-size: 35px;"">正直</p>","positive","moral","正直",4,1202,1202,"i","true",NA,NA,NA,NA,"phase_015_subj_39"
4507,592,14,"<p style=""color:rgb(150, 250, 100); font-size: 35px;"">他人</p>","other","moral","他人",4,616,616,"e","true",NA,NA,NA,NA,"phase_015_subj_39"
4508,592,14,"<p style=""color:white; font-size: 35px;"">缺德</p>","negative","moral","缺德",4,568,568,"e","true",NA,NA,NA,NA,"phase_015_subj_39"
4509,592,14,"<p style=""color:rgb(150, 250, 100); font-size: 35px;"">本人的</p>","self","moral","本人的",4,541,541,"i","true",NA,NA,NA,NA,"phase_015_subj_39"
4510,592,14,"<p style=""color:white; font-size: 35px;"">不孝</p>","negative","moral","不孝",4,585,585,"e","true",NA,NA,NA,NA,"phase_015_subj_39"
4511,592,14,"<p style=""color:rgb(150, 250, 100); font-size: 35px;"">他的</p>","other","moral","他的",4,737,737,"e","true",NA,NA,NA,NA,"phase_015_subj_39"
4512,592,14,"<p style=""color:white; font-size: 35px;"">君子</p>","positive","moral","君子",4,1084,1084,"i","true",NA,NA,NA,NA,"phase_015_subj_39"
4513,592,14,"<p style=""color:rgb(150, 250, 100); font-size: 35px;"">别人的</p>","other","moral","别人的",4,827,827,"e","true",NA,NA,NA,NA,"phase_015_subj_39"
4514,592,14,"<p style=""color:white; font-size: 35px;"">黑心</p>","negative","moral","黑心",4,580,580,"e","true",NA,NA,NA,NA,"phase_015_subj_39"
4515,592,14,"<p style=""color:rgb(150, 250, 100); font-size: 35px;"">我的</p>","self","moral","我的",4,543,543,"i","true",NA,NA,NA,NA,"phase_015_subj_39"
4516,592,14,"<p style=""color:white; font-size: 35px;"">高尚</p>","positive","moral","高尚",4,481,481,"i","true",NA,NA,NA,NA,"phase_015_subj_39"
4517,592,14,"<p style=""color:rgb(150, 250, 100); font-size: 35px;"">本人</p>","self","moral","本人",4,563,563,"i","true",NA,NA,NA,NA,"phase_015_subj_39"
4518,592,14,"<p style=""color:white; font-size: 35px;"">诚信</p>","positive","moral","诚信",4,479,479,"i","true",NA,NA,NA,NA,"phase_015_subj_39"
4519,592,14,"<p style=""color:rgb(150, 250, 100); font-size: 35px;"">他人的</p>","other","moral","他人的",4,642,642,"e","true",NA,NA,NA,NA,"phase_015_subj_39"
4520,592,14,"<p style=""color:white; font-size: 35px;"">不仁</p>","negative","moral","不仁",4,575,575,"e","true",NA,NA,NA,NA,"phase_015_subj_39"
4521,592,14,"<p style=""color:rgb(150, 250, 100); font-size: 35px;"">我的</p>","self","moral","我的",4,629,629,"i","true",NA,NA,NA,NA,"phase_015_subj_39"
4522,592,14,"<p style=""color:white; font-size: 35px;"">诚信</p>","positive","moral","诚信",4,1244,1244,"i","true",NA,NA,NA,NA,"phase_015_subj_39"
4523,592,14,"<p style=""color:rgb(150, 250, 100); font-size: 35px;"">他的</p>","other","moral","他的",4,734,734,"e","true",NA,NA,NA,NA,"phase_015_subj_39"
4524,592,14,"<p style=""color:white; font-size: 35px;"">不孝</p>","negative","moral","不孝",4,558,558,"e","true",NA,NA,NA,NA,"phase_015_subj_39"
4525,592,14,"<p style=""color:rgb(150, 250, 100); font-size: 35px;"">他人</p>","other","moral","他人",4,500,500,"e","true",NA,NA,NA,NA,"phase_015_subj_39"
4526,592,14,"<p style=""color:white; font-size: 35px;"">卑鄙</p>","negative","moral","卑鄙",4,486,486,"e","true",NA,NA,NA,NA,"phase_015_subj_39"
4527,592,14,"<p style=""color:rgb(150, 250, 100); font-size: 35px;"">自己的</p>","self","moral","自己的",4,587,587,"i","true",NA,NA,NA,NA,"phase_015_subj_39"
4528,592,14,"<p style=""color:white; font-size: 35px;"">善良</p>","positive","moral","善良",4,459,459,"i","true",NA,NA,NA,NA,"phase_015_subj_39"
4529,592,14,"<p style=""color:rgb(150, 250, 100); font-size: 35px;"">本人的</p>","self","moral","本人的",4,720,720,"i","true",NA,NA,NA,NA,"phase_015_subj_39"
4530,592,14,"<p style=""color:white; font-size: 35px;"">正直</p>","positive","moral","正直",4,577,577,"i","true",NA,NA,NA,NA,"phase_015_subj_39"
4531,592,14,"<p style=""color:rgb(150, 250, 100); font-size: 35px;"">他</p>","other","moral","他",4,687,687,"e","true",NA,NA,NA,NA,"phase_015_subj_39"
4532,592,14,"<p style=""color:white; font-size: 35px;"">小人</p>","negative","moral","小人",4,534,534,"e","true",NA,NA,NA,NA,"phase_015_subj_39"
4533,592,14,"<p style=""color:rgb(150, 250, 100); font-size: 35px;"">本人</p>","self","moral","本人",4,731,731,"i","true",NA,NA,NA,NA,"phase_015_subj_39"
4534,592,14,"<p style=""color:white; font-size: 35px;"">黑心</p>","negative","moral","黑心",4,1366,1366,"e","true",NA,NA,NA,NA,"phase_015_subj_39"
4535,592,14,"<p style=""color:rgb(150, 250, 100); font-size: 35px;"">他</p>","other","moral","他",4,825,825,"e","true",NA,NA,NA,NA,"phase_015_subj_39"
4536,592,14,"<p style=""color:white; font-size: 35px;"">高尚</p>","positive","moral","高尚",4,591,591,"i","true",NA,NA,NA,NA,"phase_015_subj_39"
4537,592,15,"<p style=""color:rgb(150, 250, 100); font-size: 35px;"">他人的</p>","other","moral","他人的",5,1231,1231,"i","true",NA,NA,NA,NA,"phase_015_subj_39"
4538,592,15,"<p style=""color:rgb(150, 250, 100); font-size: 35px;"">别人的</p>","other","moral","别人的",5,650,650,"i","true",NA,NA,NA,NA,"phase_015_subj_39"
4539,592,15,"<p style=""color:rgb(150, 250, 100); font-size: 35px;"">他</p>","other","moral","他",5,535,535,"i","true",NA,NA,NA,NA,"phase_015_subj_39"
4540,592,15,"<p style=""color:rgb(150, 250, 100); font-size: 35px;"">他人</p>","other","moral","他人",5,446,446,"i","true",NA,NA,NA,NA,"phase_015_subj_39"
4541,592,15,"<p style=""color:rgb(150, 250, 100); font-size: 35px;"">我</p>","self","moral","我",5,430,430,"e","true",NA,NA,NA,NA,"phase_015_subj_39"
4542,592,15,"<p style=""color:rgb(150, 250, 100); font-size: 35px;"">他人</p>","other","moral","他人",5,734,734,"i","true",NA,NA,NA,NA,"phase_015_subj_39"
4543,592,15,"<p style=""color:rgb(150, 250, 100); font-size: 35px;"">他人的</p>","other","moral","他人的",5,493,493,"i","true",NA,NA,NA,NA,"phase_015_subj_39"
4544,592,15,"<p style=""color:rgb(150, 250, 100); font-size: 35px;"">自己的</p>","self","moral","自己的",5,480,480,"e","true",NA,NA,NA,NA,"phase_015_subj_39"
4545,592,15,"<p style=""color:rgb(150, 250, 100); font-size: 35px;"">我</p>","self","moral","我",5,552,552,"e","true",NA,NA,NA,NA,"phase_015_subj_39"
4546,592,15,"<p style=""color:rgb(150, 250, 100); font-size: 35px;"">本人</p>","self","moral","本人",5,594,594,"e","true",NA,NA,NA,NA,"phase_015_subj_39"
4547,592,15,"<p style=""color:rgb(150, 250, 100); font-size: 35px;"">别人</p>","other","moral","别人",5,585,585,"i","true",NA,NA,NA,NA,"phase_015_subj_39"
4548,592,15,"<p style=""color:rgb(150, 250, 100); font-size: 35px;"">我的</p>","self","moral","我的",5,625,625,"e","true",NA,NA,NA,NA,"phase_015_subj_39"
4549,592,15,"<p style=""color:rgb(150, 250, 100); font-size: 35px;"">本人的</p>","self","moral","本人的",5,753,753,"e","true",NA,NA,NA,NA,"phase_015_subj_39"
4550,592,15,"<p style=""color:rgb(150, 250, 100); font-size: 35px;"">别人</p>","other","moral","别人",5,598,598,"i","true",NA,NA,NA,NA,"phase_015_subj_39"
4551,592,15,"<p style=""color:rgb(150, 250, 100); font-size: 35px;"">自己</p>","self","moral","自己",5,695,695,"e","true",NA,NA,NA,NA,"phase_015_subj_39"
4552,592,15,"<p style=""color:rgb(150, 250, 100); font-size: 35px;"">别人的</p>","other","moral","别人的",5,635,635,"i","true",NA,NA,NA,NA,"phase_015_subj_39"
4553,592,15,"<p style=""color:rgb(150, 250, 100); font-size: 35px;"">我的</p>","self","moral","我的",5,541,541,"e","true",NA,NA,NA,NA,"phase_015_subj_39"
4554,592,15,"<p style=""color:rgb(150, 250, 100); font-size: 35px;"">他的</p>","other","moral","他的",5,580,580,"i","true",NA,NA,NA,NA,"phase_015_subj_39"
4555,592,15,"<p style=""color:rgb(150, 250, 100); font-size: 35px;"">本人的</p>","self","moral","本人的",5,560,560,"e","true",NA,NA,NA,NA,"phase_015_subj_39"
4556,592,15,"<p style=""color:rgb(150, 250, 100); font-size: 35px;"">本人</p>","self","moral","本人",5,511,511,"e","true",NA,NA,NA,NA,"phase_015_subj_39"
4557,592,15,"<p style=""color:rgb(150, 250, 100); font-size: 35px;"">他</p>","other","moral","他",5,709,709,"i","true",NA,NA,NA,NA,"phase_015_subj_39"
4558,592,15,"<p style=""color:rgb(150, 250, 100); font-size: 35px;"">他的</p>","other","moral","他的",5,506,506,"i","true",NA,NA,NA,NA,"phase_015_subj_39"
4559,592,15,"<p style=""color:rgb(150, 250, 100); font-size: 35px;"">自己</p>","self","moral","自己",5,527,527,"e","true",NA,NA,NA,NA,"phase_015_subj_39"
4560,592,15,"<p style=""color:rgb(150, 250, 100); font-size: 35px;"">自己的</p>","self","moral","自己的",5,532,532,"e","true",NA,NA,NA,NA,"phase_015_subj_39"
4561,592,16,"<p style=""color:white; font-size: 35px;"">诚信</p>","positive","moral","诚信",6,1151,1151,"i","true",NA,NA,NA,NA,"phase_015_subj_39"
4562,592,16,"<p style=""color:rgb(150, 250, 100); font-size: 35px;"">别人的</p>","other","moral","别人的",6,493,493,"i","true",NA,NA,NA,NA,"phase_015_subj_39"
4563,592,16,"<p style=""color:white; font-size: 35px;"">缺德</p>","negative","moral","缺德",6,756,756,"e","true",NA,NA,NA,NA,"phase_015_subj_39"
4564,592,16,"<p style=""color:rgb(150, 250, 100); font-size: 35px;"">我的</p>","self","moral","我的",6,571,571,"e","true",NA,NA,NA,NA,"phase_015_subj_39"
4565,592,16,"<p style=""color:white; font-size: 35px;"">卑鄙</p>","negative","moral","卑鄙",6,692,692,"e","true",NA,NA,NA,NA,"phase_015_subj_39"
4566,592,16,"<p style=""color:rgb(150, 250, 100); font-size: 35px;"">本人的</p>","self","moral","本人的",6,565,565,"e","true",NA,NA,NA,NA,"phase_015_subj_39"
4567,592,16,"<p style=""color:white; font-size: 35px;"">高尚</p>","positive","moral","高尚",6,847,847,"i","true",NA,NA,NA,NA,"phase_015_subj_39"
4568,592,16,"<p style=""color:rgb(150, 250, 100); font-size: 35px;"">他的</p>","other","moral","他的",6,487,487,"i","true",NA,NA,NA,NA,"phase_015_subj_39"
4569,592,16,"<p style=""color:white; font-size: 35px;"">君子</p>","positive","moral","君子",6,753,1468.69565217391,"e","false",NA,NA,NA,NA,"phase_015_subj_39"
4570,592,16,"<p style=""color:rgb(150, 250, 100); font-size: 35px;"">自己的</p>","self","moral","自己的",6,1136,1136,"e","true",NA,NA,NA,NA,"phase_015_subj_39"
4571,592,16,"<p style=""color:white; font-size: 35px;"">不仁</p>","negative","moral","不仁",6,2535,2535,"e","true",NA,NA,NA,NA,"phase_015_subj_39"
4572,592,16,"<p style=""color:rgb(150, 250, 100); font-size: 35px;"">他人</p>","other","moral","他人",6,752,752,"i","true",NA,NA,NA,NA,"phase_015_subj_39"
4573,592,16,"<p style=""color:white; font-size: 35px;"">善良</p>","positive","moral","善良",6,560,560,"i","true",NA,NA,NA,NA,"phase_015_subj_39"
4574,592,16,"<p style=""color:rgb(150, 250, 100); font-size: 35px;"">别人</p>","other","moral","别人",6,792,792,"i","true",NA,NA,NA,NA,"phase_015_subj_39"
4575,592,16,"<p style=""color:white; font-size: 35px;"">不孝</p>","negative","moral","不孝",6,1428,1428,"e","true",NA,NA,NA,NA,"phase_015_subj_39"
4576,592,16,"<p style=""color:rgb(150, 250, 100); font-size: 35px;"">本人</p>","self","moral","本人",6,795,795,"e","true",NA,NA,NA,NA,"phase_015_subj_39"
4577,592,16,"<p style=""color:white; font-size: 35px;"">小人</p>","negative","moral","小人",6,1293,1293,"e","true",NA,NA,NA,NA,"phase_015_subj_39"
4578,592,16,"<p style=""color:rgb(150, 250, 100); font-size: 35px;"">自己</p>","self","moral","自己",6,571,571,"e","true",NA,NA,NA,NA,"phase_015_subj_39"
4579,592,16,"<p style=""color:white; font-size: 35px;"">廉正</p>","positive","moral","廉正",6,719,719,"i","true",NA,NA,NA,NA,"phase_015_subj_39"
4580,592,16,"<p style=""color:rgb(150, 250, 100); font-size: 35px;"">他人的</p>","other","moral","他人的",6,539,539,"i","true",NA,NA,NA,NA,"phase_015_subj_39"
4581,592,16,"<p style=""color:white; font-size: 35px;"">正直</p>","positive","moral","正直",6,1204,1204,"i","true",NA,NA,NA,NA,"phase_015_subj_39"
4582,592,16,"<p style=""color:rgb(150, 250, 100); font-size: 35px;"">我</p>","self","moral","我",6,751,751,"e","true",NA,NA,NA,NA,"phase_015_subj_39"
4583,592,16,"<p style=""color:white; font-size: 35px;"">黑心</p>","negative","moral","黑心",6,574,574,"e","true",NA,NA,NA,NA,"phase_015_subj_39"
4584,592,16,"<p style=""color:rgb(150, 250, 100); font-size: 35px;"">他</p>","other","moral","他",6,769,769,"i","true",NA,NA,NA,NA,"phase_015_subj_39"
4585,592,17,"<p style=""color:white; font-size: 35px;"">廉正</p>","positive","moral","廉正",7,1272,1272,"i","true",NA,NA,NA,NA,"phase_015_subj_39"
4586,592,17,"<p style=""color:rgb(150, 250, 100); font-size: 35px;"">他人</p>","other","moral","他人",7,468,468,"i","true",NA,NA,NA,NA,"phase_015_subj_39"
4587,592,17,"<p style=""color:white; font-size: 35px;"">缺德</p>","negative","moral","缺德",7,641,641,"e","true",NA,NA,NA,NA,"phase_015_subj_39"
4588,592,17,"<p style=""color:rgb(150, 250, 100); font-size: 35px;"">我</p>","self","moral","我",7,480,480,"e","true",NA,NA,NA,NA,"phase_015_subj_39"
4589,592,17,"<p style=""color:white; font-size: 35px;"">卑鄙</p>","negative","moral","卑鄙",7,573,573,"e","true",NA,NA,NA,NA,"phase_015_subj_39"
4590,592,17,"<p style=""color:rgb(150, 250, 100); font-size: 35px;"">本人</p>","self","moral","本人",7,809,809,"e","true",NA,NA,NA,NA,"phase_015_subj_39"
4591,592,17,"<p style=""color:white; font-size: 35px;"">高尚</p>","positive","moral","高尚",7,618,618,"i","true",NA,NA,NA,NA,"phase_015_subj_39"
4592,592,17,"<p style=""color:rgb(150, 250, 100); font-size: 35px;"">他</p>","other","moral","他",7,602,602,"i","true",NA,NA,NA,NA,"phase_015_subj_39"
4593,592,17,"<p style=""color:white; font-size: 35px;"">小人</p>","negative","moral","小人",7,869,869,"e","true",NA,NA,NA,NA,"phase_015_subj_39"
4594,592,17,"<p style=""color:rgb(150, 250, 100); font-size: 35px;"">自己</p>","self","moral","自己",7,498,498,"e","true",NA,NA,NA,NA,"phase_015_subj_39"
4595,592,17,"<p style=""color:white; font-size: 35px;"">正直</p>","positive","moral","正直",7,805,805,"i","true",NA,NA,NA,NA,"phase_015_subj_39"
4596,592,17,"<p style=""color:rgb(150, 250, 100); font-size: 35px;"">他的</p>","other","moral","他的",7,459,459,"i","true",NA,NA,NA,NA,"phase_015_subj_39"
4597,592,17,"<p style=""color:white; font-size: 35px;"">廉正</p>","positive","moral","廉正",7,793,1422.41304347826,"e","false",NA,NA,NA,NA,"phase_015_subj_39"
4598,592,17,"<p style=""color:rgb(150, 250, 100); font-size: 35px;"">他人</p>","other","moral","他人",7,1156,1156,"i","true",NA,NA,NA,NA,"phase_015_subj_39"
4599,592,17,"<p style=""color:white; font-size: 35px;"">不孝</p>","negative","moral","不孝",7,846,846,"e","true",NA,NA,NA,NA,"phase_015_subj_39"
4600,592,17,"<p style=""color:rgb(150, 250, 100); font-size: 35px;"">本人</p>","self","moral","本人",7,597,597,"e","true",NA,NA,NA,NA,"phase_015_subj_39"
4601,592,17,"<p style=""color:white; font-size: 35px;"">君子</p>","positive","moral","君子",7,925,925,"i","true",NA,NA,NA,NA,"phase_015_subj_39"
4602,592,17,"<p style=""color:rgb(150, 250, 100); font-size: 35px;"">本人的</p>","self","moral","本人的",7,830,830,"e","true",NA,NA,NA,NA,"phase_015_subj_39"
4603,592,17,"<p style=""color:white; font-size: 35px;"">不仁</p>","negative","moral","不仁",7,1354,1354,"e","true",NA,NA,NA,NA,"phase_015_subj_39"
4604,592,17,"<p style=""color:rgb(150, 250, 100); font-size: 35px;"">别人的</p>","other","moral","别人的",7,782,782,"i","true",NA,NA,NA,NA,"phase_015_subj_39"
4605,592,17,"<p style=""color:white; font-size: 35px;"">黑心</p>","negative","moral","黑心",7,900,900,"e","true",NA,NA,NA,NA,"phase_015_subj_39"
4606,592,17,"<p style=""color:rgb(150, 250, 100); font-size: 35px;"">他的</p>","other","moral","他的",7,564,1422.41304347826,"e","false",NA,NA,NA,NA,"phase_015_subj_39"
4607,592,17,"<p style=""color:white; font-size: 35px;"">善良</p>","positive","moral","善良",7,891,891,"i","true",NA,NA,NA,NA,"phase_015_subj_39"
4608,592,17,"<p style=""color:rgb(150, 250, 100); font-size: 35px;"">我的</p>","self","moral","我的",7,1566,1566,"e","true",NA,NA,NA,NA,"phase_015_subj_39"
4609,592,17,"<p style=""color:white; font-size: 35px;"">缺德</p>","negative","moral","缺德",7,682,682,"e","true",NA,NA,NA,NA,"phase_015_subj_39"
4610,592,17,"<p style=""color:rgb(150, 250, 100); font-size: 35px;"">他人的</p>","other","moral","他人的",7,701,701,"i","true",NA,NA,NA,NA,"phase_015_subj_39"
4611,592,17,"<p style=""color:white; font-size: 35px;"">诚信</p>","positive","moral","诚信",7,559,559,"i","true",NA,NA,NA,NA,"phase_015_subj_39"
4612,592,17,"<p style=""color:rgb(150, 250, 100); font-size: 35px;"">我的</p>","self","moral","我的",7,1002,1002,"e","true",NA,NA,NA,NA,"phase_015_subj_39"
4613,592,17,"<p style=""color:white; font-size: 35px;"">黑心</p>","negative","moral","黑心",7,848,848,"e","true",NA,NA,NA,NA,"phase_015_subj_39"
4614,592,17,"<p style=""color:rgb(150, 250, 100); font-size: 35px;"">别人</p>","other","moral","别人",7,728,728,"i","true",NA,NA,NA,NA,"phase_015_subj_39"
4615,592,17,"<p style=""color:white; font-size: 35px;"">君子</p>","positive","moral","君子",7,591,591,"i","true",NA,NA,NA,NA,"phase_015_subj_39"
4616,592,17,"<p style=""color:rgb(150, 250, 100); font-size: 35px;"">自己的</p>","self","moral","自己的",7,944,944,"e","true",NA,NA,NA,NA,"phase_015_subj_39"
4617,592,17,"<p style=""color:white; font-size: 35px;"">不孝</p>","negative","moral","不孝",7,719,719,"e","true",NA,NA,NA,NA,"phase_015_subj_39"
4618,592,17,"<p style=""color:rgb(150, 250, 100); font-size: 35px;"">本人的</p>","self","moral","本人的",7,1597,1597,"e","true",NA,NA,NA,NA,"phase_015_subj_39"
4619,592,17,"<p style=""color:white; font-size: 35px;"">善良</p>","positive","moral","善良",7,669,669,"i","true",NA,NA,NA,NA,"phase_015_subj_39"
4620,592,17,"<p style=""color:rgb(150, 250, 100); font-size: 35px;"">他</p>","other","moral","他",7,617,617,"i","true",NA,NA,NA,NA,"phase_015_subj_39"
4621,592,17,"<p style=""color:white; font-size: 35px;"">卑鄙</p>","negative","moral","卑鄙",7,973,973,"e","true",NA,NA,NA,NA,"phase_015_subj_39"
4622,592,17,"<p style=""color:rgb(150, 250, 100); font-size: 35px;"">别人</p>","other","moral","别人",7,717,717,"i","true",NA,NA,NA,NA,"phase_015_subj_39"
4623,592,17,"<p style=""color:white; font-size: 35px;"">高尚</p>","positive","moral","高尚",7,2198,2198,"i","true",NA,NA,NA,NA,"phase_015_subj_39"
4624,592,17,"<p style=""color:rgb(150, 250, 100); font-size: 35px;"">自己</p>","self","moral","自己",7,699,699,"e","true",NA,NA,NA,NA,"phase_015_subj_39"
4625,592,17,"<p style=""color:white; font-size: 35px;"">不仁</p>","negative","moral","不仁",7,483,483,"e","true",NA,NA,NA,NA,"phase_015_subj_39"
4626,592,17,"<p style=""color:rgb(150, 250, 100); font-size: 35px;"">我</p>","self","moral","我",7,670,670,"e","true",NA,NA,NA,NA,"phase_015_subj_39"
4627,592,17,"<p style=""color:white; font-size: 35px;"">正直</p>","positive","moral","正直",7,772,772,"i","true",NA,NA,NA,NA,"phase_015_subj_39"
4628,592,17,"<p style=""color:rgb(150, 250, 100); font-size: 35px;"">他人的</p>","other","moral","他人的",7,687,687,"i","true",NA,NA,NA,NA,"phase_015_subj_39"
4629,592,17,"<p style=""color:white; font-size: 35px;"">诚信</p>","positive","moral","诚信",7,1028,1028,"i","true",NA,NA,NA,NA,"phase_015_subj_39"
4630,592,17,"<p style=""color:rgb(150, 250, 100); font-size: 35px;"">别人的</p>","other","moral","别人的",7,831,831,"i","true",NA,NA,NA,NA,"phase_015_subj_39"
4631,592,17,"<p style=""color:white; font-size: 35px;"">小人</p>","negative","moral","小人",7,666,666,"e","true",NA,NA,NA,NA,"phase_015_subj_39"
4632,592,17,"<p style=""color:rgb(150, 250, 100); font-size: 35px;"">自己的</p>","self","moral","自己的",7,509,509,"e","true",NA,NA,NA,NA,"phase_015_subj_39"
4633,67,NA,"
    <h3>词语分类任务</h3>
    <p>在接下来的任务中，你需要对一系列词语进行分类。<p/>
    请先熟悉这些词语，这有利于你完成接下来的任务。</p>
    <table align=""center"" border=1 cellpadding=3 cellspacing=0>
    <tr> <th>类别</th> <th>词语</th> </tr>
    <tr> <td>&emsp;积极&emsp;</td> <td>&emsp;高尚、诚信、善良、君子、廉正、正直&emsp;</td> </tr>
    <tr> <td>&emsp;消极&emsp;</td> <td>&emsp;缺德、卑鄙、不孝、不仁、小人、黑心&emsp;</td> </tr>
    <tr> <td>&emsp;自我&emsp;</td> <td>&emsp;我、我的、自己、自己的、本人、本人的&emsp;</td> </tr>
    <tr> <td>&emsp;他人&emsp;</td> <td>&emsp;他、他的、别人、别人的、他人、他人的&emsp;</td> </tr>
    </table><br/>","","","",NA,10901,NA,"0","",NA,NA,1,2,"phase_015_subj_6"
4634,67,11,"<p style=""color:rgb(150, 250, 100); font-size: 35px;"">我</p>","self","moral","我",1,741,741,"i","true",NA,NA,NA,NA,"phase_015_subj_6"
4635,67,11,"<p style=""color:rgb(150, 250, 100); font-size: 35px;"">本人的</p>","self","moral","本人的",1,668,668,"i","true",NA,NA,NA,NA,"phase_015_subj_6"
4636,67,11,"<p style=""color:rgb(150, 250, 100); font-size: 35px;"">他的</p>","other","moral","他的",1,725,725,"e","true",NA,NA,NA,NA,"phase_015_subj_6"
4637,67,11,"<p style=""color:rgb(150, 250, 100); font-size: 35px;"">他人的</p>","other","moral","他人的",1,437,437,"e","true",NA,NA,NA,NA,"phase_015_subj_6"
4638,67,11,"<p style=""color:rgb(150, 250, 100); font-size: 35px;"">自己的</p>","self","moral","自己的",1,700,700,"i","true",NA,NA,NA,NA,"phase_015_subj_6"
4639,67,11,"<p style=""color:rgb(150, 250, 100); font-size: 35px;"">自己</p>","self","moral","自己",1,479,479,"i","true",NA,NA,NA,NA,"phase_015_subj_6"
4640,67,11,"<p style=""color:rgb(150, 250, 100); font-size: 35px;"">本人</p>","self","moral","本人",1,678,678,"i","true",NA,NA,NA,NA,"phase_015_subj_6"
4641,67,11,"<p style=""color:rgb(150, 250, 100); font-size: 35px;"">别人</p>","other","moral","别人",1,772,772,"e","true",NA,NA,NA,NA,"phase_015_subj_6"
4642,67,11,"<p style=""color:rgb(150, 250, 100); font-size: 35px;"">他人</p>","other","moral","他人",1,1126,1126,"e","true",NA,NA,NA,NA,"phase_015_subj_6"
4643,67,11,"<p style=""color:rgb(150, 250, 100); font-size: 35px;"">我的</p>","self","moral","我的",1,584,584,"i","true",NA,NA,NA,NA,"phase_015_subj_6"
4644,67,11,"<p style=""color:rgb(150, 250, 100); font-size: 35px;"">别人的</p>","other","moral","别人的",1,804,804,"e","true",NA,NA,NA,NA,"phase_015_subj_6"
4645,67,11,"<p style=""color:rgb(150, 250, 100); font-size: 35px;"">他</p>","other","moral","他",1,509,509,"e","true",NA,NA,NA,NA,"phase_015_subj_6"
4646,67,12,"<p style=""color:white; font-size: 35px;"">善良</p>","positive","moral","善良",2,1038,1038,"e","true",NA,NA,NA,NA,"phase_015_subj_6"
4647,67,12,"<p style=""color:white; font-size: 35px;"">高尚</p>","positive","moral","高尚",2,558,558,"e","true",NA,NA,NA,NA,"phase_015_subj_6"
4648,67,12,"<p style=""color:white; font-size: 35px;"">黑心</p>","negative","moral","黑心",2,410,410,"i","true",NA,NA,NA,NA,"phase_015_subj_6"
4649,67,12,"<p style=""color:white; font-size: 35px;"">不孝</p>","negative","moral","不孝",2,491,491,"i","true",NA,NA,NA,NA,"phase_015_subj_6"
4650,67,12,"<p style=""color:white; font-size: 35px;"">缺德</p>","negative","moral","缺德",2,685,685,"i","true",NA,NA,NA,NA,"phase_015_subj_6"
4651,67,12,"<p style=""color:white; font-size: 35px;"">不仁</p>","negative","moral","不仁",2,478,478,"i","true",NA,NA,NA,NA,"phase_015_subj_6"
4652,67,12,"<p style=""color:white; font-size: 35px;"">小人</p>","negative","moral","小人",2,428,428,"i","true",NA,NA,NA,NA,"phase_015_subj_6"
4653,67,12,"<p style=""color:white; font-size: 35px;"">诚信</p>","positive","moral","诚信",2,569,569,"e","true",NA,NA,NA,NA,"phase_015_subj_6"
4654,67,12,"<p style=""color:white; font-size: 35px;"">正直</p>","positive","moral","正直",2,485,485,"e","true",NA,NA,NA,NA,"phase_015_subj_6"
4655,67,12,"<p style=""color:white; font-size: 35px;"">廉正</p>","positive","moral","廉正",2,521,521,"e","true",NA,NA,NA,NA,"phase_015_subj_6"
4656,67,12,"<p style=""color:white; font-size: 35px;"">卑鄙</p>","negative","moral","卑鄙",2,765,765,"i","true",NA,NA,NA,NA,"phase_015_subj_6"
4657,67,12,"<p style=""color:white; font-size: 35px;"">君子</p>","positive","moral","君子",2,578,578,"e","true",NA,NA,NA,NA,"phase_015_subj_6"
4658,67,13,"<p style=""color:rgb(150, 250, 100); font-size: 35px;"">他人</p>","other","moral","他人",3,2404,2404,"e","true",NA,NA,NA,NA,"phase_015_subj_6"
4659,67,13,"<p style=""color:white; font-size: 35px;"">诚信</p>","positive","moral","诚信",3,667,667,"e","true",NA,NA,NA,NA,"phase_015_subj_6"
4660,67,13,"<p style=""color:rgb(150, 250, 100); font-size: 35px;"">本人的</p>","self","moral","本人的",3,1038,1038,"i","true",NA,NA,NA,NA,"phase_015_subj_6"
4661,67,13,"<p style=""color:white; font-size: 35px;"">不仁</p>","negative","moral","不仁",3,798,1571.86363636364,"e","false",NA,NA,NA,NA,"phase_015_subj_6"
4662,67,13,"<p style=""color:rgb(150, 250, 100); font-size: 35px;"">自己</p>","self","moral","自己",3,1339,1339,"i","true",NA,NA,NA,NA,"phase_015_subj_6"
4663,67,13,"<p style=""color:white; font-size: 35px;"">高尚</p>","positive","moral","高尚",3,886,886,"e","true",NA,NA,NA,NA,"phase_015_subj_6"
4664,67,13,"<p style=""color:rgb(150, 250, 100); font-size: 35px;"">他</p>","other","moral","他",3,807,807,"e","true",NA,NA,NA,NA,"phase_015_subj_6"
4665,67,13,"<p style=""color:white; font-size: 35px;"">缺德</p>","negative","moral","缺德",3,714,714,"i","true",NA,NA,NA,NA,"phase_015_subj_6"
4666,67,13,"<p style=""color:rgb(150, 250, 100); font-size: 35px;"">本人</p>","self","moral","本人",3,642,642,"i","true",NA,NA,NA,NA,"phase_015_subj_6"
4667,67,13,"<p style=""color:white; font-size: 35px;"">廉正</p>","positive","moral","廉正",3,948,1571.86363636364,"i","false",NA,NA,NA,NA,"phase_015_subj_6"
4668,67,13,"<p style=""color:rgb(150, 250, 100); font-size: 35px;"">他的</p>","other","moral","他的",3,737,737,"e","true",NA,NA,NA,NA,"phase_015_subj_6"
4669,67,13,"<p style=""color:white; font-size: 35px;"">卑鄙</p>","negative","moral","卑鄙",3,1513,1513,"i","true",NA,NA,NA,NA,"phase_015_subj_6"
4670,67,13,"<p style=""color:rgb(150, 250, 100); font-size: 35px;"">自己的</p>","self","moral","自己的",3,825,825,"i","true",NA,NA,NA,NA,"phase_015_subj_6"
4671,67,13,"<p style=""color:white; font-size: 35px;"">善良</p>","positive","moral","善良",3,765,765,"e","true",NA,NA,NA,NA,"phase_015_subj_6"
4672,67,13,"<p style=""color:rgb(150, 250, 100); font-size: 35px;"">别人的</p>","other","moral","别人的",3,796,796,"e","true",NA,NA,NA,NA,"phase_015_subj_6"
4673,67,13,"<p style=""color:white; font-size: 35px;"">黑心</p>","negative","moral","黑心",3,1268,1268,"i","true",NA,NA,NA,NA,"phase_015_subj_6"
4674,67,13,"<p style=""color:rgb(150, 250, 100); font-size: 35px;"">别人</p>","other","moral","别人",3,809,809,"e","true",NA,NA,NA,NA,"phase_015_subj_6"
4675,67,13,"<p style=""color:white; font-size: 35px;"">不孝</p>","negative","moral","不孝",3,765,765,"i","true",NA,NA,NA,NA,"phase_015_subj_6"
4676,67,13,"<p style=""color:rgb(150, 250, 100); font-size: 35px;"">我的</p>","self","moral","我的",3,803,803,"i","true",NA,NA,NA,NA,"phase_015_subj_6"
4677,67,13,"<p style=""color:white; font-size: 35px;"">正直</p>","positive","moral","正直",3,1500,1500,"e","true",NA,NA,NA,NA,"phase_015_subj_6"
4678,67,13,"<p style=""color:rgb(150, 250, 100); font-size: 35px;"">他人的</p>","other","moral","他人的",3,607,607,"e","true",NA,NA,NA,NA,"phase_015_subj_6"
4679,67,13,"<p style=""color:white; font-size: 35px;"">君子</p>","positive","moral","君子",3,874,874,"e","true",NA,NA,NA,NA,"phase_015_subj_6"
4680,67,13,"<p style=""color:rgb(150, 250, 100); font-size: 35px;"">我</p>","self","moral","我",3,820,820,"i","true",NA,NA,NA,NA,"phase_015_subj_6"
4681,67,13,"<p style=""color:white; font-size: 35px;"">小人</p>","negative","moral","小人",3,802,802,"i","true",NA,NA,NA,NA,"phase_015_subj_6"
4682,67,14,"<p style=""color:rgb(150, 250, 100); font-size: 35px;"">他人</p>","other","moral","他人",4,707,707,"e","true",NA,NA,NA,NA,"phase_015_subj_6"
4683,67,14,"<p style=""color:white; font-size: 35px;"">廉正</p>","positive","moral","廉正",4,949,949,"e","true",NA,NA,NA,NA,"phase_015_subj_6"
4684,67,14,"<p style=""color:rgb(150, 250, 100); font-size: 35px;"">我</p>","self","moral","我",4,1015,1015,"i","true",NA,NA,NA,NA,"phase_015_subj_6"
4685,67,14,"<p style=""color:white; font-size: 35px;"">黑心</p>","negative","moral","黑心",4,601,601,"i","true",NA,NA,NA,NA,"phase_015_subj_6"
4686,67,14,"<p style=""color:rgb(150, 250, 100); font-size: 35px;"">本人的</p>","self","moral","本人的",4,1062,1062,"i","true",NA,NA,NA,NA,"phase_015_subj_6"
4687,67,14,"<p style=""color:white; font-size: 35px;"">君子</p>","positive","moral","君子",4,724,1418.22727272727,"i","false",NA,NA,NA,NA,"phase_015_subj_6"
4688,67,14,"<p style=""color:rgb(150, 250, 100); font-size: 35px;"">别人的</p>","other","moral","别人的",4,838,838,"e","true",NA,NA,NA,NA,"phase_015_subj_6"
4689,67,14,"<p style=""color:white; font-size: 35px;"">黑心</p>","negative","moral","黑心",4,1058,1058,"i","true",NA,NA,NA,NA,"phase_015_subj_6"
4690,67,14,"<p style=""color:rgb(150, 250, 100); font-size: 35px;"">自己</p>","self","moral","自己",4,568,568,"i","true",NA,NA,NA,NA,"phase_015_subj_6"
4691,67,14,"<p style=""color:white; font-size: 35px;"">缺德</p>","negative","moral","缺德",4,625,625,"i","true",NA,NA,NA,NA,"phase_015_subj_6"
4692,67,14,"<p style=""color:rgb(150, 250, 100); font-size: 35px;"">他人</p>","other","moral","他人",4,714,714,"e","true",NA,NA,NA,NA,"phase_015_subj_6"
4693,67,14,"<p style=""color:white; font-size: 35px;"">善良</p>","positive","moral","善良",4,531,531,"e","true",NA,NA,NA,NA,"phase_015_subj_6"
4694,67,14,"<p style=""color:rgb(150, 250, 100); font-size: 35px;"">我</p>","self","moral","我",4,551,551,"i","true",NA,NA,NA,NA,"phase_015_subj_6"
4695,67,14,"<p style=""color:white; font-size: 35px;"">不仁</p>","negative","moral","不仁",4,1212,1212,"i","true",NA,NA,NA,NA,"phase_015_subj_6"
4696,67,14,"<p style=""color:rgb(150, 250, 100); font-size: 35px;"">他</p>","other","moral","他",4,789,789,"e","true",NA,NA,NA,NA,"phase_015_subj_6"
4697,67,14,"<p style=""color:white; font-size: 35px;"">诚信</p>","positive","moral","诚信",4,683,683,"e","true",NA,NA,NA,NA,"phase_015_subj_6"
4698,67,14,"<p style=""color:rgb(150, 250, 100); font-size: 35px;"">他的</p>","other","moral","他的",4,504,504,"e","true",NA,NA,NA,NA,"phase_015_subj_6"
4699,67,14,"<p style=""color:white; font-size: 35px;"">诚信</p>","positive","moral","诚信",4,409,409,"e","true",NA,NA,NA,NA,"phase_015_subj_6"
4700,67,14,"<p style=""color:rgb(150, 250, 100); font-size: 35px;"">自己的</p>","self","moral","自己的",4,658,658,"i","true",NA,NA,NA,NA,"phase_015_subj_6"
4701,67,14,"<p style=""color:white; font-size: 35px;"">小人</p>","negative","moral","小人",4,374,374,"i","true",NA,NA,NA,NA,"phase_015_subj_6"
4702,67,14,"<p style=""color:rgb(150, 250, 100); font-size: 35px;"">别人</p>","other","moral","别人",4,580,580,"e","true",NA,NA,NA,NA,"phase_015_subj_6"
4703,67,14,"<p style=""color:white; font-size: 35px;"">小人</p>","negative","moral","小人",4,531,531,"i","true",NA,NA,NA,NA,"phase_015_subj_6"
4704,67,14,"<p style=""color:rgb(150, 250, 100); font-size: 35px;"">本人</p>","self","moral","本人",4,656,656,"i","true",NA,NA,NA,NA,"phase_015_subj_6"
4705,67,14,"<p style=""color:white; font-size: 35px;"">善良</p>","positive","moral","善良",4,1151,1151,"e","true",NA,NA,NA,NA,"phase_015_subj_6"
4706,67,14,"<p style=""color:rgb(150, 250, 100); font-size: 35px;"">他的</p>","other","moral","他的",4,600,1418.22727272727,"i","false",NA,NA,NA,NA,"phase_015_subj_6"
4707,67,14,"<p style=""color:white; font-size: 35px;"">不仁</p>","negative","moral","不仁",4,1488,1488,"i","true",NA,NA,NA,NA,"phase_015_subj_6"
4708,67,14,"<p style=""color:rgb(150, 250, 100); font-size: 35px;"">本人</p>","self","moral","本人",4,644,644,"i","true",NA,NA,NA,NA,"phase_015_subj_6"
4709,67,14,"<p style=""color:white; font-size: 35px;"">高尚</p>","positive","moral","高尚",4,508,1418.22727272727,"i","false",NA,NA,NA,NA,"phase_015_subj_6"
4710,67,14,"<p style=""color:rgb(150, 250, 100); font-size: 35px;"">我的</p>","self","moral","我的",4,654,654,"i","true",NA,NA,NA,NA,"phase_015_subj_6"
4711,67,14,"<p style=""color:white; font-size: 35px;"">卑鄙</p>","negative","moral","卑鄙",4,920,920,"i","true",NA,NA,NA,NA,"phase_015_subj_6"
4712,67,14,"<p style=""color:rgb(150, 250, 100); font-size: 35px;"">别人</p>","other","moral","别人",4,784,784,"e","true",NA,NA,NA,NA,"phase_015_subj_6"
4713,67,14,"<p style=""color:white; font-size: 35px;"">高尚</p>","positive","moral","高尚",4,675,675,"e","true",NA,NA,NA,NA,"phase_015_subj_6"
4714,67,14,"<p style=""color:rgb(150, 250, 100); font-size: 35px;"">自己</p>","self","moral","自己",4,795,795,"i","true",NA,NA,NA,NA,"phase_015_subj_6"
4715,67,14,"<p style=""color:white; font-size: 35px;"">正直</p>","positive","moral","正直",4,863,863,"e","true",NA,NA,NA,NA,"phase_015_subj_6"
4716,67,14,"<p style=""color:rgb(150, 250, 100); font-size: 35px;"">别人的</p>","other","moral","别人的",4,1935,1935,"e","true",NA,NA,NA,NA,"phase_015_subj_6"
4717,67,14,"<p style=""color:white; font-size: 35px;"">卑鄙</p>","negative","moral","卑鄙",4,855,855,"i","true",NA,NA,NA,NA,"phase_015_subj_6"
4718,67,14,"<p style=""color:rgb(150, 250, 100); font-size: 35px;"">我的</p>","self","moral","我的",4,793,793,"i","true",NA,NA,NA,NA,"phase_015_subj_6"
4719,67,14,"<p style=""color:white; font-size: 35px;"">不孝</p>","negative","moral","不孝",4,754,754,"i","true",NA,NA,NA,NA,"phase_015_subj_6"
4720,67,14,"<p style=""color:rgb(150, 250, 100); font-size: 35px;"">他人的</p>","other","moral","他人的",4,831,831,"e","true",NA,NA,NA,NA,"phase_015_subj_6"
4721,67,14,"<p style=""color:white; font-size: 35px;"">正直</p>","positive","moral","正直",4,1128,1128,"e","true",NA,NA,NA,NA,"phase_015_subj_6"
4722,67,14,"<p style=""color:rgb(150, 250, 100); font-size: 35px;"">本人的</p>","self","moral","本人的",4,1092,1092,"i","true",NA,NA,NA,NA,"phase_015_subj_6"
4723,67,14,"<p style=""color:white; font-size: 35px;"">君子</p>","positive","moral","君子",4,501,1418.22727272727,"i","false",NA,NA,NA,NA,"phase_015_subj_6"
4724,67,14,"<p style=""color:rgb(150, 250, 100); font-size: 35px;"">他</p>","other","moral","他",4,1192,1192,"e","true",NA,NA,NA,NA,"phase_015_subj_6"
4725,67,14,"<p style=""color:white; font-size: 35px;"">缺德</p>","negative","moral","缺德",4,684,684,"i","true",NA,NA,NA,NA,"phase_015_subj_6"
4726,67,14,"<p style=""color:rgb(150, 250, 100); font-size: 35px;"">自己的</p>","self","moral","自己的",4,615,615,"i","true",NA,NA,NA,NA,"phase_015_subj_6"
4727,67,14,"<p style=""color:white; font-size: 35px;"">不孝</p>","negative","moral","不孝",4,1195,1195,"i","true",NA,NA,NA,NA,"phase_015_subj_6"
4728,67,14,"<p style=""color:rgb(150, 250, 100); font-size: 35px;"">他人的</p>","other","moral","他人的",4,725,725,"e","true",NA,NA,NA,NA,"phase_015_subj_6"
4729,67,14,"<p style=""color:white; font-size: 35px;"">廉正</p>","positive","moral","廉正",4,614,614,"e","true",NA,NA,NA,NA,"phase_015_subj_6"
4730,67,15,"<p style=""color:rgb(150, 250, 100); font-size: 35px;"">我的</p>","self","moral","我的",5,716,716,"e","true",NA,NA,NA,NA,"phase_015_subj_6"
4731,67,15,"<p style=""color:rgb(150, 250, 100); font-size: 35px;"">自己的</p>","self","moral","自己的",5,446,446,"e","true",NA,NA,NA,NA,"phase_015_subj_6"
4732,67,15,"<p style=""color:rgb(150, 250, 100); font-size: 35px;"">他</p>","other","moral","他",5,623,623,"i","true",NA,NA,NA,NA,"phase_015_subj_6"
4733,67,15,"<p style=""color:rgb(150, 250, 100); font-size: 35px;"">他人</p>","other","moral","他人",5,362,362,"i","true",NA,NA,NA,NA,"phase_015_subj_6"
4734,67,15,"<p style=""color:rgb(150, 250, 100); font-size: 35px;"">他人的</p>","other","moral","他人的",5,407,407,"i","true",NA,NA,NA,NA,"phase_015_subj_6"
4735,67,15,"<p style=""color:rgb(150, 250, 100); font-size: 35px;"">我</p>","self","moral","我",5,495,495,"e","true",NA,NA,NA,NA,"phase_015_subj_6"
4736,67,15,"<p style=""color:rgb(150, 250, 100); font-size: 35px;"">自己的</p>","self","moral","自己的",5,346,346,"e","true",NA,NA,NA,NA,"phase_015_subj_6"
4737,67,15,"<p style=""color:rgb(150, 250, 100); font-size: 35px;"">自己</p>","self","moral","自己",5,486,486,"e","true",NA,NA,NA,NA,"phase_015_subj_6"
4738,67,15,"<p style=""color:rgb(150, 250, 100); font-size: 35px;"">本人</p>","self","moral","本人",5,724,724,"e","true",NA,NA,NA,NA,"phase_015_subj_6"
4739,67,15,"<p style=""color:rgb(150, 250, 100); font-size: 35px;"">我</p>","self","moral","我",5,383,383,"e","true",NA,NA,NA,NA,"phase_015_subj_6"
4740,67,15,"<p style=""color:rgb(150, 250, 100); font-size: 35px;"">他的</p>","other","moral","他的",5,442,442,"i","true",NA,NA,NA,NA,"phase_015_subj_6"
4741,67,15,"<p style=""color:rgb(150, 250, 100); font-size: 35px;"">别人</p>","other","moral","别人",5,275,275,"i","true",NA,NA,NA,NA,"phase_015_subj_6"
4742,67,15,"<p style=""color:rgb(150, 250, 100); font-size: 35px;"">我的</p>","self","moral","我的",5,557,557,"e","true",NA,NA,NA,NA,"phase_015_subj_6"
4743,67,15,"<p style=""color:rgb(150, 250, 100); font-size: 35px;"">他的</p>","other","moral","他的",5,617,617,"i","true",NA,NA,NA,NA,"phase_015_subj_6"
4744,67,15,"<p style=""color:rgb(150, 250, 100); font-size: 35px;"">他</p>","other","moral","他",5,422,422,"i","true",NA,NA,NA,NA,"phase_015_subj_6"
4745,67,15,"<p style=""color:rgb(150, 250, 100); font-size: 35px;"">本人</p>","self","moral","本人",5,722,722,"e","true",NA,NA,NA,NA,"phase_015_subj_6"
4746,67,15,"<p style=""color:rgb(150, 250, 100); font-size: 35px;"">本人的</p>","self","moral","本人的",5,405,405,"e","true",NA,NA,NA,NA,"phase_015_subj_6"
4747,67,15,"<p style=""color:rgb(150, 250, 100); font-size: 35px;"">自己</p>","self","moral","自己",5,481,481,"e","true",NA,NA,NA,NA,"phase_015_subj_6"
4748,67,15,"<p style=""color:rgb(150, 250, 100); font-size: 35px;"">别人的</p>","other","moral","别人的",5,538,538,"i","true",NA,NA,NA,NA,"phase_015_subj_6"
4749,67,15,"<p style=""color:rgb(150, 250, 100); font-size: 35px;"">他人的</p>","other","moral","他人的",5,331,331,"i","true",NA,NA,NA,NA,"phase_015_subj_6"
4750,67,15,"<p style=""color:rgb(150, 250, 100); font-size: 35px;"">他人</p>","other","moral","他人",5,315,315,"i","true",NA,NA,NA,NA,"phase_015_subj_6"
4751,67,15,"<p style=""color:rgb(150, 250, 100); font-size: 35px;"">别人</p>","other","moral","别人",5,464,464,"i","true",NA,NA,NA,NA,"phase_015_subj_6"
4752,67,15,"<p style=""color:rgb(150, 250, 100); font-size: 35px;"">别人的</p>","other","moral","别人的",5,322,322,"i","true",NA,NA,NA,NA,"phase_015_subj_6"
4753,67,15,"<p style=""color:rgb(150, 250, 100); font-size: 35px;"">本人的</p>","self","moral","本人的",5,614,614,"e","true",NA,NA,NA,NA,"phase_015_subj_6"
4754,67,16,"<p style=""color:white; font-size: 35px;"">正直</p>","positive","moral","正直",6,622,622,"e","true",NA,NA,NA,NA,"phase_015_subj_6"
4755,67,16,"<p style=""color:rgb(150, 250, 100); font-size: 35px;"">别人</p>","other","moral","别人",6,610,610,"i","true",NA,NA,NA,NA,"phase_015_subj_6"
4756,67,16,"<p style=""color:white; font-size: 35px;"">缺德</p>","negative","moral","缺德",6,685,685,"i","true",NA,NA,NA,NA,"phase_015_subj_6"
4757,67,16,"<p style=""color:rgb(150, 250, 100); font-size: 35px;"">本人</p>","self","moral","本人",6,607,607,"e","true",NA,NA,NA,NA,"phase_015_subj_6"
4758,67,16,"<p style=""color:white; font-size: 35px;"">小人</p>","negative","moral","小人",6,593,593,"i","true",NA,NA,NA,NA,"phase_015_subj_6"
4759,67,16,"<p style=""color:rgb(150, 250, 100); font-size: 35px;"">自己</p>","self","moral","自己",6,523,523,"e","true",NA,NA,NA,NA,"phase_015_subj_6"
4760,67,16,"<p style=""color:white; font-size: 35px;"">高尚</p>","positive","moral","高尚",6,550,550,"e","true",NA,NA,NA,NA,"phase_015_subj_6"
4761,67,16,"<p style=""color:rgb(150, 250, 100); font-size: 35px;"">他</p>","other","moral","他",6,528,528,"i","true",NA,NA,NA,NA,"phase_015_subj_6"
4762,67,16,"<p style=""color:white; font-size: 35px;"">廉正</p>","positive","moral","廉正",6,582,582,"e","true",NA,NA,NA,NA,"phase_015_subj_6"
4763,67,16,"<p style=""color:rgb(150, 250, 100); font-size: 35px;"">我</p>","self","moral","我",6,616,616,"e","true",NA,NA,NA,NA,"phase_015_subj_6"
4764,67,16,"<p style=""color:white; font-size: 35px;"">不仁</p>","negative","moral","不仁",6,643,643,"i","true",NA,NA,NA,NA,"phase_015_subj_6"
4765,67,16,"<p style=""color:rgb(150, 250, 100); font-size: 35px;"">别人的</p>","other","moral","别人的",6,732,1297.30434782609,"e","false",NA,NA,NA,NA,"phase_015_subj_6"
4766,67,16,"<p style=""color:white; font-size: 35px;"">诚信</p>","positive","moral","诚信",6,1288,1288,"e","true",NA,NA,NA,NA,"phase_015_subj_6"
4767,67,16,"<p style=""color:rgb(150, 250, 100); font-size: 35px;"">他人</p>","other","moral","他人",6,565,565,"i","true",NA,NA,NA,NA,"phase_015_subj_6"
4768,67,16,"<p style=""color:white; font-size: 35px;"">卑鄙</p>","negative","moral","卑鄙",6,903,903,"i","true",NA,NA,NA,NA,"phase_015_subj_6"
4769,67,16,"<p style=""color:rgb(150, 250, 100); font-size: 35px;"">我的</p>","self","moral","我的",6,514,514,"e","true",NA,NA,NA,NA,"phase_015_subj_6"
4770,67,16,"<p style=""color:white; font-size: 35px;"">不孝</p>","negative","moral","不孝",6,891,891,"i","true",NA,NA,NA,NA,"phase_015_subj_6"
4771,67,16,"<p style=""color:rgb(150, 250, 100); font-size: 35px;"">本人的</p>","self","moral","本人的",6,634,634,"e","true",NA,NA,NA,NA,"phase_015_subj_6"
4772,67,16,"<p style=""color:white; font-size: 35px;"">君子</p>","positive","moral","君子",6,645,645,"e","true",NA,NA,NA,NA,"phase_015_subj_6"
4773,67,16,"<p style=""color:rgb(150, 250, 100); font-size: 35px;"">他的</p>","other","moral","他的",6,936,936,"i","true",NA,NA,NA,NA,"phase_015_subj_6"
4774,67,16,"<p style=""color:white; font-size: 35px;"">黑心</p>","negative","moral","黑心",6,1199,1199,"i","true",NA,NA,NA,NA,"phase_015_subj_6"
4775,67,16,"<p style=""color:rgb(150, 250, 100); font-size: 35px;"">自己的</p>","self","moral","自己的",6,540,540,"e","true",NA,NA,NA,NA,"phase_015_subj_6"
4776,67,16,"<p style=""color:white; font-size: 35px;"">善良</p>","positive","moral","善良",6,672,672,"e","true",NA,NA,NA,NA,"phase_015_subj_6"
4777,67,16,"<p style=""color:rgb(150, 250, 100); font-size: 35px;"">他人的</p>","other","moral","他人的",6,692,692,"i","true",NA,NA,NA,NA,"phase_015_subj_6"
4778,67,17,"<p style=""color:white; font-size: 35px;"">不仁</p>","negative","moral","不仁",7,1045,1045,"i","true",NA,NA,NA,NA,"phase_015_subj_6"
4779,67,17,"<p style=""color:rgb(150, 250, 100); font-size: 35px;"">本人</p>","self","moral","本人",7,521,521,"e","true",NA,NA,NA,NA,"phase_015_subj_6"
4780,67,17,"<p style=""color:white; font-size: 35px;"">善良</p>","positive","moral","善良",7,694,694,"e","true",NA,NA,NA,NA,"phase_015_subj_6"
4781,67,17,"<p style=""color:rgb(150, 250, 100); font-size: 35px;"">他的</p>","other","moral","他的",7,625,625,"i","true",NA,NA,NA,NA,"phase_015_subj_6"
4782,67,17,"<p style=""color:white; font-size: 35px;"">高尚</p>","positive","moral","高尚",7,700,700,"e","true",NA,NA,NA,NA,"phase_015_subj_6"
4783,67,17,"<p style=""color:rgb(150, 250, 100); font-size: 35px;"">本人的</p>","self","moral","本人的",7,784,784,"e","true",NA,NA,NA,NA,"phase_015_subj_6"
4784,67,17,"<p style=""color:white; font-size: 35px;"">缺德</p>","negative","moral","缺德",7,758,758,"i","true",NA,NA,NA,NA,"phase_015_subj_6"
4785,67,17,"<p style=""color:rgb(150, 250, 100); font-size: 35px;"">他的</p>","other","moral","他的",7,602,602,"i","true",NA,NA,NA,NA,"phase_015_subj_6"
4786,67,17,"<p style=""color:white; font-size: 35px;"">不仁</p>","negative","moral","不仁",7,600,600,"i","true",NA,NA,NA,NA,"phase_015_subj_6"
4787,67,17,"<p style=""color:rgb(150, 250, 100); font-size: 35px;"">别人</p>","other","moral","别人",7,773,773,"i","true",NA,NA,NA,NA,"phase_015_subj_6"
4788,67,17,"<p style=""color:white; font-size: 35px;"">正直</p>","positive","moral","正直",7,555,555,"e","true",NA,NA,NA,NA,"phase_015_subj_6"
4789,67,17,"<p style=""color:rgb(150, 250, 100); font-size: 35px;"">自己</p>","self","moral","自己",7,401,401,"e","true",NA,NA,NA,NA,"phase_015_subj_6"
4790,67,17,"<p style=""color:white; font-size: 35px;"">不孝</p>","negative","moral","不孝",7,598,598,"i","true",NA,NA,NA,NA,"phase_015_subj_6"
4791,67,17,"<p style=""color:rgb(150, 250, 100); font-size: 35px;"">他</p>","other","moral","他",7,490,490,"i","true",NA,NA,NA,NA,"phase_015_subj_6"
4792,67,17,"<p style=""color:white; font-size: 35px;"">君子</p>","positive","moral","君子",7,452,452,"e","true",NA,NA,NA,NA,"phase_015_subj_6"
4793,67,17,"<p style=""color:rgb(150, 250, 100); font-size: 35px;"">我</p>","self","moral","我",7,595,595,"e","true",NA,NA,NA,NA,"phase_015_subj_6"
4794,67,17,"<p style=""color:white; font-size: 35px;"">诚信</p>","positive","moral","诚信",7,867,867,"e","true",NA,NA,NA,NA,"phase_015_subj_6"
4795,67,17,"<p style=""color:rgb(150, 250, 100); font-size: 35px;"">自己的</p>","self","moral","自己的",7,492,492,"e","true",NA,NA,NA,NA,"phase_015_subj_6"
4796,67,17,"<p style=""color:white; font-size: 35px;"">卑鄙</p>","negative","moral","卑鄙",7,587,587,"i","true",NA,NA,NA,NA,"phase_015_subj_6"
4797,67,17,"<p style=""color:rgb(150, 250, 100); font-size: 35px;"">别人的</p>","other","moral","别人的",7,485,1250,"e","false",NA,NA,NA,NA,"phase_015_subj_6"
4798,67,17,"<p style=""color:white; font-size: 35px;"">小人</p>","negative","moral","小人",7,483,483,"i","true",NA,NA,NA,NA,"phase_015_subj_6"
4799,67,17,"<p style=""color:rgb(150, 250, 100); font-size: 35px;"">自己的</p>","self","moral","自己的",7,434,1250,"i","false",NA,NA,NA,NA,"phase_015_subj_6"
4800,67,17,"<p style=""color:white; font-size: 35px;"">廉正</p>","positive","moral","廉正",7,1019,1019,"e","true",NA,NA,NA,NA,"phase_015_subj_6"
4801,67,17,"<p style=""color:rgb(150, 250, 100); font-size: 35px;"">别人</p>","other","moral","别人",7,583,583,"i","true",NA,NA,NA,NA,"phase_015_subj_6"
4802,67,17,"<p style=""color:white; font-size: 35px;"">缺德</p>","negative","moral","缺德",7,829,829,"i","true",NA,NA,NA,NA,"phase_015_subj_6"
4803,67,17,"<p style=""color:rgb(150, 250, 100); font-size: 35px;"">我的</p>","self","moral","我的",7,605,605,"e","true",NA,NA,NA,NA,"phase_015_subj_6"
4804,67,17,"<p style=""color:white; font-size: 35px;"">高尚</p>","positive","moral","高尚",7,879,879,"e","true",NA,NA,NA,NA,"phase_015_subj_6"
4805,67,17,"<p style=""color:rgb(150, 250, 100); font-size: 35px;"">他人</p>","other","moral","他人",7,870,870,"i","true",NA,NA,NA,NA,"phase_015_subj_6"
4806,67,17,"<p style=""color:white; font-size: 35px;"">黑心</p>","negative","moral","黑心",7,612,612,"i","true",NA,NA,NA,NA,"phase_015_subj_6"
4807,67,17,"<p style=""color:rgb(150, 250, 100); font-size: 35px;"">我</p>","self","moral","我",7,488,488,"e","true",NA,NA,NA,NA,"phase_015_subj_6"
4808,67,17,"<p style=""color:white; font-size: 35px;"">诚信</p>","positive","moral","诚信",7,625,625,"e","true",NA,NA,NA,NA,"phase_015_subj_6"
4809,67,17,"<p style=""color:rgb(150, 250, 100); font-size: 35px;"">别人的</p>","other","moral","别人的",7,723,723,"i","true",NA,NA,NA,NA,"phase_015_subj_6"
4810,67,17,"<p style=""color:white; font-size: 35px;"">君子</p>","positive","moral","君子",7,807,807,"e","true",NA,NA,NA,NA,"phase_015_subj_6"
4811,67,17,"<p style=""color:rgb(150, 250, 100); font-size: 35px;"">他人</p>","other","moral","他人",7,644,644,"i","true",NA,NA,NA,NA,"phase_015_subj_6"
4812,67,17,"<p style=""color:white; font-size: 35px;"">黑心</p>","negative","moral","黑心",7,716,716,"i","true",NA,NA,NA,NA,"phase_015_subj_6"
4813,67,17,"<p style=""color:rgb(150, 250, 100); font-size: 35px;"">我的</p>","self","moral","我的",7,507,507,"e","true",NA,NA,NA,NA,"phase_015_subj_6"
4814,67,17,"<p style=""color:white; font-size: 35px;"">正直</p>","positive","moral","正直",7,515,515,"e","true",NA,NA,NA,NA,"phase_015_subj_6"
4815,67,17,"<p style=""color:rgb(150, 250, 100); font-size: 35px;"">他</p>","other","moral","他",7,470,470,"i","true",NA,NA,NA,NA,"phase_015_subj_6"
4816,67,17,"<p style=""color:white; font-size: 35px;"">卑鄙</p>","negative","moral","卑鄙",7,675,675,"i","true",NA,NA,NA,NA,"phase_015_subj_6"
4817,67,17,"<p style=""color:rgb(150, 250, 100); font-size: 35px;"">本人的</p>","self","moral","本人的",7,883,883,"e","true",NA,NA,NA,NA,"phase_015_subj_6"
4818,67,17,"<p style=""color:white; font-size: 35px;"">小人</p>","negative","moral","小人",7,725,725,"i","true",NA,NA,NA,NA,"phase_015_subj_6"
4819,67,17,"<p style=""color:rgb(150, 250, 100); font-size: 35px;"">自己</p>","self","moral","自己",7,534,534,"e","true",NA,NA,NA,NA,"phase_015_subj_6"
4820,67,17,"<p style=""color:white; font-size: 35px;"">善良</p>","positive","moral","善良",7,660,660,"e","true",NA,NA,NA,NA,"phase_015_subj_6"
4821,67,17,"<p style=""color:rgb(150, 250, 100); font-size: 35px;"">他人的</p>","other","moral","他人的",7,634,634,"i","true",NA,NA,NA,NA,"phase_015_subj_6"
4822,67,17,"<p style=""color:white; font-size: 35px;"">廉正</p>","positive","moral","廉正",7,577,577,"e","true",NA,NA,NA,NA,"phase_015_subj_6"
4823,67,17,"<p style=""color:rgb(150, 250, 100); font-size: 35px;"">他人的</p>","other","moral","他人的",7,586,586,"i","true",NA,NA,NA,NA,"phase_015_subj_6"
4824,67,17,"<p style=""color:white; font-size: 35px;"">不孝</p>","negative","moral","不孝",7,563,563,"i","true",NA,NA,NA,NA,"phase_015_subj_6"
4825,67,17,"<p style=""color:rgb(150, 250, 100); font-size: 35px;"">本人</p>","self","moral","本人",7,549,549,"e","true",NA,NA,NA,NA,"phase_015_subj_6"
4826,67,NA,"
    <h3>词语分类任务</h3>
    <p>在接下来的任务中，你需要对一系列词语进行分类。</p>
    <p>请先熟悉这些词语，这有利于你完成接下来的任务。</p>
    <table align=""center"" border=1 cellpadding=3 cellspacing=0>
    <tr> <th>类别</th> <th>词语</th> </tr>
    <tr> <td>&emsp;积极&emsp;</td> <td>&emsp;能干、全能、全才、高效、精干、天才&emsp;</td> </tr>
    <tr> <td>&emsp;消极&emsp;</td> <td>&emsp;无能、低能、废物、拙笨、愚钝、蠢笨&emsp;</td> </tr>
    <tr> <td>&emsp;自我&emsp;</td> <td>&emsp;我、我的、自己、自己的、本人、本人的&emsp;</td> </tr>
    <tr> <td>&emsp;他人&emsp;</td> <td>&emsp;他、他的、别人、别人的、他人、他人的&emsp;</td> </tr>
    </table><br/>","","","",NA,13011,NA,"0","",2,1,NA,NA,"phase_015_subj_6"
4827,67,1,"<p style=""color:rgb(150, 250, 100); font-size: 35px;"">本人的</p>","self","ability","本人的",1,641,641,"e","true",NA,NA,NA,NA,"phase_015_subj_6"
4828,67,1,"<p style=""color:rgb(150, 250, 100); font-size: 35px;"">我的</p>","self","ability","我的",1,445,445,"e","true",NA,NA,NA,NA,"phase_015_subj_6"
4829,67,1,"<p style=""color:rgb(150, 250, 100); font-size: 35px;"">别人</p>","other","ability","别人",1,515,515,"i","true",NA,NA,NA,NA,"phase_015_subj_6"
4830,67,1,"<p style=""color:rgb(150, 250, 100); font-size: 35px;"">他</p>","other","ability","他",1,371,371,"i","true",NA,NA,NA,NA,"phase_015_subj_6"
4831,67,1,"<p style=""color:rgb(150, 250, 100); font-size: 35px;"">我</p>","self","ability","我",1,494,494,"e","true",NA,NA,NA,NA,"phase_015_subj_6"
4832,67,1,"<p style=""color:rgb(150, 250, 100); font-size: 35px;"">本人</p>","self","ability","本人",1,548,548,"e","true",NA,NA,NA,NA,"phase_015_subj_6"
4833,67,1,"<p style=""color:rgb(150, 250, 100); font-size: 35px;"">自己</p>","self","ability","自己",1,457,457,"e","true",NA,NA,NA,NA,"phase_015_subj_6"
4834,67,1,"<p style=""color:rgb(150, 250, 100); font-size: 35px;"">他的</p>","other","ability","他的",1,534,534,"i","true",NA,NA,NA,NA,"phase_015_subj_6"
4835,67,1,"<p style=""color:rgb(150, 250, 100); font-size: 35px;"">别人的</p>","other","ability","别人的",1,438,438,"i","true",NA,NA,NA,NA,"phase_015_subj_6"
4836,67,1,"<p style=""color:rgb(150, 250, 100); font-size: 35px;"">他人</p>","other","ability","他人",1,422,422,"i","true",NA,NA,NA,NA,"phase_015_subj_6"
4837,67,1,"<p style=""color:rgb(150, 250, 100); font-size: 35px;"">他人的</p>","other","ability","他人的",1,347,347,"i","true",NA,NA,NA,NA,"phase_015_subj_6"
4838,67,1,"<p style=""color:rgb(150, 250, 100); font-size: 35px;"">自己的</p>","self","ability","自己的",1,475,475,"e","true",NA,NA,NA,NA,"phase_015_subj_6"
4839,67,2,"<p style=""color:white; font-size: 35px;"">废物</p>","negative","ability","废物",2,1089,1089,"e","true",NA,NA,NA,NA,"phase_015_subj_6"
4840,67,2,"<p style=""color:white; font-size: 35px;"">精干</p>","positive","ability","精干",2,623,623,"i","true",NA,NA,NA,NA,"phase_015_subj_6"
4841,67,2,"<p style=""color:white; font-size: 35px;"">天才</p>","positive","ability","天才",2,494,494,"e","false",NA,NA,NA,NA,"phase_015_subj_6"
4842,67,2,"<p style=""color:white; font-size: 35px;"">高效</p>","positive","ability","高效",2,438,438,"i","true",NA,NA,NA,NA,"phase_015_subj_6"
4843,67,2,"<p style=""color:white; font-size: 35px;"">愚钝</p>","negative","ability","愚钝",2,509,509,"e","true",NA,NA,NA,NA,"phase_015_subj_6"
4844,67,2,"<p style=""color:white; font-size: 35px;"">能干</p>","positive","ability","能干",2,614,614,"i","true",NA,NA,NA,NA,"phase_015_subj_6"
4845,67,2,"<p style=""color:white; font-size: 35px;"">全才</p>","positive","ability","全才",2,925,925,"i","true",NA,NA,NA,NA,"phase_015_subj_6"
4846,67,2,"<p style=""color:white; font-size: 35px;"">蠢笨</p>","negative","ability","蠢笨",2,830,830,"i","false",NA,NA,NA,NA,"phase_015_subj_6"
4847,67,2,"<p style=""color:white; font-size: 35px;"">无能</p>","negative","ability","无能",2,1101,1101,"e","true",NA,NA,NA,NA,"phase_015_subj_6"
4848,67,2,"<p style=""color:white; font-size: 35px;"">拙笨</p>","negative","ability","拙笨",2,515,515,"e","true",NA,NA,NA,NA,"phase_015_subj_6"
4849,67,2,"<p style=""color:white; font-size: 35px;"">低能</p>","negative","ability","低能",2,405,405,"e","true",NA,NA,NA,NA,"phase_015_subj_6"
4850,67,2,"<p style=""color:white; font-size: 35px;"">全能</p>","positive","ability","全能",2,527,527,"i","true",NA,NA,NA,NA,"phase_015_subj_6"
4851,67,3,"<p style=""color:rgb(150, 250, 100); font-size: 35px;"">我的</p>","self","ability","我的",3,1296,1296,"e","true",NA,NA,NA,NA,"phase_015_subj_6"
4852,67,3,"<p style=""color:white; font-size: 35px;"">高效</p>","positive","ability","高效",3,990,990,"i","true",NA,NA,NA,NA,"phase_015_subj_6"
4853,67,3,"<p style=""color:rgb(150, 250, 100); font-size: 35px;"">别人</p>","other","ability","别人",3,678,678,"i","true",NA,NA,NA,NA,"phase_015_subj_6"
4854,67,3,"<p style=""color:white; font-size: 35px;"">废物</p>","negative","ability","废物",3,564,564,"e","true",NA,NA,NA,NA,"phase_015_subj_6"
4855,67,3,"<p style=""color:rgb(150, 250, 100); font-size: 35px;"">本人的</p>","self","ability","本人的",3,639,639,"e","true",NA,NA,NA,NA,"phase_015_subj_6"
4856,67,3,"<p style=""color:white; font-size: 35px;"">蠢笨</p>","negative","ability","蠢笨",3,638,638,"e","true",NA,NA,NA,NA,"phase_015_subj_6"
4857,67,3,"<p style=""color:rgb(150, 250, 100); font-size: 35px;"">他人的</p>","other","ability","他人的",3,723,723,"i","true",NA,NA,NA,NA,"phase_015_subj_6"
4858,67,3,"<p style=""color:white; font-size: 35px;"">能干</p>","positive","ability","能干",3,572,572,"i","true",NA,NA,NA,NA,"phase_015_subj_6"
4859,67,3,"<p style=""color:rgb(150, 250, 100); font-size: 35px;"">他</p>","other","ability","他",3,425,425,"i","true",NA,NA,NA,NA,"phase_015_subj_6"
4860,67,3,"<p style=""color:white; font-size: 35px;"">全能</p>","positive","ability","全能",3,381,381,"i","true",NA,NA,NA,NA,"phase_015_subj_6"
4861,67,3,"<p style=""color:rgb(150, 250, 100); font-size: 35px;"">本人</p>","self","ability","本人",3,690,690,"e","true",NA,NA,NA,NA,"phase_015_subj_6"
4862,67,3,"<p style=""color:white; font-size: 35px;"">低能</p>","negative","ability","低能",3,715,715,"e","true",NA,NA,NA,NA,"phase_015_subj_6"
4863,67,3,"<p style=""color:rgb(150, 250, 100); font-size: 35px;"">我</p>","self","ability","我",3,412,412,"e","true",NA,NA,NA,NA,"phase_015_subj_6"
4864,67,3,"<p style=""color:white; font-size: 35px;"">精干</p>","positive","ability","精干",3,836,836,"i","true",NA,NA,NA,NA,"phase_015_subj_6"
4865,67,3,"<p style=""color:rgb(150, 250, 100); font-size: 35px;"">他的</p>","other","ability","他的",3,470,470,"i","true",NA,NA,NA,NA,"phase_015_subj_6"
4866,67,3,"<p style=""color:white; font-size: 35px;"">愚钝</p>","negative","ability","愚钝",3,505,505,"e","true",NA,NA,NA,NA,"phase_015_subj_6"
4867,67,3,"<p style=""color:rgb(150, 250, 100); font-size: 35px;"">自己的</p>","self","ability","自己的",3,453,1249.54545454545,"i","false",NA,NA,NA,NA,"phase_015_subj_6"
4868,67,3,"<p style=""color:white; font-size: 35px;"">天才</p>","positive","ability","天才",3,714,714,"i","true",NA,NA,NA,NA,"phase_015_subj_6"
4869,67,3,"<p style=""color:rgb(150, 250, 100); font-size: 35px;"">他人</p>","other","ability","他人",3,447,447,"i","true",NA,NA,NA,NA,"phase_015_subj_6"
4870,67,3,"<p style=""color:white; font-size: 35px;"">拙笨</p>","negative","ability","拙笨",3,506,1249.54545454545,"i","false",NA,NA,NA,NA,"phase_015_subj_6"
4871,67,3,"<p style=""color:rgb(150, 250, 100); font-size: 35px;"">别人的</p>","other","ability","别人的",3,558,558,"i","true",NA,NA,NA,NA,"phase_015_subj_6"
4872,67,3,"<p style=""color:white; font-size: 35px;"">无能</p>","negative","ability","无能",3,751,751,"e","true",NA,NA,NA,NA,"phase_015_subj_6"
4873,67,3,"<p style=""color:rgb(150, 250, 100); font-size: 35px;"">自己</p>","self","ability","自己",3,619,619,"e","true",NA,NA,NA,NA,"phase_015_subj_6"
4874,67,3,"<p style=""color:white; font-size: 35px;"">全才</p>","positive","ability","全才",3,667,667,"i","true",NA,NA,NA,NA,"phase_015_subj_6"
4875,67,4,"<p style=""color:rgb(150, 250, 100); font-size: 35px;"">他人的</p>","other","ability","他人的",4,685,685,"i","true",NA,NA,NA,NA,"phase_015_subj_6"
4876,67,4,"<p style=""color:white; font-size: 35px;"">低能</p>","negative","ability","低能",4,823,823,"e","true",NA,NA,NA,NA,"phase_015_subj_6"
4877,67,4,"<p style=""color:rgb(150, 250, 100); font-size: 35px;"">本人</p>","self","ability","本人",4,621,621,"e","true",NA,NA,NA,NA,"phase_015_subj_6"
4878,67,4,"<p style=""color:white; font-size: 35px;"">能干</p>","positive","ability","能干",4,630,630,"i","true",NA,NA,NA,NA,"phase_015_subj_6"
4879,67,4,"<p style=""color:rgb(150, 250, 100); font-size: 35px;"">他的</p>","other","ability","他的",4,506,506,"i","true",NA,NA,NA,NA,"phase_015_subj_6"
4880,67,4,"<p style=""color:white; font-size: 35px;"">全能</p>","positive","ability","全能",4,772,1324.04761904762,"e","false",NA,NA,NA,NA,"phase_015_subj_6"
4881,67,4,"<p style=""color:rgb(150, 250, 100); font-size: 35px;"">本人</p>","self","ability","本人",4,781,781,"e","true",NA,NA,NA,NA,"phase_015_subj_6"
4882,67,4,"<p style=""color:white; font-size: 35px;"">蠢笨</p>","negative","ability","蠢笨",4,719,719,"e","true",NA,NA,NA,NA,"phase_015_subj_6"
4883,67,4,"<p style=""color:rgb(150, 250, 100); font-size: 35px;"">别人</p>","other","ability","别人",4,1166,1166,"i","true",NA,NA,NA,NA,"phase_015_subj_6"
4884,67,4,"<p style=""color:white; font-size: 35px;"">低能</p>","negative","ability","低能",4,720,720,"e","true",NA,NA,NA,NA,"phase_015_subj_6"
4885,67,4,"<p style=""color:rgb(150, 250, 100); font-size: 35px;"">我</p>","self","ability","我",4,610,610,"e","true",NA,NA,NA,NA,"phase_015_subj_6"
4886,67,4,"<p style=""color:white; font-size: 35px;"">天才</p>","positive","ability","天才",4,819,819,"i","true",NA,NA,NA,NA,"phase_015_subj_6"
4887,67,4,"<p style=""color:rgb(150, 250, 100); font-size: 35px;"">别人的</p>","other","ability","别人的",4,616,616,"i","true",NA,NA,NA,NA,"phase_015_subj_6"
4888,67,4,"<p style=""color:white; font-size: 35px;"">精干</p>","positive","ability","精干",4,768,768,"i","true",NA,NA,NA,NA,"phase_015_subj_6"
4889,67,4,"<p style=""color:rgb(150, 250, 100); font-size: 35px;"">我</p>","self","ability","我",4,687,687,"e","true",NA,NA,NA,NA,"phase_015_subj_6"
4890,67,4,"<p style=""color:white; font-size: 35px;"">无能</p>","negative","ability","无能",4,530,530,"e","true",NA,NA,NA,NA,"phase_015_subj_6"
4891,67,4,"<p style=""color:rgb(150, 250, 100); font-size: 35px;"">他人</p>","other","ability","他人",4,492,492,"i","true",NA,NA,NA,NA,"phase_015_subj_6"
4892,67,4,"<p style=""color:white; font-size: 35px;"">能干</p>","positive","ability","能干",4,745,1324.04761904762,"e","false",NA,NA,NA,NA,"phase_015_subj_6"
4893,67,4,"<p style=""color:rgb(150, 250, 100); font-size: 35px;"">本人的</p>","self","ability","本人的",4,1457,1324.04761904762,"i","false",NA,NA,NA,NA,"phase_015_subj_6"
4894,67,4,"<p style=""color:white; font-size: 35px;"">蠢笨</p>","negative","ability","蠢笨",4,1242,1242,"e","true",NA,NA,NA,NA,"phase_015_subj_6"
4895,67,4,"<p style=""color:rgb(150, 250, 100); font-size: 35px;"">自己的</p>","self","ability","自己的",4,503,503,"e","true",NA,NA,NA,NA,"phase_015_subj_6"
4896,67,4,"<p style=""color:white; font-size: 35px;"">拙笨</p>","negative","ability","拙笨",4,514,514,"e","true",NA,NA,NA,NA,"phase_015_subj_6"
4897,67,4,"<p style=""color:rgb(150, 250, 100); font-size: 35px;"">别人</p>","other","ability","别人",4,467,1324.04761904762,"e","false",NA,NA,NA,NA,"phase_015_subj_6"
4898,67,4,"<p style=""color:white; font-size: 35px;"">天才</p>","positive","ability","天才",4,868,868,"i","true",NA,NA,NA,NA,"phase_015_subj_6"
4899,67,4,"<p style=""color:rgb(150, 250, 100); font-size: 35px;"">他</p>","other","ability","他",4,557,557,"i","true",NA,NA,NA,NA,"phase_015_subj_6"
4900,67,4,"<p style=""color:white; font-size: 35px;"">拙笨</p>","negative","ability","拙笨",4,1333,1333,"e","true",NA,NA,NA,NA,"phase_015_subj_6"
4901,67,4,"<p style=""color:rgb(150, 250, 100); font-size: 35px;"">自己</p>","self","ability","自己",4,485,485,"e","true",NA,NA,NA,NA,"phase_015_subj_6"
4902,67,4,"<p style=""color:white; font-size: 35px;"">全能</p>","positive","ability","全能",4,475,1324.04761904762,"e","false",NA,NA,NA,NA,"phase_015_subj_6"
4903,67,4,"<p style=""color:rgb(150, 250, 100); font-size: 35px;"">我的</p>","self","ability","我的",4,741,1324.04761904762,"i","false",NA,NA,NA,NA,"phase_015_subj_6"
4904,67,4,"<p style=""color:white; font-size: 35px;"">全才</p>","positive","ability","全才",4,1146,1146,"i","true",NA,NA,NA,NA,"phase_015_subj_6"
4905,67,4,"<p style=""color:rgb(150, 250, 100); font-size: 35px;"">他</p>","other","ability","他",4,557,557,"i","true",NA,NA,NA,NA,"phase_015_subj_6"
4906,67,4,"<p style=""color:white; font-size: 35px;"">废物</p>","negative","ability","废物",4,1133,1133,"e","true",NA,NA,NA,NA,"phase_015_subj_6"
4907,67,4,"<p style=""color:rgb(150, 250, 100); font-size: 35px;"">他的</p>","other","ability","他的",4,524,524,"i","true",NA,NA,NA,NA,"phase_015_subj_6"
4908,67,4,"<p style=""color:white; font-size: 35px;"">无能</p>","negative","ability","无能",4,872,872,"e","true",NA,NA,NA,NA,"phase_015_subj_6"
4909,67,4,"<p style=""color:rgb(150, 250, 100); font-size: 35px;"">自己</p>","self","ability","自己",4,714,714,"e","true",NA,NA,NA,NA,"phase_015_subj_6"
4910,67,4,"<p style=""color:white; font-size: 35px;"">高效</p>","positive","ability","高效",4,647,647,"i","true",NA,NA,NA,NA,"phase_015_subj_6"
4911,67,4,"<p style=""color:rgb(150, 250, 100); font-size: 35px;"">他人的</p>","other","ability","他人的",4,673,673,"i","true",NA,NA,NA,NA,"phase_015_subj_6"
4912,67,4,"<p style=""color:white; font-size: 35px;"">全才</p>","positive","ability","全才",4,514,514,"i","true",NA,NA,NA,NA,"phase_015_subj_6"
4913,67,4,"<p style=""color:rgb(150, 250, 100); font-size: 35px;"">我的</p>","self","ability","我的",4,692,692,"e","true",NA,NA,NA,NA,"phase_015_subj_6"
4914,67,4,"<p style=""color:white; font-size: 35px;"">愚钝</p>","negative","ability","愚钝",4,593,593,"e","true",NA,NA,NA,NA,"phase_015_subj_6"
4915,67,4,"<p style=""color:rgb(150, 250, 100); font-size: 35px;"">别人的</p>","other","ability","别人的",4,627,627,"i","true",NA,NA,NA,NA,"phase_015_subj_6"
4916,67,4,"<p style=""color:white; font-size: 35px;"">愚钝</p>","negative","ability","愚钝",4,590,590,"e","true",NA,NA,NA,NA,"phase_015_subj_6"
4917,67,4,"<p style=""color:rgb(150, 250, 100); font-size: 35px;"">本人的</p>","self","ability","本人的",4,706,706,"e","true",NA,NA,NA,NA,"phase_015_subj_6"
4918,67,4,"<p style=""color:white; font-size: 35px;"">高效</p>","positive","ability","高效",4,720,720,"i","true",NA,NA,NA,NA,"phase_015_subj_6"
4919,67,4,"<p style=""color:rgb(150, 250, 100); font-size: 35px;"">他人</p>","other","ability","他人",4,613,613,"i","true",NA,NA,NA,NA,"phase_015_subj_6"
4920,67,4,"<p style=""color:white; font-size: 35px;"">废物</p>","negative","ability","废物",4,732,732,"e","true",NA,NA,NA,NA,"phase_015_subj_6"
4921,67,4,"<p style=""color:rgb(150, 250, 100); font-size: 35px;"">自己的</p>","self","ability","自己的",4,591,591,"e","true",NA,NA,NA,NA,"phase_015_subj_6"
4922,67,4,"<p style=""color:white; font-size: 35px;"">精干</p>","positive","ability","精干",4,1091,1091,"i","true",NA,NA,NA,NA,"phase_015_subj_6"
4923,67,5,"<p style=""color:rgb(150, 250, 100); font-size: 35px;"">我的</p>","self","ability","我的",5,1224,1224,"i","true",NA,NA,NA,NA,"phase_015_subj_6"
4924,67,5,"<p style=""color:rgb(150, 250, 100); font-size: 35px;"">自己的</p>","self","ability","自己的",5,648,648,"i","true",NA,NA,NA,NA,"phase_015_subj_6"
4925,67,5,"<p style=""color:rgb(150, 250, 100); font-size: 35px;"">自己</p>","self","ability","自己",5,328,328,"i","true",NA,NA,NA,NA,"phase_015_subj_6"
4926,67,5,"<p style=""color:rgb(150, 250, 100); font-size: 35px;"">本人的</p>","self","ability","本人的",5,421,421,"i","true",NA,NA,NA,NA,"phase_015_subj_6"
4927,67,5,"<p style=""color:rgb(150, 250, 100); font-size: 35px;"">自己</p>","self","ability","自己",5,337,337,"i","true",NA,NA,NA,NA,"phase_015_subj_6"
4928,67,5,"<p style=""color:rgb(150, 250, 100); font-size: 35px;"">他人</p>","other","ability","他人",5,276,276,"i","false",NA,NA,NA,NA,"phase_015_subj_6"
4929,67,5,"<p style=""color:rgb(150, 250, 100); font-size: 35px;"">他</p>","other","ability","他",5,343,343,"e","true",NA,NA,NA,NA,"phase_015_subj_6"
4930,67,5,"<p style=""color:rgb(150, 250, 100); font-size: 35px;"">他人的</p>","other","ability","他人的",5,351,351,"e","true",NA,NA,NA,NA,"phase_015_subj_6"
4931,67,5,"<p style=""color:rgb(150, 250, 100); font-size: 35px;"">本人</p>","self","ability","本人",5,315,315,"e","false",NA,NA,NA,NA,"phase_015_subj_6"
4932,67,5,"<p style=""color:rgb(150, 250, 100); font-size: 35px;"">我的</p>","self","ability","我的",5,465,465,"i","true",NA,NA,NA,NA,"phase_015_subj_6"
4933,67,5,"<p style=""color:rgb(150, 250, 100); font-size: 35px;"">自己的</p>","self","ability","自己的",5,451,451,"i","true",NA,NA,NA,NA,"phase_015_subj_6"
4934,67,5,"<p style=""color:rgb(150, 250, 100); font-size: 35px;"">他人</p>","other","ability","他人",5,458,458,"e","true",NA,NA,NA,NA,"phase_015_subj_6"
4935,67,5,"<p style=""color:rgb(150, 250, 100); font-size: 35px;"">别人</p>","other","ability","别人",5,427,427,"e","true",NA,NA,NA,NA,"phase_015_subj_6"
4936,67,5,"<p style=""color:rgb(150, 250, 100); font-size: 35px;"">我</p>","self","ability","我",5,482,482,"i","true",NA,NA,NA,NA,"phase_015_subj_6"
4937,67,5,"<p style=""color:rgb(150, 250, 100); font-size: 35px;"">别人的</p>","other","ability","别人的",5,677,677,"e","true",NA,NA,NA,NA,"phase_015_subj_6"
4938,67,5,"<p style=""color:rgb(150, 250, 100); font-size: 35px;"">别人</p>","other","ability","别人",5,485,485,"e","true",NA,NA,NA,NA,"phase_015_subj_6"
4939,67,5,"<p style=""color:rgb(150, 250, 100); font-size: 35px;"">他</p>","other","ability","他",5,349,349,"e","true",NA,NA,NA,NA,"phase_015_subj_6"
4940,67,5,"<p style=""color:rgb(150, 250, 100); font-size: 35px;"">他的</p>","other","ability","他的",5,374,374,"e","true",NA,NA,NA,NA,"phase_015_subj_6"
4941,67,5,"<p style=""color:rgb(150, 250, 100); font-size: 35px;"">本人的</p>","self","ability","本人的",5,486,486,"i","true",NA,NA,NA,NA,"phase_015_subj_6"
4942,67,5,"<p style=""color:rgb(150, 250, 100); font-size: 35px;"">本人</p>","self","ability","本人",5,339,339,"i","true",NA,NA,NA,NA,"phase_015_subj_6"
4943,67,5,"<p style=""color:rgb(150, 250, 100); font-size: 35px;"">我</p>","self","ability","我",5,320,320,"i","true",NA,NA,NA,NA,"phase_015_subj_6"
4944,67,5,"<p style=""color:rgb(150, 250, 100); font-size: 35px;"">他人的</p>","other","ability","他人的",5,526,526,"e","true",NA,NA,NA,NA,"phase_015_subj_6"
4945,67,5,"<p style=""color:rgb(150, 250, 100); font-size: 35px;"">他的</p>","other","ability","他的",5,286,286,"e","true",NA,NA,NA,NA,"phase_015_subj_6"
4946,67,5,"<p style=""color:rgb(150, 250, 100); font-size: 35px;"">别人的</p>","other","ability","别人的",5,552,552,"e","true",NA,NA,NA,NA,"phase_015_subj_6"
4947,67,6,"<p style=""color:white; font-size: 35px;"">能干</p>","positive","ability","能干",6,722,722,"i","true",NA,NA,NA,NA,"phase_015_subj_6"
4948,67,6,"<p style=""color:rgb(150, 250, 100); font-size: 35px;"">本人的</p>","self","ability","本人的",6,569,569,"i","true",NA,NA,NA,NA,"phase_015_subj_6"
4949,67,6,"<p style=""color:white; font-size: 35px;"">无能</p>","negative","ability","无能",6,538,538,"e","true",NA,NA,NA,NA,"phase_015_subj_6"
4950,67,6,"<p style=""color:rgb(150, 250, 100); font-size: 35px;"">他的</p>","other","ability","他的",6,478,478,"e","true",NA,NA,NA,NA,"phase_015_subj_6"
4951,67,6,"<p style=""color:white; font-size: 35px;"">全才</p>","positive","ability","全才",6,525,525,"i","true",NA,NA,NA,NA,"phase_015_subj_6"
4952,67,6,"<p style=""color:rgb(150, 250, 100); font-size: 35px;"">他人的</p>","other","ability","他人的",6,844,844,"e","true",NA,NA,NA,NA,"phase_015_subj_6"
4953,67,6,"<p style=""color:white; font-size: 35px;"">废物</p>","negative","ability","废物",6,1217,1217,"e","true",NA,NA,NA,NA,"phase_015_subj_6"
4954,67,6,"<p style=""color:rgb(150, 250, 100); font-size: 35px;"">自己的</p>","self","ability","自己的",6,458,458,"i","true",NA,NA,NA,NA,"phase_015_subj_6"
4955,67,6,"<p style=""color:white; font-size: 35px;"">蠢笨</p>","negative","ability","蠢笨",6,788,788,"e","true",NA,NA,NA,NA,"phase_015_subj_6"
4956,67,6,"<p style=""color:rgb(150, 250, 100); font-size: 35px;"">我</p>","self","ability","我",6,411,411,"i","true",NA,NA,NA,NA,"phase_015_subj_6"
4957,67,6,"<p style=""color:white; font-size: 35px;"">高效</p>","positive","ability","高效",6,551,551,"i","true",NA,NA,NA,NA,"phase_015_subj_6"
4958,67,6,"<p style=""color:rgb(150, 250, 100); font-size: 35px;"">别人</p>","other","ability","别人",6,569,569,"e","true",NA,NA,NA,NA,"phase_015_subj_6"
4959,67,6,"<p style=""color:white; font-size: 35px;"">拙笨</p>","negative","ability","拙笨",6,915,1249,"i","false",NA,NA,NA,NA,"phase_015_subj_6"
4960,67,6,"<p style=""color:rgb(150, 250, 100); font-size: 35px;"">本人</p>","self","ability","本人",6,592,592,"i","true",NA,NA,NA,NA,"phase_015_subj_6"
4961,67,6,"<p style=""color:white; font-size: 35px;"">精干</p>","positive","ability","精干",6,537,537,"i","true",NA,NA,NA,NA,"phase_015_subj_6"
4962,67,6,"<p style=""color:rgb(150, 250, 100); font-size: 35px;"">他人</p>","other","ability","他人",6,490,1249,"i","false",NA,NA,NA,NA,"phase_015_subj_6"
4963,67,6,"<p style=""color:white; font-size: 35px;"">全能</p>","positive","ability","全能",6,450,450,"i","true",NA,NA,NA,NA,"phase_015_subj_6"
4964,67,6,"<p style=""color:rgb(150, 250, 100); font-size: 35px;"">自己</p>","self","ability","自己",6,779,779,"i","true",NA,NA,NA,NA,"phase_015_subj_6"
4965,67,6,"<p style=""color:white; font-size: 35px;"">愚钝</p>","negative","ability","愚钝",6,734,734,"e","true",NA,NA,NA,NA,"phase_015_subj_6"
4966,67,6,"<p style=""color:rgb(150, 250, 100); font-size: 35px;"">他</p>","other","ability","他",6,287,287,"e","true",NA,NA,NA,NA,"phase_015_subj_6"
4967,67,6,"<p style=""color:white; font-size: 35px;"">天才</p>","positive","ability","天才",6,850,850,"i","true",NA,NA,NA,NA,"phase_015_subj_6"
4968,67,6,"<p style=""color:rgb(150, 250, 100); font-size: 35px;"">我的</p>","self","ability","我的",6,816,816,"i","true",NA,NA,NA,NA,"phase_015_subj_6"
4969,67,6,"<p style=""color:white; font-size: 35px;"">低能</p>","negative","ability","低能",6,804,804,"e","true",NA,NA,NA,NA,"phase_015_subj_6"
4970,67,6,"<p style=""color:rgb(150, 250, 100); font-size: 35px;"">别人的</p>","other","ability","别人的",6,759,759,"e","true",NA,NA,NA,NA,"phase_015_subj_6"
4971,67,7,"<p style=""color:white; font-size: 35px;"">蠢笨</p>","negative","ability","蠢笨",7,862,862,"e","true",NA,NA,NA,NA,"phase_015_subj_6"
4972,67,7,"<p style=""color:rgb(150, 250, 100); font-size: 35px;"">我</p>","self","ability","我",7,508,508,"i","true",NA,NA,NA,NA,"phase_015_subj_6"
4973,67,7,"<p style=""color:white; font-size: 35px;"">能干</p>","positive","ability","能干",7,618,618,"i","true",NA,NA,NA,NA,"phase_015_subj_6"
4974,67,7,"<p style=""color:rgb(150, 250, 100); font-size: 35px;"">他人</p>","other","ability","他人",7,614,614,"e","true",NA,NA,NA,NA,"phase_015_subj_6"
4975,67,7,"<p style=""color:white; font-size: 35px;"">天才</p>","positive","ability","天才",7,612,612,"i","true",NA,NA,NA,NA,"phase_015_subj_6"
4976,67,7,"<p style=""color:rgb(150, 250, 100); font-size: 35px;"">别人的</p>","other","ability","别人的",7,561,561,"e","true",NA,NA,NA,NA,"phase_015_subj_6"
4977,67,7,"<p style=""color:white; font-size: 35px;"">低能</p>","negative","ability","低能",7,747,747,"e","true",NA,NA,NA,NA,"phase_015_subj_6"
4978,67,7,"<p style=""color:rgb(150, 250, 100); font-size: 35px;"">自己的</p>","self","ability","自己的",7,511,511,"i","true",NA,NA,NA,NA,"phase_015_subj_6"
4979,67,7,"<p style=""color:white; font-size: 35px;"">无能</p>","negative","ability","无能",7,715,715,"e","true",NA,NA,NA,NA,"phase_015_subj_6"
4980,67,7,"<p style=""color:rgb(150, 250, 100); font-size: 35px;"">别人</p>","other","ability","别人",7,568,1231.10869565217,"i","false",NA,NA,NA,NA,"phase_015_subj_6"
4981,67,7,"<p style=""color:white; font-size: 35px;"">天才</p>","positive","ability","天才",7,1233,1233,"i","true",NA,NA,NA,NA,"phase_015_subj_6"
4982,67,7,"<p style=""color:rgb(150, 250, 100); font-size: 35px;"">自己</p>","self","ability","自己",7,569,569,"i","true",NA,NA,NA,NA,"phase_015_subj_6"
4983,67,7,"<p style=""color:white; font-size: 35px;"">蠢笨</p>","negative","ability","蠢笨",7,593,593,"e","true",NA,NA,NA,NA,"phase_015_subj_6"
4984,67,7,"<p style=""color:rgb(150, 250, 100); font-size: 35px;"">他人</p>","other","ability","他人",7,424,424,"e","true",NA,NA,NA,NA,"phase_015_subj_6"
4985,67,7,"<p style=""color:white; font-size: 35px;"">全能</p>","positive","ability","全能",7,574,574,"i","true",NA,NA,NA,NA,"phase_015_subj_6"
4986,67,7,"<p style=""color:rgb(150, 250, 100); font-size: 35px;"">本人的</p>","self","ability","本人的",7,491,491,"i","true",NA,NA,NA,NA,"phase_015_subj_6"
4987,67,7,"<p style=""color:white; font-size: 35px;"">低能</p>","negative","ability","低能",7,659,659,"e","true",NA,NA,NA,NA,"phase_015_subj_6"
4988,67,7,"<p style=""color:rgb(150, 250, 100); font-size: 35px;"">他人的</p>","other","ability","他人的",7,425,425,"e","true",NA,NA,NA,NA,"phase_015_subj_6"
4989,67,7,"<p style=""color:white; font-size: 35px;"">高效</p>","positive","ability","高效",7,629,629,"i","true",NA,NA,NA,NA,"phase_015_subj_6"
4990,67,7,"<p style=""color:rgb(150, 250, 100); font-size: 35px;"">我</p>","self","ability","我",7,429,429,"i","true",NA,NA,NA,NA,"phase_015_subj_6"
4991,67,7,"<p style=""color:white; font-size: 35px;"">全才</p>","positive","ability","全才",7,474,474,"i","true",NA,NA,NA,NA,"phase_015_subj_6"
4992,67,7,"<p style=""color:rgb(150, 250, 100); font-size: 35px;"">我的</p>","self","ability","我的",7,420,420,"i","true",NA,NA,NA,NA,"phase_015_subj_6"
4993,67,7,"<p style=""color:white; font-size: 35px;"">拙笨</p>","negative","ability","拙笨",7,467,467,"e","true",NA,NA,NA,NA,"phase_015_subj_6"
4994,67,7,"<p style=""color:rgb(150, 250, 100); font-size: 35px;"">别人的</p>","other","ability","别人的",7,363,363,"e","true",NA,NA,NA,NA,"phase_015_subj_6"
4995,67,7,"<p style=""color:white; font-size: 35px;"">高效</p>","positive","ability","高效",7,643,643,"i","true",NA,NA,NA,NA,"phase_015_subj_6"
4996,67,7,"<p style=""color:rgb(150, 250, 100); font-size: 35px;"">我的</p>","self","ability","我的",7,302,302,"i","true",NA,NA,NA,NA,"phase_015_subj_6"
4997,67,7,"<p style=""color:white; font-size: 35px;"">拙笨</p>","negative","ability","拙笨",7,884,884,"e","true",NA,NA,NA,NA,"phase_015_subj_6"
4998,67,7,"<p style=""color:rgb(150, 250, 100); font-size: 35px;"">他人的</p>","other","ability","他人的",7,382,382,"e","true",NA,NA,NA,NA,"phase_015_subj_6"
4999,67,7,"<p style=""color:white; font-size: 35px;"">废物</p>","negative","ability","废物",7,584,584,"e","true",NA,NA,NA,NA,"phase_015_subj_6"
5000,67,7,"<p style=""color:rgb(150, 250, 100); font-size: 35px;"">他的</p>","other","ability","他的",7,331,331,"e","true",NA,NA,NA,NA,"phase_015_subj_6"
5001,67,7,"<p style=""color:white; font-size: 35px;"">全能</p>","positive","ability","全能",7,721,721,"i","true",NA,NA,NA,NA,"phase_015_subj_6"
5002,67,7,"<p style=""color:rgb(150, 250, 100); font-size: 35px;"">自己</p>","self","ability","自己",7,346,346,"i","true",NA,NA,NA,NA,"phase_015_subj_6"
5003,67,7,"<p style=""color:white; font-size: 35px;"">精干</p>","positive","ability","精干",7,478,478,"i","true",NA,NA,NA,NA,"phase_015_subj_6"
5004,67,7,"<p style=""color:rgb(150, 250, 100); font-size: 35px;"">他</p>","other","ability","他",7,336,1231.10869565217,"i","false",NA,NA,NA,NA,"phase_015_subj_6"
5005,67,7,"<p style=""color:white; font-size: 35px;"">无能</p>","negative","ability","无能",7,1272,1272,"e","true",NA,NA,NA,NA,"phase_015_subj_6"
5006,67,7,"<p style=""color:rgb(150, 250, 100); font-size: 35px;"">自己的</p>","self","ability","自己的",7,1115,1115,"i","true",NA,NA,NA,NA,"phase_015_subj_6"
5007,67,7,"<p style=""color:white; font-size: 35px;"">能干</p>","positive","ability","能干",7,791,791,"i","true",NA,NA,NA,NA,"phase_015_subj_6"
5008,67,7,"<p style=""color:rgb(150, 250, 100); font-size: 35px;"">本人的</p>","self","ability","本人的",7,679,679,"i","true",NA,NA,NA,NA,"phase_015_subj_6"
5009,67,7,"<p style=""color:white; font-size: 35px;"">愚钝</p>","negative","ability","愚钝",7,515,515,"e","true",NA,NA,NA,NA,"phase_015_subj_6"
5010,67,7,"<p style=""color:rgb(150, 250, 100); font-size: 35px;"">他</p>","other","ability","他",7,534,534,"e","true",NA,NA,NA,NA,"phase_015_subj_6"
5011,67,7,"<p style=""color:white; font-size: 35px;"">精干</p>","positive","ability","精干",7,719,719,"i","true",NA,NA,NA,NA,"phase_015_subj_6"
5012,67,7,"<p style=""color:rgb(150, 250, 100); font-size: 35px;"">别人</p>","other","ability","别人",7,786,786,"e","true",NA,NA,NA,NA,"phase_015_subj_6"
5013,67,7,"<p style=""color:white; font-size: 35px;"">愚钝</p>","negative","ability","愚钝",7,741,741,"e","true",NA,NA,NA,NA,"phase_015_subj_6"
5014,67,7,"<p style=""color:rgb(150, 250, 100); font-size: 35px;"">本人</p>","self","ability","本人",7,592,592,"i","true",NA,NA,NA,NA,"phase_015_subj_6"
5015,67,7,"<p style=""color:white; font-size: 35px;"">废物</p>","negative","ability","废物",7,1353,1353,"e","true",NA,NA,NA,NA,"phase_015_subj_6"
5016,67,7,"<p style=""color:rgb(150, 250, 100); font-size: 35px;"">他的</p>","other","ability","他的",7,694,694,"e","true",NA,NA,NA,NA,"phase_015_subj_6"
5017,67,7,"<p style=""color:white; font-size: 35px;"">全才</p>","positive","ability","全才",7,585,585,"i","true",NA,NA,NA,NA,"phase_015_subj_6"
5018,67,7,"<p style=""color:rgb(150, 250, 100); font-size: 35px;"">本人</p>","self","ability","本人",7,486,486,"i","true",NA,NA,NA,NA,"phase_015_subj_6"
5019,691,NA,"
    <h3>词语分类任务</h3>
    <p>在接下来的任务中，你需要对一系列词语进行分类。</p>
    <p>请先熟悉这些词语，这有利于你完成接下来的任务。</p>
    <table align=""center"" border=1 cellpadding=3 cellspacing=0>
    <tr> <th>类别</th> <th>词语</th> </tr>
    <tr> <td>&emsp;积极&emsp;</td> <td>&emsp;能干、全能、全才、高效、精干、天才&emsp;</td> </tr>
    <tr> <td>&emsp;消极&emsp;</td> <td>&emsp;无能、低能、废物、拙笨、愚钝、蠢笨&emsp;</td> </tr>
    <tr> <td>&emsp;自我&emsp;</td> <td>&emsp;我、我的、自己、自己的、本人、本人的&emsp;</td> </tr>
    <tr> <td>&emsp;他人&emsp;</td> <td>&emsp;他、他的、别人、别人的、他人、他人的&emsp;</td> </tr>
    </table><br/>","","","",NA,14815,NA,"0","",1,1,NA,NA,"phase_015_subj_48"
5020,691,1,"<p style=""color:rgb(150, 250, 100); font-size: 35px;"">他</p>","other","ability","他",1,974,974,"i","true",NA,NA,NA,NA,"phase_015_subj_48"
5021,691,1,"<p style=""color:rgb(150, 250, 100); font-size: 35px;"">他人</p>","other","ability","他人",1,449,449,"i","true",NA,NA,NA,NA,"phase_015_subj_48"
5022,691,1,"<p style=""color:rgb(150, 250, 100); font-size: 35px;"">自己</p>","self","ability","自己",1,545,545,"e","true",NA,NA,NA,NA,"phase_015_subj_48"
5023,691,1,"<p style=""color:rgb(150, 250, 100); font-size: 35px;"">别人</p>","other","ability","别人",1,625,625,"i","true",NA,NA,NA,NA,"phase_015_subj_48"
5024,691,1,"<p style=""color:rgb(150, 250, 100); font-size: 35px;"">自己的</p>","self","ability","自己的",1,617,617,"e","true",NA,NA,NA,NA,"phase_015_subj_48"
5025,691,1,"<p style=""color:rgb(150, 250, 100); font-size: 35px;"">他人的</p>","other","ability","他人的",1,505,505,"i","true",NA,NA,NA,NA,"phase_015_subj_48"
5026,691,1,"<p style=""color:rgb(150, 250, 100); font-size: 35px;"">我的</p>","self","ability","我的",1,626,626,"e","true",NA,NA,NA,NA,"phase_015_subj_48"
5027,691,1,"<p style=""color:rgb(150, 250, 100); font-size: 35px;"">本人</p>","self","ability","本人",1,594,594,"i","false",NA,NA,NA,NA,"phase_015_subj_48"
5028,691,1,"<p style=""color:rgb(150, 250, 100); font-size: 35px;"">我</p>","self","ability","我",1,434,434,"e","true",NA,NA,NA,NA,"phase_015_subj_48"
5029,691,1,"<p style=""color:rgb(150, 250, 100); font-size: 35px;"">本人的</p>","self","ability","本人的",1,538,538,"e","true",NA,NA,NA,NA,"phase_015_subj_48"
5030,691,1,"<p style=""color:rgb(150, 250, 100); font-size: 35px;"">别人的</p>","other","ability","别人的",1,579,579,"i","true",NA,NA,NA,NA,"phase_015_subj_48"
5031,691,1,"<p style=""color:rgb(150, 250, 100); font-size: 35px;"">他的</p>","other","ability","他的",1,930,930,"i","true",NA,NA,NA,NA,"phase_015_subj_48"
5032,691,2,"<p style=""color:white; font-size: 35px;"">拙笨</p>","negative","ability","拙笨",2,961,961,"i","true",NA,NA,NA,NA,"phase_015_subj_48"
5033,691,2,"<p style=""color:white; font-size: 35px;"">天才</p>","positive","ability","天才",2,634,634,"e","true",NA,NA,NA,NA,"phase_015_subj_48"
5034,691,2,"<p style=""color:white; font-size: 35px;"">精干</p>","positive","ability","精干",2,890,890,"e","true",NA,NA,NA,NA,"phase_015_subj_48"
5035,691,2,"<p style=""color:white; font-size: 35px;"">蠢笨</p>","negative","ability","蠢笨",2,1218,1218,"i","true",NA,NA,NA,NA,"phase_015_subj_48"
5036,691,2,"<p style=""color:white; font-size: 35px;"">全能</p>","positive","ability","全能",2,618,618,"e","true",NA,NA,NA,NA,"phase_015_subj_48"
5037,691,2,"<p style=""color:white; font-size: 35px;"">能干</p>","positive","ability","能干",2,954,954,"e","true",NA,NA,NA,NA,"phase_015_subj_48"
5038,691,2,"<p style=""color:white; font-size: 35px;"">无能</p>","negative","ability","无能",2,986,986,"i","true",NA,NA,NA,NA,"phase_015_subj_48"
5039,691,2,"<p style=""color:white; font-size: 35px;"">高效</p>","positive","ability","高效",2,642,642,"e","true",NA,NA,NA,NA,"phase_015_subj_48"
5040,691,2,"<p style=""color:white; font-size: 35px;"">废物</p>","negative","ability","废物",2,865,865,"i","true",NA,NA,NA,NA,"phase_015_subj_48"
5041,691,2,"<p style=""color:white; font-size: 35px;"">全才</p>","positive","ability","全才",2,1593,1593,"e","true",NA,NA,NA,NA,"phase_015_subj_48"
5042,691,2,"<p style=""color:white; font-size: 35px;"">愚钝</p>","negative","ability","愚钝",2,593,593,"i","true",NA,NA,NA,NA,"phase_015_subj_48"
5043,691,2,"<p style=""color:white; font-size: 35px;"">低能</p>","negative","ability","低能",2,625,625,"i","true",NA,NA,NA,NA,"phase_015_subj_48"
5044,691,3,"<p style=""color:rgb(150, 250, 100); font-size: 35px;"">他人</p>","other","ability","他人",3,577,577,"i","true",NA,NA,NA,NA,"phase_015_subj_48"
5045,691,3,"<p style=""color:white; font-size: 35px;"">废物</p>","negative","ability","废物",3,554,554,"i","true",NA,NA,NA,NA,"phase_015_subj_48"
5046,691,3,"<p style=""color:rgb(150, 250, 100); font-size: 35px;"">我</p>","self","ability","我",3,482,482,"e","true",NA,NA,NA,NA,"phase_015_subj_48"
5047,691,3,"<p style=""color:white; font-size: 35px;"">全才</p>","positive","ability","全才",3,530,530,"e","true",NA,NA,NA,NA,"phase_015_subj_48"
5048,691,3,"<p style=""color:rgb(150, 250, 100); font-size: 35px;"">他的</p>","other","ability","他的",3,530,1277.73913043478,"e","false",NA,NA,NA,NA,"phase_015_subj_48"
5049,691,3,"<p style=""color:white; font-size: 35px;"">蠢笨</p>","negative","ability","蠢笨",3,746,746,"i","true",NA,NA,NA,NA,"phase_015_subj_48"
5050,691,3,"<p style=""color:rgb(150, 250, 100); font-size: 35px;"">本人</p>","self","ability","本人",3,818,818,"e","true",NA,NA,NA,NA,"phase_015_subj_48"
5051,691,3,"<p style=""color:white; font-size: 35px;"">能干</p>","positive","ability","能干",3,746,746,"e","true",NA,NA,NA,NA,"phase_015_subj_48"
5052,691,3,"<p style=""color:rgb(150, 250, 100); font-size: 35px;"">他人的</p>","other","ability","他人的",3,714,714,"i","true",NA,NA,NA,NA,"phase_015_subj_48"
5053,691,3,"<p style=""color:white; font-size: 35px;"">精干</p>","positive","ability","精干",3,618,618,"e","true",NA,NA,NA,NA,"phase_015_subj_48"
5054,691,3,"<p style=""color:rgb(150, 250, 100); font-size: 35px;"">自己的</p>","self","ability","自己的",3,610,610,"e","true",NA,NA,NA,NA,"phase_015_subj_48"
5055,691,3,"<p style=""color:white; font-size: 35px;"">愚钝</p>","negative","ability","愚钝",3,689,689,"i","true",NA,NA,NA,NA,"phase_015_subj_48"
5056,691,3,"<p style=""color:rgb(150, 250, 100); font-size: 35px;"">他</p>","other","ability","他",3,833,833,"i","true",NA,NA,NA,NA,"phase_015_subj_48"
5057,691,3,"<p style=""color:white; font-size: 35px;"">天才</p>","positive","ability","天才",3,626,626,"e","true",NA,NA,NA,NA,"phase_015_subj_48"
5058,691,3,"<p style=""color:rgb(150, 250, 100); font-size: 35px;"">本人的</p>","self","ability","本人的",3,746,746,"e","true",NA,NA,NA,NA,"phase_015_subj_48"
5059,691,3,"<p style=""color:white; font-size: 35px;"">无能</p>","negative","ability","无能",3,657,657,"i","true",NA,NA,NA,NA,"phase_015_subj_48"
5060,691,3,"<p style=""color:rgb(150, 250, 100); font-size: 35px;"">别人</p>","other","ability","别人",3,585,585,"i","true",NA,NA,NA,NA,"phase_015_subj_48"
5061,691,3,"<p style=""color:white; font-size: 35px;"">高效</p>","positive","ability","高效",3,1209,1209,"e","true",NA,NA,NA,NA,"phase_015_subj_48"
5062,691,3,"<p style=""color:rgb(150, 250, 100); font-size: 35px;"">我的</p>","self","ability","我的",3,489,489,"e","true",NA,NA,NA,NA,"phase_015_subj_48"
5063,691,3,"<p style=""color:white; font-size: 35px;"">拙笨</p>","negative","ability","拙笨",3,593,593,"i","true",NA,NA,NA,NA,"phase_015_subj_48"
5064,691,3,"<p style=""color:rgb(150, 250, 100); font-size: 35px;"">自己</p>","self","ability","自己",3,521,521,"e","true",NA,NA,NA,NA,"phase_015_subj_48"
5065,691,3,"<p style=""color:white; font-size: 35px;"">低能</p>","negative","ability","低能",3,697,697,"i","true",NA,NA,NA,NA,"phase_015_subj_48"
5066,691,3,"<p style=""color:rgb(150, 250, 100); font-size: 35px;"">别人的</p>","other","ability","别人的",3,898,898,"i","true",NA,NA,NA,NA,"phase_015_subj_48"
5067,691,3,"<p style=""color:white; font-size: 35px;"">全能</p>","positive","ability","全能",3,650,650,"e","true",NA,NA,NA,NA,"phase_015_subj_48"
5068,691,4,"<p style=""color:rgb(150, 250, 100); font-size: 35px;"">我的</p>","self","ability","我的",4,841,841,"e","true",NA,NA,NA,NA,"phase_015_subj_48"
5069,691,4,"<p style=""color:white; font-size: 35px;"">拙笨</p>","negative","ability","拙笨",4,722,722,"i","true",NA,NA,NA,NA,"phase_015_subj_48"
5070,691,4,"<p style=""color:rgb(150, 250, 100); font-size: 35px;"">他</p>","other","ability","他",4,849,849,"i","true",NA,NA,NA,NA,"phase_015_subj_48"
5071,691,4,"<p style=""color:white; font-size: 35px;"">全才</p>","positive","ability","全才",4,634,634,"e","true",NA,NA,NA,NA,"phase_015_subj_48"
5072,691,4,"<p style=""color:rgb(150, 250, 100); font-size: 35px;"">我</p>","self","ability","我",4,537,537,"e","true",NA,NA,NA,NA,"phase_015_subj_48"
5073,691,4,"<p style=""color:white; font-size: 35px;"">无能</p>","negative","ability","无能",4,577,577,"i","true",NA,NA,NA,NA,"phase_015_subj_48"
5074,691,4,"<p style=""color:rgb(150, 250, 100); font-size: 35px;"">别人</p>","other","ability","别人",4,553,553,"i","true",NA,NA,NA,NA,"phase_015_subj_48"
5075,691,4,"<p style=""color:white; font-size: 35px;"">天才</p>","positive","ability","天才",4,745,745,"e","true",NA,NA,NA,NA,"phase_015_subj_48"
5076,691,4,"<p style=""color:rgb(150, 250, 100); font-size: 35px;"">别人的</p>","other","ability","别人的",4,1233,1233,"i","true",NA,NA,NA,NA,"phase_015_subj_48"
5077,691,4,"<p style=""color:white; font-size: 35px;"">精干</p>","positive","ability","精干",4,825,825,"e","true",NA,NA,NA,NA,"phase_015_subj_48"
5078,691,4,"<p style=""color:rgb(150, 250, 100); font-size: 35px;"">本人</p>","self","ability","本人",4,681,681,"e","true",NA,NA,NA,NA,"phase_015_subj_48"
5079,691,4,"<p style=""color:white; font-size: 35px;"">无能</p>","negative","ability","无能",4,953,953,"i","true",NA,NA,NA,NA,"phase_015_subj_48"
5080,691,4,"<p style=""color:rgb(150, 250, 100); font-size: 35px;"">本人的</p>","self","ability","本人的",4,601,601,"e","true",NA,NA,NA,NA,"phase_015_subj_48"
5081,691,4,"<p style=""color:white; font-size: 35px;"">全才</p>","positive","ability","全才",4,625,625,"e","true",NA,NA,NA,NA,"phase_015_subj_48"
5082,691,4,"<p style=""color:rgb(150, 250, 100); font-size: 35px;"">别人</p>","other","ability","别人",4,593,593,"i","true",NA,NA,NA,NA,"phase_015_subj_48"
5083,691,4,"<p style=""color:white; font-size: 35px;"">拙笨</p>","negative","ability","拙笨",4,681,681,"i","true",NA,NA,NA,NA,"phase_015_subj_48"
5084,691,4,"<p style=""color:rgb(150, 250, 100); font-size: 35px;"">自己</p>","self","ability","自己",4,617,617,"e","true",NA,NA,NA,NA,"phase_015_subj_48"
5085,691,4,"<p style=""color:white; font-size: 35px;"">废物</p>","negative","ability","废物",4,1129,1129,"i","true",NA,NA,NA,NA,"phase_015_subj_48"
5086,691,4,"<p style=""color:rgb(150, 250, 100); font-size: 35px;"">他人的</p>","other","ability","他人的",4,729,729,"i","true",NA,NA,NA,NA,"phase_015_subj_48"
5087,691,4,"<p style=""color:white; font-size: 35px;"">能干</p>","positive","ability","能干",4,681,681,"e","true",NA,NA,NA,NA,"phase_015_subj_48"
5088,691,4,"<p style=""color:rgb(150, 250, 100); font-size: 35px;"">别人的</p>","other","ability","别人的",4,649,649,"i","true",NA,NA,NA,NA,"phase_015_subj_48"
5089,691,4,"<p style=""color:white; font-size: 35px;"">蠢笨</p>","negative","ability","蠢笨",4,986,986,"i","true",NA,NA,NA,NA,"phase_015_subj_48"
5090,691,4,"<p style=""color:rgb(150, 250, 100); font-size: 35px;"">自己的</p>","self","ability","自己的",4,586,586,"e","true",NA,NA,NA,NA,"phase_015_subj_48"
5091,691,4,"<p style=""color:white; font-size: 35px;"">高效</p>","positive","ability","高效",4,1033,1033,"e","true",NA,NA,NA,NA,"phase_015_subj_48"
5092,691,4,"<p style=""color:rgb(150, 250, 100); font-size: 35px;"">我</p>","self","ability","我",4,625,625,"e","true",NA,NA,NA,NA,"phase_015_subj_48"
5093,691,4,"<p style=""color:white; font-size: 35px;"">高效</p>","positive","ability","高效",4,537,537,"e","true",NA,NA,NA,NA,"phase_015_subj_48"
5094,691,4,"<p style=""color:rgb(150, 250, 100); font-size: 35px;"">他人</p>","other","ability","他人",4,641,641,"i","true",NA,NA,NA,NA,"phase_015_subj_48"
5095,691,4,"<p style=""color:white; font-size: 35px;"">废物</p>","negative","ability","废物",4,657,657,"i","true",NA,NA,NA,NA,"phase_015_subj_48"
5096,691,4,"<p style=""color:rgb(150, 250, 100); font-size: 35px;"">自己</p>","self","ability","自己",4,1289,1289,"e","true",NA,NA,NA,NA,"phase_015_subj_48"
5097,691,4,"<p style=""color:white; font-size: 35px;"">精干</p>","positive","ability","精干",4,777,777,"e","true",NA,NA,NA,NA,"phase_015_subj_48"
5098,691,4,"<p style=""color:rgb(150, 250, 100); font-size: 35px;"">他的</p>","other","ability","他的",4,1225,1225,"i","true",NA,NA,NA,NA,"phase_015_subj_48"
5099,691,4,"<p style=""color:white; font-size: 35px;"">愚钝</p>","negative","ability","愚钝",4,986,986,"i","true",NA,NA,NA,NA,"phase_015_subj_48"
5100,691,4,"<p style=""color:rgb(150, 250, 100); font-size: 35px;"">本人的</p>","self","ability","本人的",4,2761,2761,"e","true",NA,NA,NA,NA,"phase_015_subj_48"
5101,691,4,"<p style=""color:white; font-size: 35px;"">愚钝</p>","negative","ability","愚钝",4,712,712,"i","true",NA,NA,NA,NA,"phase_015_subj_48"
5102,691,4,"<p style=""color:rgb(150, 250, 100); font-size: 35px;"">他人</p>","other","ability","他人",4,977,977,"i","true",NA,NA,NA,NA,"phase_015_subj_48"
5103,691,4,"<p style=""color:white; font-size: 35px;"">能干</p>","positive","ability","能干",4,1841,1841,"e","true",NA,NA,NA,NA,"phase_015_subj_48"
5104,691,4,"<p style=""color:rgb(150, 250, 100); font-size: 35px;"">他</p>","other","ability","他",4,865,865,"i","true",NA,NA,NA,NA,"phase_015_subj_48"
5105,691,4,"<p style=""color:white; font-size: 35px;"">天才</p>","positive","ability","天才",4,817,1458.44680851064,"i","false",NA,NA,NA,NA,"phase_015_subj_48"
5106,691,4,"<p style=""color:rgb(150, 250, 100); font-size: 35px;"">自己的</p>","self","ability","自己的",4,689,689,"e","true",NA,NA,NA,NA,"phase_015_subj_48"
5107,691,4,"<p style=""color:white; font-size: 35px;"">低能</p>","negative","ability","低能",4,585,585,"i","true",NA,NA,NA,NA,"phase_015_subj_48"
5108,691,4,"<p style=""color:rgb(150, 250, 100); font-size: 35px;"">他的</p>","other","ability","他的",4,1161,1161,"i","true",NA,NA,NA,NA,"phase_015_subj_48"
5109,691,4,"<p style=""color:white; font-size: 35px;"">全能</p>","positive","ability","全能",4,1385,1385,"e","true",NA,NA,NA,NA,"phase_015_subj_48"
5110,691,4,"<p style=""color:rgb(150, 250, 100); font-size: 35px;"">我的</p>","self","ability","我的",4,553,553,"e","true",NA,NA,NA,NA,"phase_015_subj_48"
5111,691,4,"<p style=""color:white; font-size: 35px;"">蠢笨</p>","negative","ability","蠢笨",4,577,577,"i","true",NA,NA,NA,NA,"phase_015_subj_48"
5112,691,4,"<p style=""color:rgb(150, 250, 100); font-size: 35px;"">本人</p>","self","ability","本人",4,1489,1489,"e","true",NA,NA,NA,NA,"phase_015_subj_48"
5113,691,4,"<p style=""color:white; font-size: 35px;"">全能</p>","positive","ability","全能",4,697,697,"e","true",NA,NA,NA,NA,"phase_015_subj_48"
5114,691,4,"<p style=""color:rgb(150, 250, 100); font-size: 35px;"">他人的</p>","other","ability","他人的",4,593,593,"i","true",NA,NA,NA,NA,"phase_015_subj_48"
5115,691,4,"<p style=""color:white; font-size: 35px;"">低能</p>","negative","ability","低能",4,665,665,"i","true",NA,NA,NA,NA,"phase_015_subj_48"
5116,691,5,"<p style=""color:rgb(150, 250, 100); font-size: 35px;"">他</p>","other","ability","他",5,568,568,"e","true",NA,NA,NA,NA,"phase_015_subj_48"
5117,691,5,"<p style=""color:rgb(150, 250, 100); font-size: 35px;"">本人的</p>","self","ability","本人的",5,769,769,"i","true",NA,NA,NA,NA,"phase_015_subj_48"
5118,691,5,"<p style=""color:rgb(150, 250, 100); font-size: 35px;"">别人的</p>","other","ability","别人的",5,489,489,"i","false",NA,NA,NA,NA,"phase_015_subj_48"
5119,691,5,"<p style=""color:rgb(150, 250, 100); font-size: 35px;"">本人</p>","self","ability","本人",5,504,504,"e","false",NA,NA,NA,NA,"phase_015_subj_48"
5120,691,5,"<p style=""color:rgb(150, 250, 100); font-size: 35px;"">他</p>","other","ability","他",5,512,512,"e","true",NA,NA,NA,NA,"phase_015_subj_48"
5121,691,5,"<p style=""color:rgb(150, 250, 100); font-size: 35px;"">他人的</p>","other","ability","他人的",5,553,553,"e","true",NA,NA,NA,NA,"phase_015_subj_48"
5122,691,5,"<p style=""color:rgb(150, 250, 100); font-size: 35px;"">他的</p>","other","ability","他的",5,497,497,"e","true",NA,NA,NA,NA,"phase_015_subj_48"
5123,691,5,"<p style=""color:rgb(150, 250, 100); font-size: 35px;"">我</p>","self","ability","我",5,553,553,"i","true",NA,NA,NA,NA,"phase_015_subj_48"
5124,691,5,"<p style=""color:rgb(150, 250, 100); font-size: 35px;"">他的</p>","other","ability","他的",5,569,569,"i","false",NA,NA,NA,NA,"phase_015_subj_48"
5125,691,5,"<p style=""color:rgb(150, 250, 100); font-size: 35px;"">自己的</p>","self","ability","自己的",5,969,969,"i","true",NA,NA,NA,NA,"phase_015_subj_48"
5126,691,5,"<p style=""color:rgb(150, 250, 100); font-size: 35px;"">我的</p>","self","ability","我的",5,825,825,"i","true",NA,NA,NA,NA,"phase_015_subj_48"
5127,691,5,"<p style=""color:rgb(150, 250, 100); font-size: 35px;"">别人</p>","other","ability","别人",5,633,633,"e","true",NA,NA,NA,NA,"phase_015_subj_48"
5128,691,5,"<p style=""color:rgb(150, 250, 100); font-size: 35px;"">他人的</p>","other","ability","他人的",5,625,625,"e","true",NA,NA,NA,NA,"phase_015_subj_48"
5129,691,5,"<p style=""color:rgb(150, 250, 100); font-size: 35px;"">本人的</p>","self","ability","本人的",5,785,785,"i","true",NA,NA,NA,NA,"phase_015_subj_48"
5130,691,5,"<p style=""color:rgb(150, 250, 100); font-size: 35px;"">我的</p>","self","ability","我的",5,632,632,"i","true",NA,NA,NA,NA,"phase_015_subj_48"
5131,691,5,"<p style=""color:rgb(150, 250, 100); font-size: 35px;"">我</p>","self","ability","我",5,601,601,"i","true",NA,NA,NA,NA,"phase_015_subj_48"
5132,691,5,"<p style=""color:rgb(150, 250, 100); font-size: 35px;"">他人</p>","other","ability","他人",5,609,609,"i","false",NA,NA,NA,NA,"phase_015_subj_48"
5133,691,5,"<p style=""color:rgb(150, 250, 100); font-size: 35px;"">本人</p>","self","ability","本人",5,800,800,"i","true",NA,NA,NA,NA,"phase_015_subj_48"
5134,691,5,"<p style=""color:rgb(150, 250, 100); font-size: 35px;"">别人</p>","other","ability","别人",5,649,649,"e","true",NA,NA,NA,NA,"phase_015_subj_48"
5135,691,5,"<p style=""color:rgb(150, 250, 100); font-size: 35px;"">别人的</p>","other","ability","别人的",5,761,761,"e","true",NA,NA,NA,NA,"phase_015_subj_48"
5136,691,5,"<p style=""color:rgb(150, 250, 100); font-size: 35px;"">自己</p>","self","ability","自己",5,569,569,"i","true",NA,NA,NA,NA,"phase_015_subj_48"
5137,691,5,"<p style=""color:rgb(150, 250, 100); font-size: 35px;"">自己的</p>","self","ability","自己的",5,569,569,"i","true",NA,NA,NA,NA,"phase_015_subj_48"
5138,691,5,"<p style=""color:rgb(150, 250, 100); font-size: 35px;"">他人</p>","other","ability","他人",5,641,641,"e","true",NA,NA,NA,NA,"phase_015_subj_48"
5139,691,5,"<p style=""color:rgb(150, 250, 100); font-size: 35px;"">自己</p>","self","ability","自己",5,624,624,"i","true",NA,NA,NA,NA,"phase_015_subj_48"
5140,691,6,"<p style=""color:white; font-size: 35px;"">废物</p>","negative","ability","废物",6,799,799,"i","true",NA,NA,NA,NA,"phase_015_subj_48"
5141,691,6,"<p style=""color:rgb(150, 250, 100); font-size: 35px;"">他人</p>","other","ability","他人",6,625,625,"e","true",NA,NA,NA,NA,"phase_015_subj_48"
5142,691,6,"<p style=""color:white; font-size: 35px;"">高效</p>","positive","ability","高效",6,1065,1065,"e","true",NA,NA,NA,NA,"phase_015_subj_48"
5143,691,6,"<p style=""color:rgb(150, 250, 100); font-size: 35px;"">自己的</p>","self","ability","自己的",6,1105,1105,"i","true",NA,NA,NA,NA,"phase_015_subj_48"
5144,691,6,"<p style=""color:white; font-size: 35px;"">天才</p>","positive","ability","天才",6,793,793,"e","true",NA,NA,NA,NA,"phase_015_subj_48"
5145,691,6,"<p style=""color:rgb(150, 250, 100); font-size: 35px;"">别人</p>","other","ability","别人",6,785,785,"e","true",NA,NA,NA,NA,"phase_015_subj_48"
5146,691,6,"<p style=""color:white; font-size: 35px;"">拙笨</p>","negative","ability","拙笨",6,681,681,"i","true",NA,NA,NA,NA,"phase_015_subj_48"
5147,691,6,"<p style=""color:rgb(150, 250, 100); font-size: 35px;"">自己</p>","self","ability","自己",6,641,641,"i","true",NA,NA,NA,NA,"phase_015_subj_48"
5148,691,6,"<p style=""color:white; font-size: 35px;"">低能</p>","negative","ability","低能",6,769,769,"i","true",NA,NA,NA,NA,"phase_015_subj_48"
5149,691,6,"<p style=""color:rgb(150, 250, 100); font-size: 35px;"">他的</p>","other","ability","他的",6,585,585,"e","true",NA,NA,NA,NA,"phase_015_subj_48"
5150,691,6,"<p style=""color:white; font-size: 35px;"">全才</p>","positive","ability","全才",6,856,856,"e","true",NA,NA,NA,NA,"phase_015_subj_48"
5151,691,6,"<p style=""color:rgb(150, 250, 100); font-size: 35px;"">我</p>","self","ability","我",6,648,648,"i","true",NA,NA,NA,NA,"phase_015_subj_48"
5152,691,6,"<p style=""color:white; font-size: 35px;"">全能</p>","positive","ability","全能",6,584,584,"e","true",NA,NA,NA,NA,"phase_015_subj_48"
5153,691,6,"<p style=""color:rgb(150, 250, 100); font-size: 35px;"">本人</p>","self","ability","本人",6,688,688,"i","true",NA,NA,NA,NA,"phase_015_subj_48"
5154,691,6,"<p style=""color:white; font-size: 35px;"">无能</p>","negative","ability","无能",6,697,697,"i","true",NA,NA,NA,NA,"phase_015_subj_48"
5155,691,6,"<p style=""color:rgb(150, 250, 100); font-size: 35px;"">他</p>","other","ability","他",6,584,584,"e","true",NA,NA,NA,NA,"phase_015_subj_48"
5156,691,6,"<p style=""color:white; font-size: 35px;"">精干</p>","positive","ability","精干",6,993,993,"e","true",NA,NA,NA,NA,"phase_015_subj_48"
5157,691,6,"<p style=""color:rgb(150, 250, 100); font-size: 35px;"">他人的</p>","other","ability","他人的",6,592,592,"e","true",NA,NA,NA,NA,"phase_015_subj_48"
5158,691,6,"<p style=""color:white; font-size: 35px;"">蠢笨</p>","negative","ability","蠢笨",6,632,632,"i","true",NA,NA,NA,NA,"phase_015_subj_48"
5159,691,6,"<p style=""color:rgb(150, 250, 100); font-size: 35px;"">我的</p>","self","ability","我的",6,1279,1279,"i","true",NA,NA,NA,NA,"phase_015_subj_48"
5160,691,6,"<p style=""color:white; font-size: 35px;"">愚钝</p>","negative","ability","愚钝",6,720,720,"i","true",NA,NA,NA,NA,"phase_015_subj_48"
5161,691,6,"<p style=""color:rgb(150, 250, 100); font-size: 35px;"">本人的</p>","self","ability","本人的",6,569,1366.73913043478,"e","false",NA,NA,NA,NA,"phase_015_subj_48"
5162,691,6,"<p style=""color:white; font-size: 35px;"">能干</p>","positive","ability","能干",6,953,953,"e","true",NA,NA,NA,NA,"phase_015_subj_48"
5163,691,6,"<p style=""color:rgb(150, 250, 100); font-size: 35px;"">别人的</p>","other","ability","别人的",6,561,561,"e","true",NA,NA,NA,NA,"phase_015_subj_48"
5164,691,7,"<p style=""color:white; font-size: 35px;"">蠢笨</p>","negative","ability","蠢笨",7,735,735,"i","true",NA,NA,NA,NA,"phase_015_subj_48"
5165,691,7,"<p style=""color:rgb(150, 250, 100); font-size: 35px;"">我的</p>","self","ability","我的",7,905,905,"i","true",NA,NA,NA,NA,"phase_015_subj_48"
5166,691,7,"<p style=""color:white; font-size: 35px;"">全能</p>","positive","ability","全能",7,1073,1073,"e","true",NA,NA,NA,NA,"phase_015_subj_48"
5167,691,7,"<p style=""color:rgb(150, 250, 100); font-size: 35px;"">他人的</p>","other","ability","他人的",7,609,609,"e","true",NA,NA,NA,NA,"phase_015_subj_48"
5168,691,7,"<p style=""color:white; font-size: 35px;"">天才</p>","positive","ability","天才",7,864,864,"e","true",NA,NA,NA,NA,"phase_015_subj_48"
5169,691,7,"<p style=""color:rgb(150, 250, 100); font-size: 35px;"">本人</p>","self","ability","本人",7,1216,1216,"i","true",NA,NA,NA,NA,"phase_015_subj_48"
5170,691,7,"<p style=""color:white; font-size: 35px;"">低能</p>","negative","ability","低能",7,640,640,"i","true",NA,NA,NA,NA,"phase_015_subj_48"
5171,691,7,"<p style=""color:rgb(150, 250, 100); font-size: 35px;"">他人的</p>","other","ability","他人的",7,552,552,"e","true",NA,NA,NA,NA,"phase_015_subj_48"
5172,691,7,"<p style=""color:white; font-size: 35px;"">高效</p>","positive","ability","高效",7,1449,1449,"e","true",NA,NA,NA,NA,"phase_015_subj_48"
5173,691,7,"<p style=""color:rgb(150, 250, 100); font-size: 35px;"">他</p>","other","ability","他",7,760,760,"e","true",NA,NA,NA,NA,"phase_015_subj_48"
5174,691,7,"<p style=""color:white; font-size: 35px;"">低能</p>","negative","ability","低能",7,832,832,"i","true",NA,NA,NA,NA,"phase_015_subj_48"
5175,691,7,"<p style=""color:rgb(150, 250, 100); font-size: 35px;"">自己</p>","self","ability","自己",7,1152,1152,"i","true",NA,NA,NA,NA,"phase_015_subj_48"
5176,691,7,"<p style=""color:white; font-size: 35px;"">废物</p>","negative","ability","废物",7,680,680,"i","true",NA,NA,NA,NA,"phase_015_subj_48"
5177,691,7,"<p style=""color:rgb(150, 250, 100); font-size: 35px;"">我</p>","self","ability","我",7,792,792,"i","true",NA,NA,NA,NA,"phase_015_subj_48"
5178,691,7,"<p style=""color:white; font-size: 35px;"">精干</p>","positive","ability","精干",7,1008,1008,"e","true",NA,NA,NA,NA,"phase_015_subj_48"
5179,691,7,"<p style=""color:rgb(150, 250, 100); font-size: 35px;"">别人</p>","other","ability","别人",7,944,1445.93617021277,"i","false",NA,NA,NA,NA,"phase_015_subj_48"
5180,691,7,"<p style=""color:white; font-size: 35px;"">全才</p>","positive","ability","全才",7,529,529,"e","true",NA,NA,NA,NA,"phase_015_subj_48"
5181,691,7,"<p style=""color:rgb(150, 250, 100); font-size: 35px;"">别人</p>","other","ability","别人",7,593,593,"e","true",NA,NA,NA,NA,"phase_015_subj_48"
5182,691,7,"<p style=""color:white; font-size: 35px;"">拙笨</p>","negative","ability","拙笨",7,1224,1224,"i","true",NA,NA,NA,NA,"phase_015_subj_48"
5183,691,7,"<p style=""color:rgb(150, 250, 100); font-size: 35px;"">本人</p>","self","ability","本人",7,1280,1280,"i","true",NA,NA,NA,NA,"phase_015_subj_48"
5184,691,7,"<p style=""color:white; font-size: 35px;"">愚钝</p>","negative","ability","愚钝",7,737,737,"i","true",NA,NA,NA,NA,"phase_015_subj_48"
5185,691,7,"<p style=""color:rgb(150, 250, 100); font-size: 35px;"">他人</p>","other","ability","他人",7,816,816,"e","true",NA,NA,NA,NA,"phase_015_subj_48"
5186,691,7,"<p style=""color:white; font-size: 35px;"">高效</p>","positive","ability","高效",7,848,848,"e","true",NA,NA,NA,NA,"phase_015_subj_48"
5187,691,7,"<p style=""color:rgb(150, 250, 100); font-size: 35px;"">本人的</p>","self","ability","本人的",7,808,808,"i","true",NA,NA,NA,NA,"phase_015_subj_48"
5188,691,7,"<p style=""color:white; font-size: 35px;"">无能</p>","negative","ability","无能",7,712,712,"i","true",NA,NA,NA,NA,"phase_015_subj_48"
5189,691,7,"<p style=""color:rgb(150, 250, 100); font-size: 35px;"">别人的</p>","other","ability","别人的",7,824,824,"e","true",NA,NA,NA,NA,"phase_015_subj_48"
5190,691,7,"<p style=""color:white; font-size: 35px;"">全才</p>","positive","ability","全才",7,600,600,"e","true",NA,NA,NA,NA,"phase_015_subj_48"
5191,691,7,"<p style=""color:rgb(150, 250, 100); font-size: 35px;"">本人的</p>","self","ability","本人的",7,696,696,"i","true",NA,NA,NA,NA,"phase_015_subj_48"
5192,691,7,"<p style=""color:white; font-size: 35px;"">蠢笨</p>","negative","ability","蠢笨",7,744,744,"i","true",NA,NA,NA,NA,"phase_015_subj_48"
5193,691,7,"<p style=""color:rgb(150, 250, 100); font-size: 35px;"">自己的</p>","self","ability","自己的",7,784,784,"i","true",NA,NA,NA,NA,"phase_015_subj_48"
5194,691,7,"<p style=""color:white; font-size: 35px;"">精干</p>","positive","ability","精干",7,904,904,"e","true",NA,NA,NA,NA,"phase_015_subj_48"
5195,691,7,"<p style=""color:rgb(150, 250, 100); font-size: 35px;"">他的</p>","other","ability","他的",7,600,600,"e","true",NA,NA,NA,NA,"phase_015_subj_48"
5196,691,7,"<p style=""color:white; font-size: 35px;"">愚钝</p>","negative","ability","愚钝",7,752,752,"i","true",NA,NA,NA,NA,"phase_015_subj_48"
5197,691,7,"<p style=""color:rgb(150, 250, 100); font-size: 35px;"">他</p>","other","ability","他",7,688,688,"e","true",NA,NA,NA,NA,"phase_015_subj_48"
5198,691,7,"<p style=""color:white; font-size: 35px;"">能干</p>","positive","ability","能干",7,919,919,"e","true",NA,NA,NA,NA,"phase_015_subj_48"
5199,691,7,"<p style=""color:rgb(150, 250, 100); font-size: 35px;"">我</p>","self","ability","我",7,1017,1017,"i","true",NA,NA,NA,NA,"phase_015_subj_48"
5200,691,7,"<p style=""color:white; font-size: 35px;"">能干</p>","positive","ability","能干",7,1265,1265,"e","true",NA,NA,NA,NA,"phase_015_subj_48"
5201,691,7,"<p style=""color:rgb(150, 250, 100); font-size: 35px;"">他人</p>","other","ability","他人",7,824,824,"e","true",NA,NA,NA,NA,"phase_015_subj_48"
5202,691,7,"<p style=""color:white; font-size: 35px;"">拙笨</p>","negative","ability","拙笨",7,720,720,"i","true",NA,NA,NA,NA,"phase_015_subj_48"
5203,691,7,"<p style=""color:rgb(150, 250, 100); font-size: 35px;"">自己</p>","self","ability","自己",7,936,936,"i","true",NA,NA,NA,NA,"phase_015_subj_48"
5204,691,7,"<p style=""color:white; font-size: 35px;"">废物</p>","negative","ability","废物",7,696,696,"i","true",NA,NA,NA,NA,"phase_015_subj_48"
5205,691,7,"<p style=""color:rgb(150, 250, 100); font-size: 35px;"">我的</p>","self","ability","我的",7,744,744,"i","true",NA,NA,NA,NA,"phase_015_subj_48"
5206,691,7,"<p style=""color:white; font-size: 35px;"">全能</p>","positive","ability","全能",7,776,776,"e","true",NA,NA,NA,NA,"phase_015_subj_48"
5207,691,7,"<p style=""color:rgb(150, 250, 100); font-size: 35px;"">他的</p>","other","ability","他的",7,632,632,"e","true",NA,NA,NA,NA,"phase_015_subj_48"
5208,691,7,"<p style=""color:white; font-size: 35px;"">天才</p>","positive","ability","天才",7,840,840,"e","true",NA,NA,NA,NA,"phase_015_subj_48"
5209,691,7,"<p style=""color:rgb(150, 250, 100); font-size: 35px;"">别人的</p>","other","ability","别人的",7,744,744,"e","true",NA,NA,NA,NA,"phase_015_subj_48"
5210,691,7,"<p style=""color:white; font-size: 35px;"">无能</p>","negative","ability","无能",7,1352,1352,"i","true",NA,NA,NA,NA,"phase_015_subj_48"
5211,691,7,"<p style=""color:rgb(150, 250, 100); font-size: 35px;"">自己的</p>","self","ability","自己的",7,888,888,"i","true",NA,NA,NA,NA,"phase_015_subj_48"
5212,691,NA,"
    <h3>词语分类任务</h3>
    <p>在接下来的任务中，你需要对一系列词语进行分类。<p/>
    请先熟悉这些词语，这有利于你完成接下来的任务。</p>
    <table align=""center"" border=1 cellpadding=3 cellspacing=0>
    <tr> <th>类别</th> <th>词语</th> </tr>
    <tr> <td>&emsp;积极&emsp;</td> <td>&emsp;高尚、诚信、善良、君子、廉正、正直&emsp;</td> </tr>
    <tr> <td>&emsp;消极&emsp;</td> <td>&emsp;缺德、卑鄙、不孝、不仁、小人、黑心&emsp;</td> </tr>
    <tr> <td>&emsp;自我&emsp;</td> <td>&emsp;我、我的、自己、自己的、本人、本人的&emsp;</td> </tr>
    <tr> <td>&emsp;他人&emsp;</td> <td>&emsp;他、他的、别人、别人的、他人、他人的&emsp;</td> </tr>
    </table><br/>","","","",NA,21110,NA,"0","",NA,NA,2,1,"phase_015_subj_48"
5213,691,11,"<p style=""color:rgb(150, 250, 100); font-size: 35px;"">他的</p>","other","moral","他的",1,599,599,"i","true",NA,NA,NA,NA,"phase_015_subj_48"
5214,691,11,"<p style=""color:rgb(150, 250, 100); font-size: 35px;"">我的</p>","self","moral","我的",1,615,615,"e","true",NA,NA,NA,NA,"phase_015_subj_48"
5215,691,11,"<p style=""color:rgb(150, 250, 100); font-size: 35px;"">他人</p>","other","moral","他人",1,1487,1487,"i","true",NA,NA,NA,NA,"phase_015_subj_48"
5216,691,11,"<p style=""color:rgb(150, 250, 100); font-size: 35px;"">自己</p>","self","moral","自己",1,2495,2495,"e","true",NA,NA,NA,NA,"phase_015_subj_48"
5217,691,11,"<p style=""color:rgb(150, 250, 100); font-size: 35px;"">别人的</p>","other","moral","别人的",1,2080,2080,"i","true",NA,NA,NA,NA,"phase_015_subj_48"
5218,691,11,"<p style=""color:rgb(150, 250, 100); font-size: 35px;"">别人</p>","other","moral","别人",1,2472,2472,"i","true",NA,NA,NA,NA,"phase_015_subj_48"
5219,691,11,"<p style=""color:rgb(150, 250, 100); font-size: 35px;"">他人的</p>","other","moral","他人的",1,1880,1880,"i","true",NA,NA,NA,NA,"phase_015_subj_48"
5220,691,11,"<p style=""color:rgb(150, 250, 100); font-size: 35px;"">本人</p>","self","moral","本人",1,2864,2864,"e","true",NA,NA,NA,NA,"phase_015_subj_48"
5221,691,11,"<p style=""color:rgb(150, 250, 100); font-size: 35px;"">我</p>","self","moral","我",1,2527,2527,"e","true",NA,NA,NA,NA,"phase_015_subj_48"
5222,691,11,"<p style=""color:rgb(150, 250, 100); font-size: 35px;"">自己的</p>","self","moral","自己的",1,2648,2648,"e","true",NA,NA,NA,NA,"phase_015_subj_48"
5223,691,11,"<p style=""color:rgb(150, 250, 100); font-size: 35px;"">本人的</p>","self","moral","本人的",1,2679,2679,"e","true",NA,NA,NA,NA,"phase_015_subj_48"
5224,691,11,"<p style=""color:rgb(150, 250, 100); font-size: 35px;"">他</p>","other","moral","他",1,2984,2984,"i","true",NA,NA,NA,NA,"phase_015_subj_48"
5225,691,12,"<p style=""color:white; font-size: 35px;"">缺德</p>","negative","moral","缺德",2,3071,3071,"e","true",NA,NA,NA,NA,"phase_015_subj_48"
5226,691,12,"<p style=""color:white; font-size: 35px;"">小人</p>","negative","moral","小人",2,679,679,"e","true",NA,NA,NA,NA,"phase_015_subj_48"
5227,691,12,"<p style=""color:white; font-size: 35px;"">高尚</p>","positive","moral","高尚",2,679,679,"i","true",NA,NA,NA,NA,"phase_015_subj_48"
5228,691,12,"<p style=""color:white; font-size: 35px;"">善良</p>","positive","moral","善良",2,639,639,"i","true",NA,NA,NA,NA,"phase_015_subj_48"
5229,691,12,"<p style=""color:white; font-size: 35px;"">不仁</p>","negative","moral","不仁",2,639,639,"e","true",NA,NA,NA,NA,"phase_015_subj_48"
5230,691,12,"<p style=""color:white; font-size: 35px;"">不孝</p>","negative","moral","不孝",2,1183,1183,"i","false",NA,NA,NA,NA,"phase_015_subj_48"
5231,691,12,"<p style=""color:white; font-size: 35px;"">黑心</p>","negative","moral","黑心",2,1447,1447,"i","false",NA,NA,NA,NA,"phase_015_subj_48"
5232,691,12,"<p style=""color:white; font-size: 35px;"">廉正</p>","positive","moral","廉正",2,719,719,"i","true",NA,NA,NA,NA,"phase_015_subj_48"
5233,691,12,"<p style=""color:white; font-size: 35px;"">君子</p>","positive","moral","君子",2,1503,1503,"i","true",NA,NA,NA,NA,"phase_015_subj_48"
5234,691,12,"<p style=""color:white; font-size: 35px;"">正直</p>","positive","moral","正直",2,2000,2000,"i","true",NA,NA,NA,NA,"phase_015_subj_48"
5235,691,12,"<p style=""color:white; font-size: 35px;"">卑鄙</p>","negative","moral","卑鄙",2,1768,1768,"i","false",NA,NA,NA,NA,"phase_015_subj_48"
5236,691,12,"<p style=""color:white; font-size: 35px;"">诚信</p>","positive","moral","诚信",2,1527,1527,"i","true",NA,NA,NA,NA,"phase_015_subj_48"
5237,691,13,"<p style=""color:rgb(150, 250, 100); font-size: 35px;"">自己</p>","self","moral","自己",3,1295,1295,"e","true",NA,NA,NA,NA,"phase_015_subj_48"
5238,691,13,"<p style=""color:white; font-size: 35px;"">廉正</p>","positive","moral","廉正",3,711,711,"i","true",NA,NA,NA,NA,"phase_015_subj_48"
5239,691,13,"<p style=""color:rgb(150, 250, 100); font-size: 35px;"">他人的</p>","other","moral","他人的",3,655,655,"i","true",NA,NA,NA,NA,"phase_015_subj_48"
5240,691,13,"<p style=""color:white; font-size: 35px;"">小人</p>","negative","moral","小人",3,727,727,"e","true",NA,NA,NA,NA,"phase_015_subj_48"
5241,691,13,"<p style=""color:rgb(150, 250, 100); font-size: 35px;"">他的</p>","other","moral","他的",3,1359,1359,"i","true",NA,NA,NA,NA,"phase_015_subj_48"
5242,691,13,"<p style=""color:white; font-size: 35px;"">不仁</p>","negative","moral","不仁",3,1455,1455,"e","true",NA,NA,NA,NA,"phase_015_subj_48"
5243,691,13,"<p style=""color:rgb(150, 250, 100); font-size: 35px;"">本人的</p>","self","moral","本人的",3,871,871,"e","true",NA,NA,NA,NA,"phase_015_subj_48"
5244,691,13,"<p style=""color:white; font-size: 35px;"">善良</p>","positive","moral","善良",3,967,967,"i","true",NA,NA,NA,NA,"phase_015_subj_48"
5245,691,13,"<p style=""color:rgb(150, 250, 100); font-size: 35px;"">本人</p>","self","moral","本人",3,863,863,"e","true",NA,NA,NA,NA,"phase_015_subj_48"
5246,691,13,"<p style=""color:white; font-size: 35px;"">卑鄙</p>","negative","moral","卑鄙",3,599,599,"e","true",NA,NA,NA,NA,"phase_015_subj_48"
5247,691,13,"<p style=""color:rgb(150, 250, 100); font-size: 35px;"">他人</p>","other","moral","他人",3,607,607,"i","true",NA,NA,NA,NA,"phase_015_subj_48"
5248,691,13,"<p style=""color:white; font-size: 35px;"">诚信</p>","positive","moral","诚信",3,1087,1087,"i","true",NA,NA,NA,NA,"phase_015_subj_48"
5249,691,13,"<p style=""color:rgb(150, 250, 100); font-size: 35px;"">别人的</p>","other","moral","别人的",3,1383,2048.86363636364,"e","false",NA,NA,NA,NA,"phase_015_subj_48"
5250,691,13,"<p style=""color:white; font-size: 35px;"">不孝</p>","negative","moral","不孝",3,1695,1695,"e","true",NA,NA,NA,NA,"phase_015_subj_48"
5251,691,13,"<p style=""color:rgb(150, 250, 100); font-size: 35px;"">我</p>","self","moral","我",3,2015,2015,"e","true",NA,NA,NA,NA,"phase_015_subj_48"
5252,691,13,"<p style=""color:white; font-size: 35px;"">君子</p>","positive","moral","君子",3,2527,2527,"i","true",NA,NA,NA,NA,"phase_015_subj_48"
5253,691,13,"<p style=""color:rgb(150, 250, 100); font-size: 35px;"">自己的</p>","self","moral","自己的",3,2263,2263,"e","true",NA,NA,NA,NA,"phase_015_subj_48"
5254,691,13,"<p style=""color:white; font-size: 35px;"">黑心</p>","negative","moral","黑心",3,2279,2279,"e","true",NA,NA,NA,NA,"phase_015_subj_48"
5255,691,13,"<p style=""color:rgb(150, 250, 100); font-size: 35px;"">别人</p>","other","moral","别人",3,1743,2048.86363636364,"e","false",NA,NA,NA,NA,"phase_015_subj_48"
5256,691,13,"<p style=""color:white; font-size: 35px;"">正直</p>","positive","moral","正直",3,1519,1519,"i","true",NA,NA,NA,NA,"phase_015_subj_48"
5257,691,13,"<p style=""color:rgb(150, 250, 100); font-size: 35px;"">我的</p>","self","moral","我的",3,2656,2656,"e","true",NA,NA,NA,NA,"phase_015_subj_48"
5258,691,13,"<p style=""color:white; font-size: 35px;"">缺德</p>","negative","moral","缺德",3,1719,1719,"e","true",NA,NA,NA,NA,"phase_015_subj_48"
5259,691,13,"<p style=""color:rgb(150, 250, 100); font-size: 35px;"">他</p>","other","moral","他",3,2303,2303,"i","true",NA,NA,NA,NA,"phase_015_subj_48"
5260,691,13,"<p style=""color:white; font-size: 35px;"">高尚</p>","positive","moral","高尚",3,1703,1703,"i","true",NA,NA,NA,NA,"phase_015_subj_48"
5261,691,14,"<p style=""color:rgb(150, 250, 100); font-size: 35px;"">我</p>","self","moral","我",4,686,686,"e","true",NA,NA,NA,NA,"phase_015_subj_48"
5262,691,14,"<p style=""color:white; font-size: 35px;"">不孝</p>","negative","moral","不孝",4,631,631,"e","true",NA,NA,NA,NA,"phase_015_subj_48"
5263,691,14,"<p style=""color:rgb(150, 250, 100); font-size: 35px;"">别人</p>","other","moral","别人",4,607,607,"i","true",NA,NA,NA,NA,"phase_015_subj_48"
5264,691,14,"<p style=""color:white; font-size: 35px;"">廉正</p>","positive","moral","廉正",4,1390,1390,"i","true",NA,NA,NA,NA,"phase_015_subj_48"
5265,691,14,"<p style=""color:rgb(150, 250, 100); font-size: 35px;"">本人的</p>","self","moral","本人的",4,918,1459.3488372093,"i","false",NA,NA,NA,NA,"phase_015_subj_48"
5266,691,14,"<p style=""color:white; font-size: 35px;"">诚信</p>","positive","moral","诚信",4,1030,1030,"i","true",NA,NA,NA,NA,"phase_015_subj_48"
5267,691,14,"<p style=""color:rgb(150, 250, 100); font-size: 35px;"">别人的</p>","other","moral","别人的",4,926,926,"i","true",NA,NA,NA,NA,"phase_015_subj_48"
5268,691,14,"<p style=""color:white; font-size: 35px;"">缺德</p>","negative","moral","缺德",4,895,895,"e","true",NA,NA,NA,NA,"phase_015_subj_48"
5269,691,14,"<p style=""color:rgb(150, 250, 100); font-size: 35px;"">自己</p>","self","moral","自己",4,855,855,"e","true",NA,NA,NA,NA,"phase_015_subj_48"
5270,691,14,"<p style=""color:white; font-size: 35px;"">正直</p>","positive","moral","正直",4,1031,1031,"i","true",NA,NA,NA,NA,"phase_015_subj_48"
5271,691,14,"<p style=""color:rgb(150, 250, 100); font-size: 35px;"">别人的</p>","other","moral","别人的",4,831,831,"i","true",NA,NA,NA,NA,"phase_015_subj_48"
5272,691,14,"<p style=""color:white; font-size: 35px;"">黑心</p>","negative","moral","黑心",4,847,847,"e","true",NA,NA,NA,NA,"phase_015_subj_48"
5273,691,14,"<p style=""color:rgb(150, 250, 100); font-size: 35px;"">他人</p>","other","moral","他人",4,1215,1215,"i","true",NA,NA,NA,NA,"phase_015_subj_48"
5274,691,14,"<p style=""color:white; font-size: 35px;"">不仁</p>","negative","moral","不仁",4,1479,1479,"e","true",NA,NA,NA,NA,"phase_015_subj_48"
5275,691,14,"<p style=""color:rgb(150, 250, 100); font-size: 35px;"">本人</p>","self","moral","本人",4,1783,1459.3488372093,"i","false",NA,NA,NA,NA,"phase_015_subj_48"
5276,691,14,"<p style=""color:white; font-size: 35px;"">诚信</p>","positive","moral","诚信",4,998,998,"i","true",NA,NA,NA,NA,"phase_015_subj_48"
5277,691,14,"<p style=""color:rgb(150, 250, 100); font-size: 35px;"">我的</p>","self","moral","我的",4,1398,1398,"e","true",NA,NA,NA,NA,"phase_015_subj_48"
5278,691,14,"<p style=""color:white; font-size: 35px;"">廉正</p>","positive","moral","廉正",4,806,806,"i","true",NA,NA,NA,NA,"phase_015_subj_48"
5279,691,14,"<p style=""color:rgb(150, 250, 100); font-size: 35px;"">他</p>","other","moral","他",4,798,798,"i","true",NA,NA,NA,NA,"phase_015_subj_48"
5280,691,14,"<p style=""color:white; font-size: 35px;"">卑鄙</p>","negative","moral","卑鄙",4,678,678,"e","true",NA,NA,NA,NA,"phase_015_subj_48"
5281,691,14,"<p style=""color:rgb(150, 250, 100); font-size: 35px;"">他人的</p>","other","moral","他人的",4,550,550,"i","true",NA,NA,NA,NA,"phase_015_subj_48"
5282,691,14,"<p style=""color:white; font-size: 35px;"">小人</p>","negative","moral","小人",4,1094,1094,"e","true",NA,NA,NA,NA,"phase_015_subj_48"
5283,691,14,"<p style=""color:rgb(150, 250, 100); font-size: 35px;"">自己的</p>","self","moral","自己的",4,983,983,"e","true",NA,NA,NA,NA,"phase_015_subj_48"
5284,691,14,"<p style=""color:white; font-size: 35px;"">善良</p>","positive","moral","善良",4,871,871,"i","true",NA,NA,NA,NA,"phase_015_subj_48"
5285,691,14,"<p style=""color:rgb(150, 250, 100); font-size: 35px;"">他</p>","other","moral","他",4,607,607,"i","true",NA,NA,NA,NA,"phase_015_subj_48"
5286,691,14,"<p style=""color:white; font-size: 35px;"">小人</p>","negative","moral","小人",4,687,687,"e","true",NA,NA,NA,NA,"phase_015_subj_48"
5287,691,14,"<p style=""color:rgb(150, 250, 100); font-size: 35px;"">本人的</p>","self","moral","本人的",4,1167,1167,"e","true",NA,NA,NA,NA,"phase_015_subj_48"
5288,691,14,"<p style=""color:white; font-size: 35px;"">高尚</p>","positive","moral","高尚",4,959,959,"i","true",NA,NA,NA,NA,"phase_015_subj_48"
5289,691,14,"<p style=""color:rgb(150, 250, 100); font-size: 35px;"">他人的</p>","other","moral","他人的",4,670,670,"i","true",NA,NA,NA,NA,"phase_015_subj_48"
5290,691,14,"<p style=""color:white; font-size: 35px;"">不孝</p>","negative","moral","不孝",4,767,767,"e","true",NA,NA,NA,NA,"phase_015_subj_48"
5291,691,14,"<p style=""color:rgb(150, 250, 100); font-size: 35px;"">自己的</p>","self","moral","自己的",4,687,1459.3488372093,"i","false",NA,NA,NA,NA,"phase_015_subj_48"
5292,691,14,"<p style=""color:white; font-size: 35px;"">高尚</p>","positive","moral","高尚",4,1070,1070,"i","true",NA,NA,NA,NA,"phase_015_subj_48"
5293,691,14,"<p style=""color:rgb(150, 250, 100); font-size: 35px;"">别人</p>","other","moral","别人",4,831,831,"i","true",NA,NA,NA,NA,"phase_015_subj_48"
5294,691,14,"<p style=""color:white; font-size: 35px;"">黑心</p>","negative","moral","黑心",4,662,662,"e","true",NA,NA,NA,NA,"phase_015_subj_48"
5295,691,14,"<p style=""color:rgb(150, 250, 100); font-size: 35px;"">自己</p>","self","moral","自己",4,918,918,"e","true",NA,NA,NA,NA,"phase_015_subj_48"
5296,691,14,"<p style=""color:white; font-size: 35px;"">君子</p>","positive","moral","君子",4,2190,1459.3488372093,"e","false",NA,NA,NA,NA,"phase_015_subj_48"
5297,691,14,"<p style=""color:rgb(150, 250, 100); font-size: 35px;"">本人</p>","self","moral","本人",4,646,646,"e","true",NA,NA,NA,NA,"phase_015_subj_48"
5298,691,14,"<p style=""color:white; font-size: 35px;"">卑鄙</p>","negative","moral","卑鄙",4,718,718,"e","true",NA,NA,NA,NA,"phase_015_subj_48"
5299,691,14,"<p style=""color:rgb(150, 250, 100); font-size: 35px;"">他的</p>","other","moral","他的",4,639,639,"i","true",NA,NA,NA,NA,"phase_015_subj_48"
5300,691,14,"<p style=""color:white; font-size: 35px;"">君子</p>","positive","moral","君子",4,638,1459.3488372093,"e","false",NA,NA,NA,NA,"phase_015_subj_48"
5301,691,14,"<p style=""color:rgb(150, 250, 100); font-size: 35px;"">他人</p>","other","moral","他人",4,766,766,"i","true",NA,NA,NA,NA,"phase_015_subj_48"
5302,691,14,"<p style=""color:white; font-size: 35px;"">缺德</p>","negative","moral","缺德",4,647,647,"e","true",NA,NA,NA,NA,"phase_015_subj_48"
5303,691,14,"<p style=""color:rgb(150, 250, 100); font-size: 35px;"">我的</p>","self","moral","我的",4,599,599,"e","true",NA,NA,NA,NA,"phase_015_subj_48"
5304,691,14,"<p style=""color:white; font-size: 35px;"">善良</p>","positive","moral","善良",4,871,871,"i","true",NA,NA,NA,NA,"phase_015_subj_48"
5305,691,14,"<p style=""color:rgb(150, 250, 100); font-size: 35px;"">他的</p>","other","moral","他的",4,798,798,"i","true",NA,NA,NA,NA,"phase_015_subj_48"
5306,691,14,"<p style=""color:white; font-size: 35px;"">不仁</p>","negative","moral","不仁",4,662,662,"e","true",NA,NA,NA,NA,"phase_015_subj_48"
5307,691,14,"<p style=""color:rgb(150, 250, 100); font-size: 35px;"">我</p>","self","moral","我",4,711,711,"e","true",NA,NA,NA,NA,"phase_015_subj_48"
5308,691,14,"<p style=""color:white; font-size: 35px;"">正直</p>","positive","moral","正直",4,958,958,"i","true",NA,NA,NA,NA,"phase_015_subj_48"
5309,691,15,"<p style=""color:rgb(150, 250, 100); font-size: 35px;"">我的</p>","self","moral","我的",5,598,598,"i","true",NA,NA,NA,NA,"phase_015_subj_48"
5310,691,15,"<p style=""color:rgb(150, 250, 100); font-size: 35px;"">本人的</p>","self","moral","本人的",5,534,534,"i","true",NA,NA,NA,NA,"phase_015_subj_48"
5311,691,15,"<p style=""color:rgb(150, 250, 100); font-size: 35px;"">别人</p>","other","moral","别人",5,494,494,"e","true",NA,NA,NA,NA,"phase_015_subj_48"
5312,691,15,"<p style=""color:rgb(150, 250, 100); font-size: 35px;"">自己</p>","self","moral","自己",5,622,622,"i","true",NA,NA,NA,NA,"phase_015_subj_48"
5313,691,15,"<p style=""color:rgb(150, 250, 100); font-size: 35px;"">别人的</p>","other","moral","别人的",5,558,558,"e","true",NA,NA,NA,NA,"phase_015_subj_48"
5314,691,15,"<p style=""color:rgb(150, 250, 100); font-size: 35px;"">自己的</p>","self","moral","自己的",5,558,558,"i","true",NA,NA,NA,NA,"phase_015_subj_48"
5315,691,15,"<p style=""color:rgb(150, 250, 100); font-size: 35px;"">我的</p>","self","moral","我的",5,566,566,"i","true",NA,NA,NA,NA,"phase_015_subj_48"
5316,691,15,"<p style=""color:rgb(150, 250, 100); font-size: 35px;"">他人的</p>","other","moral","他人的",5,518,518,"e","true",NA,NA,NA,NA,"phase_015_subj_48"
5317,691,15,"<p style=""color:rgb(150, 250, 100); font-size: 35px;"">他人</p>","other","moral","他人",5,478,478,"e","true",NA,NA,NA,NA,"phase_015_subj_48"
5318,691,15,"<p style=""color:rgb(150, 250, 100); font-size: 35px;"">本人</p>","self","moral","本人",5,679,679,"i","true",NA,NA,NA,NA,"phase_015_subj_48"
5319,691,15,"<p style=""color:rgb(150, 250, 100); font-size: 35px;"">我</p>","self","moral","我",5,582,582,"i","true",NA,NA,NA,NA,"phase_015_subj_48"
5320,691,15,"<p style=""color:rgb(150, 250, 100); font-size: 35px;"">别人</p>","other","moral","别人",5,670,670,"i","false",NA,NA,NA,NA,"phase_015_subj_48"
5321,691,15,"<p style=""color:rgb(150, 250, 100); font-size: 35px;"">自己的</p>","self","moral","自己的",5,703,703,"i","true",NA,NA,NA,NA,"phase_015_subj_48"
5322,691,15,"<p style=""color:rgb(150, 250, 100); font-size: 35px;"">他人</p>","other","moral","他人",5,551,551,"e","true",NA,NA,NA,NA,"phase_015_subj_48"
5323,691,15,"<p style=""color:rgb(150, 250, 100); font-size: 35px;"">他人的</p>","other","moral","他人的",5,511,511,"e","true",NA,NA,NA,NA,"phase_015_subj_48"
5324,691,15,"<p style=""color:rgb(150, 250, 100); font-size: 35px;"">本人</p>","self","moral","本人",5,638,638,"i","true",NA,NA,NA,NA,"phase_015_subj_48"
5325,691,15,"<p style=""color:rgb(150, 250, 100); font-size: 35px;"">别人的</p>","other","moral","别人的",5,574,574,"e","true",NA,NA,NA,NA,"phase_015_subj_48"
5326,691,15,"<p style=""color:rgb(150, 250, 100); font-size: 35px;"">本人的</p>","self","moral","本人的",5,767,767,"i","true",NA,NA,NA,NA,"phase_015_subj_48"
5327,691,15,"<p style=""color:rgb(150, 250, 100); font-size: 35px;"">我</p>","self","moral","我",5,606,606,"e","false",NA,NA,NA,NA,"phase_015_subj_48"
5328,691,15,"<p style=""color:rgb(150, 250, 100); font-size: 35px;"">他</p>","other","moral","他",5,686,686,"e","true",NA,NA,NA,NA,"phase_015_subj_48"
5329,691,15,"<p style=""color:rgb(150, 250, 100); font-size: 35px;"">他的</p>","other","moral","他的",5,502,502,"e","true",NA,NA,NA,NA,"phase_015_subj_48"
5330,691,15,"<p style=""color:rgb(150, 250, 100); font-size: 35px;"">自己</p>","self","moral","自己",5,534,534,"i","true",NA,NA,NA,NA,"phase_015_subj_48"
5331,691,15,"<p style=""color:rgb(150, 250, 100); font-size: 35px;"">他的</p>","other","moral","他的",5,638,638,"e","true",NA,NA,NA,NA,"phase_015_subj_48"
5332,691,15,"<p style=""color:rgb(150, 250, 100); font-size: 35px;"">他</p>","other","moral","他",5,486,486,"e","true",NA,NA,NA,NA,"phase_015_subj_48"
5333,691,16,"<p style=""color:white; font-size: 35px;"">不仁</p>","negative","moral","不仁",6,933,933,"e","true",NA,NA,NA,NA,"phase_015_subj_48"
5334,691,16,"<p style=""color:rgb(150, 250, 100); font-size: 35px;"">他人</p>","other","moral","他人",6,550,550,"e","true",NA,NA,NA,NA,"phase_015_subj_48"
5335,691,16,"<p style=""color:white; font-size: 35px;"">君子</p>","positive","moral","君子",6,702,702,"i","true",NA,NA,NA,NA,"phase_015_subj_48"
5336,691,16,"<p style=""color:rgb(150, 250, 100); font-size: 35px;"">自己</p>","self","moral","自己",6,654,654,"i","true",NA,NA,NA,NA,"phase_015_subj_48"
5337,691,16,"<p style=""color:white; font-size: 35px;"">善良</p>","positive","moral","善良",6,599,599,"i","true",NA,NA,NA,NA,"phase_015_subj_48"
5338,691,16,"<p style=""color:rgb(150, 250, 100); font-size: 35px;"">他</p>","other","moral","他",6,670,670,"e","true",NA,NA,NA,NA,"phase_015_subj_48"
5339,691,16,"<p style=""color:white; font-size: 35px;"">缺德</p>","negative","moral","缺德",6,533,533,"e","true",NA,NA,NA,NA,"phase_015_subj_48"
5340,691,16,"<p style=""color:rgb(150, 250, 100); font-size: 35px;"">本人的</p>","self","moral","本人的",6,566,566,"i","true",NA,NA,NA,NA,"phase_015_subj_48"
5341,691,16,"<p style=""color:white; font-size: 35px;"">黑心</p>","negative","moral","黑心",6,845,845,"e","true",NA,NA,NA,NA,"phase_015_subj_48"
5342,691,16,"<p style=""color:rgb(150, 250, 100); font-size: 35px;"">自己的</p>","self","moral","自己的",6,654,654,"i","true",NA,NA,NA,NA,"phase_015_subj_48"
5343,691,16,"<p style=""color:white; font-size: 35px;"">廉正</p>","positive","moral","廉正",6,774,774,"i","true",NA,NA,NA,NA,"phase_015_subj_48"
5344,691,16,"<p style=""color:rgb(150, 250, 100); font-size: 35px;"">他的</p>","other","moral","他的",6,542,542,"e","true",NA,NA,NA,NA,"phase_015_subj_48"
5345,691,16,"<p style=""color:white; font-size: 35px;"">高尚</p>","positive","moral","高尚",6,735,735,"i","true",NA,NA,NA,NA,"phase_015_subj_48"
5346,691,16,"<p style=""color:rgb(150, 250, 100); font-size: 35px;"">他人的</p>","other","moral","他人的",6,575,575,"e","true",NA,NA,NA,NA,"phase_015_subj_48"
5347,691,16,"<p style=""color:white; font-size: 35px;"">小人</p>","negative","moral","小人",6,702,702,"e","true",NA,NA,NA,NA,"phase_015_subj_48"
5348,691,16,"<p style=""color:rgb(150, 250, 100); font-size: 35px;"">我</p>","self","moral","我",6,662,662,"i","true",NA,NA,NA,NA,"phase_015_subj_48"
5349,691,16,"<p style=""color:white; font-size: 35px;"">不孝</p>","negative","moral","不孝",6,680,680,"e","true",NA,NA,NA,NA,"phase_015_subj_48"
5350,691,16,"<p style=""color:rgb(150, 250, 100); font-size: 35px;"">别人的</p>","other","moral","别人的",6,782,782,"e","true",NA,NA,NA,NA,"phase_015_subj_48"
5351,691,16,"<p style=""color:white; font-size: 35px;"">诚信</p>","positive","moral","诚信",6,774,774,"i","true",NA,NA,NA,NA,"phase_015_subj_48"
5352,691,16,"<p style=""color:rgb(150, 250, 100); font-size: 35px;"">本人</p>","self","moral","本人",6,551,551,"i","true",NA,NA,NA,NA,"phase_015_subj_48"
5353,691,16,"<p style=""color:white; font-size: 35px;"">卑鄙</p>","negative","moral","卑鄙",6,574,574,"e","true",NA,NA,NA,NA,"phase_015_subj_48"
5354,691,16,"<p style=""color:rgb(150, 250, 100); font-size: 35px;"">我的</p>","self","moral","我的",6,654,654,"i","true",NA,NA,NA,NA,"phase_015_subj_48"
5355,691,16,"<p style=""color:white; font-size: 35px;"">正直</p>","positive","moral","正直",6,590,1272.5652173913,"e","false",NA,NA,NA,NA,"phase_015_subj_48"
5356,691,16,"<p style=""color:rgb(150, 250, 100); font-size: 35px;"">别人</p>","other","moral","别人",6,758,758,"e","true",NA,NA,NA,NA,"phase_015_subj_48"
5357,691,17,"<p style=""color:white; font-size: 35px;"">廉正</p>","positive","moral","廉正",7,837,837,"i","true",NA,NA,NA,NA,"phase_015_subj_48"
5358,691,17,"<p style=""color:rgb(150, 250, 100); font-size: 35px;"">我的</p>","self","moral","我的",7,589,589,"i","true",NA,NA,NA,NA,"phase_015_subj_48"
5359,691,17,"<p style=""color:white; font-size: 35px;"">卑鄙</p>","negative","moral","卑鄙",7,573,573,"e","true",NA,NA,NA,NA,"phase_015_subj_48"
5360,691,17,"<p style=""color:rgb(150, 250, 100); font-size: 35px;"">他人的</p>","other","moral","他人的",7,533,533,"e","true",NA,NA,NA,NA,"phase_015_subj_48"
5361,691,17,"<p style=""color:white; font-size: 35px;"">诚信</p>","positive","moral","诚信",7,1285,1285,"i","true",NA,NA,NA,NA,"phase_015_subj_48"
5362,691,17,"<p style=""color:rgb(150, 250, 100); font-size: 35px;"">别人</p>","other","moral","别人",7,693,693,"e","true",NA,NA,NA,NA,"phase_015_subj_48"
5363,691,17,"<p style=""color:white; font-size: 35px;"">不仁</p>","negative","moral","不仁",7,590,590,"e","true",NA,NA,NA,NA,"phase_015_subj_48"
5364,691,17,"<p style=""color:rgb(150, 250, 100); font-size: 35px;"">我</p>","self","moral","我",7,614,614,"i","true",NA,NA,NA,NA,"phase_015_subj_48"
5365,691,17,"<p style=""color:white; font-size: 35px;"">正直</p>","positive","moral","正直",7,718,718,"i","true",NA,NA,NA,NA,"phase_015_subj_48"
5366,691,17,"<p style=""color:rgb(150, 250, 100); font-size: 35px;"">他人的</p>","other","moral","他人的",7,574,574,"e","true",NA,NA,NA,NA,"phase_015_subj_48"
5367,691,17,"<p style=""color:white; font-size: 35px;"">缺德</p>","negative","moral","缺德",7,662,662,"e","true",NA,NA,NA,NA,"phase_015_subj_48"
5368,691,17,"<p style=""color:rgb(150, 250, 100); font-size: 35px;"">本人的</p>","self","moral","本人的",7,590,590,"i","true",NA,NA,NA,NA,"phase_015_subj_48"
5369,691,17,"<p style=""color:white; font-size: 35px;"">君子</p>","positive","moral","君子",7,726,726,"i","true",NA,NA,NA,NA,"phase_015_subj_48"
5370,691,17,"<p style=""color:rgb(150, 250, 100); font-size: 35px;"">自己的</p>","self","moral","自己的",7,542,542,"i","true",NA,NA,NA,NA,"phase_015_subj_48"
5371,691,17,"<p style=""color:white; font-size: 35px;"">黑心</p>","negative","moral","黑心",7,606,606,"e","true",NA,NA,NA,NA,"phase_015_subj_48"
5372,691,17,"<p style=""color:rgb(150, 250, 100); font-size: 35px;"">别人</p>","other","moral","别人",7,710,710,"e","true",NA,NA,NA,NA,"phase_015_subj_48"
5373,691,17,"<p style=""color:white; font-size: 35px;"">廉正</p>","positive","moral","廉正",7,750,750,"i","true",NA,NA,NA,NA,"phase_015_subj_48"
5374,691,17,"<p style=""color:rgb(150, 250, 100); font-size: 35px;"">他人</p>","other","moral","他人",7,590,590,"e","true",NA,NA,NA,NA,"phase_015_subj_48"
5375,691,17,"<p style=""color:white; font-size: 35px;"">小人</p>","negative","moral","小人",7,726,726,"e","true",NA,NA,NA,NA,"phase_015_subj_48"
5376,691,17,"<p style=""color:rgb(150, 250, 100); font-size: 35px;"">自己的</p>","self","moral","自己的",7,629,629,"i","true",NA,NA,NA,NA,"phase_015_subj_48"
5377,691,17,"<p style=""color:white; font-size: 35px;"">不孝</p>","negative","moral","不孝",7,646,646,"e","true",NA,NA,NA,NA,"phase_015_subj_48"
5378,691,17,"<p style=""color:rgb(150, 250, 100); font-size: 35px;"">他</p>","other","moral","他",7,1229,1229,"e","true",NA,NA,NA,NA,"phase_015_subj_48"
5379,691,17,"<p style=""color:white; font-size: 35px;"">君子</p>","positive","moral","君子",7,1429,1429,"i","true",NA,NA,NA,NA,"phase_015_subj_48"
5380,691,17,"<p style=""color:rgb(150, 250, 100); font-size: 35px;"">本人的</p>","self","moral","本人的",7,1373,1373,"i","true",NA,NA,NA,NA,"phase_015_subj_48"
5381,691,17,"<p style=""color:white; font-size: 35px;"">正直</p>","positive","moral","正直",7,1231,1231,"i","true",NA,NA,NA,NA,"phase_015_subj_48"
5382,691,17,"<p style=""color:rgb(150, 250, 100); font-size: 35px;"">我</p>","self","moral","我",7,677,677,"i","true",NA,NA,NA,NA,"phase_015_subj_48"
5383,691,17,"<p style=""color:white; font-size: 35px;"">缺德</p>","negative","moral","缺德",7,613,613,"e","true",NA,NA,NA,NA,"phase_015_subj_48"
5384,691,17,"<p style=""color:rgb(150, 250, 100); font-size: 35px;"">他</p>","other","moral","他",7,550,550,"e","true",NA,NA,NA,NA,"phase_015_subj_48"
5385,691,17,"<p style=""color:white; font-size: 35px;"">不仁</p>","negative","moral","不仁",7,526,526,"e","true",NA,NA,NA,NA,"phase_015_subj_48"
5386,691,17,"<p style=""color:rgb(150, 250, 100); font-size: 35px;"">本人</p>","self","moral","本人",7,654,654,"i","true",NA,NA,NA,NA,"phase_015_subj_48"
5387,691,17,"<p style=""color:white; font-size: 35px;"">诚信</p>","positive","moral","诚信",7,510,1320.0652173913,"e","false",NA,NA,NA,NA,"phase_015_subj_48"
5388,691,17,"<p style=""color:rgb(150, 250, 100); font-size: 35px;"">他的</p>","other","moral","他的",7,566,566,"e","true",NA,NA,NA,NA,"phase_015_subj_48"
5389,691,17,"<p style=""color:white; font-size: 35px;"">黑心</p>","negative","moral","黑心",7,822,822,"e","true",NA,NA,NA,NA,"phase_015_subj_48"
5390,691,17,"<p style=""color:rgb(150, 250, 100); font-size: 35px;"">自己</p>","self","moral","自己",7,718,718,"i","true",NA,NA,NA,NA,"phase_015_subj_48"
5391,691,17,"<p style=""color:white; font-size: 35px;"">善良</p>","positive","moral","善良",7,902,902,"i","true",NA,NA,NA,NA,"phase_015_subj_48"
5392,691,17,"<p style=""color:rgb(150, 250, 100); font-size: 35px;"">别人的</p>","other","moral","别人的",7,614,614,"e","true",NA,NA,NA,NA,"phase_015_subj_48"
5393,691,17,"<p style=""color:white; font-size: 35px;"">善良</p>","positive","moral","善良",7,605,605,"i","true",NA,NA,NA,NA,"phase_015_subj_48"
5394,691,17,"<p style=""color:rgb(150, 250, 100); font-size: 35px;"">他的</p>","other","moral","他的",7,607,607,"e","true",NA,NA,NA,NA,"phase_015_subj_48"
5395,691,17,"<p style=""color:white; font-size: 35px;"">不孝</p>","negative","moral","不孝",7,558,558,"e","true",NA,NA,NA,NA,"phase_015_subj_48"
5396,691,17,"<p style=""color:rgb(150, 250, 100); font-size: 35px;"">自己</p>","self","moral","自己",7,685,685,"i","true",NA,NA,NA,NA,"phase_015_subj_48"
5397,691,17,"<p style=""color:white; font-size: 35px;"">小人</p>","negative","moral","小人",7,711,711,"e","true",NA,NA,NA,NA,"phase_015_subj_48"
5398,691,17,"<p style=""color:rgb(150, 250, 100); font-size: 35px;"">本人</p>","self","moral","本人",7,701,701,"i","true",NA,NA,NA,NA,"phase_015_subj_48"
5399,691,17,"<p style=""color:white; font-size: 35px;"">高尚</p>","positive","moral","高尚",7,638,1320.0652173913,"e","false",NA,NA,NA,NA,"phase_015_subj_48"
5400,691,17,"<p style=""color:rgb(150, 250, 100); font-size: 35px;"">别人的</p>","other","moral","别人的",7,549,549,"e","true",NA,NA,NA,NA,"phase_015_subj_48"
5401,691,17,"<p style=""color:white; font-size: 35px;"">高尚</p>","positive","moral","高尚",7,797,797,"i","true",NA,NA,NA,NA,"phase_015_subj_48"
5402,691,17,"<p style=""color:rgb(150, 250, 100); font-size: 35px;"">我的</p>","self","moral","我的",7,565,565,"i","true",NA,NA,NA,NA,"phase_015_subj_48"
5403,691,17,"<p style=""color:white; font-size: 35px;"">卑鄙</p>","negative","moral","卑鄙",7,517,517,"e","true",NA,NA,NA,NA,"phase_015_subj_48"
5404,691,17,"<p style=""color:rgb(150, 250, 100); font-size: 35px;"">他人</p>","other","moral","他人",7,741,741,"e","true",NA,NA,NA,NA,"phase_015_subj_48"
5405,591,NA,"
    <h3>词语分类任务</h3>
    <p>在接下来的任务中，你需要对一系列词语进行分类。<p/>
    请先熟悉这些词语，这有利于你完成接下来的任务。</p>
    <table align=""center"" border=1 cellpadding=3 cellspacing=0>
    <tr> <th>类别</th> <th>词语</th> </tr>
    <tr> <td>&emsp;积极&emsp;</td> <td>&emsp;高尚、诚信、善良、君子、廉正、正直&emsp;</td> </tr>
    <tr> <td>&emsp;消极&emsp;</td> <td>&emsp;缺德、卑鄙、不孝、不仁、小人、黑心&emsp;</td> </tr>
    <tr> <td>&emsp;自我&emsp;</td> <td>&emsp;我、我的、自己、自己的、本人、本人的&emsp;</td> </tr>
    <tr> <td>&emsp;他人&emsp;</td> <td>&emsp;他、他的、别人、别人的、他人、他人的&emsp;</td> </tr>
    </table><br/>","","","",NA,16128,NA,"0","",NA,NA,1,2,"phase_015_subj_38"
5406,591,11,"<p style=""color:rgb(150, 250, 100); font-size: 35px;"">他的</p>","other","moral","他的",1,1463,1463,"e","true",NA,NA,NA,NA,"phase_015_subj_38"
5407,591,11,"<p style=""color:rgb(150, 250, 100); font-size: 35px;"">他人</p>","other","moral","他人",1,506,506,"e","true",NA,NA,NA,NA,"phase_015_subj_38"
5408,591,11,"<p style=""color:rgb(150, 250, 100); font-size: 35px;"">别人</p>","other","moral","别人",1,417,417,"e","true",NA,NA,NA,NA,"phase_015_subj_38"
5409,591,11,"<p style=""color:rgb(150, 250, 100); font-size: 35px;"">本人的</p>","self","moral","本人的",1,417,417,"i","true",NA,NA,NA,NA,"phase_015_subj_38"
5410,591,11,"<p style=""color:rgb(150, 250, 100); font-size: 35px;"">他人的</p>","other","moral","他人的",1,537,537,"e","true",NA,NA,NA,NA,"phase_015_subj_38"
5411,591,11,"<p style=""color:rgb(150, 250, 100); font-size: 35px;"">我的</p>","self","moral","我的",1,473,473,"i","true",NA,NA,NA,NA,"phase_015_subj_38"
5412,591,11,"<p style=""color:rgb(150, 250, 100); font-size: 35px;"">别人的</p>","other","moral","别人的",1,916,916,"e","true",NA,NA,NA,NA,"phase_015_subj_38"
5413,591,11,"<p style=""color:rgb(150, 250, 100); font-size: 35px;"">本人</p>","self","moral","本人",1,745,745,"i","true",NA,NA,NA,NA,"phase_015_subj_38"
5414,591,11,"<p style=""color:rgb(150, 250, 100); font-size: 35px;"">他</p>","other","moral","他",1,774,774,"e","true",NA,NA,NA,NA,"phase_015_subj_38"
5415,591,11,"<p style=""color:rgb(150, 250, 100); font-size: 35px;"">自己的</p>","self","moral","自己的",1,511,511,"i","true",NA,NA,NA,NA,"phase_015_subj_38"
5416,591,11,"<p style=""color:rgb(150, 250, 100); font-size: 35px;"">我</p>","self","moral","我",1,387,387,"i","true",NA,NA,NA,NA,"phase_015_subj_38"
5417,591,11,"<p style=""color:rgb(150, 250, 100); font-size: 35px;"">自己</p>","self","moral","自己",1,446,446,"i","true",NA,NA,NA,NA,"phase_015_subj_38"
5418,591,12,"<p style=""color:white; font-size: 35px;"">不孝</p>","negative","moral","不孝",2,705,705,"i","true",NA,NA,NA,NA,"phase_015_subj_38"
5419,591,12,"<p style=""color:white; font-size: 35px;"">廉正</p>","positive","moral","廉正",2,506,506,"i","false",NA,NA,NA,NA,"phase_015_subj_38"
5420,591,12,"<p style=""color:white; font-size: 35px;"">小人</p>","negative","moral","小人",2,530,530,"i","true",NA,NA,NA,NA,"phase_015_subj_38"
5421,591,12,"<p style=""color:white; font-size: 35px;"">卑鄙</p>","negative","moral","卑鄙",2,460,460,"i","true",NA,NA,NA,NA,"phase_015_subj_38"
5422,591,12,"<p style=""color:white; font-size: 35px;"">正直</p>","positive","moral","正直",2,565,565,"e","true",NA,NA,NA,NA,"phase_015_subj_38"
5423,591,12,"<p style=""color:white; font-size: 35px;"">高尚</p>","positive","moral","高尚",2,443,443,"e","true",NA,NA,NA,NA,"phase_015_subj_38"
5424,591,12,"<p style=""color:white; font-size: 35px;"">君子</p>","positive","moral","君子",2,476,476,"e","true",NA,NA,NA,NA,"phase_015_subj_38"
5425,591,12,"<p style=""color:white; font-size: 35px;"">不仁</p>","negative","moral","不仁",2,451,451,"i","true",NA,NA,NA,NA,"phase_015_subj_38"
5426,591,12,"<p style=""color:white; font-size: 35px;"">诚信</p>","positive","moral","诚信",2,631,631,"e","true",NA,NA,NA,NA,"phase_015_subj_38"
5427,591,12,"<p style=""color:white; font-size: 35px;"">黑心</p>","negative","moral","黑心",2,607,607,"i","true",NA,NA,NA,NA,"phase_015_subj_38"
5428,591,12,"<p style=""color:white; font-size: 35px;"">缺德</p>","negative","moral","缺德",2,432,432,"i","true",NA,NA,NA,NA,"phase_015_subj_38"
5429,591,12,"<p style=""color:white; font-size: 35px;"">善良</p>","positive","moral","善良",2,486,486,"i","false",NA,NA,NA,NA,"phase_015_subj_38"
5430,591,13,"<p style=""color:rgb(150, 250, 100); font-size: 35px;"">他的</p>","other","moral","他的",3,666,666,"e","true",NA,NA,NA,NA,"phase_015_subj_38"
5431,591,13,"<p style=""color:white; font-size: 35px;"">卑鄙</p>","negative","moral","卑鄙",3,856,856,"i","true",NA,NA,NA,NA,"phase_015_subj_38"
5432,591,13,"<p style=""color:rgb(150, 250, 100); font-size: 35px;"">我的</p>","self","moral","我的",3,396,396,"i","true",NA,NA,NA,NA,"phase_015_subj_38"
5433,591,13,"<p style=""color:white; font-size: 35px;"">诚信</p>","positive","moral","诚信",3,545,545,"e","true",NA,NA,NA,NA,"phase_015_subj_38"
5434,591,13,"<p style=""color:rgb(150, 250, 100); font-size: 35px;"">别人</p>","other","moral","别人",3,501,501,"e","true",NA,NA,NA,NA,"phase_015_subj_38"
5435,591,13,"<p style=""color:white; font-size: 35px;"">善良</p>","positive","moral","善良",3,750,750,"e","true",NA,NA,NA,NA,"phase_015_subj_38"
5436,591,13,"<p style=""color:rgb(150, 250, 100); font-size: 35px;"">本人</p>","self","moral","本人",3,746,746,"i","true",NA,NA,NA,NA,"phase_015_subj_38"
5437,591,13,"<p style=""color:white; font-size: 35px;"">黑心</p>","negative","moral","黑心",3,510,510,"i","true",NA,NA,NA,NA,"phase_015_subj_38"
5438,591,13,"<p style=""color:rgb(150, 250, 100); font-size: 35px;"">别人的</p>","other","moral","别人的",3,541,1233.91304347826,"i","false",NA,NA,NA,NA,"phase_015_subj_38"
5439,591,13,"<p style=""color:white; font-size: 35px;"">君子</p>","positive","moral","君子",3,812,812,"e","true",NA,NA,NA,NA,"phase_015_subj_38"
5440,591,13,"<p style=""color:rgb(150, 250, 100); font-size: 35px;"">本人的</p>","self","moral","本人的",3,865,865,"i","true",NA,NA,NA,NA,"phase_015_subj_38"
5441,591,13,"<p style=""color:white; font-size: 35px;"">不仁</p>","negative","moral","不仁",3,521,521,"i","true",NA,NA,NA,NA,"phase_015_subj_38"
5442,591,13,"<p style=""color:rgb(150, 250, 100); font-size: 35px;"">他人</p>","other","moral","他人",3,662,662,"e","true",NA,NA,NA,NA,"phase_015_subj_38"
5443,591,13,"<p style=""color:white; font-size: 35px;"">高尚</p>","positive","moral","高尚",3,644,644,"e","true",NA,NA,NA,NA,"phase_015_subj_38"
5444,591,13,"<p style=""color:rgb(150, 250, 100); font-size: 35px;"">自己</p>","self","moral","自己",3,675,675,"i","true",NA,NA,NA,NA,"phase_015_subj_38"
5445,591,13,"<p style=""color:white; font-size: 35px;"">不孝</p>","negative","moral","不孝",3,472,472,"i","true",NA,NA,NA,NA,"phase_015_subj_38"
5446,591,13,"<p style=""color:rgb(150, 250, 100); font-size: 35px;"">我</p>","self","moral","我",3,581,581,"i","true",NA,NA,NA,NA,"phase_015_subj_38"
5447,591,13,"<p style=""color:white; font-size: 35px;"">缺德</p>","negative","moral","缺德",3,784,784,"i","true",NA,NA,NA,NA,"phase_015_subj_38"
5448,591,13,"<p style=""color:rgb(150, 250, 100); font-size: 35px;"">他人的</p>","other","moral","他人的",3,622,622,"e","true",NA,NA,NA,NA,"phase_015_subj_38"
5449,591,13,"<p style=""color:white; font-size: 35px;"">正直</p>","positive","moral","正直",3,460,460,"e","true",NA,NA,NA,NA,"phase_015_subj_38"
5450,591,13,"<p style=""color:rgb(150, 250, 100); font-size: 35px;"">他</p>","other","moral","他",3,726,726,"e","true",NA,NA,NA,NA,"phase_015_subj_38"
5451,591,13,"<p style=""color:white; font-size: 35px;"">廉正</p>","positive","moral","廉正",3,786,786,"e","true",NA,NA,NA,NA,"phase_015_subj_38"
5452,591,13,"<p style=""color:rgb(150, 250, 100); font-size: 35px;"">自己的</p>","self","moral","自己的",3,560,560,"i","true",NA,NA,NA,NA,"phase_015_subj_38"
5453,591,13,"<p style=""color:white; font-size: 35px;"">小人</p>","negative","moral","小人",3,440,440,"i","true",NA,NA,NA,NA,"phase_015_subj_38"
5454,591,14,"<p style=""color:rgb(150, 250, 100); font-size: 35px;"">别人的</p>","other","moral","别人的",4,667,667,"e","true",NA,NA,NA,NA,"phase_015_subj_38"
5455,591,14,"<p style=""color:white; font-size: 35px;"">不仁</p>","negative","moral","不仁",4,750,750,"i","true",NA,NA,NA,NA,"phase_015_subj_38"
5456,591,14,"<p style=""color:rgb(150, 250, 100); font-size: 35px;"">本人</p>","self","moral","本人",4,511,511,"i","true",NA,NA,NA,NA,"phase_015_subj_38"
5457,591,14,"<p style=""color:white; font-size: 35px;"">君子</p>","positive","moral","君子",4,765,765,"e","true",NA,NA,NA,NA,"phase_015_subj_38"
5458,591,14,"<p style=""color:rgb(150, 250, 100); font-size: 35px;"">我的</p>","self","moral","我的",4,572,572,"i","true",NA,NA,NA,NA,"phase_015_subj_38"
5459,591,14,"<p style=""color:white; font-size: 35px;"">正直</p>","positive","moral","正直",4,710,710,"e","true",NA,NA,NA,NA,"phase_015_subj_38"
5460,591,14,"<p style=""color:rgb(150, 250, 100); font-size: 35px;"">别人的</p>","other","moral","别人的",4,800,800,"e","true",NA,NA,NA,NA,"phase_015_subj_38"
5461,591,14,"<p style=""color:white; font-size: 35px;"">小人</p>","negative","moral","小人",4,841,1321.46511627907,"e","false",NA,NA,NA,NA,"phase_015_subj_38"
5462,591,14,"<p style=""color:rgb(150, 250, 100); font-size: 35px;"">他人</p>","other","moral","他人",4,981,981,"e","true",NA,NA,NA,NA,"phase_015_subj_38"
5463,591,14,"<p style=""color:white; font-size: 35px;"">正直</p>","positive","moral","正直",4,701,701,"e","true",NA,NA,NA,NA,"phase_015_subj_38"
5464,591,14,"<p style=""color:rgb(150, 250, 100); font-size: 35px;"">我</p>","self","moral","我",4,990,990,"i","true",NA,NA,NA,NA,"phase_015_subj_38"
5465,591,14,"<p style=""color:white; font-size: 35px;"">不仁</p>","negative","moral","不仁",4,630,630,"i","true",NA,NA,NA,NA,"phase_015_subj_38"
5466,591,14,"<p style=""color:rgb(150, 250, 100); font-size: 35px;"">别人</p>","other","moral","别人",4,827,827,"e","true",NA,NA,NA,NA,"phase_015_subj_38"
5467,591,14,"<p style=""color:white; font-size: 35px;"">诚信</p>","positive","moral","诚信",4,896,896,"e","true",NA,NA,NA,NA,"phase_015_subj_38"
5468,591,14,"<p style=""color:rgb(150, 250, 100); font-size: 35px;"">我的</p>","self","moral","我的",4,703,703,"i","true",NA,NA,NA,NA,"phase_015_subj_38"
5469,591,14,"<p style=""color:white; font-size: 35px;"">不孝</p>","negative","moral","不孝",4,636,636,"i","true",NA,NA,NA,NA,"phase_015_subj_38"
5470,591,14,"<p style=""color:rgb(150, 250, 100); font-size: 35px;"">他</p>","other","moral","他",4,871,871,"e","true",NA,NA,NA,NA,"phase_015_subj_38"
5471,591,14,"<p style=""color:white; font-size: 35px;"">诚信</p>","positive","moral","诚信",4,776,776,"e","true",NA,NA,NA,NA,"phase_015_subj_38"
5472,591,14,"<p style=""color:rgb(150, 250, 100); font-size: 35px;"">自己的</p>","self","moral","自己的",4,816,816,"i","true",NA,NA,NA,NA,"phase_015_subj_38"
5473,591,14,"<p style=""color:white; font-size: 35px;"">卑鄙</p>","negative","moral","卑鄙",4,532,532,"i","true",NA,NA,NA,NA,"phase_015_subj_38"
5474,591,14,"<p style=""color:rgb(150, 250, 100); font-size: 35px;"">本人的</p>","self","moral","本人的",4,755,1321.46511627907,"e","false",NA,NA,NA,NA,"phase_015_subj_38"
5475,591,14,"<p style=""color:white; font-size: 35px;"">善良</p>","positive","moral","善良",4,856,856,"e","true",NA,NA,NA,NA,"phase_015_subj_38"
5476,591,14,"<p style=""color:rgb(150, 250, 100); font-size: 35px;"">他的</p>","other","moral","他的",4,540,540,"e","true",NA,NA,NA,NA,"phase_015_subj_38"
5477,591,14,"<p style=""color:white; font-size: 35px;"">缺德</p>","negative","moral","缺德",4,875,875,"i","true",NA,NA,NA,NA,"phase_015_subj_38"
5478,591,14,"<p style=""color:rgb(150, 250, 100); font-size: 35px;"">本人</p>","self","moral","本人",4,780,780,"i","true",NA,NA,NA,NA,"phase_015_subj_38"
5479,591,14,"<p style=""color:white; font-size: 35px;"">缺德</p>","negative","moral","缺德",4,796,796,"i","true",NA,NA,NA,NA,"phase_015_subj_38"
5480,591,14,"<p style=""color:rgb(150, 250, 100); font-size: 35px;"">别人</p>","other","moral","别人",4,757,757,"e","true",NA,NA,NA,NA,"phase_015_subj_38"
5481,591,14,"<p style=""color:white; font-size: 35px;"">善良</p>","positive","moral","善良",4,536,536,"e","true",NA,NA,NA,NA,"phase_015_subj_38"
5482,591,14,"<p style=""color:rgb(150, 250, 100); font-size: 35px;"">他人的</p>","other","moral","他人的",4,596,596,"e","true",NA,NA,NA,NA,"phase_015_subj_38"
5483,591,14,"<p style=""color:white; font-size: 35px;"">黑心</p>","negative","moral","黑心",4,796,796,"i","true",NA,NA,NA,NA,"phase_015_subj_38"
5484,591,14,"<p style=""color:rgb(150, 250, 100); font-size: 35px;"">自己</p>","self","moral","自己",4,431,431,"i","true",NA,NA,NA,NA,"phase_015_subj_38"
5485,591,14,"<p style=""color:white; font-size: 35px;"">高尚</p>","positive","moral","高尚",4,581,581,"e","true",NA,NA,NA,NA,"phase_015_subj_38"
5486,591,14,"<p style=""color:rgb(150, 250, 100); font-size: 35px;"">他的</p>","other","moral","他的",4,477,477,"e","true",NA,NA,NA,NA,"phase_015_subj_38"
5487,591,14,"<p style=""color:white; font-size: 35px;"">廉正</p>","positive","moral","廉正",4,816,1321.46511627907,"i","false",NA,NA,NA,NA,"phase_015_subj_38"
5488,591,14,"<p style=""color:rgb(150, 250, 100); font-size: 35px;"">自己的</p>","self","moral","自己的",4,717,717,"i","true",NA,NA,NA,NA,"phase_015_subj_38"
5489,591,14,"<p style=""color:white; font-size: 35px;"">黑心</p>","negative","moral","黑心",4,656,656,"i","true",NA,NA,NA,NA,"phase_015_subj_38"
5490,591,14,"<p style=""color:rgb(150, 250, 100); font-size: 35px;"">本人的</p>","self","moral","本人的",4,756,1321.46511627907,"e","false",NA,NA,NA,NA,"phase_015_subj_38"
5491,591,14,"<p style=""color:white; font-size: 35px;"">不孝</p>","negative","moral","不孝",4,643,643,"i","true",NA,NA,NA,NA,"phase_015_subj_38"
5492,591,14,"<p style=""color:rgb(150, 250, 100); font-size: 35px;"">他人的</p>","other","moral","他人的",4,779,779,"e","true",NA,NA,NA,NA,"phase_015_subj_38"
5493,591,14,"<p style=""color:white; font-size: 35px;"">廉正</p>","positive","moral","廉正",4,472,472,"e","true",NA,NA,NA,NA,"phase_015_subj_38"
5494,591,14,"<p style=""color:rgb(150, 250, 100); font-size: 35px;"">自己</p>","self","moral","自己",4,759,759,"i","true",NA,NA,NA,NA,"phase_015_subj_38"
5495,591,14,"<p style=""color:white; font-size: 35px;"">君子</p>","positive","moral","君子",4,895,895,"e","true",NA,NA,NA,NA,"phase_015_subj_38"
5496,591,14,"<p style=""color:rgb(150, 250, 100); font-size: 35px;"">他</p>","other","moral","他",4,486,486,"e","true",NA,NA,NA,NA,"phase_015_subj_38"
5497,591,14,"<p style=""color:white; font-size: 35px;"">卑鄙</p>","negative","moral","卑鄙",4,622,622,"i","true",NA,NA,NA,NA,"phase_015_subj_38"
5498,591,14,"<p style=""color:rgb(150, 250, 100); font-size: 35px;"">他人</p>","other","moral","他人",4,436,1321.46511627907,"i","false",NA,NA,NA,NA,"phase_015_subj_38"
5499,591,14,"<p style=""color:white; font-size: 35px;"">小人</p>","negative","moral","小人",4,1469,1469,"i","true",NA,NA,NA,NA,"phase_015_subj_38"
5500,591,14,"<p style=""color:rgb(150, 250, 100); font-size: 35px;"">我</p>","self","moral","我",4,695,695,"i","true",NA,NA,NA,NA,"phase_015_subj_38"
5501,591,14,"<p style=""color:white; font-size: 35px;"">高尚</p>","positive","moral","高尚",4,675,675,"e","true",NA,NA,NA,NA,"phase_015_subj_38"
5502,591,15,"<p style=""color:rgb(150, 250, 100); font-size: 35px;"">我</p>","self","moral","我",5,397,397,"e","true",NA,NA,NA,NA,"phase_015_subj_38"
5503,591,15,"<p style=""color:rgb(150, 250, 100); font-size: 35px;"">他</p>","other","moral","他",5,646,646,"i","true",NA,NA,NA,NA,"phase_015_subj_38"
5504,591,15,"<p style=""color:rgb(150, 250, 100); font-size: 35px;"">别人的</p>","other","moral","别人的",5,461,461,"i","true",NA,NA,NA,NA,"phase_015_subj_38"
5505,591,15,"<p style=""color:rgb(150, 250, 100); font-size: 35px;"">他的</p>","other","moral","他的",5,391,391,"i","true",NA,NA,NA,NA,"phase_015_subj_38"
5506,591,15,"<p style=""color:rgb(150, 250, 100); font-size: 35px;"">他人</p>","other","moral","他人",5,391,391,"i","true",NA,NA,NA,NA,"phase_015_subj_38"
5507,591,15,"<p style=""color:rgb(150, 250, 100); font-size: 35px;"">我</p>","self","moral","我",5,467,467,"e","true",NA,NA,NA,NA,"phase_015_subj_38"
5508,591,15,"<p style=""color:rgb(150, 250, 100); font-size: 35px;"">本人</p>","self","moral","本人",5,385,385,"e","true",NA,NA,NA,NA,"phase_015_subj_38"
5509,591,15,"<p style=""color:rgb(150, 250, 100); font-size: 35px;"">我的</p>","self","moral","我的",5,416,416,"e","true",NA,NA,NA,NA,"phase_015_subj_38"
5510,591,15,"<p style=""color:rgb(150, 250, 100); font-size: 35px;"">他人的</p>","other","moral","他人的",5,541,541,"i","true",NA,NA,NA,NA,"phase_015_subj_38"
5511,591,15,"<p style=""color:rgb(150, 250, 100); font-size: 35px;"">他</p>","other","moral","他",5,491,491,"i","true",NA,NA,NA,NA,"phase_015_subj_38"
5512,591,15,"<p style=""color:rgb(150, 250, 100); font-size: 35px;"">别人</p>","other","moral","别人",5,696,696,"i","true",NA,NA,NA,NA,"phase_015_subj_38"
5513,591,15,"<p style=""color:rgb(150, 250, 100); font-size: 35px;"">自己的</p>","self","moral","自己的",5,566,566,"e","true",NA,NA,NA,NA,"phase_015_subj_38"
5514,591,15,"<p style=""color:rgb(150, 250, 100); font-size: 35px;"">他人的</p>","other","moral","他人的",5,696,696,"i","true",NA,NA,NA,NA,"phase_015_subj_38"
5515,591,15,"<p style=""color:rgb(150, 250, 100); font-size: 35px;"">别人</p>","other","moral","别人",5,476,476,"i","true",NA,NA,NA,NA,"phase_015_subj_38"
5516,591,15,"<p style=""color:rgb(150, 250, 100); font-size: 35px;"">他人</p>","other","moral","他人",5,408,408,"i","true",NA,NA,NA,NA,"phase_015_subj_38"
5517,591,15,"<p style=""color:rgb(150, 250, 100); font-size: 35px;"">本人的</p>","self","moral","本人的",5,496,496,"e","true",NA,NA,NA,NA,"phase_015_subj_38"
5518,591,15,"<p style=""color:rgb(150, 250, 100); font-size: 35px;"">我的</p>","self","moral","我的",5,412,412,"e","true",NA,NA,NA,NA,"phase_015_subj_38"
5519,591,15,"<p style=""color:rgb(150, 250, 100); font-size: 35px;"">自己的</p>","self","moral","自己的",5,457,457,"e","true",NA,NA,NA,NA,"phase_015_subj_38"
5520,591,15,"<p style=""color:rgb(150, 250, 100); font-size: 35px;"">自己</p>","self","moral","自己",5,467,467,"e","true",NA,NA,NA,NA,"phase_015_subj_38"
5521,591,15,"<p style=""color:rgb(150, 250, 100); font-size: 35px;"">本人</p>","self","moral","本人",5,499,499,"e","true",NA,NA,NA,NA,"phase_015_subj_38"
5522,591,15,"<p style=""color:rgb(150, 250, 100); font-size: 35px;"">别人的</p>","other","moral","别人的",5,432,432,"i","true",NA,NA,NA,NA,"phase_015_subj_38"
5523,591,15,"<p style=""color:rgb(150, 250, 100); font-size: 35px;"">本人的</p>","self","moral","本人的",5,486,486,"e","true",NA,NA,NA,NA,"phase_015_subj_38"
5524,591,15,"<p style=""color:rgb(150, 250, 100); font-size: 35px;"">他的</p>","other","moral","他的",5,541,541,"i","true",NA,NA,NA,NA,"phase_015_subj_38"
5525,591,15,"<p style=""color:rgb(150, 250, 100); font-size: 35px;"">自己</p>","self","moral","自己",5,471,471,"e","true",NA,NA,NA,NA,"phase_015_subj_38"
5526,591,16,"<p style=""color:white; font-size: 35px;"">不孝</p>","negative","moral","不孝",6,515,515,"i","true",NA,NA,NA,NA,"phase_015_subj_38"
5527,591,16,"<p style=""color:rgb(150, 250, 100); font-size: 35px;"">本人</p>","self","moral","本人",6,455,455,"e","true",NA,NA,NA,NA,"phase_015_subj_38"
5528,591,16,"<p style=""color:white; font-size: 35px;"">廉正</p>","positive","moral","廉正",6,515,515,"e","true",NA,NA,NA,NA,"phase_015_subj_38"
5529,591,16,"<p style=""color:rgb(150, 250, 100); font-size: 35px;"">他</p>","other","moral","他",6,486,486,"i","true",NA,NA,NA,NA,"phase_015_subj_38"
5530,591,16,"<p style=""color:white; font-size: 35px;"">诚信</p>","positive","moral","诚信",6,392,1116.95652173913,"i","false",NA,NA,NA,NA,"phase_015_subj_38"
5531,591,16,"<p style=""color:rgb(150, 250, 100); font-size: 35px;"">我的</p>","self","moral","我的",6,518,518,"e","true",NA,NA,NA,NA,"phase_015_subj_38"
5532,591,16,"<p style=""color:white; font-size: 35px;"">小人</p>","negative","moral","小人",6,461,461,"i","true",NA,NA,NA,NA,"phase_015_subj_38"
5533,591,16,"<p style=""color:rgb(150, 250, 100); font-size: 35px;"">别人</p>","other","moral","别人",6,423,423,"i","true",NA,NA,NA,NA,"phase_015_subj_38"
5534,591,16,"<p style=""color:white; font-size: 35px;"">卑鄙</p>","negative","moral","卑鄙",6,808,808,"i","true",NA,NA,NA,NA,"phase_015_subj_38"
5535,591,16,"<p style=""color:rgb(150, 250, 100); font-size: 35px;"">他的</p>","other","moral","他的",6,576,576,"i","true",NA,NA,NA,NA,"phase_015_subj_38"
5536,591,16,"<p style=""color:white; font-size: 35px;"">君子</p>","positive","moral","君子",6,666,666,"e","true",NA,NA,NA,NA,"phase_015_subj_38"
5537,591,16,"<p style=""color:rgb(150, 250, 100); font-size: 35px;"">本人的</p>","self","moral","本人的",6,442,442,"e","true",NA,NA,NA,NA,"phase_015_subj_38"
5538,591,16,"<p style=""color:white; font-size: 35px;"">缺德</p>","negative","moral","缺德",6,622,622,"i","true",NA,NA,NA,NA,"phase_015_subj_38"
5539,591,16,"<p style=""color:rgb(150, 250, 100); font-size: 35px;"">自己的</p>","self","moral","自己的",6,511,511,"e","true",NA,NA,NA,NA,"phase_015_subj_38"
5540,591,16,"<p style=""color:white; font-size: 35px;"">善良</p>","positive","moral","善良",6,487,487,"e","true",NA,NA,NA,NA,"phase_015_subj_38"
5541,591,16,"<p style=""color:rgb(150, 250, 100); font-size: 35px;"">别人的</p>","other","moral","别人的",6,512,512,"i","true",NA,NA,NA,NA,"phase_015_subj_38"
5542,591,16,"<p style=""color:white; font-size: 35px;"">不仁</p>","negative","moral","不仁",6,471,471,"i","true",NA,NA,NA,NA,"phase_015_subj_38"
5543,591,16,"<p style=""color:rgb(150, 250, 100); font-size: 35px;"">自己</p>","self","moral","自己",6,476,476,"e","true",NA,NA,NA,NA,"phase_015_subj_38"
5544,591,16,"<p style=""color:white; font-size: 35px;"">高尚</p>","positive","moral","高尚",6,432,432,"e","true",NA,NA,NA,NA,"phase_015_subj_38"
5545,591,16,"<p style=""color:rgb(150, 250, 100); font-size: 35px;"">他人的</p>","other","moral","他人的",6,463,463,"i","true",NA,NA,NA,NA,"phase_015_subj_38"
5546,591,16,"<p style=""color:white; font-size: 35px;"">正直</p>","positive","moral","正直",6,496,496,"e","true",NA,NA,NA,NA,"phase_015_subj_38"
5547,591,16,"<p style=""color:rgb(150, 250, 100); font-size: 35px;"">我</p>","self","moral","我",6,392,392,"e","true",NA,NA,NA,NA,"phase_015_subj_38"
5548,591,16,"<p style=""color:white; font-size: 35px;"">黑心</p>","negative","moral","黑心",6,687,687,"i","true",NA,NA,NA,NA,"phase_015_subj_38"
5549,591,16,"<p style=""color:rgb(150, 250, 100); font-size: 35px;"">他人</p>","other","moral","他人",6,476,476,"i","true",NA,NA,NA,NA,"phase_015_subj_38"
5550,591,17,"<p style=""color:white; font-size: 35px;"">缺德</p>","negative","moral","缺德",7,442,442,"i","true",NA,NA,NA,NA,"phase_015_subj_38"
5551,591,17,"<p style=""color:rgb(150, 250, 100); font-size: 35px;"">别人的</p>","other","moral","别人的",7,426,426,"i","true",NA,NA,NA,NA,"phase_015_subj_38"
5552,591,17,"<p style=""color:white; font-size: 35px;"">诚信</p>","positive","moral","诚信",7,417,417,"e","true",NA,NA,NA,NA,"phase_015_subj_38"
5553,591,17,"<p style=""color:rgb(150, 250, 100); font-size: 35px;"">自己</p>","self","moral","自己",7,359,359,"e","true",NA,NA,NA,NA,"phase_015_subj_38"
5554,591,17,"<p style=""color:white; font-size: 35px;"">缺德</p>","negative","moral","缺德",7,452,452,"i","true",NA,NA,NA,NA,"phase_015_subj_38"
5555,591,17,"<p style=""color:rgb(150, 250, 100); font-size: 35px;"">本人</p>","self","moral","本人",7,397,1090.57777777778,"i","false",NA,NA,NA,NA,"phase_015_subj_38"
5556,591,17,"<p style=""color:white; font-size: 35px;"">善良</p>","positive","moral","善良",7,407,407,"e","true",NA,NA,NA,NA,"phase_015_subj_38"
5557,591,17,"<p style=""color:rgb(150, 250, 100); font-size: 35px;"">他人</p>","other","moral","他人",7,531,531,"i","true",NA,NA,NA,NA,"phase_015_subj_38"
5558,591,17,"<p style=""color:white; font-size: 35px;"">廉正</p>","positive","moral","廉正",7,636,636,"e","true",NA,NA,NA,NA,"phase_015_subj_38"
5559,591,17,"<p style=""color:rgb(150, 250, 100); font-size: 35px;"">他</p>","other","moral","他",7,621,621,"i","true",NA,NA,NA,NA,"phase_015_subj_38"
5560,591,17,"<p style=""color:white; font-size: 35px;"">黑心</p>","negative","moral","黑心",7,585,585,"i","true",NA,NA,NA,NA,"phase_015_subj_38"
5561,591,17,"<p style=""color:rgb(150, 250, 100); font-size: 35px;"">自己的</p>","self","moral","自己的",7,730,730,"e","true",NA,NA,NA,NA,"phase_015_subj_38"
5562,591,17,"<p style=""color:white; font-size: 35px;"">高尚</p>","positive","moral","高尚",7,461,461,"e","true",NA,NA,NA,NA,"phase_015_subj_38"
5563,591,17,"<p style=""color:rgb(150, 250, 100); font-size: 35px;"">我</p>","self","moral","我",7,466,466,"e","true",NA,NA,NA,NA,"phase_015_subj_38"
5564,591,17,"<p style=""color:white; font-size: 35px;"">小人</p>","negative","moral","小人",7,486,486,"i","true",NA,NA,NA,NA,"phase_015_subj_38"
5565,591,17,"<p style=""color:rgb(150, 250, 100); font-size: 35px;"">他人的</p>","other","moral","他人的",7,488,488,"i","true",NA,NA,NA,NA,"phase_015_subj_38"
5566,591,17,"<p style=""color:white; font-size: 35px;"">正直</p>","positive","moral","正直",7,484,484,"e","true",NA,NA,NA,NA,"phase_015_subj_38"
5567,591,17,"<p style=""color:rgb(150, 250, 100); font-size: 35px;"">本人的</p>","self","moral","本人的",7,416,416,"e","true",NA,NA,NA,NA,"phase_015_subj_38"
5568,591,17,"<p style=""color:white; font-size: 35px;"">卑鄙</p>","negative","moral","卑鄙",7,511,511,"i","true",NA,NA,NA,NA,"phase_015_subj_38"
5569,591,17,"<p style=""color:rgb(150, 250, 100); font-size: 35px;"">他的</p>","other","moral","他的",7,500,500,"i","true",NA,NA,NA,NA,"phase_015_subj_38"
5570,591,17,"<p style=""color:white; font-size: 35px;"">正直</p>","positive","moral","正直",7,581,581,"e","true",NA,NA,NA,NA,"phase_015_subj_38"
5571,591,17,"<p style=""color:rgb(150, 250, 100); font-size: 35px;"">别人</p>","other","moral","别人",7,408,1090.57777777778,"e","false",NA,NA,NA,NA,"phase_015_subj_38"
5572,591,17,"<p style=""color:white; font-size: 35px;"">不仁</p>","negative","moral","不仁",7,507,507,"i","true",NA,NA,NA,NA,"phase_015_subj_38"
5573,591,17,"<p style=""color:rgb(150, 250, 100); font-size: 35px;"">自己的</p>","self","moral","自己的",7,520,520,"e","true",NA,NA,NA,NA,"phase_015_subj_38"
5574,591,17,"<p style=""color:white; font-size: 35px;"">不孝</p>","negative","moral","不孝",7,507,507,"i","true",NA,NA,NA,NA,"phase_015_subj_38"
5575,591,17,"<p style=""color:rgb(150, 250, 100); font-size: 35px;"">我的</p>","self","moral","我的",7,615,615,"e","true",NA,NA,NA,NA,"phase_015_subj_38"
5576,591,17,"<p style=""color:white; font-size: 35px;"">诚信</p>","positive","moral","诚信",7,417,417,"e","true",NA,NA,NA,NA,"phase_015_subj_38"
5577,591,17,"<p style=""color:rgb(150, 250, 100); font-size: 35px;"">他人的</p>","other","moral","他人的",7,511,511,"i","true",NA,NA,NA,NA,"phase_015_subj_38"
5578,591,17,"<p style=""color:white; font-size: 35px;"">卑鄙</p>","negative","moral","卑鄙",7,461,461,"i","true",NA,NA,NA,NA,"phase_015_subj_38"
5579,591,17,"<p style=""color:rgb(150, 250, 100); font-size: 35px;"">我</p>","self","moral","我",7,417,1090.57777777778,"i","false",NA,NA,NA,NA,"phase_015_subj_38"
5580,591,17,"<p style=""color:white; font-size: 35px;"">廉正</p>","positive","moral","廉正",7,447,447,"e","true",NA,NA,NA,NA,"phase_015_subj_38"
5581,591,17,"<p style=""color:rgb(150, 250, 100); font-size: 35px;"">他的</p>","other","moral","他的",7,557,557,"i","true",NA,NA,NA,NA,"phase_015_subj_38"
5582,591,17,"<p style=""color:white; font-size: 35px;"">不孝</p>","negative","moral","不孝",7,405,405,"i","true",NA,NA,NA,NA,"phase_015_subj_38"
5583,591,17,"<p style=""color:rgb(150, 250, 100); font-size: 35px;"">我的</p>","self","moral","我的",7,526,526,"e","true",NA,NA,NA,NA,"phase_015_subj_38"
5584,591,17,"<p style=""color:white; font-size: 35px;"">善良</p>","positive","moral","善良",7,441,441,"e","true",NA,NA,NA,NA,"phase_015_subj_38"
5585,591,17,"<p style=""color:rgb(150, 250, 100); font-size: 35px;"">他</p>","other","moral","他",7,638,638,"i","true",NA,NA,NA,NA,"phase_015_subj_38"
5586,591,17,"<p style=""color:white; font-size: 35px;"">黑心</p>","negative","moral","黑心",7,411,411,"i","true",NA,NA,NA,NA,"phase_015_subj_38"
5587,591,17,"<p style=""color:rgb(150, 250, 100); font-size: 35px;"">别人</p>","other","moral","别人",7,470,470,"i","true",NA,NA,NA,NA,"phase_015_subj_38"
5588,591,17,"<p style=""color:white; font-size: 35px;"">高尚</p>","positive","moral","高尚",7,481,481,"e","true",NA,NA,NA,NA,"phase_015_subj_38"
5589,591,17,"<p style=""color:rgb(150, 250, 100); font-size: 35px;"">本人</p>","self","moral","本人",7,388,388,"e","true",NA,NA,NA,NA,"phase_015_subj_38"
5590,591,17,"<p style=""color:white; font-size: 35px;"">君子</p>","positive","moral","君子",7,456,456,"e","true",NA,NA,NA,NA,"phase_015_subj_38"
5591,591,17,"<p style=""color:rgb(150, 250, 100); font-size: 35px;"">自己</p>","self","moral","自己",7,461,461,"e","true",NA,NA,NA,NA,"phase_015_subj_38"
5592,591,17,"<p style=""color:white; font-size: 35px;"">小人</p>","negative","moral","小人",7,521,521,"i","true",NA,NA,NA,NA,"phase_015_subj_38"
5593,591,17,"<p style=""color:rgb(150, 250, 100); font-size: 35px;"">他人</p>","other","moral","他人",7,417,417,"i","true",NA,NA,NA,NA,"phase_015_subj_38"
5594,591,17,"<p style=""color:white; font-size: 35px;"">君子</p>","positive","moral","君子",7,547,547,"e","true",NA,NA,NA,NA,"phase_015_subj_38"
5595,591,17,"<p style=""color:rgb(150, 250, 100); font-size: 35px;"">本人的</p>","self","moral","本人的",7,415,415,"e","true",NA,NA,NA,NA,"phase_015_subj_38"
5596,591,17,"<p style=""color:white; font-size: 35px;"">不仁</p>","negative","moral","不仁",7,477,477,"i","true",NA,NA,NA,NA,"phase_015_subj_38"
5597,591,17,"<p style=""color:rgb(150, 250, 100); font-size: 35px;"">别人的</p>","other","moral","别人的",7,481,481,"i","true",NA,NA,NA,NA,"phase_015_subj_38"
5598,591,NA,"
    <h3>词语分类任务</h3>
    <p>在接下来的任务中，你需要对一系列词语进行分类。</p>
    <p>请先熟悉这些词语，这有利于你完成接下来的任务。</p>
    <table align=""center"" border=1 cellpadding=3 cellspacing=0>
    <tr> <th>类别</th> <th>词语</th> </tr>
    <tr> <td>&emsp;积极&emsp;</td> <td>&emsp;能干、全能、全才、高效、精干、天才&emsp;</td> </tr>
    <tr> <td>&emsp;消极&emsp;</td> <td>&emsp;无能、低能、废物、拙笨、愚钝、蠢笨&emsp;</td> </tr>
    <tr> <td>&emsp;自我&emsp;</td> <td>&emsp;我、我的、自己、自己的、本人、本人的&emsp;</td> </tr>
    <tr> <td>&emsp;他人&emsp;</td> <td>&emsp;他、他的、别人、别人的、他人、他人的&emsp;</td> </tr>
    </table><br/>","","","",NA,33502,NA,"0","",2,2,NA,NA,"phase_015_subj_38"
5599,591,1,"<p style=""color:rgb(150, 250, 100); font-size: 35px;"">他</p>","other","ability","他",1,426,426,"e","true",NA,NA,NA,NA,"phase_015_subj_38"
5600,591,1,"<p style=""color:rgb(150, 250, 100); font-size: 35px;"">自己的</p>","self","ability","自己的",1,501,501,"i","true",NA,NA,NA,NA,"phase_015_subj_38"
5601,591,1,"<p style=""color:rgb(150, 250, 100); font-size: 35px;"">我的</p>","self","ability","我的",1,453,453,"i","true",NA,NA,NA,NA,"phase_015_subj_38"
5602,591,1,"<p style=""color:rgb(150, 250, 100); font-size: 35px;"">别人的</p>","other","ability","别人的",1,416,416,"e","true",NA,NA,NA,NA,"phase_015_subj_38"
5603,591,1,"<p style=""color:rgb(150, 250, 100); font-size: 35px;"">自己</p>","self","ability","自己",1,555,555,"i","true",NA,NA,NA,NA,"phase_015_subj_38"
5604,591,1,"<p style=""color:rgb(150, 250, 100); font-size: 35px;"">本人</p>","self","ability","本人",1,497,497,"i","true",NA,NA,NA,NA,"phase_015_subj_38"
5605,591,1,"<p style=""color:rgb(150, 250, 100); font-size: 35px;"">别人</p>","other","ability","别人",1,501,501,"e","true",NA,NA,NA,NA,"phase_015_subj_38"
5606,591,1,"<p style=""color:rgb(150, 250, 100); font-size: 35px;"">我</p>","self","ability","我",1,571,571,"i","true",NA,NA,NA,NA,"phase_015_subj_38"
5607,591,1,"<p style=""color:rgb(150, 250, 100); font-size: 35px;"">他的</p>","other","ability","他的",1,496,496,"e","true",NA,NA,NA,NA,"phase_015_subj_38"
5608,591,1,"<p style=""color:rgb(150, 250, 100); font-size: 35px;"">本人的</p>","self","ability","本人的",1,573,573,"i","true",NA,NA,NA,NA,"phase_015_subj_38"
5609,591,1,"<p style=""color:rgb(150, 250, 100); font-size: 35px;"">他人</p>","other","ability","他人",1,476,476,"e","true",NA,NA,NA,NA,"phase_015_subj_38"
5610,591,1,"<p style=""color:rgb(150, 250, 100); font-size: 35px;"">他人的</p>","other","ability","他人的",1,426,426,"e","true",NA,NA,NA,NA,"phase_015_subj_38"
5611,591,2,"<p style=""color:white; font-size: 35px;"">全才</p>","positive","ability","全才",2,915,915,"i","true",NA,NA,NA,NA,"phase_015_subj_38"
5612,591,2,"<p style=""color:white; font-size: 35px;"">能干</p>","positive","ability","能干",2,447,447,"i","true",NA,NA,NA,NA,"phase_015_subj_38"
5613,591,2,"<p style=""color:white; font-size: 35px;"">低能</p>","negative","ability","低能",2,442,442,"e","true",NA,NA,NA,NA,"phase_015_subj_38"
5614,591,2,"<p style=""color:white; font-size: 35px;"">精干</p>","positive","ability","精干",2,385,385,"e","false",NA,NA,NA,NA,"phase_015_subj_38"
5615,591,2,"<p style=""color:white; font-size: 35px;"">高效</p>","positive","ability","高效",2,811,811,"i","true",NA,NA,NA,NA,"phase_015_subj_38"
5616,591,2,"<p style=""color:white; font-size: 35px;"">废物</p>","negative","ability","废物",2,482,482,"e","true",NA,NA,NA,NA,"phase_015_subj_38"
5617,591,2,"<p style=""color:white; font-size: 35px;"">拙笨</p>","negative","ability","拙笨",2,422,422,"e","true",NA,NA,NA,NA,"phase_015_subj_38"
5618,591,2,"<p style=""color:white; font-size: 35px;"">全能</p>","positive","ability","全能",2,536,536,"i","true",NA,NA,NA,NA,"phase_015_subj_38"
5619,591,2,"<p style=""color:white; font-size: 35px;"">天才</p>","positive","ability","天才",2,421,421,"i","true",NA,NA,NA,NA,"phase_015_subj_38"
5620,591,2,"<p style=""color:white; font-size: 35px;"">愚钝</p>","negative","ability","愚钝",2,501,501,"e","true",NA,NA,NA,NA,"phase_015_subj_38"
5621,591,2,"<p style=""color:white; font-size: 35px;"">蠢笨</p>","negative","ability","蠢笨",2,376,376,"e","true",NA,NA,NA,NA,"phase_015_subj_38"
5622,591,2,"<p style=""color:white; font-size: 35px;"">无能</p>","negative","ability","无能",2,417,417,"e","true",NA,NA,NA,NA,"phase_015_subj_38"
5623,591,3,"<p style=""color:rgb(150, 250, 100); font-size: 35px;"">我</p>","self","ability","我",3,441,441,"i","true",NA,NA,NA,NA,"phase_015_subj_38"
5624,591,3,"<p style=""color:white; font-size: 35px;"">低能</p>","negative","ability","低能",3,466,466,"e","true",NA,NA,NA,NA,"phase_015_subj_38"
5625,591,3,"<p style=""color:rgb(150, 250, 100); font-size: 35px;"">别人</p>","other","ability","别人",3,481,481,"e","true",NA,NA,NA,NA,"phase_015_subj_38"
5626,591,3,"<p style=""color:white; font-size: 35px;"">能干</p>","positive","ability","能干",3,596,596,"i","true",NA,NA,NA,NA,"phase_015_subj_38"
5627,591,3,"<p style=""color:rgb(150, 250, 100); font-size: 35px;"">我的</p>","self","ability","我的",3,430,430,"i","true",NA,NA,NA,NA,"phase_015_subj_38"
5628,591,3,"<p style=""color:white; font-size: 35px;"">蠢笨</p>","negative","ability","蠢笨",3,432,432,"e","true",NA,NA,NA,NA,"phase_015_subj_38"
5629,591,3,"<p style=""color:rgb(150, 250, 100); font-size: 35px;"">他人</p>","other","ability","他人",3,470,470,"e","true",NA,NA,NA,NA,"phase_015_subj_38"
5630,591,3,"<p style=""color:white; font-size: 35px;"">全能</p>","positive","ability","全能",3,462,462,"i","true",NA,NA,NA,NA,"phase_015_subj_38"
5631,591,3,"<p style=""color:rgb(150, 250, 100); font-size: 35px;"">本人的</p>","self","ability","本人的",3,422,422,"i","true",NA,NA,NA,NA,"phase_015_subj_38"
5632,591,3,"<p style=""color:white; font-size: 35px;"">拙笨</p>","negative","ability","拙笨",3,501,501,"e","true",NA,NA,NA,NA,"phase_015_subj_38"
5633,591,3,"<p style=""color:rgb(150, 250, 100); font-size: 35px;"">他</p>","other","ability","他",3,585,585,"e","true",NA,NA,NA,NA,"phase_015_subj_38"
5634,591,3,"<p style=""color:white; font-size: 35px;"">天才</p>","positive","ability","天才",3,510,510,"i","true",NA,NA,NA,NA,"phase_015_subj_38"
5635,591,3,"<p style=""color:rgb(150, 250, 100); font-size: 35px;"">自己</p>","self","ability","自己",3,387,387,"i","true",NA,NA,NA,NA,"phase_015_subj_38"
5636,591,3,"<p style=""color:white; font-size: 35px;"">废物</p>","negative","ability","废物",3,452,452,"e","true",NA,NA,NA,NA,"phase_015_subj_38"
5637,591,3,"<p style=""color:rgb(150, 250, 100); font-size: 35px;"">别人的</p>","other","ability","别人的",3,456,456,"e","true",NA,NA,NA,NA,"phase_015_subj_38"
5638,591,3,"<p style=""color:white; font-size: 35px;"">全才</p>","positive","ability","全才",3,566,566,"i","true",NA,NA,NA,NA,"phase_015_subj_38"
5639,591,3,"<p style=""color:rgb(150, 250, 100); font-size: 35px;"">他人的</p>","other","ability","他人的",3,477,477,"e","true",NA,NA,NA,NA,"phase_015_subj_38"
5640,591,3,"<p style=""color:white; font-size: 35px;"">精干</p>","positive","ability","精干",3,537,537,"i","true",NA,NA,NA,NA,"phase_015_subj_38"
5641,591,3,"<p style=""color:rgb(150, 250, 100); font-size: 35px;"">本人</p>","self","ability","本人",3,452,452,"i","true",NA,NA,NA,NA,"phase_015_subj_38"
5642,591,3,"<p style=""color:white; font-size: 35px;"">愚钝</p>","negative","ability","愚钝",3,476,476,"e","true",NA,NA,NA,NA,"phase_015_subj_38"
5643,591,3,"<p style=""color:rgb(150, 250, 100); font-size: 35px;"">他的</p>","other","ability","他的",3,491,491,"e","true",NA,NA,NA,NA,"phase_015_subj_38"
5644,591,3,"<p style=""color:white; font-size: 35px;"">高效</p>","positive","ability","高效",3,461,461,"i","true",NA,NA,NA,NA,"phase_015_subj_38"
5645,591,3,"<p style=""color:rgb(150, 250, 100); font-size: 35px;"">自己的</p>","self","ability","自己的",3,426,426,"i","true",NA,NA,NA,NA,"phase_015_subj_38"
5646,591,3,"<p style=""color:white; font-size: 35px;"">无能</p>","negative","ability","无能",3,536,536,"e","true",NA,NA,NA,NA,"phase_015_subj_38"
5647,591,4,"<p style=""color:rgb(150, 250, 100); font-size: 35px;"">别人的</p>","other","ability","别人的",4,510,510,"e","true",NA,NA,NA,NA,"phase_015_subj_38"
5648,591,4,"<p style=""color:white; font-size: 35px;"">高效</p>","positive","ability","高效",4,520,520,"i","true",NA,NA,NA,NA,"phase_015_subj_38"
5649,591,4,"<p style=""color:rgb(150, 250, 100); font-size: 35px;"">本人</p>","self","ability","本人",4,381,381,"i","true",NA,NA,NA,NA,"phase_015_subj_38"
5650,591,4,"<p style=""color:white; font-size: 35px;"">无能</p>","negative","ability","无能",4,436,436,"e","true",NA,NA,NA,NA,"phase_015_subj_38"
5651,591,4,"<p style=""color:rgb(150, 250, 100); font-size: 35px;"">他人</p>","other","ability","他人",4,436,436,"e","true",NA,NA,NA,NA,"phase_015_subj_38"
5652,591,4,"<p style=""color:white; font-size: 35px;"">低能</p>","negative","ability","低能",4,427,427,"e","true",NA,NA,NA,NA,"phase_015_subj_38"
5653,591,4,"<p style=""color:rgb(150, 250, 100); font-size: 35px;"">自己的</p>","self","ability","自己的",4,476,476,"i","true",NA,NA,NA,NA,"phase_015_subj_38"
5654,591,4,"<p style=""color:white; font-size: 35px;"">能干</p>","positive","ability","能干",4,402,402,"i","true",NA,NA,NA,NA,"phase_015_subj_38"
5655,591,4,"<p style=""color:rgb(150, 250, 100); font-size: 35px;"">他的</p>","other","ability","他的",4,487,487,"e","true",NA,NA,NA,NA,"phase_015_subj_38"
5656,591,4,"<p style=""color:white; font-size: 35px;"">拙笨</p>","negative","ability","拙笨",4,456,456,"e","true",NA,NA,NA,NA,"phase_015_subj_38"
5657,591,4,"<p style=""color:rgb(150, 250, 100); font-size: 35px;"">我</p>","self","ability","我",4,481,481,"i","true",NA,NA,NA,NA,"phase_015_subj_38"
5658,591,4,"<p style=""color:white; font-size: 35px;"">天才</p>","positive","ability","天才",4,452,452,"i","true",NA,NA,NA,NA,"phase_015_subj_38"
5659,591,4,"<p style=""color:rgb(150, 250, 100); font-size: 35px;"">本人的</p>","self","ability","本人的",4,552,552,"i","true",NA,NA,NA,NA,"phase_015_subj_38"
5660,591,4,"<p style=""color:white; font-size: 35px;"">全才</p>","positive","ability","全才",4,372,372,"i","true",NA,NA,NA,NA,"phase_015_subj_38"
5661,591,4,"<p style=""color:rgb(150, 250, 100); font-size: 35px;"">他的</p>","other","ability","他的",4,765,765,"e","true",NA,NA,NA,NA,"phase_015_subj_38"
5662,591,4,"<p style=""color:white; font-size: 35px;"">蠢笨</p>","negative","ability","蠢笨",4,396,396,"e","true",NA,NA,NA,NA,"phase_015_subj_38"
5663,591,4,"<p style=""color:rgb(150, 250, 100); font-size: 35px;"">我</p>","self","ability","我",4,517,517,"i","true",NA,NA,NA,NA,"phase_015_subj_38"
5664,591,4,"<p style=""color:white; font-size: 35px;"">无能</p>","negative","ability","无能",4,551,551,"e","true",NA,NA,NA,NA,"phase_015_subj_38"
5665,591,4,"<p style=""color:rgb(150, 250, 100); font-size: 35px;"">他</p>","other","ability","他",4,601,601,"e","true",NA,NA,NA,NA,"phase_015_subj_38"
5666,591,4,"<p style=""color:white; font-size: 35px;"">精干</p>","positive","ability","精干",4,470,1105.4347826087,"e","false",NA,NA,NA,NA,"phase_015_subj_38"
5667,591,4,"<p style=""color:rgb(150, 250, 100); font-size: 35px;"">别人</p>","other","ability","别人",4,536,536,"e","true",NA,NA,NA,NA,"phase_015_subj_38"
5668,591,4,"<p style=""color:white; font-size: 35px;"">拙笨</p>","negative","ability","拙笨",4,461,461,"e","true",NA,NA,NA,NA,"phase_015_subj_38"
5669,591,4,"<p style=""color:rgb(150, 250, 100); font-size: 35px;"">自己</p>","self","ability","自己",4,493,493,"i","true",NA,NA,NA,NA,"phase_015_subj_38"
5670,591,4,"<p style=""color:white; font-size: 35px;"">能干</p>","positive","ability","能干",4,405,405,"i","true",NA,NA,NA,NA,"phase_015_subj_38"
5671,591,4,"<p style=""color:rgb(150, 250, 100); font-size: 35px;"">他人</p>","other","ability","他人",4,645,645,"e","true",NA,NA,NA,NA,"phase_015_subj_38"
5672,591,4,"<p style=""color:white; font-size: 35px;"">精干</p>","positive","ability","精干",4,746,746,"i","true",NA,NA,NA,NA,"phase_015_subj_38"
5673,591,4,"<p style=""color:rgb(150, 250, 100); font-size: 35px;"">我的</p>","self","ability","我的",4,671,671,"i","true",NA,NA,NA,NA,"phase_015_subj_38"
5674,591,4,"<p style=""color:white; font-size: 35px;"">愚钝</p>","negative","ability","愚钝",4,614,614,"e","true",NA,NA,NA,NA,"phase_015_subj_38"
5675,591,4,"<p style=""color:rgb(150, 250, 100); font-size: 35px;"">他人的</p>","other","ability","他人的",4,461,461,"e","true",NA,NA,NA,NA,"phase_015_subj_38"
5676,591,4,"<p style=""color:white; font-size: 35px;"">全才</p>","positive","ability","全才",4,601,601,"i","true",NA,NA,NA,NA,"phase_015_subj_38"
5677,591,4,"<p style=""color:rgb(150, 250, 100); font-size: 35px;"">自己的</p>","self","ability","自己的",4,595,595,"i","true",NA,NA,NA,NA,"phase_015_subj_38"
5678,591,4,"<p style=""color:white; font-size: 35px;"">废物</p>","negative","ability","废物",4,711,711,"e","true",NA,NA,NA,NA,"phase_015_subj_38"
5679,591,4,"<p style=""color:rgb(150, 250, 100); font-size: 35px;"">别人的</p>","other","ability","别人的",4,440,440,"e","true",NA,NA,NA,NA,"phase_015_subj_38"
5680,591,4,"<p style=""color:white; font-size: 35px;"">愚钝</p>","negative","ability","愚钝",4,551,551,"e","true",NA,NA,NA,NA,"phase_015_subj_38"
5681,591,4,"<p style=""color:rgb(150, 250, 100); font-size: 35px;"">我的</p>","self","ability","我的",4,456,456,"i","true",NA,NA,NA,NA,"phase_015_subj_38"
5682,591,4,"<p style=""color:white; font-size: 35px;"">全能</p>","positive","ability","全能",4,451,451,"i","true",NA,NA,NA,NA,"phase_015_subj_38"
5683,591,4,"<p style=""color:rgb(150, 250, 100); font-size: 35px;"">本人的</p>","self","ability","本人的",4,460,460,"i","true",NA,NA,NA,NA,"phase_015_subj_38"
5684,591,4,"<p style=""color:white; font-size: 35px;"">全能</p>","positive","ability","全能",4,466,466,"i","true",NA,NA,NA,NA,"phase_015_subj_38"
5685,591,4,"<p style=""color:rgb(150, 250, 100); font-size: 35px;"">他人的</p>","other","ability","他人的",4,537,537,"e","true",NA,NA,NA,NA,"phase_015_subj_38"
5686,591,4,"<p style=""color:white; font-size: 35px;"">废物</p>","negative","ability","废物",4,456,456,"e","true",NA,NA,NA,NA,"phase_015_subj_38"
5687,591,4,"<p style=""color:rgb(150, 250, 100); font-size: 35px;"">别人</p>","other","ability","别人",4,557,557,"e","true",NA,NA,NA,NA,"phase_015_subj_38"
5688,591,4,"<p style=""color:white; font-size: 35px;"">高效</p>","positive","ability","高效",4,472,472,"i","true",NA,NA,NA,NA,"phase_015_subj_38"
5689,591,4,"<p style=""color:rgb(150, 250, 100); font-size: 35px;"">自己</p>","self","ability","自己",4,546,546,"i","true",NA,NA,NA,NA,"phase_015_subj_38"
5690,591,4,"<p style=""color:white; font-size: 35px;"">低能</p>","negative","ability","低能",4,461,461,"e","true",NA,NA,NA,NA,"phase_015_subj_38"
5691,591,4,"<p style=""color:rgb(150, 250, 100); font-size: 35px;"">他</p>","other","ability","他",4,457,457,"e","true",NA,NA,NA,NA,"phase_015_subj_38"
5692,591,4,"<p style=""color:white; font-size: 35px;"">蠢笨</p>","negative","ability","蠢笨",4,520,1105.4347826087,"i","false",NA,NA,NA,NA,"phase_015_subj_38"
5693,591,4,"<p style=""color:rgb(150, 250, 100); font-size: 35px;"">本人</p>","self","ability","本人",4,397,397,"i","true",NA,NA,NA,NA,"phase_015_subj_38"
5694,591,4,"<p style=""color:white; font-size: 35px;"">天才</p>","positive","ability","天才",4,386,386,"i","true",NA,NA,NA,NA,"phase_015_subj_38"
5695,591,5,"<p style=""color:rgb(150, 250, 100); font-size: 35px;"">自己的</p>","self","ability","自己的",5,367,367,"e","true",NA,NA,NA,NA,"phase_015_subj_38"
5696,591,5,"<p style=""color:rgb(150, 250, 100); font-size: 35px;"">自己</p>","self","ability","自己",5,392,392,"e","true",NA,NA,NA,NA,"phase_015_subj_38"
5697,591,5,"<p style=""color:rgb(150, 250, 100); font-size: 35px;"">本人的</p>","self","ability","本人的",5,521,521,"e","true",NA,NA,NA,NA,"phase_015_subj_38"
5698,591,5,"<p style=""color:rgb(150, 250, 100); font-size: 35px;"">本人</p>","self","ability","本人",5,461,461,"e","true",NA,NA,NA,NA,"phase_015_subj_38"
5699,591,5,"<p style=""color:rgb(150, 250, 100); font-size: 35px;"">他人的</p>","other","ability","他人的",5,476,476,"i","true",NA,NA,NA,NA,"phase_015_subj_38"
5700,591,5,"<p style=""color:rgb(150, 250, 100); font-size: 35px;"">我的</p>","self","ability","我的",5,486,486,"e","true",NA,NA,NA,NA,"phase_015_subj_38"
5701,591,5,"<p style=""color:rgb(150, 250, 100); font-size: 35px;"">别人的</p>","other","ability","别人的",5,889,889,"i","true",NA,NA,NA,NA,"phase_015_subj_38"
5702,591,5,"<p style=""color:rgb(150, 250, 100); font-size: 35px;"">他的</p>","other","ability","他的",5,516,516,"i","true",NA,NA,NA,NA,"phase_015_subj_38"
5703,591,5,"<p style=""color:rgb(150, 250, 100); font-size: 35px;"">他</p>","other","ability","他",5,556,556,"i","true",NA,NA,NA,NA,"phase_015_subj_38"
5704,591,5,"<p style=""color:rgb(150, 250, 100); font-size: 35px;"">本人的</p>","self","ability","本人的",5,497,497,"e","true",NA,NA,NA,NA,"phase_015_subj_38"
5705,591,5,"<p style=""color:rgb(150, 250, 100); font-size: 35px;"">他人</p>","other","ability","他人",5,681,681,"i","true",NA,NA,NA,NA,"phase_015_subj_38"
5706,591,5,"<p style=""color:rgb(150, 250, 100); font-size: 35px;"">他</p>","other","ability","他",5,505,505,"i","true",NA,NA,NA,NA,"phase_015_subj_38"
5707,591,5,"<p style=""color:rgb(150, 250, 100); font-size: 35px;"">他人的</p>","other","ability","他人的",5,506,506,"i","true",NA,NA,NA,NA,"phase_015_subj_38"
5708,591,5,"<p style=""color:rgb(150, 250, 100); font-size: 35px;"">自己</p>","self","ability","自己",5,497,497,"e","true",NA,NA,NA,NA,"phase_015_subj_38"
5709,591,5,"<p style=""color:rgb(150, 250, 100); font-size: 35px;"">他人</p>","other","ability","他人",5,595,595,"i","true",NA,NA,NA,NA,"phase_015_subj_38"
5710,591,5,"<p style=""color:rgb(150, 250, 100); font-size: 35px;"">别人</p>","other","ability","别人",5,576,576,"i","true",NA,NA,NA,NA,"phase_015_subj_38"
5711,591,5,"<p style=""color:rgb(150, 250, 100); font-size: 35px;"">别人的</p>","other","ability","别人的",5,473,473,"i","true",NA,NA,NA,NA,"phase_015_subj_38"
5712,591,5,"<p style=""color:rgb(150, 250, 100); font-size: 35px;"">自己的</p>","self","ability","自己的",5,522,522,"e","true",NA,NA,NA,NA,"phase_015_subj_38"
5713,591,5,"<p style=""color:rgb(150, 250, 100); font-size: 35px;"">我</p>","self","ability","我",5,480,480,"e","true",NA,NA,NA,NA,"phase_015_subj_38"
5714,591,5,"<p style=""color:rgb(150, 250, 100); font-size: 35px;"">我的</p>","self","ability","我的",5,805,805,"e","true",NA,NA,NA,NA,"phase_015_subj_38"
5715,591,5,"<p style=""color:rgb(150, 250, 100); font-size: 35px;"">他的</p>","other","ability","他的",5,691,691,"i","true",NA,NA,NA,NA,"phase_015_subj_38"
5716,591,5,"<p style=""color:rgb(150, 250, 100); font-size: 35px;"">本人</p>","self","ability","本人",5,488,488,"e","true",NA,NA,NA,NA,"phase_015_subj_38"
5717,591,5,"<p style=""color:rgb(150, 250, 100); font-size: 35px;"">别人</p>","other","ability","别人",5,594,594,"i","true",NA,NA,NA,NA,"phase_015_subj_38"
5718,591,5,"<p style=""color:rgb(150, 250, 100); font-size: 35px;"">我</p>","self","ability","我",5,520,520,"e","true",NA,NA,NA,NA,"phase_015_subj_38"
5719,591,6,"<p style=""color:white; font-size: 35px;"">拙笨</p>","negative","ability","拙笨",6,895,895,"e","true",NA,NA,NA,NA,"phase_015_subj_38"
5720,591,6,"<p style=""color:rgb(150, 250, 100); font-size: 35px;"">他的</p>","other","ability","他的",6,879,879,"i","true",NA,NA,NA,NA,"phase_015_subj_38"
5721,591,6,"<p style=""color:white; font-size: 35px;"">天才</p>","positive","ability","天才",6,646,646,"i","true",NA,NA,NA,NA,"phase_015_subj_38"
5722,591,6,"<p style=""color:rgb(150, 250, 100); font-size: 35px;"">自己</p>","self","ability","自己",6,548,548,"e","true",NA,NA,NA,NA,"phase_015_subj_38"
5723,591,6,"<p style=""color:white; font-size: 35px;"">废物</p>","negative","ability","废物",6,507,507,"e","true",NA,NA,NA,NA,"phase_015_subj_38"
5724,591,6,"<p style=""color:rgb(150, 250, 100); font-size: 35px;"">他人</p>","other","ability","他人",6,813,813,"i","true",NA,NA,NA,NA,"phase_015_subj_38"
5725,591,6,"<p style=""color:white; font-size: 35px;"">高效</p>","positive","ability","高效",6,515,515,"i","true",NA,NA,NA,NA,"phase_015_subj_38"
5726,591,6,"<p style=""color:rgb(150, 250, 100); font-size: 35px;"">我的</p>","self","ability","我的",6,605,605,"e","true",NA,NA,NA,NA,"phase_015_subj_38"
5727,591,6,"<p style=""color:white; font-size: 35px;"">全能</p>","positive","ability","全能",6,794,794,"i","true",NA,NA,NA,NA,"phase_015_subj_38"
5728,591,6,"<p style=""color:rgb(150, 250, 100); font-size: 35px;"">我</p>","self","ability","我",6,621,621,"e","true",NA,NA,NA,NA,"phase_015_subj_38"
5729,591,6,"<p style=""color:white; font-size: 35px;"">蠢笨</p>","negative","ability","蠢笨",6,642,642,"e","true",NA,NA,NA,NA,"phase_015_subj_38"
5730,591,6,"<p style=""color:rgb(150, 250, 100); font-size: 35px;"">别人的</p>","other","ability","别人的",6,862,862,"i","true",NA,NA,NA,NA,"phase_015_subj_38"
5731,591,6,"<p style=""color:white; font-size: 35px;"">全才</p>","positive","ability","全才",6,490,490,"i","true",NA,NA,NA,NA,"phase_015_subj_38"
5732,591,6,"<p style=""color:rgb(150, 250, 100); font-size: 35px;"">他</p>","other","ability","他",6,491,491,"i","true",NA,NA,NA,NA,"phase_015_subj_38"
5733,591,6,"<p style=""color:white; font-size: 35px;"">无能</p>","negative","ability","无能",6,620,620,"e","true",NA,NA,NA,NA,"phase_015_subj_38"
5734,591,6,"<p style=""color:rgb(150, 250, 100); font-size: 35px;"">本人的</p>","self","ability","本人的",6,1075,1259.04347826087,"i","false",NA,NA,NA,NA,"phase_015_subj_38"
5735,591,6,"<p style=""color:white; font-size: 35px;"">精干</p>","positive","ability","精干",6,1330,1330,"i","true",NA,NA,NA,NA,"phase_015_subj_38"
5736,591,6,"<p style=""color:rgb(150, 250, 100); font-size: 35px;"">自己的</p>","self","ability","自己的",6,542,542,"e","true",NA,NA,NA,NA,"phase_015_subj_38"
5737,591,6,"<p style=""color:white; font-size: 35px;"">愚钝</p>","negative","ability","愚钝",6,471,471,"e","true",NA,NA,NA,NA,"phase_015_subj_38"
5738,591,6,"<p style=""color:rgb(150, 250, 100); font-size: 35px;"">他人的</p>","other","ability","他人的",6,621,621,"i","true",NA,NA,NA,NA,"phase_015_subj_38"
5739,591,6,"<p style=""color:white; font-size: 35px;"">能干</p>","positive","ability","能干",6,518,518,"i","true",NA,NA,NA,NA,"phase_015_subj_38"
5740,591,6,"<p style=""color:rgb(150, 250, 100); font-size: 35px;"">别人</p>","other","ability","别人",6,520,520,"i","true",NA,NA,NA,NA,"phase_015_subj_38"
5741,591,6,"<p style=""color:white; font-size: 35px;"">低能</p>","negative","ability","低能",6,611,611,"e","true",NA,NA,NA,NA,"phase_015_subj_38"
5742,591,6,"<p style=""color:rgb(150, 250, 100); font-size: 35px;"">本人</p>","self","ability","本人",6,617,617,"e","true",NA,NA,NA,NA,"phase_015_subj_38"
5743,591,7,"<p style=""color:white; font-size: 35px;"">蠢笨</p>","negative","ability","蠢笨",7,773,773,"e","true",NA,NA,NA,NA,"phase_015_subj_38"
5744,591,7,"<p style=""color:rgb(150, 250, 100); font-size: 35px;"">他人</p>","other","ability","他人",7,953,953,"i","true",NA,NA,NA,NA,"phase_015_subj_38"
5745,591,7,"<p style=""color:white; font-size: 35px;"">精干</p>","positive","ability","精干",7,675,675,"i","true",NA,NA,NA,NA,"phase_015_subj_38"
5746,591,7,"<p style=""color:rgb(150, 250, 100); font-size: 35px;"">本人的</p>","self","ability","本人的",7,1160,1160,"e","true",NA,NA,NA,NA,"phase_015_subj_38"
5747,591,7,"<p style=""color:white; font-size: 35px;"">高效</p>","positive","ability","高效",7,750,750,"i","true",NA,NA,NA,NA,"phase_015_subj_38"
5748,591,7,"<p style=""color:rgb(150, 250, 100); font-size: 35px;"">我</p>","self","ability","我",7,706,706,"e","true",NA,NA,NA,NA,"phase_015_subj_38"
5749,591,7,"<p style=""color:white; font-size: 35px;"">低能</p>","negative","ability","低能",7,686,686,"e","true",NA,NA,NA,NA,"phase_015_subj_38"
5750,591,7,"<p style=""color:rgb(150, 250, 100); font-size: 35px;"">他人</p>","other","ability","他人",7,790,790,"i","true",NA,NA,NA,NA,"phase_015_subj_38"
5751,591,7,"<p style=""color:white; font-size: 35px;"">无能</p>","negative","ability","无能",7,781,1429.02222222222,"i","false",NA,NA,NA,NA,"phase_015_subj_38"
5752,591,7,"<p style=""color:rgb(150, 250, 100); font-size: 35px;"">自己</p>","self","ability","自己",7,800,800,"e","true",NA,NA,NA,NA,"phase_015_subj_38"
5753,591,7,"<p style=""color:white; font-size: 35px;"">全能</p>","positive","ability","全能",7,620,620,"i","true",NA,NA,NA,NA,"phase_015_subj_38"
5754,591,7,"<p style=""color:rgb(150, 250, 100); font-size: 35px;"">别人</p>","other","ability","别人",7,656,656,"i","true",NA,NA,NA,NA,"phase_015_subj_38"
5755,591,7,"<p style=""color:white; font-size: 35px;"">废物</p>","negative","ability","废物",7,1319,1319,"e","true",NA,NA,NA,NA,"phase_015_subj_38"
5756,591,7,"<p style=""color:rgb(150, 250, 100); font-size: 35px;"">他的</p>","other","ability","他的",7,659,659,"i","true",NA,NA,NA,NA,"phase_015_subj_38"
5757,591,7,"<p style=""color:white; font-size: 35px;"">全能</p>","positive","ability","全能",7,826,826,"i","true",NA,NA,NA,NA,"phase_015_subj_38"
5758,591,7,"<p style=""color:rgb(150, 250, 100); font-size: 35px;"">本人</p>","self","ability","本人",7,1051,1051,"e","true",NA,NA,NA,NA,"phase_015_subj_38"
5759,591,7,"<p style=""color:white; font-size: 35px;"">低能</p>","negative","ability","低能",7,1256,1256,"e","true",NA,NA,NA,NA,"phase_015_subj_38"
5760,591,7,"<p style=""color:rgb(150, 250, 100); font-size: 35px;"">我的</p>","self","ability","我的",7,1072,1072,"e","true",NA,NA,NA,NA,"phase_015_subj_38"
5761,591,7,"<p style=""color:white; font-size: 35px;"">精干</p>","positive","ability","精干",7,865,865,"i","true",NA,NA,NA,NA,"phase_015_subj_38"
5762,591,7,"<p style=""color:rgb(150, 250, 100); font-size: 35px;"">别人的</p>","other","ability","别人的",7,646,646,"i","true",NA,NA,NA,NA,"phase_015_subj_38"
5763,591,7,"<p style=""color:white; font-size: 35px;"">全才</p>","positive","ability","全才",7,826,826,"i","true",NA,NA,NA,NA,"phase_015_subj_38"
5764,591,7,"<p style=""color:rgb(150, 250, 100); font-size: 35px;"">我</p>","self","ability","我",7,848,848,"e","true",NA,NA,NA,NA,"phase_015_subj_38"
5765,591,7,"<p style=""color:white; font-size: 35px;"">拙笨</p>","negative","ability","拙笨",7,879,879,"e","true",NA,NA,NA,NA,"phase_015_subj_38"
5766,591,7,"<p style=""color:rgb(150, 250, 100); font-size: 35px;"">别人的</p>","other","ability","别人的",7,786,786,"i","true",NA,NA,NA,NA,"phase_015_subj_38"
5767,591,7,"<p style=""color:white; font-size: 35px;"">拙笨</p>","negative","ability","拙笨",7,581,1429.02222222222,"i","false",NA,NA,NA,NA,"phase_015_subj_38"
5768,591,7,"<p style=""color:rgb(150, 250, 100); font-size: 35px;"">他的</p>","other","ability","他的",7,799,799,"i","true",NA,NA,NA,NA,"phase_015_subj_38"
5769,591,7,"<p style=""color:white; font-size: 35px;"">能干</p>","positive","ability","能干",7,935,935,"i","true",NA,NA,NA,NA,"phase_015_subj_38"
5770,591,7,"<p style=""color:rgb(150, 250, 100); font-size: 35px;"">自己的</p>","self","ability","自己的",7,1105,1105,"e","true",NA,NA,NA,NA,"phase_015_subj_38"
5771,591,7,"<p style=""color:white; font-size: 35px;"">全才</p>","positive","ability","全才",7,1437,1429.02222222222,"e","false",NA,NA,NA,NA,"phase_015_subj_38"
5772,591,7,"<p style=""color:rgb(150, 250, 100); font-size: 35px;"">自己的</p>","self","ability","自己的",7,555,555,"e","true",NA,NA,NA,NA,"phase_015_subj_38"
5773,591,7,"<p style=""color:white; font-size: 35px;"">蠢笨</p>","negative","ability","蠢笨",7,619,619,"e","true",NA,NA,NA,NA,"phase_015_subj_38"
5774,591,7,"<p style=""color:rgb(150, 250, 100); font-size: 35px;"">他人的</p>","other","ability","他人的",7,735,735,"i","true",NA,NA,NA,NA,"phase_015_subj_38"
5775,591,7,"<p style=""color:white; font-size: 35px;"">无能</p>","negative","ability","无能",7,2580,2580,"e","true",NA,NA,NA,NA,"phase_015_subj_38"
5776,591,7,"<p style=""color:rgb(150, 250, 100); font-size: 35px;"">自己</p>","self","ability","自己",7,416,416,"e","true",NA,NA,NA,NA,"phase_015_subj_38"
5777,591,7,"<p style=""color:white; font-size: 35px;"">高效</p>","positive","ability","高效",7,645,645,"i","true",NA,NA,NA,NA,"phase_015_subj_38"
5778,591,7,"<p style=""color:rgb(150, 250, 100); font-size: 35px;"">他人的</p>","other","ability","他人的",7,421,421,"i","true",NA,NA,NA,NA,"phase_015_subj_38"
5779,591,7,"<p style=""color:white; font-size: 35px;"">能干</p>","positive","ability","能干",7,820,820,"i","true",NA,NA,NA,NA,"phase_015_subj_38"
5780,591,7,"<p style=""color:rgb(150, 250, 100); font-size: 35px;"">本人</p>","self","ability","本人",7,718,718,"e","true",NA,NA,NA,NA,"phase_015_subj_38"
5781,591,7,"<p style=""color:white; font-size: 35px;"">愚钝</p>","negative","ability","愚钝",7,593,593,"e","true",NA,NA,NA,NA,"phase_015_subj_38"
5782,591,7,"<p style=""color:rgb(150, 250, 100); font-size: 35px;"">别人</p>","other","ability","别人",7,700,700,"i","true",NA,NA,NA,NA,"phase_015_subj_38"
5783,591,7,"<p style=""color:white; font-size: 35px;"">废物</p>","negative","ability","废物",7,885,885,"e","true",NA,NA,NA,NA,"phase_015_subj_38"
5784,591,7,"<p style=""color:rgb(150, 250, 100); font-size: 35px;"">他</p>","other","ability","他",7,592,592,"i","true",NA,NA,NA,NA,"phase_015_subj_38"
5785,591,7,"<p style=""color:white; font-size: 35px;"">天才</p>","positive","ability","天才",7,540,540,"i","true",NA,NA,NA,NA,"phase_015_subj_38"
5786,591,7,"<p style=""color:rgb(150, 250, 100); font-size: 35px;"">我的</p>","self","ability","我的",7,731,731,"e","true",NA,NA,NA,NA,"phase_015_subj_38"
5787,591,7,"<p style=""color:white; font-size: 35px;"">愚钝</p>","negative","ability","愚钝",7,1139,1139,"e","true",NA,NA,NA,NA,"phase_015_subj_38"
5788,591,7,"<p style=""color:rgb(150, 250, 100); font-size: 35px;"">他</p>","other","ability","他",7,805,805,"i","true",NA,NA,NA,NA,"phase_015_subj_38"
5789,591,7,"<p style=""color:white; font-size: 35px;"">天才</p>","positive","ability","天才",7,451,451,"i","true",NA,NA,NA,NA,"phase_015_subj_38"
5790,591,7,"<p style=""color:rgb(150, 250, 100); font-size: 35px;"">本人的</p>","self","ability","本人的",7,920,920,"e","true",NA,NA,NA,NA,"phase_015_subj_38"
5791,654,NA,"
    <h3>词语分类任务</h3>
    <p>在接下来的任务中，你需要对一系列词语进行分类。</p>
    <p>请先熟悉这些词语，这有利于你完成接下来的任务。</p>
    <table align=""center"" border=1 cellpadding=3 cellspacing=0>
    <tr> <th>类别</th> <th>词语</th> </tr>
    <tr> <td>&emsp;积极&emsp;</td> <td>&emsp;能干、全能、全才、高效、精干、天才&emsp;</td> </tr>
    <tr> <td>&emsp;消极&emsp;</td> <td>&emsp;无能、低能、废物、拙笨、愚钝、蠢笨&emsp;</td> </tr>
    <tr> <td>&emsp;自我&emsp;</td> <td>&emsp;我、我的、自己、自己的、本人、本人的&emsp;</td> </tr>
    <tr> <td>&emsp;他人&emsp;</td> <td>&emsp;他、他的、别人、别人的、他人、他人的&emsp;</td> </tr>
    </table><br/>","","","",NA,19982,NA,"0","",1,2,NA,NA,"phase_015_subj_43"
5792,654,1,"<p style=""color:rgb(150, 250, 100); font-size: 35px;"">我</p>","self","ability","我",1,1115,1115,"i","true",NA,NA,NA,NA,"phase_015_subj_43"
5793,654,1,"<p style=""color:rgb(150, 250, 100); font-size: 35px;"">他的</p>","other","ability","他的",1,764,764,"e","true",NA,NA,NA,NA,"phase_015_subj_43"
5794,654,1,"<p style=""color:rgb(150, 250, 100); font-size: 35px;"">自己</p>","self","ability","自己",1,710,710,"i","true",NA,NA,NA,NA,"phase_015_subj_43"
5795,654,1,"<p style=""color:rgb(150, 250, 100); font-size: 35px;"">别人</p>","other","ability","别人",1,550,550,"e","true",NA,NA,NA,NA,"phase_015_subj_43"
5796,654,1,"<p style=""color:rgb(150, 250, 100); font-size: 35px;"">别人的</p>","other","ability","别人的",1,558,558,"e","true",NA,NA,NA,NA,"phase_015_subj_43"
5797,654,1,"<p style=""color:rgb(150, 250, 100); font-size: 35px;"">自己的</p>","self","ability","自己的",1,639,639,"i","true",NA,NA,NA,NA,"phase_015_subj_43"
5798,654,1,"<p style=""color:rgb(150, 250, 100); font-size: 35px;"">他</p>","other","ability","他",1,672,672,"e","true",NA,NA,NA,NA,"phase_015_subj_43"
5799,654,1,"<p style=""color:rgb(150, 250, 100); font-size: 35px;"">本人的</p>","self","ability","本人的",1,701,701,"i","true",NA,NA,NA,NA,"phase_015_subj_43"
5800,654,1,"<p style=""color:rgb(150, 250, 100); font-size: 35px;"">他人</p>","other","ability","他人",1,728,728,"e","true",NA,NA,NA,NA,"phase_015_subj_43"
5801,654,1,"<p style=""color:rgb(150, 250, 100); font-size: 35px;"">我的</p>","self","ability","我的",1,426,426,"i","true",NA,NA,NA,NA,"phase_015_subj_43"
5802,654,1,"<p style=""color:rgb(150, 250, 100); font-size: 35px;"">他人的</p>","other","ability","他人的",1,573,573,"i","false",NA,NA,NA,NA,"phase_015_subj_43"
5803,654,1,"<p style=""color:rgb(150, 250, 100); font-size: 35px;"">本人</p>","self","ability","本人",1,665,665,"i","true",NA,NA,NA,NA,"phase_015_subj_43"
5804,654,2,"<p style=""color:white; font-size: 35px;"">拙笨</p>","negative","ability","拙笨",2,1403,1403,"i","true",NA,NA,NA,NA,"phase_015_subj_43"
5805,654,2,"<p style=""color:white; font-size: 35px;"">低能</p>","negative","ability","低能",2,563,563,"i","true",NA,NA,NA,NA,"phase_015_subj_43"
5806,654,2,"<p style=""color:white; font-size: 35px;"">废物</p>","negative","ability","废物",2,497,497,"i","true",NA,NA,NA,NA,"phase_015_subj_43"
5807,654,2,"<p style=""color:white; font-size: 35px;"">全才</p>","positive","ability","全才",2,565,565,"e","true",NA,NA,NA,NA,"phase_015_subj_43"
5808,654,2,"<p style=""color:white; font-size: 35px;"">能干</p>","positive","ability","能干",2,536,536,"e","true",NA,NA,NA,NA,"phase_015_subj_43"
5809,654,2,"<p style=""color:white; font-size: 35px;"">蠢笨</p>","negative","ability","蠢笨",2,536,536,"i","true",NA,NA,NA,NA,"phase_015_subj_43"
5810,654,2,"<p style=""color:white; font-size: 35px;"">高效</p>","positive","ability","高效",2,557,557,"e","true",NA,NA,NA,NA,"phase_015_subj_43"
5811,654,2,"<p style=""color:white; font-size: 35px;"">愚钝</p>","negative","ability","愚钝",2,607,607,"i","true",NA,NA,NA,NA,"phase_015_subj_43"
5812,654,2,"<p style=""color:white; font-size: 35px;"">天才</p>","positive","ability","天才",2,523,523,"e","true",NA,NA,NA,NA,"phase_015_subj_43"
5813,654,2,"<p style=""color:white; font-size: 35px;"">精干</p>","positive","ability","精干",2,595,595,"e","true",NA,NA,NA,NA,"phase_015_subj_43"
5814,654,2,"<p style=""color:white; font-size: 35px;"">全能</p>","positive","ability","全能",2,484,484,"e","true",NA,NA,NA,NA,"phase_015_subj_43"
5815,654,2,"<p style=""color:white; font-size: 35px;"">无能</p>","negative","ability","无能",2,573,573,"i","true",NA,NA,NA,NA,"phase_015_subj_43"
5816,654,3,"<p style=""color:rgb(150, 250, 100); font-size: 35px;"">别人的</p>","other","ability","别人的",3,1273,1273,"e","true",NA,NA,NA,NA,"phase_015_subj_43"
5817,654,3,"<p style=""color:white; font-size: 35px;"">精干</p>","positive","ability","精干",3,672,672,"e","true",NA,NA,NA,NA,"phase_015_subj_43"
5818,654,3,"<p style=""color:rgb(150, 250, 100); font-size: 35px;"">我</p>","self","ability","我",3,550,550,"i","true",NA,NA,NA,NA,"phase_015_subj_43"
5819,654,3,"<p style=""color:white; font-size: 35px;"">低能</p>","negative","ability","低能",3,523,523,"i","true",NA,NA,NA,NA,"phase_015_subj_43"
5820,654,3,"<p style=""color:rgb(150, 250, 100); font-size: 35px;"">本人</p>","self","ability","本人",3,695,695,"i","true",NA,NA,NA,NA,"phase_015_subj_43"
5821,654,3,"<p style=""color:white; font-size: 35px;"">高效</p>","positive","ability","高效",3,1249,1249,"e","true",NA,NA,NA,NA,"phase_015_subj_43"
5822,654,3,"<p style=""color:rgb(150, 250, 100); font-size: 35px;"">别人</p>","other","ability","别人",3,403,403,"e","true",NA,NA,NA,NA,"phase_015_subj_43"
5823,654,3,"<p style=""color:white; font-size: 35px;"">拙笨</p>","negative","ability","拙笨",3,528,528,"i","true",NA,NA,NA,NA,"phase_015_subj_43"
5824,654,3,"<p style=""color:rgb(150, 250, 100); font-size: 35px;"">自己</p>","self","ability","自己",3,609,609,"i","true",NA,NA,NA,NA,"phase_015_subj_43"
5825,654,3,"<p style=""color:white; font-size: 35px;"">全才</p>","positive","ability","全才",3,606,606,"e","true",NA,NA,NA,NA,"phase_015_subj_43"
5826,654,3,"<p style=""color:rgb(150, 250, 100); font-size: 35px;"">他人的</p>","other","ability","他人的",3,368,368,"e","true",NA,NA,NA,NA,"phase_015_subj_43"
5827,654,3,"<p style=""color:white; font-size: 35px;"">废物</p>","negative","ability","废物",3,580,580,"i","true",NA,NA,NA,NA,"phase_015_subj_43"
5828,654,3,"<p style=""color:rgb(150, 250, 100); font-size: 35px;"">他</p>","other","ability","他",3,390,1328.63636363636,"i","false",NA,NA,NA,NA,"phase_015_subj_43"
5829,654,3,"<p style=""color:white; font-size: 35px;"">蠢笨</p>","negative","ability","蠢笨",3,1424,1424,"i","true",NA,NA,NA,NA,"phase_015_subj_43"
5830,654,3,"<p style=""color:rgb(150, 250, 100); font-size: 35px;"">本人的</p>","self","ability","本人的",3,518,518,"i","true",NA,NA,NA,NA,"phase_015_subj_43"
5831,654,3,"<p style=""color:white; font-size: 35px;"">天才</p>","positive","ability","天才",3,549,549,"e","true",NA,NA,NA,NA,"phase_015_subj_43"
5832,654,3,"<p style=""color:rgb(150, 250, 100); font-size: 35px;"">自己的</p>","self","ability","自己的",3,912,912,"i","true",NA,NA,NA,NA,"phase_015_subj_43"
5833,654,3,"<p style=""color:white; font-size: 35px;"">全能</p>","positive","ability","全能",3,740,740,"e","true",NA,NA,NA,NA,"phase_015_subj_43"
5834,654,3,"<p style=""color:rgb(150, 250, 100); font-size: 35px;"">他的</p>","other","ability","他的",3,580,580,"e","true",NA,NA,NA,NA,"phase_015_subj_43"
5835,654,3,"<p style=""color:white; font-size: 35px;"">无能</p>","negative","ability","无能",3,608,608,"i","true",NA,NA,NA,NA,"phase_015_subj_43"
5836,654,3,"<p style=""color:rgb(150, 250, 100); font-size: 35px;"">他人</p>","other","ability","他人",3,372,1328.63636363636,"i","false",NA,NA,NA,NA,"phase_015_subj_43"
5837,654,3,"<p style=""color:white; font-size: 35px;"">愚钝</p>","negative","ability","愚钝",3,1513,1513,"i","true",NA,NA,NA,NA,"phase_015_subj_43"
5838,654,3,"<p style=""color:rgb(150, 250, 100); font-size: 35px;"">我的</p>","self","ability","我的",3,522,522,"i","true",NA,NA,NA,NA,"phase_015_subj_43"
5839,654,3,"<p style=""color:white; font-size: 35px;"">能干</p>","positive","ability","能干",3,608,608,"e","true",NA,NA,NA,NA,"phase_015_subj_43"
5840,654,4,"<p style=""color:rgb(150, 250, 100); font-size: 35px;"">他人的</p>","other","ability","他人的",4,883,883,"e","true",NA,NA,NA,NA,"phase_015_subj_43"
5841,654,4,"<p style=""color:white; font-size: 35px;"">低能</p>","negative","ability","低能",4,989,989,"i","true",NA,NA,NA,NA,"phase_015_subj_43"
5842,654,4,"<p style=""color:rgb(150, 250, 100); font-size: 35px;"">我的</p>","self","ability","我的",4,552,552,"i","true",NA,NA,NA,NA,"phase_015_subj_43"
5843,654,4,"<p style=""color:white; font-size: 35px;"">能干</p>","positive","ability","能干",4,573,573,"e","true",NA,NA,NA,NA,"phase_015_subj_43"
5844,654,4,"<p style=""color:rgb(150, 250, 100); font-size: 35px;"">他的</p>","other","ability","他的",4,609,609,"e","true",NA,NA,NA,NA,"phase_015_subj_43"
5845,654,4,"<p style=""color:white; font-size: 35px;"">高效</p>","positive","ability","高效",4,568,568,"e","true",NA,NA,NA,NA,"phase_015_subj_43"
5846,654,4,"<p style=""color:rgb(150, 250, 100); font-size: 35px;"">我</p>","self","ability","我",4,813,813,"i","true",NA,NA,NA,NA,"phase_015_subj_43"
5847,654,4,"<p style=""color:white; font-size: 35px;"">拙笨</p>","negative","ability","拙笨",4,496,496,"i","true",NA,NA,NA,NA,"phase_015_subj_43"
5848,654,4,"<p style=""color:rgb(150, 250, 100); font-size: 35px;"">本人的</p>","self","ability","本人的",4,705,705,"i","true",NA,NA,NA,NA,"phase_015_subj_43"
5849,654,4,"<p style=""color:white; font-size: 35px;"">蠢笨</p>","negative","ability","蠢笨",4,566,566,"i","true",NA,NA,NA,NA,"phase_015_subj_43"
5850,654,4,"<p style=""color:rgb(150, 250, 100); font-size: 35px;"">他人的</p>","other","ability","他人的",4,616,616,"e","true",NA,NA,NA,NA,"phase_015_subj_43"
5851,654,4,"<p style=""color:white; font-size: 35px;"">全能</p>","positive","ability","全能",4,572,572,"e","true",NA,NA,NA,NA,"phase_015_subj_43"
5852,654,4,"<p style=""color:rgb(150, 250, 100); font-size: 35px;"">本人</p>","self","ability","本人",4,655,655,"i","true",NA,NA,NA,NA,"phase_015_subj_43"
5853,654,4,"<p style=""color:white; font-size: 35px;"">蠢笨</p>","negative","ability","蠢笨",4,378,378,"i","true",NA,NA,NA,NA,"phase_015_subj_43"
5854,654,4,"<p style=""color:rgb(150, 250, 100); font-size: 35px;"">他</p>","other","ability","他",4,804,804,"e","true",NA,NA,NA,NA,"phase_015_subj_43"
5855,654,4,"<p style=""color:white; font-size: 35px;"">天才</p>","positive","ability","天才",4,520,520,"e","true",NA,NA,NA,NA,"phase_015_subj_43"
5856,654,4,"<p style=""color:rgb(150, 250, 100); font-size: 35px;"">他的</p>","other","ability","他的",4,633,633,"e","true",NA,NA,NA,NA,"phase_015_subj_43"
5857,654,4,"<p style=""color:white; font-size: 35px;"">低能</p>","negative","ability","低能",4,1411,1411,"i","true",NA,NA,NA,NA,"phase_015_subj_43"
5858,654,4,"<p style=""color:rgb(150, 250, 100); font-size: 35px;"">自己</p>","self","ability","自己",4,1191,1191,"i","true",NA,NA,NA,NA,"phase_015_subj_43"
5859,654,4,"<p style=""color:white; font-size: 35px;"">高效</p>","positive","ability","高效",4,832,1363.81818181818,"i","false",NA,NA,NA,NA,"phase_015_subj_43"
5860,654,4,"<p style=""color:rgb(150, 250, 100); font-size: 35px;"">别人的</p>","other","ability","别人的",4,2053,2053,"e","true",NA,NA,NA,NA,"phase_015_subj_43"
5861,654,4,"<p style=""color:white; font-size: 35px;"">无能</p>","negative","ability","无能",4,961,961,"i","true",NA,NA,NA,NA,"phase_015_subj_43"
5862,654,4,"<p style=""color:rgb(150, 250, 100); font-size: 35px;"">我</p>","self","ability","我",4,544,544,"i","true",NA,NA,NA,NA,"phase_015_subj_43"
5863,654,4,"<p style=""color:white; font-size: 35px;"">精干</p>","positive","ability","精干",4,1244,1244,"e","true",NA,NA,NA,NA,"phase_015_subj_43"
5864,654,4,"<p style=""color:rgb(150, 250, 100); font-size: 35px;"">别人</p>","other","ability","别人",4,470,470,"e","true",NA,NA,NA,NA,"phase_015_subj_43"
5865,654,4,"<p style=""color:white; font-size: 35px;"">愚钝</p>","negative","ability","愚钝",4,702,702,"i","true",NA,NA,NA,NA,"phase_015_subj_43"
5866,654,4,"<p style=""color:rgb(150, 250, 100); font-size: 35px;"">自己的</p>","self","ability","自己的",4,693,693,"i","true",NA,NA,NA,NA,"phase_015_subj_43"
5867,654,4,"<p style=""color:white; font-size: 35px;"">精干</p>","positive","ability","精干",4,665,665,"e","true",NA,NA,NA,NA,"phase_015_subj_43"
5868,654,4,"<p style=""color:rgb(150, 250, 100); font-size: 35px;"">他人</p>","other","ability","他人",4,1407,1407,"e","true",NA,NA,NA,NA,"phase_015_subj_43"
5869,654,4,"<p style=""color:white; font-size: 35px;"">废物</p>","negative","ability","废物",4,492,492,"i","true",NA,NA,NA,NA,"phase_015_subj_43"
5870,654,4,"<p style=""color:rgb(150, 250, 100); font-size: 35px;"">自己的</p>","self","ability","自己的",4,683,683,"i","true",NA,NA,NA,NA,"phase_015_subj_43"
5871,654,4,"<p style=""color:white; font-size: 35px;"">能干</p>","positive","ability","能干",4,608,608,"e","true",NA,NA,NA,NA,"phase_015_subj_43"
5872,654,4,"<p style=""color:rgb(150, 250, 100); font-size: 35px;"">本人的</p>","self","ability","本人的",4,616,616,"i","true",NA,NA,NA,NA,"phase_015_subj_43"
5873,654,4,"<p style=""color:white; font-size: 35px;"">拙笨</p>","negative","ability","拙笨",4,495,495,"i","true",NA,NA,NA,NA,"phase_015_subj_43"
5874,654,4,"<p style=""color:rgb(150, 250, 100); font-size: 35px;"">别人的</p>","other","ability","别人的",4,781,1363.81818181818,"i","false",NA,NA,NA,NA,"phase_015_subj_43"
5875,654,4,"<p style=""color:white; font-size: 35px;"">全才</p>","positive","ability","全才",4,684,684,"e","true",NA,NA,NA,NA,"phase_015_subj_43"
5876,654,4,"<p style=""color:rgb(150, 250, 100); font-size: 35px;"">别人</p>","other","ability","别人",4,588,588,"e","true",NA,NA,NA,NA,"phase_015_subj_43"
5877,654,4,"<p style=""color:white; font-size: 35px;"">废物</p>","negative","ability","废物",4,458,458,"i","true",NA,NA,NA,NA,"phase_015_subj_43"
5878,654,4,"<p style=""color:rgb(150, 250, 100); font-size: 35px;"">自己</p>","self","ability","自己",4,480,1363.81818181818,"e","false",NA,NA,NA,NA,"phase_015_subj_43"
5879,654,4,"<p style=""color:white; font-size: 35px;"">全能</p>","positive","ability","全能",4,1126,1126,"e","true",NA,NA,NA,NA,"phase_015_subj_43"
5880,654,4,"<p style=""color:rgb(150, 250, 100); font-size: 35px;"">他</p>","other","ability","他",4,597,597,"e","true",NA,NA,NA,NA,"phase_015_subj_43"
5881,654,4,"<p style=""color:white; font-size: 35px;"">无能</p>","negative","ability","无能",4,805,805,"i","true",NA,NA,NA,NA,"phase_015_subj_43"
5882,654,4,"<p style=""color:rgb(150, 250, 100); font-size: 35px;"">本人</p>","self","ability","本人",4,429,1363.81818181818,"e","false",NA,NA,NA,NA,"phase_015_subj_43"
5883,654,4,"<p style=""color:white; font-size: 35px;"">全才</p>","positive","ability","全才",4,2058,2058,"e","true",NA,NA,NA,NA,"phase_015_subj_43"
5884,654,4,"<p style=""color:rgb(150, 250, 100); font-size: 35px;"">他人</p>","other","ability","他人",4,595,595,"e","true",NA,NA,NA,NA,"phase_015_subj_43"
5885,654,4,"<p style=""color:white; font-size: 35px;"">天才</p>","positive","ability","天才",4,487,487,"e","true",NA,NA,NA,NA,"phase_015_subj_43"
5886,654,4,"<p style=""color:rgb(150, 250, 100); font-size: 35px;"">我的</p>","self","ability","我的",4,626,626,"i","true",NA,NA,NA,NA,"phase_015_subj_43"
5887,654,4,"<p style=""color:white; font-size: 35px;"">愚钝</p>","negative","ability","愚钝",4,417,417,"i","true",NA,NA,NA,NA,"phase_015_subj_43"
5888,654,5,"<p style=""color:rgb(150, 250, 100); font-size: 35px;"">他的</p>","other","ability","他的",5,843,843,"i","true",NA,NA,NA,NA,"phase_015_subj_43"
5889,654,5,"<p style=""color:rgb(150, 250, 100); font-size: 35px;"">自己的</p>","self","ability","自己的",5,621,621,"e","true",NA,NA,NA,NA,"phase_015_subj_43"
5890,654,5,"<p style=""color:rgb(150, 250, 100); font-size: 35px;"">我的</p>","self","ability","我的",5,987,987,"e","true",NA,NA,NA,NA,"phase_015_subj_43"
5891,654,5,"<p style=""color:rgb(150, 250, 100); font-size: 35px;"">他人</p>","other","ability","他人",5,602,602,"i","true",NA,NA,NA,NA,"phase_015_subj_43"
5892,654,5,"<p style=""color:rgb(150, 250, 100); font-size: 35px;"">他</p>","other","ability","他",5,509,509,"i","true",NA,NA,NA,NA,"phase_015_subj_43"
5893,654,5,"<p style=""color:rgb(150, 250, 100); font-size: 35px;"">自己</p>","self","ability","自己",5,654,654,"e","true",NA,NA,NA,NA,"phase_015_subj_43"
5894,654,5,"<p style=""color:rgb(150, 250, 100); font-size: 35px;"">别人</p>","other","ability","别人",5,666,666,"i","true",NA,NA,NA,NA,"phase_015_subj_43"
5895,654,5,"<p style=""color:rgb(150, 250, 100); font-size: 35px;"">本人的</p>","self","ability","本人的",5,826,826,"e","true",NA,NA,NA,NA,"phase_015_subj_43"
5896,654,5,"<p style=""color:rgb(150, 250, 100); font-size: 35px;"">别人的</p>","other","ability","别人的",5,696,696,"i","true",NA,NA,NA,NA,"phase_015_subj_43"
5897,654,5,"<p style=""color:rgb(150, 250, 100); font-size: 35px;"">本人的</p>","self","ability","本人的",5,590,590,"e","true",NA,NA,NA,NA,"phase_015_subj_43"
5898,654,5,"<p style=""color:rgb(150, 250, 100); font-size: 35px;"">别人</p>","other","ability","别人",5,474,474,"i","true",NA,NA,NA,NA,"phase_015_subj_43"
5899,654,5,"<p style=""color:rgb(150, 250, 100); font-size: 35px;"">自己</p>","self","ability","自己",5,678,678,"e","true",NA,NA,NA,NA,"phase_015_subj_43"
5900,654,5,"<p style=""color:rgb(150, 250, 100); font-size: 35px;"">我的</p>","self","ability","我的",5,838,838,"e","true",NA,NA,NA,NA,"phase_015_subj_43"
5901,654,5,"<p style=""color:rgb(150, 250, 100); font-size: 35px;"">他人</p>","other","ability","他人",5,772,772,"i","true",NA,NA,NA,NA,"phase_015_subj_43"
5902,654,5,"<p style=""color:rgb(150, 250, 100); font-size: 35px;"">自己的</p>","self","ability","自己的",5,832,832,"i","false",NA,NA,NA,NA,"phase_015_subj_43"
5903,654,5,"<p style=""color:rgb(150, 250, 100); font-size: 35px;"">别人的</p>","other","ability","别人的",5,531,531,"i","true",NA,NA,NA,NA,"phase_015_subj_43"
5904,654,5,"<p style=""color:rgb(150, 250, 100); font-size: 35px;"">他的</p>","other","ability","他的",5,517,517,"i","true",NA,NA,NA,NA,"phase_015_subj_43"
5905,654,5,"<p style=""color:rgb(150, 250, 100); font-size: 35px;"">本人</p>","self","ability","本人",5,585,585,"e","true",NA,NA,NA,NA,"phase_015_subj_43"
5906,654,5,"<p style=""color:rgb(150, 250, 100); font-size: 35px;"">他人的</p>","other","ability","他人的",5,1267,1267,"i","true",NA,NA,NA,NA,"phase_015_subj_43"
5907,654,5,"<p style=""color:rgb(150, 250, 100); font-size: 35px;"">我</p>","self","ability","我",5,474,474,"e","true",NA,NA,NA,NA,"phase_015_subj_43"
5908,654,5,"<p style=""color:rgb(150, 250, 100); font-size: 35px;"">他</p>","other","ability","他",5,382,382,"i","true",NA,NA,NA,NA,"phase_015_subj_43"
5909,654,5,"<p style=""color:rgb(150, 250, 100); font-size: 35px;"">本人</p>","self","ability","本人",5,482,482,"e","true",NA,NA,NA,NA,"phase_015_subj_43"
5910,654,5,"<p style=""color:rgb(150, 250, 100); font-size: 35px;"">他人的</p>","other","ability","他人的",5,532,532,"i","true",NA,NA,NA,NA,"phase_015_subj_43"
5911,654,5,"<p style=""color:rgb(150, 250, 100); font-size: 35px;"">我</p>","self","ability","我",5,413,413,"e","true",NA,NA,NA,NA,"phase_015_subj_43"
5912,654,6,"<p style=""color:white; font-size: 35px;"">精干</p>","positive","ability","精干",6,1691,1691,"e","true",NA,NA,NA,NA,"phase_015_subj_43"
5913,654,6,"<p style=""color:rgb(150, 250, 100); font-size: 35px;"">别人</p>","other","ability","别人",6,809,809,"i","true",NA,NA,NA,NA,"phase_015_subj_43"
5914,654,6,"<p style=""color:white; font-size: 35px;"">废物</p>","negative","ability","废物",6,1186,1267.04347826087,"e","false",NA,NA,NA,NA,"phase_015_subj_43"
5915,654,6,"<p style=""color:rgb(150, 250, 100); font-size: 35px;"">本人的</p>","self","ability","本人的",6,647,647,"e","true",NA,NA,NA,NA,"phase_015_subj_43"
5916,654,6,"<p style=""color:white; font-size: 35px;"">全能</p>","positive","ability","全能",6,671,671,"e","true",NA,NA,NA,NA,"phase_015_subj_43"
5917,654,6,"<p style=""color:rgb(150, 250, 100); font-size: 35px;"">别人的</p>","other","ability","别人的",6,867,867,"i","true",NA,NA,NA,NA,"phase_015_subj_43"
5918,654,6,"<p style=""color:white; font-size: 35px;"">蠢笨</p>","negative","ability","蠢笨",6,466,466,"i","true",NA,NA,NA,NA,"phase_015_subj_43"
5919,654,6,"<p style=""color:rgb(150, 250, 100); font-size: 35px;"">本人</p>","self","ability","本人",6,454,454,"e","true",NA,NA,NA,NA,"phase_015_subj_43"
5920,654,6,"<p style=""color:white; font-size: 35px;"">低能</p>","negative","ability","低能",6,1733,1733,"i","true",NA,NA,NA,NA,"phase_015_subj_43"
5921,654,6,"<p style=""color:rgb(150, 250, 100); font-size: 35px;"">他</p>","other","ability","他",6,627,627,"i","true",NA,NA,NA,NA,"phase_015_subj_43"
5922,654,6,"<p style=""color:white; font-size: 35px;"">高效</p>","positive","ability","高效",6,620,620,"e","true",NA,NA,NA,NA,"phase_015_subj_43"
5923,654,6,"<p style=""color:rgb(150, 250, 100); font-size: 35px;"">自己的</p>","self","ability","自己的",6,658,658,"e","true",NA,NA,NA,NA,"phase_015_subj_43"
5924,654,6,"<p style=""color:white; font-size: 35px;"">全才</p>","positive","ability","全才",6,630,630,"e","true",NA,NA,NA,NA,"phase_015_subj_43"
5925,654,6,"<p style=""color:rgb(150, 250, 100); font-size: 35px;"">自己</p>","self","ability","自己",6,416,416,"e","true",NA,NA,NA,NA,"phase_015_subj_43"
5926,654,6,"<p style=""color:white; font-size: 35px;"">拙笨</p>","negative","ability","拙笨",6,404,404,"i","true",NA,NA,NA,NA,"phase_015_subj_43"
5927,654,6,"<p style=""color:rgb(150, 250, 100); font-size: 35px;"">他人的</p>","other","ability","他人的",6,396,396,"i","true",NA,NA,NA,NA,"phase_015_subj_43"
5928,654,6,"<p style=""color:white; font-size: 35px;"">无能</p>","negative","ability","无能",6,442,442,"i","true",NA,NA,NA,NA,"phase_015_subj_43"
5929,654,6,"<p style=""color:rgb(150, 250, 100); font-size: 35px;"">我的</p>","self","ability","我的",6,513,513,"e","true",NA,NA,NA,NA,"phase_015_subj_43"
5930,654,6,"<p style=""color:white; font-size: 35px;"">天才</p>","positive","ability","天才",6,535,535,"e","true",NA,NA,NA,NA,"phase_015_subj_43"
5931,654,6,"<p style=""color:rgb(150, 250, 100); font-size: 35px;"">他人</p>","other","ability","他人",6,439,439,"i","true",NA,NA,NA,NA,"phase_015_subj_43"
5932,654,6,"<p style=""color:white; font-size: 35px;"">愚钝</p>","negative","ability","愚钝",6,428,428,"i","true",NA,NA,NA,NA,"phase_015_subj_43"
5933,654,6,"<p style=""color:rgb(150, 250, 100); font-size: 35px;"">他的</p>","other","ability","他的",6,741,741,"i","true",NA,NA,NA,NA,"phase_015_subj_43"
5934,654,6,"<p style=""color:white; font-size: 35px;"">能干</p>","positive","ability","能干",6,614,614,"e","true",NA,NA,NA,NA,"phase_015_subj_43"
5935,654,6,"<p style=""color:rgb(150, 250, 100); font-size: 35px;"">我</p>","self","ability","我",6,541,541,"e","true",NA,NA,NA,NA,"phase_015_subj_43"
5936,654,7,"<p style=""color:white; font-size: 35px;"">低能</p>","negative","ability","低能",7,608,608,"i","true",NA,NA,NA,NA,"phase_015_subj_43"
5937,654,7,"<p style=""color:rgb(150, 250, 100); font-size: 35px;"">他的</p>","other","ability","他的",7,486,486,"i","true",NA,NA,NA,NA,"phase_015_subj_43"
5938,654,7,"<p style=""color:white; font-size: 35px;"">精干</p>","positive","ability","精干",7,581,581,"e","true",NA,NA,NA,NA,"phase_015_subj_43"
5939,654,7,"<p style=""color:rgb(150, 250, 100); font-size: 35px;"">本人</p>","self","ability","本人",7,570,570,"e","true",NA,NA,NA,NA,"phase_015_subj_43"
5940,654,7,"<p style=""color:white; font-size: 35px;"">全能</p>","positive","ability","全能",7,916,916,"e","true",NA,NA,NA,NA,"phase_015_subj_43"
5941,654,7,"<p style=""color:rgb(150, 250, 100); font-size: 35px;"">我的</p>","self","ability","我的",7,499,499,"e","true",NA,NA,NA,NA,"phase_015_subj_43"
5942,654,7,"<p style=""color:white; font-size: 35px;"">废物</p>","negative","ability","废物",7,995,995,"i","true",NA,NA,NA,NA,"phase_015_subj_43"
5943,654,7,"<p style=""color:rgb(150, 250, 100); font-size: 35px;"">别人的</p>","other","ability","别人的",7,796,796,"i","true",NA,NA,NA,NA,"phase_015_subj_43"
5944,654,7,"<p style=""color:white; font-size: 35px;"">全能</p>","positive","ability","全能",7,853,853,"e","true",NA,NA,NA,NA,"phase_015_subj_43"
5945,654,7,"<p style=""color:rgb(150, 250, 100); font-size: 35px;"">自己的</p>","self","ability","自己的",7,511,1336.5,"i","false",NA,NA,NA,NA,"phase_015_subj_43"
5946,654,7,"<p style=""color:white; font-size: 35px;"">蠢笨</p>","negative","ability","蠢笨",7,816,816,"i","true",NA,NA,NA,NA,"phase_015_subj_43"
5947,654,7,"<p style=""color:rgb(150, 250, 100); font-size: 35px;"">他</p>","other","ability","他",7,1008,1008,"i","true",NA,NA,NA,NA,"phase_015_subj_43"
5948,654,7,"<p style=""color:white; font-size: 35px;"">废物</p>","negative","ability","废物",7,468,468,"i","true",NA,NA,NA,NA,"phase_015_subj_43"
5949,654,7,"<p style=""color:rgb(150, 250, 100); font-size: 35px;"">他人</p>","other","ability","他人",7,611,611,"i","true",NA,NA,NA,NA,"phase_015_subj_43"
5950,654,7,"<p style=""color:white; font-size: 35px;"">高效</p>","positive","ability","高效",7,563,563,"e","true",NA,NA,NA,NA,"phase_015_subj_43"
5951,654,7,"<p style=""color:rgb(150, 250, 100); font-size: 35px;"">我</p>","self","ability","我",7,354,354,"e","true",NA,NA,NA,NA,"phase_015_subj_43"
5952,654,7,"<p style=""color:white; font-size: 35px;"">天才</p>","positive","ability","天才",7,450,450,"e","true",NA,NA,NA,NA,"phase_015_subj_43"
5953,654,7,"<p style=""color:rgb(150, 250, 100); font-size: 35px;"">他的</p>","other","ability","他的",7,664,664,"i","true",NA,NA,NA,NA,"phase_015_subj_43"
5954,654,7,"<p style=""color:white; font-size: 35px;"">蠢笨</p>","negative","ability","蠢笨",7,771,771,"i","true",NA,NA,NA,NA,"phase_015_subj_43"
5955,654,7,"<p style=""color:rgb(150, 250, 100); font-size: 35px;"">自己</p>","self","ability","自己",7,1726,1726,"e","true",NA,NA,NA,NA,"phase_015_subj_43"
5956,654,7,"<p style=""color:white; font-size: 35px;"">拙笨</p>","negative","ability","拙笨",7,1435,1435,"i","true",NA,NA,NA,NA,"phase_015_subj_43"
5957,654,7,"<p style=""color:rgb(150, 250, 100); font-size: 35px;"">我的</p>","self","ability","我的",7,874,874,"e","true",NA,NA,NA,NA,"phase_015_subj_43"
5958,654,7,"<p style=""color:white; font-size: 35px;"">全才</p>","positive","ability","全才",7,570,570,"e","true",NA,NA,NA,NA,"phase_015_subj_43"
5959,654,7,"<p style=""color:rgb(150, 250, 100); font-size: 35px;"">别人的</p>","other","ability","别人的",7,855,855,"i","true",NA,NA,NA,NA,"phase_015_subj_43"
5960,654,7,"<p style=""color:white; font-size: 35px;"">能干</p>","positive","ability","能干",7,501,1336.5,"i","false",NA,NA,NA,NA,"phase_015_subj_43"
5961,654,7,"<p style=""color:rgb(150, 250, 100); font-size: 35px;"">他人的</p>","other","ability","他人的",7,498,1336.5,"e","false",NA,NA,NA,NA,"phase_015_subj_43"
5962,654,7,"<p style=""color:white; font-size: 35px;"">拙笨</p>","negative","ability","拙笨",7,1022,1022,"i","true",NA,NA,NA,NA,"phase_015_subj_43"
5963,654,7,"<p style=""color:rgb(150, 250, 100); font-size: 35px;"">本人的</p>","self","ability","本人的",7,725,725,"e","true",NA,NA,NA,NA,"phase_015_subj_43"
5964,654,7,"<p style=""color:white; font-size: 35px;"">高效</p>","positive","ability","高效",7,530,530,"e","true",NA,NA,NA,NA,"phase_015_subj_43"
5965,654,7,"<p style=""color:rgb(150, 250, 100); font-size: 35px;"">自己的</p>","self","ability","自己的",7,690,690,"e","true",NA,NA,NA,NA,"phase_015_subj_43"
5966,654,7,"<p style=""color:white; font-size: 35px;"">愚钝</p>","negative","ability","愚钝",7,667,667,"i","true",NA,NA,NA,NA,"phase_015_subj_43"
5967,654,7,"<p style=""color:rgb(150, 250, 100); font-size: 35px;"">他</p>","other","ability","他",7,1126,1126,"i","true",NA,NA,NA,NA,"phase_015_subj_43"
5968,654,7,"<p style=""color:white; font-size: 35px;"">无能</p>","negative","ability","无能",7,988,988,"i","true",NA,NA,NA,NA,"phase_015_subj_43"
5969,654,7,"<p style=""color:rgb(150, 250, 100); font-size: 35px;"">别人</p>","other","ability","别人",7,922,922,"i","true",NA,NA,NA,NA,"phase_015_subj_43"
5970,654,7,"<p style=""color:white; font-size: 35px;"">能干</p>","positive","ability","能干",7,772,772,"e","true",NA,NA,NA,NA,"phase_015_subj_43"
5971,654,7,"<p style=""color:rgb(150, 250, 100); font-size: 35px;"">我</p>","self","ability","我",7,753,753,"e","true",NA,NA,NA,NA,"phase_015_subj_43"
5972,654,7,"<p style=""color:white; font-size: 35px;"">愚钝</p>","negative","ability","愚钝",7,1162,1162,"i","true",NA,NA,NA,NA,"phase_015_subj_43"
5973,654,7,"<p style=""color:rgb(150, 250, 100); font-size: 35px;"">别人</p>","other","ability","别人",7,606,606,"i","true",NA,NA,NA,NA,"phase_015_subj_43"
5974,654,7,"<p style=""color:white; font-size: 35px;"">天才</p>","positive","ability","天才",7,463,1336.5,"i","false",NA,NA,NA,NA,"phase_015_subj_43"
5975,654,7,"<p style=""color:rgb(150, 250, 100); font-size: 35px;"">本人</p>","self","ability","本人",7,596,596,"e","true",NA,NA,NA,NA,"phase_015_subj_43"
5976,654,7,"<p style=""color:white; font-size: 35px;"">精干</p>","positive","ability","精干",7,524,524,"e","true",NA,NA,NA,NA,"phase_015_subj_43"
5977,654,7,"<p style=""color:rgb(150, 250, 100); font-size: 35px;"">他人的</p>","other","ability","他人的",7,668,668,"i","true",NA,NA,NA,NA,"phase_015_subj_43"
5978,654,7,"<p style=""color:white; font-size: 35px;"">无能</p>","negative","ability","无能",7,483,483,"i","true",NA,NA,NA,NA,"phase_015_subj_43"
5979,654,7,"<p style=""color:rgb(150, 250, 100); font-size: 35px;"">本人的</p>","self","ability","本人的",7,527,527,"e","true",NA,NA,NA,NA,"phase_015_subj_43"
5980,654,7,"<p style=""color:white; font-size: 35px;"">低能</p>","negative","ability","低能",7,603,603,"i","true",NA,NA,NA,NA,"phase_015_subj_43"
5981,654,7,"<p style=""color:rgb(150, 250, 100); font-size: 35px;"">自己</p>","self","ability","自己",7,499,499,"e","true",NA,NA,NA,NA,"phase_015_subj_43"
5982,654,7,"<p style=""color:white; font-size: 35px;"">全才</p>","positive","ability","全才",7,604,604,"e","true",NA,NA,NA,NA,"phase_015_subj_43"
5983,654,7,"<p style=""color:rgb(150, 250, 100); font-size: 35px;"">他人</p>","other","ability","他人",7,470,470,"i","true",NA,NA,NA,NA,"phase_015_subj_43"
5984,654,NA,"
    <h3>词语分类任务</h3>
    <p>在接下来的任务中，你需要对一系列词语进行分类。<p/>
    请先熟悉这些词语，这有利于你完成接下来的任务。</p>
    <table align=""center"" border=1 cellpadding=3 cellspacing=0>
    <tr> <th>类别</th> <th>词语</th> </tr>
    <tr> <td>&emsp;积极&emsp;</td> <td>&emsp;高尚、诚信、善良、君子、廉正、正直&emsp;</td> </tr>
    <tr> <td>&emsp;消极&emsp;</td> <td>&emsp;缺德、卑鄙、不孝、不仁、小人、黑心&emsp;</td> </tr>
    <tr> <td>&emsp;自我&emsp;</td> <td>&emsp;我、我的、自己、自己的、本人、本人的&emsp;</td> </tr>
    <tr> <td>&emsp;他人&emsp;</td> <td>&emsp;他、他的、别人、别人的、他人、他人的&emsp;</td> </tr>
    </table><br/>","","","",NA,17263,NA,"0","",NA,NA,2,2,"phase_015_subj_43"
5985,654,11,"<p style=""color:rgb(150, 250, 100); font-size: 35px;"">自己</p>","self","moral","自己",1,1079,1079,"i","true",NA,NA,NA,NA,"phase_015_subj_43"
5986,654,11,"<p style=""color:rgb(150, 250, 100); font-size: 35px;"">他人</p>","other","moral","他人",1,562,562,"e","true",NA,NA,NA,NA,"phase_015_subj_43"
5987,654,11,"<p style=""color:rgb(150, 250, 100); font-size: 35px;"">他</p>","other","moral","他",1,1267,1267,"e","true",NA,NA,NA,NA,"phase_015_subj_43"
5988,654,11,"<p style=""color:rgb(150, 250, 100); font-size: 35px;"">他的</p>","other","moral","他的",1,547,547,"e","true",NA,NA,NA,NA,"phase_015_subj_43"
5989,654,11,"<p style=""color:rgb(150, 250, 100); font-size: 35px;"">本人的</p>","self","moral","本人的",1,595,595,"i","true",NA,NA,NA,NA,"phase_015_subj_43"
5990,654,11,"<p style=""color:rgb(150, 250, 100); font-size: 35px;"">别人</p>","other","moral","别人",1,622,622,"e","true",NA,NA,NA,NA,"phase_015_subj_43"
5991,654,11,"<p style=""color:rgb(150, 250, 100); font-size: 35px;"">本人</p>","self","moral","本人",1,859,859,"i","true",NA,NA,NA,NA,"phase_015_subj_43"
5992,654,11,"<p style=""color:rgb(150, 250, 100); font-size: 35px;"">别人的</p>","other","moral","别人的",1,542,542,"e","true",NA,NA,NA,NA,"phase_015_subj_43"
5993,654,11,"<p style=""color:rgb(150, 250, 100); font-size: 35px;"">我的</p>","self","moral","我的",1,910,910,"i","true",NA,NA,NA,NA,"phase_015_subj_43"
5994,654,11,"<p style=""color:rgb(150, 250, 100); font-size: 35px;"">我</p>","self","moral","我",1,534,534,"i","true",NA,NA,NA,NA,"phase_015_subj_43"
5995,654,11,"<p style=""color:rgb(150, 250, 100); font-size: 35px;"">他人的</p>","other","moral","他人的",1,666,666,"e","true",NA,NA,NA,NA,"phase_015_subj_43"
5996,654,11,"<p style=""color:rgb(150, 250, 100); font-size: 35px;"">自己的</p>","self","moral","自己的",1,508,508,"i","true",NA,NA,NA,NA,"phase_015_subj_43"
5997,654,12,"<p style=""color:white; font-size: 35px;"">正直</p>","positive","moral","正直",2,591,591,"i","true",NA,NA,NA,NA,"phase_015_subj_43"
5998,654,12,"<p style=""color:white; font-size: 35px;"">黑心</p>","negative","moral","黑心",2,454,454,"e","true",NA,NA,NA,NA,"phase_015_subj_43"
5999,654,12,"<p style=""color:white; font-size: 35px;"">高尚</p>","positive","moral","高尚",2,453,453,"i","true",NA,NA,NA,NA,"phase_015_subj_43"
6000,654,12,"<p style=""color:white; font-size: 35px;"">不孝</p>","negative","moral","不孝",2,554,554,"e","true",NA,NA,NA,NA,"phase_015_subj_43"
6001,654,12,"<p style=""color:white; font-size: 35px;"">不仁</p>","negative","moral","不仁",2,534,534,"e","true",NA,NA,NA,NA,"phase_015_subj_43"
6002,654,12,"<p style=""color:white; font-size: 35px;"">善良</p>","positive","moral","善良",2,475,475,"i","true",NA,NA,NA,NA,"phase_015_subj_43"
6003,654,12,"<p style=""color:white; font-size: 35px;"">缺德</p>","negative","moral","缺德",2,505,505,"e","true",NA,NA,NA,NA,"phase_015_subj_43"
6004,654,12,"<p style=""color:white; font-size: 35px;"">卑鄙</p>","negative","moral","卑鄙",2,574,574,"e","true",NA,NA,NA,NA,"phase_015_subj_43"
6005,654,12,"<p style=""color:white; font-size: 35px;"">小人</p>","negative","moral","小人",2,549,549,"e","true",NA,NA,NA,NA,"phase_015_subj_43"
6006,654,12,"<p style=""color:white; font-size: 35px;"">廉正</p>","positive","moral","廉正",2,744,744,"i","true",NA,NA,NA,NA,"phase_015_subj_43"
6007,654,12,"<p style=""color:white; font-size: 35px;"">诚信</p>","positive","moral","诚信",2,349,349,"i","true",NA,NA,NA,NA,"phase_015_subj_43"
6008,654,12,"<p style=""color:white; font-size: 35px;"">君子</p>","positive","moral","君子",2,358,358,"i","true",NA,NA,NA,NA,"phase_015_subj_43"
6009,654,13,"<p style=""color:rgb(150, 250, 100); font-size: 35px;"">我</p>","self","moral","我",3,439,439,"i","true",NA,NA,NA,NA,"phase_015_subj_43"
6010,654,13,"<p style=""color:white; font-size: 35px;"">小人</p>","negative","moral","小人",3,578,578,"e","true",NA,NA,NA,NA,"phase_015_subj_43"
6011,654,13,"<p style=""color:rgb(150, 250, 100); font-size: 35px;"">他的</p>","other","moral","他的",3,804,804,"e","true",NA,NA,NA,NA,"phase_015_subj_43"
6012,654,13,"<p style=""color:white; font-size: 35px;"">善良</p>","positive","moral","善良",3,626,626,"i","true",NA,NA,NA,NA,"phase_015_subj_43"
6013,654,13,"<p style=""color:rgb(150, 250, 100); font-size: 35px;"">别人</p>","other","moral","别人",3,627,627,"e","true",NA,NA,NA,NA,"phase_015_subj_43"
6014,654,13,"<p style=""color:white; font-size: 35px;"">诚信</p>","positive","moral","诚信",3,747,747,"i","true",NA,NA,NA,NA,"phase_015_subj_43"
6015,654,13,"<p style=""color:rgb(150, 250, 100); font-size: 35px;"">本人</p>","self","moral","本人",3,643,643,"i","true",NA,NA,NA,NA,"phase_015_subj_43"
6016,654,13,"<p style=""color:white; font-size: 35px;"">不孝</p>","negative","moral","不孝",3,540,540,"e","true",NA,NA,NA,NA,"phase_015_subj_43"
6017,654,13,"<p style=""color:rgb(150, 250, 100); font-size: 35px;"">自己的</p>","self","moral","自己的",3,946,946,"i","true",NA,NA,NA,NA,"phase_015_subj_43"
6018,654,13,"<p style=""color:white; font-size: 35px;"">廉正</p>","positive","moral","廉正",3,605,605,"i","true",NA,NA,NA,NA,"phase_015_subj_43"
6019,654,13,"<p style=""color:rgb(150, 250, 100); font-size: 35px;"">他</p>","other","moral","他",3,650,650,"e","true",NA,NA,NA,NA,"phase_015_subj_43"
6020,654,13,"<p style=""color:white; font-size: 35px;"">卑鄙</p>","negative","moral","卑鄙",3,754,754,"e","true",NA,NA,NA,NA,"phase_015_subj_43"
6021,654,13,"<p style=""color:rgb(150, 250, 100); font-size: 35px;"">他人</p>","other","moral","他人",3,495,495,"e","true",NA,NA,NA,NA,"phase_015_subj_43"
6022,654,13,"<p style=""color:white; font-size: 35px;"">君子</p>","positive","moral","君子",3,660,660,"i","true",NA,NA,NA,NA,"phase_015_subj_43"
6023,654,13,"<p style=""color:rgb(150, 250, 100); font-size: 35px;"">我的</p>","self","moral","我的",3,723,723,"i","true",NA,NA,NA,NA,"phase_015_subj_43"
6024,654,13,"<p style=""color:white; font-size: 35px;"">缺德</p>","negative","moral","缺德",3,659,659,"e","true",NA,NA,NA,NA,"phase_015_subj_43"
6025,654,13,"<p style=""color:rgb(150, 250, 100); font-size: 35px;"">自己</p>","self","moral","自己",3,1035,1035,"i","true",NA,NA,NA,NA,"phase_015_subj_43"
6026,654,13,"<p style=""color:white; font-size: 35px;"">正直</p>","positive","moral","正直",3,810,810,"i","true",NA,NA,NA,NA,"phase_015_subj_43"
6027,654,13,"<p style=""color:rgb(150, 250, 100); font-size: 35px;"">他人的</p>","other","moral","他人的",3,709,709,"e","true",NA,NA,NA,NA,"phase_015_subj_43"
6028,654,13,"<p style=""color:white; font-size: 35px;"">不仁</p>","negative","moral","不仁",3,826,826,"e","true",NA,NA,NA,NA,"phase_015_subj_43"
6029,654,13,"<p style=""color:rgb(150, 250, 100); font-size: 35px;"">别人的</p>","other","moral","别人的",3,617,617,"e","true",NA,NA,NA,NA,"phase_015_subj_43"
6030,654,13,"<p style=""color:white; font-size: 35px;"">黑心</p>","negative","moral","黑心",3,484,484,"e","true",NA,NA,NA,NA,"phase_015_subj_43"
6031,654,13,"<p style=""color:rgb(150, 250, 100); font-size: 35px;"">本人的</p>","self","moral","本人的",3,997,997,"i","true",NA,NA,NA,NA,"phase_015_subj_43"
6032,654,13,"<p style=""color:white; font-size: 35px;"">高尚</p>","positive","moral","高尚",3,1346,1346,"i","true",NA,NA,NA,NA,"phase_015_subj_43"
6033,654,14,"<p style=""color:rgb(150, 250, 100); font-size: 35px;"">自己的</p>","self","moral","自己的",4,413,413,"i","true",NA,NA,NA,NA,"phase_015_subj_43"
6034,654,14,"<p style=""color:white; font-size: 35px;"">不仁</p>","negative","moral","不仁",4,547,547,"e","true",NA,NA,NA,NA,"phase_015_subj_43"
6035,654,14,"<p style=""color:rgb(150, 250, 100); font-size: 35px;"">他的</p>","other","moral","他的",4,647,647,"e","true",NA,NA,NA,NA,"phase_015_subj_43"
6036,654,14,"<p style=""color:white; font-size: 35px;"">善良</p>","positive","moral","善良",4,662,662,"i","true",NA,NA,NA,NA,"phase_015_subj_43"
6037,654,14,"<p style=""color:rgb(150, 250, 100); font-size: 35px;"">他</p>","other","moral","他",4,1240,1240,"e","true",NA,NA,NA,NA,"phase_015_subj_43"
6038,654,14,"<p style=""color:white; font-size: 35px;"">君子</p>","positive","moral","君子",4,723,723,"i","true",NA,NA,NA,NA,"phase_015_subj_43"
6039,654,14,"<p style=""color:rgb(150, 250, 100); font-size: 35px;"">我</p>","self","moral","我",4,406,406,"i","true",NA,NA,NA,NA,"phase_015_subj_43"
6040,654,14,"<p style=""color:white; font-size: 35px;"">小人</p>","negative","moral","小人",4,559,559,"e","true",NA,NA,NA,NA,"phase_015_subj_43"
6041,654,14,"<p style=""color:rgb(150, 250, 100); font-size: 35px;"">他人</p>","other","moral","他人",4,875,875,"e","true",NA,NA,NA,NA,"phase_015_subj_43"
6042,654,14,"<p style=""color:white; font-size: 35px;"">正直</p>","positive","moral","正直",4,1067,1067,"i","true",NA,NA,NA,NA,"phase_015_subj_43"
6043,654,14,"<p style=""color:rgb(150, 250, 100); font-size: 35px;"">本人</p>","self","moral","本人",4,681,681,"i","true",NA,NA,NA,NA,"phase_015_subj_43"
6044,654,14,"<p style=""color:white; font-size: 35px;"">卑鄙</p>","negative","moral","卑鄙",4,538,538,"e","true",NA,NA,NA,NA,"phase_015_subj_43"
6045,654,14,"<p style=""color:rgb(150, 250, 100); font-size: 35px;"">自己的</p>","self","moral","自己的",4,753,753,"i","true",NA,NA,NA,NA,"phase_015_subj_43"
6046,654,14,"<p style=""color:white; font-size: 35px;"">卑鄙</p>","negative","moral","卑鄙",4,1313,1313,"e","true",NA,NA,NA,NA,"phase_015_subj_43"
6047,654,14,"<p style=""color:rgb(150, 250, 100); font-size: 35px;"">他人的</p>","other","moral","他人的",4,573,573,"e","true",NA,NA,NA,NA,"phase_015_subj_43"
6048,654,14,"<p style=""color:white; font-size: 35px;"">廉正</p>","positive","moral","廉正",4,549,549,"i","true",NA,NA,NA,NA,"phase_015_subj_43"
6049,654,14,"<p style=""color:rgb(150, 250, 100); font-size: 35px;"">我的</p>","self","moral","我的",4,349,349,"i","true",NA,NA,NA,NA,"phase_015_subj_43"
6050,654,14,"<p style=""color:white; font-size: 35px;"">廉正</p>","positive","moral","廉正",4,508,508,"i","true",NA,NA,NA,NA,"phase_015_subj_43"
6051,654,14,"<p style=""color:rgb(150, 250, 100); font-size: 35px;"">别人的</p>","other","moral","别人的",4,571,571,"e","true",NA,NA,NA,NA,"phase_015_subj_43"
6052,654,14,"<p style=""color:white; font-size: 35px;"">黑心</p>","negative","moral","黑心",4,734,734,"e","true",NA,NA,NA,NA,"phase_015_subj_43"
6053,654,14,"<p style=""color:rgb(150, 250, 100); font-size: 35px;"">别人</p>","other","moral","别人",4,601,601,"e","true",NA,NA,NA,NA,"phase_015_subj_43"
6054,654,14,"<p style=""color:white; font-size: 35px;"">君子</p>","positive","moral","君子",4,436,1257.66666666667,"e","false",NA,NA,NA,NA,"phase_015_subj_43"
6055,654,14,"<p style=""color:rgb(150, 250, 100); font-size: 35px;"">本人的</p>","self","moral","本人的",4,452,452,"i","true",NA,NA,NA,NA,"phase_015_subj_43"
6056,654,14,"<p style=""color:white; font-size: 35px;"">不仁</p>","negative","moral","不仁",4,732,732,"e","true",NA,NA,NA,NA,"phase_015_subj_43"
6057,654,14,"<p style=""color:rgb(150, 250, 100); font-size: 35px;"">我的</p>","self","moral","我的",4,504,504,"i","true",NA,NA,NA,NA,"phase_015_subj_43"
6058,654,14,"<p style=""color:white; font-size: 35px;"">小人</p>","negative","moral","小人",4,1042,1042,"e","true",NA,NA,NA,NA,"phase_015_subj_43"
6059,654,14,"<p style=""color:rgb(150, 250, 100); font-size: 35px;"">他人的</p>","other","moral","他人的",4,702,702,"e","true",NA,NA,NA,NA,"phase_015_subj_43"
6060,654,14,"<p style=""color:white; font-size: 35px;"">正直</p>","positive","moral","正直",4,773,773,"i","true",NA,NA,NA,NA,"phase_015_subj_43"
6061,654,14,"<p style=""color:rgb(150, 250, 100); font-size: 35px;"">别人</p>","other","moral","别人",4,416,1257.66666666667,"i","false",NA,NA,NA,NA,"phase_015_subj_43"
6062,654,14,"<p style=""color:white; font-size: 35px;"">善良</p>","positive","moral","善良",4,826,826,"i","true",NA,NA,NA,NA,"phase_015_subj_43"
6063,654,14,"<p style=""color:rgb(150, 250, 100); font-size: 35px;"">本人的</p>","self","moral","本人的",4,577,577,"i","true",NA,NA,NA,NA,"phase_015_subj_43"
6064,654,14,"<p style=""color:white; font-size: 35px;"">不孝</p>","negative","moral","不孝",4,524,524,"e","true",NA,NA,NA,NA,"phase_015_subj_43"
6065,654,14,"<p style=""color:rgb(150, 250, 100); font-size: 35px;"">他</p>","other","moral","他",4,678,678,"e","true",NA,NA,NA,NA,"phase_015_subj_43"
6066,654,14,"<p style=""color:white; font-size: 35px;"">黑心</p>","negative","moral","黑心",4,500,500,"e","true",NA,NA,NA,NA,"phase_015_subj_43"
6067,654,14,"<p style=""color:rgb(150, 250, 100); font-size: 35px;"">我</p>","self","moral","我",4,359,1257.66666666667,"e","false",NA,NA,NA,NA,"phase_015_subj_43"
6068,654,14,"<p style=""color:white; font-size: 35px;"">高尚</p>","positive","moral","高尚",4,482,482,"i","true",NA,NA,NA,NA,"phase_015_subj_43"
6069,654,14,"<p style=""color:rgb(150, 250, 100); font-size: 35px;"">他的</p>","other","moral","他的",4,559,559,"e","true",NA,NA,NA,NA,"phase_015_subj_43"
6070,654,14,"<p style=""color:white; font-size: 35px;"">不孝</p>","negative","moral","不孝",4,541,541,"e","true",NA,NA,NA,NA,"phase_015_subj_43"
6071,654,14,"<p style=""color:rgb(150, 250, 100); font-size: 35px;"">自己</p>","self","moral","自己",4,403,403,"i","true",NA,NA,NA,NA,"phase_015_subj_43"
6072,654,14,"<p style=""color:white; font-size: 35px;"">诚信</p>","positive","moral","诚信",4,478,478,"i","true",NA,NA,NA,NA,"phase_015_subj_43"
6073,654,14,"<p style=""color:rgb(150, 250, 100); font-size: 35px;"">他人</p>","other","moral","他人",4,1672,1672,"e","true",NA,NA,NA,NA,"phase_015_subj_43"
6074,654,14,"<p style=""color:white; font-size: 35px;"">高尚</p>","positive","moral","高尚",4,608,608,"i","true",NA,NA,NA,NA,"phase_015_subj_43"
6075,654,14,"<p style=""color:rgb(150, 250, 100); font-size: 35px;"">自己</p>","self","moral","自己",4,594,594,"i","true",NA,NA,NA,NA,"phase_015_subj_43"
6076,654,14,"<p style=""color:white; font-size: 35px;"">缺德</p>","negative","moral","缺德",4,541,541,"e","true",NA,NA,NA,NA,"phase_015_subj_43"
6077,654,14,"<p style=""color:rgb(150, 250, 100); font-size: 35px;"">别人的</p>","other","moral","别人的",4,445,445,"e","true",NA,NA,NA,NA,"phase_015_subj_43"
6078,654,14,"<p style=""color:white; font-size: 35px;"">缺德</p>","negative","moral","缺德",4,434,434,"e","true",NA,NA,NA,NA,"phase_015_subj_43"
6079,654,14,"<p style=""color:rgb(150, 250, 100); font-size: 35px;"">本人</p>","self","moral","本人",4,531,531,"i","true",NA,NA,NA,NA,"phase_015_subj_43"
6080,654,14,"<p style=""color:white; font-size: 35px;"">诚信</p>","positive","moral","诚信",4,688,688,"i","true",NA,NA,NA,NA,"phase_015_subj_43"
6081,654,15,"<p style=""color:rgb(150, 250, 100); font-size: 35px;"">别人的</p>","other","moral","别人的",5,1056,1056,"i","true",NA,NA,NA,NA,"phase_015_subj_43"
6082,654,15,"<p style=""color:rgb(150, 250, 100); font-size: 35px;"">我</p>","self","moral","我",5,438,438,"e","true",NA,NA,NA,NA,"phase_015_subj_43"
6083,654,15,"<p style=""color:rgb(150, 250, 100); font-size: 35px;"">本人的</p>","self","moral","本人的",5,670,670,"e","true",NA,NA,NA,NA,"phase_015_subj_43"
6084,654,15,"<p style=""color:rgb(150, 250, 100); font-size: 35px;"">我的</p>","self","moral","我的",5,428,428,"e","true",NA,NA,NA,NA,"phase_015_subj_43"
6085,654,15,"<p style=""color:rgb(150, 250, 100); font-size: 35px;"">自己的</p>","self","moral","自己的",5,662,662,"e","true",NA,NA,NA,NA,"phase_015_subj_43"
6086,654,15,"<p style=""color:rgb(150, 250, 100); font-size: 35px;"">他的</p>","other","moral","他的",5,541,541,"i","true",NA,NA,NA,NA,"phase_015_subj_43"
6087,654,15,"<p style=""color:rgb(150, 250, 100); font-size: 35px;"">自己</p>","self","moral","自己",5,644,644,"i","false",NA,NA,NA,NA,"phase_015_subj_43"
6088,654,15,"<p style=""color:rgb(150, 250, 100); font-size: 35px;"">他的</p>","other","moral","他的",5,1393,1393,"i","true",NA,NA,NA,NA,"phase_015_subj_43"
6089,654,15,"<p style=""color:rgb(150, 250, 100); font-size: 35px;"">他人</p>","other","moral","他人",5,436,436,"i","true",NA,NA,NA,NA,"phase_015_subj_43"
6090,654,15,"<p style=""color:rgb(150, 250, 100); font-size: 35px;"">别人的</p>","other","moral","别人的",5,724,724,"i","true",NA,NA,NA,NA,"phase_015_subj_43"
6091,654,15,"<p style=""color:rgb(150, 250, 100); font-size: 35px;"">本人</p>","self","moral","本人",5,566,566,"e","true",NA,NA,NA,NA,"phase_015_subj_43"
6092,654,15,"<p style=""color:rgb(150, 250, 100); font-size: 35px;"">我的</p>","self","moral","我的",5,563,563,"e","true",NA,NA,NA,NA,"phase_015_subj_43"
6093,654,15,"<p style=""color:rgb(150, 250, 100); font-size: 35px;"">他人的</p>","other","moral","他人的",5,502,502,"i","true",NA,NA,NA,NA,"phase_015_subj_43"
6094,654,15,"<p style=""color:rgb(150, 250, 100); font-size: 35px;"">自己</p>","self","moral","自己",5,1086,1086,"e","true",NA,NA,NA,NA,"phase_015_subj_43"
6095,654,15,"<p style=""color:rgb(150, 250, 100); font-size: 35px;"">他人的</p>","other","moral","他人的",5,559,559,"i","true",NA,NA,NA,NA,"phase_015_subj_43"
6096,654,15,"<p style=""color:rgb(150, 250, 100); font-size: 35px;"">别人</p>","other","moral","别人",5,602,602,"i","true",NA,NA,NA,NA,"phase_015_subj_43"
6097,654,15,"<p style=""color:rgb(150, 250, 100); font-size: 35px;"">本人的</p>","self","moral","本人的",5,434,434,"i","false",NA,NA,NA,NA,"phase_015_subj_43"
6098,654,15,"<p style=""color:rgb(150, 250, 100); font-size: 35px;"">他</p>","other","moral","他",5,638,638,"i","true",NA,NA,NA,NA,"phase_015_subj_43"
6099,654,15,"<p style=""color:rgb(150, 250, 100); font-size: 35px;"">本人</p>","self","moral","本人",5,727,727,"e","true",NA,NA,NA,NA,"phase_015_subj_43"
6100,654,15,"<p style=""color:rgb(150, 250, 100); font-size: 35px;"">别人</p>","other","moral","别人",5,1706,1706,"i","true",NA,NA,NA,NA,"phase_015_subj_43"
6101,654,15,"<p style=""color:rgb(150, 250, 100); font-size: 35px;"">我</p>","self","moral","我",5,496,496,"e","true",NA,NA,NA,NA,"phase_015_subj_43"
6102,654,15,"<p style=""color:rgb(150, 250, 100); font-size: 35px;"">他</p>","other","moral","他",5,561,561,"i","true",NA,NA,NA,NA,"phase_015_subj_43"
6103,654,15,"<p style=""color:rgb(150, 250, 100); font-size: 35px;"">自己的</p>","self","moral","自己的",5,753,753,"e","true",NA,NA,NA,NA,"phase_015_subj_43"
6104,654,15,"<p style=""color:rgb(150, 250, 100); font-size: 35px;"">他人</p>","other","moral","他人",5,612,612,"i","true",NA,NA,NA,NA,"phase_015_subj_43"
6105,654,16,"<p style=""color:white; font-size: 35px;"">正直</p>","positive","moral","正直",6,802,802,"i","true",NA,NA,NA,NA,"phase_015_subj_43"
6106,654,16,"<p style=""color:rgb(150, 250, 100); font-size: 35px;"">自己</p>","self","moral","自己",6,657,657,"e","true",NA,NA,NA,NA,"phase_015_subj_43"
6107,654,16,"<p style=""color:white; font-size: 35px;"">卑鄙</p>","negative","moral","卑鄙",6,573,573,"e","true",NA,NA,NA,NA,"phase_015_subj_43"
6108,654,16,"<p style=""color:rgb(150, 250, 100); font-size: 35px;"">别人的</p>","other","moral","别人的",6,826,826,"i","true",NA,NA,NA,NA,"phase_015_subj_43"
6109,654,16,"<p style=""color:white; font-size: 35px;"">不孝</p>","negative","moral","不孝",6,2030,2030,"e","true",NA,NA,NA,NA,"phase_015_subj_43"
6110,654,16,"<p style=""color:rgb(150, 250, 100); font-size: 35px;"">自己的</p>","self","moral","自己的",6,584,584,"e","true",NA,NA,NA,NA,"phase_015_subj_43"
6111,654,16,"<p style=""color:white; font-size: 35px;"">高尚</p>","positive","moral","高尚",6,637,637,"i","true",NA,NA,NA,NA,"phase_015_subj_43"
6112,654,16,"<p style=""color:rgb(150, 250, 100); font-size: 35px;"">他</p>","other","moral","他",6,430,430,"i","true",NA,NA,NA,NA,"phase_015_subj_43"
6113,654,16,"<p style=""color:white; font-size: 35px;"">小人</p>","negative","moral","小人",6,579,579,"e","true",NA,NA,NA,NA,"phase_015_subj_43"
6114,654,16,"<p style=""color:rgb(150, 250, 100); font-size: 35px;"">本人</p>","self","moral","本人",6,660,660,"e","true",NA,NA,NA,NA,"phase_015_subj_43"
6115,654,16,"<p style=""color:white; font-size: 35px;"">善良</p>","positive","moral","善良",6,622,622,"i","true",NA,NA,NA,NA,"phase_015_subj_43"
6116,654,16,"<p style=""color:rgb(150, 250, 100); font-size: 35px;"">别人</p>","other","moral","别人",6,329,329,"i","true",NA,NA,NA,NA,"phase_015_subj_43"
6117,654,16,"<p style=""color:white; font-size: 35px;"">黑心</p>","negative","moral","黑心",6,729,1285.72727272727,"i","false",NA,NA,NA,NA,"phase_015_subj_43"
6118,654,16,"<p style=""color:rgb(150, 250, 100); font-size: 35px;"">我的</p>","self","moral","我的",6,411,411,"e","true",NA,NA,NA,NA,"phase_015_subj_43"
6119,654,16,"<p style=""color:white; font-size: 35px;"">君子</p>","positive","moral","君子",6,495,495,"i","true",NA,NA,NA,NA,"phase_015_subj_43"
6120,654,16,"<p style=""color:rgb(150, 250, 100); font-size: 35px;"">他人的</p>","other","moral","他人的",6,512,512,"i","true",NA,NA,NA,NA,"phase_015_subj_43"
6121,654,16,"<p style=""color:white; font-size: 35px;"">诚信</p>","positive","moral","诚信",6,534,534,"i","true",NA,NA,NA,NA,"phase_015_subj_43"
6122,654,16,"<p style=""color:rgb(150, 250, 100); font-size: 35px;"">他人</p>","other","moral","他人",6,514,514,"i","true",NA,NA,NA,NA,"phase_015_subj_43"
6123,654,16,"<p style=""color:white; font-size: 35px;"">不仁</p>","negative","moral","不仁",6,479,1285.72727272727,"i","false",NA,NA,NA,NA,"phase_015_subj_43"
6124,654,16,"<p style=""color:rgb(150, 250, 100); font-size: 35px;"">我</p>","self","moral","我",6,630,630,"e","true",NA,NA,NA,NA,"phase_015_subj_43"
6125,654,16,"<p style=""color:white; font-size: 35px;"">缺德</p>","negative","moral","缺德",6,543,543,"e","true",NA,NA,NA,NA,"phase_015_subj_43"
6126,654,16,"<p style=""color:rgb(150, 250, 100); font-size: 35px;"">他的</p>","other","moral","他的",6,1464,1464,"i","true",NA,NA,NA,NA,"phase_015_subj_43"
6127,654,16,"<p style=""color:white; font-size: 35px;"">廉正</p>","positive","moral","廉正",6,451,451,"i","true",NA,NA,NA,NA,"phase_015_subj_43"
6128,654,16,"<p style=""color:rgb(150, 250, 100); font-size: 35px;"">本人的</p>","self","moral","本人的",6,803,803,"e","true",NA,NA,NA,NA,"phase_015_subj_43"
6129,654,17,"<p style=""color:white; font-size: 35px;"">卑鄙</p>","negative","moral","卑鄙",7,822,822,"e","true",NA,NA,NA,NA,"phase_015_subj_43"
6130,654,17,"<p style=""color:rgb(150, 250, 100); font-size: 35px;"">本人</p>","self","moral","本人",7,403,403,"e","true",NA,NA,NA,NA,"phase_015_subj_43"
6131,654,17,"<p style=""color:white; font-size: 35px;"">正直</p>","positive","moral","正直",7,424,1367.32558139535,"e","false",NA,NA,NA,NA,"phase_015_subj_43"
6132,654,17,"<p style=""color:rgb(150, 250, 100); font-size: 35px;"">他人</p>","other","moral","他人",7,487,487,"i","true",NA,NA,NA,NA,"phase_015_subj_43"
6133,654,17,"<p style=""color:white; font-size: 35px;"">君子</p>","positive","moral","君子",7,435,435,"i","true",NA,NA,NA,NA,"phase_015_subj_43"
6134,654,17,"<p style=""color:rgb(150, 250, 100); font-size: 35px;"">他人的</p>","other","moral","他人的",7,575,575,"i","true",NA,NA,NA,NA,"phase_015_subj_43"
6135,654,17,"<p style=""color:white; font-size: 35px;"">黑心</p>","negative","moral","黑心",7,499,499,"e","true",NA,NA,NA,NA,"phase_015_subj_43"
6136,654,17,"<p style=""color:rgb(150, 250, 100); font-size: 35px;"">自己的</p>","self","moral","自己的",7,591,591,"e","true",NA,NA,NA,NA,"phase_015_subj_43"
6137,654,17,"<p style=""color:white; font-size: 35px;"">诚信</p>","positive","moral","诚信",7,480,1367.32558139535,"e","false",NA,NA,NA,NA,"phase_015_subj_43"
6138,654,17,"<p style=""color:rgb(150, 250, 100); font-size: 35px;"">我</p>","self","moral","我",7,823,823,"e","true",NA,NA,NA,NA,"phase_015_subj_43"
6139,654,17,"<p style=""color:white; font-size: 35px;"">卑鄙</p>","negative","moral","卑鄙",7,1015,1015,"e","true",NA,NA,NA,NA,"phase_015_subj_43"
6140,654,17,"<p style=""color:rgb(150, 250, 100); font-size: 35px;"">别人的</p>","other","moral","别人的",7,576,576,"i","true",NA,NA,NA,NA,"phase_015_subj_43"
6141,654,17,"<p style=""color:white; font-size: 35px;"">廉正</p>","positive","moral","廉正",7,517,517,"i","true",NA,NA,NA,NA,"phase_015_subj_43"
6142,654,17,"<p style=""color:rgb(150, 250, 100); font-size: 35px;"">本人的</p>","self","moral","本人的",7,626,626,"e","true",NA,NA,NA,NA,"phase_015_subj_43"
6143,654,17,"<p style=""color:white; font-size: 35px;"">缺德</p>","negative","moral","缺德",7,454,454,"e","true",NA,NA,NA,NA,"phase_015_subj_43"
6144,654,17,"<p style=""color:rgb(150, 250, 100); font-size: 35px;"">他</p>","other","moral","他",7,595,595,"i","true",NA,NA,NA,NA,"phase_015_subj_43"
6145,654,17,"<p style=""color:white; font-size: 35px;"">善良</p>","positive","moral","善良",7,778,778,"i","true",NA,NA,NA,NA,"phase_015_subj_43"
6146,654,17,"<p style=""color:rgb(150, 250, 100); font-size: 35px;"">他的</p>","other","moral","他的",7,543,543,"i","true",NA,NA,NA,NA,"phase_015_subj_43"
6147,654,17,"<p style=""color:white; font-size: 35px;"">缺德</p>","negative","moral","缺德",7,460,460,"e","true",NA,NA,NA,NA,"phase_015_subj_43"
6148,654,17,"<p style=""color:rgb(150, 250, 100); font-size: 35px;"">自己</p>","self","moral","自己",7,451,451,"e","true",NA,NA,NA,NA,"phase_015_subj_43"
6149,654,17,"<p style=""color:white; font-size: 35px;"">不仁</p>","negative","moral","不仁",7,463,463,"e","true",NA,NA,NA,NA,"phase_015_subj_43"
6150,654,17,"<p style=""color:rgb(150, 250, 100); font-size: 35px;"">自己的</p>","self","moral","自己的",7,614,614,"e","true",NA,NA,NA,NA,"phase_015_subj_43"
6151,654,17,"<p style=""color:white; font-size: 35px;"">高尚</p>","positive","moral","高尚",7,502,502,"i","true",NA,NA,NA,NA,"phase_015_subj_43"
6152,654,17,"<p style=""color:rgb(150, 250, 100); font-size: 35px;"">他人</p>","other","moral","他人",7,424,424,"i","true",NA,NA,NA,NA,"phase_015_subj_43"
6153,654,17,"<p style=""color:white; font-size: 35px;"">君子</p>","positive","moral","君子",7,423,1367.32558139535,"e","false",NA,NA,NA,NA,"phase_015_subj_43"
6154,654,17,"<p style=""color:rgb(150, 250, 100); font-size: 35px;"">本人</p>","self","moral","本人",7,866,1367.32558139535,"i","false",NA,NA,NA,NA,"phase_015_subj_43"
6155,654,17,"<p style=""color:white; font-size: 35px;"">小人</p>","negative","moral","小人",7,1937,1937,"e","true",NA,NA,NA,NA,"phase_015_subj_43"
6156,654,17,"<p style=""color:rgb(150, 250, 100); font-size: 35px;"">他</p>","other","moral","他",7,1727,1727,"i","true",NA,NA,NA,NA,"phase_015_subj_43"
6157,654,17,"<p style=""color:white; font-size: 35px;"">不孝</p>","negative","moral","不孝",7,540,540,"e","true",NA,NA,NA,NA,"phase_015_subj_43"
6158,654,17,"<p style=""color:rgb(150, 250, 100); font-size: 35px;"">我的</p>","self","moral","我的",7,831,831,"e","true",NA,NA,NA,NA,"phase_015_subj_43"
6159,654,17,"<p style=""color:white; font-size: 35px;"">诚信</p>","positive","moral","诚信",7,625,625,"i","true",NA,NA,NA,NA,"phase_015_subj_43"
6160,654,17,"<p style=""color:rgb(150, 250, 100); font-size: 35px;"">别人</p>","other","moral","别人",7,736,736,"i","true",NA,NA,NA,NA,"phase_015_subj_43"
6161,654,17,"<p style=""color:white; font-size: 35px;"">高尚</p>","positive","moral","高尚",7,395,395,"i","true",NA,NA,NA,NA,"phase_015_subj_43"
6162,654,17,"<p style=""color:rgb(150, 250, 100); font-size: 35px;"">别人的</p>","other","moral","别人的",7,535,535,"i","true",NA,NA,NA,NA,"phase_015_subj_43"
6163,654,17,"<p style=""color:white; font-size: 35px;"">黑心</p>","negative","moral","黑心",7,621,621,"e","true",NA,NA,NA,NA,"phase_015_subj_43"
6164,654,17,"<p style=""color:rgb(150, 250, 100); font-size: 35px;"">本人的</p>","self","moral","本人的",7,1083,1083,"e","true",NA,NA,NA,NA,"phase_015_subj_43"
6165,654,17,"<p style=""color:white; font-size: 35px;"">善良</p>","positive","moral","善良",7,695,695,"i","true",NA,NA,NA,NA,"phase_015_subj_43"
6166,654,17,"<p style=""color:rgb(150, 250, 100); font-size: 35px;"">自己</p>","self","moral","自己",7,1173,1173,"e","true",NA,NA,NA,NA,"phase_015_subj_43"
6167,654,17,"<p style=""color:white; font-size: 35px;"">不孝</p>","negative","moral","不孝",7,637,637,"e","true",NA,NA,NA,NA,"phase_015_subj_43"
6168,654,17,"<p style=""color:rgb(150, 250, 100); font-size: 35px;"">别人</p>","other","moral","别人",7,1396,1396,"i","true",NA,NA,NA,NA,"phase_015_subj_43"
6169,654,17,"<p style=""color:white; font-size: 35px;"">小人</p>","negative","moral","小人",7,677,677,"e","true",NA,NA,NA,NA,"phase_015_subj_43"
6170,654,17,"<p style=""color:rgb(150, 250, 100); font-size: 35px;"">他人的</p>","other","moral","他人的",7,641,641,"i","true",NA,NA,NA,NA,"phase_015_subj_43"
6171,654,17,"<p style=""color:white; font-size: 35px;"">正直</p>","positive","moral","正直",7,1840,1840,"i","true",NA,NA,NA,NA,"phase_015_subj_43"
6172,654,17,"<p style=""color:rgb(150, 250, 100); font-size: 35px;"">我</p>","self","moral","我",7,443,1367.32558139535,"i","false",NA,NA,NA,NA,"phase_015_subj_43"
6173,654,17,"<p style=""color:white; font-size: 35px;"">不仁</p>","negative","moral","不仁",7,1856,1856,"e","true",NA,NA,NA,NA,"phase_015_subj_43"
6174,654,17,"<p style=""color:rgb(150, 250, 100); font-size: 35px;"">我的</p>","self","moral","我的",7,701,701,"e","true",NA,NA,NA,NA,"phase_015_subj_43"
6175,654,17,"<p style=""color:white; font-size: 35px;"">廉正</p>","positive","moral","廉正",7,576,576,"i","true",NA,NA,NA,NA,"phase_015_subj_43"
6176,654,17,"<p style=""color:rgb(150, 250, 100); font-size: 35px;"">他的</p>","other","moral","他的",7,1120,1120,"i","true",NA,NA,NA,NA,"phase_015_subj_43"
6177,562,NA,"
    <h3>词语分类任务</h3>
    <p>在接下来的任务中，你需要对一系列词语进行分类。</p>
    <p>请先熟悉这些词语，这有利于你完成接下来的任务。</p>
    <table align=""center"" border=1 cellpadding=3 cellspacing=0>
    <tr> <th>类别</th> <th>词语</th> </tr>
    <tr> <td>&emsp;积极&emsp;</td> <td>&emsp;能干、全能、全才、高效、精干、天才&emsp;</td> </tr>
    <tr> <td>&emsp;消极&emsp;</td> <td>&emsp;无能、低能、废物、拙笨、愚钝、蠢笨&emsp;</td> </tr>
    <tr> <td>&emsp;自我&emsp;</td> <td>&emsp;我、我的、自己、自己的、本人、本人的&emsp;</td> </tr>
    <tr> <td>&emsp;他人&emsp;</td> <td>&emsp;他、他的、别人、别人的、他人、他人的&emsp;</td> </tr>
    </table><br/>","","","",NA,16230,NA,"0","",1,2,NA,NA,"phase_015_subj_33"
6178,562,1,"<p style=""color:rgb(150, 250, 100); font-size: 35px;"">我的</p>","self","ability","我的",1,636,636,"i","true",NA,NA,NA,NA,"phase_015_subj_33"
6179,562,1,"<p style=""color:rgb(150, 250, 100); font-size: 35px;"">自己</p>","self","ability","自己",1,665,665,"i","true",NA,NA,NA,NA,"phase_015_subj_33"
6180,562,1,"<p style=""color:rgb(150, 250, 100); font-size: 35px;"">别人</p>","other","ability","别人",1,632,632,"e","true",NA,NA,NA,NA,"phase_015_subj_33"
6181,562,1,"<p style=""color:rgb(150, 250, 100); font-size: 35px;"">别人的</p>","other","ability","别人的",1,470,470,"e","true",NA,NA,NA,NA,"phase_015_subj_33"
6182,562,1,"<p style=""color:rgb(150, 250, 100); font-size: 35px;"">本人的</p>","self","ability","本人的",1,504,504,"i","true",NA,NA,NA,NA,"phase_015_subj_33"
6183,562,1,"<p style=""color:rgb(150, 250, 100); font-size: 35px;"">我</p>","self","ability","我",1,461,461,"i","true",NA,NA,NA,NA,"phase_015_subj_33"
6184,562,1,"<p style=""color:rgb(150, 250, 100); font-size: 35px;"">本人</p>","self","ability","本人",1,439,439,"i","true",NA,NA,NA,NA,"phase_015_subj_33"
6185,562,1,"<p style=""color:rgb(150, 250, 100); font-size: 35px;"">他人的</p>","other","ability","他人的",1,602,602,"e","true",NA,NA,NA,NA,"phase_015_subj_33"
6186,562,1,"<p style=""color:rgb(150, 250, 100); font-size: 35px;"">自己的</p>","self","ability","自己的",1,545,545,"i","true",NA,NA,NA,NA,"phase_015_subj_33"
6187,562,1,"<p style=""color:rgb(150, 250, 100); font-size: 35px;"">他</p>","other","ability","他",1,568,568,"e","true",NA,NA,NA,NA,"phase_015_subj_33"
6188,562,1,"<p style=""color:rgb(150, 250, 100); font-size: 35px;"">他的</p>","other","ability","他的",1,430,430,"e","true",NA,NA,NA,NA,"phase_015_subj_33"
6189,562,1,"<p style=""color:rgb(150, 250, 100); font-size: 35px;"">他人</p>","other","ability","他人",1,431,431,"e","true",NA,NA,NA,NA,"phase_015_subj_33"
6190,562,2,"<p style=""color:white; font-size: 35px;"">能干</p>","positive","ability","能干",2,601,601,"e","true",NA,NA,NA,NA,"phase_015_subj_33"
6191,562,2,"<p style=""color:white; font-size: 35px;"">废物</p>","negative","ability","废物",2,528,528,"i","true",NA,NA,NA,NA,"phase_015_subj_33"
6192,562,2,"<p style=""color:white; font-size: 35px;"">精干</p>","positive","ability","精干",2,542,542,"e","true",NA,NA,NA,NA,"phase_015_subj_33"
6193,562,2,"<p style=""color:white; font-size: 35px;"">天才</p>","positive","ability","天才",2,546,546,"e","true",NA,NA,NA,NA,"phase_015_subj_33"
6194,562,2,"<p style=""color:white; font-size: 35px;"">全能</p>","positive","ability","全能",2,490,490,"e","true",NA,NA,NA,NA,"phase_015_subj_33"
6195,562,2,"<p style=""color:white; font-size: 35px;"">高效</p>","positive","ability","高效",2,415,415,"e","true",NA,NA,NA,NA,"phase_015_subj_33"
6196,562,2,"<p style=""color:white; font-size: 35px;"">低能</p>","negative","ability","低能",2,521,521,"i","true",NA,NA,NA,NA,"phase_015_subj_33"
6197,562,2,"<p style=""color:white; font-size: 35px;"">全才</p>","positive","ability","全才",2,500,500,"e","true",NA,NA,NA,NA,"phase_015_subj_33"
6198,562,2,"<p style=""color:white; font-size: 35px;"">拙笨</p>","negative","ability","拙笨",2,523,523,"i","true",NA,NA,NA,NA,"phase_015_subj_33"
6199,562,2,"<p style=""color:white; font-size: 35px;"">无能</p>","negative","ability","无能",2,680,680,"i","true",NA,NA,NA,NA,"phase_015_subj_33"
6200,562,2,"<p style=""color:white; font-size: 35px;"">蠢笨</p>","negative","ability","蠢笨",2,479,479,"i","true",NA,NA,NA,NA,"phase_015_subj_33"
6201,562,2,"<p style=""color:white; font-size: 35px;"">愚钝</p>","negative","ability","愚钝",2,505,505,"i","true",NA,NA,NA,NA,"phase_015_subj_33"
6202,562,3,"<p style=""color:rgb(150, 250, 100); font-size: 35px;"">自己</p>","self","ability","自己",3,593,593,"i","true",NA,NA,NA,NA,"phase_015_subj_33"
6203,562,3,"<p style=""color:white; font-size: 35px;"">天才</p>","positive","ability","天才",3,874,874,"e","true",NA,NA,NA,NA,"phase_015_subj_33"
6204,562,3,"<p style=""color:rgb(150, 250, 100); font-size: 35px;"">别人</p>","other","ability","别人",3,925,925,"e","true",NA,NA,NA,NA,"phase_015_subj_33"
6205,562,3,"<p style=""color:white; font-size: 35px;"">无能</p>","negative","ability","无能",3,1498,1498,"i","true",NA,NA,NA,NA,"phase_015_subj_33"
6206,562,3,"<p style=""color:rgb(150, 250, 100); font-size: 35px;"">他人的</p>","other","ability","他人的",3,753,753,"e","true",NA,NA,NA,NA,"phase_015_subj_33"
6207,562,3,"<p style=""color:white; font-size: 35px;"">能干</p>","positive","ability","能干",3,872,1428.95,"i","false",NA,NA,NA,NA,"phase_015_subj_33"
6208,562,3,"<p style=""color:rgb(150, 250, 100); font-size: 35px;"">本人</p>","self","ability","本人",3,716,716,"i","true",NA,NA,NA,NA,"phase_015_subj_33"
6209,562,3,"<p style=""color:white; font-size: 35px;"">低能</p>","negative","ability","低能",3,917,917,"i","true",NA,NA,NA,NA,"phase_015_subj_33"
6210,562,3,"<p style=""color:rgb(150, 250, 100); font-size: 35px;"">本人的</p>","self","ability","本人的",3,684,684,"i","true",NA,NA,NA,NA,"phase_015_subj_33"
6211,562,3,"<p style=""color:white; font-size: 35px;"">蠢笨</p>","negative","ability","蠢笨",3,548,548,"i","true",NA,NA,NA,NA,"phase_015_subj_33"
6212,562,3,"<p style=""color:rgb(150, 250, 100); font-size: 35px;"">他人</p>","other","ability","他人",3,439,1428.95,"i","false",NA,NA,NA,NA,"phase_015_subj_33"
6213,562,3,"<p style=""color:white; font-size: 35px;"">高效</p>","positive","ability","高效",3,1898,1898,"e","true",NA,NA,NA,NA,"phase_015_subj_33"
6214,562,3,"<p style=""color:rgb(150, 250, 100); font-size: 35px;"">自己的</p>","self","ability","自己的",3,610,610,"i","true",NA,NA,NA,NA,"phase_015_subj_33"
6215,562,3,"<p style=""color:white; font-size: 35px;"">愚钝</p>","negative","ability","愚钝",3,777,777,"i","true",NA,NA,NA,NA,"phase_015_subj_33"
6216,562,3,"<p style=""color:rgb(150, 250, 100); font-size: 35px;"">他的</p>","other","ability","他的",3,631,631,"e","true",NA,NA,NA,NA,"phase_015_subj_33"
6217,562,3,"<p style=""color:white; font-size: 35px;"">全能</p>","positive","ability","全能",3,544,544,"e","true",NA,NA,NA,NA,"phase_015_subj_33"
6218,562,3,"<p style=""color:rgb(150, 250, 100); font-size: 35px;"">别人的</p>","other","ability","别人的",3,548,548,"e","true",NA,NA,NA,NA,"phase_015_subj_33"
6219,562,3,"<p style=""color:white; font-size: 35px;"">废物</p>","negative","ability","废物",3,522,1428.95,"e","false",NA,NA,NA,NA,"phase_015_subj_33"
6220,562,3,"<p style=""color:rgb(150, 250, 100); font-size: 35px;"">我的</p>","self","ability","我的",3,735,735,"i","true",NA,NA,NA,NA,"phase_015_subj_33"
6221,562,3,"<p style=""color:white; font-size: 35px;"">精干</p>","positive","ability","精干",3,1018,1018,"e","true",NA,NA,NA,NA,"phase_015_subj_33"
6222,562,3,"<p style=""color:rgb(150, 250, 100); font-size: 35px;"">我</p>","self","ability","我",3,678,678,"i","true",NA,NA,NA,NA,"phase_015_subj_33"
6223,562,3,"<p style=""color:white; font-size: 35px;"">全才</p>","positive","ability","全才",3,1029,1029,"e","true",NA,NA,NA,NA,"phase_015_subj_33"
6224,562,3,"<p style=""color:rgb(150, 250, 100); font-size: 35px;"">他</p>","other","ability","他",3,603,603,"e","true",NA,NA,NA,NA,"phase_015_subj_33"
6225,562,3,"<p style=""color:white; font-size: 35px;"">拙笨</p>","negative","ability","拙笨",3,626,1428.95,"e","false",NA,NA,NA,NA,"phase_015_subj_33"
6226,562,4,"<p style=""color:rgb(150, 250, 100); font-size: 35px;"">自己</p>","self","ability","自己",4,829,829,"i","true",NA,NA,NA,NA,"phase_015_subj_33"
6227,562,4,"<p style=""color:white; font-size: 35px;"">无能</p>","negative","ability","无能",4,512,512,"i","true",NA,NA,NA,NA,"phase_015_subj_33"
6228,562,4,"<p style=""color:rgb(150, 250, 100); font-size: 35px;"">别人</p>","other","ability","别人",4,630,630,"e","true",NA,NA,NA,NA,"phase_015_subj_33"
6229,562,4,"<p style=""color:white; font-size: 35px;"">全能</p>","positive","ability","全能",4,528,528,"e","true",NA,NA,NA,NA,"phase_015_subj_33"
6230,562,4,"<p style=""color:rgb(150, 250, 100); font-size: 35px;"">他人的</p>","other","ability","他人的",4,550,550,"e","true",NA,NA,NA,NA,"phase_015_subj_33"
6231,562,4,"<p style=""color:white; font-size: 35px;"">废物</p>","negative","ability","废物",4,726,726,"i","true",NA,NA,NA,NA,"phase_015_subj_33"
6232,562,4,"<p style=""color:rgb(150, 250, 100); font-size: 35px;"">本人</p>","self","ability","本人",4,507,507,"i","true",NA,NA,NA,NA,"phase_015_subj_33"
6233,562,4,"<p style=""color:white; font-size: 35px;"">高效</p>","positive","ability","高效",4,1129,1129,"e","true",NA,NA,NA,NA,"phase_015_subj_33"
6234,562,4,"<p style=""color:rgb(150, 250, 100); font-size: 35px;"">他的</p>","other","ability","他的",4,433,433,"e","true",NA,NA,NA,NA,"phase_015_subj_33"
6235,562,4,"<p style=""color:white; font-size: 35px;"">低能</p>","negative","ability","低能",4,618,618,"i","true",NA,NA,NA,NA,"phase_015_subj_33"
6236,562,4,"<p style=""color:rgb(150, 250, 100); font-size: 35px;"">本人的</p>","self","ability","本人的",4,736,736,"i","true",NA,NA,NA,NA,"phase_015_subj_33"
6237,562,4,"<p style=""color:white; font-size: 35px;"">天才</p>","positive","ability","天才",4,663,663,"e","true",NA,NA,NA,NA,"phase_015_subj_33"
6238,562,4,"<p style=""color:rgb(150, 250, 100); font-size: 35px;"">我的</p>","self","ability","我的",4,590,590,"i","true",NA,NA,NA,NA,"phase_015_subj_33"
6239,562,4,"<p style=""color:white; font-size: 35px;"">愚钝</p>","negative","ability","愚钝",4,716,716,"i","true",NA,NA,NA,NA,"phase_015_subj_33"
6240,562,4,"<p style=""color:rgb(150, 250, 100); font-size: 35px;"">他人</p>","other","ability","他人",4,695,695,"e","true",NA,NA,NA,NA,"phase_015_subj_33"
6241,562,4,"<p style=""color:white; font-size: 35px;"">高效</p>","positive","ability","高效",4,634,634,"e","true",NA,NA,NA,NA,"phase_015_subj_33"
6242,562,4,"<p style=""color:rgb(150, 250, 100); font-size: 35px;"">本人</p>","self","ability","本人",4,528,528,"i","true",NA,NA,NA,NA,"phase_015_subj_33"
6243,562,4,"<p style=""color:white; font-size: 35px;"">全能</p>","positive","ability","全能",4,639,639,"e","true",NA,NA,NA,NA,"phase_015_subj_33"
6244,562,4,"<p style=""color:rgb(150, 250, 100); font-size: 35px;"">他的</p>","other","ability","他的",4,651,651,"e","true",NA,NA,NA,NA,"phase_015_subj_33"
6245,562,4,"<p style=""color:white; font-size: 35px;"">低能</p>","negative","ability","低能",4,715,715,"i","true",NA,NA,NA,NA,"phase_015_subj_33"
6246,562,4,"<p style=""color:rgb(150, 250, 100); font-size: 35px;"">别人的</p>","other","ability","别人的",4,813,813,"e","true",NA,NA,NA,NA,"phase_015_subj_33"
6247,562,4,"<p style=""color:white; font-size: 35px;"">全才</p>","positive","ability","全才",4,717,717,"e","true",NA,NA,NA,NA,"phase_015_subj_33"
6248,562,4,"<p style=""color:rgb(150, 250, 100); font-size: 35px;"">本人的</p>","self","ability","本人的",4,700,700,"i","true",NA,NA,NA,NA,"phase_015_subj_33"
6249,562,4,"<p style=""color:white; font-size: 35px;"">废物</p>","negative","ability","废物",4,741,741,"i","true",NA,NA,NA,NA,"phase_015_subj_33"
6250,562,4,"<p style=""color:rgb(150, 250, 100); font-size: 35px;"">我</p>","self","ability","我",4,524,524,"i","true",NA,NA,NA,NA,"phase_015_subj_33"
6251,562,4,"<p style=""color:white; font-size: 35px;"">天才</p>","positive","ability","天才",4,543,1325.23255813953,"i","false",NA,NA,NA,NA,"phase_015_subj_33"
6252,562,4,"<p style=""color:rgb(150, 250, 100); font-size: 35px;"">别人</p>","other","ability","别人",4,613,613,"e","true",NA,NA,NA,NA,"phase_015_subj_33"
6253,562,4,"<p style=""color:white; font-size: 35px;"">拙笨</p>","negative","ability","拙笨",4,974,974,"i","true",NA,NA,NA,NA,"phase_015_subj_33"
6254,562,4,"<p style=""color:rgb(150, 250, 100); font-size: 35px;"">他人的</p>","other","ability","他人的",4,711,711,"e","true",NA,NA,NA,NA,"phase_015_subj_33"
6255,562,4,"<p style=""color:white; font-size: 35px;"">精干</p>","positive","ability","精干",4,1686,1686,"e","true",NA,NA,NA,NA,"phase_015_subj_33"
6256,562,4,"<p style=""color:rgb(150, 250, 100); font-size: 35px;"">自己的</p>","self","ability","自己的",4,548,548,"i","true",NA,NA,NA,NA,"phase_015_subj_33"
6257,562,4,"<p style=""color:white; font-size: 35px;"">蠢笨</p>","negative","ability","蠢笨",4,699,1325.23255813953,"e","false",NA,NA,NA,NA,"phase_015_subj_33"
6258,562,4,"<p style=""color:rgb(150, 250, 100); font-size: 35px;"">自己的</p>","self","ability","自己的",4,608,608,"i","true",NA,NA,NA,NA,"phase_015_subj_33"
6259,562,4,"<p style=""color:white; font-size: 35px;"">全才</p>","positive","ability","全才",4,565,1325.23255813953,"i","false",NA,NA,NA,NA,"phase_015_subj_33"
6260,562,4,"<p style=""color:rgb(150, 250, 100); font-size: 35px;"">别人的</p>","other","ability","别人的",4,726,726,"e","true",NA,NA,NA,NA,"phase_015_subj_33"
6261,562,4,"<p style=""color:white; font-size: 35px;"">蠢笨</p>","negative","ability","蠢笨",4,645,645,"i","true",NA,NA,NA,NA,"phase_015_subj_33"
6262,562,4,"<p style=""color:rgb(150, 250, 100); font-size: 35px;"">他人</p>","other","ability","他人",4,596,1325.23255813953,"i","false",NA,NA,NA,NA,"phase_015_subj_33"
6263,562,4,"<p style=""color:white; font-size: 35px;"">能干</p>","positive","ability","能干",4,1851,1851,"e","true",NA,NA,NA,NA,"phase_015_subj_33"
6264,562,4,"<p style=""color:rgb(150, 250, 100); font-size: 35px;"">我</p>","self","ability","我",4,613,613,"i","true",NA,NA,NA,NA,"phase_015_subj_33"
6265,562,4,"<p style=""color:white; font-size: 35px;"">愚钝</p>","negative","ability","愚钝",4,1052,1325.23255813953,"e","false",NA,NA,NA,NA,"phase_015_subj_33"
6266,562,4,"<p style=""color:rgb(150, 250, 100); font-size: 35px;"">他</p>","other","ability","他",4,1193,1193,"e","true",NA,NA,NA,NA,"phase_015_subj_33"
6267,562,4,"<p style=""color:white; font-size: 35px;"">拙笨</p>","negative","ability","拙笨",4,990,990,"i","true",NA,NA,NA,NA,"phase_015_subj_33"
6268,562,4,"<p style=""color:rgb(150, 250, 100); font-size: 35px;"">自己</p>","self","ability","自己",4,502,502,"i","true",NA,NA,NA,NA,"phase_015_subj_33"
6269,562,4,"<p style=""color:white; font-size: 35px;"">精干</p>","positive","ability","精干",4,654,654,"e","true",NA,NA,NA,NA,"phase_015_subj_33"
6270,562,4,"<p style=""color:rgb(150, 250, 100); font-size: 35px;"">他</p>","other","ability","他",4,656,656,"e","true",NA,NA,NA,NA,"phase_015_subj_33"
6271,562,4,"<p style=""color:white; font-size: 35px;"">能干</p>","positive","ability","能干",4,524,524,"e","true",NA,NA,NA,NA,"phase_015_subj_33"
6272,562,4,"<p style=""color:rgb(150, 250, 100); font-size: 35px;"">我的</p>","self","ability","我的",4,514,514,"i","true",NA,NA,NA,NA,"phase_015_subj_33"
6273,562,4,"<p style=""color:white; font-size: 35px;"">无能</p>","negative","ability","无能",4,653,653,"i","true",NA,NA,NA,NA,"phase_015_subj_33"
6274,562,5,"<p style=""color:rgb(150, 250, 100); font-size: 35px;"">别人</p>","other","ability","别人",5,986,986,"i","true",NA,NA,NA,NA,"phase_015_subj_33"
6275,562,5,"<p style=""color:rgb(150, 250, 100); font-size: 35px;"">别人的</p>","other","ability","别人的",5,426,426,"i","true",NA,NA,NA,NA,"phase_015_subj_33"
6276,562,5,"<p style=""color:rgb(150, 250, 100); font-size: 35px;"">他人</p>","other","ability","他人",5,567,567,"i","true",NA,NA,NA,NA,"phase_015_subj_33"
6277,562,5,"<p style=""color:rgb(150, 250, 100); font-size: 35px;"">我的</p>","self","ability","我的",5,495,495,"e","true",NA,NA,NA,NA,"phase_015_subj_33"
6278,562,5,"<p style=""color:rgb(150, 250, 100); font-size: 35px;"">本人的</p>","self","ability","本人的",5,430,430,"e","true",NA,NA,NA,NA,"phase_015_subj_33"
6279,562,5,"<p style=""color:rgb(150, 250, 100); font-size: 35px;"">别人的</p>","other","ability","别人的",5,512,512,"i","true",NA,NA,NA,NA,"phase_015_subj_33"
6280,562,5,"<p style=""color:rgb(150, 250, 100); font-size: 35px;"">自己的</p>","self","ability","自己的",5,674,674,"e","true",NA,NA,NA,NA,"phase_015_subj_33"
6281,562,5,"<p style=""color:rgb(150, 250, 100); font-size: 35px;"">自己</p>","self","ability","自己",5,407,407,"e","true",NA,NA,NA,NA,"phase_015_subj_33"
6282,562,5,"<p style=""color:rgb(150, 250, 100); font-size: 35px;"">他</p>","other","ability","他",5,540,540,"i","true",NA,NA,NA,NA,"phase_015_subj_33"
6283,562,5,"<p style=""color:rgb(150, 250, 100); font-size: 35px;"">本人的</p>","self","ability","本人的",5,471,471,"e","true",NA,NA,NA,NA,"phase_015_subj_33"
6284,562,5,"<p style=""color:rgb(150, 250, 100); font-size: 35px;"">他人的</p>","other","ability","他人的",5,562,562,"i","true",NA,NA,NA,NA,"phase_015_subj_33"
6285,562,5,"<p style=""color:rgb(150, 250, 100); font-size: 35px;"">别人</p>","other","ability","别人",5,738,738,"i","true",NA,NA,NA,NA,"phase_015_subj_33"
6286,562,5,"<p style=""color:rgb(150, 250, 100); font-size: 35px;"">他人的</p>","other","ability","他人的",5,561,561,"i","true",NA,NA,NA,NA,"phase_015_subj_33"
6287,562,5,"<p style=""color:rgb(150, 250, 100); font-size: 35px;"">自己</p>","self","ability","自己",5,649,649,"e","true",NA,NA,NA,NA,"phase_015_subj_33"
6288,562,5,"<p style=""color:rgb(150, 250, 100); font-size: 35px;"">他人</p>","other","ability","他人",5,539,539,"i","true",NA,NA,NA,NA,"phase_015_subj_33"
6289,562,5,"<p style=""color:rgb(150, 250, 100); font-size: 35px;"">他的</p>","other","ability","他的",5,501,501,"i","true",NA,NA,NA,NA,"phase_015_subj_33"
6290,562,5,"<p style=""color:rgb(150, 250, 100); font-size: 35px;"">本人</p>","self","ability","本人",5,512,512,"e","true",NA,NA,NA,NA,"phase_015_subj_33"
6291,562,5,"<p style=""color:rgb(150, 250, 100); font-size: 35px;"">我</p>","self","ability","我",5,628,628,"e","true",NA,NA,NA,NA,"phase_015_subj_33"
6292,562,5,"<p style=""color:rgb(150, 250, 100); font-size: 35px;"">他</p>","other","ability","他",5,544,544,"i","true",NA,NA,NA,NA,"phase_015_subj_33"
6293,562,5,"<p style=""color:rgb(150, 250, 100); font-size: 35px;"">本人</p>","self","ability","本人",5,473,473,"e","true",NA,NA,NA,NA,"phase_015_subj_33"
6294,562,5,"<p style=""color:rgb(150, 250, 100); font-size: 35px;"">自己的</p>","self","ability","自己的",5,487,487,"e","true",NA,NA,NA,NA,"phase_015_subj_33"
6295,562,5,"<p style=""color:rgb(150, 250, 100); font-size: 35px;"">我的</p>","self","ability","我的",5,572,572,"e","true",NA,NA,NA,NA,"phase_015_subj_33"
6296,562,5,"<p style=""color:rgb(150, 250, 100); font-size: 35px;"">他的</p>","other","ability","他的",5,551,551,"i","true",NA,NA,NA,NA,"phase_015_subj_33"
6297,562,5,"<p style=""color:rgb(150, 250, 100); font-size: 35px;"">我</p>","self","ability","我",5,495,495,"e","true",NA,NA,NA,NA,"phase_015_subj_33"
6298,562,6,"<p style=""color:white; font-size: 35px;"">全能</p>","positive","ability","全能",6,795,795,"e","true",NA,NA,NA,NA,"phase_015_subj_33"
6299,562,6,"<p style=""color:rgb(150, 250, 100); font-size: 35px;"">自己</p>","self","ability","自己",6,485,485,"e","true",NA,NA,NA,NA,"phase_015_subj_33"
6300,562,6,"<p style=""color:white; font-size: 35px;"">愚钝</p>","negative","ability","愚钝",6,673,673,"i","true",NA,NA,NA,NA,"phase_015_subj_33"
6301,562,6,"<p style=""color:rgb(150, 250, 100); font-size: 35px;"">别人的</p>","other","ability","别人的",6,439,439,"i","true",NA,NA,NA,NA,"phase_015_subj_33"
6302,562,6,"<p style=""color:white; font-size: 35px;"">能干</p>","positive","ability","能干",6,594,594,"e","true",NA,NA,NA,NA,"phase_015_subj_33"
6303,562,6,"<p style=""color:rgb(150, 250, 100); font-size: 35px;"">别人</p>","other","ability","别人",6,508,508,"i","true",NA,NA,NA,NA,"phase_015_subj_33"
6304,562,6,"<p style=""color:white; font-size: 35px;"">废物</p>","negative","ability","废物",6,715,715,"i","true",NA,NA,NA,NA,"phase_015_subj_33"
6305,562,6,"<p style=""color:rgb(150, 250, 100); font-size: 35px;"">自己的</p>","self","ability","自己的",6,601,601,"e","true",NA,NA,NA,NA,"phase_015_subj_33"
6306,562,6,"<p style=""color:white; font-size: 35px;"">拙笨</p>","negative","ability","拙笨",6,801,801,"i","true",NA,NA,NA,NA,"phase_015_subj_33"
6307,562,6,"<p style=""color:rgb(150, 250, 100); font-size: 35px;"">他人</p>","other","ability","他人",6,517,517,"i","true",NA,NA,NA,NA,"phase_015_subj_33"
6308,562,6,"<p style=""color:white; font-size: 35px;"">天才</p>","positive","ability","天才",6,478,478,"e","true",NA,NA,NA,NA,"phase_015_subj_33"
6309,562,6,"<p style=""color:rgb(150, 250, 100); font-size: 35px;"">本人</p>","self","ability","本人",6,443,443,"e","true",NA,NA,NA,NA,"phase_015_subj_33"
6310,562,6,"<p style=""color:white; font-size: 35px;"">精干</p>","positive","ability","精干",6,498,498,"e","true",NA,NA,NA,NA,"phase_015_subj_33"
6311,562,6,"<p style=""color:rgb(150, 250, 100); font-size: 35px;"">我</p>","self","ability","我",6,422,422,"e","true",NA,NA,NA,NA,"phase_015_subj_33"
6312,562,6,"<p style=""color:white; font-size: 35px;"">低能</p>","negative","ability","低能",6,573,573,"i","true",NA,NA,NA,NA,"phase_015_subj_33"
6313,562,6,"<p style=""color:rgb(150, 250, 100); font-size: 35px;"">他人的</p>","other","ability","他人的",6,457,457,"i","true",NA,NA,NA,NA,"phase_015_subj_33"
6314,562,6,"<p style=""color:white; font-size: 35px;"">全才</p>","positive","ability","全才",6,523,523,"e","true",NA,NA,NA,NA,"phase_015_subj_33"
6315,562,6,"<p style=""color:rgb(150, 250, 100); font-size: 35px;"">他</p>","other","ability","他",6,487,487,"i","true",NA,NA,NA,NA,"phase_015_subj_33"
6316,562,6,"<p style=""color:white; font-size: 35px;"">无能</p>","negative","ability","无能",6,525,525,"i","true",NA,NA,NA,NA,"phase_015_subj_33"
6317,562,6,"<p style=""color:rgb(150, 250, 100); font-size: 35px;"">本人的</p>","self","ability","本人的",6,590,590,"e","true",NA,NA,NA,NA,"phase_015_subj_33"
6318,562,6,"<p style=""color:white; font-size: 35px;"">蠢笨</p>","negative","ability","蠢笨",6,801,801,"i","true",NA,NA,NA,NA,"phase_015_subj_33"
6319,562,6,"<p style=""color:rgb(150, 250, 100); font-size: 35px;"">他的</p>","other","ability","他的",6,546,546,"i","true",NA,NA,NA,NA,"phase_015_subj_33"
6320,562,6,"<p style=""color:white; font-size: 35px;"">高效</p>","positive","ability","高效",6,706,706,"e","true",NA,NA,NA,NA,"phase_015_subj_33"
6321,562,6,"<p style=""color:rgb(150, 250, 100); font-size: 35px;"">我的</p>","self","ability","我的",6,545,1172.91304347826,"i","false",NA,NA,NA,NA,"phase_015_subj_33"
6322,562,7,"<p style=""color:white; font-size: 35px;"">能干</p>","positive","ability","能干",7,762,762,"e","true",NA,NA,NA,NA,"phase_015_subj_33"
6323,562,7,"<p style=""color:rgb(150, 250, 100); font-size: 35px;"">本人的</p>","self","ability","本人的",7,582,582,"e","true",NA,NA,NA,NA,"phase_015_subj_33"
6324,562,7,"<p style=""color:white; font-size: 35px;"">无能</p>","negative","ability","无能",7,607,607,"i","true",NA,NA,NA,NA,"phase_015_subj_33"
6325,562,7,"<p style=""color:rgb(150, 250, 100); font-size: 35px;"">他人</p>","other","ability","他人",7,499,499,"i","true",NA,NA,NA,NA,"phase_015_subj_33"
6326,562,7,"<p style=""color:white; font-size: 35px;"">拙笨</p>","negative","ability","拙笨",7,506,506,"i","true",NA,NA,NA,NA,"phase_015_subj_33"
6327,562,7,"<p style=""color:rgb(150, 250, 100); font-size: 35px;"">本人</p>","self","ability","本人",7,740,740,"e","true",NA,NA,NA,NA,"phase_015_subj_33"
6328,562,7,"<p style=""color:white; font-size: 35px;"">精干</p>","positive","ability","精干",7,628,628,"e","true",NA,NA,NA,NA,"phase_015_subj_33"
6329,562,7,"<p style=""color:rgb(150, 250, 100); font-size: 35px;"">别人</p>","other","ability","别人",7,487,487,"i","true",NA,NA,NA,NA,"phase_015_subj_33"
6330,562,7,"<p style=""color:white; font-size: 35px;"">全能</p>","positive","ability","全能",7,500,500,"e","true",NA,NA,NA,NA,"phase_015_subj_33"
6331,562,7,"<p style=""color:rgb(150, 250, 100); font-size: 35px;"">他</p>","other","ability","他",7,460,1149.74468085106,"e","false",NA,NA,NA,NA,"phase_015_subj_33"
6332,562,7,"<p style=""color:white; font-size: 35px;"">废物</p>","negative","ability","废物",7,570,570,"i","true",NA,NA,NA,NA,"phase_015_subj_33"
6333,562,7,"<p style=""color:rgb(150, 250, 100); font-size: 35px;"">我</p>","self","ability","我",7,471,471,"e","true",NA,NA,NA,NA,"phase_015_subj_33"
6334,562,7,"<p style=""color:white; font-size: 35px;"">全才</p>","positive","ability","全才",7,413,413,"e","true",NA,NA,NA,NA,"phase_015_subj_33"
6335,562,7,"<p style=""color:rgb(150, 250, 100); font-size: 35px;"">他的</p>","other","ability","他的",7,640,640,"i","true",NA,NA,NA,NA,"phase_015_subj_33"
6336,562,7,"<p style=""color:white; font-size: 35px;"">蠢笨</p>","negative","ability","蠢笨",7,437,437,"i","true",NA,NA,NA,NA,"phase_015_subj_33"
6337,562,7,"<p style=""color:rgb(150, 250, 100); font-size: 35px;"">我的</p>","self","ability","我的",7,531,531,"e","true",NA,NA,NA,NA,"phase_015_subj_33"
6338,562,7,"<p style=""color:white; font-size: 35px;"">全才</p>","positive","ability","全才",7,441,441,"e","true",NA,NA,NA,NA,"phase_015_subj_33"
6339,562,7,"<p style=""color:rgb(150, 250, 100); font-size: 35px;"">别人的</p>","other","ability","别人的",7,541,541,"i","true",NA,NA,NA,NA,"phase_015_subj_33"
6340,562,7,"<p style=""color:white; font-size: 35px;"">愚钝</p>","negative","ability","愚钝",7,521,521,"i","true",NA,NA,NA,NA,"phase_015_subj_33"
6341,562,7,"<p style=""color:rgb(150, 250, 100); font-size: 35px;"">我</p>","self","ability","我",7,770,770,"e","true",NA,NA,NA,NA,"phase_015_subj_33"
6342,562,7,"<p style=""color:white; font-size: 35px;"">天才</p>","positive","ability","天才",7,668,668,"e","true",NA,NA,NA,NA,"phase_015_subj_33"
6343,562,7,"<p style=""color:rgb(150, 250, 100); font-size: 35px;"">本人</p>","self","ability","本人",7,436,436,"e","true",NA,NA,NA,NA,"phase_015_subj_33"
6344,562,7,"<p style=""color:white; font-size: 35px;"">无能</p>","negative","ability","无能",7,509,509,"i","true",NA,NA,NA,NA,"phase_015_subj_33"
6345,562,7,"<p style=""color:rgb(150, 250, 100); font-size: 35px;"">他的</p>","other","ability","他的",7,597,597,"i","true",NA,NA,NA,NA,"phase_015_subj_33"
6346,562,7,"<p style=""color:white; font-size: 35px;"">精干</p>","positive","ability","精干",7,517,517,"e","true",NA,NA,NA,NA,"phase_015_subj_33"
6347,562,7,"<p style=""color:rgb(150, 250, 100); font-size: 35px;"">别人</p>","other","ability","别人",7,588,588,"i","true",NA,NA,NA,NA,"phase_015_subj_33"
6348,562,7,"<p style=""color:white; font-size: 35px;"">蠢笨</p>","negative","ability","蠢笨",7,774,774,"i","true",NA,NA,NA,NA,"phase_015_subj_33"
6349,562,7,"<p style=""color:rgb(150, 250, 100); font-size: 35px;"">我的</p>","self","ability","我的",7,469,469,"e","true",NA,NA,NA,NA,"phase_015_subj_33"
6350,562,7,"<p style=""color:white; font-size: 35px;"">天才</p>","positive","ability","天才",7,446,446,"e","true",NA,NA,NA,NA,"phase_015_subj_33"
6351,562,7,"<p style=""color:rgb(150, 250, 100); font-size: 35px;"">本人的</p>","self","ability","本人的",7,434,434,"e","true",NA,NA,NA,NA,"phase_015_subj_33"
6352,562,7,"<p style=""color:white; font-size: 35px;"">废物</p>","negative","ability","废物",7,614,614,"i","true",NA,NA,NA,NA,"phase_015_subj_33"
6353,562,7,"<p style=""color:rgb(150, 250, 100); font-size: 35px;"">他人</p>","other","ability","他人",7,360,360,"i","true",NA,NA,NA,NA,"phase_015_subj_33"
6354,562,7,"<p style=""color:white; font-size: 35px;"">能干</p>","positive","ability","能干",7,582,582,"e","true",NA,NA,NA,NA,"phase_015_subj_33"
6355,562,7,"<p style=""color:rgb(150, 250, 100); font-size: 35px;"">自己的</p>","self","ability","自己的",7,473,473,"e","true",NA,NA,NA,NA,"phase_015_subj_33"
6356,562,7,"<p style=""color:white; font-size: 35px;"">愚钝</p>","negative","ability","愚钝",7,612,612,"i","true",NA,NA,NA,NA,"phase_015_subj_33"
6357,562,7,"<p style=""color:rgb(150, 250, 100); font-size: 35px;"">他人的</p>","other","ability","他人的",7,512,512,"i","true",NA,NA,NA,NA,"phase_015_subj_33"
6358,562,7,"<p style=""color:white; font-size: 35px;"">低能</p>","negative","ability","低能",7,882,882,"i","true",NA,NA,NA,NA,"phase_015_subj_33"
6359,562,7,"<p style=""color:rgb(150, 250, 100); font-size: 35px;"">自己</p>","self","ability","自己",7,488,488,"e","true",NA,NA,NA,NA,"phase_015_subj_33"
6360,562,7,"<p style=""color:white; font-size: 35px;"">高效</p>","positive","ability","高效",7,487,487,"e","true",NA,NA,NA,NA,"phase_015_subj_33"
6361,562,7,"<p style=""color:rgb(150, 250, 100); font-size: 35px;"">他人的</p>","other","ability","他人的",7,616,616,"i","true",NA,NA,NA,NA,"phase_015_subj_33"
6362,562,7,"<p style=""color:white; font-size: 35px;"">低能</p>","negative","ability","低能",7,418,418,"i","true",NA,NA,NA,NA,"phase_015_subj_33"
6363,562,7,"<p style=""color:rgb(150, 250, 100); font-size: 35px;"">自己的</p>","self","ability","自己的",7,482,482,"e","true",NA,NA,NA,NA,"phase_015_subj_33"
6364,562,7,"<p style=""color:white; font-size: 35px;"">高效</p>","positive","ability","高效",7,638,638,"e","true",NA,NA,NA,NA,"phase_015_subj_33"
6365,562,7,"<p style=""color:rgb(150, 250, 100); font-size: 35px;"">他</p>","other","ability","他",7,434,434,"i","true",NA,NA,NA,NA,"phase_015_subj_33"
6366,562,7,"<p style=""color:white; font-size: 35px;"">拙笨</p>","negative","ability","拙笨",7,424,424,"i","true",NA,NA,NA,NA,"phase_015_subj_33"
6367,562,7,"<p style=""color:rgb(150, 250, 100); font-size: 35px;"">自己</p>","self","ability","自己",7,842,842,"e","true",NA,NA,NA,NA,"phase_015_subj_33"
6368,562,7,"<p style=""color:white; font-size: 35px;"">全能</p>","positive","ability","全能",7,473,473,"e","true",NA,NA,NA,NA,"phase_015_subj_33"
6369,562,7,"<p style=""color:rgb(150, 250, 100); font-size: 35px;"">别人的</p>","other","ability","别人的",7,417,417,"i","true",NA,NA,NA,NA,"phase_015_subj_33"
6370,562,NA,"
    <h3>词语分类任务</h3>
    <p>在接下来的任务中，你需要对一系列词语进行分类。<p/>
    请先熟悉这些词语，这有利于你完成接下来的任务。</p>
    <table align=""center"" border=1 cellpadding=3 cellspacing=0>
    <tr> <th>类别</th> <th>词语</th> </tr>
    <tr> <td>&emsp;积极&emsp;</td> <td>&emsp;高尚、诚信、善良、君子、廉正、正直&emsp;</td> </tr>
    <tr> <td>&emsp;消极&emsp;</td> <td>&emsp;缺德、卑鄙、不孝、不仁、小人、黑心&emsp;</td> </tr>
    <tr> <td>&emsp;自我&emsp;</td> <td>&emsp;我、我的、自己、自己的、本人、本人的&emsp;</td> </tr>
    <tr> <td>&emsp;他人&emsp;</td> <td>&emsp;他、他的、别人、别人的、他人、他人的&emsp;</td> </tr>
    </table><br/>","","","",NA,13256,NA,"0","",NA,NA,1,1,"phase_015_subj_33"
6371,562,11,"<p style=""color:rgb(150, 250, 100); font-size: 35px;"">他</p>","other","moral","他",1,596,596,"e","false",NA,NA,NA,NA,"phase_015_subj_33"
6372,562,11,"<p style=""color:rgb(150, 250, 100); font-size: 35px;"">别人</p>","other","moral","别人",1,503,503,"i","true",NA,NA,NA,NA,"phase_015_subj_33"
6373,562,11,"<p style=""color:rgb(150, 250, 100); font-size: 35px;"">本人的</p>","self","moral","本人的",1,504,504,"e","true",NA,NA,NA,NA,"phase_015_subj_33"
6374,562,11,"<p style=""color:rgb(150, 250, 100); font-size: 35px;"">自己</p>","self","moral","自己",1,408,408,"e","true",NA,NA,NA,NA,"phase_015_subj_33"
6375,562,11,"<p style=""color:rgb(150, 250, 100); font-size: 35px;"">自己的</p>","self","moral","自己的",1,393,393,"e","true",NA,NA,NA,NA,"phase_015_subj_33"
6376,562,11,"<p style=""color:rgb(150, 250, 100); font-size: 35px;"">别人的</p>","other","moral","别人的",1,508,508,"i","true",NA,NA,NA,NA,"phase_015_subj_33"
6377,562,11,"<p style=""color:rgb(150, 250, 100); font-size: 35px;"">他人的</p>","other","moral","他人的",1,638,638,"i","true",NA,NA,NA,NA,"phase_015_subj_33"
6378,562,11,"<p style=""color:rgb(150, 250, 100); font-size: 35px;"">本人</p>","self","moral","本人",1,434,434,"e","true",NA,NA,NA,NA,"phase_015_subj_33"
6379,562,11,"<p style=""color:rgb(150, 250, 100); font-size: 35px;"">我</p>","self","moral","我",1,377,377,"e","true",NA,NA,NA,NA,"phase_015_subj_33"
6380,562,11,"<p style=""color:rgb(150, 250, 100); font-size: 35px;"">他人</p>","other","moral","他人",1,463,463,"i","true",NA,NA,NA,NA,"phase_015_subj_33"
6381,562,11,"<p style=""color:rgb(150, 250, 100); font-size: 35px;"">他的</p>","other","moral","他的",1,396,396,"i","true",NA,NA,NA,NA,"phase_015_subj_33"
6382,562,11,"<p style=""color:rgb(150, 250, 100); font-size: 35px;"">我的</p>","self","moral","我的",1,534,534,"e","true",NA,NA,NA,NA,"phase_015_subj_33"
6383,562,12,"<p style=""color:white; font-size: 35px;"">廉正</p>","positive","moral","廉正",2,809,809,"e","true",NA,NA,NA,NA,"phase_015_subj_33"
6384,562,12,"<p style=""color:white; font-size: 35px;"">高尚</p>","positive","moral","高尚",2,415,415,"e","true",NA,NA,NA,NA,"phase_015_subj_33"
6385,562,12,"<p style=""color:white; font-size: 35px;"">诚信</p>","positive","moral","诚信",2,439,439,"e","true",NA,NA,NA,NA,"phase_015_subj_33"
6386,562,12,"<p style=""color:white; font-size: 35px;"">小人</p>","negative","moral","小人",2,487,487,"i","true",NA,NA,NA,NA,"phase_015_subj_33"
6387,562,12,"<p style=""color:white; font-size: 35px;"">缺德</p>","negative","moral","缺德",2,457,457,"i","true",NA,NA,NA,NA,"phase_015_subj_33"
6388,562,12,"<p style=""color:white; font-size: 35px;"">不仁</p>","negative","moral","不仁",2,394,394,"i","true",NA,NA,NA,NA,"phase_015_subj_33"
6389,562,12,"<p style=""color:white; font-size: 35px;"">君子</p>","positive","moral","君子",2,409,409,"e","true",NA,NA,NA,NA,"phase_015_subj_33"
6390,562,12,"<p style=""color:white; font-size: 35px;"">卑鄙</p>","negative","moral","卑鄙",2,439,439,"i","true",NA,NA,NA,NA,"phase_015_subj_33"
6391,562,12,"<p style=""color:white; font-size: 35px;"">黑心</p>","negative","moral","黑心",2,638,638,"i","true",NA,NA,NA,NA,"phase_015_subj_33"
6392,562,12,"<p style=""color:white; font-size: 35px;"">善良</p>","positive","moral","善良",2,539,539,"e","true",NA,NA,NA,NA,"phase_015_subj_33"
6393,562,12,"<p style=""color:white; font-size: 35px;"">不孝</p>","negative","moral","不孝",2,702,702,"i","true",NA,NA,NA,NA,"phase_015_subj_33"
6394,562,12,"<p style=""color:white; font-size: 35px;"">正直</p>","positive","moral","正直",2,637,637,"e","true",NA,NA,NA,NA,"phase_015_subj_33"
6395,562,13,"<p style=""color:rgb(150, 250, 100); font-size: 35px;"">我的</p>","self","moral","我的",3,535,535,"e","true",NA,NA,NA,NA,"phase_015_subj_33"
6396,562,13,"<p style=""color:white; font-size: 35px;"">卑鄙</p>","negative","moral","卑鄙",3,702,702,"i","true",NA,NA,NA,NA,"phase_015_subj_33"
6397,562,13,"<p style=""color:rgb(150, 250, 100); font-size: 35px;"">别人的</p>","other","moral","别人的",3,625,625,"i","true",NA,NA,NA,NA,"phase_015_subj_33"
6398,562,13,"<p style=""color:white; font-size: 35px;"">诚信</p>","positive","moral","诚信",3,593,593,"e","true",NA,NA,NA,NA,"phase_015_subj_33"
6399,562,13,"<p style=""color:rgb(150, 250, 100); font-size: 35px;"">他的</p>","other","moral","他的",3,590,590,"i","true",NA,NA,NA,NA,"phase_015_subj_33"
6400,562,13,"<p style=""color:white; font-size: 35px;"">缺德</p>","negative","moral","缺德",3,579,579,"i","true",NA,NA,NA,NA,"phase_015_subj_33"
6401,562,13,"<p style=""color:rgb(150, 250, 100); font-size: 35px;"">我</p>","self","moral","我",3,661,661,"e","true",NA,NA,NA,NA,"phase_015_subj_33"
6402,562,13,"<p style=""color:white; font-size: 35px;"">正直</p>","positive","moral","正直",3,444,444,"e","true",NA,NA,NA,NA,"phase_015_subj_33"
6403,562,13,"<p style=""color:rgb(150, 250, 100); font-size: 35px;"">他人的</p>","other","moral","他人的",3,538,538,"i","true",NA,NA,NA,NA,"phase_015_subj_33"
6404,562,13,"<p style=""color:white; font-size: 35px;"">君子</p>","positive","moral","君子",3,718,718,"e","true",NA,NA,NA,NA,"phase_015_subj_33"
6405,562,13,"<p style=""color:rgb(150, 250, 100); font-size: 35px;"">本人的</p>","self","moral","本人的",3,544,544,"e","true",NA,NA,NA,NA,"phase_015_subj_33"
6406,562,13,"<p style=""color:white; font-size: 35px;"">不孝</p>","negative","moral","不孝",3,662,662,"i","true",NA,NA,NA,NA,"phase_015_subj_33"
6407,562,13,"<p style=""color:rgb(150, 250, 100); font-size: 35px;"">自己</p>","self","moral","自己",3,973,973,"e","true",NA,NA,NA,NA,"phase_015_subj_33"
6408,562,13,"<p style=""color:white; font-size: 35px;"">小人</p>","negative","moral","小人",3,562,562,"i","true",NA,NA,NA,NA,"phase_015_subj_33"
6409,562,13,"<p style=""color:rgb(150, 250, 100); font-size: 35px;"">他</p>","other","moral","他",3,986,1202.04545454545,"e","false",NA,NA,NA,NA,"phase_015_subj_33"
6410,562,13,"<p style=""color:white; font-size: 35px;"">善良</p>","positive","moral","善良",3,603,603,"e","true",NA,NA,NA,NA,"phase_015_subj_33"
6411,562,13,"<p style=""color:rgb(150, 250, 100); font-size: 35px;"">他人</p>","other","moral","他人",3,400,1202.04545454545,"e","false",NA,NA,NA,NA,"phase_015_subj_33"
6412,562,13,"<p style=""color:white; font-size: 35px;"">高尚</p>","positive","moral","高尚",3,624,624,"e","true",NA,NA,NA,NA,"phase_015_subj_33"
6413,562,13,"<p style=""color:rgb(150, 250, 100); font-size: 35px;"">本人</p>","self","moral","本人",3,518,518,"e","true",NA,NA,NA,NA,"phase_015_subj_33"
6414,562,13,"<p style=""color:white; font-size: 35px;"">黑心</p>","negative","moral","黑心",3,556,556,"i","true",NA,NA,NA,NA,"phase_015_subj_33"
6415,562,13,"<p style=""color:rgb(150, 250, 100); font-size: 35px;"">自己的</p>","self","moral","自己的",3,621,621,"e","true",NA,NA,NA,NA,"phase_015_subj_33"
6416,562,13,"<p style=""color:white; font-size: 35px;"">廉正</p>","positive","moral","廉正",3,532,532,"e","true",NA,NA,NA,NA,"phase_015_subj_33"
6417,562,13,"<p style=""color:rgb(150, 250, 100); font-size: 35px;"">别人</p>","other","moral","别人",3,522,522,"i","true",NA,NA,NA,NA,"phase_015_subj_33"
6418,562,13,"<p style=""color:white; font-size: 35px;"">不仁</p>","negative","moral","不仁",3,543,543,"i","true",NA,NA,NA,NA,"phase_015_subj_33"
6419,562,14,"<p style=""color:rgb(150, 250, 100); font-size: 35px;"">自己</p>","self","moral","自己",4,800,800,"e","true",NA,NA,NA,NA,"phase_015_subj_33"
6420,562,14,"<p style=""color:white; font-size: 35px;"">正直</p>","positive","moral","正直",4,457,457,"e","true",NA,NA,NA,NA,"phase_015_subj_33"
6421,562,14,"<p style=""color:rgb(150, 250, 100); font-size: 35px;"">他人</p>","other","moral","他人",4,472,472,"i","true",NA,NA,NA,NA,"phase_015_subj_33"
6422,562,14,"<p style=""color:white; font-size: 35px;"">不孝</p>","negative","moral","不孝",4,938,938,"i","true",NA,NA,NA,NA,"phase_015_subj_33"
6423,562,14,"<p style=""color:rgb(150, 250, 100); font-size: 35px;"">我</p>","self","moral","我",4,544,544,"e","true",NA,NA,NA,NA,"phase_015_subj_33"
6424,562,14,"<p style=""color:white; font-size: 35px;"">君子</p>","positive","moral","君子",4,419,419,"e","true",NA,NA,NA,NA,"phase_015_subj_33"
6425,562,14,"<p style=""color:rgb(150, 250, 100); font-size: 35px;"">别人</p>","other","moral","别人",4,430,430,"i","true",NA,NA,NA,NA,"phase_015_subj_33"
6426,562,14,"<p style=""color:white; font-size: 35px;"">不仁</p>","negative","moral","不仁",4,317,317,"i","true",NA,NA,NA,NA,"phase_015_subj_33"
6427,562,14,"<p style=""color:rgb(150, 250, 100); font-size: 35px;"">他</p>","other","moral","他",4,338,1176.07142857143,"e","false",NA,NA,NA,NA,"phase_015_subj_33"
6428,562,14,"<p style=""color:white; font-size: 35px;"">缺德</p>","negative","moral","缺德",4,530,530,"i","true",NA,NA,NA,NA,"phase_015_subj_33"
6429,562,14,"<p style=""color:rgb(150, 250, 100); font-size: 35px;"">本人</p>","self","moral","本人",4,541,541,"e","true",NA,NA,NA,NA,"phase_015_subj_33"
6430,562,14,"<p style=""color:white; font-size: 35px;"">高尚</p>","positive","moral","高尚",4,420,420,"e","true",NA,NA,NA,NA,"phase_015_subj_33"
6431,562,14,"<p style=""color:rgb(150, 250, 100); font-size: 35px;"">别人的</p>","other","moral","别人的",4,555,555,"i","true",NA,NA,NA,NA,"phase_015_subj_33"
6432,562,14,"<p style=""color:white; font-size: 35px;"">善良</p>","positive","moral","善良",4,389,1176.07142857143,"i","false",NA,NA,NA,NA,"phase_015_subj_33"
6433,562,14,"<p style=""color:rgb(150, 250, 100); font-size: 35px;"">本人的</p>","self","moral","本人的",4,813,813,"e","true",NA,NA,NA,NA,"phase_015_subj_33"
6434,562,14,"<p style=""color:white; font-size: 35px;"">小人</p>","negative","moral","小人",4,550,550,"i","true",NA,NA,NA,NA,"phase_015_subj_33"
6435,562,14,"<p style=""color:rgb(150, 250, 100); font-size: 35px;"">我的</p>","self","moral","我的",4,503,503,"e","true",NA,NA,NA,NA,"phase_015_subj_33"
6436,562,14,"<p style=""color:white; font-size: 35px;"">高尚</p>","positive","moral","高尚",4,562,1176.07142857143,"i","false",NA,NA,NA,NA,"phase_015_subj_33"
6437,562,14,"<p style=""color:rgb(150, 250, 100); font-size: 35px;"">别人的</p>","other","moral","别人的",4,506,506,"i","true",NA,NA,NA,NA,"phase_015_subj_33"
6438,562,14,"<p style=""color:white; font-size: 35px;"">黑心</p>","negative","moral","黑心",4,452,452,"i","true",NA,NA,NA,NA,"phase_015_subj_33"
6439,562,14,"<p style=""color:rgb(150, 250, 100); font-size: 35px;"">我的</p>","self","moral","我的",4,428,428,"e","true",NA,NA,NA,NA,"phase_015_subj_33"
6440,562,14,"<p style=""color:white; font-size: 35px;"">正直</p>","positive","moral","正直",4,515,515,"e","true",NA,NA,NA,NA,"phase_015_subj_33"
6441,562,14,"<p style=""color:rgb(150, 250, 100); font-size: 35px;"">他人</p>","other","moral","他人",4,503,503,"i","true",NA,NA,NA,NA,"phase_015_subj_33"
6442,562,14,"<p style=""color:white; font-size: 35px;"">不仁</p>","negative","moral","不仁",4,446,446,"i","true",NA,NA,NA,NA,"phase_015_subj_33"
6443,562,14,"<p style=""color:rgb(150, 250, 100); font-size: 35px;"">他</p>","other","moral","他",4,574,574,"i","true",NA,NA,NA,NA,"phase_015_subj_33"
6444,562,14,"<p style=""color:white; font-size: 35px;"">廉正</p>","positive","moral","廉正",4,673,673,"e","true",NA,NA,NA,NA,"phase_015_subj_33"
6445,562,14,"<p style=""color:rgb(150, 250, 100); font-size: 35px;"">本人</p>","self","moral","本人",4,932,932,"e","true",NA,NA,NA,NA,"phase_015_subj_33"
6446,562,14,"<p style=""color:white; font-size: 35px;"">小人</p>","negative","moral","小人",4,592,592,"i","true",NA,NA,NA,NA,"phase_015_subj_33"
6447,562,14,"<p style=""color:rgb(150, 250, 100); font-size: 35px;"">自己</p>","self","moral","自己",4,491,1176.07142857143,"i","false",NA,NA,NA,NA,"phase_015_subj_33"
6448,562,14,"<p style=""color:white; font-size: 35px;"">卑鄙</p>","negative","moral","卑鄙",4,612,612,"i","true",NA,NA,NA,NA,"phase_015_subj_33"
6449,562,14,"<p style=""color:rgb(150, 250, 100); font-size: 35px;"">别人</p>","other","moral","别人",4,658,658,"i","true",NA,NA,NA,NA,"phase_015_subj_33"
6450,562,14,"<p style=""color:white; font-size: 35px;"">善良</p>","positive","moral","善良",4,604,604,"e","true",NA,NA,NA,NA,"phase_015_subj_33"
6451,562,14,"<p style=""color:rgb(150, 250, 100); font-size: 35px;"">本人的</p>","self","moral","本人的",4,641,641,"e","true",NA,NA,NA,NA,"phase_015_subj_33"
6452,562,14,"<p style=""color:white; font-size: 35px;"">卑鄙</p>","negative","moral","卑鄙",4,616,616,"i","true",NA,NA,NA,NA,"phase_015_subj_33"
6453,562,14,"<p style=""color:rgb(150, 250, 100); font-size: 35px;"">他人的</p>","other","moral","他人的",4,516,516,"i","true",NA,NA,NA,NA,"phase_015_subj_33"
6454,562,14,"<p style=""color:white; font-size: 35px;"">廉正</p>","positive","moral","廉正",4,597,597,"e","true",NA,NA,NA,NA,"phase_015_subj_33"
6455,562,14,"<p style=""color:rgb(150, 250, 100); font-size: 35px;"">我</p>","self","moral","我",4,375,375,"e","true",NA,NA,NA,NA,"phase_015_subj_33"
6456,562,14,"<p style=""color:white; font-size: 35px;"">君子</p>","positive","moral","君子",4,661,661,"e","true",NA,NA,NA,NA,"phase_015_subj_33"
6457,562,14,"<p style=""color:rgb(150, 250, 100); font-size: 35px;"">他人的</p>","other","moral","他人的",4,475,475,"i","true",NA,NA,NA,NA,"phase_015_subj_33"
6458,562,14,"<p style=""color:white; font-size: 35px;"">不孝</p>","negative","moral","不孝",4,674,1176.07142857143,"e","false",NA,NA,NA,NA,"phase_015_subj_33"
6459,562,14,"<p style=""color:rgb(150, 250, 100); font-size: 35px;"">他的</p>","other","moral","他的",4,581,581,"i","true",NA,NA,NA,NA,"phase_015_subj_33"
6460,562,14,"<p style=""color:white; font-size: 35px;"">缺德</p>","negative","moral","缺德",4,837,837,"i","true",NA,NA,NA,NA,"phase_015_subj_33"
6461,562,14,"<p style=""color:rgb(150, 250, 100); font-size: 35px;"">自己的</p>","self","moral","自己的",4,608,608,"e","true",NA,NA,NA,NA,"phase_015_subj_33"
6462,562,14,"<p style=""color:white; font-size: 35px;"">诚信</p>","positive","moral","诚信",4,511,511,"e","true",NA,NA,NA,NA,"phase_015_subj_33"
6463,562,14,"<p style=""color:rgb(150, 250, 100); font-size: 35px;"">他的</p>","other","moral","他的",4,521,1176.07142857143,"e","false",NA,NA,NA,NA,"phase_015_subj_33"
6464,562,14,"<p style=""color:white; font-size: 35px;"">诚信</p>","positive","moral","诚信",4,755,755,"e","true",NA,NA,NA,NA,"phase_015_subj_33"
6465,562,14,"<p style=""color:rgb(150, 250, 100); font-size: 35px;"">自己的</p>","self","moral","自己的",4,644,644,"e","true",NA,NA,NA,NA,"phase_015_subj_33"
6466,562,14,"<p style=""color:white; font-size: 35px;"">黑心</p>","negative","moral","黑心",4,594,594,"i","true",NA,NA,NA,NA,"phase_015_subj_33"
6467,562,15,"<p style=""color:rgb(150, 250, 100); font-size: 35px;"">我的</p>","self","moral","我的",5,519,519,"i","true",NA,NA,NA,NA,"phase_015_subj_33"
6468,562,15,"<p style=""color:rgb(150, 250, 100); font-size: 35px;"">我</p>","self","moral","我",5,350,350,"i","true",NA,NA,NA,NA,"phase_015_subj_33"
6469,562,15,"<p style=""color:rgb(150, 250, 100); font-size: 35px;"">自己</p>","self","moral","自己",5,346,346,"i","true",NA,NA,NA,NA,"phase_015_subj_33"
6470,562,15,"<p style=""color:rgb(150, 250, 100); font-size: 35px;"">他的</p>","other","moral","他的",5,367,367,"i","false",NA,NA,NA,NA,"phase_015_subj_33"
6471,562,15,"<p style=""color:rgb(150, 250, 100); font-size: 35px;"">本人的</p>","self","moral","本人的",5,539,539,"i","true",NA,NA,NA,NA,"phase_015_subj_33"
6472,562,15,"<p style=""color:rgb(150, 250, 100); font-size: 35px;"">我的</p>","self","moral","我的",5,393,393,"i","true",NA,NA,NA,NA,"phase_015_subj_33"
6473,562,15,"<p style=""color:rgb(150, 250, 100); font-size: 35px;"">本人的</p>","self","moral","本人的",5,465,465,"i","true",NA,NA,NA,NA,"phase_015_subj_33"
6474,562,15,"<p style=""color:rgb(150, 250, 100); font-size: 35px;"">他</p>","other","moral","他",5,396,396,"i","false",NA,NA,NA,NA,"phase_015_subj_33"
6475,562,15,"<p style=""color:rgb(150, 250, 100); font-size: 35px;"">本人</p>","self","moral","本人",5,534,534,"i","true",NA,NA,NA,NA,"phase_015_subj_33"
6476,562,15,"<p style=""color:rgb(150, 250, 100); font-size: 35px;"">别人的</p>","other","moral","别人的",5,564,564,"e","true",NA,NA,NA,NA,"phase_015_subj_33"
6477,562,15,"<p style=""color:rgb(150, 250, 100); font-size: 35px;"">别人</p>","other","moral","别人",5,630,630,"e","true",NA,NA,NA,NA,"phase_015_subj_33"
6478,562,15,"<p style=""color:rgb(150, 250, 100); font-size: 35px;"">本人</p>","self","moral","本人",5,513,513,"i","true",NA,NA,NA,NA,"phase_015_subj_33"
6479,562,15,"<p style=""color:rgb(150, 250, 100); font-size: 35px;"">自己</p>","self","moral","自己",5,543,543,"i","true",NA,NA,NA,NA,"phase_015_subj_33"
6480,562,15,"<p style=""color:rgb(150, 250, 100); font-size: 35px;"">别人</p>","other","moral","别人",5,495,495,"e","true",NA,NA,NA,NA,"phase_015_subj_33"
6481,562,15,"<p style=""color:rgb(150, 250, 100); font-size: 35px;"">我</p>","self","moral","我",5,422,422,"i","true",NA,NA,NA,NA,"phase_015_subj_33"
6482,562,15,"<p style=""color:rgb(150, 250, 100); font-size: 35px;"">自己的</p>","self","moral","自己的",5,583,583,"i","true",NA,NA,NA,NA,"phase_015_subj_33"
6483,562,15,"<p style=""color:rgb(150, 250, 100); font-size: 35px;"">他</p>","other","moral","他",5,607,607,"e","true",NA,NA,NA,NA,"phase_015_subj_33"
6484,562,15,"<p style=""color:rgb(150, 250, 100); font-size: 35px;"">他人</p>","other","moral","他人",5,544,544,"e","true",NA,NA,NA,NA,"phase_015_subj_33"
6485,562,15,"<p style=""color:rgb(150, 250, 100); font-size: 35px;"">他人的</p>","other","moral","他人的",5,391,391,"e","true",NA,NA,NA,NA,"phase_015_subj_33"
6486,562,15,"<p style=""color:rgb(150, 250, 100); font-size: 35px;"">别人的</p>","other","moral","别人的",5,575,575,"i","false",NA,NA,NA,NA,"phase_015_subj_33"
6487,562,15,"<p style=""color:rgb(150, 250, 100); font-size: 35px;"">他人</p>","other","moral","他人",5,566,566,"e","true",NA,NA,NA,NA,"phase_015_subj_33"
6488,562,15,"<p style=""color:rgb(150, 250, 100); font-size: 35px;"">他人的</p>","other","moral","他人的",5,397,397,"e","true",NA,NA,NA,NA,"phase_015_subj_33"
6489,562,15,"<p style=""color:rgb(150, 250, 100); font-size: 35px;"">自己的</p>","self","moral","自己的",5,489,489,"i","true",NA,NA,NA,NA,"phase_015_subj_33"
6490,562,15,"<p style=""color:rgb(150, 250, 100); font-size: 35px;"">他的</p>","other","moral","他的",5,397,397,"i","false",NA,NA,NA,NA,"phase_015_subj_33"
6491,562,16,"<p style=""color:white; font-size: 35px;"">君子</p>","positive","moral","君子",6,923,923,"e","true",NA,NA,NA,NA,"phase_015_subj_33"
6492,562,16,"<p style=""color:rgb(150, 250, 100); font-size: 35px;"">本人</p>","self","moral","本人",6,581,581,"i","true",NA,NA,NA,NA,"phase_015_subj_33"
6493,562,16,"<p style=""color:white; font-size: 35px;"">缺德</p>","negative","moral","缺德",6,1004,1004,"i","true",NA,NA,NA,NA,"phase_015_subj_33"
6494,562,16,"<p style=""color:rgb(150, 250, 100); font-size: 35px;"">他人</p>","other","moral","他人",6,657,657,"e","true",NA,NA,NA,NA,"phase_015_subj_33"
6495,562,16,"<p style=""color:white; font-size: 35px;"">诚信</p>","positive","moral","诚信",6,528,528,"e","true",NA,NA,NA,NA,"phase_015_subj_33"
6496,562,16,"<p style=""color:rgb(150, 250, 100); font-size: 35px;"">自己的</p>","self","moral","自己的",6,609,609,"i","true",NA,NA,NA,NA,"phase_015_subj_33"
6497,562,16,"<p style=""color:white; font-size: 35px;"">不仁</p>","negative","moral","不仁",6,832,832,"i","true",NA,NA,NA,NA,"phase_015_subj_33"
6498,562,16,"<p style=""color:rgb(150, 250, 100); font-size: 35px;"">他</p>","other","moral","他",6,529,529,"e","true",NA,NA,NA,NA,"phase_015_subj_33"
6499,562,16,"<p style=""color:white; font-size: 35px;"">不孝</p>","negative","moral","不孝",6,742,742,"i","true",NA,NA,NA,NA,"phase_015_subj_33"
6500,562,16,"<p style=""color:rgb(150, 250, 100); font-size: 35px;"">我的</p>","self","moral","我的",6,590,590,"i","true",NA,NA,NA,NA,"phase_015_subj_33"
6501,562,16,"<p style=""color:white; font-size: 35px;"">正直</p>","positive","moral","正直",6,667,667,"e","true",NA,NA,NA,NA,"phase_015_subj_33"
6502,562,16,"<p style=""color:rgb(150, 250, 100); font-size: 35px;"">别人</p>","other","moral","别人",6,689,689,"e","true",NA,NA,NA,NA,"phase_015_subj_33"
6503,562,16,"<p style=""color:white; font-size: 35px;"">小人</p>","negative","moral","小人",6,668,668,"i","true",NA,NA,NA,NA,"phase_015_subj_33"
6504,562,16,"<p style=""color:rgb(150, 250, 100); font-size: 35px;"">他的</p>","other","moral","他的",6,944,944,"e","true",NA,NA,NA,NA,"phase_015_subj_33"
6505,562,16,"<p style=""color:white; font-size: 35px;"">廉正</p>","positive","moral","廉正",6,901,901,"e","true",NA,NA,NA,NA,"phase_015_subj_33"
6506,562,16,"<p style=""color:rgb(150, 250, 100); font-size: 35px;"">自己</p>","self","moral","自己",6,840,840,"i","true",NA,NA,NA,NA,"phase_015_subj_33"
6507,562,16,"<p style=""color:white; font-size: 35px;"">高尚</p>","positive","moral","高尚",6,1091,1091,"e","true",NA,NA,NA,NA,"phase_015_subj_33"
6508,562,16,"<p style=""color:rgb(150, 250, 100); font-size: 35px;"">他人的</p>","other","moral","他人的",6,569,569,"e","true",NA,NA,NA,NA,"phase_015_subj_33"
6509,562,16,"<p style=""color:white; font-size: 35px;"">卑鄙</p>","negative","moral","卑鄙",6,886,886,"i","true",NA,NA,NA,NA,"phase_015_subj_33"
6510,562,16,"<p style=""color:rgb(150, 250, 100); font-size: 35px;"">我</p>","self","moral","我",6,539,539,"i","true",NA,NA,NA,NA,"phase_015_subj_33"
6511,562,16,"<p style=""color:white; font-size: 35px;"">黑心</p>","negative","moral","黑心",6,872,1323.45454545455,"e","false",NA,NA,NA,NA,"phase_015_subj_33"
6512,562,16,"<p style=""color:rgb(150, 250, 100); font-size: 35px;"">别人的</p>","other","moral","别人的",6,644,644,"e","true",NA,NA,NA,NA,"phase_015_subj_33"
6513,562,16,"<p style=""color:white; font-size: 35px;"">善良</p>","positive","moral","善良",6,483,483,"e","true",NA,NA,NA,NA,"phase_015_subj_33"
6514,562,16,"<p style=""color:rgb(150, 250, 100); font-size: 35px;"">本人的</p>","self","moral","本人的",6,536,1323.45454545455,"e","false",NA,NA,NA,NA,"phase_015_subj_33"
6515,562,17,"<p style=""color:white; font-size: 35px;"">不仁</p>","negative","moral","不仁",7,1236,1236,"i","true",NA,NA,NA,NA,"phase_015_subj_33"
6516,562,17,"<p style=""color:rgb(150, 250, 100); font-size: 35px;"">他的</p>","other","moral","他的",7,722,722,"e","true",NA,NA,NA,NA,"phase_015_subj_33"
6517,562,17,"<p style=""color:white; font-size: 35px;"">正直</p>","positive","moral","正直",7,700,700,"e","true",NA,NA,NA,NA,"phase_015_subj_33"
6518,562,17,"<p style=""color:rgb(150, 250, 100); font-size: 35px;"">我的</p>","self","moral","我的",7,677,677,"i","true",NA,NA,NA,NA,"phase_015_subj_33"
6519,562,17,"<p style=""color:white; font-size: 35px;"">廉正</p>","positive","moral","廉正",7,941,941,"e","true",NA,NA,NA,NA,"phase_015_subj_33"
6520,562,17,"<p style=""color:rgb(150, 250, 100); font-size: 35px;"">我</p>","self","moral","我",7,539,539,"i","true",NA,NA,NA,NA,"phase_015_subj_33"
6521,562,17,"<p style=""color:white; font-size: 35px;"">缺德</p>","negative","moral","缺德",7,600,600,"i","true",NA,NA,NA,NA,"phase_015_subj_33"
6522,562,17,"<p style=""color:rgb(150, 250, 100); font-size: 35px;"">他的</p>","other","moral","他的",7,673,673,"e","true",NA,NA,NA,NA,"phase_015_subj_33"
6523,562,17,"<p style=""color:white; font-size: 35px;"">小人</p>","negative","moral","小人",7,614,1344.32558139535,"e","false",NA,NA,NA,NA,"phase_015_subj_33"
6524,562,17,"<p style=""color:rgb(150, 250, 100); font-size: 35px;"">别人的</p>","other","moral","别人的",7,680,680,"e","true",NA,NA,NA,NA,"phase_015_subj_33"
6525,562,17,"<p style=""color:white; font-size: 35px;"">诚信</p>","positive","moral","诚信",7,675,1344.32558139535,"i","false",NA,NA,NA,NA,"phase_015_subj_33"
6526,562,17,"<p style=""color:rgb(150, 250, 100); font-size: 35px;"">自己</p>","self","moral","自己",7,1267,1267,"i","true",NA,NA,NA,NA,"phase_015_subj_33"
6527,562,17,"<p style=""color:white; font-size: 35px;"">黑心</p>","negative","moral","黑心",7,603,603,"i","true",NA,NA,NA,NA,"phase_015_subj_33"
6528,562,17,"<p style=""color:rgb(150, 250, 100); font-size: 35px;"">自己的</p>","self","moral","自己的",7,641,641,"i","true",NA,NA,NA,NA,"phase_015_subj_33"
6529,562,17,"<p style=""color:white; font-size: 35px;"">高尚</p>","positive","moral","高尚",7,725,725,"e","true",NA,NA,NA,NA,"phase_015_subj_33"
6530,562,17,"<p style=""color:rgb(150, 250, 100); font-size: 35px;"">他人的</p>","other","moral","他人的",7,841,841,"e","true",NA,NA,NA,NA,"phase_015_subj_33"
6531,562,17,"<p style=""color:white; font-size: 35px;"">君子</p>","positive","moral","君子",7,593,1344.32558139535,"i","false",NA,NA,NA,NA,"phase_015_subj_33"
6532,562,17,"<p style=""color:rgb(150, 250, 100); font-size: 35px;"">别人的</p>","other","moral","别人的",7,667,667,"e","true",NA,NA,NA,NA,"phase_015_subj_33"
6533,562,17,"<p style=""color:white; font-size: 35px;"">黑心</p>","negative","moral","黑心",7,778,778,"i","true",NA,NA,NA,NA,"phase_015_subj_33"
6534,562,17,"<p style=""color:rgb(150, 250, 100); font-size: 35px;"">自己</p>","self","moral","自己",7,628,628,"i","true",NA,NA,NA,NA,"phase_015_subj_33"
6535,562,17,"<p style=""color:white; font-size: 35px;"">缺德</p>","negative","moral","缺德",7,656,656,"i","true",NA,NA,NA,NA,"phase_015_subj_33"
6536,562,17,"<p style=""color:rgb(150, 250, 100); font-size: 35px;"">他</p>","other","moral","他",7,587,587,"e","true",NA,NA,NA,NA,"phase_015_subj_33"
6537,562,17,"<p style=""color:white; font-size: 35px;"">善良</p>","positive","moral","善良",7,670,1344.32558139535,"i","false",NA,NA,NA,NA,"phase_015_subj_33"
6538,562,17,"<p style=""color:rgb(150, 250, 100); font-size: 35px;"">我</p>","self","moral","我",7,542,542,"i","true",NA,NA,NA,NA,"phase_015_subj_33"
6539,562,17,"<p style=""color:white; font-size: 35px;"">正直</p>","positive","moral","正直",7,922,922,"e","true",NA,NA,NA,NA,"phase_015_subj_33"
6540,562,17,"<p style=""color:rgb(150, 250, 100); font-size: 35px;"">本人</p>","self","moral","本人",7,726,726,"i","true",NA,NA,NA,NA,"phase_015_subj_33"
6541,562,17,"<p style=""color:white; font-size: 35px;"">不仁</p>","negative","moral","不仁",7,806,806,"i","true",NA,NA,NA,NA,"phase_015_subj_33"
6542,562,17,"<p style=""color:rgb(150, 250, 100); font-size: 35px;"">别人</p>","other","moral","别人",7,744,744,"e","true",NA,NA,NA,NA,"phase_015_subj_33"
6543,562,17,"<p style=""color:white; font-size: 35px;"">小人</p>","negative","moral","小人",7,1419,1419,"i","true",NA,NA,NA,NA,"phase_015_subj_33"
6544,562,17,"<p style=""color:rgb(150, 250, 100); font-size: 35px;"">别人</p>","other","moral","别人",7,671,671,"e","true",NA,NA,NA,NA,"phase_015_subj_33"
6545,562,17,"<p style=""color:white; font-size: 35px;"">高尚</p>","positive","moral","高尚",7,695,695,"e","true",NA,NA,NA,NA,"phase_015_subj_33"
6546,562,17,"<p style=""color:rgb(150, 250, 100); font-size: 35px;"">本人的</p>","self","moral","本人的",7,775,775,"i","true",NA,NA,NA,NA,"phase_015_subj_33"
6547,562,17,"<p style=""color:white; font-size: 35px;"">诚信</p>","positive","moral","诚信",7,635,635,"e","true",NA,NA,NA,NA,"phase_015_subj_33"
6548,562,17,"<p style=""color:rgb(150, 250, 100); font-size: 35px;"">我的</p>","self","moral","我的",7,557,557,"i","true",NA,NA,NA,NA,"phase_015_subj_33"
6549,562,17,"<p style=""color:white; font-size: 35px;"">不孝</p>","negative","moral","不孝",7,670,670,"i","true",NA,NA,NA,NA,"phase_015_subj_33"
6550,562,17,"<p style=""color:rgb(150, 250, 100); font-size: 35px;"">他人的</p>","other","moral","他人的",7,660,660,"e","true",NA,NA,NA,NA,"phase_015_subj_33"
6551,562,17,"<p style=""color:white; font-size: 35px;"">卑鄙</p>","negative","moral","卑鄙",7,754,754,"i","true",NA,NA,NA,NA,"phase_015_subj_33"
6552,562,17,"<p style=""color:rgb(150, 250, 100); font-size: 35px;"">他</p>","other","moral","他",7,755,755,"e","true",NA,NA,NA,NA,"phase_015_subj_33"
6553,562,17,"<p style=""color:white; font-size: 35px;"">善良</p>","positive","moral","善良",7,767,1344.32558139535,"i","false",NA,NA,NA,NA,"phase_015_subj_33"
6554,562,17,"<p style=""color:rgb(150, 250, 100); font-size: 35px;"">本人</p>","self","moral","本人",7,656,656,"i","true",NA,NA,NA,NA,"phase_015_subj_33"
6555,562,17,"<p style=""color:white; font-size: 35px;"">不孝</p>","negative","moral","不孝",7,639,639,"i","true",NA,NA,NA,NA,"phase_015_subj_33"
6556,562,17,"<p style=""color:rgb(150, 250, 100); font-size: 35px;"">他人</p>","other","moral","他人",7,555,555,"e","true",NA,NA,NA,NA,"phase_015_subj_33"
6557,562,17,"<p style=""color:white; font-size: 35px;"">君子</p>","positive","moral","君子",7,1183,1183,"e","true",NA,NA,NA,NA,"phase_015_subj_33"
6558,562,17,"<p style=""color:rgb(150, 250, 100); font-size: 35px;"">自己的</p>","self","moral","自己的",7,603,603,"i","true",NA,NA,NA,NA,"phase_015_subj_33"
6559,562,17,"<p style=""color:white; font-size: 35px;"">卑鄙</p>","negative","moral","卑鄙",7,838,838,"i","true",NA,NA,NA,NA,"phase_015_subj_33"
6560,562,17,"<p style=""color:rgb(150, 250, 100); font-size: 35px;"">他人</p>","other","moral","他人",7,662,662,"e","true",NA,NA,NA,NA,"phase_015_subj_33"
6561,562,17,"<p style=""color:white; font-size: 35px;"">廉正</p>","positive","moral","廉正",7,790,790,"e","true",NA,NA,NA,NA,"phase_015_subj_33"
6562,562,17,"<p style=""color:rgb(150, 250, 100); font-size: 35px;"">本人的</p>","self","moral","本人的",7,588,588,"i","true",NA,NA,NA,NA,"phase_015_subj_33"
6563,459,NA,"
    <h3>词语分类任务</h3>
    <p>在接下来的任务中，你需要对一系列词语进行分类。<p/>
    请先熟悉这些词语，这有利于你完成接下来的任务。</p>
    <table align=""center"" border=1 cellpadding=3 cellspacing=0>
    <tr> <th>类别</th> <th>词语</th> </tr>
    <tr> <td>&emsp;积极&emsp;</td> <td>&emsp;高尚、诚信、善良、君子、廉正、正直&emsp;</td> </tr>
    <tr> <td>&emsp;消极&emsp;</td> <td>&emsp;缺德、卑鄙、不孝、不仁、小人、黑心&emsp;</td> </tr>
    <tr> <td>&emsp;自我&emsp;</td> <td>&emsp;我、我的、自己、自己的、本人、本人的&emsp;</td> </tr>
    <tr> <td>&emsp;他人&emsp;</td> <td>&emsp;他、他的、别人、别人的、他人、他人的&emsp;</td> </tr>
    </table><br/>","","","",NA,63067,NA,"0","",NA,NA,1,1,"phase_015_subj_28"
6564,459,11,"<p style=""color:rgb(150, 250, 100); font-size: 35px;"">他</p>","other","moral","他",1,725,725,"i","true",NA,NA,NA,NA,"phase_015_subj_28"
6565,459,11,"<p style=""color:rgb(150, 250, 100); font-size: 35px;"">本人的</p>","self","moral","本人的",1,579,579,"e","true",NA,NA,NA,NA,"phase_015_subj_28"
6566,459,11,"<p style=""color:rgb(150, 250, 100); font-size: 35px;"">他人的</p>","other","moral","他人的",1,572,572,"i","true",NA,NA,NA,NA,"phase_015_subj_28"
6567,459,11,"<p style=""color:rgb(150, 250, 100); font-size: 35px;"">我的</p>","self","moral","我的",1,609,609,"e","true",NA,NA,NA,NA,"phase_015_subj_28"
6568,459,11,"<p style=""color:rgb(150, 250, 100); font-size: 35px;"">自己的</p>","self","moral","自己的",1,559,559,"e","true",NA,NA,NA,NA,"phase_015_subj_28"
6569,459,11,"<p style=""color:rgb(150, 250, 100); font-size: 35px;"">他人</p>","other","moral","他人",1,547,547,"i","true",NA,NA,NA,NA,"phase_015_subj_28"
6570,459,11,"<p style=""color:rgb(150, 250, 100); font-size: 35px;"">他的</p>","other","moral","他的",1,552,552,"i","true",NA,NA,NA,NA,"phase_015_subj_28"
6571,459,11,"<p style=""color:rgb(150, 250, 100); font-size: 35px;"">别人的</p>","other","moral","别人的",1,550,550,"i","true",NA,NA,NA,NA,"phase_015_subj_28"
6572,459,11,"<p style=""color:rgb(150, 250, 100); font-size: 35px;"">本人</p>","self","moral","本人",1,568,568,"e","true",NA,NA,NA,NA,"phase_015_subj_28"
6573,459,11,"<p style=""color:rgb(150, 250, 100); font-size: 35px;"">自己</p>","self","moral","自己",1,551,551,"e","true",NA,NA,NA,NA,"phase_015_subj_28"
6574,459,11,"<p style=""color:rgb(150, 250, 100); font-size: 35px;"">别人</p>","other","moral","别人",1,597,597,"i","true",NA,NA,NA,NA,"phase_015_subj_28"
6575,459,11,"<p style=""color:rgb(150, 250, 100); font-size: 35px;"">我</p>","self","moral","我",1,507,507,"e","true",NA,NA,NA,NA,"phase_015_subj_28"
6576,459,12,"<p style=""color:white; font-size: 35px;"">廉正</p>","positive","moral","廉正",2,829,829,"e","true",NA,NA,NA,NA,"phase_015_subj_28"
6577,459,12,"<p style=""color:white; font-size: 35px;"">不仁</p>","negative","moral","不仁",2,721,721,"i","true",NA,NA,NA,NA,"phase_015_subj_28"
6578,459,12,"<p style=""color:white; font-size: 35px;"">小人</p>","negative","moral","小人",2,537,537,"i","true",NA,NA,NA,NA,"phase_015_subj_28"
6579,459,12,"<p style=""color:white; font-size: 35px;"">诚信</p>","positive","moral","诚信",2,586,586,"e","true",NA,NA,NA,NA,"phase_015_subj_28"
6580,459,12,"<p style=""color:white; font-size: 35px;"">正直</p>","positive","moral","正直",2,523,523,"e","true",NA,NA,NA,NA,"phase_015_subj_28"
6581,459,12,"<p style=""color:white; font-size: 35px;"">君子</p>","positive","moral","君子",2,496,496,"e","true",NA,NA,NA,NA,"phase_015_subj_28"
6582,459,12,"<p style=""color:white; font-size: 35px;"">不孝</p>","negative","moral","不孝",2,526,526,"i","true",NA,NA,NA,NA,"phase_015_subj_28"
6583,459,12,"<p style=""color:white; font-size: 35px;"">黑心</p>","negative","moral","黑心",2,520,520,"i","true",NA,NA,NA,NA,"phase_015_subj_28"
6584,459,12,"<p style=""color:white; font-size: 35px;"">善良</p>","positive","moral","善良",2,570,570,"e","true",NA,NA,NA,NA,"phase_015_subj_28"
6585,459,12,"<p style=""color:white; font-size: 35px;"">高尚</p>","positive","moral","高尚",2,546,546,"e","true",NA,NA,NA,NA,"phase_015_subj_28"
6586,459,12,"<p style=""color:white; font-size: 35px;"">缺德</p>","negative","moral","缺德",2,518,518,"i","true",NA,NA,NA,NA,"phase_015_subj_28"
6587,459,12,"<p style=""color:white; font-size: 35px;"">卑鄙</p>","negative","moral","卑鄙",2,563,563,"i","true",NA,NA,NA,NA,"phase_015_subj_28"
6588,459,13,"<p style=""color:rgb(150, 250, 100); font-size: 35px;"">我</p>","self","moral","我",3,641,641,"e","true",NA,NA,NA,NA,"phase_015_subj_28"
6589,459,13,"<p style=""color:white; font-size: 35px;"">不仁</p>","negative","moral","不仁",3,552,552,"i","true",NA,NA,NA,NA,"phase_015_subj_28"
6590,459,13,"<p style=""color:rgb(150, 250, 100); font-size: 35px;"">他人的</p>","other","moral","他人的",3,636,636,"i","true",NA,NA,NA,NA,"phase_015_subj_28"
6591,459,13,"<p style=""color:white; font-size: 35px;"">善良</p>","positive","moral","善良",3,539,539,"e","true",NA,NA,NA,NA,"phase_015_subj_28"
6592,459,13,"<p style=""color:rgb(150, 250, 100); font-size: 35px;"">自己</p>","self","moral","自己",3,571,571,"e","true",NA,NA,NA,NA,"phase_015_subj_28"
6593,459,13,"<p style=""color:white; font-size: 35px;"">正直</p>","positive","moral","正直",3,538,538,"e","true",NA,NA,NA,NA,"phase_015_subj_28"
6594,459,13,"<p style=""color:rgb(150, 250, 100); font-size: 35px;"">别人的</p>","other","moral","别人的",3,597,597,"i","true",NA,NA,NA,NA,"phase_015_subj_28"
6595,459,13,"<p style=""color:white; font-size: 35px;"">小人</p>","negative","moral","小人",3,1090,1090,"i","true",NA,NA,NA,NA,"phase_015_subj_28"
6596,459,13,"<p style=""color:rgb(150, 250, 100); font-size: 35px;"">别人</p>","other","moral","别人",3,479,479,"i","true",NA,NA,NA,NA,"phase_015_subj_28"
6597,459,13,"<p style=""color:white; font-size: 35px;"">诚信</p>","positive","moral","诚信",3,561,561,"e","true",NA,NA,NA,NA,"phase_015_subj_28"
6598,459,13,"<p style=""color:rgb(150, 250, 100); font-size: 35px;"">自己的</p>","self","moral","自己的",3,562,562,"e","true",NA,NA,NA,NA,"phase_015_subj_28"
6599,459,13,"<p style=""color:white; font-size: 35px;"">卑鄙</p>","negative","moral","卑鄙",3,540,540,"i","true",NA,NA,NA,NA,"phase_015_subj_28"
6600,459,13,"<p style=""color:rgb(150, 250, 100); font-size: 35px;"">他</p>","other","moral","他",3,509,509,"i","true",NA,NA,NA,NA,"phase_015_subj_28"
6601,459,13,"<p style=""color:white; font-size: 35px;"">君子</p>","positive","moral","君子",3,630,630,"e","true",NA,NA,NA,NA,"phase_015_subj_28"
6602,459,13,"<p style=""color:rgb(150, 250, 100); font-size: 35px;"">本人</p>","self","moral","本人",3,620,620,"e","true",NA,NA,NA,NA,"phase_015_subj_28"
6603,459,13,"<p style=""color:white; font-size: 35px;"">黑心</p>","negative","moral","黑心",3,501,501,"i","true",NA,NA,NA,NA,"phase_015_subj_28"
6604,459,13,"<p style=""color:rgb(150, 250, 100); font-size: 35px;"">他的</p>","other","moral","他的",3,593,593,"i","true",NA,NA,NA,NA,"phase_015_subj_28"
6605,459,13,"<p style=""color:white; font-size: 35px;"">高尚</p>","positive","moral","高尚",3,614,614,"e","true",NA,NA,NA,NA,"phase_015_subj_28"
6606,459,13,"<p style=""color:rgb(150, 250, 100); font-size: 35px;"">本人的</p>","self","moral","本人的",3,521,521,"e","true",NA,NA,NA,NA,"phase_015_subj_28"
6607,459,13,"<p style=""color:white; font-size: 35px;"">不孝</p>","negative","moral","不孝",3,569,569,"i","true",NA,NA,NA,NA,"phase_015_subj_28"
6608,459,13,"<p style=""color:rgb(150, 250, 100); font-size: 35px;"">我的</p>","self","moral","我的",3,561,561,"e","true",NA,NA,NA,NA,"phase_015_subj_28"
6609,459,13,"<p style=""color:white; font-size: 35px;"">缺德</p>","negative","moral","缺德",3,537,537,"i","true",NA,NA,NA,NA,"phase_015_subj_28"
6610,459,13,"<p style=""color:rgb(150, 250, 100); font-size: 35px;"">他人</p>","other","moral","他人",3,586,586,"i","true",NA,NA,NA,NA,"phase_015_subj_28"
6611,459,13,"<p style=""color:white; font-size: 35px;"">廉正</p>","positive","moral","廉正",3,553,553,"e","true",NA,NA,NA,NA,"phase_015_subj_28"
6612,459,14,"<p style=""color:rgb(150, 250, 100); font-size: 35px;"">别人</p>","other","moral","别人",4,596,596,"i","true",NA,NA,NA,NA,"phase_015_subj_28"
6613,459,14,"<p style=""color:white; font-size: 35px;"">君子</p>","positive","moral","君子",4,601,601,"e","true",NA,NA,NA,NA,"phase_015_subj_28"
6614,459,14,"<p style=""color:rgb(150, 250, 100); font-size: 35px;"">我的</p>","self","moral","我的",4,566,566,"e","true",NA,NA,NA,NA,"phase_015_subj_28"
6615,459,14,"<p style=""color:white; font-size: 35px;"">缺德</p>","negative","moral","缺德",4,556,556,"i","true",NA,NA,NA,NA,"phase_015_subj_28"
6616,459,14,"<p style=""color:rgb(150, 250, 100); font-size: 35px;"">我</p>","self","moral","我",4,585,585,"e","true",NA,NA,NA,NA,"phase_015_subj_28"
6617,459,14,"<p style=""color:white; font-size: 35px;"">正直</p>","positive","moral","正直",4,783,783,"e","true",NA,NA,NA,NA,"phase_015_subj_28"
6618,459,14,"<p style=""color:rgb(150, 250, 100); font-size: 35px;"">他的</p>","other","moral","他的",4,543,543,"i","true",NA,NA,NA,NA,"phase_015_subj_28"
6619,459,14,"<p style=""color:white; font-size: 35px;"">不仁</p>","negative","moral","不仁",4,697,697,"i","true",NA,NA,NA,NA,"phase_015_subj_28"
6620,459,14,"<p style=""color:rgb(150, 250, 100); font-size: 35px;"">他人</p>","other","moral","他人",4,496,496,"i","true",NA,NA,NA,NA,"phase_015_subj_28"
6621,459,14,"<p style=""color:white; font-size: 35px;"">正直</p>","positive","moral","正直",4,586,586,"e","true",NA,NA,NA,NA,"phase_015_subj_28"
6622,459,14,"<p style=""color:rgb(150, 250, 100); font-size: 35px;"">我的</p>","self","moral","我的",4,553,553,"e","true",NA,NA,NA,NA,"phase_015_subj_28"
6623,459,14,"<p style=""color:white; font-size: 35px;"">卑鄙</p>","negative","moral","卑鄙",4,539,539,"i","true",NA,NA,NA,NA,"phase_015_subj_28"
6624,459,14,"<p style=""color:rgb(150, 250, 100); font-size: 35px;"">本人</p>","self","moral","本人",4,598,598,"e","true",NA,NA,NA,NA,"phase_015_subj_28"
6625,459,14,"<p style=""color:white; font-size: 35px;"">诚信</p>","positive","moral","诚信",4,546,546,"e","true",NA,NA,NA,NA,"phase_015_subj_28"
6626,459,14,"<p style=""color:rgb(150, 250, 100); font-size: 35px;"">他人的</p>","other","moral","他人的",4,743,743,"i","true",NA,NA,NA,NA,"phase_015_subj_28"
6627,459,14,"<p style=""color:white; font-size: 35px;"">卑鄙</p>","negative","moral","卑鄙",4,595,595,"i","true",NA,NA,NA,NA,"phase_015_subj_28"
6628,459,14,"<p style=""color:rgb(150, 250, 100); font-size: 35px;"">自己</p>","self","moral","自己",4,571,571,"e","true",NA,NA,NA,NA,"phase_015_subj_28"
6629,459,14,"<p style=""color:white; font-size: 35px;"">不孝</p>","negative","moral","不孝",4,587,587,"i","true",NA,NA,NA,NA,"phase_015_subj_28"
6630,459,14,"<p style=""color:rgb(150, 250, 100); font-size: 35px;"">他</p>","other","moral","他",4,489,489,"i","true",NA,NA,NA,NA,"phase_015_subj_28"
6631,459,14,"<p style=""color:white; font-size: 35px;"">廉正</p>","positive","moral","廉正",4,641,641,"e","true",NA,NA,NA,NA,"phase_015_subj_28"
6632,459,14,"<p style=""color:rgb(150, 250, 100); font-size: 35px;"">他人</p>","other","moral","他人",4,720,720,"i","true",NA,NA,NA,NA,"phase_015_subj_28"
6633,459,14,"<p style=""color:white; font-size: 35px;"">小人</p>","negative","moral","小人",4,974,974,"i","true",NA,NA,NA,NA,"phase_015_subj_28"
6634,459,14,"<p style=""color:rgb(150, 250, 100); font-size: 35px;"">自己的</p>","self","moral","自己的",4,513,513,"e","true",NA,NA,NA,NA,"phase_015_subj_28"
6635,459,14,"<p style=""color:white; font-size: 35px;"">高尚</p>","positive","moral","高尚",4,542,542,"e","true",NA,NA,NA,NA,"phase_015_subj_28"
6636,459,14,"<p style=""color:rgb(150, 250, 100); font-size: 35px;"">他</p>","other","moral","他",4,587,587,"i","true",NA,NA,NA,NA,"phase_015_subj_28"
6637,459,14,"<p style=""color:white; font-size: 35px;"">不孝</p>","negative","moral","不孝",4,524,524,"i","true",NA,NA,NA,NA,"phase_015_subj_28"
6638,459,14,"<p style=""color:rgb(150, 250, 100); font-size: 35px;"">本人的</p>","self","moral","本人的",4,637,637,"e","true",NA,NA,NA,NA,"phase_015_subj_28"
6639,459,14,"<p style=""color:white; font-size: 35px;"">诚信</p>","positive","moral","诚信",4,601,601,"e","true",NA,NA,NA,NA,"phase_015_subj_28"
6640,459,14,"<p style=""color:rgb(150, 250, 100); font-size: 35px;"">别人的</p>","other","moral","别人的",4,538,538,"i","true",NA,NA,NA,NA,"phase_015_subj_28"
6641,459,14,"<p style=""color:white; font-size: 35px;"">不仁</p>","negative","moral","不仁",4,560,560,"i","true",NA,NA,NA,NA,"phase_015_subj_28"
6642,459,14,"<p style=""color:rgb(150, 250, 100); font-size: 35px;"">我</p>","self","moral","我",4,591,591,"e","true",NA,NA,NA,NA,"phase_015_subj_28"
6643,459,14,"<p style=""color:white; font-size: 35px;"">善良</p>","positive","moral","善良",4,725,725,"e","true",NA,NA,NA,NA,"phase_015_subj_28"
6644,459,14,"<p style=""color:rgb(150, 250, 100); font-size: 35px;"">别人</p>","other","moral","别人",4,671,671,"i","true",NA,NA,NA,NA,"phase_015_subj_28"
6645,459,14,"<p style=""color:white; font-size: 35px;"">黑心</p>","negative","moral","黑心",4,562,562,"i","true",NA,NA,NA,NA,"phase_015_subj_28"
6646,459,14,"<p style=""color:rgb(150, 250, 100); font-size: 35px;"">本人的</p>","self","moral","本人的",4,605,605,"e","true",NA,NA,NA,NA,"phase_015_subj_28"
6647,459,14,"<p style=""color:white; font-size: 35px;"">高尚</p>","positive","moral","高尚",4,610,610,"e","true",NA,NA,NA,NA,"phase_015_subj_28"
6648,459,14,"<p style=""color:rgb(150, 250, 100); font-size: 35px;"">别人的</p>","other","moral","别人的",4,654,654,"i","true",NA,NA,NA,NA,"phase_015_subj_28"
6649,459,14,"<p style=""color:white; font-size: 35px;"">小人</p>","negative","moral","小人",4,523,523,"i","true",NA,NA,NA,NA,"phase_015_subj_28"
6650,459,14,"<p style=""color:rgb(150, 250, 100); font-size: 35px;"">本人</p>","self","moral","本人",4,562,562,"e","true",NA,NA,NA,NA,"phase_015_subj_28"
6651,459,14,"<p style=""color:white; font-size: 35px;"">廉正</p>","positive","moral","廉正",4,606,606,"e","true",NA,NA,NA,NA,"phase_015_subj_28"
6652,459,14,"<p style=""color:rgb(150, 250, 100); font-size: 35px;"">自己的</p>","self","moral","自己的",4,512,512,"e","true",NA,NA,NA,NA,"phase_015_subj_28"
6653,459,14,"<p style=""color:white; font-size: 35px;"">黑心</p>","negative","moral","黑心",4,698,698,"i","true",NA,NA,NA,NA,"phase_015_subj_28"
6654,459,14,"<p style=""color:rgb(150, 250, 100); font-size: 35px;"">他人的</p>","other","moral","他人的",4,626,626,"i","true",NA,NA,NA,NA,"phase_015_subj_28"
6655,459,14,"<p style=""color:white; font-size: 35px;"">君子</p>","positive","moral","君子",4,929,929,"e","true",NA,NA,NA,NA,"phase_015_subj_28"
6656,459,14,"<p style=""color:rgb(150, 250, 100); font-size: 35px;"">他的</p>","other","moral","他的",4,967,967,"i","true",NA,NA,NA,NA,"phase_015_subj_28"
6657,459,14,"<p style=""color:white; font-size: 35px;"">缺德</p>","negative","moral","缺德",4,564,564,"i","true",NA,NA,NA,NA,"phase_015_subj_28"
6658,459,14,"<p style=""color:rgb(150, 250, 100); font-size: 35px;"">自己</p>","self","moral","自己",4,627,627,"e","true",NA,NA,NA,NA,"phase_015_subj_28"
6659,459,14,"<p style=""color:white; font-size: 35px;"">善良</p>","positive","moral","善良",4,560,560,"e","true",NA,NA,NA,NA,"phase_015_subj_28"
6660,459,15,"<p style=""color:rgb(150, 250, 100); font-size: 35px;"">本人的</p>","self","moral","本人的",5,754,754,"i","true",NA,NA,NA,NA,"phase_015_subj_28"
6661,459,15,"<p style=""color:rgb(150, 250, 100); font-size: 35px;"">他人的</p>","other","moral","他人的",5,611,611,"e","true",NA,NA,NA,NA,"phase_015_subj_28"
6662,459,15,"<p style=""color:rgb(150, 250, 100); font-size: 35px;"">本人</p>","self","moral","本人",5,554,554,"i","true",NA,NA,NA,NA,"phase_015_subj_28"
6663,459,15,"<p style=""color:rgb(150, 250, 100); font-size: 35px;"">自己的</p>","self","moral","自己的",5,546,546,"i","true",NA,NA,NA,NA,"phase_015_subj_28"
6664,459,15,"<p style=""color:rgb(150, 250, 100); font-size: 35px;"">他人</p>","other","moral","他人",5,581,581,"e","true",NA,NA,NA,NA,"phase_015_subj_28"
6665,459,15,"<p style=""color:rgb(150, 250, 100); font-size: 35px;"">他的</p>","other","moral","他的",5,597,597,"e","true",NA,NA,NA,NA,"phase_015_subj_28"
6666,459,15,"<p style=""color:rgb(150, 250, 100); font-size: 35px;"">本人的</p>","self","moral","本人的",5,597,597,"i","true",NA,NA,NA,NA,"phase_015_subj_28"
6667,459,15,"<p style=""color:rgb(150, 250, 100); font-size: 35px;"">我的</p>","self","moral","我的",5,518,518,"i","true",NA,NA,NA,NA,"phase_015_subj_28"
6668,459,15,"<p style=""color:rgb(150, 250, 100); font-size: 35px;"">我</p>","self","moral","我",5,424,424,"i","true",NA,NA,NA,NA,"phase_015_subj_28"
6669,459,15,"<p style=""color:rgb(150, 250, 100); font-size: 35px;"">他</p>","other","moral","他",5,556,556,"e","true",NA,NA,NA,NA,"phase_015_subj_28"
6670,459,15,"<p style=""color:rgb(150, 250, 100); font-size: 35px;"">别人</p>","other","moral","别人",5,552,552,"e","true",NA,NA,NA,NA,"phase_015_subj_28"
6671,459,15,"<p style=""color:rgb(150, 250, 100); font-size: 35px;"">别人的</p>","other","moral","别人的",5,533,533,"e","true",NA,NA,NA,NA,"phase_015_subj_28"
6672,459,15,"<p style=""color:rgb(150, 250, 100); font-size: 35px;"">自己</p>","self","moral","自己",5,554,554,"i","true",NA,NA,NA,NA,"phase_015_subj_28"
6673,459,15,"<p style=""color:rgb(150, 250, 100); font-size: 35px;"">他</p>","other","moral","他",5,598,598,"e","true",NA,NA,NA,NA,"phase_015_subj_28"
6674,459,15,"<p style=""color:rgb(150, 250, 100); font-size: 35px;"">我的</p>","self","moral","我的",5,604,604,"i","true",NA,NA,NA,NA,"phase_015_subj_28"
6675,459,15,"<p style=""color:rgb(150, 250, 100); font-size: 35px;"">自己的</p>","self","moral","自己的",5,542,542,"e","false",NA,NA,NA,NA,"phase_015_subj_28"
6676,459,15,"<p style=""color:rgb(150, 250, 100); font-size: 35px;"">他人</p>","other","moral","他人",5,759,759,"e","true",NA,NA,NA,NA,"phase_015_subj_28"
6677,459,15,"<p style=""color:rgb(150, 250, 100); font-size: 35px;"">我</p>","self","moral","我",5,495,495,"i","true",NA,NA,NA,NA,"phase_015_subj_28"
6678,459,15,"<p style=""color:rgb(150, 250, 100); font-size: 35px;"">他的</p>","other","moral","他的",5,677,677,"e","true",NA,NA,NA,NA,"phase_015_subj_28"
6679,459,15,"<p style=""color:rgb(150, 250, 100); font-size: 35px;"">自己</p>","self","moral","自己",5,503,503,"i","true",NA,NA,NA,NA,"phase_015_subj_28"
6680,459,15,"<p style=""color:rgb(150, 250, 100); font-size: 35px;"">别人</p>","other","moral","别人",5,576,576,"i","false",NA,NA,NA,NA,"phase_015_subj_28"
6681,459,15,"<p style=""color:rgb(150, 250, 100); font-size: 35px;"">他人的</p>","other","moral","他人的",5,657,657,"e","true",NA,NA,NA,NA,"phase_015_subj_28"
6682,459,15,"<p style=""color:rgb(150, 250, 100); font-size: 35px;"">本人</p>","self","moral","本人",5,549,549,"i","true",NA,NA,NA,NA,"phase_015_subj_28"
6683,459,15,"<p style=""color:rgb(150, 250, 100); font-size: 35px;"">别人的</p>","other","moral","别人的",5,1683,1683,"e","true",NA,NA,NA,NA,"phase_015_subj_28"
6684,459,16,"<p style=""color:white; font-size: 35px;"">正直</p>","positive","moral","正直",6,1423,1423,"e","true",NA,NA,NA,NA,"phase_015_subj_28"
6685,459,16,"<p style=""color:rgb(150, 250, 100); font-size: 35px;"">自己</p>","self","moral","自己",6,1059,1059,"i","true",NA,NA,NA,NA,"phase_015_subj_28"
6686,459,16,"<p style=""color:white; font-size: 35px;"">缺德</p>","negative","moral","缺德",6,1260,1260,"i","true",NA,NA,NA,NA,"phase_015_subj_28"
6687,459,16,"<p style=""color:rgb(150, 250, 100); font-size: 35px;"">别人</p>","other","moral","别人",6,750,750,"e","true",NA,NA,NA,NA,"phase_015_subj_28"
6688,459,16,"<p style=""color:white; font-size: 35px;"">不孝</p>","negative","moral","不孝",6,1274,1274,"i","true",NA,NA,NA,NA,"phase_015_subj_28"
6689,459,16,"<p style=""color:rgb(150, 250, 100); font-size: 35px;"">本人的</p>","self","moral","本人的",6,1063,1063,"i","true",NA,NA,NA,NA,"phase_015_subj_28"
6690,459,16,"<p style=""color:white; font-size: 35px;"">诚信</p>","positive","moral","诚信",6,587,1446.77272727273,"i","false",NA,NA,NA,NA,"phase_015_subj_28"
6691,459,16,"<p style=""color:rgb(150, 250, 100); font-size: 35px;"">别人的</p>","other","moral","别人的",6,1017,1017,"e","true",NA,NA,NA,NA,"phase_015_subj_28"
6692,459,16,"<p style=""color:white; font-size: 35px;"">廉正</p>","positive","moral","廉正",6,503,503,"e","true",NA,NA,NA,NA,"phase_015_subj_28"
6693,459,16,"<p style=""color:rgb(150, 250, 100); font-size: 35px;"">他人</p>","other","moral","他人",6,637,637,"e","true",NA,NA,NA,NA,"phase_015_subj_28"
6694,459,16,"<p style=""color:white; font-size: 35px;"">卑鄙</p>","negative","moral","卑鄙",6,755,755,"i","true",NA,NA,NA,NA,"phase_015_subj_28"
6695,459,16,"<p style=""color:rgb(150, 250, 100); font-size: 35px;"">自己的</p>","self","moral","自己的",6,532,532,"i","true",NA,NA,NA,NA,"phase_015_subj_28"
6696,459,16,"<p style=""color:white; font-size: 35px;"">君子</p>","positive","moral","君子",6,563,563,"e","true",NA,NA,NA,NA,"phase_015_subj_28"
6697,459,16,"<p style=""color:rgb(150, 250, 100); font-size: 35px;"">本人</p>","self","moral","本人",6,915,915,"i","true",NA,NA,NA,NA,"phase_015_subj_28"
6698,459,16,"<p style=""color:white; font-size: 35px;"">黑心</p>","negative","moral","黑心",6,889,889,"i","true",NA,NA,NA,NA,"phase_015_subj_28"
6699,459,16,"<p style=""color:rgb(150, 250, 100); font-size: 35px;"">他人的</p>","other","moral","他人的",6,1651,1651,"e","true",NA,NA,NA,NA,"phase_015_subj_28"
6700,459,16,"<p style=""color:white; font-size: 35px;"">不仁</p>","negative","moral","不仁",6,660,660,"i","true",NA,NA,NA,NA,"phase_015_subj_28"
6701,459,16,"<p style=""color:rgb(150, 250, 100); font-size: 35px;"">我的</p>","self","moral","我的",6,562,562,"i","true",NA,NA,NA,NA,"phase_015_subj_28"
6702,459,16,"<p style=""color:white; font-size: 35px;"">善良</p>","positive","moral","善良",6,584,1446.77272727273,"i","false",NA,NA,NA,NA,"phase_015_subj_28"
6703,459,16,"<p style=""color:rgb(150, 250, 100); font-size: 35px;"">他</p>","other","moral","他",6,803,803,"e","true",NA,NA,NA,NA,"phase_015_subj_28"
6704,459,16,"<p style=""color:white; font-size: 35px;"">高尚</p>","positive","moral","高尚",6,517,517,"e","true",NA,NA,NA,NA,"phase_015_subj_28"
6705,459,16,"<p style=""color:rgb(150, 250, 100); font-size: 35px;"">我</p>","self","moral","我",6,507,507,"i","true",NA,NA,NA,NA,"phase_015_subj_28"
6706,459,16,"<p style=""color:white; font-size: 35px;"">小人</p>","negative","moral","小人",6,594,594,"i","true",NA,NA,NA,NA,"phase_015_subj_28"
6707,459,16,"<p style=""color:rgb(150, 250, 100); font-size: 35px;"">他的</p>","other","moral","他的",6,695,695,"e","true",NA,NA,NA,NA,"phase_015_subj_28"
6708,459,17,"<p style=""color:white; font-size: 35px;"">小人</p>","negative","moral","小人",7,819,819,"i","true",NA,NA,NA,NA,"phase_015_subj_28"
6709,459,17,"<p style=""color:rgb(150, 250, 100); font-size: 35px;"">我的</p>","self","moral","我的",7,575,575,"i","true",NA,NA,NA,NA,"phase_015_subj_28"
6710,459,17,"<p style=""color:white; font-size: 35px;"">善良</p>","positive","moral","善良",7,585,585,"e","true",NA,NA,NA,NA,"phase_015_subj_28"
6711,459,17,"<p style=""color:rgb(150, 250, 100); font-size: 35px;"">别人</p>","other","moral","别人",7,696,696,"e","true",NA,NA,NA,NA,"phase_015_subj_28"
6712,459,17,"<p style=""color:white; font-size: 35px;"">君子</p>","positive","moral","君子",7,752,1272.23913043478,"i","false",NA,NA,NA,NA,"phase_015_subj_28"
6713,459,17,"<p style=""color:rgb(150, 250, 100); font-size: 35px;"">他</p>","other","moral","他",7,553,553,"e","true",NA,NA,NA,NA,"phase_015_subj_28"
6714,459,17,"<p style=""color:white; font-size: 35px;"">卑鄙</p>","negative","moral","卑鄙",7,565,565,"i","true",NA,NA,NA,NA,"phase_015_subj_28"
6715,459,17,"<p style=""color:rgb(150, 250, 100); font-size: 35px;"">本人</p>","self","moral","本人",7,559,559,"i","true",NA,NA,NA,NA,"phase_015_subj_28"
6716,459,17,"<p style=""color:white; font-size: 35px;"">小人</p>","negative","moral","小人",7,743,743,"i","true",NA,NA,NA,NA,"phase_015_subj_28"
6717,459,17,"<p style=""color:rgb(150, 250, 100); font-size: 35px;"">别人的</p>","other","moral","别人的",7,624,624,"e","true",NA,NA,NA,NA,"phase_015_subj_28"
6718,459,17,"<p style=""color:white; font-size: 35px;"">高尚</p>","positive","moral","高尚",7,467,467,"e","true",NA,NA,NA,NA,"phase_015_subj_28"
6719,459,17,"<p style=""color:rgb(150, 250, 100); font-size: 35px;"">本人的</p>","self","moral","本人的",7,675,675,"i","true",NA,NA,NA,NA,"phase_015_subj_28"
6720,459,17,"<p style=""color:white; font-size: 35px;"">高尚</p>","positive","moral","高尚",7,980,980,"e","true",NA,NA,NA,NA,"phase_015_subj_28"
6721,459,17,"<p style=""color:rgb(150, 250, 100); font-size: 35px;"">自己的</p>","self","moral","自己的",7,675,675,"i","true",NA,NA,NA,NA,"phase_015_subj_28"
6722,459,17,"<p style=""color:white; font-size: 35px;"">黑心</p>","negative","moral","黑心",7,641,641,"i","true",NA,NA,NA,NA,"phase_015_subj_28"
6723,459,17,"<p style=""color:rgb(150, 250, 100); font-size: 35px;"">他人的</p>","other","moral","他人的",7,552,552,"e","true",NA,NA,NA,NA,"phase_015_subj_28"
6724,459,17,"<p style=""color:white; font-size: 35px;"">诚信</p>","positive","moral","诚信",7,984,984,"e","true",NA,NA,NA,NA,"phase_015_subj_28"
6725,459,17,"<p style=""color:rgb(150, 250, 100); font-size: 35px;"">他人</p>","other","moral","他人",7,562,562,"e","true",NA,NA,NA,NA,"phase_015_subj_28"
6726,459,17,"<p style=""color:white; font-size: 35px;"">不孝</p>","negative","moral","不孝",7,644,1272.23913043478,"e","false",NA,NA,NA,NA,"phase_015_subj_28"
6727,459,17,"<p style=""color:rgb(150, 250, 100); font-size: 35px;"">本人的</p>","self","moral","本人的",7,651,651,"i","true",NA,NA,NA,NA,"phase_015_subj_28"
6728,459,17,"<p style=""color:white; font-size: 35px;"">君子</p>","positive","moral","君子",7,525,525,"e","true",NA,NA,NA,NA,"phase_015_subj_28"
6729,459,17,"<p style=""color:rgb(150, 250, 100); font-size: 35px;"">他</p>","other","moral","他",7,558,558,"e","true",NA,NA,NA,NA,"phase_015_subj_28"
6730,459,17,"<p style=""color:white; font-size: 35px;"">黑心</p>","negative","moral","黑心",7,727,727,"i","true",NA,NA,NA,NA,"phase_015_subj_28"
6731,459,17,"<p style=""color:rgb(150, 250, 100); font-size: 35px;"">自己</p>","self","moral","自己",7,514,514,"i","true",NA,NA,NA,NA,"phase_015_subj_28"
6732,459,17,"<p style=""color:white; font-size: 35px;"">廉正</p>","positive","moral","廉正",7,605,605,"e","true",NA,NA,NA,NA,"phase_015_subj_28"
6733,459,17,"<p style=""color:rgb(150, 250, 100); font-size: 35px;"">自己</p>","self","moral","自己",7,578,578,"i","true",NA,NA,NA,NA,"phase_015_subj_28"
6734,459,17,"<p style=""color:white; font-size: 35px;"">缺德</p>","negative","moral","缺德",7,507,507,"i","true",NA,NA,NA,NA,"phase_015_subj_28"
6735,459,17,"<p style=""color:rgb(150, 250, 100); font-size: 35px;"">别人</p>","other","moral","别人",7,636,636,"e","true",NA,NA,NA,NA,"phase_015_subj_28"
6736,459,17,"<p style=""color:white; font-size: 35px;"">善良</p>","positive","moral","善良",7,696,696,"e","true",NA,NA,NA,NA,"phase_015_subj_28"
6737,459,17,"<p style=""color:rgb(150, 250, 100); font-size: 35px;"">本人</p>","self","moral","本人",7,1103,1103,"i","true",NA,NA,NA,NA,"phase_015_subj_28"
6738,459,17,"<p style=""color:white; font-size: 35px;"">缺德</p>","negative","moral","缺德",7,1425,1425,"i","true",NA,NA,NA,NA,"phase_015_subj_28"
6739,459,17,"<p style=""color:rgb(150, 250, 100); font-size: 35px;"">他的</p>","other","moral","他的",7,583,583,"e","true",NA,NA,NA,NA,"phase_015_subj_28"
6740,459,17,"<p style=""color:white; font-size: 35px;"">正直</p>","positive","moral","正直",7,673,673,"e","true",NA,NA,NA,NA,"phase_015_subj_28"
6741,459,17,"<p style=""color:rgb(150, 250, 100); font-size: 35px;"">我</p>","self","moral","我",7,629,629,"i","true",NA,NA,NA,NA,"phase_015_subj_28"
6742,459,17,"<p style=""color:white; font-size: 35px;"">不仁</p>","negative","moral","不仁",7,598,598,"i","true",NA,NA,NA,NA,"phase_015_subj_28"
6743,459,17,"<p style=""color:rgb(150, 250, 100); font-size: 35px;"">他人的</p>","other","moral","他人的",7,524,524,"e","true",NA,NA,NA,NA,"phase_015_subj_28"
6744,459,17,"<p style=""color:white; font-size: 35px;"">正直</p>","positive","moral","正直",7,742,742,"e","true",NA,NA,NA,NA,"phase_015_subj_28"
6745,459,17,"<p style=""color:rgb(150, 250, 100); font-size: 35px;"">自己的</p>","self","moral","自己的",7,611,611,"i","true",NA,NA,NA,NA,"phase_015_subj_28"
6746,459,17,"<p style=""color:white; font-size: 35px;"">不孝</p>","negative","moral","不孝",7,964,964,"i","true",NA,NA,NA,NA,"phase_015_subj_28"
6747,459,17,"<p style=""color:rgb(150, 250, 100); font-size: 35px;"">别人的</p>","other","moral","别人的",7,577,577,"e","true",NA,NA,NA,NA,"phase_015_subj_28"
6748,459,17,"<p style=""color:white; font-size: 35px;"">卑鄙</p>","negative","moral","卑鄙",7,582,582,"i","true",NA,NA,NA,NA,"phase_015_subj_28"
6749,459,17,"<p style=""color:rgb(150, 250, 100); font-size: 35px;"">我</p>","self","moral","我",7,666,666,"i","true",NA,NA,NA,NA,"phase_015_subj_28"
6750,459,17,"<p style=""color:white; font-size: 35px;"">廉正</p>","positive","moral","廉正",7,650,650,"e","true",NA,NA,NA,NA,"phase_015_subj_28"
6751,459,17,"<p style=""color:rgb(150, 250, 100); font-size: 35px;"">他的</p>","other","moral","他的",7,551,551,"e","true",NA,NA,NA,NA,"phase_015_subj_28"
6752,459,17,"<p style=""color:white; font-size: 35px;"">不仁</p>","negative","moral","不仁",7,648,648,"i","true",NA,NA,NA,NA,"phase_015_subj_28"
6753,459,17,"<p style=""color:rgb(150, 250, 100); font-size: 35px;"">他人</p>","other","moral","他人",7,600,600,"e","true",NA,NA,NA,NA,"phase_015_subj_28"
6754,459,17,"<p style=""color:white; font-size: 35px;"">诚信</p>","positive","moral","诚信",7,978,978,"e","true",NA,NA,NA,NA,"phase_015_subj_28"
6755,459,17,"<p style=""color:rgb(150, 250, 100); font-size: 35px;"">我的</p>","self","moral","我的",7,567,567,"i","true",NA,NA,NA,NA,"phase_015_subj_28"
6756,459,NA,"
    <h3>词语分类任务</h3>
    <p>在接下来的任务中，你需要对一系列词语进行分类。</p>
    <p>请先熟悉这些词语，这有利于你完成接下来的任务。</p>
    <table align=""center"" border=1 cellpadding=3 cellspacing=0>
    <tr> <th>类别</th> <th>词语</th> </tr>
    <tr> <td>&emsp;积极&emsp;</td> <td>&emsp;能干、全能、全才、高效、精干、天才&emsp;</td> </tr>
    <tr> <td>&emsp;消极&emsp;</td> <td>&emsp;无能、低能、废物、拙笨、愚钝、蠢笨&emsp;</td> </tr>
    <tr> <td>&emsp;自我&emsp;</td> <td>&emsp;我、我的、自己、自己的、本人、本人的&emsp;</td> </tr>
    <tr> <td>&emsp;他人&emsp;</td> <td>&emsp;他、他的、别人、别人的、他人、他人的&emsp;</td> </tr>
    </table><br/>","","","",NA,15523,NA,"0","",2,1,NA,NA,"phase_015_subj_28"
6757,459,1,"<p style=""color:rgb(150, 250, 100); font-size: 35px;"">他</p>","other","ability","他",1,685,685,"i","true",NA,NA,NA,NA,"phase_015_subj_28"
6758,459,1,"<p style=""color:rgb(150, 250, 100); font-size: 35px;"">别人</p>","other","ability","别人",1,539,539,"i","true",NA,NA,NA,NA,"phase_015_subj_28"
6759,459,1,"<p style=""color:rgb(150, 250, 100); font-size: 35px;"">我</p>","self","ability","我",1,585,585,"e","true",NA,NA,NA,NA,"phase_015_subj_28"
6760,459,1,"<p style=""color:rgb(150, 250, 100); font-size: 35px;"">本人的</p>","self","ability","本人的",1,617,617,"e","true",NA,NA,NA,NA,"phase_015_subj_28"
6761,459,1,"<p style=""color:rgb(150, 250, 100); font-size: 35px;"">自己</p>","self","ability","自己",1,503,503,"e","true",NA,NA,NA,NA,"phase_015_subj_28"
6762,459,1,"<p style=""color:rgb(150, 250, 100); font-size: 35px;"">他人</p>","other","ability","他人",1,541,541,"i","true",NA,NA,NA,NA,"phase_015_subj_28"
6763,459,1,"<p style=""color:rgb(150, 250, 100); font-size: 35px;"">别人的</p>","other","ability","别人的",1,746,746,"i","true",NA,NA,NA,NA,"phase_015_subj_28"
6764,459,1,"<p style=""color:rgb(150, 250, 100); font-size: 35px;"">自己的</p>","self","ability","自己的",1,547,547,"e","true",NA,NA,NA,NA,"phase_015_subj_28"
6765,459,1,"<p style=""color:rgb(150, 250, 100); font-size: 35px;"">他人的</p>","other","ability","他人的",1,620,620,"i","true",NA,NA,NA,NA,"phase_015_subj_28"
6766,459,1,"<p style=""color:rgb(150, 250, 100); font-size: 35px;"">他的</p>","other","ability","他的",1,490,490,"i","true",NA,NA,NA,NA,"phase_015_subj_28"
6767,459,1,"<p style=""color:rgb(150, 250, 100); font-size: 35px;"">本人</p>","self","ability","本人",1,516,516,"e","true",NA,NA,NA,NA,"phase_015_subj_28"
6768,459,1,"<p style=""color:rgb(150, 250, 100); font-size: 35px;"">我的</p>","self","ability","我的",1,538,538,"e","true",NA,NA,NA,NA,"phase_015_subj_28"
6769,459,2,"<p style=""color:white; font-size: 35px;"">高效</p>","positive","ability","高效",2,934,934,"i","true",NA,NA,NA,NA,"phase_015_subj_28"
6770,459,2,"<p style=""color:white; font-size: 35px;"">愚钝</p>","negative","ability","愚钝",2,613,613,"e","true",NA,NA,NA,NA,"phase_015_subj_28"
6771,459,2,"<p style=""color:white; font-size: 35px;"">拙笨</p>","negative","ability","拙笨",2,539,539,"e","true",NA,NA,NA,NA,"phase_015_subj_28"
6772,459,2,"<p style=""color:white; font-size: 35px;"">全能</p>","positive","ability","全能",2,633,633,"i","true",NA,NA,NA,NA,"phase_015_subj_28"
6773,459,2,"<p style=""color:white; font-size: 35px;"">天才</p>","positive","ability","天才",2,593,593,"i","true",NA,NA,NA,NA,"phase_015_subj_28"
6774,459,2,"<p style=""color:white; font-size: 35px;"">低能</p>","negative","ability","低能",2,596,596,"e","true",NA,NA,NA,NA,"phase_015_subj_28"
6775,459,2,"<p style=""color:white; font-size: 35px;"">能干</p>","positive","ability","能干",2,849,849,"i","true",NA,NA,NA,NA,"phase_015_subj_28"
6776,459,2,"<p style=""color:white; font-size: 35px;"">蠢笨</p>","negative","ability","蠢笨",2,716,716,"e","true",NA,NA,NA,NA,"phase_015_subj_28"
6777,459,2,"<p style=""color:white; font-size: 35px;"">无能</p>","negative","ability","无能",2,586,586,"e","true",NA,NA,NA,NA,"phase_015_subj_28"
6778,459,2,"<p style=""color:white; font-size: 35px;"">废物</p>","negative","ability","废物",2,474,474,"e","true",NA,NA,NA,NA,"phase_015_subj_28"
6779,459,2,"<p style=""color:white; font-size: 35px;"">全才</p>","positive","ability","全才",2,616,616,"i","true",NA,NA,NA,NA,"phase_015_subj_28"
6780,459,2,"<p style=""color:white; font-size: 35px;"">精干</p>","positive","ability","精干",2,892,892,"i","true",NA,NA,NA,NA,"phase_015_subj_28"
6781,459,3,"<p style=""color:rgb(150, 250, 100); font-size: 35px;"">自己的</p>","self","ability","自己的",3,806,806,"e","true",NA,NA,NA,NA,"phase_015_subj_28"
6782,459,3,"<p style=""color:white; font-size: 35px;"">无能</p>","negative","ability","无能",3,526,526,"e","true",NA,NA,NA,NA,"phase_015_subj_28"
6783,459,3,"<p style=""color:rgb(150, 250, 100); font-size: 35px;"">他</p>","other","ability","他",3,518,518,"i","true",NA,NA,NA,NA,"phase_015_subj_28"
6784,459,3,"<p style=""color:white; font-size: 35px;"">天才</p>","positive","ability","天才",3,586,586,"i","true",NA,NA,NA,NA,"phase_015_subj_28"
6785,459,3,"<p style=""color:rgb(150, 250, 100); font-size: 35px;"">他人的</p>","other","ability","他人的",3,467,467,"i","true",NA,NA,NA,NA,"phase_015_subj_28"
6786,459,3,"<p style=""color:white; font-size: 35px;"">愚钝</p>","negative","ability","愚钝",3,631,631,"e","true",NA,NA,NA,NA,"phase_015_subj_28"
6787,459,3,"<p style=""color:rgb(150, 250, 100); font-size: 35px;"">我</p>","self","ability","我",3,507,507,"e","true",NA,NA,NA,NA,"phase_015_subj_28"
6788,459,3,"<p style=""color:white; font-size: 35px;"">全才</p>","positive","ability","全才",3,524,524,"i","true",NA,NA,NA,NA,"phase_015_subj_28"
6789,459,3,"<p style=""color:rgb(150, 250, 100); font-size: 35px;"">别人的</p>","other","ability","别人的",3,519,519,"i","true",NA,NA,NA,NA,"phase_015_subj_28"
6790,459,3,"<p style=""color:white; font-size: 35px;"">废物</p>","negative","ability","废物",3,585,585,"e","true",NA,NA,NA,NA,"phase_015_subj_28"
6791,459,3,"<p style=""color:rgb(150, 250, 100); font-size: 35px;"">本人</p>","self","ability","本人",3,575,575,"e","true",NA,NA,NA,NA,"phase_015_subj_28"
6792,459,3,"<p style=""color:white; font-size: 35px;"">高效</p>","positive","ability","高效",3,569,569,"i","true",NA,NA,NA,NA,"phase_015_subj_28"
6793,459,3,"<p style=""color:rgb(150, 250, 100); font-size: 35px;"">他人</p>","other","ability","他人",3,567,567,"i","true",NA,NA,NA,NA,"phase_015_subj_28"
6794,459,3,"<p style=""color:white; font-size: 35px;"">能干</p>","positive","ability","能干",3,602,602,"i","true",NA,NA,NA,NA,"phase_015_subj_28"
6795,459,3,"<p style=""color:rgb(150, 250, 100); font-size: 35px;"">我的</p>","self","ability","我的",3,469,469,"e","true",NA,NA,NA,NA,"phase_015_subj_28"
6796,459,3,"<p style=""color:white; font-size: 35px;"">拙笨</p>","negative","ability","拙笨",3,710,710,"e","true",NA,NA,NA,NA,"phase_015_subj_28"
6797,459,3,"<p style=""color:rgb(150, 250, 100); font-size: 35px;"">自己</p>","self","ability","自己",3,534,534,"e","true",NA,NA,NA,NA,"phase_015_subj_28"
6798,459,3,"<p style=""color:white; font-size: 35px;"">低能</p>","negative","ability","低能",3,623,623,"e","true",NA,NA,NA,NA,"phase_015_subj_28"
6799,459,3,"<p style=""color:rgb(150, 250, 100); font-size: 35px;"">他的</p>","other","ability","他的",3,521,521,"i","true",NA,NA,NA,NA,"phase_015_subj_28"
6800,459,3,"<p style=""color:white; font-size: 35px;"">全能</p>","positive","ability","全能",3,657,657,"i","true",NA,NA,NA,NA,"phase_015_subj_28"
6801,459,3,"<p style=""color:rgb(150, 250, 100); font-size: 35px;"">本人的</p>","self","ability","本人的",3,646,646,"e","true",NA,NA,NA,NA,"phase_015_subj_28"
6802,459,3,"<p style=""color:white; font-size: 35px;"">精干</p>","positive","ability","精干",3,590,590,"i","true",NA,NA,NA,NA,"phase_015_subj_28"
6803,459,3,"<p style=""color:rgb(150, 250, 100); font-size: 35px;"">别人</p>","other","ability","别人",3,634,634,"i","true",NA,NA,NA,NA,"phase_015_subj_28"
6804,459,3,"<p style=""color:white; font-size: 35px;"">蠢笨</p>","negative","ability","蠢笨",3,1287,1287,"e","true",NA,NA,NA,NA,"phase_015_subj_28"
6805,459,4,"<p style=""color:rgb(150, 250, 100); font-size: 35px;"">别人</p>","other","ability","别人",4,662,662,"i","true",NA,NA,NA,NA,"phase_015_subj_28"
6806,459,4,"<p style=""color:white; font-size: 35px;"">废物</p>","negative","ability","废物",4,601,601,"e","true",NA,NA,NA,NA,"phase_015_subj_28"
6807,459,4,"<p style=""color:rgb(150, 250, 100); font-size: 35px;"">我</p>","self","ability","我",4,496,496,"e","true",NA,NA,NA,NA,"phase_015_subj_28"
6808,459,4,"<p style=""color:white; font-size: 35px;"">全能</p>","positive","ability","全能",4,516,516,"i","true",NA,NA,NA,NA,"phase_015_subj_28"
6809,459,4,"<p style=""color:rgb(150, 250, 100); font-size: 35px;"">他</p>","other","ability","他",4,509,509,"i","true",NA,NA,NA,NA,"phase_015_subj_28"
6810,459,4,"<p style=""color:white; font-size: 35px;"">蠢笨</p>","negative","ability","蠢笨",4,710,710,"e","true",NA,NA,NA,NA,"phase_015_subj_28"
6811,459,4,"<p style=""color:rgb(150, 250, 100); font-size: 35px;"">我的</p>","self","ability","我的",4,540,540,"e","true",NA,NA,NA,NA,"phase_015_subj_28"
6812,459,4,"<p style=""color:white; font-size: 35px;"">天才</p>","positive","ability","天才",4,646,646,"i","true",NA,NA,NA,NA,"phase_015_subj_28"
6813,459,4,"<p style=""color:rgb(150, 250, 100); font-size: 35px;"">他人的</p>","other","ability","他人的",4,668,668,"i","true",NA,NA,NA,NA,"phase_015_subj_28"
6814,459,4,"<p style=""color:white; font-size: 35px;"">废物</p>","negative","ability","废物",4,655,655,"e","true",NA,NA,NA,NA,"phase_015_subj_28"
6815,459,4,"<p style=""color:rgb(150, 250, 100); font-size: 35px;"">自己</p>","self","ability","自己",4,617,617,"e","true",NA,NA,NA,NA,"phase_015_subj_28"
6816,459,4,"<p style=""color:white; font-size: 35px;"">全才</p>","positive","ability","全才",4,585,585,"i","true",NA,NA,NA,NA,"phase_015_subj_28"
6817,459,4,"<p style=""color:rgb(150, 250, 100); font-size: 35px;"">我</p>","self","ability","我",4,470,1231.84782608696,"i","false",NA,NA,NA,NA,"phase_015_subj_28"
6818,459,4,"<p style=""color:white; font-size: 35px;"">愚钝</p>","negative","ability","愚钝",4,909,909,"e","true",NA,NA,NA,NA,"phase_015_subj_28"
6819,459,4,"<p style=""color:rgb(150, 250, 100); font-size: 35px;"">他人</p>","other","ability","他人",4,555,555,"i","true",NA,NA,NA,NA,"phase_015_subj_28"
6820,459,4,"<p style=""color:white; font-size: 35px;"">高效</p>","positive","ability","高效",4,1088,1088,"i","true",NA,NA,NA,NA,"phase_015_subj_28"
6821,459,4,"<p style=""color:rgb(150, 250, 100); font-size: 35px;"">自己的</p>","self","ability","自己的",4,498,498,"e","true",NA,NA,NA,NA,"phase_015_subj_28"
6822,459,4,"<p style=""color:white; font-size: 35px;"">全才</p>","positive","ability","全才",4,1260,1260,"i","true",NA,NA,NA,NA,"phase_015_subj_28"
6823,459,4,"<p style=""color:rgb(150, 250, 100); font-size: 35px;"">别人</p>","other","ability","别人",4,467,1231.84782608696,"e","false",NA,NA,NA,NA,"phase_015_subj_28"
6824,459,4,"<p style=""color:white; font-size: 35px;"">低能</p>","negative","ability","低能",4,1376,1376,"e","true",NA,NA,NA,NA,"phase_015_subj_28"
6825,459,4,"<p style=""color:rgb(150, 250, 100); font-size: 35px;"">他的</p>","other","ability","他的",4,528,528,"i","true",NA,NA,NA,NA,"phase_015_subj_28"
6826,459,4,"<p style=""color:white; font-size: 35px;"">愚钝</p>","negative","ability","愚钝",4,593,593,"e","true",NA,NA,NA,NA,"phase_015_subj_28"
6827,459,4,"<p style=""color:rgb(150, 250, 100); font-size: 35px;"">自己</p>","self","ability","自己",4,651,651,"e","true",NA,NA,NA,NA,"phase_015_subj_28"
6828,459,4,"<p style=""color:white; font-size: 35px;"">高效</p>","positive","ability","高效",4,695,695,"i","true",NA,NA,NA,NA,"phase_015_subj_28"
6829,459,4,"<p style=""color:rgb(150, 250, 100); font-size: 35px;"">本人的</p>","self","ability","本人的",4,648,648,"e","true",NA,NA,NA,NA,"phase_015_subj_28"
6830,459,4,"<p style=""color:white; font-size: 35px;"">无能</p>","negative","ability","无能",4,545,545,"e","true",NA,NA,NA,NA,"phase_015_subj_28"
6831,459,4,"<p style=""color:rgb(150, 250, 100); font-size: 35px;"">别人的</p>","other","ability","别人的",4,539,539,"i","true",NA,NA,NA,NA,"phase_015_subj_28"
6832,459,4,"<p style=""color:white; font-size: 35px;"">全能</p>","positive","ability","全能",4,588,588,"i","true",NA,NA,NA,NA,"phase_015_subj_28"
6833,459,4,"<p style=""color:rgb(150, 250, 100); font-size: 35px;"">本人的</p>","self","ability","本人的",4,607,607,"e","true",NA,NA,NA,NA,"phase_015_subj_28"
6834,459,4,"<p style=""color:white; font-size: 35px;"">精干</p>","positive","ability","精干",4,531,531,"i","true",NA,NA,NA,NA,"phase_015_subj_28"
6835,459,4,"<p style=""color:rgb(150, 250, 100); font-size: 35px;"">他人的</p>","other","ability","他人的",4,482,482,"i","true",NA,NA,NA,NA,"phase_015_subj_28"
6836,459,4,"<p style=""color:white; font-size: 35px;"">蠢笨</p>","negative","ability","蠢笨",4,513,513,"e","true",NA,NA,NA,NA,"phase_015_subj_28"
6837,459,4,"<p style=""color:rgb(150, 250, 100); font-size: 35px;"">别人的</p>","other","ability","别人的",4,470,470,"i","true",NA,NA,NA,NA,"phase_015_subj_28"
6838,459,4,"<p style=""color:white; font-size: 35px;"">精干</p>","positive","ability","精干",4,822,822,"i","true",NA,NA,NA,NA,"phase_015_subj_28"
6839,459,4,"<p style=""color:rgb(150, 250, 100); font-size: 35px;"">我的</p>","self","ability","我的",4,600,600,"e","true",NA,NA,NA,NA,"phase_015_subj_28"
6840,459,4,"<p style=""color:white; font-size: 35px;"">低能</p>","negative","ability","低能",4,733,733,"e","true",NA,NA,NA,NA,"phase_015_subj_28"
6841,459,4,"<p style=""color:rgb(150, 250, 100); font-size: 35px;"">本人</p>","self","ability","本人",4,547,547,"e","true",NA,NA,NA,NA,"phase_015_subj_28"
6842,459,4,"<p style=""color:white; font-size: 35px;"">拙笨</p>","negative","ability","拙笨",4,599,599,"e","true",NA,NA,NA,NA,"phase_015_subj_28"
6843,459,4,"<p style=""color:rgb(150, 250, 100); font-size: 35px;"">他的</p>","other","ability","他的",4,623,623,"i","true",NA,NA,NA,NA,"phase_015_subj_28"
6844,459,4,"<p style=""color:white; font-size: 35px;"">能干</p>","positive","ability","能干",4,512,512,"i","true",NA,NA,NA,NA,"phase_015_subj_28"
6845,459,4,"<p style=""color:rgb(150, 250, 100); font-size: 35px;"">他人</p>","other","ability","他人",4,444,444,"i","true",NA,NA,NA,NA,"phase_015_subj_28"
6846,459,4,"<p style=""color:white; font-size: 35px;"">能干</p>","positive","ability","能干",4,506,506,"i","true",NA,NA,NA,NA,"phase_015_subj_28"
6847,459,4,"<p style=""color:rgb(150, 250, 100); font-size: 35px;"">本人</p>","self","ability","本人",4,669,669,"e","true",NA,NA,NA,NA,"phase_015_subj_28"
6848,459,4,"<p style=""color:white; font-size: 35px;"">拙笨</p>","negative","ability","拙笨",4,391,391,"e","true",NA,NA,NA,NA,"phase_015_subj_28"
6849,459,4,"<p style=""color:rgb(150, 250, 100); font-size: 35px;"">自己的</p>","self","ability","自己的",4,514,514,"e","true",NA,NA,NA,NA,"phase_015_subj_28"
6850,459,4,"<p style=""color:white; font-size: 35px;"">天才</p>","positive","ability","天才",4,693,693,"i","true",NA,NA,NA,NA,"phase_015_subj_28"
6851,459,4,"<p style=""color:rgb(150, 250, 100); font-size: 35px;"">他</p>","other","ability","他",4,604,604,"i","true",NA,NA,NA,NA,"phase_015_subj_28"
6852,459,4,"<p style=""color:white; font-size: 35px;"">无能</p>","negative","ability","无能",4,527,527,"e","true",NA,NA,NA,NA,"phase_015_subj_28"
6853,459,5,"<p style=""color:rgb(150, 250, 100); font-size: 35px;"">本人的</p>","self","ability","本人的",5,1235,1235,"i","true",NA,NA,NA,NA,"phase_015_subj_28"
6854,459,5,"<p style=""color:rgb(150, 250, 100); font-size: 35px;"">别人的</p>","other","ability","别人的",5,496,496,"e","true",NA,NA,NA,NA,"phase_015_subj_28"
6855,459,5,"<p style=""color:rgb(150, 250, 100); font-size: 35px;"">我的</p>","self","ability","我的",5,637,637,"i","true",NA,NA,NA,NA,"phase_015_subj_28"
6856,459,5,"<p style=""color:rgb(150, 250, 100); font-size: 35px;"">他</p>","other","ability","他",5,512,512,"e","true",NA,NA,NA,NA,"phase_015_subj_28"
6857,459,5,"<p style=""color:rgb(150, 250, 100); font-size: 35px;"">自己</p>","self","ability","自己",5,592,592,"i","true",NA,NA,NA,NA,"phase_015_subj_28"
6858,459,5,"<p style=""color:rgb(150, 250, 100); font-size: 35px;"">他的</p>","other","ability","他的",5,490,490,"e","true",NA,NA,NA,NA,"phase_015_subj_28"
6859,459,5,"<p style=""color:rgb(150, 250, 100); font-size: 35px;"">他人的</p>","other","ability","他人的",5,665,665,"e","true",NA,NA,NA,NA,"phase_015_subj_28"
6860,459,5,"<p style=""color:rgb(150, 250, 100); font-size: 35px;"">别人</p>","other","ability","别人",5,507,507,"e","true",NA,NA,NA,NA,"phase_015_subj_28"
6861,459,5,"<p style=""color:rgb(150, 250, 100); font-size: 35px;"">他的</p>","other","ability","他的",5,481,481,"e","true",NA,NA,NA,NA,"phase_015_subj_28"
6862,459,5,"<p style=""color:rgb(150, 250, 100); font-size: 35px;"">他</p>","other","ability","他",5,405,405,"e","true",NA,NA,NA,NA,"phase_015_subj_28"
6863,459,5,"<p style=""color:rgb(150, 250, 100); font-size: 35px;"">别人的</p>","other","ability","别人的",5,500,500,"e","true",NA,NA,NA,NA,"phase_015_subj_28"
6864,459,5,"<p style=""color:rgb(150, 250, 100); font-size: 35px;"">我的</p>","self","ability","我的",5,399,399,"e","false",NA,NA,NA,NA,"phase_015_subj_28"
6865,459,5,"<p style=""color:rgb(150, 250, 100); font-size: 35px;"">自己的</p>","self","ability","自己的",5,493,493,"i","true",NA,NA,NA,NA,"phase_015_subj_28"
6866,459,5,"<p style=""color:rgb(150, 250, 100); font-size: 35px;"">他人的</p>","other","ability","他人的",5,492,492,"e","true",NA,NA,NA,NA,"phase_015_subj_28"
6867,459,5,"<p style=""color:rgb(150, 250, 100); font-size: 35px;"">本人</p>","self","ability","本人",5,491,491,"i","true",NA,NA,NA,NA,"phase_015_subj_28"
6868,459,5,"<p style=""color:rgb(150, 250, 100); font-size: 35px;"">别人</p>","other","ability","别人",5,697,697,"e","true",NA,NA,NA,NA,"phase_015_subj_28"
6869,459,5,"<p style=""color:rgb(150, 250, 100); font-size: 35px;"">他人</p>","other","ability","他人",5,533,533,"e","true",NA,NA,NA,NA,"phase_015_subj_28"
6870,459,5,"<p style=""color:rgb(150, 250, 100); font-size: 35px;"">我</p>","self","ability","我",5,478,478,"i","true",NA,NA,NA,NA,"phase_015_subj_28"
6871,459,5,"<p style=""color:rgb(150, 250, 100); font-size: 35px;"">本人</p>","self","ability","本人",5,458,458,"i","true",NA,NA,NA,NA,"phase_015_subj_28"
6872,459,5,"<p style=""color:rgb(150, 250, 100); font-size: 35px;"">自己的</p>","self","ability","自己的",5,451,451,"i","true",NA,NA,NA,NA,"phase_015_subj_28"
6873,459,5,"<p style=""color:rgb(150, 250, 100); font-size: 35px;"">我</p>","self","ability","我",5,547,547,"i","true",NA,NA,NA,NA,"phase_015_subj_28"
6874,459,5,"<p style=""color:rgb(150, 250, 100); font-size: 35px;"">他人</p>","other","ability","他人",5,465,465,"e","true",NA,NA,NA,NA,"phase_015_subj_28"
6875,459,5,"<p style=""color:rgb(150, 250, 100); font-size: 35px;"">本人的</p>","self","ability","本人的",5,644,644,"i","true",NA,NA,NA,NA,"phase_015_subj_28"
6876,459,5,"<p style=""color:rgb(150, 250, 100); font-size: 35px;"">自己</p>","self","ability","自己",5,580,580,"i","true",NA,NA,NA,NA,"phase_015_subj_28"
6877,459,6,"<p style=""color:white; font-size: 35px;"">天才</p>","positive","ability","天才",6,1003,1003,"i","true",NA,NA,NA,NA,"phase_015_subj_28"
6878,459,6,"<p style=""color:rgb(150, 250, 100); font-size: 35px;"">我</p>","self","ability","我",6,451,451,"i","true",NA,NA,NA,NA,"phase_015_subj_28"
6879,459,6,"<p style=""color:white; font-size: 35px;"">无能</p>","negative","ability","无能",6,677,677,"e","true",NA,NA,NA,NA,"phase_015_subj_28"
6880,459,6,"<p style=""color:rgb(150, 250, 100); font-size: 35px;"">别人的</p>","other","ability","别人的",6,490,490,"e","true",NA,NA,NA,NA,"phase_015_subj_28"
6881,459,6,"<p style=""color:white; font-size: 35px;"">愚钝</p>","negative","ability","愚钝",6,971,971,"e","true",NA,NA,NA,NA,"phase_015_subj_28"
6882,459,6,"<p style=""color:rgb(150, 250, 100); font-size: 35px;"">本人的</p>","self","ability","本人的",6,579,579,"i","true",NA,NA,NA,NA,"phase_015_subj_28"
6883,459,6,"<p style=""color:white; font-size: 35px;"">全能</p>","positive","ability","全能",6,499,499,"i","true",NA,NA,NA,NA,"phase_015_subj_28"
6884,459,6,"<p style=""color:rgb(150, 250, 100); font-size: 35px;"">他的</p>","other","ability","他的",6,534,534,"e","true",NA,NA,NA,NA,"phase_015_subj_28"
6885,459,6,"<p style=""color:white; font-size: 35px;"">全才</p>","positive","ability","全才",6,740,740,"i","true",NA,NA,NA,NA,"phase_015_subj_28"
6886,459,6,"<p style=""color:rgb(150, 250, 100); font-size: 35px;"">本人</p>","self","ability","本人",6,592,592,"i","true",NA,NA,NA,NA,"phase_015_subj_28"
6887,459,6,"<p style=""color:white; font-size: 35px;"">蠢笨</p>","negative","ability","蠢笨",6,569,569,"e","true",NA,NA,NA,NA,"phase_015_subj_28"
6888,459,6,"<p style=""color:rgb(150, 250, 100); font-size: 35px;"">他人的</p>","other","ability","他人的",6,777,777,"e","true",NA,NA,NA,NA,"phase_015_subj_28"
6889,459,6,"<p style=""color:white; font-size: 35px;"">高效</p>","positive","ability","高效",6,909,909,"i","true",NA,NA,NA,NA,"phase_015_subj_28"
6890,459,6,"<p style=""color:rgb(150, 250, 100); font-size: 35px;"">自己的</p>","self","ability","自己的",6,559,559,"i","true",NA,NA,NA,NA,"phase_015_subj_28"
6891,459,6,"<p style=""color:white; font-size: 35px;"">低能</p>","negative","ability","低能",6,636,636,"e","true",NA,NA,NA,NA,"phase_015_subj_28"
6892,459,6,"<p style=""color:rgb(150, 250, 100); font-size: 35px;"">别人</p>","other","ability","别人",6,662,662,"e","true",NA,NA,NA,NA,"phase_015_subj_28"
6893,459,6,"<p style=""color:white; font-size: 35px;"">精干</p>","positive","ability","精干",6,629,629,"i","true",NA,NA,NA,NA,"phase_015_subj_28"
6894,459,6,"<p style=""color:rgb(150, 250, 100); font-size: 35px;"">自己</p>","self","ability","自己",6,610,610,"i","true",NA,NA,NA,NA,"phase_015_subj_28"
6895,459,6,"<p style=""color:white; font-size: 35px;"">拙笨</p>","negative","ability","拙笨",6,547,547,"e","true",NA,NA,NA,NA,"phase_015_subj_28"
6896,459,6,"<p style=""color:rgb(150, 250, 100); font-size: 35px;"">他人</p>","other","ability","他人",6,486,1247.04347826087,"i","false",NA,NA,NA,NA,"phase_015_subj_28"
6897,459,6,"<p style=""color:white; font-size: 35px;"">能干</p>","positive","ability","能干",6,528,528,"i","true",NA,NA,NA,NA,"phase_015_subj_28"
6898,459,6,"<p style=""color:rgb(150, 250, 100); font-size: 35px;"">我的</p>","self","ability","我的",6,616,616,"i","true",NA,NA,NA,NA,"phase_015_subj_28"
6899,459,6,"<p style=""color:white; font-size: 35px;"">废物</p>","negative","ability","废物",6,525,525,"e","true",NA,NA,NA,NA,"phase_015_subj_28"
6900,459,6,"<p style=""color:rgb(150, 250, 100); font-size: 35px;"">他</p>","other","ability","他",6,779,779,"e","true",NA,NA,NA,NA,"phase_015_subj_28"
6901,459,7,"<p style=""color:white; font-size: 35px;"">全能</p>","positive","ability","全能",7,724,724,"i","true",NA,NA,NA,NA,"phase_015_subj_28"
6902,459,7,"<p style=""color:rgb(150, 250, 100); font-size: 35px;"">别人的</p>","other","ability","别人的",7,664,664,"e","true",NA,NA,NA,NA,"phase_015_subj_28"
6903,459,7,"<p style=""color:white; font-size: 35px;"">拙笨</p>","negative","ability","拙笨",7,648,648,"e","true",NA,NA,NA,NA,"phase_015_subj_28"
6904,459,7,"<p style=""color:rgb(150, 250, 100); font-size: 35px;"">自己</p>","self","ability","自己",7,474,474,"i","true",NA,NA,NA,NA,"phase_015_subj_28"
6905,459,7,"<p style=""color:white; font-size: 35px;"">全才</p>","positive","ability","全才",7,480,480,"i","true",NA,NA,NA,NA,"phase_015_subj_28"
6906,459,7,"<p style=""color:rgb(150, 250, 100); font-size: 35px;"">我的</p>","self","ability","我的",7,474,474,"i","true",NA,NA,NA,NA,"phase_015_subj_28"
6907,459,7,"<p style=""color:white; font-size: 35px;"">废物</p>","negative","ability","废物",7,488,488,"e","true",NA,NA,NA,NA,"phase_015_subj_28"
6908,459,7,"<p style=""color:rgb(150, 250, 100); font-size: 35px;"">别人</p>","other","ability","别人",7,621,621,"e","true",NA,NA,NA,NA,"phase_015_subj_28"
6909,459,7,"<p style=""color:white; font-size: 35px;"">天才</p>","positive","ability","天才",7,968,968,"i","true",NA,NA,NA,NA,"phase_015_subj_28"
6910,459,7,"<p style=""color:rgb(150, 250, 100); font-size: 35px;"">别人的</p>","other","ability","别人的",7,1244,1244,"e","true",NA,NA,NA,NA,"phase_015_subj_28"
6911,459,7,"<p style=""color:white; font-size: 35px;"">愚钝</p>","negative","ability","愚钝",7,560,560,"e","true",NA,NA,NA,NA,"phase_015_subj_28"
6912,459,7,"<p style=""color:rgb(150, 250, 100); font-size: 35px;"">本人</p>","self","ability","本人",7,487,487,"i","true",NA,NA,NA,NA,"phase_015_subj_28"
6913,459,7,"<p style=""color:white; font-size: 35px;"">精干</p>","positive","ability","精干",7,461,461,"i","true",NA,NA,NA,NA,"phase_015_subj_28"
6914,459,7,"<p style=""color:rgb(150, 250, 100); font-size: 35px;"">他人的</p>","other","ability","他人的",7,488,488,"e","true",NA,NA,NA,NA,"phase_015_subj_28"
6915,459,7,"<p style=""color:white; font-size: 35px;"">愚钝</p>","negative","ability","愚钝",7,546,546,"e","true",NA,NA,NA,NA,"phase_015_subj_28"
6916,459,7,"<p style=""color:rgb(150, 250, 100); font-size: 35px;"">自己的</p>","self","ability","自己的",7,472,472,"i","true",NA,NA,NA,NA,"phase_015_subj_28"
6917,459,7,"<p style=""color:white; font-size: 35px;"">全才</p>","positive","ability","全才",7,426,426,"i","true",NA,NA,NA,NA,"phase_015_subj_28"
6918,459,7,"<p style=""color:rgb(150, 250, 100); font-size: 35px;"">我</p>","self","ability","我",7,492,492,"i","true",NA,NA,NA,NA,"phase_015_subj_28"
6919,459,7,"<p style=""color:white; font-size: 35px;"">低能</p>","negative","ability","低能",7,481,481,"e","true",NA,NA,NA,NA,"phase_015_subj_28"
6920,459,7,"<p style=""color:rgb(150, 250, 100); font-size: 35px;"">他人</p>","other","ability","他人",7,754,754,"e","true",NA,NA,NA,NA,"phase_015_subj_28"
6921,459,7,"<p style=""color:white; font-size: 35px;"">天才</p>","positive","ability","天才",7,573,573,"i","true",NA,NA,NA,NA,"phase_015_subj_28"
6922,459,7,"<p style=""color:rgb(150, 250, 100); font-size: 35px;"">我</p>","self","ability","我",7,581,581,"i","true",NA,NA,NA,NA,"phase_015_subj_28"
6923,459,7,"<p style=""color:white; font-size: 35px;"">蠢笨</p>","negative","ability","蠢笨",7,474,474,"e","true",NA,NA,NA,NA,"phase_015_subj_28"
6924,459,7,"<p style=""color:rgb(150, 250, 100); font-size: 35px;"">他人的</p>","other","ability","他人的",7,735,735,"e","true",NA,NA,NA,NA,"phase_015_subj_28"
6925,459,7,"<p style=""color:white; font-size: 35px;"">低能</p>","negative","ability","低能",7,554,554,"e","true",NA,NA,NA,NA,"phase_015_subj_28"
6926,459,7,"<p style=""color:rgb(150, 250, 100); font-size: 35px;"">他人</p>","other","ability","他人",7,637,637,"e","true",NA,NA,NA,NA,"phase_015_subj_28"
6927,459,7,"<p style=""color:white; font-size: 35px;"">高效</p>","positive","ability","高效",7,624,624,"i","true",NA,NA,NA,NA,"phase_015_subj_28"
6928,459,7,"<p style=""color:rgb(150, 250, 100); font-size: 35px;"">我的</p>","self","ability","我的",7,468,468,"i","true",NA,NA,NA,NA,"phase_015_subj_28"
6929,459,7,"<p style=""color:white; font-size: 35px;"">拙笨</p>","negative","ability","拙笨",7,478,478,"e","true",NA,NA,NA,NA,"phase_015_subj_28"
6930,459,7,"<p style=""color:rgb(150, 250, 100); font-size: 35px;"">自己</p>","self","ability","自己",7,809,809,"i","true",NA,NA,NA,NA,"phase_015_subj_28"
6931,459,7,"<p style=""color:white; font-size: 35px;"">高效</p>","positive","ability","高效",7,495,495,"i","true",NA,NA,NA,NA,"phase_015_subj_28"
6932,459,7,"<p style=""color:rgb(150, 250, 100); font-size: 35px;"">别人</p>","other","ability","别人",7,529,529,"e","true",NA,NA,NA,NA,"phase_015_subj_28"
6933,459,7,"<p style=""color:white; font-size: 35px;"">精干</p>","positive","ability","精干",7,709,709,"i","true",NA,NA,NA,NA,"phase_015_subj_28"
6934,459,7,"<p style=""color:rgb(150, 250, 100); font-size: 35px;"">本人的</p>","self","ability","本人的",7,764,764,"i","true",NA,NA,NA,NA,"phase_015_subj_28"
6935,459,7,"<p style=""color:white; font-size: 35px;"">废物</p>","negative","ability","废物",7,531,531,"e","true",NA,NA,NA,NA,"phase_015_subj_28"
6936,459,7,"<p style=""color:rgb(150, 250, 100); font-size: 35px;"">他</p>","other","ability","他",7,615,615,"e","true",NA,NA,NA,NA,"phase_015_subj_28"
6937,459,7,"<p style=""color:white; font-size: 35px;"">能干</p>","positive","ability","能干",7,544,544,"i","true",NA,NA,NA,NA,"phase_015_subj_28"
6938,459,7,"<p style=""color:rgb(150, 250, 100); font-size: 35px;"">他的</p>","other","ability","他的",7,518,1206.40425531915,"i","false",NA,NA,NA,NA,"phase_015_subj_28"
6939,459,7,"<p style=""color:white; font-size: 35px;"">无能</p>","negative","ability","无能",7,601,601,"e","true",NA,NA,NA,NA,"phase_015_subj_28"
6940,459,7,"<p style=""color:rgb(150, 250, 100); font-size: 35px;"">本人</p>","self","ability","本人",7,563,563,"i","true",NA,NA,NA,NA,"phase_015_subj_28"
6941,459,7,"<p style=""color:white; font-size: 35px;"">能干</p>","positive","ability","能干",7,791,791,"i","true",NA,NA,NA,NA,"phase_015_subj_28"
6942,459,7,"<p style=""color:rgb(150, 250, 100); font-size: 35px;"">本人的</p>","self","ability","本人的",7,505,505,"i","true",NA,NA,NA,NA,"phase_015_subj_28"
6943,459,7,"<p style=""color:white; font-size: 35px;"">蠢笨</p>","negative","ability","蠢笨",7,458,458,"e","true",NA,NA,NA,NA,"phase_015_subj_28"
6944,459,7,"<p style=""color:rgb(150, 250, 100); font-size: 35px;"">他的</p>","other","ability","他的",7,587,587,"e","true",NA,NA,NA,NA,"phase_015_subj_28"
6945,459,7,"<p style=""color:white; font-size: 35px;"">全能</p>","positive","ability","全能",7,534,534,"i","true",NA,NA,NA,NA,"phase_015_subj_28"
6946,459,7,"<p style=""color:rgb(150, 250, 100); font-size: 35px;"">他</p>","other","ability","他",7,443,443,"e","true",NA,NA,NA,NA,"phase_015_subj_28"
6947,459,7,"<p style=""color:white; font-size: 35px;"">无能</p>","negative","ability","无能",7,624,624,"e","true",NA,NA,NA,NA,"phase_015_subj_28"
6948,459,7,"<p style=""color:rgb(150, 250, 100); font-size: 35px;"">自己的</p>","self","ability","自己的",7,1323,1323,"i","true",NA,NA,NA,NA,"phase_015_subj_28"
6949,89,NA,"
    <h3>词语分类任务</h3>
    <p>在接下来的任务中，你需要对一系列词语进行分类。</p>
    <p>请先熟悉这些词语，这有利于你完成接下来的任务。</p>
    <table align=""center"" border=1 cellpadding=3 cellspacing=0>
    <tr> <th>类别</th> <th>词语</th> </tr>
    <tr> <td>&emsp;积极&emsp;</td> <td>&emsp;能干、全能、全才、高效、精干、天才&emsp;</td> </tr>
    <tr> <td>&emsp;消极&emsp;</td> <td>&emsp;无能、低能、废物、拙笨、愚钝、蠢笨&emsp;</td> </tr>
    <tr> <td>&emsp;自我&emsp;</td> <td>&emsp;我、我的、自己、自己的、本人、本人的&emsp;</td> </tr>
    <tr> <td>&emsp;他人&emsp;</td> <td>&emsp;他、他的、别人、别人的、他人、他人的&emsp;</td> </tr>
    </table><br/>","","","",NA,46964,NA,"0","",1,1,NA,NA,"phase_015_subj_9"
6950,89,1,"<p style=""color:rgb(150, 250, 100); font-size: 35px;"">他人</p>","other","ability","他人",1,1367,1367,"i","true",NA,NA,NA,NA,"phase_015_subj_9"
6951,89,1,"<p style=""color:rgb(150, 250, 100); font-size: 35px;"">别人</p>","other","ability","别人",1,1234,1234,"i","true",NA,NA,NA,NA,"phase_015_subj_9"
6952,89,1,"<p style=""color:rgb(150, 250, 100); font-size: 35px;"">他的</p>","other","ability","他的",1,794,794,"i","true",NA,NA,NA,NA,"phase_015_subj_9"
6953,89,1,"<p style=""color:rgb(150, 250, 100); font-size: 35px;"">别人的</p>","other","ability","别人的",1,752,752,"i","true",NA,NA,NA,NA,"phase_015_subj_9"
6954,89,1,"<p style=""color:rgb(150, 250, 100); font-size: 35px;"">自己的</p>","self","ability","自己的",1,713,713,"e","true",NA,NA,NA,NA,"phase_015_subj_9"
6955,89,1,"<p style=""color:rgb(150, 250, 100); font-size: 35px;"">他</p>","other","ability","他",1,966,966,"i","true",NA,NA,NA,NA,"phase_015_subj_9"
6956,89,1,"<p style=""color:rgb(150, 250, 100); font-size: 35px;"">他人的</p>","other","ability","他人的",1,676,676,"i","true",NA,NA,NA,NA,"phase_015_subj_9"
6957,89,1,"<p style=""color:rgb(150, 250, 100); font-size: 35px;"">我</p>","self","ability","我",1,774,774,"e","true",NA,NA,NA,NA,"phase_015_subj_9"
6958,89,1,"<p style=""color:rgb(150, 250, 100); font-size: 35px;"">本人</p>","self","ability","本人",1,914,914,"e","true",NA,NA,NA,NA,"phase_015_subj_9"
6959,89,1,"<p style=""color:rgb(150, 250, 100); font-size: 35px;"">本人的</p>","self","ability","本人的",1,669,669,"e","true",NA,NA,NA,NA,"phase_015_subj_9"
6960,89,1,"<p style=""color:rgb(150, 250, 100); font-size: 35px;"">自己</p>","self","ability","自己",1,809,809,"e","true",NA,NA,NA,NA,"phase_015_subj_9"
6961,89,1,"<p style=""color:rgb(150, 250, 100); font-size: 35px;"">我的</p>","self","ability","我的",1,642,642,"e","true",NA,NA,NA,NA,"phase_015_subj_9"
6962,89,2,"<p style=""color:white; font-size: 35px;"">蠢笨</p>","negative","ability","蠢笨",2,916,916,"i","true",NA,NA,NA,NA,"phase_015_subj_9"
6963,89,2,"<p style=""color:white; font-size: 35px;"">无能</p>","negative","ability","无能",2,748,748,"i","true",NA,NA,NA,NA,"phase_015_subj_9"
6964,89,2,"<p style=""color:white; font-size: 35px;"">精干</p>","positive","ability","精干",2,771,771,"e","true",NA,NA,NA,NA,"phase_015_subj_9"
6965,89,2,"<p style=""color:white; font-size: 35px;"">拙笨</p>","negative","ability","拙笨",2,708,708,"i","true",NA,NA,NA,NA,"phase_015_subj_9"
6966,89,2,"<p style=""color:white; font-size: 35px;"">天才</p>","positive","ability","天才",2,702,702,"e","true",NA,NA,NA,NA,"phase_015_subj_9"
6967,89,2,"<p style=""color:white; font-size: 35px;"">废物</p>","negative","ability","废物",2,672,672,"i","true",NA,NA,NA,NA,"phase_015_subj_9"
6968,89,2,"<p style=""color:white; font-size: 35px;"">能干</p>","positive","ability","能干",2,660,660,"e","true",NA,NA,NA,NA,"phase_015_subj_9"
6969,89,2,"<p style=""color:white; font-size: 35px;"">低能</p>","negative","ability","低能",2,626,626,"i","true",NA,NA,NA,NA,"phase_015_subj_9"
6970,89,2,"<p style=""color:white; font-size: 35px;"">全才</p>","positive","ability","全才",2,636,636,"e","true",NA,NA,NA,NA,"phase_015_subj_9"
6971,89,2,"<p style=""color:white; font-size: 35px;"">高效</p>","positive","ability","高效",2,550,550,"e","true",NA,NA,NA,NA,"phase_015_subj_9"
6972,89,2,"<p style=""color:white; font-size: 35px;"">愚钝</p>","negative","ability","愚钝",2,712,712,"i","true",NA,NA,NA,NA,"phase_015_subj_9"
6973,89,2,"<p style=""color:white; font-size: 35px;"">全能</p>","positive","ability","全能",2,717,717,"e","true",NA,NA,NA,NA,"phase_015_subj_9"
6974,89,3,"<p style=""color:rgb(150, 250, 100); font-size: 35px;"">我</p>","self","ability","我",3,785,785,"e","true",NA,NA,NA,NA,"phase_015_subj_9"
6975,89,3,"<p style=""color:white; font-size: 35px;"">全才</p>","positive","ability","全才",3,755,755,"e","true",NA,NA,NA,NA,"phase_015_subj_9"
6976,89,3,"<p style=""color:rgb(150, 250, 100); font-size: 35px;"">他人</p>","other","ability","他人",3,747,747,"i","true",NA,NA,NA,NA,"phase_015_subj_9"
6977,89,3,"<p style=""color:white; font-size: 35px;"">低能</p>","negative","ability","低能",3,539,539,"i","true",NA,NA,NA,NA,"phase_015_subj_9"
6978,89,3,"<p style=""color:rgb(150, 250, 100); font-size: 35px;"">自己</p>","self","ability","自己",3,606,606,"e","true",NA,NA,NA,NA,"phase_015_subj_9"
6979,89,3,"<p style=""color:white; font-size: 35px;"">废物</p>","negative","ability","废物",3,623,623,"i","true",NA,NA,NA,NA,"phase_015_subj_9"
6980,89,3,"<p style=""color:rgb(150, 250, 100); font-size: 35px;"">别人</p>","other","ability","别人",3,831,831,"i","true",NA,NA,NA,NA,"phase_015_subj_9"
6981,89,3,"<p style=""color:white; font-size: 35px;"">天才</p>","positive","ability","天才",3,610,610,"e","true",NA,NA,NA,NA,"phase_015_subj_9"
6982,89,3,"<p style=""color:rgb(150, 250, 100); font-size: 35px;"">我的</p>","self","ability","我的",3,666,666,"e","true",NA,NA,NA,NA,"phase_015_subj_9"
6983,89,3,"<p style=""color:white; font-size: 35px;"">愚钝</p>","negative","ability","愚钝",3,662,662,"i","true",NA,NA,NA,NA,"phase_015_subj_9"
6984,89,3,"<p style=""color:rgb(150, 250, 100); font-size: 35px;"">别人的</p>","other","ability","别人的",3,693,693,"i","true",NA,NA,NA,NA,"phase_015_subj_9"
6985,89,3,"<p style=""color:white; font-size: 35px;"">能干</p>","positive","ability","能干",3,646,646,"e","true",NA,NA,NA,NA,"phase_015_subj_9"
6986,89,3,"<p style=""color:rgb(150, 250, 100); font-size: 35px;"">本人</p>","self","ability","本人",3,624,624,"e","true",NA,NA,NA,NA,"phase_015_subj_9"
6987,89,3,"<p style=""color:white; font-size: 35px;"">无能</p>","negative","ability","无能",3,638,638,"i","true",NA,NA,NA,NA,"phase_015_subj_9"
6988,89,3,"<p style=""color:rgb(150, 250, 100); font-size: 35px;"">他人的</p>","other","ability","他人的",3,773,773,"i","true",NA,NA,NA,NA,"phase_015_subj_9"
6989,89,3,"<p style=""color:white; font-size: 35px;"">高效</p>","positive","ability","高效",3,629,629,"e","true",NA,NA,NA,NA,"phase_015_subj_9"
6990,89,3,"<p style=""color:rgb(150, 250, 100); font-size: 35px;"">本人的</p>","self","ability","本人的",3,614,614,"e","true",NA,NA,NA,NA,"phase_015_subj_9"
6991,89,3,"<p style=""color:white; font-size: 35px;"">蠢笨</p>","negative","ability","蠢笨",3,1086,1086,"i","true",NA,NA,NA,NA,"phase_015_subj_9"
6992,89,3,"<p style=""color:rgb(150, 250, 100); font-size: 35px;"">他</p>","other","ability","他",3,640,640,"i","true",NA,NA,NA,NA,"phase_015_subj_9"
6993,89,3,"<p style=""color:white; font-size: 35px;"">全能</p>","positive","ability","全能",3,636,636,"e","true",NA,NA,NA,NA,"phase_015_subj_9"
6994,89,3,"<p style=""color:rgb(150, 250, 100); font-size: 35px;"">自己的</p>","self","ability","自己的",3,569,569,"e","true",NA,NA,NA,NA,"phase_015_subj_9"
6995,89,3,"<p style=""color:white; font-size: 35px;"">精干</p>","positive","ability","精干",3,694,694,"e","true",NA,NA,NA,NA,"phase_015_subj_9"
6996,89,3,"<p style=""color:rgb(150, 250, 100); font-size: 35px;"">他的</p>","other","ability","他的",3,679,679,"i","true",NA,NA,NA,NA,"phase_015_subj_9"
6997,89,3,"<p style=""color:white; font-size: 35px;"">拙笨</p>","negative","ability","拙笨",3,592,592,"i","true",NA,NA,NA,NA,"phase_015_subj_9"
6998,89,4,"<p style=""color:rgb(150, 250, 100); font-size: 35px;"">自己</p>","self","ability","自己",4,842,842,"e","true",NA,NA,NA,NA,"phase_015_subj_9"
6999,89,4,"<p style=""color:white; font-size: 35px;"">拙笨</p>","negative","ability","拙笨",4,904,904,"i","true",NA,NA,NA,NA,"phase_015_subj_9"
7000,89,4,"<p style=""color:rgb(150, 250, 100); font-size: 35px;"">他人的</p>","other","ability","他人的",4,702,702,"i","true",NA,NA,NA,NA,"phase_015_subj_9"
7001,89,4,"<p style=""color:white; font-size: 35px;"">全能</p>","positive","ability","全能",4,751,751,"e","true",NA,NA,NA,NA,"phase_015_subj_9"
7002,89,4,"<p style=""color:rgb(150, 250, 100); font-size: 35px;"">别人的</p>","other","ability","别人的",4,788,788,"i","true",NA,NA,NA,NA,"phase_015_subj_9"
7003,89,4,"<p style=""color:white; font-size: 35px;"">蠢笨</p>","negative","ability","蠢笨",4,679,679,"i","true",NA,NA,NA,NA,"phase_015_subj_9"
7004,89,4,"<p style=""color:rgb(150, 250, 100); font-size: 35px;"">本人</p>","self","ability","本人",4,746,746,"e","true",NA,NA,NA,NA,"phase_015_subj_9"
7005,89,4,"<p style=""color:white; font-size: 35px;"">天才</p>","positive","ability","天才",4,550,550,"e","true",NA,NA,NA,NA,"phase_015_subj_9"
7006,89,4,"<p style=""color:rgb(150, 250, 100); font-size: 35px;"">别人</p>","other","ability","别人",4,798,798,"i","true",NA,NA,NA,NA,"phase_015_subj_9"
7007,89,4,"<p style=""color:white; font-size: 35px;"">废物</p>","negative","ability","废物",4,730,730,"i","true",NA,NA,NA,NA,"phase_015_subj_9"
7008,89,4,"<p style=""color:rgb(150, 250, 100); font-size: 35px;"">本人的</p>","self","ability","本人的",4,891,891,"e","true",NA,NA,NA,NA,"phase_015_subj_9"
7009,89,4,"<p style=""color:white; font-size: 35px;"">全才</p>","positive","ability","全才",4,657,657,"e","true",NA,NA,NA,NA,"phase_015_subj_9"
7010,89,4,"<p style=""color:rgb(150, 250, 100); font-size: 35px;"">别人的</p>","other","ability","别人的",4,740,740,"i","true",NA,NA,NA,NA,"phase_015_subj_9"
7011,89,4,"<p style=""color:white; font-size: 35px;"">愚钝</p>","negative","ability","愚钝",4,637,637,"i","true",NA,NA,NA,NA,"phase_015_subj_9"
7012,89,4,"<p style=""color:rgb(150, 250, 100); font-size: 35px;"">自己的</p>","self","ability","自己的",4,649,649,"e","true",NA,NA,NA,NA,"phase_015_subj_9"
7013,89,4,"<p style=""color:white; font-size: 35px;"">高效</p>","positive","ability","高效",4,594,594,"e","true",NA,NA,NA,NA,"phase_015_subj_9"
7014,89,4,"<p style=""color:rgb(150, 250, 100); font-size: 35px;"">他人的</p>","other","ability","他人的",4,803,803,"i","true",NA,NA,NA,NA,"phase_015_subj_9"
7015,89,4,"<p style=""color:white; font-size: 35px;"">低能</p>","negative","ability","低能",4,595,595,"i","true",NA,NA,NA,NA,"phase_015_subj_9"
7016,89,4,"<p style=""color:rgb(150, 250, 100); font-size: 35px;"">我的</p>","self","ability","我的",4,547,547,"e","true",NA,NA,NA,NA,"phase_015_subj_9"
7017,89,4,"<p style=""color:white; font-size: 35px;"">全能</p>","positive","ability","全能",4,546,546,"e","true",NA,NA,NA,NA,"phase_015_subj_9"
7018,89,4,"<p style=""color:rgb(150, 250, 100); font-size: 35px;"">我</p>","self","ability","我",4,589,589,"e","true",NA,NA,NA,NA,"phase_015_subj_9"
7019,89,4,"<p style=""color:white; font-size: 35px;"">精干</p>","positive","ability","精干",4,678,678,"e","true",NA,NA,NA,NA,"phase_015_subj_9"
7020,89,4,"<p style=""color:rgb(150, 250, 100); font-size: 35px;"">他的</p>","other","ability","他的",4,531,1279.15217391304,"e","false",NA,NA,NA,NA,"phase_015_subj_9"
7021,89,4,"<p style=""color:white; font-size: 35px;"">无能</p>","negative","ability","无能",4,1000,1000,"i","true",NA,NA,NA,NA,"phase_015_subj_9"
7022,89,4,"<p style=""color:rgb(150, 250, 100); font-size: 35px;"">我</p>","self","ability","我",4,600,600,"e","true",NA,NA,NA,NA,"phase_015_subj_9"
7023,89,4,"<p style=""color:white; font-size: 35px;"">天才</p>","positive","ability","天才",4,753,753,"e","true",NA,NA,NA,NA,"phase_015_subj_9"
7024,89,4,"<p style=""color:rgb(150, 250, 100); font-size: 35px;"">别人</p>","other","ability","别人",4,620,620,"i","true",NA,NA,NA,NA,"phase_015_subj_9"
7025,89,4,"<p style=""color:white; font-size: 35px;"">拙笨</p>","negative","ability","拙笨",4,549,549,"i","true",NA,NA,NA,NA,"phase_015_subj_9"
7026,89,4,"<p style=""color:rgb(150, 250, 100); font-size: 35px;"">本人的</p>","self","ability","本人的",4,626,626,"e","true",NA,NA,NA,NA,"phase_015_subj_9"
7027,89,4,"<p style=""color:white; font-size: 35px;"">全才</p>","positive","ability","全才",4,491,491,"e","true",NA,NA,NA,NA,"phase_015_subj_9"
7028,89,4,"<p style=""color:rgb(150, 250, 100); font-size: 35px;"">他</p>","other","ability","他",4,538,538,"i","true",NA,NA,NA,NA,"phase_015_subj_9"
7029,89,4,"<p style=""color:white; font-size: 35px;"">废物</p>","negative","ability","废物",4,585,585,"i","true",NA,NA,NA,NA,"phase_015_subj_9"
7030,89,4,"<p style=""color:rgb(150, 250, 100); font-size: 35px;"">我的</p>","self","ability","我的",4,570,570,"e","true",NA,NA,NA,NA,"phase_015_subj_9"
7031,89,4,"<p style=""color:white; font-size: 35px;"">低能</p>","negative","ability","低能",4,583,583,"i","true",NA,NA,NA,NA,"phase_015_subj_9"
7032,89,4,"<p style=""color:rgb(150, 250, 100); font-size: 35px;"">他人</p>","other","ability","他人",4,872,872,"i","true",NA,NA,NA,NA,"phase_015_subj_9"
7033,89,4,"<p style=""color:white; font-size: 35px;"">能干</p>","positive","ability","能干",4,746,746,"e","true",NA,NA,NA,NA,"phase_015_subj_9"
7034,89,4,"<p style=""color:rgb(150, 250, 100); font-size: 35px;"">他人</p>","other","ability","他人",4,646,646,"i","true",NA,NA,NA,NA,"phase_015_subj_9"
7035,89,4,"<p style=""color:white; font-size: 35px;"">精干</p>","positive","ability","精干",4,692,692,"e","true",NA,NA,NA,NA,"phase_015_subj_9"
7036,89,4,"<p style=""color:rgb(150, 250, 100); font-size: 35px;"">自己的</p>","self","ability","自己的",4,607,607,"e","true",NA,NA,NA,NA,"phase_015_subj_9"
7037,89,4,"<p style=""color:white; font-size: 35px;"">无能</p>","negative","ability","无能",4,638,638,"i","true",NA,NA,NA,NA,"phase_015_subj_9"
7038,89,4,"<p style=""color:rgb(150, 250, 100); font-size: 35px;"">自己</p>","self","ability","自己",4,626,626,"e","true",NA,NA,NA,NA,"phase_015_subj_9"
7039,89,4,"<p style=""color:white; font-size: 35px;"">高效</p>","positive","ability","高效",4,658,1279.15217391304,"i","false",NA,NA,NA,NA,"phase_015_subj_9"
7040,89,4,"<p style=""color:rgb(150, 250, 100); font-size: 35px;"">他的</p>","other","ability","他的",4,1079,1079,"i","true",NA,NA,NA,NA,"phase_015_subj_9"
7041,89,4,"<p style=""color:white; font-size: 35px;"">愚钝</p>","negative","ability","愚钝",4,649,649,"i","true",NA,NA,NA,NA,"phase_015_subj_9"
7042,89,4,"<p style=""color:rgb(150, 250, 100); font-size: 35px;"">本人</p>","self","ability","本人",4,507,507,"e","true",NA,NA,NA,NA,"phase_015_subj_9"
7043,89,4,"<p style=""color:white; font-size: 35px;"">能干</p>","positive","ability","能干",4,531,531,"e","true",NA,NA,NA,NA,"phase_015_subj_9"
7044,89,4,"<p style=""color:rgb(150, 250, 100); font-size: 35px;"">他</p>","other","ability","他",4,678,678,"i","true",NA,NA,NA,NA,"phase_015_subj_9"
7045,89,4,"<p style=""color:white; font-size: 35px;"">蠢笨</p>","negative","ability","蠢笨",4,639,639,"i","true",NA,NA,NA,NA,"phase_015_subj_9"
7046,89,5,"<p style=""color:rgb(150, 250, 100); font-size: 35px;"">别人的</p>","other","ability","别人的",5,1493,1493,"e","true",NA,NA,NA,NA,"phase_015_subj_9"
7047,89,5,"<p style=""color:rgb(150, 250, 100); font-size: 35px;"">他</p>","other","ability","他",5,675,675,"e","true",NA,NA,NA,NA,"phase_015_subj_9"
7048,89,5,"<p style=""color:rgb(150, 250, 100); font-size: 35px;"">我</p>","self","ability","我",5,719,719,"i","true",NA,NA,NA,NA,"phase_015_subj_9"
7049,89,5,"<p style=""color:rgb(150, 250, 100); font-size: 35px;"">他的</p>","other","ability","他的",5,1643,1643,"e","true",NA,NA,NA,NA,"phase_015_subj_9"
7050,89,5,"<p style=""color:rgb(150, 250, 100); font-size: 35px;"">别人</p>","other","ability","别人",5,720,720,"i","false",NA,NA,NA,NA,"phase_015_subj_9"
7051,89,5,"<p style=""color:rgb(150, 250, 100); font-size: 35px;"">自己的</p>","self","ability","自己的",5,1118,1118,"i","true",NA,NA,NA,NA,"phase_015_subj_9"
7052,89,5,"<p style=""color:rgb(150, 250, 100); font-size: 35px;"">本人</p>","self","ability","本人",5,767,767,"i","true",NA,NA,NA,NA,"phase_015_subj_9"
7053,89,5,"<p style=""color:rgb(150, 250, 100); font-size: 35px;"">他</p>","other","ability","他",5,1023,1023,"e","true",NA,NA,NA,NA,"phase_015_subj_9"
7054,89,5,"<p style=""color:rgb(150, 250, 100); font-size: 35px;"">自己</p>","self","ability","自己",5,1600,1600,"i","true",NA,NA,NA,NA,"phase_015_subj_9"
7055,89,5,"<p style=""color:rgb(150, 250, 100); font-size: 35px;"">自己的</p>","self","ability","自己的",5,633,633,"i","true",NA,NA,NA,NA,"phase_015_subj_9"
7056,89,5,"<p style=""color:rgb(150, 250, 100); font-size: 35px;"">我的</p>","self","ability","我的",5,920,920,"i","true",NA,NA,NA,NA,"phase_015_subj_9"
7057,89,5,"<p style=""color:rgb(150, 250, 100); font-size: 35px;"">我</p>","self","ability","我",5,655,655,"i","true",NA,NA,NA,NA,"phase_015_subj_9"
7058,89,5,"<p style=""color:rgb(150, 250, 100); font-size: 35px;"">本人的</p>","self","ability","本人的",5,812,812,"e","false",NA,NA,NA,NA,"phase_015_subj_9"
7059,89,5,"<p style=""color:rgb(150, 250, 100); font-size: 35px;"">别人的</p>","other","ability","别人的",5,1041,1041,"e","true",NA,NA,NA,NA,"phase_015_subj_9"
7060,89,5,"<p style=""color:rgb(150, 250, 100); font-size: 35px;"">我的</p>","self","ability","我的",5,675,675,"i","true",NA,NA,NA,NA,"phase_015_subj_9"
7061,89,5,"<p style=""color:rgb(150, 250, 100); font-size: 35px;"">本人</p>","self","ability","本人",5,744,744,"i","true",NA,NA,NA,NA,"phase_015_subj_9"
7062,89,5,"<p style=""color:rgb(150, 250, 100); font-size: 35px;"">别人</p>","other","ability","别人",5,841,841,"e","true",NA,NA,NA,NA,"phase_015_subj_9"
7063,89,5,"<p style=""color:rgb(150, 250, 100); font-size: 35px;"">本人的</p>","self","ability","本人的",5,742,742,"i","true",NA,NA,NA,NA,"phase_015_subj_9"
7064,89,5,"<p style=""color:rgb(150, 250, 100); font-size: 35px;"">他的</p>","other","ability","他的",5,692,692,"e","true",NA,NA,NA,NA,"phase_015_subj_9"
7065,89,5,"<p style=""color:rgb(150, 250, 100); font-size: 35px;"">他人</p>","other","ability","他人",5,773,773,"e","true",NA,NA,NA,NA,"phase_015_subj_9"
7066,89,5,"<p style=""color:rgb(150, 250, 100); font-size: 35px;"">他人的</p>","other","ability","他人的",5,616,616,"e","true",NA,NA,NA,NA,"phase_015_subj_9"
7067,89,5,"<p style=""color:rgb(150, 250, 100); font-size: 35px;"">他人</p>","other","ability","他人",5,652,652,"e","true",NA,NA,NA,NA,"phase_015_subj_9"
7068,89,5,"<p style=""color:rgb(150, 250, 100); font-size: 35px;"">他人的</p>","other","ability","他人的",5,625,625,"e","true",NA,NA,NA,NA,"phase_015_subj_9"
7069,89,5,"<p style=""color:rgb(150, 250, 100); font-size: 35px;"">自己</p>","self","ability","自己",5,694,694,"i","true",NA,NA,NA,NA,"phase_015_subj_9"
7070,89,6,"<p style=""color:white; font-size: 35px;"">高效</p>","positive","ability","高效",6,747,747,"e","true",NA,NA,NA,NA,"phase_015_subj_9"
7071,89,6,"<p style=""color:rgb(150, 250, 100); font-size: 35px;"">我的</p>","self","ability","我的",6,1051,1051,"i","true",NA,NA,NA,NA,"phase_015_subj_9"
7072,89,6,"<p style=""color:white; font-size: 35px;"">无能</p>","negative","ability","无能",6,1591,1591,"i","true",NA,NA,NA,NA,"phase_015_subj_9"
7073,89,6,"<p style=""color:rgb(150, 250, 100); font-size: 35px;"">别人</p>","other","ability","别人",6,1282,1282,"e","true",NA,NA,NA,NA,"phase_015_subj_9"
7074,89,6,"<p style=""color:white; font-size: 35px;"">拙笨</p>","negative","ability","拙笨",6,1161,1161,"i","true",NA,NA,NA,NA,"phase_015_subj_9"
7075,89,6,"<p style=""color:rgb(150, 250, 100); font-size: 35px;"">自己</p>","self","ability","自己",6,1065,1065,"i","true",NA,NA,NA,NA,"phase_015_subj_9"
7076,89,6,"<p style=""color:white; font-size: 35px;"">天才</p>","positive","ability","天才",6,887,887,"e","true",NA,NA,NA,NA,"phase_015_subj_9"
7077,89,6,"<p style=""color:rgb(150, 250, 100); font-size: 35px;"">他人的</p>","other","ability","他人的",6,1703,1703,"e","true",NA,NA,NA,NA,"phase_015_subj_9"
7078,89,6,"<p style=""color:white; font-size: 35px;"">废物</p>","negative","ability","废物",6,1132,1132,"i","true",NA,NA,NA,NA,"phase_015_subj_9"
7079,89,6,"<p style=""color:rgb(150, 250, 100); font-size: 35px;"">别人的</p>","other","ability","别人的",6,1158,1158,"e","true",NA,NA,NA,NA,"phase_015_subj_9"
7080,89,6,"<p style=""color:white; font-size: 35px;"">全能</p>","positive","ability","全能",6,1342,1342,"e","true",NA,NA,NA,NA,"phase_015_subj_9"
7081,89,6,"<p style=""color:rgb(150, 250, 100); font-size: 35px;"">本人的</p>","self","ability","本人的",6,750,750,"i","true",NA,NA,NA,NA,"phase_015_subj_9"
7082,89,6,"<p style=""color:white; font-size: 35px;"">蠢笨</p>","negative","ability","蠢笨",6,780,1648.45454545455,"e","false",NA,NA,NA,NA,"phase_015_subj_9"
7083,89,6,"<p style=""color:rgb(150, 250, 100); font-size: 35px;"">我</p>","self","ability","我",6,613,613,"i","true",NA,NA,NA,NA,"phase_015_subj_9"
7084,89,6,"<p style=""color:white; font-size: 35px;"">能干</p>","positive","ability","能干",6,1369,1369,"e","true",NA,NA,NA,NA,"phase_015_subj_9"
7085,89,6,"<p style=""color:rgb(150, 250, 100); font-size: 35px;"">他的</p>","other","ability","他的",6,1376,1376,"e","true",NA,NA,NA,NA,"phase_015_subj_9"
7086,89,6,"<p style=""color:white; font-size: 35px;"">低能</p>","negative","ability","低能",6,761,1648.45454545455,"e","false",NA,NA,NA,NA,"phase_015_subj_9"
7087,89,6,"<p style=""color:rgb(150, 250, 100); font-size: 35px;"">自己的</p>","self","ability","自己的",6,988,988,"i","true",NA,NA,NA,NA,"phase_015_subj_9"
7088,89,6,"<p style=""color:white; font-size: 35px;"">精干</p>","positive","ability","精干",6,1001,1001,"e","true",NA,NA,NA,NA,"phase_015_subj_9"
7089,89,6,"<p style=""color:rgb(150, 250, 100); font-size: 35px;"">他</p>","other","ability","他",6,1073,1073,"e","true",NA,NA,NA,NA,"phase_015_subj_9"
7090,89,6,"<p style=""color:white; font-size: 35px;"">全才</p>","positive","ability","全才",6,656,656,"e","true",NA,NA,NA,NA,"phase_015_subj_9"
7091,89,6,"<p style=""color:rgb(150, 250, 100); font-size: 35px;"">他人</p>","other","ability","他人",6,615,615,"e","true",NA,NA,NA,NA,"phase_015_subj_9"
7092,89,6,"<p style=""color:white; font-size: 35px;"">愚钝</p>","negative","ability","愚钝",6,819,819,"i","true",NA,NA,NA,NA,"phase_015_subj_9"
7093,89,6,"<p style=""color:rgb(150, 250, 100); font-size: 35px;"">本人</p>","self","ability","本人",6,687,687,"i","true",NA,NA,NA,NA,"phase_015_subj_9"
7094,89,7,"<p style=""color:white; font-size: 35px;"">全才</p>","positive","ability","全才",7,1354,1354,"e","true",NA,NA,NA,NA,"phase_015_subj_9"
7095,89,7,"<p style=""color:rgb(150, 250, 100); font-size: 35px;"">自己的</p>","self","ability","自己的",7,987,987,"i","true",NA,NA,NA,NA,"phase_015_subj_9"
7096,89,7,"<p style=""color:white; font-size: 35px;"">低能</p>","negative","ability","低能",7,886,886,"i","true",NA,NA,NA,NA,"phase_015_subj_9"
7097,89,7,"<p style=""color:rgb(150, 250, 100); font-size: 35px;"">别人</p>","other","ability","别人",7,1153,1153,"e","true",NA,NA,NA,NA,"phase_015_subj_9"
7098,89,7,"<p style=""color:white; font-size: 35px;"">能干</p>","positive","ability","能干",7,790,790,"e","true",NA,NA,NA,NA,"phase_015_subj_9"
7099,89,7,"<p style=""color:rgb(150, 250, 100); font-size: 35px;"">本人</p>","self","ability","本人",7,759,759,"i","true",NA,NA,NA,NA,"phase_015_subj_9"
7100,89,7,"<p style=""color:white; font-size: 35px;"">愚钝</p>","negative","ability","愚钝",7,1247,1247,"i","true",NA,NA,NA,NA,"phase_015_subj_9"
7101,89,7,"<p style=""color:rgb(150, 250, 100); font-size: 35px;"">他人的</p>","other","ability","他人的",7,743,743,"e","true",NA,NA,NA,NA,"phase_015_subj_9"
7102,89,7,"<p style=""color:white; font-size: 35px;"">天才</p>","positive","ability","天才",7,711,711,"e","true",NA,NA,NA,NA,"phase_015_subj_9"
7103,89,7,"<p style=""color:rgb(150, 250, 100); font-size: 35px;"">他</p>","other","ability","他",7,1143,1143,"e","true",NA,NA,NA,NA,"phase_015_subj_9"
7104,89,7,"<p style=""color:white; font-size: 35px;"">无能</p>","negative","ability","无能",7,924,924,"i","true",NA,NA,NA,NA,"phase_015_subj_9"
7105,89,7,"<p style=""color:rgb(150, 250, 100); font-size: 35px;"">我的</p>","self","ability","我的",7,535,535,"i","true",NA,NA,NA,NA,"phase_015_subj_9"
7106,89,7,"<p style=""color:white; font-size: 35px;"">天才</p>","positive","ability","天才",7,803,803,"e","true",NA,NA,NA,NA,"phase_015_subj_9"
7107,89,7,"<p style=""color:rgb(150, 250, 100); font-size: 35px;"">我</p>","self","ability","我",7,786,786,"i","true",NA,NA,NA,NA,"phase_015_subj_9"
7108,89,7,"<p style=""color:white; font-size: 35px;"">蠢笨</p>","negative","ability","蠢笨",7,1099,1099,"i","true",NA,NA,NA,NA,"phase_015_subj_9"
7109,89,7,"<p style=""color:rgb(150, 250, 100); font-size: 35px;"">别人的</p>","other","ability","别人的",7,1222,1222,"e","true",NA,NA,NA,NA,"phase_015_subj_9"
7110,89,7,"<p style=""color:white; font-size: 35px;"">高效</p>","positive","ability","高效",7,667,667,"e","true",NA,NA,NA,NA,"phase_015_subj_9"
7111,89,7,"<p style=""color:rgb(150, 250, 100); font-size: 35px;"">他的</p>","other","ability","他的",7,832,832,"e","true",NA,NA,NA,NA,"phase_015_subj_9"
7112,89,7,"<p style=""color:white; font-size: 35px;"">无能</p>","negative","ability","无能",7,782,1440.13333333333,"e","false",NA,NA,NA,NA,"phase_015_subj_9"
7113,89,7,"<p style=""color:rgb(150, 250, 100); font-size: 35px;"">本人的</p>","self","ability","本人的",7,673,673,"i","true",NA,NA,NA,NA,"phase_015_subj_9"
7114,89,7,"<p style=""color:white; font-size: 35px;"">精干</p>","positive","ability","精干",7,705,705,"e","true",NA,NA,NA,NA,"phase_015_subj_9"
7115,89,7,"<p style=""color:rgb(150, 250, 100); font-size: 35px;"">他人</p>","other","ability","他人",7,817,817,"e","true",NA,NA,NA,NA,"phase_015_subj_9"
7116,89,7,"<p style=""color:white; font-size: 35px;"">愚钝</p>","negative","ability","愚钝",7,668,668,"i","true",NA,NA,NA,NA,"phase_015_subj_9"
7117,89,7,"<p style=""color:rgb(150, 250, 100); font-size: 35px;"">我的</p>","self","ability","我的",7,615,615,"i","true",NA,NA,NA,NA,"phase_015_subj_9"
7118,89,7,"<p style=""color:white; font-size: 35px;"">全才</p>","positive","ability","全才",7,863,863,"e","true",NA,NA,NA,NA,"phase_015_subj_9"
7119,89,7,"<p style=""color:rgb(150, 250, 100); font-size: 35px;"">自己</p>","self","ability","自己",7,937,937,"i","true",NA,NA,NA,NA,"phase_015_subj_9"
7120,89,7,"<p style=""color:white; font-size: 35px;"">蠢笨</p>","negative","ability","蠢笨",7,756,756,"i","true",NA,NA,NA,NA,"phase_015_subj_9"
7121,89,7,"<p style=""color:rgb(150, 250, 100); font-size: 35px;"">别人的</p>","other","ability","别人的",7,702,702,"e","true",NA,NA,NA,NA,"phase_015_subj_9"
7122,89,7,"<p style=""color:white; font-size: 35px;"">能干</p>","positive","ability","能干",7,1314,1314,"e","true",NA,NA,NA,NA,"phase_015_subj_9"
7123,89,7,"<p style=""color:rgb(150, 250, 100); font-size: 35px;"">本人的</p>","self","ability","本人的",7,1115,1115,"i","true",NA,NA,NA,NA,"phase_015_subj_9"
7124,89,7,"<p style=""color:white; font-size: 35px;"">废物</p>","negative","ability","废物",7,648,648,"i","true",NA,NA,NA,NA,"phase_015_subj_9"
7125,89,7,"<p style=""color:rgb(150, 250, 100); font-size: 35px;"">他</p>","other","ability","他",7,603,603,"e","true",NA,NA,NA,NA,"phase_015_subj_9"
7126,89,7,"<p style=""color:white; font-size: 35px;"">高效</p>","positive","ability","高效",7,653,653,"e","true",NA,NA,NA,NA,"phase_015_subj_9"
7127,89,7,"<p style=""color:rgb(150, 250, 100); font-size: 35px;"">他的</p>","other","ability","他的",7,662,662,"e","true",NA,NA,NA,NA,"phase_015_subj_9"
7128,89,7,"<p style=""color:white; font-size: 35px;"">拙笨</p>","negative","ability","拙笨",7,1004,1004,"i","true",NA,NA,NA,NA,"phase_015_subj_9"
7129,89,7,"<p style=""color:rgb(150, 250, 100); font-size: 35px;"">自己</p>","self","ability","自己",7,594,594,"i","true",NA,NA,NA,NA,"phase_015_subj_9"
7130,89,7,"<p style=""color:white; font-size: 35px;"">低能</p>","negative","ability","低能",7,768,1440.13333333333,"e","false",NA,NA,NA,NA,"phase_015_subj_9"
7131,89,7,"<p style=""color:rgb(150, 250, 100); font-size: 35px;"">本人</p>","self","ability","本人",7,668,668,"i","true",NA,NA,NA,NA,"phase_015_subj_9"
7132,89,7,"<p style=""color:white; font-size: 35px;"">精干</p>","positive","ability","精干",7,656,656,"e","true",NA,NA,NA,NA,"phase_015_subj_9"
7133,89,7,"<p style=""color:rgb(150, 250, 100); font-size: 35px;"">他人</p>","other","ability","他人",7,1089,1089,"e","true",NA,NA,NA,NA,"phase_015_subj_9"
7134,89,7,"<p style=""color:white; font-size: 35px;"">全能</p>","positive","ability","全能",7,811,811,"e","true",NA,NA,NA,NA,"phase_015_subj_9"
7135,89,7,"<p style=""color:rgb(150, 250, 100); font-size: 35px;"">他人的</p>","other","ability","他人的",7,627,627,"e","true",NA,NA,NA,NA,"phase_015_subj_9"
7136,89,7,"<p style=""color:white; font-size: 35px;"">拙笨</p>","negative","ability","拙笨",7,562,562,"i","true",NA,NA,NA,NA,"phase_015_subj_9"
7137,89,7,"<p style=""color:rgb(150, 250, 100); font-size: 35px;"">自己的</p>","self","ability","自己的",7,574,574,"i","true",NA,NA,NA,NA,"phase_015_subj_9"
7138,89,7,"<p style=""color:white; font-size: 35px;"">废物</p>","negative","ability","废物",7,668,1440.13333333333,"e","false",NA,NA,NA,NA,"phase_015_subj_9"
7139,89,7,"<p style=""color:rgb(150, 250, 100); font-size: 35px;"">别人</p>","other","ability","别人",7,938,938,"e","true",NA,NA,NA,NA,"phase_015_subj_9"
7140,89,7,"<p style=""color:white; font-size: 35px;"">全能</p>","positive","ability","全能",7,673,673,"e","true",NA,NA,NA,NA,"phase_015_subj_9"
7141,89,7,"<p style=""color:rgb(150, 250, 100); font-size: 35px;"">我</p>","self","ability","我",7,1238,1238,"i","true",NA,NA,NA,NA,"phase_015_subj_9"
7142,89,NA,"
    <h3>词语分类任务</h3>
    <p>在接下来的任务中，你需要对一系列词语进行分类。<p/>
    请先熟悉这些词语，这有利于你完成接下来的任务。</p>
    <table align=""center"" border=1 cellpadding=3 cellspacing=0>
    <tr> <th>类别</th> <th>词语</th> </tr>
    <tr> <td>&emsp;积极&emsp;</td> <td>&emsp;高尚、诚信、善良、君子、廉正、正直&emsp;</td> </tr>
    <tr> <td>&emsp;消极&emsp;</td> <td>&emsp;缺德、卑鄙、不孝、不仁、小人、黑心&emsp;</td> </tr>
    <tr> <td>&emsp;自我&emsp;</td> <td>&emsp;我、我的、自己、自己的、本人、本人的&emsp;</td> </tr>
    <tr> <td>&emsp;他人&emsp;</td> <td>&emsp;他、他的、别人、别人的、他人、他人的&emsp;</td> </tr>
    </table><br/>","","","",NA,36251,NA,"0","",NA,NA,2,1,"phase_015_subj_9"
7143,89,11,"<p style=""color:rgb(150, 250, 100); font-size: 35px;"">别人</p>","other","moral","别人",1,1186,1186,"i","true",NA,NA,NA,NA,"phase_015_subj_9"
7144,89,11,"<p style=""color:rgb(150, 250, 100); font-size: 35px;"">他</p>","other","moral","他",1,748,748,"i","true",NA,NA,NA,NA,"phase_015_subj_9"
7145,89,11,"<p style=""color:rgb(150, 250, 100); font-size: 35px;"">他人的</p>","other","moral","他人的",1,583,583,"i","true",NA,NA,NA,NA,"phase_015_subj_9"
7146,89,11,"<p style=""color:rgb(150, 250, 100); font-size: 35px;"">他的</p>","other","moral","他的",1,608,608,"i","true",NA,NA,NA,NA,"phase_015_subj_9"
7147,89,11,"<p style=""color:rgb(150, 250, 100); font-size: 35px;"">自己</p>","self","moral","自己",1,669,669,"e","true",NA,NA,NA,NA,"phase_015_subj_9"
7148,89,11,"<p style=""color:rgb(150, 250, 100); font-size: 35px;"">本人</p>","self","moral","本人",1,616,616,"e","true",NA,NA,NA,NA,"phase_015_subj_9"
7149,89,11,"<p style=""color:rgb(150, 250, 100); font-size: 35px;"">我</p>","self","moral","我",1,551,551,"e","true",NA,NA,NA,NA,"phase_015_subj_9"
7150,89,11,"<p style=""color:rgb(150, 250, 100); font-size: 35px;"">他人</p>","other","moral","他人",1,669,669,"i","true",NA,NA,NA,NA,"phase_015_subj_9"
7151,89,11,"<p style=""color:rgb(150, 250, 100); font-size: 35px;"">自己的</p>","self","moral","自己的",1,609,609,"e","true",NA,NA,NA,NA,"phase_015_subj_9"
7152,89,11,"<p style=""color:rgb(150, 250, 100); font-size: 35px;"">我的</p>","self","moral","我的",1,503,503,"e","true",NA,NA,NA,NA,"phase_015_subj_9"
7153,89,11,"<p style=""color:rgb(150, 250, 100); font-size: 35px;"">别人的</p>","other","moral","别人的",1,1207,1207,"i","true",NA,NA,NA,NA,"phase_015_subj_9"
7154,89,11,"<p style=""color:rgb(150, 250, 100); font-size: 35px;"">本人的</p>","self","moral","本人的",1,773,773,"e","true",NA,NA,NA,NA,"phase_015_subj_9"
7155,89,12,"<p style=""color:white; font-size: 35px;"">君子</p>","positive","moral","君子",2,1381,1381,"i","true",NA,NA,NA,NA,"phase_015_subj_9"
7156,89,12,"<p style=""color:white; font-size: 35px;"">卑鄙</p>","negative","moral","卑鄙",2,621,621,"e","true",NA,NA,NA,NA,"phase_015_subj_9"
7157,89,12,"<p style=""color:white; font-size: 35px;"">善良</p>","positive","moral","善良",2,1476,1476,"i","true",NA,NA,NA,NA,"phase_015_subj_9"
7158,89,12,"<p style=""color:white; font-size: 35px;"">不孝</p>","negative","moral","不孝",2,936,936,"e","true",NA,NA,NA,NA,"phase_015_subj_9"
7159,89,12,"<p style=""color:white; font-size: 35px;"">小人</p>","negative","moral","小人",2,2012,2012,"e","true",NA,NA,NA,NA,"phase_015_subj_9"
7160,89,12,"<p style=""color:white; font-size: 35px;"">黑心</p>","negative","moral","黑心",2,599,599,"e","true",NA,NA,NA,NA,"phase_015_subj_9"
7161,89,12,"<p style=""color:white; font-size: 35px;"">廉正</p>","positive","moral","廉正",2,815,815,"i","true",NA,NA,NA,NA,"phase_015_subj_9"
7162,89,12,"<p style=""color:white; font-size: 35px;"">诚信</p>","positive","moral","诚信",2,723,723,"i","true",NA,NA,NA,NA,"phase_015_subj_9"
7163,89,12,"<p style=""color:white; font-size: 35px;"">缺德</p>","negative","moral","缺德",2,737,737,"e","true",NA,NA,NA,NA,"phase_015_subj_9"
7164,89,12,"<p style=""color:white; font-size: 35px;"">不仁</p>","negative","moral","不仁",2,709,709,"e","true",NA,NA,NA,NA,"phase_015_subj_9"
7165,89,12,"<p style=""color:white; font-size: 35px;"">高尚</p>","positive","moral","高尚",2,873,873,"i","true",NA,NA,NA,NA,"phase_015_subj_9"
7166,89,12,"<p style=""color:white; font-size: 35px;"">正直</p>","positive","moral","正直",2,615,615,"i","true",NA,NA,NA,NA,"phase_015_subj_9"
7167,89,13,"<p style=""color:rgb(150, 250, 100); font-size: 35px;"">别人的</p>","other","moral","别人的",3,2086,2086,"i","true",NA,NA,NA,NA,"phase_015_subj_9"
7168,89,13,"<p style=""color:white; font-size: 35px;"">不孝</p>","negative","moral","不孝",3,1303,1303,"e","true",NA,NA,NA,NA,"phase_015_subj_9"
7169,89,13,"<p style=""color:rgb(150, 250, 100); font-size: 35px;"">我</p>","self","moral","我",3,925,925,"e","true",NA,NA,NA,NA,"phase_015_subj_9"
7170,89,13,"<p style=""color:white; font-size: 35px;"">正直</p>","positive","moral","正直",3,1451,1451,"i","true",NA,NA,NA,NA,"phase_015_subj_9"
7171,89,13,"<p style=""color:rgb(150, 250, 100); font-size: 35px;"">本人</p>","self","moral","本人",3,882,882,"e","true",NA,NA,NA,NA,"phase_015_subj_9"
7172,89,13,"<p style=""color:white; font-size: 35px;"">廉正</p>","positive","moral","廉正",3,966,966,"i","true",NA,NA,NA,NA,"phase_015_subj_9"
7173,89,13,"<p style=""color:rgb(150, 250, 100); font-size: 35px;"">他的</p>","other","moral","他的",3,1031,1031,"i","true",NA,NA,NA,NA,"phase_015_subj_9"
7174,89,13,"<p style=""color:white; font-size: 35px;"">不仁</p>","negative","moral","不仁",3,825,825,"e","true",NA,NA,NA,NA,"phase_015_subj_9"
7175,89,13,"<p style=""color:rgb(150, 250, 100); font-size: 35px;"">我的</p>","self","moral","我的",3,716,716,"e","true",NA,NA,NA,NA,"phase_015_subj_9"
7176,89,13,"<p style=""color:white; font-size: 35px;"">君子</p>","positive","moral","君子",3,1387,1387,"i","true",NA,NA,NA,NA,"phase_015_subj_9"
7177,89,13,"<p style=""color:rgb(150, 250, 100); font-size: 35px;"">他人</p>","other","moral","他人",3,641,641,"i","true",NA,NA,NA,NA,"phase_015_subj_9"
7178,89,13,"<p style=""color:white; font-size: 35px;"">黑心</p>","negative","moral","黑心",3,633,633,"e","true",NA,NA,NA,NA,"phase_015_subj_9"
7179,89,13,"<p style=""color:rgb(150, 250, 100); font-size: 35px;"">他</p>","other","moral","他",3,847,847,"i","true",NA,NA,NA,NA,"phase_015_subj_9"
7180,89,13,"<p style=""color:white; font-size: 35px;"">缺德</p>","negative","moral","缺德",3,1465,1465,"e","true",NA,NA,NA,NA,"phase_015_subj_9"
7181,89,13,"<p style=""color:rgb(150, 250, 100); font-size: 35px;"">自己</p>","self","moral","自己",3,601,601,"e","true",NA,NA,NA,NA,"phase_015_subj_9"
7182,89,13,"<p style=""color:white; font-size: 35px;"">高尚</p>","positive","moral","高尚",3,874,874,"i","true",NA,NA,NA,NA,"phase_015_subj_9"
7183,89,13,"<p style=""color:rgb(150, 250, 100); font-size: 35px;"">自己的</p>","self","moral","自己的",3,694,694,"e","true",NA,NA,NA,NA,"phase_015_subj_9"
7184,89,13,"<p style=""color:white; font-size: 35px;"">卑鄙</p>","negative","moral","卑鄙",3,1036,1036,"e","true",NA,NA,NA,NA,"phase_015_subj_9"
7185,89,13,"<p style=""color:rgb(150, 250, 100); font-size: 35px;"">别人</p>","other","moral","别人",3,637,637,"i","true",NA,NA,NA,NA,"phase_015_subj_9"
7186,89,13,"<p style=""color:white; font-size: 35px;"">诚信</p>","positive","moral","诚信",3,1204,1204,"i","true",NA,NA,NA,NA,"phase_015_subj_9"
7187,89,13,"<p style=""color:rgb(150, 250, 100); font-size: 35px;"">本人的</p>","self","moral","本人的",3,867,867,"e","true",NA,NA,NA,NA,"phase_015_subj_9"
7188,89,13,"<p style=""color:white; font-size: 35px;"">善良</p>","positive","moral","善良",3,864,864,"i","true",NA,NA,NA,NA,"phase_015_subj_9"
7189,89,13,"<p style=""color:rgb(150, 250, 100); font-size: 35px;"">他人的</p>","other","moral","他人的",3,958,958,"i","true",NA,NA,NA,NA,"phase_015_subj_9"
7190,89,13,"<p style=""color:white; font-size: 35px;"">小人</p>","negative","moral","小人",3,724,1595.34782608696,"i","false",NA,NA,NA,NA,"phase_015_subj_9"
7191,89,14,"<p style=""color:rgb(150, 250, 100); font-size: 35px;"">我的</p>","self","moral","我的",4,932,932,"e","true",NA,NA,NA,NA,"phase_015_subj_9"
7192,89,14,"<p style=""color:white; font-size: 35px;"">廉正</p>","positive","moral","廉正",4,821,821,"i","true",NA,NA,NA,NA,"phase_015_subj_9"
7193,89,14,"<p style=""color:rgb(150, 250, 100); font-size: 35px;"">他人的</p>","other","moral","他人的",4,650,650,"i","true",NA,NA,NA,NA,"phase_015_subj_9"
7194,89,14,"<p style=""color:white; font-size: 35px;"">黑心</p>","negative","moral","黑心",4,1228,1228,"e","true",NA,NA,NA,NA,"phase_015_subj_9"
7195,89,14,"<p style=""color:rgb(150, 250, 100); font-size: 35px;"">他的</p>","other","moral","他的",4,913,913,"i","true",NA,NA,NA,NA,"phase_015_subj_9"
7196,89,14,"<p style=""color:white; font-size: 35px;"">卑鄙</p>","negative","moral","卑鄙",4,750,750,"e","true",NA,NA,NA,NA,"phase_015_subj_9"
7197,89,14,"<p style=""color:rgb(150, 250, 100); font-size: 35px;"">自己的</p>","self","moral","自己的",4,916,916,"e","true",NA,NA,NA,NA,"phase_015_subj_9"
7198,89,14,"<p style=""color:white; font-size: 35px;"">诚信</p>","positive","moral","诚信",4,737,737,"i","true",NA,NA,NA,NA,"phase_015_subj_9"
7199,89,14,"<p style=""color:rgb(150, 250, 100); font-size: 35px;"">他</p>","other","moral","他",4,1612,1612,"i","true",NA,NA,NA,NA,"phase_015_subj_9"
7200,89,14,"<p style=""color:white; font-size: 35px;"">正直</p>","positive","moral","正直",4,684,684,"i","true",NA,NA,NA,NA,"phase_015_subj_9"
7201,89,14,"<p style=""color:rgb(150, 250, 100); font-size: 35px;"">我的</p>","self","moral","我的",4,600,600,"e","true",NA,NA,NA,NA,"phase_015_subj_9"
7202,89,14,"<p style=""color:white; font-size: 35px;"">黑心</p>","negative","moral","黑心",4,489,489,"e","true",NA,NA,NA,NA,"phase_015_subj_9"
7203,89,14,"<p style=""color:rgb(150, 250, 100); font-size: 35px;"">自己的</p>","self","moral","自己的",4,594,594,"e","true",NA,NA,NA,NA,"phase_015_subj_9"
7204,89,14,"<p style=""color:white; font-size: 35px;"">小人</p>","negative","moral","小人",4,1377,1377,"e","true",NA,NA,NA,NA,"phase_015_subj_9"
7205,89,14,"<p style=""color:rgb(150, 250, 100); font-size: 35px;"">别人的</p>","other","moral","别人的",4,717,717,"i","true",NA,NA,NA,NA,"phase_015_subj_9"
7206,89,14,"<p style=""color:white; font-size: 35px;"">善良</p>","positive","moral","善良",4,839,839,"i","true",NA,NA,NA,NA,"phase_015_subj_9"
7207,89,14,"<p style=""color:rgb(150, 250, 100); font-size: 35px;"">本人</p>","self","moral","本人",4,661,661,"e","true",NA,NA,NA,NA,"phase_015_subj_9"
7208,89,14,"<p style=""color:white; font-size: 35px;"">正直</p>","positive","moral","正直",4,638,638,"i","true",NA,NA,NA,NA,"phase_015_subj_9"
7209,89,14,"<p style=""color:rgb(150, 250, 100); font-size: 35px;"">他的</p>","other","moral","他的",4,646,646,"i","true",NA,NA,NA,NA,"phase_015_subj_9"
7210,89,14,"<p style=""color:white; font-size: 35px;"">小人</p>","negative","moral","小人",4,645,645,"e","true",NA,NA,NA,NA,"phase_015_subj_9"
7211,89,14,"<p style=""color:rgb(150, 250, 100); font-size: 35px;"">本人</p>","self","moral","本人",4,800,800,"e","true",NA,NA,NA,NA,"phase_015_subj_9"
7212,89,14,"<p style=""color:white; font-size: 35px;"">善良</p>","positive","moral","善良",4,567,1443.55319148936,"e","false",NA,NA,NA,NA,"phase_015_subj_9"
7213,89,14,"<p style=""color:rgb(150, 250, 100); font-size: 35px;"">他人</p>","other","moral","他人",4,1361,1361,"i","true",NA,NA,NA,NA,"phase_015_subj_9"
7214,89,14,"<p style=""color:white; font-size: 35px;"">卑鄙</p>","negative","moral","卑鄙",4,1764,1764,"e","true",NA,NA,NA,NA,"phase_015_subj_9"
7215,89,14,"<p style=""color:rgb(150, 250, 100); font-size: 35px;"">他人</p>","other","moral","他人",4,623,623,"i","true",NA,NA,NA,NA,"phase_015_subj_9"
7216,89,14,"<p style=""color:white; font-size: 35px;"">君子</p>","positive","moral","君子",4,957,957,"i","true",NA,NA,NA,NA,"phase_015_subj_9"
7217,89,14,"<p style=""color:rgb(150, 250, 100); font-size: 35px;"">我</p>","self","moral","我",4,680,680,"e","true",NA,NA,NA,NA,"phase_015_subj_9"
7218,89,14,"<p style=""color:white; font-size: 35px;"">不仁</p>","negative","moral","不仁",4,665,665,"e","true",NA,NA,NA,NA,"phase_015_subj_9"
7219,89,14,"<p style=""color:rgb(150, 250, 100); font-size: 35px;"">别人</p>","other","moral","别人",4,669,669,"i","true",NA,NA,NA,NA,"phase_015_subj_9"
7220,89,14,"<p style=""color:white; font-size: 35px;"">高尚</p>","positive","moral","高尚",4,724,724,"i","true",NA,NA,NA,NA,"phase_015_subj_9"
7221,89,14,"<p style=""color:rgb(150, 250, 100); font-size: 35px;"">我</p>","self","moral","我",4,809,809,"e","true",NA,NA,NA,NA,"phase_015_subj_9"
7222,89,14,"<p style=""color:white; font-size: 35px;"">不仁</p>","negative","moral","不仁",4,889,889,"e","true",NA,NA,NA,NA,"phase_015_subj_9"
7223,89,14,"<p style=""color:rgb(150, 250, 100); font-size: 35px;"">自己</p>","self","moral","自己",4,694,694,"e","true",NA,NA,NA,NA,"phase_015_subj_9"
7224,89,14,"<p style=""color:white; font-size: 35px;"">缺德</p>","negative","moral","缺德",4,539,539,"e","true",NA,NA,NA,NA,"phase_015_subj_9"
7225,89,14,"<p style=""color:rgb(150, 250, 100); font-size: 35px;"">他人的</p>","other","moral","他人的",4,989,989,"i","true",NA,NA,NA,NA,"phase_015_subj_9"
7226,89,14,"<p style=""color:white; font-size: 35px;"">君子</p>","positive","moral","君子",4,807,807,"i","true",NA,NA,NA,NA,"phase_015_subj_9"
7227,89,14,"<p style=""color:rgb(150, 250, 100); font-size: 35px;"">别人的</p>","other","moral","别人的",4,1611,1611,"i","true",NA,NA,NA,NA,"phase_015_subj_9"
7228,89,14,"<p style=""color:white; font-size: 35px;"">高尚</p>","positive","moral","高尚",4,777,777,"i","true",NA,NA,NA,NA,"phase_015_subj_9"
7229,89,14,"<p style=""color:rgb(150, 250, 100); font-size: 35px;"">本人的</p>","self","moral","本人的",4,687,687,"e","true",NA,NA,NA,NA,"phase_015_subj_9"
7230,89,14,"<p style=""color:white; font-size: 35px;"">不孝</p>","negative","moral","不孝",4,726,726,"e","true",NA,NA,NA,NA,"phase_015_subj_9"
7231,89,14,"<p style=""color:rgb(150, 250, 100); font-size: 35px;"">本人的</p>","self","moral","本人的",4,573,573,"e","true",NA,NA,NA,NA,"phase_015_subj_9"
7232,89,14,"<p style=""color:white; font-size: 35px;"">不孝</p>","negative","moral","不孝",4,623,623,"e","true",NA,NA,NA,NA,"phase_015_subj_9"
7233,89,14,"<p style=""color:rgb(150, 250, 100); font-size: 35px;"">他</p>","other","moral","他",4,901,901,"i","true",NA,NA,NA,NA,"phase_015_subj_9"
7234,89,14,"<p style=""color:white; font-size: 35px;"">廉正</p>","positive","moral","廉正",4,661,661,"i","true",NA,NA,NA,NA,"phase_015_subj_9"
7235,89,14,"<p style=""color:rgb(150, 250, 100); font-size: 35px;"">自己</p>","self","moral","自己",4,978,978,"e","true",NA,NA,NA,NA,"phase_015_subj_9"
7236,89,14,"<p style=""color:white; font-size: 35px;"">缺德</p>","negative","moral","缺德",4,570,570,"e","true",NA,NA,NA,NA,"phase_015_subj_9"
7237,89,14,"<p style=""color:rgb(150, 250, 100); font-size: 35px;"">别人</p>","other","moral","别人",4,734,734,"i","true",NA,NA,NA,NA,"phase_015_subj_9"
7238,89,14,"<p style=""color:white; font-size: 35px;"">诚信</p>","positive","moral","诚信",4,1387,1387,"i","true",NA,NA,NA,NA,"phase_015_subj_9"
7239,89,15,"<p style=""color:rgb(150, 250, 100); font-size: 35px;"">我</p>","self","moral","我",5,671,671,"i","true",NA,NA,NA,NA,"phase_015_subj_9"
7240,89,15,"<p style=""color:rgb(150, 250, 100); font-size: 35px;"">自己的</p>","self","moral","自己的",5,705,705,"i","true",NA,NA,NA,NA,"phase_015_subj_9"
7241,89,15,"<p style=""color:rgb(150, 250, 100); font-size: 35px;"">本人</p>","self","moral","本人",5,645,645,"i","true",NA,NA,NA,NA,"phase_015_subj_9"
7242,89,15,"<p style=""color:rgb(150, 250, 100); font-size: 35px;"">我</p>","self","moral","我",5,640,640,"i","true",NA,NA,NA,NA,"phase_015_subj_9"
7243,89,15,"<p style=""color:rgb(150, 250, 100); font-size: 35px;"">他</p>","other","moral","他",5,642,642,"e","true",NA,NA,NA,NA,"phase_015_subj_9"
7244,89,15,"<p style=""color:rgb(150, 250, 100); font-size: 35px;"">别人的</p>","other","moral","别人的",5,1467,1467,"e","true",NA,NA,NA,NA,"phase_015_subj_9"
7245,89,15,"<p style=""color:rgb(150, 250, 100); font-size: 35px;"">我的</p>","self","moral","我的",5,798,798,"i","true",NA,NA,NA,NA,"phase_015_subj_9"
7246,89,15,"<p style=""color:rgb(150, 250, 100); font-size: 35px;"">他人的</p>","other","moral","他人的",5,801,801,"e","true",NA,NA,NA,NA,"phase_015_subj_9"
7247,89,15,"<p style=""color:rgb(150, 250, 100); font-size: 35px;"">他的</p>","other","moral","他的",5,633,633,"e","true",NA,NA,NA,NA,"phase_015_subj_9"
7248,89,15,"<p style=""color:rgb(150, 250, 100); font-size: 35px;"">自己</p>","self","moral","自己",5,970,970,"i","true",NA,NA,NA,NA,"phase_015_subj_9"
7249,89,15,"<p style=""color:rgb(150, 250, 100); font-size: 35px;"">我的</p>","self","moral","我的",5,754,754,"i","true",NA,NA,NA,NA,"phase_015_subj_9"
7250,89,15,"<p style=""color:rgb(150, 250, 100); font-size: 35px;"">他</p>","other","moral","他",5,766,766,"e","true",NA,NA,NA,NA,"phase_015_subj_9"
7251,89,15,"<p style=""color:rgb(150, 250, 100); font-size: 35px;"">别人</p>","other","moral","别人",5,1256,1256,"e","true",NA,NA,NA,NA,"phase_015_subj_9"
7252,89,15,"<p style=""color:rgb(150, 250, 100); font-size: 35px;"">自己</p>","self","moral","自己",5,593,593,"i","true",NA,NA,NA,NA,"phase_015_subj_9"
7253,89,15,"<p style=""color:rgb(150, 250, 100); font-size: 35px;"">自己的</p>","self","moral","自己的",5,490,490,"i","true",NA,NA,NA,NA,"phase_015_subj_9"
7254,89,15,"<p style=""color:rgb(150, 250, 100); font-size: 35px;"">他人的</p>","other","moral","他人的",5,648,648,"e","true",NA,NA,NA,NA,"phase_015_subj_9"
7255,89,15,"<p style=""color:rgb(150, 250, 100); font-size: 35px;"">他的</p>","other","moral","他的",5,540,540,"e","true",NA,NA,NA,NA,"phase_015_subj_9"
7256,89,15,"<p style=""color:rgb(150, 250, 100); font-size: 35px;"">本人的</p>","self","moral","本人的",5,656,656,"i","true",NA,NA,NA,NA,"phase_015_subj_9"
7257,89,15,"<p style=""color:rgb(150, 250, 100); font-size: 35px;"">他人</p>","other","moral","他人",5,629,629,"e","true",NA,NA,NA,NA,"phase_015_subj_9"
7258,89,15,"<p style=""color:rgb(150, 250, 100); font-size: 35px;"">别人</p>","other","moral","别人",5,559,559,"i","false",NA,NA,NA,NA,"phase_015_subj_9"
7259,89,15,"<p style=""color:rgb(150, 250, 100); font-size: 35px;"">本人的</p>","self","moral","本人的",5,686,686,"i","true",NA,NA,NA,NA,"phase_015_subj_9"
7260,89,15,"<p style=""color:rgb(150, 250, 100); font-size: 35px;"">本人</p>","self","moral","本人",5,549,549,"i","true",NA,NA,NA,NA,"phase_015_subj_9"
7261,89,15,"<p style=""color:rgb(150, 250, 100); font-size: 35px;"">他人</p>","other","moral","他人",5,740,740,"e","true",NA,NA,NA,NA,"phase_015_subj_9"
7262,89,15,"<p style=""color:rgb(150, 250, 100); font-size: 35px;"">别人的</p>","other","moral","别人的",5,723,723,"i","false",NA,NA,NA,NA,"phase_015_subj_9"
7263,89,16,"<p style=""color:white; font-size: 35px;"">诚信</p>","positive","moral","诚信",6,1875,1875,"i","true",NA,NA,NA,NA,"phase_015_subj_9"
7264,89,16,"<p style=""color:rgb(150, 250, 100); font-size: 35px;"">我</p>","self","moral","我",6,619,619,"i","true",NA,NA,NA,NA,"phase_015_subj_9"
7265,89,16,"<p style=""color:white; font-size: 35px;"">不仁</p>","negative","moral","不仁",6,744,744,"e","true",NA,NA,NA,NA,"phase_015_subj_9"
7266,89,16,"<p style=""color:rgb(150, 250, 100); font-size: 35px;"">他人</p>","other","moral","他人",6,581,581,"e","true",NA,NA,NA,NA,"phase_015_subj_9"
7267,89,16,"<p style=""color:white; font-size: 35px;"">缺德</p>","negative","moral","缺德",6,747,747,"e","true",NA,NA,NA,NA,"phase_015_subj_9"
7268,89,16,"<p style=""color:rgb(150, 250, 100); font-size: 35px;"">自己的</p>","self","moral","自己的",6,614,614,"i","true",NA,NA,NA,NA,"phase_015_subj_9"
7269,89,16,"<p style=""color:white; font-size: 35px;"">正直</p>","positive","moral","正直",6,1120,1120,"i","true",NA,NA,NA,NA,"phase_015_subj_9"
7270,89,16,"<p style=""color:rgb(150, 250, 100); font-size: 35px;"">别人</p>","other","moral","别人",6,1244,1437.21739130435,"i","false",NA,NA,NA,NA,"phase_015_subj_9"
7271,89,16,"<p style=""color:white; font-size: 35px;"">廉正</p>","positive","moral","廉正",6,1295,1295,"i","true",NA,NA,NA,NA,"phase_015_subj_9"
7272,89,16,"<p style=""color:rgb(150, 250, 100); font-size: 35px;"">本人</p>","self","moral","本人",6,843,843,"i","true",NA,NA,NA,NA,"phase_015_subj_9"
7273,89,16,"<p style=""color:white; font-size: 35px;"">小人</p>","negative","moral","小人",6,670,670,"e","true",NA,NA,NA,NA,"phase_015_subj_9"
7274,89,16,"<p style=""color:rgb(150, 250, 100); font-size: 35px;"">他人的</p>","other","moral","他人的",6,895,895,"e","true",NA,NA,NA,NA,"phase_015_subj_9"
7275,89,16,"<p style=""color:white; font-size: 35px;"">不孝</p>","negative","moral","不孝",6,679,679,"e","true",NA,NA,NA,NA,"phase_015_subj_9"
7276,89,16,"<p style=""color:rgb(150, 250, 100); font-size: 35px;"">我的</p>","self","moral","我的",6,824,824,"i","true",NA,NA,NA,NA,"phase_015_subj_9"
7277,89,16,"<p style=""color:white; font-size: 35px;"">善良</p>","positive","moral","善良",6,975,975,"i","true",NA,NA,NA,NA,"phase_015_subj_9"
7278,89,16,"<p style=""color:rgb(150, 250, 100); font-size: 35px;"">他</p>","other","moral","他",6,672,672,"e","true",NA,NA,NA,NA,"phase_015_subj_9"
7279,89,16,"<p style=""color:white; font-size: 35px;"">黑心</p>","negative","moral","黑心",6,592,592,"e","true",NA,NA,NA,NA,"phase_015_subj_9"
7280,89,16,"<p style=""color:rgb(150, 250, 100); font-size: 35px;"">本人的</p>","self","moral","本人的",6,676,676,"i","true",NA,NA,NA,NA,"phase_015_subj_9"
7281,89,16,"<p style=""color:white; font-size: 35px;"">君子</p>","positive","moral","君子",6,593,593,"i","true",NA,NA,NA,NA,"phase_015_subj_9"
7282,89,16,"<p style=""color:rgb(150, 250, 100); font-size: 35px;"">他的</p>","other","moral","他的",6,679,679,"e","true",NA,NA,NA,NA,"phase_015_subj_9"
7283,89,16,"<p style=""color:white; font-size: 35px;"">高尚</p>","positive","moral","高尚",6,685,685,"i","true",NA,NA,NA,NA,"phase_015_subj_9"
7284,89,16,"<p style=""color:rgb(150, 250, 100); font-size: 35px;"">别人的</p>","other","moral","别人的",6,1124,1124,"e","true",NA,NA,NA,NA,"phase_015_subj_9"
7285,89,16,"<p style=""color:white; font-size: 35px;"">卑鄙</p>","negative","moral","卑鄙",6,1124,1124,"e","true",NA,NA,NA,NA,"phase_015_subj_9"
7286,89,16,"<p style=""color:rgb(150, 250, 100); font-size: 35px;"">自己</p>","self","moral","自己",6,630,630,"i","true",NA,NA,NA,NA,"phase_015_subj_9"
7287,89,17,"<p style=""color:white; font-size: 35px;"">善良</p>","positive","moral","善良",7,792,792,"i","true",NA,NA,NA,NA,"phase_015_subj_9"
7288,89,17,"<p style=""color:rgb(150, 250, 100); font-size: 35px;"">他</p>","other","moral","他",7,728,728,"e","true",NA,NA,NA,NA,"phase_015_subj_9"
7289,89,17,"<p style=""color:white; font-size: 35px;"">小人</p>","negative","moral","小人",7,680,680,"e","true",NA,NA,NA,NA,"phase_015_subj_9"
7290,89,17,"<p style=""color:rgb(150, 250, 100); font-size: 35px;"">我</p>","self","moral","我",7,593,593,"i","true",NA,NA,NA,NA,"phase_015_subj_9"
7291,89,17,"<p style=""color:white; font-size: 35px;"">不仁</p>","negative","moral","不仁",7,843,843,"e","true",NA,NA,NA,NA,"phase_015_subj_9"
7292,89,17,"<p style=""color:rgb(150, 250, 100); font-size: 35px;"">别人</p>","other","moral","别人",7,770,770,"e","true",NA,NA,NA,NA,"phase_015_subj_9"
7293,89,17,"<p style=""color:white; font-size: 35px;"">高尚</p>","positive","moral","高尚",7,576,576,"i","true",NA,NA,NA,NA,"phase_015_subj_9"
7294,89,17,"<p style=""color:rgb(150, 250, 100); font-size: 35px;"">自己</p>","self","moral","自己",7,582,582,"i","true",NA,NA,NA,NA,"phase_015_subj_9"
7295,89,17,"<p style=""color:white; font-size: 35px;"">卑鄙</p>","negative","moral","卑鄙",7,566,566,"e","true",NA,NA,NA,NA,"phase_015_subj_9"
7296,89,17,"<p style=""color:rgb(150, 250, 100); font-size: 35px;"">本人</p>","self","moral","本人",7,644,644,"i","true",NA,NA,NA,NA,"phase_015_subj_9"
7297,89,17,"<p style=""color:white; font-size: 35px;"">正直</p>","positive","moral","正直",7,620,620,"i","true",NA,NA,NA,NA,"phase_015_subj_9"
7298,89,17,"<p style=""color:rgb(150, 250, 100); font-size: 35px;"">别人的</p>","other","moral","别人的",7,696,696,"e","true",NA,NA,NA,NA,"phase_015_subj_9"
7299,89,17,"<p style=""color:white; font-size: 35px;"">缺德</p>","negative","moral","缺德",7,561,561,"e","true",NA,NA,NA,NA,"phase_015_subj_9"
7300,89,17,"<p style=""color:rgb(150, 250, 100); font-size: 35px;"">我的</p>","self","moral","我的",7,616,616,"i","true",NA,NA,NA,NA,"phase_015_subj_9"
7301,89,17,"<p style=""color:white; font-size: 35px;"">高尚</p>","positive","moral","高尚",7,527,527,"i","true",NA,NA,NA,NA,"phase_015_subj_9"
7302,89,17,"<p style=""color:rgb(150, 250, 100); font-size: 35px;"">他的</p>","other","moral","他的",7,1300,1300,"e","true",NA,NA,NA,NA,"phase_015_subj_9"
7303,89,17,"<p style=""color:white; font-size: 35px;"">缺德</p>","negative","moral","缺德",7,592,592,"e","true",NA,NA,NA,NA,"phase_015_subj_9"
7304,89,17,"<p style=""color:rgb(150, 250, 100); font-size: 35px;"">我</p>","self","moral","我",7,594,594,"i","true",NA,NA,NA,NA,"phase_015_subj_9"
7305,89,17,"<p style=""color:white; font-size: 35px;"">君子</p>","positive","moral","君子",7,1154,1296.97727272727,"e","false",NA,NA,NA,NA,"phase_015_subj_9"
7306,89,17,"<p style=""color:rgb(150, 250, 100); font-size: 35px;"">他人</p>","other","moral","他人",7,620,620,"e","true",NA,NA,NA,NA,"phase_015_subj_9"
7307,89,17,"<p style=""color:white; font-size: 35px;"">善良</p>","positive","moral","善良",7,578,578,"i","true",NA,NA,NA,NA,"phase_015_subj_9"
7308,89,17,"<p style=""color:rgb(150, 250, 100); font-size: 35px;"">他人的</p>","other","moral","他人的",7,727,727,"e","true",NA,NA,NA,NA,"phase_015_subj_9"
7309,89,17,"<p style=""color:white; font-size: 35px;"">黑心</p>","negative","moral","黑心",7,674,674,"e","true",NA,NA,NA,NA,"phase_015_subj_9"
7310,89,17,"<p style=""color:rgb(150, 250, 100); font-size: 35px;"">自己的</p>","self","moral","自己的",7,612,1296.97727272727,"e","false",NA,NA,NA,NA,"phase_015_subj_9"
7311,89,17,"<p style=""color:white; font-size: 35px;"">不孝</p>","negative","moral","不孝",7,679,679,"e","true",NA,NA,NA,NA,"phase_015_subj_9"
7312,89,17,"<p style=""color:rgb(150, 250, 100); font-size: 35px;"">他的</p>","other","moral","他的",7,666,666,"e","true",NA,NA,NA,NA,"phase_015_subj_9"
7313,89,17,"<p style=""color:white; font-size: 35px;"">诚信</p>","positive","moral","诚信",7,547,547,"i","true",NA,NA,NA,NA,"phase_015_subj_9"
7314,89,17,"<p style=""color:rgb(150, 250, 100); font-size: 35px;"">本人的</p>","self","moral","本人的",7,883,883,"i","true",NA,NA,NA,NA,"phase_015_subj_9"
7315,89,17,"<p style=""color:white; font-size: 35px;"">小人</p>","negative","moral","小人",7,660,660,"e","true",NA,NA,NA,NA,"phase_015_subj_9"
7316,89,17,"<p style=""color:rgb(150, 250, 100); font-size: 35px;"">他人</p>","other","moral","他人",7,768,768,"e","true",NA,NA,NA,NA,"phase_015_subj_9"
7317,89,17,"<p style=""color:white; font-size: 35px;"">正直</p>","positive","moral","正直",7,716,716,"i","true",NA,NA,NA,NA,"phase_015_subj_9"
7318,89,17,"<p style=""color:rgb(150, 250, 100); font-size: 35px;"">我的</p>","self","moral","我的",7,651,651,"i","true",NA,NA,NA,NA,"phase_015_subj_9"
7319,89,17,"<p style=""color:white; font-size: 35px;"">君子</p>","positive","moral","君子",7,678,678,"i","true",NA,NA,NA,NA,"phase_015_subj_9"
7320,89,17,"<p style=""color:rgb(150, 250, 100); font-size: 35px;"">他人的</p>","other","moral","他人的",7,704,704,"e","true",NA,NA,NA,NA,"phase_015_subj_9"
7321,89,17,"<p style=""color:white; font-size: 35px;"">不仁</p>","negative","moral","不仁",7,596,596,"e","true",NA,NA,NA,NA,"phase_015_subj_9"
7322,89,17,"<p style=""color:rgb(150, 250, 100); font-size: 35px;"">本人</p>","self","moral","本人",7,603,603,"i","true",NA,NA,NA,NA,"phase_015_subj_9"
7323,89,17,"<p style=""color:white; font-size: 35px;"">不孝</p>","negative","moral","不孝",7,476,1296.97727272727,"i","false",NA,NA,NA,NA,"phase_015_subj_9"
7324,89,17,"<p style=""color:rgb(150, 250, 100); font-size: 35px;"">别人</p>","other","moral","别人",7,744,744,"e","true",NA,NA,NA,NA,"phase_015_subj_9"
7325,89,17,"<p style=""color:white; font-size: 35px;"">诚信</p>","positive","moral","诚信",7,638,638,"i","true",NA,NA,NA,NA,"phase_015_subj_9"
7326,89,17,"<p style=""color:rgb(150, 250, 100); font-size: 35px;"">自己</p>","self","moral","自己",7,603,1296.97727272727,"e","false",NA,NA,NA,NA,"phase_015_subj_9"
7327,89,17,"<p style=""color:white; font-size: 35px;"">廉正</p>","positive","moral","廉正",7,836,836,"i","true",NA,NA,NA,NA,"phase_015_subj_9"
7328,89,17,"<p style=""color:rgb(150, 250, 100); font-size: 35px;"">自己的</p>","self","moral","自己的",7,571,571,"i","true",NA,NA,NA,NA,"phase_015_subj_9"
7329,89,17,"<p style=""color:white; font-size: 35px;"">卑鄙</p>","negative","moral","卑鄙",7,723,723,"e","true",NA,NA,NA,NA,"phase_015_subj_9"
7330,89,17,"<p style=""color:rgb(150, 250, 100); font-size: 35px;"">他</p>","other","moral","他",7,735,735,"e","true",NA,NA,NA,NA,"phase_015_subj_9"
7331,89,17,"<p style=""color:white; font-size: 35px;"">廉正</p>","positive","moral","廉正",7,1252,1252,"i","true",NA,NA,NA,NA,"phase_015_subj_9"
7332,89,17,"<p style=""color:rgb(150, 250, 100); font-size: 35px;"">别人的</p>","other","moral","别人的",7,801,801,"e","true",NA,NA,NA,NA,"phase_015_subj_9"
7333,89,17,"<p style=""color:white; font-size: 35px;"">黑心</p>","negative","moral","黑心",7,656,656,"e","true",NA,NA,NA,NA,"phase_015_subj_9"
7334,89,17,"<p style=""color:rgb(150, 250, 100); font-size: 35px;"">本人的</p>","self","moral","本人的",7,681,681,"i","true",NA,NA,NA,NA,"phase_015_subj_9"
7335,112,NA,"
    <h3>词语分类任务</h3>
    <p>在接下来的任务中，你需要对一系列词语进行分类。</p>
    <p>请先熟悉这些词语，这有利于你完成接下来的任务。</p>
    <table align=""center"" border=1 cellpadding=3 cellspacing=0>
    <tr> <th>类别</th> <th>词语</th> </tr>
    <tr> <td>&emsp;积极&emsp;</td> <td>&emsp;能干、全能、全才、高效、精干、天才&emsp;</td> </tr>
    <tr> <td>&emsp;消极&emsp;</td> <td>&emsp;无能、低能、废物、拙笨、愚钝、蠢笨&emsp;</td> </tr>
    <tr> <td>&emsp;自我&emsp;</td> <td>&emsp;我、我的、自己、自己的、本人、本人的&emsp;</td> </tr>
    <tr> <td>&emsp;他人&emsp;</td> <td>&emsp;他、他的、别人、别人的、他人、他人的&emsp;</td> </tr>
    </table><br/>","","","",NA,44654,NA,"0","",2,1,NA,NA,"phase_015_subj_12"
7336,112,1,"<p style=""color:rgb(150, 250, 100); font-size: 35px;"">他人的</p>","other","ability","他人的",1,657,657,"i","true",NA,NA,NA,NA,"phase_015_subj_12"
7337,112,1,"<p style=""color:rgb(150, 250, 100); font-size: 35px;"">别人的</p>","other","ability","别人的",1,588,588,"i","true",NA,NA,NA,NA,"phase_015_subj_12"
7338,112,1,"<p style=""color:rgb(150, 250, 100); font-size: 35px;"">他</p>","other","ability","他",1,519,519,"i","true",NA,NA,NA,NA,"phase_015_subj_12"
7339,112,1,"<p style=""color:rgb(150, 250, 100); font-size: 35px;"">自己的</p>","self","ability","自己的",1,505,505,"e","true",NA,NA,NA,NA,"phase_015_subj_12"
7340,112,1,"<p style=""color:rgb(150, 250, 100); font-size: 35px;"">自己</p>","self","ability","自己",1,457,457,"e","true",NA,NA,NA,NA,"phase_015_subj_12"
7341,112,1,"<p style=""color:rgb(150, 250, 100); font-size: 35px;"">别人</p>","other","ability","别人",1,555,555,"i","true",NA,NA,NA,NA,"phase_015_subj_12"
7342,112,1,"<p style=""color:rgb(150, 250, 100); font-size: 35px;"">他的</p>","other","ability","他的",1,494,494,"i","true",NA,NA,NA,NA,"phase_015_subj_12"
7343,112,1,"<p style=""color:rgb(150, 250, 100); font-size: 35px;"">我的</p>","self","ability","我的",1,626,626,"e","true",NA,NA,NA,NA,"phase_015_subj_12"
7344,112,1,"<p style=""color:rgb(150, 250, 100); font-size: 35px;"">本人</p>","self","ability","本人",1,568,568,"e","true",NA,NA,NA,NA,"phase_015_subj_12"
7345,112,1,"<p style=""color:rgb(150, 250, 100); font-size: 35px;"">本人的</p>","self","ability","本人的",1,507,507,"e","true",NA,NA,NA,NA,"phase_015_subj_12"
7346,112,1,"<p style=""color:rgb(150, 250, 100); font-size: 35px;"">我</p>","self","ability","我",1,522,522,"e","true",NA,NA,NA,NA,"phase_015_subj_12"
7347,112,1,"<p style=""color:rgb(150, 250, 100); font-size: 35px;"">他人</p>","other","ability","他人",1,502,502,"i","true",NA,NA,NA,NA,"phase_015_subj_12"
7348,112,2,"<p style=""color:white; font-size: 35px;"">高效</p>","positive","ability","高效",2,529,529,"i","true",NA,NA,NA,NA,"phase_015_subj_12"
7349,112,2,"<p style=""color:white; font-size: 35px;"">无能</p>","negative","ability","无能",2,622,622,"e","true",NA,NA,NA,NA,"phase_015_subj_12"
7350,112,2,"<p style=""color:white; font-size: 35px;"">全才</p>","positive","ability","全才",2,562,562,"i","true",NA,NA,NA,NA,"phase_015_subj_12"
7351,112,2,"<p style=""color:white; font-size: 35px;"">能干</p>","positive","ability","能干",2,688,688,"i","true",NA,NA,NA,NA,"phase_015_subj_12"
7352,112,2,"<p style=""color:white; font-size: 35px;"">蠢笨</p>","negative","ability","蠢笨",2,712,712,"e","true",NA,NA,NA,NA,"phase_015_subj_12"
7353,112,2,"<p style=""color:white; font-size: 35px;"">愚钝</p>","negative","ability","愚钝",2,521,521,"e","true",NA,NA,NA,NA,"phase_015_subj_12"
7354,112,2,"<p style=""color:white; font-size: 35px;"">废物</p>","negative","ability","废物",2,510,510,"e","true",NA,NA,NA,NA,"phase_015_subj_12"
7355,112,2,"<p style=""color:white; font-size: 35px;"">低能</p>","negative","ability","低能",2,461,461,"e","true",NA,NA,NA,NA,"phase_015_subj_12"
7356,112,2,"<p style=""color:white; font-size: 35px;"">拙笨</p>","negative","ability","拙笨",2,482,482,"e","true",NA,NA,NA,NA,"phase_015_subj_12"
7357,112,2,"<p style=""color:white; font-size: 35px;"">天才</p>","positive","ability","天才",2,414,414,"i","true",NA,NA,NA,NA,"phase_015_subj_12"
7358,112,2,"<p style=""color:white; font-size: 35px;"">全能</p>","positive","ability","全能",2,460,460,"i","true",NA,NA,NA,NA,"phase_015_subj_12"
7359,112,2,"<p style=""color:white; font-size: 35px;"">精干</p>","positive","ability","精干",2,418,418,"i","true",NA,NA,NA,NA,"phase_015_subj_12"
7360,112,3,"<p style=""color:rgb(150, 250, 100); font-size: 35px;"">自己的</p>","self","ability","自己的",3,831,831,"e","true",NA,NA,NA,NA,"phase_015_subj_12"
7361,112,3,"<p style=""color:white; font-size: 35px;"">精干</p>","positive","ability","精干",3,660,660,"i","true",NA,NA,NA,NA,"phase_015_subj_12"
7362,112,3,"<p style=""color:rgb(150, 250, 100); font-size: 35px;"">他人的</p>","other","ability","他人的",3,812,812,"i","true",NA,NA,NA,NA,"phase_015_subj_12"
7363,112,3,"<p style=""color:white; font-size: 35px;"">废物</p>","negative","ability","废物",3,672,672,"e","true",NA,NA,NA,NA,"phase_015_subj_12"
7364,112,3,"<p style=""color:rgb(150, 250, 100); font-size: 35px;"">别人的</p>","other","ability","别人的",3,826,826,"i","true",NA,NA,NA,NA,"phase_015_subj_12"
7365,112,3,"<p style=""color:white; font-size: 35px;"">蠢笨</p>","negative","ability","蠢笨",3,704,704,"e","true",NA,NA,NA,NA,"phase_015_subj_12"
7366,112,3,"<p style=""color:rgb(150, 250, 100); font-size: 35px;"">本人</p>","self","ability","本人",3,1187,1187,"e","true",NA,NA,NA,NA,"phase_015_subj_12"
7367,112,3,"<p style=""color:white; font-size: 35px;"">天才</p>","positive","ability","天才",3,630,630,"i","true",NA,NA,NA,NA,"phase_015_subj_12"
7368,112,3,"<p style=""color:rgb(150, 250, 100); font-size: 35px;"">自己</p>","self","ability","自己",3,579,579,"e","true",NA,NA,NA,NA,"phase_015_subj_12"
7369,112,3,"<p style=""color:white; font-size: 35px;"">全才</p>","positive","ability","全才",3,665,665,"i","true",NA,NA,NA,NA,"phase_015_subj_12"
7370,112,3,"<p style=""color:rgb(150, 250, 100); font-size: 35px;"">别人</p>","other","ability","别人",3,713,713,"i","true",NA,NA,NA,NA,"phase_015_subj_12"
7371,112,3,"<p style=""color:white; font-size: 35px;"">无能</p>","negative","ability","无能",3,668,668,"e","true",NA,NA,NA,NA,"phase_015_subj_12"
7372,112,3,"<p style=""color:rgb(150, 250, 100); font-size: 35px;"">他的</p>","other","ability","他的",3,553,553,"i","true",NA,NA,NA,NA,"phase_015_subj_12"
7373,112,3,"<p style=""color:white; font-size: 35px;"">高效</p>","positive","ability","高效",3,569,569,"i","true",NA,NA,NA,NA,"phase_015_subj_12"
7374,112,3,"<p style=""color:rgb(150, 250, 100); font-size: 35px;"">本人的</p>","self","ability","本人的",3,687,687,"e","true",NA,NA,NA,NA,"phase_015_subj_12"
7375,112,3,"<p style=""color:white; font-size: 35px;"">愚钝</p>","negative","ability","愚钝",3,740,740,"e","true",NA,NA,NA,NA,"phase_015_subj_12"
7376,112,3,"<p style=""color:rgb(150, 250, 100); font-size: 35px;"">我的</p>","self","ability","我的",3,720,720,"e","true",NA,NA,NA,NA,"phase_015_subj_12"
7377,112,3,"<p style=""color:white; font-size: 35px;"">能干</p>","positive","ability","能干",3,544,544,"i","true",NA,NA,NA,NA,"phase_015_subj_12"
7378,112,3,"<p style=""color:rgb(150, 250, 100); font-size: 35px;"">他人</p>","other","ability","他人",3,713,713,"i","true",NA,NA,NA,NA,"phase_015_subj_12"
7379,112,3,"<p style=""color:white; font-size: 35px;"">低能</p>","negative","ability","低能",3,587,587,"e","true",NA,NA,NA,NA,"phase_015_subj_12"
7380,112,3,"<p style=""color:rgb(150, 250, 100); font-size: 35px;"">我</p>","self","ability","我",3,557,557,"e","true",NA,NA,NA,NA,"phase_015_subj_12"
7381,112,3,"<p style=""color:white; font-size: 35px;"">全能</p>","positive","ability","全能",3,559,559,"i","true",NA,NA,NA,NA,"phase_015_subj_12"
7382,112,3,"<p style=""color:rgb(150, 250, 100); font-size: 35px;"">他</p>","other","ability","他",3,747,747,"i","true",NA,NA,NA,NA,"phase_015_subj_12"
7383,112,3,"<p style=""color:white; font-size: 35px;"">拙笨</p>","negative","ability","拙笨",3,547,547,"e","true",NA,NA,NA,NA,"phase_015_subj_12"
7384,112,4,"<p style=""color:rgb(150, 250, 100); font-size: 35px;"">他的</p>","other","ability","他的",4,927,927,"i","true",NA,NA,NA,NA,"phase_015_subj_12"
7385,112,4,"<p style=""color:white; font-size: 35px;"">拙笨</p>","negative","ability","拙笨",4,612,612,"e","true",NA,NA,NA,NA,"phase_015_subj_12"
7386,112,4,"<p style=""color:rgb(150, 250, 100); font-size: 35px;"">自己的</p>","self","ability","自己的",4,644,644,"e","true",NA,NA,NA,NA,"phase_015_subj_12"
7387,112,4,"<p style=""color:white; font-size: 35px;"">高效</p>","positive","ability","高效",4,573,573,"i","true",NA,NA,NA,NA,"phase_015_subj_12"
7388,112,4,"<p style=""color:rgb(150, 250, 100); font-size: 35px;"">我</p>","self","ability","我",4,603,603,"e","true",NA,NA,NA,NA,"phase_015_subj_12"
7389,112,4,"<p style=""color:white; font-size: 35px;"">拙笨</p>","negative","ability","拙笨",4,589,589,"e","true",NA,NA,NA,NA,"phase_015_subj_12"
7390,112,4,"<p style=""color:rgb(150, 250, 100); font-size: 35px;"">别人</p>","other","ability","别人",4,698,698,"i","true",NA,NA,NA,NA,"phase_015_subj_12"
7391,112,4,"<p style=""color:white; font-size: 35px;"">天才</p>","positive","ability","天才",4,576,576,"i","true",NA,NA,NA,NA,"phase_015_subj_12"
7392,112,4,"<p style=""color:rgb(150, 250, 100); font-size: 35px;"">本人的</p>","self","ability","本人的",4,691,691,"e","true",NA,NA,NA,NA,"phase_015_subj_12"
7393,112,4,"<p style=""color:white; font-size: 35px;"">天才</p>","positive","ability","天才",4,495,495,"i","true",NA,NA,NA,NA,"phase_015_subj_12"
7394,112,4,"<p style=""color:rgb(150, 250, 100); font-size: 35px;"">他人</p>","other","ability","他人",4,811,811,"i","true",NA,NA,NA,NA,"phase_015_subj_12"
7395,112,4,"<p style=""color:white; font-size: 35px;"">无能</p>","negative","ability","无能",4,516,516,"e","true",NA,NA,NA,NA,"phase_015_subj_12"
7396,112,4,"<p style=""color:rgb(150, 250, 100); font-size: 35px;"">我的</p>","self","ability","我的",4,498,498,"e","true",NA,NA,NA,NA,"phase_015_subj_12"
7397,112,4,"<p style=""color:white; font-size: 35px;"">全能</p>","positive","ability","全能",4,581,581,"i","true",NA,NA,NA,NA,"phase_015_subj_12"
7398,112,4,"<p style=""color:rgb(150, 250, 100); font-size: 35px;"">别人的</p>","other","ability","别人的",4,675,675,"i","true",NA,NA,NA,NA,"phase_015_subj_12"
7399,112,4,"<p style=""color:white; font-size: 35px;"">蠢笨</p>","negative","ability","蠢笨",4,524,524,"e","true",NA,NA,NA,NA,"phase_015_subj_12"
7400,112,4,"<p style=""color:rgb(150, 250, 100); font-size: 35px;"">他</p>","other","ability","他",4,531,531,"i","true",NA,NA,NA,NA,"phase_015_subj_12"
7401,112,4,"<p style=""color:white; font-size: 35px;"">全才</p>","positive","ability","全才",4,656,656,"i","true",NA,NA,NA,NA,"phase_015_subj_12"
7402,112,4,"<p style=""color:rgb(150, 250, 100); font-size: 35px;"">自己</p>","self","ability","自己",4,510,510,"e","true",NA,NA,NA,NA,"phase_015_subj_12"
7403,112,4,"<p style=""color:white; font-size: 35px;"">低能</p>","negative","ability","低能",4,641,641,"e","true",NA,NA,NA,NA,"phase_015_subj_12"
7404,112,4,"<p style=""color:rgb(150, 250, 100); font-size: 35px;"">别人</p>","other","ability","别人",4,663,663,"i","true",NA,NA,NA,NA,"phase_015_subj_12"
7405,112,4,"<p style=""color:white; font-size: 35px;"">精干</p>","positive","ability","精干",4,734,734,"i","true",NA,NA,NA,NA,"phase_015_subj_12"
7406,112,4,"<p style=""color:rgb(150, 250, 100); font-size: 35px;"">本人</p>","self","ability","本人",4,561,561,"e","true",NA,NA,NA,NA,"phase_015_subj_12"
7407,112,4,"<p style=""color:white; font-size: 35px;"">愚钝</p>","negative","ability","愚钝",4,530,530,"e","true",NA,NA,NA,NA,"phase_015_subj_12"
7408,112,4,"<p style=""color:rgb(150, 250, 100); font-size: 35px;"">别人的</p>","other","ability","别人的",4,762,762,"i","true",NA,NA,NA,NA,"phase_015_subj_12"
7409,112,4,"<p style=""color:white; font-size: 35px;"">全才</p>","positive","ability","全才",4,542,542,"i","true",NA,NA,NA,NA,"phase_015_subj_12"
7410,112,4,"<p style=""color:rgb(150, 250, 100); font-size: 35px;"">自己</p>","self","ability","自己",4,522,522,"e","true",NA,NA,NA,NA,"phase_015_subj_12"
7411,112,4,"<p style=""color:white; font-size: 35px;"">愚钝</p>","negative","ability","愚钝",4,681,681,"e","true",NA,NA,NA,NA,"phase_015_subj_12"
7412,112,4,"<p style=""color:rgb(150, 250, 100); font-size: 35px;"">他人</p>","other","ability","他人",4,624,624,"i","true",NA,NA,NA,NA,"phase_015_subj_12"
7413,112,4,"<p style=""color:white; font-size: 35px;"">蠢笨</p>","negative","ability","蠢笨",4,502,502,"e","true",NA,NA,NA,NA,"phase_015_subj_12"
7414,112,4,"<p style=""color:rgb(150, 250, 100); font-size: 35px;"">我的</p>","self","ability","我的",4,689,689,"e","true",NA,NA,NA,NA,"phase_015_subj_12"
7415,112,4,"<p style=""color:white; font-size: 35px;"">高效</p>","positive","ability","高效",4,574,574,"i","true",NA,NA,NA,NA,"phase_015_subj_12"
7416,112,4,"<p style=""color:rgb(150, 250, 100); font-size: 35px;"">我</p>","self","ability","我",4,595,595,"e","true",NA,NA,NA,NA,"phase_015_subj_12"
7417,112,4,"<p style=""color:white; font-size: 35px;"">能干</p>","positive","ability","能干",4,580,580,"i","true",NA,NA,NA,NA,"phase_015_subj_12"
7418,112,4,"<p style=""color:rgb(150, 250, 100); font-size: 35px;"">他</p>","other","ability","他",4,556,556,"i","true",NA,NA,NA,NA,"phase_015_subj_12"
7419,112,4,"<p style=""color:white; font-size: 35px;"">废物</p>","negative","ability","废物",4,516,516,"e","true",NA,NA,NA,NA,"phase_015_subj_12"
7420,112,4,"<p style=""color:rgb(150, 250, 100); font-size: 35px;"">他人的</p>","other","ability","他人的",4,468,468,"i","true",NA,NA,NA,NA,"phase_015_subj_12"
7421,112,4,"<p style=""color:white; font-size: 35px;"">全能</p>","positive","ability","全能",4,665,665,"i","true",NA,NA,NA,NA,"phase_015_subj_12"
7422,112,4,"<p style=""color:rgb(150, 250, 100); font-size: 35px;"">自己的</p>","self","ability","自己的",4,485,485,"e","true",NA,NA,NA,NA,"phase_015_subj_12"
7423,112,4,"<p style=""color:white; font-size: 35px;"">无能</p>","negative","ability","无能",4,684,684,"e","true",NA,NA,NA,NA,"phase_015_subj_12"
7424,112,4,"<p style=""color:rgb(150, 250, 100); font-size: 35px;"">本人的</p>","self","ability","本人的",4,628,1257.78723404255,"i","false",NA,NA,NA,NA,"phase_015_subj_12"
7425,112,4,"<p style=""color:white; font-size: 35px;"">精干</p>","positive","ability","精干",4,657,657,"i","true",NA,NA,NA,NA,"phase_015_subj_12"
7426,112,4,"<p style=""color:rgb(150, 250, 100); font-size: 35px;"">他的</p>","other","ability","他的",4,805,805,"i","true",NA,NA,NA,NA,"phase_015_subj_12"
7427,112,4,"<p style=""color:white; font-size: 35px;"">低能</p>","negative","ability","低能",4,864,864,"e","true",NA,NA,NA,NA,"phase_015_subj_12"
7428,112,4,"<p style=""color:rgb(150, 250, 100); font-size: 35px;"">本人</p>","self","ability","本人",4,466,466,"e","true",NA,NA,NA,NA,"phase_015_subj_12"
7429,112,4,"<p style=""color:white; font-size: 35px;"">废物</p>","negative","ability","废物",4,773,773,"e","true",NA,NA,NA,NA,"phase_015_subj_12"
7430,112,4,"<p style=""color:rgb(150, 250, 100); font-size: 35px;"">他人的</p>","other","ability","他人的",4,927,927,"i","true",NA,NA,NA,NA,"phase_015_subj_12"
7431,112,4,"<p style=""color:white; font-size: 35px;"">能干</p>","positive","ability","能干",4,2140,2140,"i","true",NA,NA,NA,NA,"phase_015_subj_12"
7432,112,5,"<p style=""color:rgb(150, 250, 100); font-size: 35px;"">自己的</p>","self","ability","自己的",5,699,699,"i","true",NA,NA,NA,NA,"phase_015_subj_12"
7433,112,5,"<p style=""color:rgb(150, 250, 100); font-size: 35px;"">别人</p>","other","ability","别人",5,798,798,"e","true",NA,NA,NA,NA,"phase_015_subj_12"
7434,112,5,"<p style=""color:rgb(150, 250, 100); font-size: 35px;"">他</p>","other","ability","他",5,863,863,"e","true",NA,NA,NA,NA,"phase_015_subj_12"
7435,112,5,"<p style=""color:rgb(150, 250, 100); font-size: 35px;"">自己</p>","self","ability","自己",5,640,640,"i","true",NA,NA,NA,NA,"phase_015_subj_12"
7436,112,5,"<p style=""color:rgb(150, 250, 100); font-size: 35px;"">他人的</p>","other","ability","他人的",5,1056,1056,"e","true",NA,NA,NA,NA,"phase_015_subj_12"
7437,112,5,"<p style=""color:rgb(150, 250, 100); font-size: 35px;"">他</p>","other","ability","他",5,737,737,"e","true",NA,NA,NA,NA,"phase_015_subj_12"
7438,112,5,"<p style=""color:rgb(150, 250, 100); font-size: 35px;"">他的</p>","other","ability","他的",5,939,939,"e","true",NA,NA,NA,NA,"phase_015_subj_12"
7439,112,5,"<p style=""color:rgb(150, 250, 100); font-size: 35px;"">别人的</p>","other","ability","别人的",5,936,936,"e","true",NA,NA,NA,NA,"phase_015_subj_12"
7440,112,5,"<p style=""color:rgb(150, 250, 100); font-size: 35px;"">我的</p>","self","ability","我的",5,755,755,"i","true",NA,NA,NA,NA,"phase_015_subj_12"
7441,112,5,"<p style=""color:rgb(150, 250, 100); font-size: 35px;"">他人的</p>","other","ability","他人的",5,772,772,"e","true",NA,NA,NA,NA,"phase_015_subj_12"
7442,112,5,"<p style=""color:rgb(150, 250, 100); font-size: 35px;"">本人</p>","self","ability","本人",5,725,725,"i","true",NA,NA,NA,NA,"phase_015_subj_12"
7443,112,5,"<p style=""color:rgb(150, 250, 100); font-size: 35px;"">他人</p>","other","ability","他人",5,718,718,"e","true",NA,NA,NA,NA,"phase_015_subj_12"
7444,112,5,"<p style=""color:rgb(150, 250, 100); font-size: 35px;"">别人的</p>","other","ability","别人的",5,924,924,"e","true",NA,NA,NA,NA,"phase_015_subj_12"
7445,112,5,"<p style=""color:rgb(150, 250, 100); font-size: 35px;"">本人</p>","self","ability","本人",5,835,835,"i","true",NA,NA,NA,NA,"phase_015_subj_12"
7446,112,5,"<p style=""color:rgb(150, 250, 100); font-size: 35px;"">本人的</p>","self","ability","本人的",5,729,729,"i","true",NA,NA,NA,NA,"phase_015_subj_12"
7447,112,5,"<p style=""color:rgb(150, 250, 100); font-size: 35px;"">我</p>","self","ability","我",5,896,896,"i","true",NA,NA,NA,NA,"phase_015_subj_12"
7448,112,5,"<p style=""color:rgb(150, 250, 100); font-size: 35px;"">他的</p>","other","ability","他的",5,744,744,"e","true",NA,NA,NA,NA,"phase_015_subj_12"
7449,112,5,"<p style=""color:rgb(150, 250, 100); font-size: 35px;"">我</p>","self","ability","我",5,796,796,"i","true",NA,NA,NA,NA,"phase_015_subj_12"
7450,112,5,"<p style=""color:rgb(150, 250, 100); font-size: 35px;"">别人</p>","other","ability","别人",5,762,762,"e","true",NA,NA,NA,NA,"phase_015_subj_12"
7451,112,5,"<p style=""color:rgb(150, 250, 100); font-size: 35px;"">自己的</p>","self","ability","自己的",5,917,917,"i","true",NA,NA,NA,NA,"phase_015_subj_12"
7452,112,5,"<p style=""color:rgb(150, 250, 100); font-size: 35px;"">我的</p>","self","ability","我的",5,913,913,"i","true",NA,NA,NA,NA,"phase_015_subj_12"
7453,112,5,"<p style=""color:rgb(150, 250, 100); font-size: 35px;"">本人的</p>","self","ability","本人的",5,1058,1058,"i","true",NA,NA,NA,NA,"phase_015_subj_12"
7454,112,5,"<p style=""color:rgb(150, 250, 100); font-size: 35px;"">他人</p>","other","ability","他人",5,845,845,"e","true",NA,NA,NA,NA,"phase_015_subj_12"
7455,112,5,"<p style=""color:rgb(150, 250, 100); font-size: 35px;"">自己</p>","self","ability","自己",5,812,812,"i","true",NA,NA,NA,NA,"phase_015_subj_12"
7456,112,6,"<p style=""color:white; font-size: 35px;"">精干</p>","positive","ability","精干",6,738,738,"i","true",NA,NA,NA,NA,"phase_015_subj_12"
7457,112,6,"<p style=""color:rgb(150, 250, 100); font-size: 35px;"">本人</p>","self","ability","本人",6,708,708,"i","true",NA,NA,NA,NA,"phase_015_subj_12"
7458,112,6,"<p style=""color:white; font-size: 35px;"">废物</p>","negative","ability","废物",6,754,754,"e","true",NA,NA,NA,NA,"phase_015_subj_12"
7459,112,6,"<p style=""color:rgb(150, 250, 100); font-size: 35px;"">他的</p>","other","ability","他的",6,910,910,"e","true",NA,NA,NA,NA,"phase_015_subj_12"
7460,112,6,"<p style=""color:white; font-size: 35px;"">拙笨</p>","negative","ability","拙笨",6,750,750,"e","true",NA,NA,NA,NA,"phase_015_subj_12"
7461,112,6,"<p style=""color:rgb(150, 250, 100); font-size: 35px;"">他人的</p>","other","ability","他人的",6,593,593,"e","true",NA,NA,NA,NA,"phase_015_subj_12"
7462,112,6,"<p style=""color:white; font-size: 35px;"">全才</p>","positive","ability","全才",6,859,859,"i","true",NA,NA,NA,NA,"phase_015_subj_12"
7463,112,6,"<p style=""color:rgb(150, 250, 100); font-size: 35px;"">自己的</p>","self","ability","自己的",6,867,867,"i","true",NA,NA,NA,NA,"phase_015_subj_12"
7464,112,6,"<p style=""color:white; font-size: 35px;"">高效</p>","positive","ability","高效",6,747,747,"i","true",NA,NA,NA,NA,"phase_015_subj_12"
7465,112,6,"<p style=""color:rgb(150, 250, 100); font-size: 35px;"">我</p>","self","ability","我",6,708,708,"i","true",NA,NA,NA,NA,"phase_015_subj_12"
7466,112,6,"<p style=""color:white; font-size: 35px;"">蠢笨</p>","negative","ability","蠢笨",6,1565,1565,"e","true",NA,NA,NA,NA,"phase_015_subj_12"
7467,112,6,"<p style=""color:rgb(150, 250, 100); font-size: 35px;"">别人的</p>","other","ability","别人的",6,1135,1135,"e","true",NA,NA,NA,NA,"phase_015_subj_12"
7468,112,6,"<p style=""color:white; font-size: 35px;"">低能</p>","negative","ability","低能",6,1139,1139,"e","true",NA,NA,NA,NA,"phase_015_subj_12"
7469,112,6,"<p style=""color:rgb(150, 250, 100); font-size: 35px;"">我的</p>","self","ability","我的",6,889,889,"i","true",NA,NA,NA,NA,"phase_015_subj_12"
7470,112,6,"<p style=""color:white; font-size: 35px;"">全能</p>","positive","ability","全能",6,1021,1021,"i","true",NA,NA,NA,NA,"phase_015_subj_12"
7471,112,6,"<p style=""color:rgb(150, 250, 100); font-size: 35px;"">他人</p>","other","ability","他人",6,819,819,"e","true",NA,NA,NA,NA,"phase_015_subj_12"
7472,112,6,"<p style=""color:white; font-size: 35px;"">愚钝</p>","negative","ability","愚钝",6,963,963,"e","true",NA,NA,NA,NA,"phase_015_subj_12"
7473,112,6,"<p style=""color:rgb(150, 250, 100); font-size: 35px;"">别人</p>","other","ability","别人",6,953,953,"e","true",NA,NA,NA,NA,"phase_015_subj_12"
7474,112,6,"<p style=""color:white; font-size: 35px;"">天才</p>","positive","ability","天才",6,1031,1031,"i","true",NA,NA,NA,NA,"phase_015_subj_12"
7475,112,6,"<p style=""color:rgb(150, 250, 100); font-size: 35px;"">本人的</p>","self","ability","本人的",6,761,761,"i","true",NA,NA,NA,NA,"phase_015_subj_12"
7476,112,6,"<p style=""color:white; font-size: 35px;"">能干</p>","positive","ability","能干",6,985,985,"i","true",NA,NA,NA,NA,"phase_015_subj_12"
7477,112,6,"<p style=""color:rgb(150, 250, 100); font-size: 35px;"">自己</p>","self","ability","自己",6,720,720,"i","true",NA,NA,NA,NA,"phase_015_subj_12"
7478,112,6,"<p style=""color:white; font-size: 35px;"">无能</p>","negative","ability","无能",6,929,929,"e","true",NA,NA,NA,NA,"phase_015_subj_12"
7479,112,6,"<p style=""color:rgb(150, 250, 100); font-size: 35px;"">他</p>","other","ability","他",6,1026,1026,"e","true",NA,NA,NA,NA,"phase_015_subj_12"
7480,112,7,"<p style=""color:white; font-size: 35px;"">高效</p>","positive","ability","高效",7,773,773,"i","true",NA,NA,NA,NA,"phase_015_subj_12"
7481,112,7,"<p style=""color:rgb(150, 250, 100); font-size: 35px;"">他的</p>","other","ability","他的",7,869,869,"e","true",NA,NA,NA,NA,"phase_015_subj_12"
7482,112,7,"<p style=""color:white; font-size: 35px;"">蠢笨</p>","negative","ability","蠢笨",7,1025,1025,"e","true",NA,NA,NA,NA,"phase_015_subj_12"
7483,112,7,"<p style=""color:rgb(150, 250, 100); font-size: 35px;"">自己的</p>","self","ability","自己的",7,702,702,"i","true",NA,NA,NA,NA,"phase_015_subj_12"
7484,112,7,"<p style=""color:white; font-size: 35px;"">天才</p>","positive","ability","天才",7,829,829,"i","true",NA,NA,NA,NA,"phase_015_subj_12"
7485,112,7,"<p style=""color:rgb(150, 250, 100); font-size: 35px;"">本人</p>","self","ability","本人",7,866,866,"i","true",NA,NA,NA,NA,"phase_015_subj_12"
7486,112,7,"<p style=""color:white; font-size: 35px;"">愚钝</p>","negative","ability","愚钝",7,930,930,"e","true",NA,NA,NA,NA,"phase_015_subj_12"
7487,112,7,"<p style=""color:rgb(150, 250, 100); font-size: 35px;"">他人的</p>","other","ability","他人的",7,809,809,"e","true",NA,NA,NA,NA,"phase_015_subj_12"
7488,112,7,"<p style=""color:white; font-size: 35px;"">全能</p>","positive","ability","全能",7,826,826,"i","true",NA,NA,NA,NA,"phase_015_subj_12"
7489,112,7,"<p style=""color:rgb(150, 250, 100); font-size: 35px;"">他的</p>","other","ability","他的",7,897,897,"e","true",NA,NA,NA,NA,"phase_015_subj_12"
7490,112,7,"<p style=""color:white; font-size: 35px;"">废物</p>","negative","ability","废物",7,1012,1012,"e","true",NA,NA,NA,NA,"phase_015_subj_12"
7491,112,7,"<p style=""color:rgb(150, 250, 100); font-size: 35px;"">我的</p>","self","ability","我的",7,803,803,"i","true",NA,NA,NA,NA,"phase_015_subj_12"
7492,112,7,"<p style=""color:white; font-size: 35px;"">天才</p>","positive","ability","天才",7,828,828,"i","true",NA,NA,NA,NA,"phase_015_subj_12"
7493,112,7,"<p style=""color:rgb(150, 250, 100); font-size: 35px;"">本人的</p>","self","ability","本人的",7,807,807,"i","true",NA,NA,NA,NA,"phase_015_subj_12"
7494,112,7,"<p style=""color:white; font-size: 35px;"">无能</p>","negative","ability","无能",7,734,734,"e","true",NA,NA,NA,NA,"phase_015_subj_12"
7495,112,7,"<p style=""color:rgb(150, 250, 100); font-size: 35px;"">他人</p>","other","ability","他人",7,726,726,"e","true",NA,NA,NA,NA,"phase_015_subj_12"
7496,112,7,"<p style=""color:white; font-size: 35px;"">蠢笨</p>","negative","ability","蠢笨",7,791,791,"e","true",NA,NA,NA,NA,"phase_015_subj_12"
7497,112,7,"<p style=""color:rgb(150, 250, 100); font-size: 35px;"">别人</p>","other","ability","别人",7,867,867,"e","true",NA,NA,NA,NA,"phase_015_subj_12"
7498,112,7,"<p style=""color:white; font-size: 35px;"">精干</p>","positive","ability","精干",7,610,610,"i","true",NA,NA,NA,NA,"phase_015_subj_12"
7499,112,7,"<p style=""color:rgb(150, 250, 100); font-size: 35px;"">自己</p>","self","ability","自己",7,795,795,"i","true",NA,NA,NA,NA,"phase_015_subj_12"
7500,112,7,"<p style=""color:white; font-size: 35px;"">低能</p>","negative","ability","低能",7,747,747,"e","true",NA,NA,NA,NA,"phase_015_subj_12"
7501,112,7,"<p style=""color:rgb(150, 250, 100); font-size: 35px;"">我</p>","self","ability","我",7,822,822,"i","true",NA,NA,NA,NA,"phase_015_subj_12"
7502,112,7,"<p style=""color:white; font-size: 35px;"">全才</p>","positive","ability","全才",7,952,952,"i","true",NA,NA,NA,NA,"phase_015_subj_12"
7503,112,7,"<p style=""color:rgb(150, 250, 100); font-size: 35px;"">别人的</p>","other","ability","别人的",7,931,931,"e","true",NA,NA,NA,NA,"phase_015_subj_12"
7504,112,7,"<p style=""color:white; font-size: 35px;"">拙笨</p>","negative","ability","拙笨",7,872,872,"e","true",NA,NA,NA,NA,"phase_015_subj_12"
7505,112,7,"<p style=""color:rgb(150, 250, 100); font-size: 35px;"">本人的</p>","self","ability","本人的",7,716,716,"i","true",NA,NA,NA,NA,"phase_015_subj_12"
7506,112,7,"<p style=""color:white; font-size: 35px;"">全才</p>","positive","ability","全才",7,931,931,"i","true",NA,NA,NA,NA,"phase_015_subj_12"
7507,112,7,"<p style=""color:rgb(150, 250, 100); font-size: 35px;"">他</p>","other","ability","他",7,789,789,"e","true",NA,NA,NA,NA,"phase_015_subj_12"
7508,112,7,"<p style=""color:white; font-size: 35px;"">精干</p>","positive","ability","精干",7,832,832,"i","true",NA,NA,NA,NA,"phase_015_subj_12"
7509,112,7,"<p style=""color:rgb(150, 250, 100); font-size: 35px;"">别人</p>","other","ability","别人",7,948,948,"e","true",NA,NA,NA,NA,"phase_015_subj_12"
7510,112,7,"<p style=""color:white; font-size: 35px;"">无能</p>","negative","ability","无能",7,1046,1046,"e","true",NA,NA,NA,NA,"phase_015_subj_12"
7511,112,7,"<p style=""color:rgb(150, 250, 100); font-size: 35px;"">自己</p>","self","ability","自己",7,812,812,"i","true",NA,NA,NA,NA,"phase_015_subj_12"
7512,112,7,"<p style=""color:white; font-size: 35px;"">全能</p>","positive","ability","全能",7,901,901,"i","true",NA,NA,NA,NA,"phase_015_subj_12"
7513,112,7,"<p style=""color:rgb(150, 250, 100); font-size: 35px;"">他人的</p>","other","ability","他人的",7,936,936,"e","true",NA,NA,NA,NA,"phase_015_subj_12"
7514,112,7,"<p style=""color:white; font-size: 35px;"">废物</p>","negative","ability","废物",7,1161,1161,"e","true",NA,NA,NA,NA,"phase_015_subj_12"
7515,112,7,"<p style=""color:rgb(150, 250, 100); font-size: 35px;"">自己的</p>","self","ability","自己的",7,937,937,"i","true",NA,NA,NA,NA,"phase_015_subj_12"
7516,112,7,"<p style=""color:white; font-size: 35px;"">高效</p>","positive","ability","高效",7,721,721,"i","true",NA,NA,NA,NA,"phase_015_subj_12"
7517,112,7,"<p style=""color:rgb(150, 250, 100); font-size: 35px;"">别人的</p>","other","ability","别人的",7,660,660,"e","true",NA,NA,NA,NA,"phase_015_subj_12"
7518,112,7,"<p style=""color:white; font-size: 35px;"">愚钝</p>","negative","ability","愚钝",7,920,920,"e","true",NA,NA,NA,NA,"phase_015_subj_12"
7519,112,7,"<p style=""color:rgb(150, 250, 100); font-size: 35px;"">我的</p>","self","ability","我的",7,724,724,"i","true",NA,NA,NA,NA,"phase_015_subj_12"
7520,112,7,"<p style=""color:white; font-size: 35px;"">能干</p>","positive","ability","能干",7,1071,1071,"i","true",NA,NA,NA,NA,"phase_015_subj_12"
7521,112,7,"<p style=""color:rgb(150, 250, 100); font-size: 35px;"">本人</p>","self","ability","本人",7,1019,1019,"i","true",NA,NA,NA,NA,"phase_015_subj_12"
7522,112,7,"<p style=""color:white; font-size: 35px;"">拙笨</p>","negative","ability","拙笨",7,720,720,"e","true",NA,NA,NA,NA,"phase_015_subj_12"
7523,112,7,"<p style=""color:rgb(150, 250, 100); font-size: 35px;"">他</p>","other","ability","他",7,897,897,"e","true",NA,NA,NA,NA,"phase_015_subj_12"
7524,112,7,"<p style=""color:white; font-size: 35px;"">低能</p>","negative","ability","低能",7,970,970,"e","true",NA,NA,NA,NA,"phase_015_subj_12"
7525,112,7,"<p style=""color:rgb(150, 250, 100); font-size: 35px;"">他人</p>","other","ability","他人",7,994,994,"e","true",NA,NA,NA,NA,"phase_015_subj_12"
7526,112,7,"<p style=""color:white; font-size: 35px;"">能干</p>","positive","ability","能干",7,758,758,"i","true",NA,NA,NA,NA,"phase_015_subj_12"
7527,112,7,"<p style=""color:rgb(150, 250, 100); font-size: 35px;"">我</p>","self","ability","我",7,677,677,"i","true",NA,NA,NA,NA,"phase_015_subj_12"
7528,112,NA,"
    <h3>词语分类任务</h3>
    <p>在接下来的任务中，你需要对一系列词语进行分类。<p/>
    请先熟悉这些词语，这有利于你完成接下来的任务。</p>
    <table align=""center"" border=1 cellpadding=3 cellspacing=0>
    <tr> <th>类别</th> <th>词语</th> </tr>
    <tr> <td>&emsp;积极&emsp;</td> <td>&emsp;高尚、诚信、善良、君子、廉正、正直&emsp;</td> </tr>
    <tr> <td>&emsp;消极&emsp;</td> <td>&emsp;缺德、卑鄙、不孝、不仁、小人、黑心&emsp;</td> </tr>
    <tr> <td>&emsp;自我&emsp;</td> <td>&emsp;我、我的、自己、自己的、本人、本人的&emsp;</td> </tr>
    <tr> <td>&emsp;他人&emsp;</td> <td>&emsp;他、他的、别人、别人的、他人、他人的&emsp;</td> </tr>
    </table><br/>","","","",NA,29007,NA,"0","",NA,NA,1,1,"phase_015_subj_12"
7529,112,11,"<p style=""color:rgb(150, 250, 100); font-size: 35px;"">他人</p>","other","moral","他人",1,620,620,"i","true",NA,NA,NA,NA,"phase_015_subj_12"
7530,112,11,"<p style=""color:rgb(150, 250, 100); font-size: 35px;"">他人的</p>","other","moral","他人的",1,708,708,"i","true",NA,NA,NA,NA,"phase_015_subj_12"
7531,112,11,"<p style=""color:rgb(150, 250, 100); font-size: 35px;"">本人</p>","self","moral","本人",1,691,691,"e","true",NA,NA,NA,NA,"phase_015_subj_12"
7532,112,11,"<p style=""color:rgb(150, 250, 100); font-size: 35px;"">别人的</p>","other","moral","别人的",1,658,658,"i","true",NA,NA,NA,NA,"phase_015_subj_12"
7533,112,11,"<p style=""color:rgb(150, 250, 100); font-size: 35px;"">他的</p>","other","moral","他的",1,716,716,"i","true",NA,NA,NA,NA,"phase_015_subj_12"
7534,112,11,"<p style=""color:rgb(150, 250, 100); font-size: 35px;"">我的</p>","self","moral","我的",1,635,635,"e","true",NA,NA,NA,NA,"phase_015_subj_12"
7535,112,11,"<p style=""color:rgb(150, 250, 100); font-size: 35px;"">自己的</p>","self","moral","自己的",1,687,687,"e","true",NA,NA,NA,NA,"phase_015_subj_12"
7536,112,11,"<p style=""color:rgb(150, 250, 100); font-size: 35px;"">本人的</p>","self","moral","本人的",1,817,817,"e","true",NA,NA,NA,NA,"phase_015_subj_12"
7537,112,11,"<p style=""color:rgb(150, 250, 100); font-size: 35px;"">自己</p>","self","moral","自己",1,572,572,"e","true",NA,NA,NA,NA,"phase_015_subj_12"
7538,112,11,"<p style=""color:rgb(150, 250, 100); font-size: 35px;"">别人</p>","other","moral","别人",1,608,608,"i","true",NA,NA,NA,NA,"phase_015_subj_12"
7539,112,11,"<p style=""color:rgb(150, 250, 100); font-size: 35px;"">他</p>","other","moral","他",1,762,762,"i","true",NA,NA,NA,NA,"phase_015_subj_12"
7540,112,11,"<p style=""color:rgb(150, 250, 100); font-size: 35px;"">我</p>","self","moral","我",1,700,700,"e","true",NA,NA,NA,NA,"phase_015_subj_12"
7541,112,12,"<p style=""color:white; font-size: 35px;"">廉正</p>","positive","moral","廉正",2,542,542,"e","true",NA,NA,NA,NA,"phase_015_subj_12"
7542,112,12,"<p style=""color:white; font-size: 35px;"">不孝</p>","negative","moral","不孝",2,610,610,"i","true",NA,NA,NA,NA,"phase_015_subj_12"
7543,112,12,"<p style=""color:white; font-size: 35px;"">正直</p>","positive","moral","正直",2,594,594,"e","true",NA,NA,NA,NA,"phase_015_subj_12"
7544,112,12,"<p style=""color:white; font-size: 35px;"">小人</p>","negative","moral","小人",2,720,720,"i","true",NA,NA,NA,NA,"phase_015_subj_12"
7545,112,12,"<p style=""color:white; font-size: 35px;"">黑心</p>","negative","moral","黑心",2,641,641,"i","true",NA,NA,NA,NA,"phase_015_subj_12"
7546,112,12,"<p style=""color:white; font-size: 35px;"">不仁</p>","negative","moral","不仁",2,729,729,"i","true",NA,NA,NA,NA,"phase_015_subj_12"
7547,112,12,"<p style=""color:white; font-size: 35px;"">君子</p>","positive","moral","君子",2,588,588,"e","true",NA,NA,NA,NA,"phase_015_subj_12"
7548,112,12,"<p style=""color:white; font-size: 35px;"">卑鄙</p>","negative","moral","卑鄙",2,560,560,"i","true",NA,NA,NA,NA,"phase_015_subj_12"
7549,112,12,"<p style=""color:white; font-size: 35px;"">善良</p>","positive","moral","善良",2,700,700,"e","true",NA,NA,NA,NA,"phase_015_subj_12"
7550,112,12,"<p style=""color:white; font-size: 35px;"">高尚</p>","positive","moral","高尚",2,870,870,"e","true",NA,NA,NA,NA,"phase_015_subj_12"
7551,112,12,"<p style=""color:white; font-size: 35px;"">诚信</p>","positive","moral","诚信",2,605,605,"e","true",NA,NA,NA,NA,"phase_015_subj_12"
7552,112,12,"<p style=""color:white; font-size: 35px;"">缺德</p>","negative","moral","缺德",2,584,584,"i","true",NA,NA,NA,NA,"phase_015_subj_12"
7553,112,13,"<p style=""color:rgb(150, 250, 100); font-size: 35px;"">自己</p>","self","moral","自己",3,673,673,"e","true",NA,NA,NA,NA,"phase_015_subj_12"
7554,112,13,"<p style=""color:white; font-size: 35px;"">不仁</p>","negative","moral","不仁",3,747,747,"i","true",NA,NA,NA,NA,"phase_015_subj_12"
7555,112,13,"<p style=""color:rgb(150, 250, 100); font-size: 35px;"">他</p>","other","moral","他",3,716,716,"i","true",NA,NA,NA,NA,"phase_015_subj_12"
7556,112,13,"<p style=""color:white; font-size: 35px;"">善良</p>","positive","moral","善良",3,677,677,"e","true",NA,NA,NA,NA,"phase_015_subj_12"
7557,112,13,"<p style=""color:rgb(150, 250, 100); font-size: 35px;"">他人的</p>","other","moral","他人的",3,633,633,"i","true",NA,NA,NA,NA,"phase_015_subj_12"
7558,112,13,"<p style=""color:white; font-size: 35px;"">不孝</p>","negative","moral","不孝",3,842,842,"i","true",NA,NA,NA,NA,"phase_015_subj_12"
7559,112,13,"<p style=""color:rgb(150, 250, 100); font-size: 35px;"">我的</p>","self","moral","我的",3,572,572,"e","true",NA,NA,NA,NA,"phase_015_subj_12"
7560,112,13,"<p style=""color:white; font-size: 35px;"">廉正</p>","positive","moral","廉正",3,622,622,"e","true",NA,NA,NA,NA,"phase_015_subj_12"
7561,112,13,"<p style=""color:rgb(150, 250, 100); font-size: 35px;"">他人</p>","other","moral","他人",3,694,694,"i","true",NA,NA,NA,NA,"phase_015_subj_12"
7562,112,13,"<p style=""color:white; font-size: 35px;"">黑心</p>","negative","moral","黑心",3,745,745,"i","true",NA,NA,NA,NA,"phase_015_subj_12"
7563,112,13,"<p style=""color:rgb(150, 250, 100); font-size: 35px;"">自己的</p>","self","moral","自己的",3,556,556,"e","true",NA,NA,NA,NA,"phase_015_subj_12"
7564,112,13,"<p style=""color:white; font-size: 35px;"">正直</p>","positive","moral","正直",3,757,757,"e","true",NA,NA,NA,NA,"phase_015_subj_12"
7565,112,13,"<p style=""color:rgb(150, 250, 100); font-size: 35px;"">他的</p>","other","moral","他的",3,720,720,"i","true",NA,NA,NA,NA,"phase_015_subj_12"
7566,112,13,"<p style=""color:white; font-size: 35px;"">缺德</p>","negative","moral","缺德",3,884,884,"i","true",NA,NA,NA,NA,"phase_015_subj_12"
7567,112,13,"<p style=""color:rgb(150, 250, 100); font-size: 35px;"">本人的</p>","self","moral","本人的",3,641,641,"e","true",NA,NA,NA,NA,"phase_015_subj_12"
7568,112,13,"<p style=""color:white; font-size: 35px;"">君子</p>","positive","moral","君子",3,720,720,"e","true",NA,NA,NA,NA,"phase_015_subj_12"
7569,112,13,"<p style=""color:rgb(150, 250, 100); font-size: 35px;"">别人的</p>","other","moral","别人的",3,816,816,"i","true",NA,NA,NA,NA,"phase_015_subj_12"
7570,112,13,"<p style=""color:white; font-size: 35px;"">小人</p>","negative","moral","小人",3,593,593,"i","true",NA,NA,NA,NA,"phase_015_subj_12"
7571,112,13,"<p style=""color:rgb(150, 250, 100); font-size: 35px;"">我</p>","self","moral","我",3,619,619,"e","true",NA,NA,NA,NA,"phase_015_subj_12"
7572,112,13,"<p style=""color:white; font-size: 35px;"">诚信</p>","positive","moral","诚信",3,909,909,"e","true",NA,NA,NA,NA,"phase_015_subj_12"
7573,112,13,"<p style=""color:rgb(150, 250, 100); font-size: 35px;"">别人</p>","other","moral","别人",3,1067,1067,"i","true",NA,NA,NA,NA,"phase_015_subj_12"
7574,112,13,"<p style=""color:white; font-size: 35px;"">卑鄙</p>","negative","moral","卑鄙",3,814,814,"i","true",NA,NA,NA,NA,"phase_015_subj_12"
7575,112,13,"<p style=""color:rgb(150, 250, 100); font-size: 35px;"">本人</p>","self","moral","本人",3,643,643,"e","true",NA,NA,NA,NA,"phase_015_subj_12"
7576,112,13,"<p style=""color:white; font-size: 35px;"">高尚</p>","positive","moral","高尚",3,840,840,"e","true",NA,NA,NA,NA,"phase_015_subj_12"
7577,112,14,"<p style=""color:rgb(150, 250, 100); font-size: 35px;"">别人</p>","other","moral","别人",4,705,705,"i","true",NA,NA,NA,NA,"phase_015_subj_12"
7578,112,14,"<p style=""color:white; font-size: 35px;"">小人</p>","negative","moral","小人",4,996,996,"i","true",NA,NA,NA,NA,"phase_015_subj_12"
7579,112,14,"<p style=""color:rgb(150, 250, 100); font-size: 35px;"">自己</p>","self","moral","自己",4,613,613,"e","true",NA,NA,NA,NA,"phase_015_subj_12"
7580,112,14,"<p style=""color:white; font-size: 35px;"">善良</p>","positive","moral","善良",4,710,710,"e","true",NA,NA,NA,NA,"phase_015_subj_12"
7581,112,14,"<p style=""color:rgb(150, 250, 100); font-size: 35px;"">他人</p>","other","moral","他人",4,777,777,"i","true",NA,NA,NA,NA,"phase_015_subj_12"
7582,112,14,"<p style=""color:white; font-size: 35px;"">卑鄙</p>","negative","moral","卑鄙",4,941,941,"i","true",NA,NA,NA,NA,"phase_015_subj_12"
7583,112,14,"<p style=""color:rgb(150, 250, 100); font-size: 35px;"">我</p>","self","moral","我",4,844,844,"e","true",NA,NA,NA,NA,"phase_015_subj_12"
7584,112,14,"<p style=""color:white; font-size: 35px;"">善良</p>","positive","moral","善良",4,767,767,"e","true",NA,NA,NA,NA,"phase_015_subj_12"
7585,112,14,"<p style=""color:rgb(150, 250, 100); font-size: 35px;"">别人</p>","other","moral","别人",4,656,656,"i","true",NA,NA,NA,NA,"phase_015_subj_12"
7586,112,14,"<p style=""color:white; font-size: 35px;"">不仁</p>","negative","moral","不仁",4,668,668,"i","true",NA,NA,NA,NA,"phase_015_subj_12"
7587,112,14,"<p style=""color:rgb(150, 250, 100); font-size: 35px;"">本人</p>","self","moral","本人",4,646,646,"e","true",NA,NA,NA,NA,"phase_015_subj_12"
7588,112,14,"<p style=""color:white; font-size: 35px;"">廉正</p>","positive","moral","廉正",4,768,768,"e","true",NA,NA,NA,NA,"phase_015_subj_12"
7589,112,14,"<p style=""color:rgb(150, 250, 100); font-size: 35px;"">本人的</p>","self","moral","本人的",4,857,857,"e","true",NA,NA,NA,NA,"phase_015_subj_12"
7590,112,14,"<p style=""color:white; font-size: 35px;"">黑心</p>","negative","moral","黑心",4,863,863,"i","true",NA,NA,NA,NA,"phase_015_subj_12"
7591,112,14,"<p style=""color:rgb(150, 250, 100); font-size: 35px;"">他</p>","other","moral","他",4,880,880,"i","true",NA,NA,NA,NA,"phase_015_subj_12"
7592,112,14,"<p style=""color:white; font-size: 35px;"">正直</p>","positive","moral","正直",4,867,867,"e","true",NA,NA,NA,NA,"phase_015_subj_12"
7593,112,14,"<p style=""color:rgb(150, 250, 100); font-size: 35px;"">他人的</p>","other","moral","他人的",4,888,888,"i","true",NA,NA,NA,NA,"phase_015_subj_12"
7594,112,14,"<p style=""color:white; font-size: 35px;"">高尚</p>","positive","moral","高尚",4,1050,1050,"e","true",NA,NA,NA,NA,"phase_015_subj_12"
7595,112,14,"<p style=""color:rgb(150, 250, 100); font-size: 35px;"">自己的</p>","self","moral","自己的",4,1195,1195,"e","true",NA,NA,NA,NA,"phase_015_subj_12"
7596,112,14,"<p style=""color:white; font-size: 35px;"">缺德</p>","negative","moral","缺德",4,927,927,"i","true",NA,NA,NA,NA,"phase_015_subj_12"
7597,112,14,"<p style=""color:rgb(150, 250, 100); font-size: 35px;"">我的</p>","self","moral","我的",4,805,805,"e","true",NA,NA,NA,NA,"phase_015_subj_12"
7598,112,14,"<p style=""color:white; font-size: 35px;"">小人</p>","negative","moral","小人",4,895,895,"i","true",NA,NA,NA,NA,"phase_015_subj_12"
7599,112,14,"<p style=""color:rgb(150, 250, 100); font-size: 35px;"">他人的</p>","other","moral","他人的",4,923,923,"i","true",NA,NA,NA,NA,"phase_015_subj_12"
7600,112,14,"<p style=""color:white; font-size: 35px;"">君子</p>","positive","moral","君子",4,620,620,"e","true",NA,NA,NA,NA,"phase_015_subj_12"
7601,112,14,"<p style=""color:rgb(150, 250, 100); font-size: 35px;"">本人的</p>","self","moral","本人的",4,708,708,"e","true",NA,NA,NA,NA,"phase_015_subj_12"
7602,112,14,"<p style=""color:white; font-size: 35px;"">黑心</p>","negative","moral","黑心",4,777,777,"i","true",NA,NA,NA,NA,"phase_015_subj_12"
7603,112,14,"<p style=""color:rgb(150, 250, 100); font-size: 35px;"">别人的</p>","other","moral","别人的",4,873,873,"i","true",NA,NA,NA,NA,"phase_015_subj_12"
7604,112,14,"<p style=""color:white; font-size: 35px;"">廉正</p>","positive","moral","廉正",4,1066,1066,"e","true",NA,NA,NA,NA,"phase_015_subj_12"
7605,112,14,"<p style=""color:rgb(150, 250, 100); font-size: 35px;"">别人的</p>","other","moral","别人的",4,829,829,"i","true",NA,NA,NA,NA,"phase_015_subj_12"
7606,112,14,"<p style=""color:white; font-size: 35px;"">不孝</p>","negative","moral","不孝",4,941,941,"i","true",NA,NA,NA,NA,"phase_015_subj_12"
7607,112,14,"<p style=""color:rgb(150, 250, 100); font-size: 35px;"">我</p>","self","moral","我",4,839,839,"e","true",NA,NA,NA,NA,"phase_015_subj_12"
7608,112,14,"<p style=""color:white; font-size: 35px;"">高尚</p>","positive","moral","高尚",4,984,984,"e","true",NA,NA,NA,NA,"phase_015_subj_12"
7609,112,14,"<p style=""color:rgb(150, 250, 100); font-size: 35px;"">我的</p>","self","moral","我的",4,976,976,"e","true",NA,NA,NA,NA,"phase_015_subj_12"
7610,112,14,"<p style=""color:white; font-size: 35px;"">诚信</p>","positive","moral","诚信",4,990,990,"e","true",NA,NA,NA,NA,"phase_015_subj_12"
7611,112,14,"<p style=""color:rgb(150, 250, 100); font-size: 35px;"">他</p>","other","moral","他",4,644,644,"i","true",NA,NA,NA,NA,"phase_015_subj_12"
7612,112,14,"<p style=""color:white; font-size: 35px;"">不孝</p>","negative","moral","不孝",4,698,698,"i","true",NA,NA,NA,NA,"phase_015_subj_12"
7613,112,14,"<p style=""color:rgb(150, 250, 100); font-size: 35px;"">他的</p>","other","moral","他的",4,839,839,"i","true",NA,NA,NA,NA,"phase_015_subj_12"
7614,112,14,"<p style=""color:white; font-size: 35px;"">诚信</p>","positive","moral","诚信",4,913,913,"e","true",NA,NA,NA,NA,"phase_015_subj_12"
7615,112,14,"<p style=""color:rgb(150, 250, 100); font-size: 35px;"">自己</p>","self","moral","自己",4,765,765,"e","true",NA,NA,NA,NA,"phase_015_subj_12"
7616,112,14,"<p style=""color:white; font-size: 35px;"">卑鄙</p>","negative","moral","卑鄙",4,863,863,"i","true",NA,NA,NA,NA,"phase_015_subj_12"
7617,112,14,"<p style=""color:rgb(150, 250, 100); font-size: 35px;"">本人</p>","self","moral","本人",4,901,901,"e","true",NA,NA,NA,NA,"phase_015_subj_12"
7618,112,14,"<p style=""color:white; font-size: 35px;"">君子</p>","positive","moral","君子",4,1033,1033,"e","true",NA,NA,NA,NA,"phase_015_subj_12"
7619,112,14,"<p style=""color:rgb(150, 250, 100); font-size: 35px;"">他的</p>","other","moral","他的",4,707,707,"i","true",NA,NA,NA,NA,"phase_015_subj_12"
7620,112,14,"<p style=""color:white; font-size: 35px;"">缺德</p>","negative","moral","缺德",4,645,645,"i","true",NA,NA,NA,NA,"phase_015_subj_12"
7621,112,14,"<p style=""color:rgb(150, 250, 100); font-size: 35px;"">自己的</p>","self","moral","自己的",4,730,730,"e","true",NA,NA,NA,NA,"phase_015_subj_12"
7622,112,14,"<p style=""color:white; font-size: 35px;"">正直</p>","positive","moral","正直",4,872,872,"e","true",NA,NA,NA,NA,"phase_015_subj_12"
7623,112,14,"<p style=""color:rgb(150, 250, 100); font-size: 35px;"">他人</p>","other","moral","他人",4,756,756,"i","true",NA,NA,NA,NA,"phase_015_subj_12"
7624,112,14,"<p style=""color:white; font-size: 35px;"">不仁</p>","negative","moral","不仁",4,860,860,"i","true",NA,NA,NA,NA,"phase_015_subj_12"
7625,112,15,"<p style=""color:rgb(150, 250, 100); font-size: 35px;"">本人的</p>","self","moral","本人的",5,944,944,"i","true",NA,NA,NA,NA,"phase_015_subj_12"
7626,112,15,"<p style=""color:rgb(150, 250, 100); font-size: 35px;"">他人</p>","other","moral","他人",5,661,661,"e","true",NA,NA,NA,NA,"phase_015_subj_12"
7627,112,15,"<p style=""color:rgb(150, 250, 100); font-size: 35px;"">他的</p>","other","moral","他的",5,780,780,"e","true",NA,NA,NA,NA,"phase_015_subj_12"
7628,112,15,"<p style=""color:rgb(150, 250, 100); font-size: 35px;"">我的</p>","self","moral","我的",5,639,639,"i","true",NA,NA,NA,NA,"phase_015_subj_12"
7629,112,15,"<p style=""color:rgb(150, 250, 100); font-size: 35px;"">自己的</p>","self","moral","自己的",5,726,726,"i","true",NA,NA,NA,NA,"phase_015_subj_12"
7630,112,15,"<p style=""color:rgb(150, 250, 100); font-size: 35px;"">他的</p>","other","moral","他的",5,634,634,"e","true",NA,NA,NA,NA,"phase_015_subj_12"
7631,112,15,"<p style=""color:rgb(150, 250, 100); font-size: 35px;"">我</p>","self","moral","我",5,698,698,"i","true",NA,NA,NA,NA,"phase_015_subj_12"
7632,112,15,"<p style=""color:rgb(150, 250, 100); font-size: 35px;"">他</p>","other","moral","他",5,741,741,"e","true",NA,NA,NA,NA,"phase_015_subj_12"
7633,112,15,"<p style=""color:rgb(150, 250, 100); font-size: 35px;"">本人</p>","self","moral","本人",5,867,867,"i","true",NA,NA,NA,NA,"phase_015_subj_12"
7634,112,15,"<p style=""color:rgb(150, 250, 100); font-size: 35px;"">他人的</p>","other","moral","他人的",5,794,794,"e","true",NA,NA,NA,NA,"phase_015_subj_12"
7635,112,15,"<p style=""color:rgb(150, 250, 100); font-size: 35px;"">我的</p>","self","moral","我的",5,650,650,"i","true",NA,NA,NA,NA,"phase_015_subj_12"
7636,112,15,"<p style=""color:rgb(150, 250, 100); font-size: 35px;"">别人</p>","other","moral","别人",5,806,806,"e","true",NA,NA,NA,NA,"phase_015_subj_12"
7637,112,15,"<p style=""color:rgb(150, 250, 100); font-size: 35px;"">别人的</p>","other","moral","别人的",5,820,820,"e","true",NA,NA,NA,NA,"phase_015_subj_12"
7638,112,15,"<p style=""color:rgb(150, 250, 100); font-size: 35px;"">自己</p>","self","moral","自己",5,474,474,"i","true",NA,NA,NA,NA,"phase_015_subj_12"
7639,112,15,"<p style=""color:rgb(150, 250, 100); font-size: 35px;"">他</p>","other","moral","他",5,741,741,"e","true",NA,NA,NA,NA,"phase_015_subj_12"
7640,112,15,"<p style=""color:rgb(150, 250, 100); font-size: 35px;"">自己</p>","self","moral","自己",5,589,589,"i","true",NA,NA,NA,NA,"phase_015_subj_12"
7641,112,15,"<p style=""color:rgb(150, 250, 100); font-size: 35px;"">别人的</p>","other","moral","别人的",5,763,763,"e","true",NA,NA,NA,NA,"phase_015_subj_12"
7642,112,15,"<p style=""color:rgb(150, 250, 100); font-size: 35px;"">我</p>","self","moral","我",5,735,735,"i","true",NA,NA,NA,NA,"phase_015_subj_12"
7643,112,15,"<p style=""color:rgb(150, 250, 100); font-size: 35px;"">本人</p>","self","moral","本人",5,1030,1030,"i","true",NA,NA,NA,NA,"phase_015_subj_12"
7644,112,15,"<p style=""color:rgb(150, 250, 100); font-size: 35px;"">本人的</p>","self","moral","本人的",5,1059,1059,"i","true",NA,NA,NA,NA,"phase_015_subj_12"
7645,112,15,"<p style=""color:rgb(150, 250, 100); font-size: 35px;"">他人的</p>","other","moral","他人的",5,559,559,"e","true",NA,NA,NA,NA,"phase_015_subj_12"
7646,112,15,"<p style=""color:rgb(150, 250, 100); font-size: 35px;"">自己的</p>","self","moral","自己的",5,687,687,"i","true",NA,NA,NA,NA,"phase_015_subj_12"
7647,112,15,"<p style=""color:rgb(150, 250, 100); font-size: 35px;"">他人</p>","other","moral","他人",5,629,629,"e","true",NA,NA,NA,NA,"phase_015_subj_12"
7648,112,15,"<p style=""color:rgb(150, 250, 100); font-size: 35px;"">别人</p>","other","moral","别人",5,884,884,"e","true",NA,NA,NA,NA,"phase_015_subj_12"
7649,112,16,"<p style=""color:white; font-size: 35px;"">小人</p>","negative","moral","小人",6,956,956,"i","true",NA,NA,NA,NA,"phase_015_subj_12"
7650,112,16,"<p style=""color:rgb(150, 250, 100); font-size: 35px;"">他人</p>","other","moral","他人",6,1185,1185,"e","true",NA,NA,NA,NA,"phase_015_subj_12"
7651,112,16,"<p style=""color:white; font-size: 35px;"">善良</p>","positive","moral","善良",6,883,883,"e","true",NA,NA,NA,NA,"phase_015_subj_12"
7652,112,16,"<p style=""color:rgb(150, 250, 100); font-size: 35px;"">自己</p>","self","moral","自己",6,857,857,"i","true",NA,NA,NA,NA,"phase_015_subj_12"
7653,112,16,"<p style=""color:white; font-size: 35px;"">高尚</p>","positive","moral","高尚",6,829,829,"e","true",NA,NA,NA,NA,"phase_015_subj_12"
7654,112,16,"<p style=""color:rgb(150, 250, 100); font-size: 35px;"">我的</p>","self","moral","我的",6,986,986,"i","true",NA,NA,NA,NA,"phase_015_subj_12"
7655,112,16,"<p style=""color:white; font-size: 35px;"">不仁</p>","negative","moral","不仁",6,1078,1078,"i","true",NA,NA,NA,NA,"phase_015_subj_12"
7656,112,16,"<p style=""color:rgb(150, 250, 100); font-size: 35px;"">别人的</p>","other","moral","别人的",6,772,772,"e","true",NA,NA,NA,NA,"phase_015_subj_12"
7657,112,16,"<p style=""color:white; font-size: 35px;"">正直</p>","positive","moral","正直",6,1103,1103,"e","true",NA,NA,NA,NA,"phase_015_subj_12"
7658,112,16,"<p style=""color:rgb(150, 250, 100); font-size: 35px;"">他</p>","other","moral","他",6,854,854,"e","true",NA,NA,NA,NA,"phase_015_subj_12"
7659,112,16,"<p style=""color:white; font-size: 35px;"">卑鄙</p>","negative","moral","卑鄙",6,730,730,"i","true",NA,NA,NA,NA,"phase_015_subj_12"
7660,112,16,"<p style=""color:rgb(150, 250, 100); font-size: 35px;"">我</p>","self","moral","我",6,702,702,"i","true",NA,NA,NA,NA,"phase_015_subj_12"
7661,112,16,"<p style=""color:white; font-size: 35px;"">廉正</p>","positive","moral","廉正",6,654,654,"e","true",NA,NA,NA,NA,"phase_015_subj_12"
7662,112,16,"<p style=""color:rgb(150, 250, 100); font-size: 35px;"">别人</p>","other","moral","别人",6,999,999,"e","true",NA,NA,NA,NA,"phase_015_subj_12"
7663,112,16,"<p style=""color:white; font-size: 35px;"">黑心</p>","negative","moral","黑心",6,691,691,"i","true",NA,NA,NA,NA,"phase_015_subj_12"
7664,112,16,"<p style=""color:rgb(150, 250, 100); font-size: 35px;"">本人</p>","self","moral","本人",6,841,841,"i","true",NA,NA,NA,NA,"phase_015_subj_12"
7665,112,16,"<p style=""color:white; font-size: 35px;"">君子</p>","positive","moral","君子",6,866,866,"e","true",NA,NA,NA,NA,"phase_015_subj_12"
7666,112,16,"<p style=""color:rgb(150, 250, 100); font-size: 35px;"">本人的</p>","self","moral","本人的",6,848,848,"i","true",NA,NA,NA,NA,"phase_015_subj_12"
7667,112,16,"<p style=""color:white; font-size: 35px;"">缺德</p>","negative","moral","缺德",6,888,888,"i","true",NA,NA,NA,NA,"phase_015_subj_12"
7668,112,16,"<p style=""color:rgb(150, 250, 100); font-size: 35px;"">他的</p>","other","moral","他的",6,867,867,"e","true",NA,NA,NA,NA,"phase_015_subj_12"
7669,112,16,"<p style=""color:white; font-size: 35px;"">不孝</p>","negative","moral","不孝",6,695,695,"i","true",NA,NA,NA,NA,"phase_015_subj_12"
7670,112,16,"<p style=""color:rgb(150, 250, 100); font-size: 35px;"">他人的</p>","other","moral","他人的",6,1171,1171,"e","true",NA,NA,NA,NA,"phase_015_subj_12"
7671,112,16,"<p style=""color:white; font-size: 35px;"">诚信</p>","positive","moral","诚信",6,1059,1059,"e","true",NA,NA,NA,NA,"phase_015_subj_12"
7672,112,16,"<p style=""color:rgb(150, 250, 100); font-size: 35px;"">自己的</p>","self","moral","自己的",6,1191,1191,"i","true",NA,NA,NA,NA,"phase_015_subj_12"
7673,112,17,"<p style=""color:white; font-size: 35px;"">正直</p>","positive","moral","正直",7,714,714,"e","true",NA,NA,NA,NA,"phase_015_subj_12"
7674,112,17,"<p style=""color:rgb(150, 250, 100); font-size: 35px;"">他的</p>","other","moral","他的",7,782,782,"e","true",NA,NA,NA,NA,"phase_015_subj_12"
7675,112,17,"<p style=""color:white; font-size: 35px;"">不孝</p>","negative","moral","不孝",7,620,620,"i","true",NA,NA,NA,NA,"phase_015_subj_12"
7676,112,17,"<p style=""color:rgb(150, 250, 100); font-size: 35px;"">我</p>","self","moral","我",7,674,674,"i","true",NA,NA,NA,NA,"phase_015_subj_12"
7677,112,17,"<p style=""color:white; font-size: 35px;"">不孝</p>","negative","moral","不孝",7,812,812,"i","true",NA,NA,NA,NA,"phase_015_subj_12"
7678,112,17,"<p style=""color:rgb(150, 250, 100); font-size: 35px;"">他人的</p>","other","moral","他人的",7,588,588,"e","true",NA,NA,NA,NA,"phase_015_subj_12"
7679,112,17,"<p style=""color:white; font-size: 35px;"">善良</p>","positive","moral","善良",7,782,782,"e","true",NA,NA,NA,NA,"phase_015_subj_12"
7680,112,17,"<p style=""color:rgb(150, 250, 100); font-size: 35px;"">自己</p>","self","moral","自己",7,702,702,"i","true",NA,NA,NA,NA,"phase_015_subj_12"
7681,112,17,"<p style=""color:white; font-size: 35px;"">卑鄙</p>","negative","moral","卑鄙",7,704,704,"i","true",NA,NA,NA,NA,"phase_015_subj_12"
7682,112,17,"<p style=""color:rgb(150, 250, 100); font-size: 35px;"">他的</p>","other","moral","他的",7,764,764,"e","true",NA,NA,NA,NA,"phase_015_subj_12"
7683,112,17,"<p style=""color:white; font-size: 35px;"">正直</p>","positive","moral","正直",7,734,734,"e","true",NA,NA,NA,NA,"phase_015_subj_12"
7684,112,17,"<p style=""color:rgb(150, 250, 100); font-size: 35px;"">本人</p>","self","moral","本人",7,698,698,"i","true",NA,NA,NA,NA,"phase_015_subj_12"
7685,112,17,"<p style=""color:white; font-size: 35px;"">缺德</p>","negative","moral","缺德",7,717,717,"i","true",NA,NA,NA,NA,"phase_015_subj_12"
7686,112,17,"<p style=""color:rgb(150, 250, 100); font-size: 35px;"">本人</p>","self","moral","本人",7,874,874,"i","true",NA,NA,NA,NA,"phase_015_subj_12"
7687,112,17,"<p style=""color:white; font-size: 35px;"">高尚</p>","positive","moral","高尚",7,630,630,"e","true",NA,NA,NA,NA,"phase_015_subj_12"
7688,112,17,"<p style=""color:rgb(150, 250, 100); font-size: 35px;"">别人</p>","other","moral","别人",7,841,841,"e","true",NA,NA,NA,NA,"phase_015_subj_12"
7689,112,17,"<p style=""color:white; font-size: 35px;"">高尚</p>","positive","moral","高尚",7,1011,1011,"e","true",NA,NA,NA,NA,"phase_015_subj_12"
7690,112,17,"<p style=""color:rgb(150, 250, 100); font-size: 35px;"">我</p>","self","moral","我",7,524,524,"i","true",NA,NA,NA,NA,"phase_015_subj_12"
7691,112,17,"<p style=""color:white; font-size: 35px;"">缺德</p>","negative","moral","缺德",7,784,784,"i","true",NA,NA,NA,NA,"phase_015_subj_12"
7692,112,17,"<p style=""color:rgb(150, 250, 100); font-size: 35px;"">他人</p>","other","moral","他人",7,756,756,"e","true",NA,NA,NA,NA,"phase_015_subj_12"
7693,112,17,"<p style=""color:white; font-size: 35px;"">诚信</p>","positive","moral","诚信",7,883,883,"e","true",NA,NA,NA,NA,"phase_015_subj_12"
7694,112,17,"<p style=""color:rgb(150, 250, 100); font-size: 35px;"">自己的</p>","self","moral","自己的",7,683,683,"i","true",NA,NA,NA,NA,"phase_015_subj_12"
7695,112,17,"<p style=""color:white; font-size: 35px;"">黑心</p>","negative","moral","黑心",7,793,793,"i","true",NA,NA,NA,NA,"phase_015_subj_12"
7696,112,17,"<p style=""color:rgb(150, 250, 100); font-size: 35px;"">他人的</p>","other","moral","他人的",7,1166,1166,"e","true",NA,NA,NA,NA,"phase_015_subj_12"
7697,112,17,"<p style=""color:white; font-size: 35px;"">小人</p>","negative","moral","小人",7,815,815,"i","true",NA,NA,NA,NA,"phase_015_subj_12"
7698,112,17,"<p style=""color:rgb(150, 250, 100); font-size: 35px;"">他</p>","other","moral","他",7,820,820,"e","true",NA,NA,NA,NA,"phase_015_subj_12"
7699,112,17,"<p style=""color:white; font-size: 35px;"">廉正</p>","positive","moral","廉正",7,830,830,"e","true",NA,NA,NA,NA,"phase_015_subj_12"
7700,112,17,"<p style=""color:rgb(150, 250, 100); font-size: 35px;"">自己的</p>","self","moral","自己的",7,644,644,"i","true",NA,NA,NA,NA,"phase_015_subj_12"
7701,112,17,"<p style=""color:white; font-size: 35px;"">黑心</p>","negative","moral","黑心",7,675,675,"i","true",NA,NA,NA,NA,"phase_015_subj_12"
7702,112,17,"<p style=""color:rgb(150, 250, 100); font-size: 35px;"">本人的</p>","self","moral","本人的",7,964,964,"i","true",NA,NA,NA,NA,"phase_015_subj_12"
7703,112,17,"<p style=""color:white; font-size: 35px;"">诚信</p>","positive","moral","诚信",7,715,715,"e","true",NA,NA,NA,NA,"phase_015_subj_12"
7704,112,17,"<p style=""color:rgb(150, 250, 100); font-size: 35px;"">别人</p>","other","moral","别人",7,1167,1167,"e","true",NA,NA,NA,NA,"phase_015_subj_12"
7705,112,17,"<p style=""color:white; font-size: 35px;"">君子</p>","positive","moral","君子",7,669,669,"e","true",NA,NA,NA,NA,"phase_015_subj_12"
7706,112,17,"<p style=""color:rgb(150, 250, 100); font-size: 35px;"">本人的</p>","self","moral","本人的",7,804,804,"i","true",NA,NA,NA,NA,"phase_015_subj_12"
7707,112,17,"<p style=""color:white; font-size: 35px;"">不仁</p>","negative","moral","不仁",7,891,891,"i","true",NA,NA,NA,NA,"phase_015_subj_12"
7708,112,17,"<p style=""color:rgb(150, 250, 100); font-size: 35px;"">别人的</p>","other","moral","别人的",7,975,975,"e","true",NA,NA,NA,NA,"phase_015_subj_12"
7709,112,17,"<p style=""color:white; font-size: 35px;"">廉正</p>","positive","moral","廉正",7,788,788,"e","true",NA,NA,NA,NA,"phase_015_subj_12"
7710,112,17,"<p style=""color:rgb(150, 250, 100); font-size: 35px;"">他人</p>","other","moral","他人",7,874,874,"e","true",NA,NA,NA,NA,"phase_015_subj_12"
7711,112,17,"<p style=""color:white; font-size: 35px;"">不仁</p>","negative","moral","不仁",7,727,727,"i","true",NA,NA,NA,NA,"phase_015_subj_12"
7712,112,17,"<p style=""color:rgb(150, 250, 100); font-size: 35px;"">我的</p>","self","moral","我的",7,1005,1005,"i","true",NA,NA,NA,NA,"phase_015_subj_12"
7713,112,17,"<p style=""color:white; font-size: 35px;"">君子</p>","positive","moral","君子",7,957,957,"e","true",NA,NA,NA,NA,"phase_015_subj_12"
7714,112,17,"<p style=""color:rgb(150, 250, 100); font-size: 35px;"">他</p>","other","moral","他",7,925,925,"e","true",NA,NA,NA,NA,"phase_015_subj_12"
7715,112,17,"<p style=""color:white; font-size: 35px;"">卑鄙</p>","negative","moral","卑鄙",7,677,677,"i","true",NA,NA,NA,NA,"phase_015_subj_12"
7716,112,17,"<p style=""color:rgb(150, 250, 100); font-size: 35px;"">自己</p>","self","moral","自己",7,926,926,"i","true",NA,NA,NA,NA,"phase_015_subj_12"
7717,112,17,"<p style=""color:white; font-size: 35px;"">善良</p>","positive","moral","善良",7,1025,1025,"e","true",NA,NA,NA,NA,"phase_015_subj_12"
7718,112,17,"<p style=""color:rgb(150, 250, 100); font-size: 35px;"">别人的</p>","other","moral","别人的",7,1032,1032,"e","true",NA,NA,NA,NA,"phase_015_subj_12"
7719,112,17,"<p style=""color:white; font-size: 35px;"">小人</p>","negative","moral","小人",7,869,869,"i","true",NA,NA,NA,NA,"phase_015_subj_12"
7720,112,17,"<p style=""color:rgb(150, 250, 100); font-size: 35px;"">我的</p>","self","moral","我的",7,1130,1130,"i","true",NA,NA,NA,NA,"phase_015_subj_12"
7721,103,NA,"
    <h3>词语分类任务</h3>
    <p>在接下来的任务中，你需要对一系列词语进行分类。</p>
    <p>请先熟悉这些词语，这有利于你完成接下来的任务。</p>
    <table align=""center"" border=1 cellpadding=3 cellspacing=0>
    <tr> <th>类别</th> <th>词语</th> </tr>
    <tr> <td>&emsp;积极&emsp;</td> <td>&emsp;能干、全能、全才、高效、精干、天才&emsp;</td> </tr>
    <tr> <td>&emsp;消极&emsp;</td> <td>&emsp;无能、低能、废物、拙笨、愚钝、蠢笨&emsp;</td> </tr>
    <tr> <td>&emsp;自我&emsp;</td> <td>&emsp;我、我的、自己、自己的、本人、本人的&emsp;</td> </tr>
    <tr> <td>&emsp;他人&emsp;</td> <td>&emsp;他、他的、别人、别人的、他人、他人的&emsp;</td> </tr>
    </table><br/>","","","",NA,38741,NA,"0","",1,1,NA,NA,"phase_015_subj_10"
7722,103,1,"<p style=""color:rgb(150, 250, 100); font-size: 35px;"">他</p>","other","ability","他",1,1830,1830,"i","true",NA,NA,NA,NA,"phase_015_subj_10"
7723,103,1,"<p style=""color:rgb(150, 250, 100); font-size: 35px;"">他人的</p>","other","ability","他人的",1,843,843,"i","true",NA,NA,NA,NA,"phase_015_subj_10"
7724,103,1,"<p style=""color:rgb(150, 250, 100); font-size: 35px;"">我</p>","self","ability","我",1,578,578,"e","true",NA,NA,NA,NA,"phase_015_subj_10"
7725,103,1,"<p style=""color:rgb(150, 250, 100); font-size: 35px;"">别人</p>","other","ability","别人",1,596,596,"i","true",NA,NA,NA,NA,"phase_015_subj_10"
7726,103,1,"<p style=""color:rgb(150, 250, 100); font-size: 35px;"">他的</p>","other","ability","他的",1,644,644,"i","true",NA,NA,NA,NA,"phase_015_subj_10"
7727,103,1,"<p style=""color:rgb(150, 250, 100); font-size: 35px;"">我的</p>","self","ability","我的",1,462,462,"e","true",NA,NA,NA,NA,"phase_015_subj_10"
7728,103,1,"<p style=""color:rgb(150, 250, 100); font-size: 35px;"">别人的</p>","other","ability","别人的",1,487,487,"i","true",NA,NA,NA,NA,"phase_015_subj_10"
7729,103,1,"<p style=""color:rgb(150, 250, 100); font-size: 35px;"">自己</p>","self","ability","自己",1,499,499,"e","true",NA,NA,NA,NA,"phase_015_subj_10"
7730,103,1,"<p style=""color:rgb(150, 250, 100); font-size: 35px;"">本人</p>","self","ability","本人",1,500,500,"e","true",NA,NA,NA,NA,"phase_015_subj_10"
7731,103,1,"<p style=""color:rgb(150, 250, 100); font-size: 35px;"">他人</p>","other","ability","他人",1,486,486,"i","true",NA,NA,NA,NA,"phase_015_subj_10"
7732,103,1,"<p style=""color:rgb(150, 250, 100); font-size: 35px;"">自己的</p>","self","ability","自己的",1,1778,1778,"e","true",NA,NA,NA,NA,"phase_015_subj_10"
7733,103,1,"<p style=""color:rgb(150, 250, 100); font-size: 35px;"">本人的</p>","self","ability","本人的",1,664,664,"e","true",NA,NA,NA,NA,"phase_015_subj_10"
7734,103,2,"<p style=""color:white; font-size: 35px;"">能干</p>","positive","ability","能干",2,893,893,"e","true",NA,NA,NA,NA,"phase_015_subj_10"
7735,103,2,"<p style=""color:white; font-size: 35px;"">精干</p>","positive","ability","精干",2,593,593,"e","true",NA,NA,NA,NA,"phase_015_subj_10"
7736,103,2,"<p style=""color:white; font-size: 35px;"">蠢笨</p>","negative","ability","蠢笨",2,524,524,"i","true",NA,NA,NA,NA,"phase_015_subj_10"
7737,103,2,"<p style=""color:white; font-size: 35px;"">愚钝</p>","negative","ability","愚钝",2,1894,1894,"i","true",NA,NA,NA,NA,"phase_015_subj_10"
7738,103,2,"<p style=""color:white; font-size: 35px;"">全能</p>","positive","ability","全能",2,754,754,"e","true",NA,NA,NA,NA,"phase_015_subj_10"
7739,103,2,"<p style=""color:white; font-size: 35px;"">拙笨</p>","negative","ability","拙笨",2,515,515,"i","true",NA,NA,NA,NA,"phase_015_subj_10"
7740,103,2,"<p style=""color:white; font-size: 35px;"">全才</p>","positive","ability","全才",2,591,591,"e","true",NA,NA,NA,NA,"phase_015_subj_10"
7741,103,2,"<p style=""color:white; font-size: 35px;"">天才</p>","positive","ability","天才",2,567,567,"e","true",NA,NA,NA,NA,"phase_015_subj_10"
7742,103,2,"<p style=""color:white; font-size: 35px;"">高效</p>","positive","ability","高效",2,512,512,"e","true",NA,NA,NA,NA,"phase_015_subj_10"
7743,103,2,"<p style=""color:white; font-size: 35px;"">无能</p>","negative","ability","无能",2,500,500,"i","true",NA,NA,NA,NA,"phase_015_subj_10"
7744,103,2,"<p style=""color:white; font-size: 35px;"">低能</p>","negative","ability","低能",2,670,670,"i","true",NA,NA,NA,NA,"phase_015_subj_10"
7745,103,2,"<p style=""color:white; font-size: 35px;"">废物</p>","negative","ability","废物",2,470,470,"i","true",NA,NA,NA,NA,"phase_015_subj_10"
7746,103,3,"<p style=""color:rgb(150, 250, 100); font-size: 35px;"">本人的</p>","self","ability","本人的",3,623,623,"e","true",NA,NA,NA,NA,"phase_015_subj_10"
7747,103,3,"<p style=""color:white; font-size: 35px;"">蠢笨</p>","negative","ability","蠢笨",3,603,603,"i","true",NA,NA,NA,NA,"phase_015_subj_10"
7748,103,3,"<p style=""color:rgb(150, 250, 100); font-size: 35px;"">他人的</p>","other","ability","他人的",3,731,731,"i","true",NA,NA,NA,NA,"phase_015_subj_10"
7749,103,3,"<p style=""color:white; font-size: 35px;"">全才</p>","positive","ability","全才",3,807,807,"e","true",NA,NA,NA,NA,"phase_015_subj_10"
7750,103,3,"<p style=""color:rgb(150, 250, 100); font-size: 35px;"">别人的</p>","other","ability","别人的",3,582,582,"i","true",NA,NA,NA,NA,"phase_015_subj_10"
7751,103,3,"<p style=""color:white; font-size: 35px;"">精干</p>","positive","ability","精干",3,568,568,"e","true",NA,NA,NA,NA,"phase_015_subj_10"
7752,103,3,"<p style=""color:rgb(150, 250, 100); font-size: 35px;"">自己</p>","self","ability","自己",3,558,558,"e","true",NA,NA,NA,NA,"phase_015_subj_10"
7753,103,3,"<p style=""color:white; font-size: 35px;"">愚钝</p>","negative","ability","愚钝",3,508,508,"i","true",NA,NA,NA,NA,"phase_015_subj_10"
7754,103,3,"<p style=""color:rgb(150, 250, 100); font-size: 35px;"">他</p>","other","ability","他",3,413,413,"i","true",NA,NA,NA,NA,"phase_015_subj_10"
7755,103,3,"<p style=""color:white; font-size: 35px;"">高效</p>","positive","ability","高效",3,494,494,"e","true",NA,NA,NA,NA,"phase_015_subj_10"
7756,103,3,"<p style=""color:rgb(150, 250, 100); font-size: 35px;"">我的</p>","self","ability","我的",3,439,439,"e","true",NA,NA,NA,NA,"phase_015_subj_10"
7757,103,3,"<p style=""color:white; font-size: 35px;"">拙笨</p>","negative","ability","拙笨",3,427,427,"i","true",NA,NA,NA,NA,"phase_015_subj_10"
7758,103,3,"<p style=""color:rgb(150, 250, 100); font-size: 35px;"">他的</p>","other","ability","他的",3,386,386,"i","true",NA,NA,NA,NA,"phase_015_subj_10"
7759,103,3,"<p style=""color:white; font-size: 35px;"">废物</p>","negative","ability","废物",3,565,565,"i","true",NA,NA,NA,NA,"phase_015_subj_10"
7760,103,3,"<p style=""color:rgb(150, 250, 100); font-size: 35px;"">我</p>","self","ability","我",3,443,443,"e","true",NA,NA,NA,NA,"phase_015_subj_10"
7761,103,3,"<p style=""color:white; font-size: 35px;"">全能</p>","positive","ability","全能",3,583,583,"e","true",NA,NA,NA,NA,"phase_015_subj_10"
7762,103,3,"<p style=""color:rgb(150, 250, 100); font-size: 35px;"">本人</p>","self","ability","本人",3,518,518,"e","true",NA,NA,NA,NA,"phase_015_subj_10"
7763,103,3,"<p style=""color:white; font-size: 35px;"">能干</p>","positive","ability","能干",3,509,509,"e","true",NA,NA,NA,NA,"phase_015_subj_10"
7764,103,3,"<p style=""color:rgb(150, 250, 100); font-size: 35px;"">他人</p>","other","ability","他人",3,482,482,"i","true",NA,NA,NA,NA,"phase_015_subj_10"
7765,103,3,"<p style=""color:white; font-size: 35px;"">无能</p>","negative","ability","无能",3,464,464,"i","true",NA,NA,NA,NA,"phase_015_subj_10"
7766,103,3,"<p style=""color:rgb(150, 250, 100); font-size: 35px;"">自己的</p>","self","ability","自己的",3,591,591,"e","true",NA,NA,NA,NA,"phase_015_subj_10"
7767,103,3,"<p style=""color:white; font-size: 35px;"">低能</p>","negative","ability","低能",3,605,605,"i","true",NA,NA,NA,NA,"phase_015_subj_10"
7768,103,3,"<p style=""color:rgb(150, 250, 100); font-size: 35px;"">别人</p>","other","ability","别人",3,579,1154,"e","false",NA,NA,NA,NA,"phase_015_subj_10"
7769,103,3,"<p style=""color:white; font-size: 35px;"">天才</p>","positive","ability","天才",3,843,843,"e","true",NA,NA,NA,NA,"phase_015_subj_10"
7770,103,4,"<p style=""color:rgb(150, 250, 100); font-size: 35px;"">本人</p>","self","ability","本人",4,891,891,"e","true",NA,NA,NA,NA,"phase_015_subj_10"
7771,103,4,"<p style=""color:white; font-size: 35px;"">无能</p>","negative","ability","无能",4,548,548,"i","true",NA,NA,NA,NA,"phase_015_subj_10"
7772,103,4,"<p style=""color:rgb(150, 250, 100); font-size: 35px;"">他</p>","other","ability","他",4,643,643,"i","true",NA,NA,NA,NA,"phase_015_subj_10"
7773,103,4,"<p style=""color:white; font-size: 35px;"">天才</p>","positive","ability","天才",4,607,607,"e","true",NA,NA,NA,NA,"phase_015_subj_10"
7774,103,4,"<p style=""color:rgb(150, 250, 100); font-size: 35px;"">我</p>","self","ability","我",4,498,498,"e","true",NA,NA,NA,NA,"phase_015_subj_10"
7775,103,4,"<p style=""color:white; font-size: 35px;"">废物</p>","negative","ability","废物",4,1032,1032,"i","true",NA,NA,NA,NA,"phase_015_subj_10"
7776,103,4,"<p style=""color:rgb(150, 250, 100); font-size: 35px;"">他人</p>","other","ability","他人",4,546,546,"i","true",NA,NA,NA,NA,"phase_015_subj_10"
7777,103,4,"<p style=""color:white; font-size: 35px;"">精干</p>","positive","ability","精干",4,507,507,"e","true",NA,NA,NA,NA,"phase_015_subj_10"
7778,103,4,"<p style=""color:rgb(150, 250, 100); font-size: 35px;"">别人的</p>","other","ability","别人的",4,510,510,"i","true",NA,NA,NA,NA,"phase_015_subj_10"
7779,103,4,"<p style=""color:white; font-size: 35px;"">愚钝</p>","negative","ability","愚钝",4,528,528,"i","true",NA,NA,NA,NA,"phase_015_subj_10"
7780,103,4,"<p style=""color:rgb(150, 250, 100); font-size: 35px;"">本人的</p>","self","ability","本人的",4,604,604,"e","true",NA,NA,NA,NA,"phase_015_subj_10"
7781,103,4,"<p style=""color:white; font-size: 35px;"">全能</p>","positive","ability","全能",4,536,536,"e","true",NA,NA,NA,NA,"phase_015_subj_10"
7782,103,4,"<p style=""color:rgb(150, 250, 100); font-size: 35px;"">别人</p>","other","ability","别人",4,527,527,"i","true",NA,NA,NA,NA,"phase_015_subj_10"
7783,103,4,"<p style=""color:white; font-size: 35px;"">全能</p>","positive","ability","全能",4,588,588,"e","true",NA,NA,NA,NA,"phase_015_subj_10"
7784,103,4,"<p style=""color:rgb(150, 250, 100); font-size: 35px;"">自己的</p>","self","ability","自己的",4,510,510,"e","true",NA,NA,NA,NA,"phase_015_subj_10"
7785,103,4,"<p style=""color:white; font-size: 35px;"">拙笨</p>","negative","ability","拙笨",4,542,542,"i","true",NA,NA,NA,NA,"phase_015_subj_10"
7786,103,4,"<p style=""color:rgb(150, 250, 100); font-size: 35px;"">他人的</p>","other","ability","他人的",4,514,514,"i","true",NA,NA,NA,NA,"phase_015_subj_10"
7787,103,4,"<p style=""color:white; font-size: 35px;"">能干</p>","positive","ability","能干",4,572,572,"e","true",NA,NA,NA,NA,"phase_015_subj_10"
7788,103,4,"<p style=""color:rgb(150, 250, 100); font-size: 35px;"">本人</p>","self","ability","本人",4,492,492,"e","true",NA,NA,NA,NA,"phase_015_subj_10"
7789,103,4,"<p style=""color:white; font-size: 35px;"">无能</p>","negative","ability","无能",4,530,530,"i","true",NA,NA,NA,NA,"phase_015_subj_10"
7790,103,4,"<p style=""color:rgb(150, 250, 100); font-size: 35px;"">我的</p>","self","ability","我的",4,568,568,"e","true",NA,NA,NA,NA,"phase_015_subj_10"
7791,103,4,"<p style=""color:white; font-size: 35px;"">全才</p>","positive","ability","全才",4,578,578,"e","true",NA,NA,NA,NA,"phase_015_subj_10"
7792,103,4,"<p style=""color:rgb(150, 250, 100); font-size: 35px;"">他的</p>","other","ability","他的",4,521,521,"i","true",NA,NA,NA,NA,"phase_015_subj_10"
7793,103,4,"<p style=""color:white; font-size: 35px;"">蠢笨</p>","negative","ability","蠢笨",4,502,502,"i","true",NA,NA,NA,NA,"phase_015_subj_10"
7794,103,4,"<p style=""color:rgb(150, 250, 100); font-size: 35px;"">自己</p>","self","ability","自己",4,660,660,"e","true",NA,NA,NA,NA,"phase_015_subj_10"
7795,103,4,"<p style=""color:white; font-size: 35px;"">低能</p>","negative","ability","低能",4,608,608,"i","true",NA,NA,NA,NA,"phase_015_subj_10"
7796,103,4,"<p style=""color:rgb(150, 250, 100); font-size: 35px;"">别人</p>","other","ability","别人",4,779,779,"i","true",NA,NA,NA,NA,"phase_015_subj_10"
7797,103,4,"<p style=""color:white; font-size: 35px;"">全才</p>","positive","ability","全才",4,607,607,"e","true",NA,NA,NA,NA,"phase_015_subj_10"
7798,103,4,"<p style=""color:rgb(150, 250, 100); font-size: 35px;"">本人的</p>","self","ability","本人的",4,481,481,"e","true",NA,NA,NA,NA,"phase_015_subj_10"
7799,103,4,"<p style=""color:white; font-size: 35px;"">废物</p>","negative","ability","废物",4,478,478,"i","true",NA,NA,NA,NA,"phase_015_subj_10"
7800,103,4,"<p style=""color:rgb(150, 250, 100); font-size: 35px;"">他人</p>","other","ability","他人",4,403,403,"i","true",NA,NA,NA,NA,"phase_015_subj_10"
7801,103,4,"<p style=""color:white; font-size: 35px;"">高效</p>","positive","ability","高效",4,589,589,"e","true",NA,NA,NA,NA,"phase_015_subj_10"
7802,103,4,"<p style=""color:rgb(150, 250, 100); font-size: 35px;"">他人的</p>","other","ability","他人的",4,640,640,"i","true",NA,NA,NA,NA,"phase_015_subj_10"
7803,103,4,"<p style=""color:white; font-size: 35px;"">拙笨</p>","negative","ability","拙笨",4,547,547,"i","true",NA,NA,NA,NA,"phase_015_subj_10"
7804,103,4,"<p style=""color:rgb(150, 250, 100); font-size: 35px;"">自己的</p>","self","ability","自己的",4,476,476,"e","true",NA,NA,NA,NA,"phase_015_subj_10"
7805,103,4,"<p style=""color:white; font-size: 35px;"">天才</p>","positive","ability","天才",4,537,537,"e","true",NA,NA,NA,NA,"phase_015_subj_10"
7806,103,4,"<p style=""color:rgb(150, 250, 100); font-size: 35px;"">我</p>","self","ability","我",4,486,486,"e","true",NA,NA,NA,NA,"phase_015_subj_10"
7807,103,4,"<p style=""color:white; font-size: 35px;"">精干</p>","positive","ability","精干",4,489,489,"e","true",NA,NA,NA,NA,"phase_015_subj_10"
7808,103,4,"<p style=""color:rgb(150, 250, 100); font-size: 35px;"">他的</p>","other","ability","他的",4,521,521,"i","true",NA,NA,NA,NA,"phase_015_subj_10"
7809,103,4,"<p style=""color:white; font-size: 35px;"">低能</p>","negative","ability","低能",4,492,492,"i","true",NA,NA,NA,NA,"phase_015_subj_10"
7810,103,4,"<p style=""color:rgb(150, 250, 100); font-size: 35px;"">别人的</p>","other","ability","别人的",4,643,643,"i","true",NA,NA,NA,NA,"phase_015_subj_10"
7811,103,4,"<p style=""color:white; font-size: 35px;"">蠢笨</p>","negative","ability","蠢笨",4,485,485,"i","true",NA,NA,NA,NA,"phase_015_subj_10"
7812,103,4,"<p style=""color:rgb(150, 250, 100); font-size: 35px;"">自己</p>","self","ability","自己",4,479,479,"e","true",NA,NA,NA,NA,"phase_015_subj_10"
7813,103,4,"<p style=""color:white; font-size: 35px;"">高效</p>","positive","ability","高效",4,472,472,"e","true",NA,NA,NA,NA,"phase_015_subj_10"
7814,103,4,"<p style=""color:rgb(150, 250, 100); font-size: 35px;"">我的</p>","self","ability","我的",4,502,502,"e","true",NA,NA,NA,NA,"phase_015_subj_10"
7815,103,4,"<p style=""color:white; font-size: 35px;"">愚钝</p>","negative","ability","愚钝",4,433,433,"i","true",NA,NA,NA,NA,"phase_015_subj_10"
7816,103,4,"<p style=""color:rgb(150, 250, 100); font-size: 35px;"">他</p>","other","ability","他",4,424,424,"i","true",NA,NA,NA,NA,"phase_015_subj_10"
7817,103,4,"<p style=""color:white; font-size: 35px;"">能干</p>","positive","ability","能干",4,619,619,"e","true",NA,NA,NA,NA,"phase_015_subj_10"
7818,103,5,"<p style=""color:rgb(150, 250, 100); font-size: 35px;"">别人的</p>","other","ability","别人的",5,719,719,"e","true",NA,NA,NA,NA,"phase_015_subj_10"
7819,103,5,"<p style=""color:rgb(150, 250, 100); font-size: 35px;"">本人的</p>","self","ability","本人的",5,399,399,"e","false",NA,NA,NA,NA,"phase_015_subj_10"
7820,103,5,"<p style=""color:rgb(150, 250, 100); font-size: 35px;"">他的</p>","other","ability","他的",5,1033,1033,"e","true",NA,NA,NA,NA,"phase_015_subj_10"
7821,103,5,"<p style=""color:rgb(150, 250, 100); font-size: 35px;"">他人</p>","other","ability","他人",5,408,408,"e","true",NA,NA,NA,NA,"phase_015_subj_10"
7822,103,5,"<p style=""color:rgb(150, 250, 100); font-size: 35px;"">我</p>","self","ability","我",5,440,440,"i","true",NA,NA,NA,NA,"phase_015_subj_10"
7823,103,5,"<p style=""color:rgb(150, 250, 100); font-size: 35px;"">自己的</p>","self","ability","自己的",5,511,511,"i","true",NA,NA,NA,NA,"phase_015_subj_10"
7824,103,5,"<p style=""color:rgb(150, 250, 100); font-size: 35px;"">本人的</p>","self","ability","本人的",5,443,443,"i","true",NA,NA,NA,NA,"phase_015_subj_10"
7825,103,5,"<p style=""color:rgb(150, 250, 100); font-size: 35px;"">别人</p>","other","ability","别人",5,674,674,"e","true",NA,NA,NA,NA,"phase_015_subj_10"
7826,103,5,"<p style=""color:rgb(150, 250, 100); font-size: 35px;"">他人</p>","other","ability","他人",5,482,482,"e","true",NA,NA,NA,NA,"phase_015_subj_10"
7827,103,5,"<p style=""color:rgb(150, 250, 100); font-size: 35px;"">本人</p>","self","ability","本人",5,574,574,"i","true",NA,NA,NA,NA,"phase_015_subj_10"
7828,103,5,"<p style=""color:rgb(150, 250, 100); font-size: 35px;"">我</p>","self","ability","我",5,489,489,"i","true",NA,NA,NA,NA,"phase_015_subj_10"
7829,103,5,"<p style=""color:rgb(150, 250, 100); font-size: 35px;"">他</p>","other","ability","他",5,612,612,"e","true",NA,NA,NA,NA,"phase_015_subj_10"
7830,103,5,"<p style=""color:rgb(150, 250, 100); font-size: 35px;"">本人</p>","self","ability","本人",5,519,519,"i","true",NA,NA,NA,NA,"phase_015_subj_10"
7831,103,5,"<p style=""color:rgb(150, 250, 100); font-size: 35px;"">他人的</p>","other","ability","他人的",5,850,850,"e","true",NA,NA,NA,NA,"phase_015_subj_10"
7832,103,5,"<p style=""color:rgb(150, 250, 100); font-size: 35px;"">自己</p>","self","ability","自己",5,541,541,"i","true",NA,NA,NA,NA,"phase_015_subj_10"
7833,103,5,"<p style=""color:rgb(150, 250, 100); font-size: 35px;"">自己的</p>","self","ability","自己的",5,460,460,"i","true",NA,NA,NA,NA,"phase_015_subj_10"
7834,103,5,"<p style=""color:rgb(150, 250, 100); font-size: 35px;"">我的</p>","self","ability","我的",5,513,513,"i","true",NA,NA,NA,NA,"phase_015_subj_10"
7835,103,5,"<p style=""color:rgb(150, 250, 100); font-size: 35px;"">别人的</p>","other","ability","别人的",5,571,571,"e","true",NA,NA,NA,NA,"phase_015_subj_10"
7836,103,5,"<p style=""color:rgb(150, 250, 100); font-size: 35px;"">他</p>","other","ability","他",5,488,488,"e","true",NA,NA,NA,NA,"phase_015_subj_10"
7837,103,5,"<p style=""color:rgb(150, 250, 100); font-size: 35px;"">我的</p>","self","ability","我的",5,610,610,"i","true",NA,NA,NA,NA,"phase_015_subj_10"
7838,103,5,"<p style=""color:rgb(150, 250, 100); font-size: 35px;"">别人</p>","other","ability","别人",5,534,534,"e","true",NA,NA,NA,NA,"phase_015_subj_10"
7839,103,5,"<p style=""color:rgb(150, 250, 100); font-size: 35px;"">他人的</p>","other","ability","他人的",5,829,829,"e","true",NA,NA,NA,NA,"phase_015_subj_10"
7840,103,5,"<p style=""color:rgb(150, 250, 100); font-size: 35px;"">他的</p>","other","ability","他的",5,453,453,"e","true",NA,NA,NA,NA,"phase_015_subj_10"
7841,103,5,"<p style=""color:rgb(150, 250, 100); font-size: 35px;"">自己</p>","self","ability","自己",5,500,500,"i","true",NA,NA,NA,NA,"phase_015_subj_10"
7842,103,6,"<p style=""color:white; font-size: 35px;"">拙笨</p>","negative","ability","拙笨",6,742,742,"i","true",NA,NA,NA,NA,"phase_015_subj_10"
7843,103,6,"<p style=""color:rgb(150, 250, 100); font-size: 35px;"">别人的</p>","other","ability","别人的",6,593,1239.09090909091,"i","false",NA,NA,NA,NA,"phase_015_subj_10"
7844,103,6,"<p style=""color:white; font-size: 35px;"">全才</p>","positive","ability","全才",6,714,714,"e","true",NA,NA,NA,NA,"phase_015_subj_10"
7845,103,6,"<p style=""color:rgb(150, 250, 100); font-size: 35px;"">自己的</p>","self","ability","自己的",6,649,649,"i","true",NA,NA,NA,NA,"phase_015_subj_10"
7846,103,6,"<p style=""color:white; font-size: 35px;"">无能</p>","negative","ability","无能",6,580,580,"i","true",NA,NA,NA,NA,"phase_015_subj_10"
7847,103,6,"<p style=""color:rgb(150, 250, 100); font-size: 35px;"">别人</p>","other","ability","别人",6,618,618,"e","true",NA,NA,NA,NA,"phase_015_subj_10"
7848,103,6,"<p style=""color:white; font-size: 35px;"">天才</p>","positive","ability","天才",6,571,571,"e","true",NA,NA,NA,NA,"phase_015_subj_10"
7849,103,6,"<p style=""color:rgb(150, 250, 100); font-size: 35px;"">本人</p>","self","ability","本人",6,628,628,"i","true",NA,NA,NA,NA,"phase_015_subj_10"
7850,103,6,"<p style=""color:white; font-size: 35px;"">能干</p>","positive","ability","能干",6,617,617,"e","true",NA,NA,NA,NA,"phase_015_subj_10"
7851,103,6,"<p style=""color:rgb(150, 250, 100); font-size: 35px;"">他人的</p>","other","ability","他人的",6,605,605,"e","true",NA,NA,NA,NA,"phase_015_subj_10"
7852,103,6,"<p style=""color:white; font-size: 35px;"">蠢笨</p>","negative","ability","蠢笨",6,512,512,"i","true",NA,NA,NA,NA,"phase_015_subj_10"
7853,103,6,"<p style=""color:rgb(150, 250, 100); font-size: 35px;"">我的</p>","self","ability","我的",6,854,854,"i","true",NA,NA,NA,NA,"phase_015_subj_10"
7854,103,6,"<p style=""color:white; font-size: 35px;"">废物</p>","negative","ability","废物",6,591,591,"i","true",NA,NA,NA,NA,"phase_015_subj_10"
7855,103,6,"<p style=""color:rgb(150, 250, 100); font-size: 35px;"">他的</p>","other","ability","他的",6,620,1239.09090909091,"i","false",NA,NA,NA,NA,"phase_015_subj_10"
7856,103,6,"<p style=""color:white; font-size: 35px;"">精干</p>","positive","ability","精干",6,551,551,"e","true",NA,NA,NA,NA,"phase_015_subj_10"
7857,103,6,"<p style=""color:rgb(150, 250, 100); font-size: 35px;"">自己</p>","self","ability","自己",6,640,640,"i","true",NA,NA,NA,NA,"phase_015_subj_10"
7858,103,6,"<p style=""color:white; font-size: 35px;"">低能</p>","negative","ability","低能",6,1037,1037,"i","true",NA,NA,NA,NA,"phase_015_subj_10"
7859,103,6,"<p style=""color:rgb(150, 250, 100); font-size: 35px;"">他</p>","other","ability","他",6,792,792,"e","true",NA,NA,NA,NA,"phase_015_subj_10"
7860,103,6,"<p style=""color:white; font-size: 35px;"">全能</p>","positive","ability","全能",6,563,563,"e","true",NA,NA,NA,NA,"phase_015_subj_10"
7861,103,6,"<p style=""color:rgb(150, 250, 100); font-size: 35px;"">本人的</p>","self","ability","本人的",6,573,573,"i","true",NA,NA,NA,NA,"phase_015_subj_10"
7862,103,6,"<p style=""color:white; font-size: 35px;"">高效</p>","positive","ability","高效",6,601,601,"e","true",NA,NA,NA,NA,"phase_015_subj_10"
7863,103,6,"<p style=""color:rgb(150, 250, 100); font-size: 35px;"">他人</p>","other","ability","他人",6,516,516,"e","true",NA,NA,NA,NA,"phase_015_subj_10"
7864,103,6,"<p style=""color:white; font-size: 35px;"">愚钝</p>","negative","ability","愚钝",6,501,501,"i","true",NA,NA,NA,NA,"phase_015_subj_10"
7865,103,6,"<p style=""color:rgb(150, 250, 100); font-size: 35px;"">我</p>","self","ability","我",6,605,605,"i","true",NA,NA,NA,NA,"phase_015_subj_10"
7866,103,7,"<p style=""color:white; font-size: 35px;"">蠢笨</p>","negative","ability","蠢笨",7,592,592,"i","true",NA,NA,NA,NA,"phase_015_subj_10"
7867,103,7,"<p style=""color:rgb(150, 250, 100); font-size: 35px;"">他</p>","other","ability","他",7,500,500,"e","true",NA,NA,NA,NA,"phase_015_subj_10"
7868,103,7,"<p style=""color:white; font-size: 35px;"">天才</p>","positive","ability","天才",7,571,571,"e","true",NA,NA,NA,NA,"phase_015_subj_10"
7869,103,7,"<p style=""color:rgb(150, 250, 100); font-size: 35px;"">本人</p>","self","ability","本人",7,604,604,"i","true",NA,NA,NA,NA,"phase_015_subj_10"
7870,103,7,"<p style=""color:white; font-size: 35px;"">全能</p>","positive","ability","全能",7,676,676,"e","true",NA,NA,NA,NA,"phase_015_subj_10"
7871,103,7,"<p style=""color:rgb(150, 250, 100); font-size: 35px;"">他的</p>","other","ability","他的",7,458,458,"e","true",NA,NA,NA,NA,"phase_015_subj_10"
7872,103,7,"<p style=""color:white; font-size: 35px;"">愚钝</p>","negative","ability","愚钝",7,583,583,"i","true",NA,NA,NA,NA,"phase_015_subj_10"
7873,103,7,"<p style=""color:rgb(150, 250, 100); font-size: 35px;"">本人</p>","self","ability","本人",7,496,496,"i","true",NA,NA,NA,NA,"phase_015_subj_10"
7874,103,7,"<p style=""color:white; font-size: 35px;"">低能</p>","negative","ability","低能",7,586,586,"i","true",NA,NA,NA,NA,"phase_015_subj_10"
7875,103,7,"<p style=""color:rgb(150, 250, 100); font-size: 35px;"">他的</p>","other","ability","他的",7,589,589,"e","true",NA,NA,NA,NA,"phase_015_subj_10"
7876,103,7,"<p style=""color:white; font-size: 35px;"">天才</p>","positive","ability","天才",7,536,536,"e","true",NA,NA,NA,NA,"phase_015_subj_10"
7877,103,7,"<p style=""color:rgb(150, 250, 100); font-size: 35px;"">本人的</p>","self","ability","本人的",7,563,563,"i","true",NA,NA,NA,NA,"phase_015_subj_10"
7878,103,7,"<p style=""color:white; font-size: 35px;"">全能</p>","positive","ability","全能",7,697,697,"e","true",NA,NA,NA,NA,"phase_015_subj_10"
7879,103,7,"<p style=""color:rgb(150, 250, 100); font-size: 35px;"">我</p>","self","ability","我",7,604,604,"i","true",NA,NA,NA,NA,"phase_015_subj_10"
7880,103,7,"<p style=""color:white; font-size: 35px;"">拙笨</p>","negative","ability","拙笨",7,634,634,"i","true",NA,NA,NA,NA,"phase_015_subj_10"
7881,103,7,"<p style=""color:rgb(150, 250, 100); font-size: 35px;"">别人的</p>","other","ability","别人的",7,572,572,"e","true",NA,NA,NA,NA,"phase_015_subj_10"
7882,103,7,"<p style=""color:white; font-size: 35px;"">低能</p>","negative","ability","低能",7,519,519,"i","true",NA,NA,NA,NA,"phase_015_subj_10"
7883,103,7,"<p style=""color:rgb(150, 250, 100); font-size: 35px;"">别人</p>","other","ability","别人",7,676,676,"e","true",NA,NA,NA,NA,"phase_015_subj_10"
7884,103,7,"<p style=""color:white; font-size: 35px;"">高效</p>","positive","ability","高效",7,488,488,"e","true",NA,NA,NA,NA,"phase_015_subj_10"
7885,103,7,"<p style=""color:rgb(150, 250, 100); font-size: 35px;"">本人的</p>","self","ability","本人的",7,686,686,"i","true",NA,NA,NA,NA,"phase_015_subj_10"
7886,103,7,"<p style=""color:white; font-size: 35px;"">废物</p>","negative","ability","废物",7,549,549,"i","true",NA,NA,NA,NA,"phase_015_subj_10"
7887,103,7,"<p style=""color:rgb(150, 250, 100); font-size: 35px;"">我的</p>","self","ability","我的",7,570,570,"i","true",NA,NA,NA,NA,"phase_015_subj_10"
7888,103,7,"<p style=""color:white; font-size: 35px;"">全才</p>","positive","ability","全才",7,526,526,"e","true",NA,NA,NA,NA,"phase_015_subj_10"
7889,103,7,"<p style=""color:rgb(150, 250, 100); font-size: 35px;"">他人的</p>","other","ability","他人的",7,555,555,"e","true",NA,NA,NA,NA,"phase_015_subj_10"
7890,103,7,"<p style=""color:white; font-size: 35px;"">无能</p>","negative","ability","无能",7,470,470,"i","true",NA,NA,NA,NA,"phase_015_subj_10"
7891,103,7,"<p style=""color:rgb(150, 250, 100); font-size: 35px;"">自己的</p>","self","ability","自己的",7,540,540,"i","true",NA,NA,NA,NA,"phase_015_subj_10"
7892,103,7,"<p style=""color:white; font-size: 35px;"">全才</p>","positive","ability","全才",7,610,610,"e","true",NA,NA,NA,NA,"phase_015_subj_10"
7893,103,7,"<p style=""color:rgb(150, 250, 100); font-size: 35px;"">他人的</p>","other","ability","他人的",7,490,490,"e","true",NA,NA,NA,NA,"phase_015_subj_10"
7894,103,7,"<p style=""color:white; font-size: 35px;"">拙笨</p>","negative","ability","拙笨",7,462,462,"i","true",NA,NA,NA,NA,"phase_015_subj_10"
7895,103,7,"<p style=""color:rgb(150, 250, 100); font-size: 35px;"">自己</p>","self","ability","自己",7,613,1224.02173913043,"e","false",NA,NA,NA,NA,"phase_015_subj_10"
7896,103,7,"<p style=""color:white; font-size: 35px;"">精干</p>","positive","ability","精干",7,545,545,"e","true",NA,NA,NA,NA,"phase_015_subj_10"
7897,103,7,"<p style=""color:rgb(150, 250, 100); font-size: 35px;"">他</p>","other","ability","他",7,560,560,"e","true",NA,NA,NA,NA,"phase_015_subj_10"
7898,103,7,"<p style=""color:white; font-size: 35px;"">能干</p>","positive","ability","能干",7,520,520,"e","true",NA,NA,NA,NA,"phase_015_subj_10"
7899,103,7,"<p style=""color:rgb(150, 250, 100); font-size: 35px;"">别人的</p>","other","ability","别人的",7,607,1224.02173913043,"i","false",NA,NA,NA,NA,"phase_015_subj_10"
7900,103,7,"<p style=""color:white; font-size: 35px;"">蠢笨</p>","negative","ability","蠢笨",7,603,603,"i","true",NA,NA,NA,NA,"phase_015_subj_10"
7901,103,7,"<p style=""color:rgb(150, 250, 100); font-size: 35px;"">我</p>","self","ability","我",7,1276,1276,"i","true",NA,NA,NA,NA,"phase_015_subj_10"
7902,103,7,"<p style=""color:white; font-size: 35px;"">能干</p>","positive","ability","能干",7,623,623,"e","true",NA,NA,NA,NA,"phase_015_subj_10"
7903,103,7,"<p style=""color:rgb(150, 250, 100); font-size: 35px;"">自己</p>","self","ability","自己",7,1191,1191,"i","true",NA,NA,NA,NA,"phase_015_subj_10"
7904,103,7,"<p style=""color:white; font-size: 35px;"">无能</p>","negative","ability","无能",7,949,949,"i","true",NA,NA,NA,NA,"phase_015_subj_10"
7905,103,7,"<p style=""color:rgb(150, 250, 100); font-size: 35px;"">别人</p>","other","ability","别人",7,1145,1145,"e","true",NA,NA,NA,NA,"phase_015_subj_10"
7906,103,7,"<p style=""color:white; font-size: 35px;"">高效</p>","positive","ability","高效",7,562,562,"e","true",NA,NA,NA,NA,"phase_015_subj_10"
7907,103,7,"<p style=""color:rgb(150, 250, 100); font-size: 35px;"">我的</p>","self","ability","我的",7,559,559,"i","true",NA,NA,NA,NA,"phase_015_subj_10"
7908,103,7,"<p style=""color:white; font-size: 35px;"">愚钝</p>","negative","ability","愚钝",7,567,567,"i","true",NA,NA,NA,NA,"phase_015_subj_10"
7909,103,7,"<p style=""color:rgb(150, 250, 100); font-size: 35px;"">他人</p>","other","ability","他人",7,627,627,"e","true",NA,NA,NA,NA,"phase_015_subj_10"
7910,103,7,"<p style=""color:white; font-size: 35px;"">废物</p>","negative","ability","废物",7,585,585,"i","true",NA,NA,NA,NA,"phase_015_subj_10"
7911,103,7,"<p style=""color:rgb(150, 250, 100); font-size: 35px;"">自己的</p>","self","ability","自己的",7,848,848,"i","true",NA,NA,NA,NA,"phase_015_subj_10"
7912,103,7,"<p style=""color:white; font-size: 35px;"">精干</p>","positive","ability","精干",7,592,592,"e","true",NA,NA,NA,NA,"phase_015_subj_10"
7913,103,7,"<p style=""color:rgb(150, 250, 100); font-size: 35px;"">他人</p>","other","ability","他人",7,551,551,"e","true",NA,NA,NA,NA,"phase_015_subj_10"
7914,103,NA,"
    <h3>词语分类任务</h3>
    <p>在接下来的任务中，你需要对一系列词语进行分类。<p/>
    请先熟悉这些词语，这有利于你完成接下来的任务。</p>
    <table align=""center"" border=1 cellpadding=3 cellspacing=0>
    <tr> <th>类别</th> <th>词语</th> </tr>
    <tr> <td>&emsp;积极&emsp;</td> <td>&emsp;高尚、诚信、善良、君子、廉正、正直&emsp;</td> </tr>
    <tr> <td>&emsp;消极&emsp;</td> <td>&emsp;缺德、卑鄙、不孝、不仁、小人、黑心&emsp;</td> </tr>
    <tr> <td>&emsp;自我&emsp;</td> <td>&emsp;我、我的、自己、自己的、本人、本人的&emsp;</td> </tr>
    <tr> <td>&emsp;他人&emsp;</td> <td>&emsp;他、他的、别人、别人的、他人、他人的&emsp;</td> </tr>
    </table><br/>","","","",NA,24451,NA,"0","",NA,NA,1,1,"phase_015_subj_10"
7915,103,11,"<p style=""color:rgb(150, 250, 100); font-size: 35px;"">我</p>","self","moral","我",1,1850,1850,"e","true",NA,NA,NA,NA,"phase_015_subj_10"
7916,103,11,"<p style=""color:rgb(150, 250, 100); font-size: 35px;"">自己的</p>","self","moral","自己的",1,455,455,"e","true",NA,NA,NA,NA,"phase_015_subj_10"
7917,103,11,"<p style=""color:rgb(150, 250, 100); font-size: 35px;"">本人的</p>","self","moral","本人的",1,478,478,"e","true",NA,NA,NA,NA,"phase_015_subj_10"
7918,103,11,"<p style=""color:rgb(150, 250, 100); font-size: 35px;"">我的</p>","self","moral","我的",1,402,402,"e","true",NA,NA,NA,NA,"phase_015_subj_10"
7919,103,11,"<p style=""color:rgb(150, 250, 100); font-size: 35px;"">他的</p>","other","moral","他的",1,433,433,"i","true",NA,NA,NA,NA,"phase_015_subj_10"
7920,103,11,"<p style=""color:rgb(150, 250, 100); font-size: 35px;"">别人的</p>","other","moral","别人的",1,508,508,"i","true",NA,NA,NA,NA,"phase_015_subj_10"
7921,103,11,"<p style=""color:rgb(150, 250, 100); font-size: 35px;"">他</p>","other","moral","他",1,421,421,"i","true",NA,NA,NA,NA,"phase_015_subj_10"
7922,103,11,"<p style=""color:rgb(150, 250, 100); font-size: 35px;"">自己</p>","self","moral","自己",1,452,452,"e","true",NA,NA,NA,NA,"phase_015_subj_10"
7923,103,11,"<p style=""color:rgb(150, 250, 100); font-size: 35px;"">别人</p>","other","moral","别人",1,447,447,"i","true",NA,NA,NA,NA,"phase_015_subj_10"
7924,103,11,"<p style=""color:rgb(150, 250, 100); font-size: 35px;"">他人</p>","other","moral","他人",1,501,501,"i","true",NA,NA,NA,NA,"phase_015_subj_10"
7925,103,11,"<p style=""color:rgb(150, 250, 100); font-size: 35px;"">他人的</p>","other","moral","他人的",1,430,430,"i","true",NA,NA,NA,NA,"phase_015_subj_10"
7926,103,11,"<p style=""color:rgb(150, 250, 100); font-size: 35px;"">本人</p>","self","moral","本人",1,545,545,"e","true",NA,NA,NA,NA,"phase_015_subj_10"
7927,103,12,"<p style=""color:white; font-size: 35px;"">小人</p>","negative","moral","小人",2,639,639,"i","true",NA,NA,NA,NA,"phase_015_subj_10"
7928,103,12,"<p style=""color:white; font-size: 35px;"">君子</p>","positive","moral","君子",2,847,847,"e","true",NA,NA,NA,NA,"phase_015_subj_10"
7929,103,12,"<p style=""color:white; font-size: 35px;"">黑心</p>","negative","moral","黑心",2,617,617,"i","true",NA,NA,NA,NA,"phase_015_subj_10"
7930,103,12,"<p style=""color:white; font-size: 35px;"">不仁</p>","negative","moral","不仁",2,680,680,"i","true",NA,NA,NA,NA,"phase_015_subj_10"
7931,103,12,"<p style=""color:white; font-size: 35px;"">廉正</p>","positive","moral","廉正",2,697,697,"e","true",NA,NA,NA,NA,"phase_015_subj_10"
7932,103,12,"<p style=""color:white; font-size: 35px;"">缺德</p>","negative","moral","缺德",2,594,594,"i","true",NA,NA,NA,NA,"phase_015_subj_10"
7933,103,12,"<p style=""color:white; font-size: 35px;"">正直</p>","positive","moral","正直",2,549,549,"e","true",NA,NA,NA,NA,"phase_015_subj_10"
7934,103,12,"<p style=""color:white; font-size: 35px;"">诚信</p>","positive","moral","诚信",2,487,487,"e","true",NA,NA,NA,NA,"phase_015_subj_10"
7935,103,12,"<p style=""color:white; font-size: 35px;"">不孝</p>","negative","moral","不孝",2,589,589,"i","true",NA,NA,NA,NA,"phase_015_subj_10"
7936,103,12,"<p style=""color:white; font-size: 35px;"">卑鄙</p>","negative","moral","卑鄙",2,1045,1045,"i","true",NA,NA,NA,NA,"phase_015_subj_10"
7937,103,12,"<p style=""color:white; font-size: 35px;"">高尚</p>","positive","moral","高尚",2,552,552,"e","true",NA,NA,NA,NA,"phase_015_subj_10"
7938,103,12,"<p style=""color:white; font-size: 35px;"">善良</p>","positive","moral","善良",2,445,445,"e","true",NA,NA,NA,NA,"phase_015_subj_10"
7939,103,13,"<p style=""color:rgb(150, 250, 100); font-size: 35px;"">他人</p>","other","moral","他人",3,635,635,"i","true",NA,NA,NA,NA,"phase_015_subj_10"
7940,103,13,"<p style=""color:white; font-size: 35px;"">善良</p>","positive","moral","善良",3,606,606,"e","true",NA,NA,NA,NA,"phase_015_subj_10"
7941,103,13,"<p style=""color:rgb(150, 250, 100); font-size: 35px;"">我的</p>","self","moral","我的",3,507,507,"e","true",NA,NA,NA,NA,"phase_015_subj_10"
7942,103,13,"<p style=""color:white; font-size: 35px;"">不仁</p>","negative","moral","不仁",3,537,537,"i","true",NA,NA,NA,NA,"phase_015_subj_10"
7943,103,13,"<p style=""color:rgb(150, 250, 100); font-size: 35px;"">他</p>","other","moral","他",3,616,616,"i","true",NA,NA,NA,NA,"phase_015_subj_10"
7944,103,13,"<p style=""color:white; font-size: 35px;"">卑鄙</p>","negative","moral","卑鄙",3,520,520,"i","true",NA,NA,NA,NA,"phase_015_subj_10"
7945,103,13,"<p style=""color:rgb(150, 250, 100); font-size: 35px;"">我</p>","self","moral","我",3,996,996,"e","true",NA,NA,NA,NA,"phase_015_subj_10"
7946,103,13,"<p style=""color:white; font-size: 35px;"">正直</p>","positive","moral","正直",3,574,574,"e","true",NA,NA,NA,NA,"phase_015_subj_10"
7947,103,13,"<p style=""color:rgb(150, 250, 100); font-size: 35px;"">自己的</p>","self","moral","自己的",3,563,563,"e","true",NA,NA,NA,NA,"phase_015_subj_10"
7948,103,13,"<p style=""color:white; font-size: 35px;"">缺德</p>","negative","moral","缺德",3,489,489,"i","true",NA,NA,NA,NA,"phase_015_subj_10"
7949,103,13,"<p style=""color:rgb(150, 250, 100); font-size: 35px;"">他人的</p>","other","moral","他人的",3,866,866,"i","true",NA,NA,NA,NA,"phase_015_subj_10"
7950,103,13,"<p style=""color:white; font-size: 35px;"">诚信</p>","positive","moral","诚信",3,703,703,"e","true",NA,NA,NA,NA,"phase_015_subj_10"
7951,103,13,"<p style=""color:rgb(150, 250, 100); font-size: 35px;"">自己</p>","self","moral","自己",3,784,784,"e","true",NA,NA,NA,NA,"phase_015_subj_10"
7952,103,13,"<p style=""color:white; font-size: 35px;"">高尚</p>","positive","moral","高尚",3,540,540,"e","true",NA,NA,NA,NA,"phase_015_subj_10"
7953,103,13,"<p style=""color:rgb(150, 250, 100); font-size: 35px;"">别人</p>","other","moral","别人",3,522,522,"i","true",NA,NA,NA,NA,"phase_015_subj_10"
7954,103,13,"<p style=""color:white; font-size: 35px;"">黑心</p>","negative","moral","黑心",3,563,563,"i","true",NA,NA,NA,NA,"phase_015_subj_10"
7955,103,13,"<p style=""color:rgb(150, 250, 100); font-size: 35px;"">本人</p>","self","moral","本人",3,928,928,"e","true",NA,NA,NA,NA,"phase_015_subj_10"
7956,103,13,"<p style=""color:white; font-size: 35px;"">不孝</p>","negative","moral","不孝",3,626,626,"i","true",NA,NA,NA,NA,"phase_015_subj_10"
7957,103,13,"<p style=""color:rgb(150, 250, 100); font-size: 35px;"">别人的</p>","other","moral","别人的",3,657,657,"i","true",NA,NA,NA,NA,"phase_015_subj_10"
7958,103,13,"<p style=""color:white; font-size: 35px;"">君子</p>","positive","moral","君子",3,636,636,"e","true",NA,NA,NA,NA,"phase_015_subj_10"
7959,103,13,"<p style=""color:rgb(150, 250, 100); font-size: 35px;"">本人的</p>","self","moral","本人的",3,505,505,"e","true",NA,NA,NA,NA,"phase_015_subj_10"
7960,103,13,"<p style=""color:white; font-size: 35px;"">廉正</p>","positive","moral","廉正",3,548,548,"e","true",NA,NA,NA,NA,"phase_015_subj_10"
7961,103,13,"<p style=""color:rgb(150, 250, 100); font-size: 35px;"">他的</p>","other","moral","他的",3,1255,1255,"i","true",NA,NA,NA,NA,"phase_015_subj_10"
7962,103,13,"<p style=""color:white; font-size: 35px;"">小人</p>","negative","moral","小人",3,652,652,"i","true",NA,NA,NA,NA,"phase_015_subj_10"
7963,103,14,"<p style=""color:rgb(150, 250, 100); font-size: 35px;"">自己的</p>","self","moral","自己的",4,561,561,"e","true",NA,NA,NA,NA,"phase_015_subj_10"
7964,103,14,"<p style=""color:white; font-size: 35px;"">君子</p>","positive","moral","君子",4,528,528,"e","true",NA,NA,NA,NA,"phase_015_subj_10"
7965,103,14,"<p style=""color:rgb(150, 250, 100); font-size: 35px;"">他的</p>","other","moral","他的",4,974,974,"i","true",NA,NA,NA,NA,"phase_015_subj_10"
7966,103,14,"<p style=""color:white; font-size: 35px;"">缺德</p>","negative","moral","缺德",4,795,795,"i","true",NA,NA,NA,NA,"phase_015_subj_10"
7967,103,14,"<p style=""color:rgb(150, 250, 100); font-size: 35px;"">我</p>","self","moral","我",4,658,658,"e","true",NA,NA,NA,NA,"phase_015_subj_10"
7968,103,14,"<p style=""color:white; font-size: 35px;"">缺德</p>","negative","moral","缺德",4,682,682,"i","true",NA,NA,NA,NA,"phase_015_subj_10"
7969,103,14,"<p style=""color:rgb(150, 250, 100); font-size: 35px;"">他人</p>","other","moral","他人",4,1426,1426,"i","true",NA,NA,NA,NA,"phase_015_subj_10"
7970,103,14,"<p style=""color:white; font-size: 35px;"">廉正</p>","positive","moral","廉正",4,1968,1968,"e","true",NA,NA,NA,NA,"phase_015_subj_10"
7971,103,14,"<p style=""color:rgb(150, 250, 100); font-size: 35px;"">别人</p>","other","moral","别人",4,633,633,"i","true",NA,NA,NA,NA,"phase_015_subj_10"
7972,103,14,"<p style=""color:white; font-size: 35px;"">不孝</p>","negative","moral","不孝",4,591,591,"i","true",NA,NA,NA,NA,"phase_015_subj_10"
7973,103,14,"<p style=""color:rgb(150, 250, 100); font-size: 35px;"">我的</p>","self","moral","我的",4,490,490,"e","true",NA,NA,NA,NA,"phase_015_subj_10"
7974,103,14,"<p style=""color:white; font-size: 35px;"">诚信</p>","positive","moral","诚信",4,541,541,"e","true",NA,NA,NA,NA,"phase_015_subj_10"
7975,103,14,"<p style=""color:rgb(150, 250, 100); font-size: 35px;"">别人的</p>","other","moral","别人的",4,577,577,"i","true",NA,NA,NA,NA,"phase_015_subj_10"
7976,103,14,"<p style=""color:white; font-size: 35px;"">黑心</p>","negative","moral","黑心",4,563,563,"i","true",NA,NA,NA,NA,"phase_015_subj_10"
7977,103,14,"<p style=""color:rgb(150, 250, 100); font-size: 35px;"">本人</p>","self","moral","本人",4,579,579,"e","true",NA,NA,NA,NA,"phase_015_subj_10"
7978,103,14,"<p style=""color:white; font-size: 35px;"">正直</p>","positive","moral","正直",4,500,500,"e","true",NA,NA,NA,NA,"phase_015_subj_10"
7979,103,14,"<p style=""color:rgb(150, 250, 100); font-size: 35px;"">他</p>","other","moral","他",4,565,565,"i","true",NA,NA,NA,NA,"phase_015_subj_10"
7980,103,14,"<p style=""color:white; font-size: 35px;"">不仁</p>","negative","moral","不仁",4,621,621,"i","true",NA,NA,NA,NA,"phase_015_subj_10"
7981,103,14,"<p style=""color:rgb(150, 250, 100); font-size: 35px;"">自己</p>","self","moral","自己",4,777,777,"e","true",NA,NA,NA,NA,"phase_015_subj_10"
7982,103,14,"<p style=""color:white; font-size: 35px;"">正直</p>","positive","moral","正直",4,580,580,"e","true",NA,NA,NA,NA,"phase_015_subj_10"
7983,103,14,"<p style=""color:rgb(150, 250, 100); font-size: 35px;"">别人的</p>","other","moral","别人的",4,582,582,"i","true",NA,NA,NA,NA,"phase_015_subj_10"
7984,103,14,"<p style=""color:white; font-size: 35px;"">诚信</p>","positive","moral","诚信",4,560,560,"e","true",NA,NA,NA,NA,"phase_015_subj_10"
7985,103,14,"<p style=""color:rgb(150, 250, 100); font-size: 35px;"">本人的</p>","self","moral","本人的",4,536,536,"e","true",NA,NA,NA,NA,"phase_015_subj_10"
7986,103,14,"<p style=""color:white; font-size: 35px;"">不仁</p>","negative","moral","不仁",4,586,586,"i","true",NA,NA,NA,NA,"phase_015_subj_10"
7987,103,14,"<p style=""color:rgb(150, 250, 100); font-size: 35px;"">他人的</p>","other","moral","他人的",4,971,971,"i","true",NA,NA,NA,NA,"phase_015_subj_10"
7988,103,14,"<p style=""color:white; font-size: 35px;"">善良</p>","positive","moral","善良",4,625,625,"e","true",NA,NA,NA,NA,"phase_015_subj_10"
7989,103,14,"<p style=""color:rgb(150, 250, 100); font-size: 35px;"">我的</p>","self","moral","我的",4,506,506,"e","true",NA,NA,NA,NA,"phase_015_subj_10"
7990,103,14,"<p style=""color:white; font-size: 35px;"">不孝</p>","negative","moral","不孝",4,532,532,"i","true",NA,NA,NA,NA,"phase_015_subj_10"
7991,103,14,"<p style=""color:rgb(150, 250, 100); font-size: 35px;"">本人的</p>","self","moral","本人的",4,670,670,"e","true",NA,NA,NA,NA,"phase_015_subj_10"
7992,103,14,"<p style=""color:white; font-size: 35px;"">小人</p>","negative","moral","小人",4,577,577,"i","true",NA,NA,NA,NA,"phase_015_subj_10"
7993,103,14,"<p style=""color:rgb(150, 250, 100); font-size: 35px;"">他人</p>","other","moral","他人",4,548,548,"i","true",NA,NA,NA,NA,"phase_015_subj_10"
7994,103,14,"<p style=""color:white; font-size: 35px;"">高尚</p>","positive","moral","高尚",4,600,600,"e","true",NA,NA,NA,NA,"phase_015_subj_10"
7995,103,14,"<p style=""color:rgb(150, 250, 100); font-size: 35px;"">自己</p>","self","moral","自己",4,570,570,"e","true",NA,NA,NA,NA,"phase_015_subj_10"
7996,103,14,"<p style=""color:white; font-size: 35px;"">卑鄙</p>","negative","moral","卑鄙",4,522,522,"i","true",NA,NA,NA,NA,"phase_015_subj_10"
7997,103,14,"<p style=""color:rgb(150, 250, 100); font-size: 35px;"">他人的</p>","other","moral","他人的",4,723,723,"i","true",NA,NA,NA,NA,"phase_015_subj_10"
7998,103,14,"<p style=""color:white; font-size: 35px;"">廉正</p>","positive","moral","廉正",4,655,655,"e","true",NA,NA,NA,NA,"phase_015_subj_10"
7999,103,14,"<p style=""color:rgb(150, 250, 100); font-size: 35px;"">本人</p>","self","moral","本人",4,583,583,"e","true",NA,NA,NA,NA,"phase_015_subj_10"
8000,103,14,"<p style=""color:white; font-size: 35px;"">黑心</p>","negative","moral","黑心",4,531,531,"i","true",NA,NA,NA,NA,"phase_015_subj_10"
8001,103,14,"<p style=""color:rgb(150, 250, 100); font-size: 35px;"">他</p>","other","moral","他",4,755,755,"i","true",NA,NA,NA,NA,"phase_015_subj_10"
8002,103,14,"<p style=""color:white; font-size: 35px;"">善良</p>","positive","moral","善良",4,639,639,"e","true",NA,NA,NA,NA,"phase_015_subj_10"
8003,103,14,"<p style=""color:rgb(150, 250, 100); font-size: 35px;"">他的</p>","other","moral","他的",4,606,606,"i","true",NA,NA,NA,NA,"phase_015_subj_10"
8004,103,14,"<p style=""color:white; font-size: 35px;"">卑鄙</p>","negative","moral","卑鄙",4,1154,1154,"i","true",NA,NA,NA,NA,"phase_015_subj_10"
8005,103,14,"<p style=""color:rgb(150, 250, 100); font-size: 35px;"">我</p>","self","moral","我",4,767,767,"e","true",NA,NA,NA,NA,"phase_015_subj_10"
8006,103,14,"<p style=""color:white; font-size: 35px;"">高尚</p>","positive","moral","高尚",4,658,658,"e","true",NA,NA,NA,NA,"phase_015_subj_10"
8007,103,14,"<p style=""color:rgb(150, 250, 100); font-size: 35px;"">自己的</p>","self","moral","自己的",4,558,558,"e","true",NA,NA,NA,NA,"phase_015_subj_10"
8008,103,14,"<p style=""color:white; font-size: 35px;"">小人</p>","negative","moral","小人",4,716,716,"i","true",NA,NA,NA,NA,"phase_015_subj_10"
8009,103,14,"<p style=""color:rgb(150, 250, 100); font-size: 35px;"">别人</p>","other","moral","别人",4,871,871,"i","true",NA,NA,NA,NA,"phase_015_subj_10"
8010,103,14,"<p style=""color:white; font-size: 35px;"">君子</p>","positive","moral","君子",4,663,663,"e","true",NA,NA,NA,NA,"phase_015_subj_10"
8011,103,15,"<p style=""color:rgb(150, 250, 100); font-size: 35px;"">本人</p>","self","moral","本人",5,1767,1767,"i","true",NA,NA,NA,NA,"phase_015_subj_10"
8012,103,15,"<p style=""color:rgb(150, 250, 100); font-size: 35px;"">我的</p>","self","moral","我的",5,637,637,"i","true",NA,NA,NA,NA,"phase_015_subj_10"
8013,103,15,"<p style=""color:rgb(150, 250, 100); font-size: 35px;"">别人的</p>","other","moral","别人的",5,444,444,"e","true",NA,NA,NA,NA,"phase_015_subj_10"
8014,103,15,"<p style=""color:rgb(150, 250, 100); font-size: 35px;"">他的</p>","other","moral","他的",5,507,507,"e","true",NA,NA,NA,NA,"phase_015_subj_10"
8015,103,15,"<p style=""color:rgb(150, 250, 100); font-size: 35px;"">他人的</p>","other","moral","他人的",5,487,487,"e","true",NA,NA,NA,NA,"phase_015_subj_10"
8016,103,15,"<p style=""color:rgb(150, 250, 100); font-size: 35px;"">本人的</p>","self","moral","本人的",5,618,618,"i","true",NA,NA,NA,NA,"phase_015_subj_10"
8017,103,15,"<p style=""color:rgb(150, 250, 100); font-size: 35px;"">我的</p>","self","moral","我的",5,998,998,"e","false",NA,NA,NA,NA,"phase_015_subj_10"
8018,103,15,"<p style=""color:rgb(150, 250, 100); font-size: 35px;"">他人的</p>","other","moral","他人的",5,1147,1147,"e","true",NA,NA,NA,NA,"phase_015_subj_10"
8019,103,15,"<p style=""color:rgb(150, 250, 100); font-size: 35px;"">自己</p>","self","moral","自己",5,486,486,"i","true",NA,NA,NA,NA,"phase_015_subj_10"
8020,103,15,"<p style=""color:rgb(150, 250, 100); font-size: 35px;"">他人</p>","other","moral","他人",5,634,634,"e","true",NA,NA,NA,NA,"phase_015_subj_10"
8021,103,15,"<p style=""color:rgb(150, 250, 100); font-size: 35px;"">我</p>","self","moral","我",5,592,592,"i","true",NA,NA,NA,NA,"phase_015_subj_10"
8022,103,15,"<p style=""color:rgb(150, 250, 100); font-size: 35px;"">别人</p>","other","moral","别人",5,595,595,"e","true",NA,NA,NA,NA,"phase_015_subj_10"
8023,103,15,"<p style=""color:rgb(150, 250, 100); font-size: 35px;"">我</p>","self","moral","我",5,524,524,"i","true",NA,NA,NA,NA,"phase_015_subj_10"
8024,103,15,"<p style=""color:rgb(150, 250, 100); font-size: 35px;"">本人的</p>","self","moral","本人的",5,593,593,"i","true",NA,NA,NA,NA,"phase_015_subj_10"
8025,103,15,"<p style=""color:rgb(150, 250, 100); font-size: 35px;"">本人</p>","self","moral","本人",5,440,440,"i","true",NA,NA,NA,NA,"phase_015_subj_10"
8026,103,15,"<p style=""color:rgb(150, 250, 100); font-size: 35px;"">他</p>","other","moral","他",5,477,477,"e","true",NA,NA,NA,NA,"phase_015_subj_10"
8027,103,15,"<p style=""color:rgb(150, 250, 100); font-size: 35px;"">他人</p>","other","moral","他人",5,422,422,"e","true",NA,NA,NA,NA,"phase_015_subj_10"
8028,103,15,"<p style=""color:rgb(150, 250, 100); font-size: 35px;"">自己的</p>","self","moral","自己的",5,485,485,"i","true",NA,NA,NA,NA,"phase_015_subj_10"
8029,103,15,"<p style=""color:rgb(150, 250, 100); font-size: 35px;"">别人的</p>","other","moral","别人的",5,648,648,"e","true",NA,NA,NA,NA,"phase_015_subj_10"
8030,103,15,"<p style=""color:rgb(150, 250, 100); font-size: 35px;"">他</p>","other","moral","他",5,478,478,"e","true",NA,NA,NA,NA,"phase_015_subj_10"
8031,103,15,"<p style=""color:rgb(150, 250, 100); font-size: 35px;"">自己</p>","self","moral","自己",5,494,494,"i","true",NA,NA,NA,NA,"phase_015_subj_10"
8032,103,15,"<p style=""color:rgb(150, 250, 100); font-size: 35px;"">他的</p>","other","moral","他的",5,612,612,"e","true",NA,NA,NA,NA,"phase_015_subj_10"
8033,103,15,"<p style=""color:rgb(150, 250, 100); font-size: 35px;"">自己的</p>","self","moral","自己的",5,644,644,"e","false",NA,NA,NA,NA,"phase_015_subj_10"
8034,103,15,"<p style=""color:rgb(150, 250, 100); font-size: 35px;"">别人</p>","other","moral","别人",5,1281,1281,"e","true",NA,NA,NA,NA,"phase_015_subj_10"
8035,103,16,"<p style=""color:white; font-size: 35px;"">小人</p>","negative","moral","小人",6,2965,2965,"i","true",NA,NA,NA,NA,"phase_015_subj_10"
8036,103,16,"<p style=""color:rgb(150, 250, 100); font-size: 35px;"">本人</p>","self","moral","本人",6,624,624,"i","true",NA,NA,NA,NA,"phase_015_subj_10"
8037,103,16,"<p style=""color:white; font-size: 35px;"">高尚</p>","positive","moral","高尚",6,658,658,"e","true",NA,NA,NA,NA,"phase_015_subj_10"
8038,103,16,"<p style=""color:rgb(150, 250, 100); font-size: 35px;"">他人</p>","other","moral","他人",6,478,478,"e","true",NA,NA,NA,NA,"phase_015_subj_10"
8039,103,16,"<p style=""color:white; font-size: 35px;"">诚信</p>","positive","moral","诚信",6,655,655,"e","true",NA,NA,NA,NA,"phase_015_subj_10"
8040,103,16,"<p style=""color:rgb(150, 250, 100); font-size: 35px;"">自己</p>","self","moral","自己",6,834,834,"i","true",NA,NA,NA,NA,"phase_015_subj_10"
8041,103,16,"<p style=""color:white; font-size: 35px;"">卑鄙</p>","negative","moral","卑鄙",6,525,525,"i","true",NA,NA,NA,NA,"phase_015_subj_10"
8042,103,16,"<p style=""color:rgb(150, 250, 100); font-size: 35px;"">别人的</p>","other","moral","别人的",6,669,669,"e","true",NA,NA,NA,NA,"phase_015_subj_10"
8043,103,16,"<p style=""color:white; font-size: 35px;"">黑心</p>","negative","moral","黑心",6,672,672,"i","true",NA,NA,NA,NA,"phase_015_subj_10"
8044,103,16,"<p style=""color:rgb(150, 250, 100); font-size: 35px;"">我的</p>","self","moral","我的",6,587,587,"i","true",NA,NA,NA,NA,"phase_015_subj_10"
8045,103,16,"<p style=""color:white; font-size: 35px;"">正直</p>","positive","moral","正直",6,633,633,"e","true",NA,NA,NA,NA,"phase_015_subj_10"
8046,103,16,"<p style=""color:rgb(150, 250, 100); font-size: 35px;"">他的</p>","other","moral","他的",6,965,965,"e","true",NA,NA,NA,NA,"phase_015_subj_10"
8047,103,16,"<p style=""color:white; font-size: 35px;"">廉正</p>","positive","moral","廉正",6,581,581,"e","true",NA,NA,NA,NA,"phase_015_subj_10"
8048,103,16,"<p style=""color:rgb(150, 250, 100); font-size: 35px;"">他人的</p>","other","moral","他人的",6,470,470,"e","true",NA,NA,NA,NA,"phase_015_subj_10"
8049,103,16,"<p style=""color:white; font-size: 35px;"">缺德</p>","negative","moral","缺德",6,1012,1012,"i","true",NA,NA,NA,NA,"phase_015_subj_10"
8050,103,16,"<p style=""color:rgb(150, 250, 100); font-size: 35px;"">自己的</p>","self","moral","自己的",6,534,534,"i","true",NA,NA,NA,NA,"phase_015_subj_10"
8051,103,16,"<p style=""color:white; font-size: 35px;"">不孝</p>","negative","moral","不孝",6,678,678,"i","true",NA,NA,NA,NA,"phase_015_subj_10"
8052,103,16,"<p style=""color:rgb(150, 250, 100); font-size: 35px;"">本人的</p>","self","moral","本人的",6,664,664,"i","true",NA,NA,NA,NA,"phase_015_subj_10"
8053,103,16,"<p style=""color:white; font-size: 35px;"">君子</p>","positive","moral","君子",6,646,646,"e","true",NA,NA,NA,NA,"phase_015_subj_10"
8054,103,16,"<p style=""color:rgb(150, 250, 100); font-size: 35px;"">别人</p>","other","moral","别人",6,425,425,"e","true",NA,NA,NA,NA,"phase_015_subj_10"
8055,103,16,"<p style=""color:white; font-size: 35px;"">不仁</p>","negative","moral","不仁",6,569,569,"i","true",NA,NA,NA,NA,"phase_015_subj_10"
8056,103,16,"<p style=""color:rgb(150, 250, 100); font-size: 35px;"">我</p>","self","moral","我",6,585,585,"i","true",NA,NA,NA,NA,"phase_015_subj_10"
8057,103,16,"<p style=""color:white; font-size: 35px;"">善良</p>","positive","moral","善良",6,591,591,"e","true",NA,NA,NA,NA,"phase_015_subj_10"
8058,103,16,"<p style=""color:rgb(150, 250, 100); font-size: 35px;"">他</p>","other","moral","他",6,805,805,"e","true",NA,NA,NA,NA,"phase_015_subj_10"
8059,103,17,"<p style=""color:white; font-size: 35px;"">廉正</p>","positive","moral","廉正",7,627,627,"e","true",NA,NA,NA,NA,"phase_015_subj_10"
8060,103,17,"<p style=""color:rgb(150, 250, 100); font-size: 35px;"">他人的</p>","other","moral","他人的",7,493,493,"e","true",NA,NA,NA,NA,"phase_015_subj_10"
8061,103,17,"<p style=""color:white; font-size: 35px;"">卑鄙</p>","negative","moral","卑鄙",7,501,501,"i","true",NA,NA,NA,NA,"phase_015_subj_10"
8062,103,17,"<p style=""color:rgb(150, 250, 100); font-size: 35px;"">本人的</p>","self","moral","本人的",7,485,485,"i","true",NA,NA,NA,NA,"phase_015_subj_10"
8063,103,17,"<p style=""color:white; font-size: 35px;"">正直</p>","positive","moral","正直",7,525,525,"e","true",NA,NA,NA,NA,"phase_015_subj_10"
8064,103,17,"<p style=""color:rgb(150, 250, 100); font-size: 35px;"">我</p>","self","moral","我",7,631,631,"i","true",NA,NA,NA,NA,"phase_015_subj_10"
8065,103,17,"<p style=""color:white; font-size: 35px;"">不孝</p>","negative","moral","不孝",7,589,589,"i","true",NA,NA,NA,NA,"phase_015_subj_10"
8066,103,17,"<p style=""color:rgb(150, 250, 100); font-size: 35px;"">他</p>","other","moral","他",7,598,598,"e","true",NA,NA,NA,NA,"phase_015_subj_10"
8067,103,17,"<p style=""color:white; font-size: 35px;"">不仁</p>","negative","moral","不仁",7,560,560,"i","true",NA,NA,NA,NA,"phase_015_subj_10"
8068,103,17,"<p style=""color:rgb(150, 250, 100); font-size: 35px;"">本人</p>","self","moral","本人",7,625,625,"i","true",NA,NA,NA,NA,"phase_015_subj_10"
8069,103,17,"<p style=""color:white; font-size: 35px;"">高尚</p>","positive","moral","高尚",7,689,689,"e","true",NA,NA,NA,NA,"phase_015_subj_10"
8070,103,17,"<p style=""color:rgb(150, 250, 100); font-size: 35px;"">他人</p>","other","moral","他人",7,427,427,"e","true",NA,NA,NA,NA,"phase_015_subj_10"
8071,103,17,"<p style=""color:white; font-size: 35px;"">正直</p>","positive","moral","正直",7,1044,1044,"e","true",NA,NA,NA,NA,"phase_015_subj_10"
8072,103,17,"<p style=""color:rgb(150, 250, 100); font-size: 35px;"">我的</p>","self","moral","我的",7,904,904,"i","true",NA,NA,NA,NA,"phase_015_subj_10"
8073,103,17,"<p style=""color:white; font-size: 35px;"">不仁</p>","negative","moral","不仁",7,403,403,"i","true",NA,NA,NA,NA,"phase_015_subj_10"
8074,103,17,"<p style=""color:rgb(150, 250, 100); font-size: 35px;"">他的</p>","other","moral","他的",7,539,539,"e","true",NA,NA,NA,NA,"phase_015_subj_10"
8075,103,17,"<p style=""color:white; font-size: 35px;"">君子</p>","positive","moral","君子",7,501,501,"e","true",NA,NA,NA,NA,"phase_015_subj_10"
8076,103,17,"<p style=""color:rgb(150, 250, 100); font-size: 35px;"">他的</p>","other","moral","他的",7,648,648,"e","true",NA,NA,NA,NA,"phase_015_subj_10"
8077,103,17,"<p style=""color:white; font-size: 35px;"">不孝</p>","negative","moral","不孝",7,503,503,"i","true",NA,NA,NA,NA,"phase_015_subj_10"
8078,103,17,"<p style=""color:rgb(150, 250, 100); font-size: 35px;"">自己</p>","self","moral","自己",7,488,488,"i","true",NA,NA,NA,NA,"phase_015_subj_10"
8079,103,17,"<p style=""color:white; font-size: 35px;"">黑心</p>","negative","moral","黑心",7,583,583,"i","true",NA,NA,NA,NA,"phase_015_subj_10"
8080,103,17,"<p style=""color:rgb(150, 250, 100); font-size: 35px;"">本人</p>","self","moral","本人",7,573,573,"i","true",NA,NA,NA,NA,"phase_015_subj_10"
8081,103,17,"<p style=""color:white; font-size: 35px;"">高尚</p>","positive","moral","高尚",7,501,501,"e","true",NA,NA,NA,NA,"phase_015_subj_10"
8082,103,17,"<p style=""color:rgb(150, 250, 100); font-size: 35px;"">他</p>","other","moral","他",7,515,515,"e","true",NA,NA,NA,NA,"phase_015_subj_10"
8083,103,17,"<p style=""color:white; font-size: 35px;"">小人</p>","negative","moral","小人",7,622,622,"i","true",NA,NA,NA,NA,"phase_015_subj_10"
8084,103,17,"<p style=""color:rgb(150, 250, 100); font-size: 35px;"">自己的</p>","self","moral","自己的",7,547,547,"i","true",NA,NA,NA,NA,"phase_015_subj_10"
8085,103,17,"<p style=""color:white; font-size: 35px;"">善良</p>","positive","moral","善良",7,535,535,"e","true",NA,NA,NA,NA,"phase_015_subj_10"
8086,103,17,"<p style=""color:rgb(150, 250, 100); font-size: 35px;"">别人的</p>","other","moral","别人的",7,604,604,"e","true",NA,NA,NA,NA,"phase_015_subj_10"
8087,103,17,"<p style=""color:white; font-size: 35px;"">君子</p>","positive","moral","君子",7,656,656,"e","true",NA,NA,NA,NA,"phase_015_subj_10"
8088,103,17,"<p style=""color:rgb(150, 250, 100); font-size: 35px;"">他人的</p>","other","moral","他人的",7,682,682,"e","true",NA,NA,NA,NA,"phase_015_subj_10"
8089,103,17,"<p style=""color:white; font-size: 35px;"">小人</p>","negative","moral","小人",7,437,437,"i","true",NA,NA,NA,NA,"phase_015_subj_10"
8090,103,17,"<p style=""color:rgb(150, 250, 100); font-size: 35px;"">本人的</p>","self","moral","本人的",7,498,498,"i","true",NA,NA,NA,NA,"phase_015_subj_10"
8091,103,17,"<p style=""color:white; font-size: 35px;"">廉正</p>","positive","moral","廉正",7,551,551,"e","true",NA,NA,NA,NA,"phase_015_subj_10"
8092,103,17,"<p style=""color:rgb(150, 250, 100); font-size: 35px;"">别人的</p>","other","moral","别人的",7,533,533,"e","true",NA,NA,NA,NA,"phase_015_subj_10"
8093,103,17,"<p style=""color:white; font-size: 35px;"">黑心</p>","negative","moral","黑心",7,634,634,"i","true",NA,NA,NA,NA,"phase_015_subj_10"
8094,103,17,"<p style=""color:rgb(150, 250, 100); font-size: 35px;"">我的</p>","self","moral","我的",7,564,564,"i","true",NA,NA,NA,NA,"phase_015_subj_10"
8095,103,17,"<p style=""color:white; font-size: 35px;"">诚信</p>","positive","moral","诚信",7,518,518,"e","true",NA,NA,NA,NA,"phase_015_subj_10"
8096,103,17,"<p style=""color:rgb(150, 250, 100); font-size: 35px;"">他人</p>","other","moral","他人",7,537,537,"e","true",NA,NA,NA,NA,"phase_015_subj_10"
8097,103,17,"<p style=""color:white; font-size: 35px;"">缺德</p>","negative","moral","缺德",7,604,604,"i","true",NA,NA,NA,NA,"phase_015_subj_10"
8098,103,17,"<p style=""color:rgb(150, 250, 100); font-size: 35px;"">自己的</p>","self","moral","自己的",7,546,546,"i","true",NA,NA,NA,NA,"phase_015_subj_10"
8099,103,17,"<p style=""color:white; font-size: 35px;"">诚信</p>","positive","moral","诚信",7,485,485,"e","true",NA,NA,NA,NA,"phase_015_subj_10"
8100,103,17,"<p style=""color:rgb(150, 250, 100); font-size: 35px;"">自己</p>","self","moral","自己",7,564,564,"i","true",NA,NA,NA,NA,"phase_015_subj_10"
8101,103,17,"<p style=""color:white; font-size: 35px;"">卑鄙</p>","negative","moral","卑鄙",7,579,579,"i","true",NA,NA,NA,NA,"phase_015_subj_10"
8102,103,17,"<p style=""color:rgb(150, 250, 100); font-size: 35px;"">别人</p>","other","moral","别人",7,523,523,"e","true",NA,NA,NA,NA,"phase_015_subj_10"
8103,103,17,"<p style=""color:white; font-size: 35px;"">缺德</p>","negative","moral","缺德",7,576,576,"i","true",NA,NA,NA,NA,"phase_015_subj_10"
8104,103,17,"<p style=""color:rgb(150, 250, 100); font-size: 35px;"">我</p>","self","moral","我",7,478,478,"i","true",NA,NA,NA,NA,"phase_015_subj_10"
8105,103,17,"<p style=""color:white; font-size: 35px;"">善良</p>","positive","moral","善良",7,527,527,"e","true",NA,NA,NA,NA,"phase_015_subj_10"
8106,103,17,"<p style=""color:rgb(150, 250, 100); font-size: 35px;"">别人</p>","other","moral","别人",7,491,491,"e","true",NA,NA,NA,NA,"phase_015_subj_10"
8107,221,NA,"
    <h3>词语分类任务</h3>
    <p>在接下来的任务中，你需要对一系列词语进行分类。</p>
    <p>请先熟悉这些词语，这有利于你完成接下来的任务。</p>
    <table align=""center"" border=1 cellpadding=3 cellspacing=0>
    <tr> <th>类别</th> <th>词语</th> </tr>
    <tr> <td>&emsp;积极&emsp;</td> <td>&emsp;能干、全能、全才、高效、精干、天才&emsp;</td> </tr>
    <tr> <td>&emsp;消极&emsp;</td> <td>&emsp;无能、低能、废物、拙笨、愚钝、蠢笨&emsp;</td> </tr>
    <tr> <td>&emsp;自我&emsp;</td> <td>&emsp;我、我的、自己、自己的、本人、本人的&emsp;</td> </tr>
    <tr> <td>&emsp;他人&emsp;</td> <td>&emsp;他、他的、别人、别人的、他人、他人的&emsp;</td> </tr>
    </table><br/>","","","",NA,11267,NA,"0","",2,1,NA,NA,"phase_015_subj_16"
8108,221,1,"<p style=""color:rgb(150, 250, 100); font-size: 35px;"">我的</p>","self","ability","我的",1,792,792,"e","true",NA,NA,NA,NA,"phase_015_subj_16"
8109,221,1,"<p style=""color:rgb(150, 250, 100); font-size: 35px;"">别人</p>","other","ability","别人",1,831,831,"i","true",NA,NA,NA,NA,"phase_015_subj_16"
8110,221,1,"<p style=""color:rgb(150, 250, 100); font-size: 35px;"">他人的</p>","other","ability","他人的",1,511,511,"i","true",NA,NA,NA,NA,"phase_015_subj_16"
8111,221,1,"<p style=""color:rgb(150, 250, 100); font-size: 35px;"">自己的</p>","self","ability","自己的",1,484,484,"e","true",NA,NA,NA,NA,"phase_015_subj_16"
8112,221,1,"<p style=""color:rgb(150, 250, 100); font-size: 35px;"">他人</p>","other","ability","他人",1,477,477,"i","true",NA,NA,NA,NA,"phase_015_subj_16"
8113,221,1,"<p style=""color:rgb(150, 250, 100); font-size: 35px;"">他的</p>","other","ability","他的",1,469,469,"i","true",NA,NA,NA,NA,"phase_015_subj_16"
8114,221,1,"<p style=""color:rgb(150, 250, 100); font-size: 35px;"">自己</p>","self","ability","自己",1,566,566,"e","true",NA,NA,NA,NA,"phase_015_subj_16"
8115,221,1,"<p style=""color:rgb(150, 250, 100); font-size: 35px;"">我</p>","self","ability","我",1,613,613,"e","true",NA,NA,NA,NA,"phase_015_subj_16"
8116,221,1,"<p style=""color:rgb(150, 250, 100); font-size: 35px;"">他</p>","other","ability","他",1,510,510,"i","true",NA,NA,NA,NA,"phase_015_subj_16"
8117,221,1,"<p style=""color:rgb(150, 250, 100); font-size: 35px;"">本人</p>","self","ability","本人",1,540,540,"e","true",NA,NA,NA,NA,"phase_015_subj_16"
8118,221,1,"<p style=""color:rgb(150, 250, 100); font-size: 35px;"">本人的</p>","self","ability","本人的",1,430,430,"e","true",NA,NA,NA,NA,"phase_015_subj_16"
8119,221,1,"<p style=""color:rgb(150, 250, 100); font-size: 35px;"">别人的</p>","other","ability","别人的",1,673,673,"i","true",NA,NA,NA,NA,"phase_015_subj_16"
8120,221,2,"<p style=""color:white; font-size: 35px;"">天才</p>","positive","ability","天才",2,751,751,"e","false",NA,NA,NA,NA,"phase_015_subj_16"
8121,221,2,"<p style=""color:white; font-size: 35px;"">拙笨</p>","negative","ability","拙笨",2,906,906,"e","true",NA,NA,NA,NA,"phase_015_subj_16"
8122,221,2,"<p style=""color:white; font-size: 35px;"">蠢笨</p>","negative","ability","蠢笨",2,682,682,"e","true",NA,NA,NA,NA,"phase_015_subj_16"
8123,221,2,"<p style=""color:white; font-size: 35px;"">高效</p>","positive","ability","高效",2,488,488,"i","true",NA,NA,NA,NA,"phase_015_subj_16"
8124,221,2,"<p style=""color:white; font-size: 35px;"">能干</p>","positive","ability","能干",2,574,574,"i","true",NA,NA,NA,NA,"phase_015_subj_16"
8125,221,2,"<p style=""color:white; font-size: 35px;"">无能</p>","negative","ability","无能",2,625,625,"e","true",NA,NA,NA,NA,"phase_015_subj_16"
8126,221,2,"<p style=""color:white; font-size: 35px;"">废物</p>","negative","ability","废物",2,533,533,"e","true",NA,NA,NA,NA,"phase_015_subj_16"
8127,221,2,"<p style=""color:white; font-size: 35px;"">全才</p>","positive","ability","全才",2,497,497,"i","true",NA,NA,NA,NA,"phase_015_subj_16"
8128,221,2,"<p style=""color:white; font-size: 35px;"">低能</p>","negative","ability","低能",2,566,566,"e","true",NA,NA,NA,NA,"phase_015_subj_16"
8129,221,2,"<p style=""color:white; font-size: 35px;"">精干</p>","positive","ability","精干",2,511,511,"i","true",NA,NA,NA,NA,"phase_015_subj_16"
8130,221,2,"<p style=""color:white; font-size: 35px;"">全能</p>","positive","ability","全能",2,599,599,"i","true",NA,NA,NA,NA,"phase_015_subj_16"
8131,221,2,"<p style=""color:white; font-size: 35px;"">愚钝</p>","negative","ability","愚钝",2,597,597,"e","true",NA,NA,NA,NA,"phase_015_subj_16"
8132,221,3,"<p style=""color:rgb(150, 250, 100); font-size: 35px;"">别人</p>","other","ability","别人",3,1922,1922,"i","true",NA,NA,NA,NA,"phase_015_subj_16"
8133,221,3,"<p style=""color:white; font-size: 35px;"">高效</p>","positive","ability","高效",3,592,592,"i","true",NA,NA,NA,NA,"phase_015_subj_16"
8134,221,3,"<p style=""color:rgb(150, 250, 100); font-size: 35px;"">本人的</p>","self","ability","本人的",3,861,861,"e","true",NA,NA,NA,NA,"phase_015_subj_16"
8135,221,3,"<p style=""color:white; font-size: 35px;"">愚钝</p>","negative","ability","愚钝",3,532,532,"e","true",NA,NA,NA,NA,"phase_015_subj_16"
8136,221,3,"<p style=""color:rgb(150, 250, 100); font-size: 35px;"">我的</p>","self","ability","我的",3,639,639,"e","true",NA,NA,NA,NA,"phase_015_subj_16"
8137,221,3,"<p style=""color:white; font-size: 35px;"">蠢笨</p>","negative","ability","蠢笨",3,515,515,"e","true",NA,NA,NA,NA,"phase_015_subj_16"
8138,221,3,"<p style=""color:rgb(150, 250, 100); font-size: 35px;"">他</p>","other","ability","他",3,642,642,"i","true",NA,NA,NA,NA,"phase_015_subj_16"
8139,221,3,"<p style=""color:white; font-size: 35px;"">能干</p>","positive","ability","能干",3,622,622,"i","true",NA,NA,NA,NA,"phase_015_subj_16"
8140,221,3,"<p style=""color:rgb(150, 250, 100); font-size: 35px;"">本人</p>","self","ability","本人",3,520,520,"e","true",NA,NA,NA,NA,"phase_015_subj_16"
8141,221,3,"<p style=""color:white; font-size: 35px;"">全才</p>","positive","ability","全才",3,589,589,"i","true",NA,NA,NA,NA,"phase_015_subj_16"
8142,221,3,"<p style=""color:rgb(150, 250, 100); font-size: 35px;"">他的</p>","other","ability","他的",3,699,699,"i","true",NA,NA,NA,NA,"phase_015_subj_16"
8143,221,3,"<p style=""color:white; font-size: 35px;"">拙笨</p>","negative","ability","拙笨",3,551,551,"e","true",NA,NA,NA,NA,"phase_015_subj_16"
8144,221,3,"<p style=""color:rgb(150, 250, 100); font-size: 35px;"">自己的</p>","self","ability","自己的",3,855,855,"e","true",NA,NA,NA,NA,"phase_015_subj_16"
8145,221,3,"<p style=""color:white; font-size: 35px;"">无能</p>","negative","ability","无能",3,863,863,"e","true",NA,NA,NA,NA,"phase_015_subj_16"
8146,221,3,"<p style=""color:rgb(150, 250, 100); font-size: 35px;"">别人的</p>","other","ability","别人的",3,584,584,"i","true",NA,NA,NA,NA,"phase_015_subj_16"
8147,221,3,"<p style=""color:white; font-size: 35px;"">天才</p>","positive","ability","天才",3,747,747,"i","true",NA,NA,NA,NA,"phase_015_subj_16"
8148,221,3,"<p style=""color:rgb(150, 250, 100); font-size: 35px;"">他人的</p>","other","ability","他人的",3,426,426,"i","true",NA,NA,NA,NA,"phase_015_subj_16"
8149,221,3,"<p style=""color:white; font-size: 35px;"">全能</p>","positive","ability","全能",3,442,442,"i","true",NA,NA,NA,NA,"phase_015_subj_16"
8150,221,3,"<p style=""color:rgb(150, 250, 100); font-size: 35px;"">自己</p>","self","ability","自己",3,728,728,"e","true",NA,NA,NA,NA,"phase_015_subj_16"
8151,221,3,"<p style=""color:white; font-size: 35px;"">废物</p>","negative","ability","废物",3,387,387,"e","true",NA,NA,NA,NA,"phase_015_subj_16"
8152,221,3,"<p style=""color:rgb(150, 250, 100); font-size: 35px;"">他人</p>","other","ability","他人",3,630,630,"i","true",NA,NA,NA,NA,"phase_015_subj_16"
8153,221,3,"<p style=""color:white; font-size: 35px;"">精干</p>","positive","ability","精干",3,558,558,"i","true",NA,NA,NA,NA,"phase_015_subj_16"
8154,221,3,"<p style=""color:rgb(150, 250, 100); font-size: 35px;"">我</p>","self","ability","我",3,666,666,"e","true",NA,NA,NA,NA,"phase_015_subj_16"
8155,221,3,"<p style=""color:white; font-size: 35px;"">低能</p>","negative","ability","低能",3,664,664,"e","true",NA,NA,NA,NA,"phase_015_subj_16"
8156,221,4,"<p style=""color:rgb(150, 250, 100); font-size: 35px;"">别人的</p>","other","ability","别人的",4,999,999,"i","true",NA,NA,NA,NA,"phase_015_subj_16"
8157,221,4,"<p style=""color:white; font-size: 35px;"">全能</p>","positive","ability","全能",4,789,789,"i","true",NA,NA,NA,NA,"phase_015_subj_16"
8158,221,4,"<p style=""color:rgb(150, 250, 100); font-size: 35px;"">自己</p>","self","ability","自己",4,629,629,"e","true",NA,NA,NA,NA,"phase_015_subj_16"
8159,221,4,"<p style=""color:white; font-size: 35px;"">低能</p>","negative","ability","低能",4,456,456,"e","true",NA,NA,NA,NA,"phase_015_subj_16"
8160,221,4,"<p style=""color:rgb(150, 250, 100); font-size: 35px;"">本人</p>","self","ability","本人",4,901,901,"e","true",NA,NA,NA,NA,"phase_015_subj_16"
8161,221,4,"<p style=""color:white; font-size: 35px;"">废物</p>","negative","ability","废物",4,522,522,"e","true",NA,NA,NA,NA,"phase_015_subj_16"
8162,221,4,"<p style=""color:rgb(150, 250, 100); font-size: 35px;"">他</p>","other","ability","他",4,604,604,"i","true",NA,NA,NA,NA,"phase_015_subj_16"
8163,221,4,"<p style=""color:white; font-size: 35px;"">天才</p>","positive","ability","天才",4,478,478,"i","true",NA,NA,NA,NA,"phase_015_subj_16"
8164,221,4,"<p style=""color:rgb(150, 250, 100); font-size: 35px;"">本人</p>","self","ability","本人",4,783,783,"e","true",NA,NA,NA,NA,"phase_015_subj_16"
8165,221,4,"<p style=""color:white; font-size: 35px;"">蠢笨</p>","negative","ability","蠢笨",4,1165,1165,"e","true",NA,NA,NA,NA,"phase_015_subj_16"
8166,221,4,"<p style=""color:rgb(150, 250, 100); font-size: 35px;"">他的</p>","other","ability","他的",4,589,589,"i","true",NA,NA,NA,NA,"phase_015_subj_16"
8167,221,4,"<p style=""color:white; font-size: 35px;"">高效</p>","positive","ability","高效",4,744,744,"i","true",NA,NA,NA,NA,"phase_015_subj_16"
8168,221,4,"<p style=""color:rgb(150, 250, 100); font-size: 35px;"">我的</p>","self","ability","我的",4,625,1355.11627906977,"i","false",NA,NA,NA,NA,"phase_015_subj_16"
8169,221,4,"<p style=""color:white; font-size: 35px;"">精干</p>","positive","ability","精干",4,620,620,"i","true",NA,NA,NA,NA,"phase_015_subj_16"
8170,221,4,"<p style=""color:rgb(150, 250, 100); font-size: 35px;"">他人</p>","other","ability","他人",4,851,851,"i","true",NA,NA,NA,NA,"phase_015_subj_16"
8171,221,4,"<p style=""color:white; font-size: 35px;"">愚钝</p>","negative","ability","愚钝",4,684,684,"e","true",NA,NA,NA,NA,"phase_015_subj_16"
8172,221,4,"<p style=""color:rgb(150, 250, 100); font-size: 35px;"">他的</p>","other","ability","他的",4,614,614,"i","true",NA,NA,NA,NA,"phase_015_subj_16"
8173,221,4,"<p style=""color:white; font-size: 35px;"">废物</p>","negative","ability","废物",4,967,967,"e","true",NA,NA,NA,NA,"phase_015_subj_16"
8174,221,4,"<p style=""color:rgb(150, 250, 100); font-size: 35px;"">我的</p>","self","ability","我的",4,473,473,"e","true",NA,NA,NA,NA,"phase_015_subj_16"
8175,221,4,"<p style=""color:white; font-size: 35px;"">全才</p>","positive","ability","全才",4,627,627,"i","true",NA,NA,NA,NA,"phase_015_subj_16"
8176,221,4,"<p style=""color:rgb(150, 250, 100); font-size: 35px;"">他人</p>","other","ability","他人",4,562,1355.11627906977,"e","false",NA,NA,NA,NA,"phase_015_subj_16"
8177,221,4,"<p style=""color:white; font-size: 35px;"">全才</p>","positive","ability","全才",4,555,555,"i","true",NA,NA,NA,NA,"phase_015_subj_16"
8178,221,4,"<p style=""color:rgb(150, 250, 100); font-size: 35px;"">自己</p>","self","ability","自己",4,764,764,"e","true",NA,NA,NA,NA,"phase_015_subj_16"
8179,221,4,"<p style=""color:white; font-size: 35px;"">拙笨</p>","negative","ability","拙笨",4,714,714,"e","true",NA,NA,NA,NA,"phase_015_subj_16"
8180,221,4,"<p style=""color:rgb(150, 250, 100); font-size: 35px;"">别人</p>","other","ability","别人",4,639,639,"i","true",NA,NA,NA,NA,"phase_015_subj_16"
8181,221,4,"<p style=""color:white; font-size: 35px;"">低能</p>","negative","ability","低能",4,657,657,"e","true",NA,NA,NA,NA,"phase_015_subj_16"
8182,221,4,"<p style=""color:rgb(150, 250, 100); font-size: 35px;"">我</p>","self","ability","我",4,2804,2804,"e","true",NA,NA,NA,NA,"phase_015_subj_16"
8183,221,4,"<p style=""color:white; font-size: 35px;"">能干</p>","positive","ability","能干",4,645,645,"i","true",NA,NA,NA,NA,"phase_015_subj_16"
8184,221,4,"<p style=""color:rgb(150, 250, 100); font-size: 35px;"">他人的</p>","other","ability","他人的",4,603,603,"i","true",NA,NA,NA,NA,"phase_015_subj_16"
8185,221,4,"<p style=""color:white; font-size: 35px;"">全能</p>","positive","ability","全能",4,628,628,"i","true",NA,NA,NA,NA,"phase_015_subj_16"
8186,221,4,"<p style=""color:rgb(150, 250, 100); font-size: 35px;"">自己的</p>","self","ability","自己的",4,578,578,"e","true",NA,NA,NA,NA,"phase_015_subj_16"
8187,221,4,"<p style=""color:white; font-size: 35px;"">蠢笨</p>","negative","ability","蠢笨",4,1458,1458,"e","true",NA,NA,NA,NA,"phase_015_subj_16"
8188,221,4,"<p style=""color:rgb(150, 250, 100); font-size: 35px;"">本人的</p>","self","ability","本人的",4,1651,1355.11627906977,"i","false",NA,NA,NA,NA,"phase_015_subj_16"
8189,221,4,"<p style=""color:white; font-size: 35px;"">能干</p>","positive","ability","能干",4,694,694,"i","true",NA,NA,NA,NA,"phase_015_subj_16"
8190,221,4,"<p style=""color:rgb(150, 250, 100); font-size: 35px;"">他人的</p>","other","ability","他人的",4,505,505,"i","true",NA,NA,NA,NA,"phase_015_subj_16"
8191,221,4,"<p style=""color:white; font-size: 35px;"">愚钝</p>","negative","ability","愚钝",4,623,1355.11627906977,"i","false",NA,NA,NA,NA,"phase_015_subj_16"
8192,221,4,"<p style=""color:rgb(150, 250, 100); font-size: 35px;"">我</p>","self","ability","我",4,768,768,"e","true",NA,NA,NA,NA,"phase_015_subj_16"
8193,221,4,"<p style=""color:white; font-size: 35px;"">天才</p>","positive","ability","天才",4,634,634,"i","true",NA,NA,NA,NA,"phase_015_subj_16"
8194,221,4,"<p style=""color:rgb(150, 250, 100); font-size: 35px;"">别人的</p>","other","ability","别人的",4,565,565,"i","true",NA,NA,NA,NA,"phase_015_subj_16"
8195,221,4,"<p style=""color:white; font-size: 35px;"">无能</p>","negative","ability","无能",4,824,1355.11627906977,"i","false",NA,NA,NA,NA,"phase_015_subj_16"
8196,221,4,"<p style=""color:rgb(150, 250, 100); font-size: 35px;"">自己的</p>","self","ability","自己的",4,798,798,"e","true",NA,NA,NA,NA,"phase_015_subj_16"
8197,221,4,"<p style=""color:white; font-size: 35px;"">高效</p>","positive","ability","高效",4,740,740,"i","true",NA,NA,NA,NA,"phase_015_subj_16"
8198,221,4,"<p style=""color:rgb(150, 250, 100); font-size: 35px;"">别人</p>","other","ability","别人",4,692,692,"i","true",NA,NA,NA,NA,"phase_015_subj_16"
8199,221,4,"<p style=""color:white; font-size: 35px;"">无能</p>","negative","ability","无能",4,653,653,"e","true",NA,NA,NA,NA,"phase_015_subj_16"
8200,221,4,"<p style=""color:rgb(150, 250, 100); font-size: 35px;"">他</p>","other","ability","他",4,729,729,"i","true",NA,NA,NA,NA,"phase_015_subj_16"
8201,221,4,"<p style=""color:white; font-size: 35px;"">拙笨</p>","negative","ability","拙笨",4,907,907,"e","true",NA,NA,NA,NA,"phase_015_subj_16"
8202,221,4,"<p style=""color:rgb(150, 250, 100); font-size: 35px;"">本人的</p>","self","ability","本人的",4,596,596,"e","true",NA,NA,NA,NA,"phase_015_subj_16"
8203,221,4,"<p style=""color:white; font-size: 35px;"">精干</p>","positive","ability","精干",4,649,649,"i","true",NA,NA,NA,NA,"phase_015_subj_16"
8204,221,5,"<p style=""color:rgb(150, 250, 100); font-size: 35px;"">别人的</p>","other","ability","别人的",5,1681,1681,"e","true",NA,NA,NA,NA,"phase_015_subj_16"
8205,221,5,"<p style=""color:rgb(150, 250, 100); font-size: 35px;"">我的</p>","self","ability","我的",5,567,567,"i","true",NA,NA,NA,NA,"phase_015_subj_16"
8206,221,5,"<p style=""color:rgb(150, 250, 100); font-size: 35px;"">自己</p>","self","ability","自己",5,696,696,"i","true",NA,NA,NA,NA,"phase_015_subj_16"
8207,221,5,"<p style=""color:rgb(150, 250, 100); font-size: 35px;"">他的</p>","other","ability","他的",5,520,520,"e","true",NA,NA,NA,NA,"phase_015_subj_16"
8208,221,5,"<p style=""color:rgb(150, 250, 100); font-size: 35px;"">自己</p>","self","ability","自己",5,418,418,"i","true",NA,NA,NA,NA,"phase_015_subj_16"
8209,221,5,"<p style=""color:rgb(150, 250, 100); font-size: 35px;"">自己的</p>","self","ability","自己的",5,591,591,"i","true",NA,NA,NA,NA,"phase_015_subj_16"
8210,221,5,"<p style=""color:rgb(150, 250, 100); font-size: 35px;"">别人</p>","other","ability","别人",5,513,513,"e","true",NA,NA,NA,NA,"phase_015_subj_16"
8211,221,5,"<p style=""color:rgb(150, 250, 100); font-size: 35px;"">他人的</p>","other","ability","他人的",5,458,458,"e","true",NA,NA,NA,NA,"phase_015_subj_16"
8212,221,5,"<p style=""color:rgb(150, 250, 100); font-size: 35px;"">我</p>","self","ability","我",5,524,524,"i","true",NA,NA,NA,NA,"phase_015_subj_16"
8213,221,5,"<p style=""color:rgb(150, 250, 100); font-size: 35px;"">本人</p>","self","ability","本人",5,550,550,"i","true",NA,NA,NA,NA,"phase_015_subj_16"
8214,221,5,"<p style=""color:rgb(150, 250, 100); font-size: 35px;"">他的</p>","other","ability","他的",5,569,569,"e","true",NA,NA,NA,NA,"phase_015_subj_16"
8215,221,5,"<p style=""color:rgb(150, 250, 100); font-size: 35px;"">自己的</p>","self","ability","自己的",5,519,519,"i","true",NA,NA,NA,NA,"phase_015_subj_16"
8216,221,5,"<p style=""color:rgb(150, 250, 100); font-size: 35px;"">本人的</p>","self","ability","本人的",5,565,565,"i","true",NA,NA,NA,NA,"phase_015_subj_16"
8217,221,5,"<p style=""color:rgb(150, 250, 100); font-size: 35px;"">他人</p>","other","ability","他人",5,524,524,"e","true",NA,NA,NA,NA,"phase_015_subj_16"
8218,221,5,"<p style=""color:rgb(150, 250, 100); font-size: 35px;"">他</p>","other","ability","他",5,591,591,"e","true",NA,NA,NA,NA,"phase_015_subj_16"
8219,221,5,"<p style=""color:rgb(150, 250, 100); font-size: 35px;"">别人的</p>","other","ability","别人的",5,460,460,"e","true",NA,NA,NA,NA,"phase_015_subj_16"
8220,221,5,"<p style=""color:rgb(150, 250, 100); font-size: 35px;"">他人</p>","other","ability","他人",5,416,416,"e","true",NA,NA,NA,NA,"phase_015_subj_16"
8221,221,5,"<p style=""color:rgb(150, 250, 100); font-size: 35px;"">别人</p>","other","ability","别人",5,425,425,"e","true",NA,NA,NA,NA,"phase_015_subj_16"
8222,221,5,"<p style=""color:rgb(150, 250, 100); font-size: 35px;"">本人的</p>","self","ability","本人的",5,470,470,"i","true",NA,NA,NA,NA,"phase_015_subj_16"
8223,221,5,"<p style=""color:rgb(150, 250, 100); font-size: 35px;"">我</p>","self","ability","我",5,383,383,"i","true",NA,NA,NA,NA,"phase_015_subj_16"
8224,221,5,"<p style=""color:rgb(150, 250, 100); font-size: 35px;"">他人的</p>","other","ability","他人的",5,430,430,"e","true",NA,NA,NA,NA,"phase_015_subj_16"
8225,221,5,"<p style=""color:rgb(150, 250, 100); font-size: 35px;"">我的</p>","self","ability","我的",5,444,444,"i","true",NA,NA,NA,NA,"phase_015_subj_16"
8226,221,5,"<p style=""color:rgb(150, 250, 100); font-size: 35px;"">他</p>","other","ability","他",5,491,491,"i","false",NA,NA,NA,NA,"phase_015_subj_16"
8227,221,5,"<p style=""color:rgb(150, 250, 100); font-size: 35px;"">本人</p>","self","ability","本人",5,527,527,"i","true",NA,NA,NA,NA,"phase_015_subj_16"
8228,221,6,"<p style=""color:white; font-size: 35px;"">愚钝</p>","negative","ability","愚钝",6,1032,1032,"e","true",NA,NA,NA,NA,"phase_015_subj_16"
8229,221,6,"<p style=""color:rgb(150, 250, 100); font-size: 35px;"">他的</p>","other","ability","他的",6,491,491,"e","true",NA,NA,NA,NA,"phase_015_subj_16"
8230,221,6,"<p style=""color:white; font-size: 35px;"">天才</p>","positive","ability","天才",6,841,841,"i","true",NA,NA,NA,NA,"phase_015_subj_16"
8231,221,6,"<p style=""color:rgb(150, 250, 100); font-size: 35px;"">自己的</p>","self","ability","自己的",6,460,460,"i","true",NA,NA,NA,NA,"phase_015_subj_16"
8232,221,6,"<p style=""color:white; font-size: 35px;"">全能</p>","positive","ability","全能",6,579,579,"i","true",NA,NA,NA,NA,"phase_015_subj_16"
8233,221,6,"<p style=""color:rgb(150, 250, 100); font-size: 35px;"">别人</p>","other","ability","别人",6,588,588,"e","true",NA,NA,NA,NA,"phase_015_subj_16"
8234,221,6,"<p style=""color:white; font-size: 35px;"">废物</p>","negative","ability","废物",6,513,513,"e","true",NA,NA,NA,NA,"phase_015_subj_16"
8235,221,6,"<p style=""color:rgb(150, 250, 100); font-size: 35px;"">本人</p>","self","ability","本人",6,545,545,"i","true",NA,NA,NA,NA,"phase_015_subj_16"
8236,221,6,"<p style=""color:white; font-size: 35px;"">拙笨</p>","negative","ability","拙笨",6,484,484,"e","true",NA,NA,NA,NA,"phase_015_subj_16"
8237,221,6,"<p style=""color:rgb(150, 250, 100); font-size: 35px;"">别人的</p>","other","ability","别人的",6,662,662,"e","true",NA,NA,NA,NA,"phase_015_subj_16"
8238,221,6,"<p style=""color:white; font-size: 35px;"">精干</p>","positive","ability","精干",6,638,638,"i","true",NA,NA,NA,NA,"phase_015_subj_16"
8239,221,6,"<p style=""color:rgb(150, 250, 100); font-size: 35px;"">我的</p>","self","ability","我的",6,565,565,"i","true",NA,NA,NA,NA,"phase_015_subj_16"
8240,221,6,"<p style=""color:white; font-size: 35px;"">能干</p>","positive","ability","能干",6,525,525,"i","true",NA,NA,NA,NA,"phase_015_subj_16"
8241,221,6,"<p style=""color:rgb(150, 250, 100); font-size: 35px;"">本人的</p>","self","ability","本人的",6,523,523,"i","true",NA,NA,NA,NA,"phase_015_subj_16"
8242,221,6,"<p style=""color:white; font-size: 35px;"">无能</p>","negative","ability","无能",6,729,729,"e","true",NA,NA,NA,NA,"phase_015_subj_16"
8243,221,6,"<p style=""color:rgb(150, 250, 100); font-size: 35px;"">他人的</p>","other","ability","他人的",6,591,591,"e","true",NA,NA,NA,NA,"phase_015_subj_16"
8244,221,6,"<p style=""color:white; font-size: 35px;"">高效</p>","positive","ability","高效",6,786,786,"i","true",NA,NA,NA,NA,"phase_015_subj_16"
8245,221,6,"<p style=""color:rgb(150, 250, 100); font-size: 35px;"">我</p>","self","ability","我",6,357,357,"i","true",NA,NA,NA,NA,"phase_015_subj_16"
8246,221,6,"<p style=""color:white; font-size: 35px;"">低能</p>","negative","ability","低能",6,542,542,"e","true",NA,NA,NA,NA,"phase_015_subj_16"
8247,221,6,"<p style=""color:rgb(150, 250, 100); font-size: 35px;"">他</p>","other","ability","他",6,519,519,"e","true",NA,NA,NA,NA,"phase_015_subj_16"
8248,221,6,"<p style=""color:white; font-size: 35px;"">全才</p>","positive","ability","全才",6,679,679,"i","true",NA,NA,NA,NA,"phase_015_subj_16"
8249,221,6,"<p style=""color:rgb(150, 250, 100); font-size: 35px;"">自己</p>","self","ability","自己",6,604,604,"i","true",NA,NA,NA,NA,"phase_015_subj_16"
8250,221,6,"<p style=""color:white; font-size: 35px;"">蠢笨</p>","negative","ability","蠢笨",6,591,591,"e","true",NA,NA,NA,NA,"phase_015_subj_16"
8251,221,6,"<p style=""color:rgb(150, 250, 100); font-size: 35px;"">他人</p>","other","ability","他人",6,559,559,"e","true",NA,NA,NA,NA,"phase_015_subj_16"
8252,221,7,"<p style=""color:white; font-size: 35px;"">高效</p>","positive","ability","高效",7,868,868,"i","true",NA,NA,NA,NA,"phase_015_subj_16"
8253,221,7,"<p style=""color:rgb(150, 250, 100); font-size: 35px;"">我</p>","self","ability","我",7,939,939,"i","true",NA,NA,NA,NA,"phase_015_subj_16"
8254,221,7,"<p style=""color:white; font-size: 35px;"">废物</p>","negative","ability","废物",7,628,628,"e","true",NA,NA,NA,NA,"phase_015_subj_16"
8255,221,7,"<p style=""color:rgb(150, 250, 100); font-size: 35px;"">他人</p>","other","ability","他人",7,379,379,"e","true",NA,NA,NA,NA,"phase_015_subj_16"
8256,221,7,"<p style=""color:white; font-size: 35px;"">天才</p>","positive","ability","天才",7,575,575,"i","true",NA,NA,NA,NA,"phase_015_subj_16"
8257,221,7,"<p style=""color:rgb(150, 250, 100); font-size: 35px;"">他人</p>","other","ability","他人",7,542,542,"e","true",NA,NA,NA,NA,"phase_015_subj_16"
8258,221,7,"<p style=""color:white; font-size: 35px;"">废物</p>","negative","ability","废物",7,496,1329.73333333333,"i","false",NA,NA,NA,NA,"phase_015_subj_16"
8259,221,7,"<p style=""color:rgb(150, 250, 100); font-size: 35px;"">自己</p>","self","ability","自己",7,705,705,"i","true",NA,NA,NA,NA,"phase_015_subj_16"
8260,221,7,"<p style=""color:white; font-size: 35px;"">精干</p>","positive","ability","精干",7,1104,1104,"i","true",NA,NA,NA,NA,"phase_015_subj_16"
8261,221,7,"<p style=""color:rgb(150, 250, 100); font-size: 35px;"">别人的</p>","other","ability","别人的",7,655,655,"e","true",NA,NA,NA,NA,"phase_015_subj_16"
8262,221,7,"<p style=""color:white; font-size: 35px;"">愚钝</p>","negative","ability","愚钝",7,1130,1130,"e","true",NA,NA,NA,NA,"phase_015_subj_16"
8263,221,7,"<p style=""color:rgb(150, 250, 100); font-size: 35px;"">自己的</p>","self","ability","自己的",7,691,691,"i","true",NA,NA,NA,NA,"phase_015_subj_16"
8264,221,7,"<p style=""color:white; font-size: 35px;"">无能</p>","negative","ability","无能",7,628,628,"e","true",NA,NA,NA,NA,"phase_015_subj_16"
8265,221,7,"<p style=""color:rgb(150, 250, 100); font-size: 35px;"">本人</p>","self","ability","本人",7,689,689,"i","true",NA,NA,NA,NA,"phase_015_subj_16"
8266,221,7,"<p style=""color:white; font-size: 35px;"">精干</p>","positive","ability","精干",7,552,552,"i","true",NA,NA,NA,NA,"phase_015_subj_16"
8267,221,7,"<p style=""color:rgb(150, 250, 100); font-size: 35px;"">他</p>","other","ability","他",7,538,538,"e","true",NA,NA,NA,NA,"phase_015_subj_16"
8268,221,7,"<p style=""color:white; font-size: 35px;"">全能</p>","positive","ability","全能",7,555,555,"i","true",NA,NA,NA,NA,"phase_015_subj_16"
8269,221,7,"<p style=""color:rgb(150, 250, 100); font-size: 35px;"">本人</p>","self","ability","本人",7,852,852,"i","true",NA,NA,NA,NA,"phase_015_subj_16"
8270,221,7,"<p style=""color:white; font-size: 35px;"">蠢笨</p>","negative","ability","蠢笨",7,585,585,"e","true",NA,NA,NA,NA,"phase_015_subj_16"
8271,221,7,"<p style=""color:rgb(150, 250, 100); font-size: 35px;"">他人的</p>","other","ability","他人的",7,687,687,"e","true",NA,NA,NA,NA,"phase_015_subj_16"
8272,221,7,"<p style=""color:white; font-size: 35px;"">无能</p>","negative","ability","无能",7,555,1329.73333333333,"i","false",NA,NA,NA,NA,"phase_015_subj_16"
8273,221,7,"<p style=""color:rgb(150, 250, 100); font-size: 35px;"">我的</p>","self","ability","我的",7,720,720,"i","true",NA,NA,NA,NA,"phase_015_subj_16"
8274,221,7,"<p style=""color:white; font-size: 35px;"">能干</p>","positive","ability","能干",7,419,419,"i","true",NA,NA,NA,NA,"phase_015_subj_16"
8275,221,7,"<p style=""color:rgb(150, 250, 100); font-size: 35px;"">他的</p>","other","ability","他的",7,674,674,"e","true",NA,NA,NA,NA,"phase_015_subj_16"
8276,221,7,"<p style=""color:white; font-size: 35px;"">低能</p>","negative","ability","低能",7,1907,1907,"e","true",NA,NA,NA,NA,"phase_015_subj_16"
8277,221,7,"<p style=""color:rgb(150, 250, 100); font-size: 35px;"">他的</p>","other","ability","他的",7,770,770,"e","true",NA,NA,NA,NA,"phase_015_subj_16"
8278,221,7,"<p style=""color:white; font-size: 35px;"">高效</p>","positive","ability","高效",7,1100,1100,"i","true",NA,NA,NA,NA,"phase_015_subj_16"
8279,221,7,"<p style=""color:rgb(150, 250, 100); font-size: 35px;"">本人的</p>","self","ability","本人的",7,994,994,"i","true",NA,NA,NA,NA,"phase_015_subj_16"
8280,221,7,"<p style=""color:white; font-size: 35px;"">天才</p>","positive","ability","天才",7,792,792,"i","true",NA,NA,NA,NA,"phase_015_subj_16"
8281,221,7,"<p style=""color:rgb(150, 250, 100); font-size: 35px;"">别人的</p>","other","ability","别人的",7,1597,1597,"e","true",NA,NA,NA,NA,"phase_015_subj_16"
8282,221,7,"<p style=""color:white; font-size: 35px;"">拙笨</p>","negative","ability","拙笨",7,927,927,"e","true",NA,NA,NA,NA,"phase_015_subj_16"
8283,221,7,"<p style=""color:rgb(150, 250, 100); font-size: 35px;"">本人的</p>","self","ability","本人的",7,604,604,"i","true",NA,NA,NA,NA,"phase_015_subj_16"
8284,221,7,"<p style=""color:white; font-size: 35px;"">蠢笨</p>","negative","ability","蠢笨",7,648,648,"e","true",NA,NA,NA,NA,"phase_015_subj_16"
8285,221,7,"<p style=""color:rgb(150, 250, 100); font-size: 35px;"">他人的</p>","other","ability","他人的",7,644,644,"e","true",NA,NA,NA,NA,"phase_015_subj_16"
8286,221,7,"<p style=""color:white; font-size: 35px;"">全才</p>","positive","ability","全才",7,485,485,"i","true",NA,NA,NA,NA,"phase_015_subj_16"
8287,221,7,"<p style=""color:rgb(150, 250, 100); font-size: 35px;"">我</p>","self","ability","我",7,556,556,"i","true",NA,NA,NA,NA,"phase_015_subj_16"
8288,221,7,"<p style=""color:white; font-size: 35px;"">全才</p>","positive","ability","全才",7,624,624,"i","true",NA,NA,NA,NA,"phase_015_subj_16"
8289,221,7,"<p style=""color:rgb(150, 250, 100); font-size: 35px;"">自己</p>","self","ability","自己",7,492,492,"i","true",NA,NA,NA,NA,"phase_015_subj_16"
8290,221,7,"<p style=""color:white; font-size: 35px;"">低能</p>","negative","ability","低能",7,612,612,"e","true",NA,NA,NA,NA,"phase_015_subj_16"
8291,221,7,"<p style=""color:rgb(150, 250, 100); font-size: 35px;"">他</p>","other","ability","他",7,630,630,"e","true",NA,NA,NA,NA,"phase_015_subj_16"
8292,221,7,"<p style=""color:white; font-size: 35px;"">愚钝</p>","negative","ability","愚钝",7,517,517,"e","true",NA,NA,NA,NA,"phase_015_subj_16"
8293,221,7,"<p style=""color:rgb(150, 250, 100); font-size: 35px;"">别人</p>","other","ability","别人",7,622,622,"e","true",NA,NA,NA,NA,"phase_015_subj_16"
8294,221,7,"<p style=""color:white; font-size: 35px;"">全能</p>","positive","ability","全能",7,649,649,"i","true",NA,NA,NA,NA,"phase_015_subj_16"
8295,221,7,"<p style=""color:rgb(150, 250, 100); font-size: 35px;"">我的</p>","self","ability","我的",7,586,586,"i","true",NA,NA,NA,NA,"phase_015_subj_16"
8296,221,7,"<p style=""color:white; font-size: 35px;"">能干</p>","positive","ability","能干",7,740,740,"i","true",NA,NA,NA,NA,"phase_015_subj_16"
8297,221,7,"<p style=""color:rgb(150, 250, 100); font-size: 35px;"">别人</p>","other","ability","别人",7,367,1329.73333333333,"i","false",NA,NA,NA,NA,"phase_015_subj_16"
8298,221,7,"<p style=""color:white; font-size: 35px;"">拙笨</p>","negative","ability","拙笨",7,653,653,"e","true",NA,NA,NA,NA,"phase_015_subj_16"
8299,221,7,"<p style=""color:rgb(150, 250, 100); font-size: 35px;"">自己的</p>","self","ability","自己的",7,574,574,"i","true",NA,NA,NA,NA,"phase_015_subj_16"
8300,221,NA,"
    <h3>词语分类任务</h3>
    <p>在接下来的任务中，你需要对一系列词语进行分类。<p/>
    请先熟悉这些词语，这有利于你完成接下来的任务。</p>
    <table align=""center"" border=1 cellpadding=3 cellspacing=0>
    <tr> <th>类别</th> <th>词语</th> </tr>
    <tr> <td>&emsp;积极&emsp;</td> <td>&emsp;高尚、诚信、善良、君子、廉正、正直&emsp;</td> </tr>
    <tr> <td>&emsp;消极&emsp;</td> <td>&emsp;缺德、卑鄙、不孝、不仁、小人、黑心&emsp;</td> </tr>
    <tr> <td>&emsp;自我&emsp;</td> <td>&emsp;我、我的、自己、自己的、本人、本人的&emsp;</td> </tr>
    <tr> <td>&emsp;他人&emsp;</td> <td>&emsp;他、他的、别人、别人的、他人、他人的&emsp;</td> </tr>
    </table><br/>","","","",NA,38911,NA,"0","",NA,NA,2,1,"phase_015_subj_16"
8301,221,11,"<p style=""color:rgb(150, 250, 100); font-size: 35px;"">我的</p>","self","moral","我的",1,477,477,"e","true",NA,NA,NA,NA,"phase_015_subj_16"
8302,221,11,"<p style=""color:rgb(150, 250, 100); font-size: 35px;"">别人的</p>","other","moral","别人的",1,621,621,"i","true",NA,NA,NA,NA,"phase_015_subj_16"
8303,221,11,"<p style=""color:rgb(150, 250, 100); font-size: 35px;"">自己的</p>","self","moral","自己的",1,442,442,"e","true",NA,NA,NA,NA,"phase_015_subj_16"
8304,221,11,"<p style=""color:rgb(150, 250, 100); font-size: 35px;"">他</p>","other","moral","他",1,515,515,"i","true",NA,NA,NA,NA,"phase_015_subj_16"
8305,221,11,"<p style=""color:rgb(150, 250, 100); font-size: 35px;"">自己</p>","self","moral","自己",1,478,478,"e","true",NA,NA,NA,NA,"phase_015_subj_16"
8306,221,11,"<p style=""color:rgb(150, 250, 100); font-size: 35px;"">我</p>","self","moral","我",1,477,477,"e","true",NA,NA,NA,NA,"phase_015_subj_16"
8307,221,11,"<p style=""color:rgb(150, 250, 100); font-size: 35px;"">他人的</p>","other","moral","他人的",1,512,512,"i","true",NA,NA,NA,NA,"phase_015_subj_16"
8308,221,11,"<p style=""color:rgb(150, 250, 100); font-size: 35px;"">他的</p>","other","moral","他的",1,450,450,"i","true",NA,NA,NA,NA,"phase_015_subj_16"
8309,221,11,"<p style=""color:rgb(150, 250, 100); font-size: 35px;"">别人</p>","other","moral","别人",1,414,414,"i","true",NA,NA,NA,NA,"phase_015_subj_16"
8310,221,11,"<p style=""color:rgb(150, 250, 100); font-size: 35px;"">本人的</p>","self","moral","本人的",1,477,477,"e","true",NA,NA,NA,NA,"phase_015_subj_16"
8311,221,11,"<p style=""color:rgb(150, 250, 100); font-size: 35px;"">本人</p>","self","moral","本人",1,482,482,"e","true",NA,NA,NA,NA,"phase_015_subj_16"
8312,221,11,"<p style=""color:rgb(150, 250, 100); font-size: 35px;"">他人</p>","other","moral","他人",1,488,488,"i","true",NA,NA,NA,NA,"phase_015_subj_16"
8313,221,12,"<p style=""color:white; font-size: 35px;"">卑鄙</p>","negative","moral","卑鄙",2,1069,1069,"e","true",NA,NA,NA,NA,"phase_015_subj_16"
8314,221,12,"<p style=""color:white; font-size: 35px;"">高尚</p>","positive","moral","高尚",2,522,522,"i","true",NA,NA,NA,NA,"phase_015_subj_16"
8315,221,12,"<p style=""color:white; font-size: 35px;"">善良</p>","positive","moral","善良",2,569,569,"i","true",NA,NA,NA,NA,"phase_015_subj_16"
8316,221,12,"<p style=""color:white; font-size: 35px;"">不孝</p>","negative","moral","不孝",2,568,568,"e","true",NA,NA,NA,NA,"phase_015_subj_16"
8317,221,12,"<p style=""color:white; font-size: 35px;"">缺德</p>","negative","moral","缺德",2,719,719,"e","true",NA,NA,NA,NA,"phase_015_subj_16"
8318,221,12,"<p style=""color:white; font-size: 35px;"">不仁</p>","negative","moral","不仁",2,416,416,"e","true",NA,NA,NA,NA,"phase_015_subj_16"
8319,221,12,"<p style=""color:white; font-size: 35px;"">黑心</p>","negative","moral","黑心",2,392,392,"e","true",NA,NA,NA,NA,"phase_015_subj_16"
8320,221,12,"<p style=""color:white; font-size: 35px;"">廉正</p>","positive","moral","廉正",2,453,453,"e","false",NA,NA,NA,NA,"phase_015_subj_16"
8321,221,12,"<p style=""color:white; font-size: 35px;"">小人</p>","negative","moral","小人",2,626,626,"e","true",NA,NA,NA,NA,"phase_015_subj_16"
8322,221,12,"<p style=""color:white; font-size: 35px;"">君子</p>","positive","moral","君子",2,901,901,"i","true",NA,NA,NA,NA,"phase_015_subj_16"
8323,221,12,"<p style=""color:white; font-size: 35px;"">诚信</p>","positive","moral","诚信",2,639,639,"i","true",NA,NA,NA,NA,"phase_015_subj_16"
8324,221,12,"<p style=""color:white; font-size: 35px;"">正直</p>","positive","moral","正直",2,416,416,"i","true",NA,NA,NA,NA,"phase_015_subj_16"
8325,221,13,"<p style=""color:rgb(150, 250, 100); font-size: 35px;"">我的</p>","self","moral","我的",3,1362,1362,"e","true",NA,NA,NA,NA,"phase_015_subj_16"
8326,221,13,"<p style=""color:white; font-size: 35px;"">善良</p>","positive","moral","善良",3,954,954,"i","true",NA,NA,NA,NA,"phase_015_subj_16"
8327,221,13,"<p style=""color:rgb(150, 250, 100); font-size: 35px;"">别人的</p>","other","moral","别人的",3,996,996,"i","true",NA,NA,NA,NA,"phase_015_subj_16"
8328,221,13,"<p style=""color:white; font-size: 35px;"">黑心</p>","negative","moral","黑心",3,1112,1112,"e","true",NA,NA,NA,NA,"phase_015_subj_16"
8329,221,13,"<p style=""color:rgb(150, 250, 100); font-size: 35px;"">我</p>","self","moral","我",3,693,693,"e","true",NA,NA,NA,NA,"phase_015_subj_16"
8330,221,13,"<p style=""color:white; font-size: 35px;"">缺德</p>","negative","moral","缺德",3,551,551,"e","true",NA,NA,NA,NA,"phase_015_subj_16"
8331,221,13,"<p style=""color:rgb(150, 250, 100); font-size: 35px;"">他人</p>","other","moral","他人",3,708,708,"i","true",NA,NA,NA,NA,"phase_015_subj_16"
8332,221,13,"<p style=""color:white; font-size: 35px;"">高尚</p>","positive","moral","高尚",3,435,435,"i","true",NA,NA,NA,NA,"phase_015_subj_16"
8333,221,13,"<p style=""color:rgb(150, 250, 100); font-size: 35px;"">本人的</p>","self","moral","本人的",3,483,483,"e","true",NA,NA,NA,NA,"phase_015_subj_16"
8334,221,13,"<p style=""color:white; font-size: 35px;"">君子</p>","positive","moral","君子",3,582,582,"i","true",NA,NA,NA,NA,"phase_015_subj_16"
8335,221,13,"<p style=""color:rgb(150, 250, 100); font-size: 35px;"">他的</p>","other","moral","他的",3,486,486,"i","true",NA,NA,NA,NA,"phase_015_subj_16"
8336,221,13,"<p style=""color:white; font-size: 35px;"">不孝</p>","negative","moral","不孝",3,607,607,"e","true",NA,NA,NA,NA,"phase_015_subj_16"
8337,221,13,"<p style=""color:rgb(150, 250, 100); font-size: 35px;"">自己</p>","self","moral","自己",3,775,775,"e","true",NA,NA,NA,NA,"phase_015_subj_16"
8338,221,13,"<p style=""color:white; font-size: 35px;"">诚信</p>","positive","moral","诚信",3,655,655,"i","true",NA,NA,NA,NA,"phase_015_subj_16"
8339,221,13,"<p style=""color:rgb(150, 250, 100); font-size: 35px;"">别人</p>","other","moral","别人",3,439,439,"i","true",NA,NA,NA,NA,"phase_015_subj_16"
8340,221,13,"<p style=""color:white; font-size: 35px;"">卑鄙</p>","negative","moral","卑鄙",3,661,661,"e","true",NA,NA,NA,NA,"phase_015_subj_16"
8341,221,13,"<p style=""color:rgb(150, 250, 100); font-size: 35px;"">自己的</p>","self","moral","自己的",3,486,1393.52173913043,"i","false",NA,NA,NA,NA,"phase_015_subj_16"
8342,221,13,"<p style=""color:white; font-size: 35px;"">廉正</p>","positive","moral","廉正",3,779,779,"i","true",NA,NA,NA,NA,"phase_015_subj_16"
8343,221,13,"<p style=""color:rgb(150, 250, 100); font-size: 35px;"">他</p>","other","moral","他",3,625,625,"i","true",NA,NA,NA,NA,"phase_015_subj_16"
8344,221,13,"<p style=""color:white; font-size: 35px;"">不仁</p>","negative","moral","不仁",3,2631,2631,"e","true",NA,NA,NA,NA,"phase_015_subj_16"
8345,221,13,"<p style=""color:rgb(150, 250, 100); font-size: 35px;"">他人的</p>","other","moral","他人的",3,758,758,"i","true",NA,NA,NA,NA,"phase_015_subj_16"
8346,221,13,"<p style=""color:white; font-size: 35px;"">正直</p>","positive","moral","正直",3,801,801,"i","true",NA,NA,NA,NA,"phase_015_subj_16"
8347,221,13,"<p style=""color:rgb(150, 250, 100); font-size: 35px;"">本人</p>","self","moral","本人",3,592,592,"e","true",NA,NA,NA,NA,"phase_015_subj_16"
8348,221,13,"<p style=""color:white; font-size: 35px;"">小人</p>","negative","moral","小人",3,566,566,"e","true",NA,NA,NA,NA,"phase_015_subj_16"
8349,221,14,"<p style=""color:rgb(150, 250, 100); font-size: 35px;"">我</p>","self","moral","我",4,3377,3377,"e","true",NA,NA,NA,NA,"phase_015_subj_16"
8350,221,14,"<p style=""color:white; font-size: 35px;"">诚信</p>","positive","moral","诚信",4,1329,1329,"i","true",NA,NA,NA,NA,"phase_015_subj_16"
8351,221,14,"<p style=""color:rgb(150, 250, 100); font-size: 35px;"">他人的</p>","other","moral","他人的",4,796,796,"i","true",NA,NA,NA,NA,"phase_015_subj_16"
8352,221,14,"<p style=""color:white; font-size: 35px;"">缺德</p>","negative","moral","缺德",4,1495,1495,"e","true",NA,NA,NA,NA,"phase_015_subj_16"
8353,221,14,"<p style=""color:rgb(150, 250, 100); font-size: 35px;"">自己</p>","self","moral","自己",4,1351,1351,"e","true",NA,NA,NA,NA,"phase_015_subj_16"
8354,221,14,"<p style=""color:white; font-size: 35px;"">君子</p>","positive","moral","君子",4,632,632,"i","true",NA,NA,NA,NA,"phase_015_subj_16"
8355,221,14,"<p style=""color:rgb(150, 250, 100); font-size: 35px;"">他人的</p>","other","moral","他人的",4,893,893,"i","true",NA,NA,NA,NA,"phase_015_subj_16"
8356,221,14,"<p style=""color:white; font-size: 35px;"">小人</p>","negative","moral","小人",4,856,856,"e","true",NA,NA,NA,NA,"phase_015_subj_16"
8357,221,14,"<p style=""color:rgb(150, 250, 100); font-size: 35px;"">自己的</p>","self","moral","自己的",4,729,729,"e","true",NA,NA,NA,NA,"phase_015_subj_16"
8358,221,14,"<p style=""color:white; font-size: 35px;"">廉正</p>","positive","moral","廉正",4,626,626,"i","true",NA,NA,NA,NA,"phase_015_subj_16"
8359,221,14,"<p style=""color:rgb(150, 250, 100); font-size: 35px;"">别人</p>","other","moral","别人",4,444,444,"i","true",NA,NA,NA,NA,"phase_015_subj_16"
8360,221,14,"<p style=""color:white; font-size: 35px;"">小人</p>","negative","moral","小人",4,466,1453.86363636364,"i","false",NA,NA,NA,NA,"phase_015_subj_16"
8361,221,14,"<p style=""color:rgb(150, 250, 100); font-size: 35px;"">别人的</p>","other","moral","别人的",4,820,820,"i","true",NA,NA,NA,NA,"phase_015_subj_16"
8362,221,14,"<p style=""color:white; font-size: 35px;"">诚信</p>","positive","moral","诚信",4,487,487,"i","true",NA,NA,NA,NA,"phase_015_subj_16"
8363,221,14,"<p style=""color:rgb(150, 250, 100); font-size: 35px;"">自己的</p>","self","moral","自己的",4,619,619,"e","true",NA,NA,NA,NA,"phase_015_subj_16"
8364,221,14,"<p style=""color:white; font-size: 35px;"">卑鄙</p>","negative","moral","卑鄙",4,1181,1181,"e","true",NA,NA,NA,NA,"phase_015_subj_16"
8365,221,14,"<p style=""color:rgb(150, 250, 100); font-size: 35px;"">本人</p>","self","moral","本人",4,667,667,"e","true",NA,NA,NA,NA,"phase_015_subj_16"
8366,221,14,"<p style=""color:white; font-size: 35px;"">正直</p>","positive","moral","正直",4,505,505,"i","true",NA,NA,NA,NA,"phase_015_subj_16"
8367,221,14,"<p style=""color:rgb(150, 250, 100); font-size: 35px;"">他人</p>","other","moral","他人",4,445,1453.86363636364,"e","false",NA,NA,NA,NA,"phase_015_subj_16"
8368,221,14,"<p style=""color:white; font-size: 35px;"">卑鄙</p>","negative","moral","卑鄙",4,856,856,"e","true",NA,NA,NA,NA,"phase_015_subj_16"
8369,221,14,"<p style=""color:rgb(150, 250, 100); font-size: 35px;"">别人的</p>","other","moral","别人的",4,657,657,"i","true",NA,NA,NA,NA,"phase_015_subj_16"
8370,221,14,"<p style=""color:white; font-size: 35px;"">不仁</p>","negative","moral","不仁",4,1137,1137,"e","true",NA,NA,NA,NA,"phase_015_subj_16"
8371,221,14,"<p style=""color:rgb(150, 250, 100); font-size: 35px;"">自己</p>","self","moral","自己",4,760,760,"e","true",NA,NA,NA,NA,"phase_015_subj_16"
8372,221,14,"<p style=""color:white; font-size: 35px;"">廉正</p>","positive","moral","廉正",4,955,955,"i","true",NA,NA,NA,NA,"phase_015_subj_16"
8373,221,14,"<p style=""color:rgb(150, 250, 100); font-size: 35px;"">他</p>","other","moral","他",4,853,853,"i","true",NA,NA,NA,NA,"phase_015_subj_16"
8374,221,14,"<p style=""color:white; font-size: 35px;"">不仁</p>","negative","moral","不仁",4,523,1453.86363636364,"i","false",NA,NA,NA,NA,"phase_015_subj_16"
8375,221,14,"<p style=""color:rgb(150, 250, 100); font-size: 35px;"">我的</p>","self","moral","我的",4,665,665,"e","true",NA,NA,NA,NA,"phase_015_subj_16"
8376,221,14,"<p style=""color:white; font-size: 35px;"">善良</p>","positive","moral","善良",4,518,518,"i","true",NA,NA,NA,NA,"phase_015_subj_16"
8377,221,14,"<p style=""color:rgb(150, 250, 100); font-size: 35px;"">我</p>","self","moral","我",4,887,887,"e","true",NA,NA,NA,NA,"phase_015_subj_16"
8378,221,14,"<p style=""color:white; font-size: 35px;"">缺德</p>","negative","moral","缺德",4,591,591,"e","true",NA,NA,NA,NA,"phase_015_subj_16"
8379,221,14,"<p style=""color:rgb(150, 250, 100); font-size: 35px;"">他的</p>","other","moral","他的",4,834,834,"i","true",NA,NA,NA,NA,"phase_015_subj_16"
8380,221,14,"<p style=""color:white; font-size: 35px;"">高尚</p>","positive","moral","高尚",4,1003,1003,"i","true",NA,NA,NA,NA,"phase_015_subj_16"
8381,221,14,"<p style=""color:rgb(150, 250, 100); font-size: 35px;"">他人</p>","other","moral","他人",4,789,1453.86363636364,"e","false",NA,NA,NA,NA,"phase_015_subj_16"
8382,221,14,"<p style=""color:white; font-size: 35px;"">善良</p>","positive","moral","善良",4,1584,1584,"i","true",NA,NA,NA,NA,"phase_015_subj_16"
8383,221,14,"<p style=""color:rgb(150, 250, 100); font-size: 35px;"">我的</p>","self","moral","我的",4,652,652,"e","true",NA,NA,NA,NA,"phase_015_subj_16"
8384,221,14,"<p style=""color:white; font-size: 35px;"">黑心</p>","negative","moral","黑心",4,667,667,"e","true",NA,NA,NA,NA,"phase_015_subj_16"
8385,221,14,"<p style=""color:rgb(150, 250, 100); font-size: 35px;"">他</p>","other","moral","他",4,675,675,"i","true",NA,NA,NA,NA,"phase_015_subj_16"
8386,221,14,"<p style=""color:white; font-size: 35px;"">君子</p>","positive","moral","君子",4,546,546,"i","true",NA,NA,NA,NA,"phase_015_subj_16"
8387,221,14,"<p style=""color:rgb(150, 250, 100); font-size: 35px;"">本人</p>","self","moral","本人",4,563,563,"e","true",NA,NA,NA,NA,"phase_015_subj_16"
8388,221,14,"<p style=""color:white; font-size: 35px;"">黑心</p>","negative","moral","黑心",4,816,816,"e","true",NA,NA,NA,NA,"phase_015_subj_16"
8389,221,14,"<p style=""color:rgb(150, 250, 100); font-size: 35px;"">别人</p>","other","moral","别人",4,656,656,"i","true",NA,NA,NA,NA,"phase_015_subj_16"
8390,221,14,"<p style=""color:white; font-size: 35px;"">不孝</p>","negative","moral","不孝",4,643,643,"e","true",NA,NA,NA,NA,"phase_015_subj_16"
8391,221,14,"<p style=""color:rgb(150, 250, 100); font-size: 35px;"">本人的</p>","self","moral","本人的",4,573,573,"e","true",NA,NA,NA,NA,"phase_015_subj_16"
8392,221,14,"<p style=""color:white; font-size: 35px;"">正直</p>","positive","moral","正直",4,649,649,"i","true",NA,NA,NA,NA,"phase_015_subj_16"
8393,221,14,"<p style=""color:rgb(150, 250, 100); font-size: 35px;"">他的</p>","other","moral","他的",4,818,818,"i","true",NA,NA,NA,NA,"phase_015_subj_16"
8394,221,14,"<p style=""color:white; font-size: 35px;"">不孝</p>","negative","moral","不孝",4,820,820,"e","true",NA,NA,NA,NA,"phase_015_subj_16"
8395,221,14,"<p style=""color:rgb(150, 250, 100); font-size: 35px;"">本人的</p>","self","moral","本人的",4,562,562,"e","true",NA,NA,NA,NA,"phase_015_subj_16"
8396,221,14,"<p style=""color:white; font-size: 35px;"">高尚</p>","positive","moral","高尚",4,823,823,"i","true",NA,NA,NA,NA,"phase_015_subj_16"
8397,221,15,"<p style=""color:rgb(150, 250, 100); font-size: 35px;"">自己的</p>","self","moral","自己的",5,700,700,"i","true",NA,NA,NA,NA,"phase_015_subj_16"
8398,221,15,"<p style=""color:rgb(150, 250, 100); font-size: 35px;"">他人的</p>","other","moral","他人的",5,476,476,"e","true",NA,NA,NA,NA,"phase_015_subj_16"
8399,221,15,"<p style=""color:rgb(150, 250, 100); font-size: 35px;"">本人</p>","self","moral","本人",5,573,573,"i","true",NA,NA,NA,NA,"phase_015_subj_16"
8400,221,15,"<p style=""color:rgb(150, 250, 100); font-size: 35px;"">自己</p>","self","moral","自己",5,453,453,"e","false",NA,NA,NA,NA,"phase_015_subj_16"
8401,221,15,"<p style=""color:rgb(150, 250, 100); font-size: 35px;"">他的</p>","other","moral","他的",5,715,715,"e","true",NA,NA,NA,NA,"phase_015_subj_16"
8402,221,15,"<p style=""color:rgb(150, 250, 100); font-size: 35px;"">别人</p>","other","moral","别人",5,602,602,"e","true",NA,NA,NA,NA,"phase_015_subj_16"
8403,221,15,"<p style=""color:rgb(150, 250, 100); font-size: 35px;"">他人</p>","other","moral","他人",5,446,446,"e","true",NA,NA,NA,NA,"phase_015_subj_16"
8404,221,15,"<p style=""color:rgb(150, 250, 100); font-size: 35px;"">他</p>","other","moral","他",5,454,454,"e","true",NA,NA,NA,NA,"phase_015_subj_16"
8405,221,15,"<p style=""color:rgb(150, 250, 100); font-size: 35px;"">我的</p>","self","moral","我的",5,516,516,"i","true",NA,NA,NA,NA,"phase_015_subj_16"
8406,221,15,"<p style=""color:rgb(150, 250, 100); font-size: 35px;"">他人的</p>","other","moral","他人的",5,592,592,"e","true",NA,NA,NA,NA,"phase_015_subj_16"
8407,221,15,"<p style=""color:rgb(150, 250, 100); font-size: 35px;"">别人的</p>","other","moral","别人的",5,420,420,"e","true",NA,NA,NA,NA,"phase_015_subj_16"
8408,221,15,"<p style=""color:rgb(150, 250, 100); font-size: 35px;"">本人的</p>","self","moral","本人的",5,499,499,"i","true",NA,NA,NA,NA,"phase_015_subj_16"
8409,221,15,"<p style=""color:rgb(150, 250, 100); font-size: 35px;"">本人</p>","self","moral","本人",5,376,376,"i","true",NA,NA,NA,NA,"phase_015_subj_16"
8410,221,15,"<p style=""color:rgb(150, 250, 100); font-size: 35px;"">我</p>","self","moral","我",5,404,404,"i","true",NA,NA,NA,NA,"phase_015_subj_16"
8411,221,15,"<p style=""color:rgb(150, 250, 100); font-size: 35px;"">别人</p>","other","moral","别人",5,446,446,"e","true",NA,NA,NA,NA,"phase_015_subj_16"
8412,221,15,"<p style=""color:rgb(150, 250, 100); font-size: 35px;"">自己的</p>","self","moral","自己的",5,612,612,"i","true",NA,NA,NA,NA,"phase_015_subj_16"
8413,221,15,"<p style=""color:rgb(150, 250, 100); font-size: 35px;"">我</p>","self","moral","我",5,523,523,"i","true",NA,NA,NA,NA,"phase_015_subj_16"
8414,221,15,"<p style=""color:rgb(150, 250, 100); font-size: 35px;"">本人的</p>","self","moral","本人的",5,546,546,"i","true",NA,NA,NA,NA,"phase_015_subj_16"
8415,221,15,"<p style=""color:rgb(150, 250, 100); font-size: 35px;"">他</p>","other","moral","他",5,567,567,"e","true",NA,NA,NA,NA,"phase_015_subj_16"
8416,221,15,"<p style=""color:rgb(150, 250, 100); font-size: 35px;"">他人</p>","other","moral","他人",5,505,505,"e","true",NA,NA,NA,NA,"phase_015_subj_16"
8417,221,15,"<p style=""color:rgb(150, 250, 100); font-size: 35px;"">他的</p>","other","moral","他的",5,371,371,"e","true",NA,NA,NA,NA,"phase_015_subj_16"
8418,221,15,"<p style=""color:rgb(150, 250, 100); font-size: 35px;"">别人的</p>","other","moral","别人的",5,450,450,"e","true",NA,NA,NA,NA,"phase_015_subj_16"
8419,221,15,"<p style=""color:rgb(150, 250, 100); font-size: 35px;"">我的</p>","self","moral","我的",5,537,537,"i","true",NA,NA,NA,NA,"phase_015_subj_16"
8420,221,15,"<p style=""color:rgb(150, 250, 100); font-size: 35px;"">自己</p>","self","moral","自己",5,454,454,"i","true",NA,NA,NA,NA,"phase_015_subj_16"
8421,221,16,"<p style=""color:white; font-size: 35px;"">高尚</p>","positive","moral","高尚",6,755,755,"i","true",NA,NA,NA,NA,"phase_015_subj_16"
8422,221,16,"<p style=""color:rgb(150, 250, 100); font-size: 35px;"">别人的</p>","other","moral","别人的",6,767,767,"e","true",NA,NA,NA,NA,"phase_015_subj_16"
8423,221,16,"<p style=""color:white; font-size: 35px;"">黑心</p>","negative","moral","黑心",6,670,670,"e","true",NA,NA,NA,NA,"phase_015_subj_16"
8424,221,16,"<p style=""color:rgb(150, 250, 100); font-size: 35px;"">我的</p>","self","moral","我的",6,545,545,"i","true",NA,NA,NA,NA,"phase_015_subj_16"
8425,221,16,"<p style=""color:white; font-size: 35px;"">不仁</p>","negative","moral","不仁",6,598,598,"e","true",NA,NA,NA,NA,"phase_015_subj_16"
8426,221,16,"<p style=""color:rgb(150, 250, 100); font-size: 35px;"">本人</p>","self","moral","本人",6,686,686,"i","true",NA,NA,NA,NA,"phase_015_subj_16"
8427,221,16,"<p style=""color:white; font-size: 35px;"">善良</p>","positive","moral","善良",6,484,484,"i","true",NA,NA,NA,NA,"phase_015_subj_16"
8428,221,16,"<p style=""color:rgb(150, 250, 100); font-size: 35px;"">别人</p>","other","moral","别人",6,425,1221.30434782609,"i","false",NA,NA,NA,NA,"phase_015_subj_16"
8429,221,16,"<p style=""color:white; font-size: 35px;"">卑鄙</p>","negative","moral","卑鄙",6,1079,1079,"e","true",NA,NA,NA,NA,"phase_015_subj_16"
8430,221,16,"<p style=""color:rgb(150, 250, 100); font-size: 35px;"">他人的</p>","other","moral","他人的",6,540,540,"e","true",NA,NA,NA,NA,"phase_015_subj_16"
8431,221,16,"<p style=""color:white; font-size: 35px;"">君子</p>","positive","moral","君子",6,802,802,"i","true",NA,NA,NA,NA,"phase_015_subj_16"
8432,221,16,"<p style=""color:rgb(150, 250, 100); font-size: 35px;"">本人的</p>","self","moral","本人的",6,619,619,"i","true",NA,NA,NA,NA,"phase_015_subj_16"
8433,221,16,"<p style=""color:white; font-size: 35px;"">不孝</p>","negative","moral","不孝",6,576,576,"e","true",NA,NA,NA,NA,"phase_015_subj_16"
8434,221,16,"<p style=""color:rgb(150, 250, 100); font-size: 35px;"">我</p>","self","moral","我",6,478,478,"i","true",NA,NA,NA,NA,"phase_015_subj_16"
8435,221,16,"<p style=""color:white; font-size: 35px;"">廉正</p>","positive","moral","廉正",6,503,503,"i","true",NA,NA,NA,NA,"phase_015_subj_16"
8436,221,16,"<p style=""color:rgb(150, 250, 100); font-size: 35px;"">他人</p>","other","moral","他人",6,546,546,"e","true",NA,NA,NA,NA,"phase_015_subj_16"
8437,221,16,"<p style=""color:white; font-size: 35px;"">缺德</p>","negative","moral","缺德",6,452,452,"e","true",NA,NA,NA,NA,"phase_015_subj_16"
8438,221,16,"<p style=""color:rgb(150, 250, 100); font-size: 35px;"">自己</p>","self","moral","自己",6,767,767,"i","true",NA,NA,NA,NA,"phase_015_subj_16"
8439,221,16,"<p style=""color:white; font-size: 35px;"">正直</p>","positive","moral","正直",6,476,476,"i","true",NA,NA,NA,NA,"phase_015_subj_16"
8440,221,16,"<p style=""color:rgb(150, 250, 100); font-size: 35px;"">他的</p>","other","moral","他的",6,515,515,"e","true",NA,NA,NA,NA,"phase_015_subj_16"
8441,221,16,"<p style=""color:white; font-size: 35px;"">小人</p>","negative","moral","小人",6,604,604,"e","true",NA,NA,NA,NA,"phase_015_subj_16"
8442,221,16,"<p style=""color:rgb(150, 250, 100); font-size: 35px;"">他</p>","other","moral","他",6,593,593,"e","true",NA,NA,NA,NA,"phase_015_subj_16"
8443,221,16,"<p style=""color:white; font-size: 35px;"">诚信</p>","positive","moral","诚信",6,879,879,"i","true",NA,NA,NA,NA,"phase_015_subj_16"
8444,221,16,"<p style=""color:rgb(150, 250, 100); font-size: 35px;"">自己的</p>","self","moral","自己的",6,356,356,"i","true",NA,NA,NA,NA,"phase_015_subj_16"
8445,221,17,"<p style=""color:white; font-size: 35px;"">不仁</p>","negative","moral","不仁",7,720,720,"e","true",NA,NA,NA,NA,"phase_015_subj_16"
8446,221,17,"<p style=""color:rgb(150, 250, 100); font-size: 35px;"">自己的</p>","self","moral","自己的",7,811,811,"i","true",NA,NA,NA,NA,"phase_015_subj_16"
8447,221,17,"<p style=""color:white; font-size: 35px;"">正直</p>","positive","moral","正直",7,1238,1238,"i","true",NA,NA,NA,NA,"phase_015_subj_16"
8448,221,17,"<p style=""color:rgb(150, 250, 100); font-size: 35px;"">别人的</p>","other","moral","别人的",7,520,520,"e","true",NA,NA,NA,NA,"phase_015_subj_16"
8449,221,17,"<p style=""color:white; font-size: 35px;"">善良</p>","positive","moral","善良",7,536,536,"i","true",NA,NA,NA,NA,"phase_015_subj_16"
8450,221,17,"<p style=""color:rgb(150, 250, 100); font-size: 35px;"">本人的</p>","self","moral","本人的",7,352,352,"i","true",NA,NA,NA,NA,"phase_015_subj_16"
8451,221,17,"<p style=""color:white; font-size: 35px;"">不孝</p>","negative","moral","不孝",7,495,495,"e","true",NA,NA,NA,NA,"phase_015_subj_16"
8452,221,17,"<p style=""color:rgb(150, 250, 100); font-size: 35px;"">他</p>","other","moral","他",7,396,396,"e","true",NA,NA,NA,NA,"phase_015_subj_16"
8453,221,17,"<p style=""color:white; font-size: 35px;"">高尚</p>","positive","moral","高尚",7,507,507,"i","true",NA,NA,NA,NA,"phase_015_subj_16"
8454,221,17,"<p style=""color:rgb(150, 250, 100); font-size: 35px;"">我</p>","self","moral","我",7,587,587,"i","true",NA,NA,NA,NA,"phase_015_subj_16"
8455,221,17,"<p style=""color:white; font-size: 35px;"">黑心</p>","negative","moral","黑心",7,504,504,"e","true",NA,NA,NA,NA,"phase_015_subj_16"
8456,221,17,"<p style=""color:rgb(150, 250, 100); font-size: 35px;"">他人</p>","other","moral","他人",7,647,647,"e","true",NA,NA,NA,NA,"phase_015_subj_16"
8457,221,17,"<p style=""color:white; font-size: 35px;"">小人</p>","negative","moral","小人",7,476,476,"e","true",NA,NA,NA,NA,"phase_015_subj_16"
8458,221,17,"<p style=""color:rgb(150, 250, 100); font-size: 35px;"">自己</p>","self","moral","自己",7,942,942,"i","true",NA,NA,NA,NA,"phase_015_subj_16"
8459,221,17,"<p style=""color:white; font-size: 35px;"">廉正</p>","positive","moral","廉正",7,705,705,"i","true",NA,NA,NA,NA,"phase_015_subj_16"
8460,221,17,"<p style=""color:rgb(150, 250, 100); font-size: 35px;"">他人的</p>","other","moral","他人的",7,390,390,"e","true",NA,NA,NA,NA,"phase_015_subj_16"
8461,221,17,"<p style=""color:white; font-size: 35px;"">缺德</p>","negative","moral","缺德",7,785,785,"e","true",NA,NA,NA,NA,"phase_015_subj_16"
8462,221,17,"<p style=""color:rgb(150, 250, 100); font-size: 35px;"">我的</p>","self","moral","我的",7,685,685,"i","true",NA,NA,NA,NA,"phase_015_subj_16"
8463,221,17,"<p style=""color:white; font-size: 35px;"">正直</p>","positive","moral","正直",7,600,600,"i","true",NA,NA,NA,NA,"phase_015_subj_16"
8464,221,17,"<p style=""color:rgb(150, 250, 100); font-size: 35px;"">他</p>","other","moral","他",7,563,563,"e","true",NA,NA,NA,NA,"phase_015_subj_16"
8465,221,17,"<p style=""color:white; font-size: 35px;"">诚信</p>","positive","moral","诚信",7,477,477,"i","true",NA,NA,NA,NA,"phase_015_subj_16"
8466,221,17,"<p style=""color:rgb(150, 250, 100); font-size: 35px;"">自己的</p>","self","moral","自己的",7,403,403,"i","true",NA,NA,NA,NA,"phase_015_subj_16"
8467,221,17,"<p style=""color:white; font-size: 35px;"">小人</p>","negative","moral","小人",7,575,575,"e","true",NA,NA,NA,NA,"phase_015_subj_16"
8468,221,17,"<p style=""color:rgb(150, 250, 100); font-size: 35px;"">他人</p>","other","moral","他人",7,452,452,"e","true",NA,NA,NA,NA,"phase_015_subj_16"
8469,221,17,"<p style=""color:white; font-size: 35px;"">高尚</p>","positive","moral","高尚",7,447,447,"i","true",NA,NA,NA,NA,"phase_015_subj_16"
8470,221,17,"<p style=""color:rgb(150, 250, 100); font-size: 35px;"">他人的</p>","other","moral","他人的",7,452,452,"e","true",NA,NA,NA,NA,"phase_015_subj_16"
8471,221,17,"<p style=""color:white; font-size: 35px;"">不仁</p>","negative","moral","不仁",7,413,413,"e","true",NA,NA,NA,NA,"phase_015_subj_16"
8472,221,17,"<p style=""color:rgb(150, 250, 100); font-size: 35px;"">本人</p>","self","moral","本人",7,533,533,"i","true",NA,NA,NA,NA,"phase_015_subj_16"
8473,221,17,"<p style=""color:white; font-size: 35px;"">君子</p>","positive","moral","君子",7,544,544,"i","true",NA,NA,NA,NA,"phase_015_subj_16"
8474,221,17,"<p style=""color:rgb(150, 250, 100); font-size: 35px;"">他的</p>","other","moral","他的",7,514,514,"e","true",NA,NA,NA,NA,"phase_015_subj_16"
8475,221,17,"<p style=""color:white; font-size: 35px;"">缺德</p>","negative","moral","缺德",7,491,491,"e","true",NA,NA,NA,NA,"phase_015_subj_16"
8476,221,17,"<p style=""color:rgb(150, 250, 100); font-size: 35px;"">自己</p>","self","moral","自己",7,554,554,"i","true",NA,NA,NA,NA,"phase_015_subj_16"
8477,221,17,"<p style=""color:white; font-size: 35px;"">廉正</p>","positive","moral","廉正",7,778,778,"i","true",NA,NA,NA,NA,"phase_015_subj_16"
8478,221,17,"<p style=""color:rgb(150, 250, 100); font-size: 35px;"">本人</p>","self","moral","本人",7,460,460,"i","true",NA,NA,NA,NA,"phase_015_subj_16"
8479,221,17,"<p style=""color:white; font-size: 35px;"">卑鄙</p>","negative","moral","卑鄙",7,658,658,"e","true",NA,NA,NA,NA,"phase_015_subj_16"
8480,221,17,"<p style=""color:rgb(150, 250, 100); font-size: 35px;"">别人</p>","other","moral","别人",7,704,704,"e","true",NA,NA,NA,NA,"phase_015_subj_16"
8481,221,17,"<p style=""color:white; font-size: 35px;"">卑鄙</p>","negative","moral","卑鄙",7,477,477,"e","true",NA,NA,NA,NA,"phase_015_subj_16"
8482,221,17,"<p style=""color:rgb(150, 250, 100); font-size: 35px;"">我的</p>","self","moral","我的",7,496,496,"i","true",NA,NA,NA,NA,"phase_015_subj_16"
8483,221,17,"<p style=""color:white; font-size: 35px;"">诚信</p>","positive","moral","诚信",7,567,567,"i","true",NA,NA,NA,NA,"phase_015_subj_16"
8484,221,17,"<p style=""color:rgb(150, 250, 100); font-size: 35px;"">别人</p>","other","moral","别人",7,394,1179.76595744681,"i","false",NA,NA,NA,NA,"phase_015_subj_16"
8485,221,17,"<p style=""color:white; font-size: 35px;"">黑心</p>","negative","moral","黑心",7,552,552,"e","true",NA,NA,NA,NA,"phase_015_subj_16"
8486,221,17,"<p style=""color:rgb(150, 250, 100); font-size: 35px;"">本人的</p>","self","moral","本人的",7,501,501,"i","true",NA,NA,NA,NA,"phase_015_subj_16"
8487,221,17,"<p style=""color:white; font-size: 35px;"">善良</p>","positive","moral","善良",7,568,568,"i","true",NA,NA,NA,NA,"phase_015_subj_16"
8488,221,17,"<p style=""color:rgb(150, 250, 100); font-size: 35px;"">别人的</p>","other","moral","别人的",7,615,615,"e","true",NA,NA,NA,NA,"phase_015_subj_16"
8489,221,17,"<p style=""color:white; font-size: 35px;"">不孝</p>","negative","moral","不孝",7,555,555,"e","true",NA,NA,NA,NA,"phase_015_subj_16"
8490,221,17,"<p style=""color:rgb(150, 250, 100); font-size: 35px;"">我</p>","self","moral","我",7,493,493,"i","true",NA,NA,NA,NA,"phase_015_subj_16"
8491,221,17,"<p style=""color:white; font-size: 35px;"">君子</p>","positive","moral","君子",7,882,882,"i","true",NA,NA,NA,NA,"phase_015_subj_16"
8492,221,17,"<p style=""color:rgb(150, 250, 100); font-size: 35px;"">他的</p>","other","moral","他的",7,629,629,"e","true",NA,NA,NA,NA,"phase_015_subj_16"
8493,417,NA,"
    <h3>词语分类任务</h3>
    <p>在接下来的任务中，你需要对一系列词语进行分类。<p/>
    请先熟悉这些词语，这有利于你完成接下来的任务。</p>
    <table align=""center"" border=1 cellpadding=3 cellspacing=0>
    <tr> <th>类别</th> <th>词语</th> </tr>
    <tr> <td>&emsp;积极&emsp;</td> <td>&emsp;高尚、诚信、善良、君子、廉正、正直&emsp;</td> </tr>
    <tr> <td>&emsp;消极&emsp;</td> <td>&emsp;缺德、卑鄙、不孝、不仁、小人、黑心&emsp;</td> </tr>
    <tr> <td>&emsp;自我&emsp;</td> <td>&emsp;我、我的、自己、自己的、本人、本人的&emsp;</td> </tr>
    <tr> <td>&emsp;他人&emsp;</td> <td>&emsp;他、他的、别人、别人的、他人、他人的&emsp;</td> </tr>
    </table><br/>","","","",NA,29925,NA,"0","",NA,NA,2,2,"phase_015_subj_24"
8494,417,11,"<p style=""color:rgb(150, 250, 100); font-size: 35px;"">自己</p>","self","moral","自己",1,834,834,"i","true",NA,NA,NA,NA,"phase_015_subj_24"
8495,417,11,"<p style=""color:rgb(150, 250, 100); font-size: 35px;"">自己的</p>","self","moral","自己的",1,702,702,"i","true",NA,NA,NA,NA,"phase_015_subj_24"
8496,417,11,"<p style=""color:rgb(150, 250, 100); font-size: 35px;"">他人的</p>","other","moral","他人的",1,2278,2278,"e","true",NA,NA,NA,NA,"phase_015_subj_24"
8497,417,11,"<p style=""color:rgb(150, 250, 100); font-size: 35px;"">我</p>","self","moral","我",1,2015,2015,"i","true",NA,NA,NA,NA,"phase_015_subj_24"
8498,417,11,"<p style=""color:rgb(150, 250, 100); font-size: 35px;"">别人</p>","other","moral","别人",1,2159,2159,"e","true",NA,NA,NA,NA,"phase_015_subj_24"
8499,417,11,"<p style=""color:rgb(150, 250, 100); font-size: 35px;"">他</p>","other","moral","他",1,1967,1967,"e","true",NA,NA,NA,NA,"phase_015_subj_24"
8500,417,11,"<p style=""color:rgb(150, 250, 100); font-size: 35px;"">本人的</p>","self","moral","本人的",1,2823,2823,"i","true",NA,NA,NA,NA,"phase_015_subj_24"
8501,417,11,"<p style=""color:rgb(150, 250, 100); font-size: 35px;"">他人</p>","other","moral","他人",1,2183,2183,"e","true",NA,NA,NA,NA,"phase_015_subj_24"
8502,417,11,"<p style=""color:rgb(150, 250, 100); font-size: 35px;"">他的</p>","other","moral","他的",1,2950,2950,"e","true",NA,NA,NA,NA,"phase_015_subj_24"
8503,417,11,"<p style=""color:rgb(150, 250, 100); font-size: 35px;"">别人的</p>","other","moral","别人的",1,2926,2926,"e","true",NA,NA,NA,NA,"phase_015_subj_24"
8504,417,11,"<p style=""color:rgb(150, 250, 100); font-size: 35px;"">我的</p>","self","moral","我的",1,2910,2910,"i","true",NA,NA,NA,NA,"phase_015_subj_24"
8505,417,11,"<p style=""color:rgb(150, 250, 100); font-size: 35px;"">本人</p>","self","moral","本人",1,3766,3766,"i","true",NA,NA,NA,NA,"phase_015_subj_24"
8506,417,12,"<p style=""color:white; font-size: 35px;"">高尚</p>","positive","moral","高尚",2,3718,3718,"i","true",NA,NA,NA,NA,"phase_015_subj_24"
8507,417,12,"<p style=""color:white; font-size: 35px;"">缺德</p>","negative","moral","缺德",2,4134,4134,"e","true",NA,NA,NA,NA,"phase_015_subj_24"
8508,417,12,"<p style=""color:white; font-size: 35px;"">善良</p>","positive","moral","善良",2,1198,1198,"i","true",NA,NA,NA,NA,"phase_015_subj_24"
8509,417,12,"<p style=""color:white; font-size: 35px;"">正直</p>","positive","moral","正直",2,2430,2430,"i","true",NA,NA,NA,NA,"phase_015_subj_24"
8510,417,12,"<p style=""color:white; font-size: 35px;"">卑鄙</p>","negative","moral","卑鄙",2,3094,3094,"e","true",NA,NA,NA,NA,"phase_015_subj_24"
8511,417,12,"<p style=""color:white; font-size: 35px;"">黑心</p>","negative","moral","黑心",2,3663,3663,"e","true",NA,NA,NA,NA,"phase_015_subj_24"
8512,417,12,"<p style=""color:white; font-size: 35px;"">小人</p>","negative","moral","小人",2,2567,2567,"e","true",NA,NA,NA,NA,"phase_015_subj_24"
8513,417,12,"<p style=""color:white; font-size: 35px;"">廉正</p>","positive","moral","廉正",2,1046,1046,"i","true",NA,NA,NA,NA,"phase_015_subj_24"
8514,417,12,"<p style=""color:white; font-size: 35px;"">不孝</p>","negative","moral","不孝",2,646,646,"e","true",NA,NA,NA,NA,"phase_015_subj_24"
8515,417,12,"<p style=""color:white; font-size: 35px;"">不仁</p>","negative","moral","不仁",2,694,694,"e","true",NA,NA,NA,NA,"phase_015_subj_24"
8516,417,12,"<p style=""color:white; font-size: 35px;"">君子</p>","positive","moral","君子",2,630,630,"i","true",NA,NA,NA,NA,"phase_015_subj_24"
8517,417,12,"<p style=""color:white; font-size: 35px;"">诚信</p>","positive","moral","诚信",2,1438,1438,"i","true",NA,NA,NA,NA,"phase_015_subj_24"
8518,417,13,"<p style=""color:rgb(150, 250, 100); font-size: 35px;"">他</p>","other","moral","他",3,772,772,"e","true",NA,NA,NA,NA,"phase_015_subj_24"
8519,417,13,"<p style=""color:white; font-size: 35px;"">诚信</p>","positive","moral","诚信",3,1070,1070,"i","true",NA,NA,NA,NA,"phase_015_subj_24"
8520,417,13,"<p style=""color:rgb(150, 250, 100); font-size: 35px;"">我的</p>","self","moral","我的",3,998,998,"i","true",NA,NA,NA,NA,"phase_015_subj_24"
8521,417,13,"<p style=""color:white; font-size: 35px;"">小人</p>","negative","moral","小人",3,870,870,"e","true",NA,NA,NA,NA,"phase_015_subj_24"
8522,417,13,"<p style=""color:rgb(150, 250, 100); font-size: 35px;"">自己的</p>","self","moral","自己的",3,838,838,"i","true",NA,NA,NA,NA,"phase_015_subj_24"
8523,417,13,"<p style=""color:white; font-size: 35px;"">不孝</p>","negative","moral","不孝",3,646,646,"e","true",NA,NA,NA,NA,"phase_015_subj_24"
8524,417,13,"<p style=""color:rgb(150, 250, 100); font-size: 35px;"">他人的</p>","other","moral","他人的",3,518,518,"e","true",NA,NA,NA,NA,"phase_015_subj_24"
8525,417,13,"<p style=""color:white; font-size: 35px;"">正直</p>","positive","moral","正直",3,645,645,"i","true",NA,NA,NA,NA,"phase_015_subj_24"
8526,417,13,"<p style=""color:rgb(150, 250, 100); font-size: 35px;"">本人</p>","self","moral","本人",3,782,782,"i","true",NA,NA,NA,NA,"phase_015_subj_24"
8527,417,13,"<p style=""color:white; font-size: 35px;"">黑心</p>","negative","moral","黑心",3,550,550,"e","true",NA,NA,NA,NA,"phase_015_subj_24"
8528,417,13,"<p style=""color:rgb(150, 250, 100); font-size: 35px;"">他的</p>","other","moral","他的",3,1254,1254,"e","true",NA,NA,NA,NA,"phase_015_subj_24"
8529,417,13,"<p style=""color:white; font-size: 35px;"">廉正</p>","positive","moral","廉正",3,1390,1390,"i","true",NA,NA,NA,NA,"phase_015_subj_24"
8530,417,13,"<p style=""color:rgb(150, 250, 100); font-size: 35px;"">自己</p>","self","moral","自己",3,591,591,"i","true",NA,NA,NA,NA,"phase_015_subj_24"
8531,417,13,"<p style=""color:white; font-size: 35px;"">不仁</p>","negative","moral","不仁",3,582,582,"e","true",NA,NA,NA,NA,"phase_015_subj_24"
8532,417,13,"<p style=""color:rgb(150, 250, 100); font-size: 35px;"">他人</p>","other","moral","他人",3,910,910,"e","true",NA,NA,NA,NA,"phase_015_subj_24"
8533,417,13,"<p style=""color:white; font-size: 35px;"">善良</p>","positive","moral","善良",3,630,630,"i","true",NA,NA,NA,NA,"phase_015_subj_24"
8534,417,13,"<p style=""color:rgb(150, 250, 100); font-size: 35px;"">我</p>","self","moral","我",3,655,655,"i","true",NA,NA,NA,NA,"phase_015_subj_24"
8535,417,13,"<p style=""color:white; font-size: 35px;"">高尚</p>","positive","moral","高尚",3,1078,1078,"i","true",NA,NA,NA,NA,"phase_015_subj_24"
8536,417,13,"<p style=""color:rgb(150, 250, 100); font-size: 35px;"">别人的</p>","other","moral","别人的",3,694,694,"e","true",NA,NA,NA,NA,"phase_015_subj_24"
8537,417,13,"<p style=""color:white; font-size: 35px;"">缺德</p>","negative","moral","缺德",3,879,879,"e","true",NA,NA,NA,NA,"phase_015_subj_24"
8538,417,13,"<p style=""color:rgb(150, 250, 100); font-size: 35px;"">别人</p>","other","moral","别人",3,901,901,"e","true",NA,NA,NA,NA,"phase_015_subj_24"
8539,417,13,"<p style=""color:white; font-size: 35px;"">君子</p>","positive","moral","君子",3,798,798,"i","true",NA,NA,NA,NA,"phase_015_subj_24"
8540,417,13,"<p style=""color:rgb(150, 250, 100); font-size: 35px;"">本人的</p>","self","moral","本人的",3,982,982,"i","true",NA,NA,NA,NA,"phase_015_subj_24"
8541,417,13,"<p style=""color:white; font-size: 35px;"">卑鄙</p>","negative","moral","卑鄙",3,685,685,"e","true",NA,NA,NA,NA,"phase_015_subj_24"
8542,417,14,"<p style=""color:rgb(150, 250, 100); font-size: 35px;"">自己的</p>","self","moral","自己的",4,860,860,"i","true",NA,NA,NA,NA,"phase_015_subj_24"
8543,417,14,"<p style=""color:white; font-size: 35px;"">廉正</p>","positive","moral","廉正",4,1309,1309,"i","true",NA,NA,NA,NA,"phase_015_subj_24"
8544,417,14,"<p style=""color:rgb(150, 250, 100); font-size: 35px;"">别人的</p>","other","moral","别人的",4,511,511,"e","true",NA,NA,NA,NA,"phase_015_subj_24"
8545,417,14,"<p style=""color:white; font-size: 35px;"">不孝</p>","negative","moral","不孝",4,846,846,"e","true",NA,NA,NA,NA,"phase_015_subj_24"
8546,417,14,"<p style=""color:rgb(150, 250, 100); font-size: 35px;"">他的</p>","other","moral","他的",4,590,590,"e","true",NA,NA,NA,NA,"phase_015_subj_24"
8547,417,14,"<p style=""color:white; font-size: 35px;"">高尚</p>","positive","moral","高尚",4,734,734,"i","true",NA,NA,NA,NA,"phase_015_subj_24"
8548,417,14,"<p style=""color:rgb(150, 250, 100); font-size: 35px;"">自己的</p>","self","moral","自己的",4,734,734,"i","true",NA,NA,NA,NA,"phase_015_subj_24"
8549,417,14,"<p style=""color:white; font-size: 35px;"">小人</p>","negative","moral","小人",4,750,750,"e","true",NA,NA,NA,NA,"phase_015_subj_24"
8550,417,14,"<p style=""color:rgb(150, 250, 100); font-size: 35px;"">本人</p>","self","moral","本人",4,662,662,"i","true",NA,NA,NA,NA,"phase_015_subj_24"
8551,417,14,"<p style=""color:white; font-size: 35px;"">高尚</p>","positive","moral","高尚",4,655,655,"i","true",NA,NA,NA,NA,"phase_015_subj_24"
8552,417,14,"<p style=""color:rgb(150, 250, 100); font-size: 35px;"">他人的</p>","other","moral","他人的",4,814,814,"e","true",NA,NA,NA,NA,"phase_015_subj_24"
8553,417,14,"<p style=""color:white; font-size: 35px;"">黑心</p>","negative","moral","黑心",4,703,703,"e","true",NA,NA,NA,NA,"phase_015_subj_24"
8554,417,14,"<p style=""color:rgb(150, 250, 100); font-size: 35px;"">别人</p>","other","moral","别人",4,814,814,"e","true",NA,NA,NA,NA,"phase_015_subj_24"
8555,417,14,"<p style=""color:white; font-size: 35px;"">君子</p>","positive","moral","君子",4,646,646,"i","true",NA,NA,NA,NA,"phase_015_subj_24"
8556,417,14,"<p style=""color:rgb(150, 250, 100); font-size: 35px;"">本人</p>","self","moral","本人",4,1031,1031,"i","true",NA,NA,NA,NA,"phase_015_subj_24"
8557,417,14,"<p style=""color:white; font-size: 35px;"">缺德</p>","negative","moral","缺德",4,661,661,"e","true",NA,NA,NA,NA,"phase_015_subj_24"
8558,417,14,"<p style=""color:rgb(150, 250, 100); font-size: 35px;"">自己</p>","self","moral","自己",4,766,766,"i","true",NA,NA,NA,NA,"phase_015_subj_24"
8559,417,14,"<p style=""color:white; font-size: 35px;"">善良</p>","positive","moral","善良",4,742,742,"i","true",NA,NA,NA,NA,"phase_015_subj_24"
8560,417,14,"<p style=""color:rgb(150, 250, 100); font-size: 35px;"">他人的</p>","other","moral","他人的",4,637,637,"e","true",NA,NA,NA,NA,"phase_015_subj_24"
8561,417,14,"<p style=""color:white; font-size: 35px;"">黑心</p>","negative","moral","黑心",4,1085,1661.54347826087,"i","false",NA,NA,NA,NA,"phase_015_subj_24"
8562,417,14,"<p style=""color:rgb(150, 250, 100); font-size: 35px;"">他的</p>","other","moral","他的",4,2598,2598,"e","true",NA,NA,NA,NA,"phase_015_subj_24"
8563,417,14,"<p style=""color:white; font-size: 35px;"">不孝</p>","negative","moral","不孝",4,3694,3694,"e","true",NA,NA,NA,NA,"phase_015_subj_24"
8564,417,14,"<p style=""color:rgb(150, 250, 100); font-size: 35px;"">自己</p>","self","moral","自己",4,582,582,"i","true",NA,NA,NA,NA,"phase_015_subj_24"
8565,417,14,"<p style=""color:white; font-size: 35px;"">诚信</p>","positive","moral","诚信",4,2078,2078,"i","true",NA,NA,NA,NA,"phase_015_subj_24"
8566,417,14,"<p style=""color:rgb(150, 250, 100); font-size: 35px;"">他人</p>","other","moral","他人",4,2173,2173,"e","true",NA,NA,NA,NA,"phase_015_subj_24"
8567,417,14,"<p style=""color:white; font-size: 35px;"">正直</p>","positive","moral","正直",4,2269,2269,"i","true",NA,NA,NA,NA,"phase_015_subj_24"
8568,417,14,"<p style=""color:rgb(150, 250, 100); font-size: 35px;"">我</p>","self","moral","我",4,2182,2182,"i","true",NA,NA,NA,NA,"phase_015_subj_24"
8569,417,14,"<p style=""color:white; font-size: 35px;"">卑鄙</p>","negative","moral","卑鄙",4,1597,1597,"e","true",NA,NA,NA,NA,"phase_015_subj_24"
8570,417,14,"<p style=""color:rgb(150, 250, 100); font-size: 35px;"">我</p>","self","moral","我",4,869,869,"i","true",NA,NA,NA,NA,"phase_015_subj_24"
8571,417,14,"<p style=""color:white; font-size: 35px;"">小人</p>","negative","moral","小人",4,598,598,"e","true",NA,NA,NA,NA,"phase_015_subj_24"
8572,417,14,"<p style=""color:rgb(150, 250, 100); font-size: 35px;"">别人</p>","other","moral","别人",4,542,542,"e","true",NA,NA,NA,NA,"phase_015_subj_24"
8573,417,14,"<p style=""color:white; font-size: 35px;"">君子</p>","positive","moral","君子",4,646,646,"i","true",NA,NA,NA,NA,"phase_015_subj_24"
8574,417,14,"<p style=""color:rgb(150, 250, 100); font-size: 35px;"">他</p>","other","moral","他",4,582,582,"e","true",NA,NA,NA,NA,"phase_015_subj_24"
8575,417,14,"<p style=""color:white; font-size: 35px;"">廉正</p>","positive","moral","廉正",4,814,814,"i","true",NA,NA,NA,NA,"phase_015_subj_24"
8576,417,14,"<p style=""color:rgb(150, 250, 100); font-size: 35px;"">本人的</p>","self","moral","本人的",4,678,678,"i","true",NA,NA,NA,NA,"phase_015_subj_24"
8577,417,14,"<p style=""color:white; font-size: 35px;"">缺德</p>","negative","moral","缺德",4,710,710,"e","true",NA,NA,NA,NA,"phase_015_subj_24"
8578,417,14,"<p style=""color:rgb(150, 250, 100); font-size: 35px;"">我的</p>","self","moral","我的",4,670,670,"i","true",NA,NA,NA,NA,"phase_015_subj_24"
8579,417,14,"<p style=""color:white; font-size: 35px;"">诚信</p>","positive","moral","诚信",4,1446,1446,"i","true",NA,NA,NA,NA,"phase_015_subj_24"
8580,417,14,"<p style=""color:rgb(150, 250, 100); font-size: 35px;"">他</p>","other","moral","他",4,757,1661.54347826087,"i","false",NA,NA,NA,NA,"phase_015_subj_24"
8581,417,14,"<p style=""color:white; font-size: 35px;"">卑鄙</p>","negative","moral","卑鄙",4,1717,1717,"e","true",NA,NA,NA,NA,"phase_015_subj_24"
8582,417,14,"<p style=""color:rgb(150, 250, 100); font-size: 35px;"">本人的</p>","self","moral","本人的",4,1605,1605,"i","true",NA,NA,NA,NA,"phase_015_subj_24"
8583,417,14,"<p style=""color:white; font-size: 35px;"">不仁</p>","negative","moral","不仁",4,757,757,"e","true",NA,NA,NA,NA,"phase_015_subj_24"
8584,417,14,"<p style=""color:rgb(150, 250, 100); font-size: 35px;"">他人</p>","other","moral","他人",4,797,797,"e","true",NA,NA,NA,NA,"phase_015_subj_24"
8585,417,14,"<p style=""color:white; font-size: 35px;"">正直</p>","positive","moral","正直",4,877,877,"i","true",NA,NA,NA,NA,"phase_015_subj_24"
8586,417,14,"<p style=""color:rgb(150, 250, 100); font-size: 35px;"">我的</p>","self","moral","我的",4,1261,1261,"i","true",NA,NA,NA,NA,"phase_015_subj_24"
8587,417,14,"<p style=""color:white; font-size: 35px;"">不仁</p>","negative","moral","不仁",4,933,933,"e","true",NA,NA,NA,NA,"phase_015_subj_24"
8588,417,14,"<p style=""color:rgb(150, 250, 100); font-size: 35px;"">别人的</p>","other","moral","别人的",4,805,805,"e","true",NA,NA,NA,NA,"phase_015_subj_24"
8589,417,14,"<p style=""color:white; font-size: 35px;"">善良</p>","positive","moral","善良",4,886,886,"i","true",NA,NA,NA,NA,"phase_015_subj_24"
8590,417,15,"<p style=""color:rgb(150, 250, 100); font-size: 35px;"">我的</p>","self","moral","我的",5,901,901,"e","true",NA,NA,NA,NA,"phase_015_subj_24"
8591,417,15,"<p style=""color:rgb(150, 250, 100); font-size: 35px;"">别人</p>","other","moral","别人",5,551,551,"i","true",NA,NA,NA,NA,"phase_015_subj_24"
8592,417,15,"<p style=""color:rgb(150, 250, 100); font-size: 35px;"">他的</p>","other","moral","他的",5,686,686,"i","true",NA,NA,NA,NA,"phase_015_subj_24"
8593,417,15,"<p style=""color:rgb(150, 250, 100); font-size: 35px;"">他人</p>","other","moral","他人",5,567,567,"i","true",NA,NA,NA,NA,"phase_015_subj_24"
8594,417,15,"<p style=""color:rgb(150, 250, 100); font-size: 35px;"">别人的</p>","other","moral","别人的",5,558,558,"i","true",NA,NA,NA,NA,"phase_015_subj_24"
8595,417,15,"<p style=""color:rgb(150, 250, 100); font-size: 35px;"">自己</p>","self","moral","自己",5,518,518,"e","true",NA,NA,NA,NA,"phase_015_subj_24"
8596,417,15,"<p style=""color:rgb(150, 250, 100); font-size: 35px;"">他人的</p>","other","moral","他人的",5,661,661,"i","true",NA,NA,NA,NA,"phase_015_subj_24"
8597,417,15,"<p style=""color:rgb(150, 250, 100); font-size: 35px;"">别人</p>","other","moral","别人",5,671,671,"i","true",NA,NA,NA,NA,"phase_015_subj_24"
8598,417,15,"<p style=""color:rgb(150, 250, 100); font-size: 35px;"">别人的</p>","other","moral","别人的",5,589,589,"i","true",NA,NA,NA,NA,"phase_015_subj_24"
8599,417,15,"<p style=""color:rgb(150, 250, 100); font-size: 35px;"">他人的</p>","other","moral","他人的",5,517,517,"i","true",NA,NA,NA,NA,"phase_015_subj_24"
8600,417,15,"<p style=""color:rgb(150, 250, 100); font-size: 35px;"">他</p>","other","moral","他",5,485,485,"e","false",NA,NA,NA,NA,"phase_015_subj_24"
8601,417,15,"<p style=""color:rgb(150, 250, 100); font-size: 35px;"">他的</p>","other","moral","他的",5,581,581,"i","true",NA,NA,NA,NA,"phase_015_subj_24"
8602,417,15,"<p style=""color:rgb(150, 250, 100); font-size: 35px;"">他人</p>","other","moral","他人",5,565,565,"i","true",NA,NA,NA,NA,"phase_015_subj_24"
8603,417,15,"<p style=""color:rgb(150, 250, 100); font-size: 35px;"">自己的</p>","self","moral","自己的",5,565,565,"e","true",NA,NA,NA,NA,"phase_015_subj_24"
8604,417,15,"<p style=""color:rgb(150, 250, 100); font-size: 35px;"">本人</p>","self","moral","本人",5,733,733,"e","true",NA,NA,NA,NA,"phase_015_subj_24"
8605,417,15,"<p style=""color:rgb(150, 250, 100); font-size: 35px;"">他</p>","other","moral","他",5,741,741,"e","false",NA,NA,NA,NA,"phase_015_subj_24"
8606,417,15,"<p style=""color:rgb(150, 250, 100); font-size: 35px;"">我</p>","self","moral","我",5,557,557,"e","true",NA,NA,NA,NA,"phase_015_subj_24"
8607,417,15,"<p style=""color:rgb(150, 250, 100); font-size: 35px;"">我的</p>","self","moral","我的",5,653,653,"e","true",NA,NA,NA,NA,"phase_015_subj_24"
8608,417,15,"<p style=""color:rgb(150, 250, 100); font-size: 35px;"">本人的</p>","self","moral","本人的",5,543,543,"e","true",NA,NA,NA,NA,"phase_015_subj_24"
8609,417,15,"<p style=""color:rgb(150, 250, 100); font-size: 35px;"">自己</p>","self","moral","自己",5,493,493,"e","true",NA,NA,NA,NA,"phase_015_subj_24"
8610,417,15,"<p style=""color:rgb(150, 250, 100); font-size: 35px;"">自己的</p>","self","moral","自己的",5,485,485,"e","true",NA,NA,NA,NA,"phase_015_subj_24"
8611,417,15,"<p style=""color:rgb(150, 250, 100); font-size: 35px;"">我</p>","self","moral","我",5,614,614,"e","true",NA,NA,NA,NA,"phase_015_subj_24"
8612,417,15,"<p style=""color:rgb(150, 250, 100); font-size: 35px;"">本人</p>","self","moral","本人",5,1206,1206,"e","true",NA,NA,NA,NA,"phase_015_subj_24"
8613,417,15,"<p style=""color:rgb(150, 250, 100); font-size: 35px;"">本人的</p>","self","moral","本人的",5,534,534,"e","true",NA,NA,NA,NA,"phase_015_subj_24"
8614,417,16,"<p style=""color:white; font-size: 35px;"">高尚</p>","positive","moral","高尚",6,1596,1430.18181818182,"e","false",NA,NA,NA,NA,"phase_015_subj_24"
8615,417,16,"<p style=""color:rgb(150, 250, 100); font-size: 35px;"">他</p>","other","moral","他",6,781,1430.18181818182,"e","false",NA,NA,NA,NA,"phase_015_subj_24"
8616,417,16,"<p style=""color:white; font-size: 35px;"">不孝</p>","negative","moral","不孝",6,677,677,"e","true",NA,NA,NA,NA,"phase_015_subj_24"
8617,417,16,"<p style=""color:rgb(150, 250, 100); font-size: 35px;"">我</p>","self","moral","我",6,1293,1293,"e","true",NA,NA,NA,NA,"phase_015_subj_24"
8618,417,16,"<p style=""color:white; font-size: 35px;"">善良</p>","positive","moral","善良",6,997,997,"i","true",NA,NA,NA,NA,"phase_015_subj_24"
8619,417,16,"<p style=""color:rgb(150, 250, 100); font-size: 35px;"">本人</p>","self","moral","本人",6,1303,1303,"e","true",NA,NA,NA,NA,"phase_015_subj_24"
8620,417,16,"<p style=""color:white; font-size: 35px;"">卑鄙</p>","negative","moral","卑鄙",6,877,877,"e","true",NA,NA,NA,NA,"phase_015_subj_24"
8621,417,16,"<p style=""color:rgb(150, 250, 100); font-size: 35px;"">他人的</p>","other","moral","他人的",6,637,637,"i","true",NA,NA,NA,NA,"phase_015_subj_24"
8622,417,16,"<p style=""color:white; font-size: 35px;"">廉正</p>","positive","moral","廉正",6,647,647,"i","true",NA,NA,NA,NA,"phase_015_subj_24"
8623,417,16,"<p style=""color:rgb(150, 250, 100); font-size: 35px;"">本人的</p>","self","moral","本人的",6,836,836,"e","true",NA,NA,NA,NA,"phase_015_subj_24"
8624,417,16,"<p style=""color:white; font-size: 35px;"">小人</p>","negative","moral","小人",6,973,973,"e","true",NA,NA,NA,NA,"phase_015_subj_24"
8625,417,16,"<p style=""color:rgb(150, 250, 100); font-size: 35px;"">别人</p>","other","moral","别人",6,700,700,"i","true",NA,NA,NA,NA,"phase_015_subj_24"
8626,417,16,"<p style=""color:white; font-size: 35px;"">黑心</p>","negative","moral","黑心",6,629,629,"e","true",NA,NA,NA,NA,"phase_015_subj_24"
8627,417,16,"<p style=""color:rgb(150, 250, 100); font-size: 35px;"">自己</p>","self","moral","自己",6,701,701,"e","true",NA,NA,NA,NA,"phase_015_subj_24"
8628,417,16,"<p style=""color:white; font-size: 35px;"">君子</p>","positive","moral","君子",6,1197,1197,"i","true",NA,NA,NA,NA,"phase_015_subj_24"
8629,417,16,"<p style=""color:rgb(150, 250, 100); font-size: 35px;"">他的</p>","other","moral","他的",6,621,621,"i","true",NA,NA,NA,NA,"phase_015_subj_24"
8630,417,16,"<p style=""color:white; font-size: 35px;"">不仁</p>","negative","moral","不仁",6,845,845,"e","true",NA,NA,NA,NA,"phase_015_subj_24"
8631,417,16,"<p style=""color:rgb(150, 250, 100); font-size: 35px;"">我的</p>","self","moral","我的",6,557,557,"e","true",NA,NA,NA,NA,"phase_015_subj_24"
8632,417,16,"<p style=""color:white; font-size: 35px;"">诚信</p>","positive","moral","诚信",6,838,838,"i","true",NA,NA,NA,NA,"phase_015_subj_24"
8633,417,16,"<p style=""color:rgb(150, 250, 100); font-size: 35px;"">他人</p>","other","moral","他人",6,613,613,"i","true",NA,NA,NA,NA,"phase_015_subj_24"
8634,417,16,"<p style=""color:white; font-size: 35px;"">缺德</p>","negative","moral","缺德",6,653,653,"e","true",NA,NA,NA,NA,"phase_015_subj_24"
8635,417,16,"<p style=""color:rgb(150, 250, 100); font-size: 35px;"">自己的</p>","self","moral","自己的",6,796,796,"e","true",NA,NA,NA,NA,"phase_015_subj_24"
8636,417,16,"<p style=""color:white; font-size: 35px;"">正直</p>","positive","moral","正直",6,829,829,"i","true",NA,NA,NA,NA,"phase_015_subj_24"
8637,417,16,"<p style=""color:rgb(150, 250, 100); font-size: 35px;"">别人的</p>","other","moral","别人的",6,1045,1045,"i","true",NA,NA,NA,NA,"phase_015_subj_24"
8638,417,17,"<p style=""color:white; font-size: 35px;"">缺德</p>","negative","moral","缺德",7,821,821,"e","true",NA,NA,NA,NA,"phase_015_subj_24"
8639,417,17,"<p style=""color:rgb(150, 250, 100); font-size: 35px;"">我的</p>","self","moral","我的",7,748,748,"e","true",NA,NA,NA,NA,"phase_015_subj_24"
8640,417,17,"<p style=""color:white; font-size: 35px;"">廉正</p>","positive","moral","廉正",7,1037,1037,"i","true",NA,NA,NA,NA,"phase_015_subj_24"
8641,417,17,"<p style=""color:rgb(150, 250, 100); font-size: 35px;"">他</p>","other","moral","他",7,1509,1509,"i","true",NA,NA,NA,NA,"phase_015_subj_24"
8642,417,17,"<p style=""color:white; font-size: 35px;"">诚信</p>","positive","moral","诚信",7,1604,1604,"i","true",NA,NA,NA,NA,"phase_015_subj_24"
8643,417,17,"<p style=""color:rgb(150, 250, 100); font-size: 35px;"">别人的</p>","other","moral","别人的",7,732,732,"i","true",NA,NA,NA,NA,"phase_015_subj_24"
8644,417,17,"<p style=""color:white; font-size: 35px;"">不仁</p>","negative","moral","不仁",7,637,637,"e","true",NA,NA,NA,NA,"phase_015_subj_24"
8645,417,17,"<p style=""color:rgb(150, 250, 100); font-size: 35px;"">本人</p>","self","moral","本人",7,885,885,"e","true",NA,NA,NA,NA,"phase_015_subj_24"
8646,417,17,"<p style=""color:white; font-size: 35px;"">君子</p>","positive","moral","君子",7,717,717,"i","true",NA,NA,NA,NA,"phase_015_subj_24"
8647,417,17,"<p style=""color:rgb(150, 250, 100); font-size: 35px;"">我</p>","self","moral","我",7,661,661,"e","true",NA,NA,NA,NA,"phase_015_subj_24"
8648,417,17,"<p style=""color:white; font-size: 35px;"">小人</p>","negative","moral","小人",7,925,925,"e","true",NA,NA,NA,NA,"phase_015_subj_24"
8649,417,17,"<p style=""color:rgb(150, 250, 100); font-size: 35px;"">他的</p>","other","moral","他的",7,973,973,"i","true",NA,NA,NA,NA,"phase_015_subj_24"
8650,417,17,"<p style=""color:white; font-size: 35px;"">黑心</p>","negative","moral","黑心",7,749,749,"e","true",NA,NA,NA,NA,"phase_015_subj_24"
8651,417,17,"<p style=""color:rgb(150, 250, 100); font-size: 35px;"">自己</p>","self","moral","自己",7,957,957,"e","true",NA,NA,NA,NA,"phase_015_subj_24"
8652,417,17,"<p style=""color:white; font-size: 35px;"">高尚</p>","positive","moral","高尚",7,845,845,"i","true",NA,NA,NA,NA,"phase_015_subj_24"
8653,417,17,"<p style=""color:rgb(150, 250, 100); font-size: 35px;"">他人</p>","other","moral","他人",7,581,581,"i","true",NA,NA,NA,NA,"phase_015_subj_24"
8654,417,17,"<p style=""color:white; font-size: 35px;"">善良</p>","positive","moral","善良",7,852,852,"i","true",NA,NA,NA,NA,"phase_015_subj_24"
8655,417,17,"<p style=""color:rgb(150, 250, 100); font-size: 35px;"">别人</p>","other","moral","别人",7,1396,1396,"i","true",NA,NA,NA,NA,"phase_015_subj_24"
8656,417,17,"<p style=""color:white; font-size: 35px;"">卑鄙</p>","negative","moral","卑鄙",7,733,733,"e","true",NA,NA,NA,NA,"phase_015_subj_24"
8657,417,17,"<p style=""color:rgb(150, 250, 100); font-size: 35px;"">本人的</p>","self","moral","本人的",7,861,861,"e","true",NA,NA,NA,NA,"phase_015_subj_24"
8658,417,17,"<p style=""color:white; font-size: 35px;"">正直</p>","positive","moral","正直",7,812,812,"i","true",NA,NA,NA,NA,"phase_015_subj_24"
8659,417,17,"<p style=""color:rgb(150, 250, 100); font-size: 35px;"">本人的</p>","self","moral","本人的",7,661,1529.45652173913,"i","false",NA,NA,NA,NA,"phase_015_subj_24"
8660,417,17,"<p style=""color:white; font-size: 35px;"">卑鄙</p>","negative","moral","卑鄙",7,796,796,"e","true",NA,NA,NA,NA,"phase_015_subj_24"
8661,417,17,"<p style=""color:rgb(150, 250, 100); font-size: 35px;"">他</p>","other","moral","他",7,948,948,"i","true",NA,NA,NA,NA,"phase_015_subj_24"
8662,417,17,"<p style=""color:white; font-size: 35px;"">黑心</p>","negative","moral","黑心",7,740,740,"e","true",NA,NA,NA,NA,"phase_015_subj_24"
8663,417,17,"<p style=""color:rgb(150, 250, 100); font-size: 35px;"">本人</p>","self","moral","本人",7,837,837,"e","true",NA,NA,NA,NA,"phase_015_subj_24"
8664,417,17,"<p style=""color:white; font-size: 35px;"">善良</p>","positive","moral","善良",7,1741,1741,"i","true",NA,NA,NA,NA,"phase_015_subj_24"
8665,417,17,"<p style=""color:rgb(150, 250, 100); font-size: 35px;"">别人</p>","other","moral","别人",7,2109,2109,"i","true",NA,NA,NA,NA,"phase_015_subj_24"
8666,417,17,"<p style=""color:white; font-size: 35px;"">不孝</p>","negative","moral","不孝",7,821,821,"e","true",NA,NA,NA,NA,"phase_015_subj_24"
8667,417,17,"<p style=""color:rgb(150, 250, 100); font-size: 35px;"">自己的</p>","self","moral","自己的",7,685,685,"e","true",NA,NA,NA,NA,"phase_015_subj_24"
8668,417,17,"<p style=""color:white; font-size: 35px;"">高尚</p>","positive","moral","高尚",7,948,1529.45652173913,"e","false",NA,NA,NA,NA,"phase_015_subj_24"
8669,417,17,"<p style=""color:rgb(150, 250, 100); font-size: 35px;"">他人的</p>","other","moral","他人的",7,783,783,"i","true",NA,NA,NA,NA,"phase_015_subj_24"
8670,417,17,"<p style=""color:white; font-size: 35px;"">君子</p>","positive","moral","君子",7,948,948,"i","true",NA,NA,NA,NA,"phase_015_subj_24"
8671,417,17,"<p style=""color:rgb(150, 250, 100); font-size: 35px;"">自己</p>","self","moral","自己",7,596,596,"e","true",NA,NA,NA,NA,"phase_015_subj_24"
8672,417,17,"<p style=""color:white; font-size: 35px;"">小人</p>","negative","moral","小人",7,719,719,"e","true",NA,NA,NA,NA,"phase_015_subj_24"
8673,417,17,"<p style=""color:rgb(150, 250, 100); font-size: 35px;"">他人的</p>","other","moral","他人的",7,628,628,"i","true",NA,NA,NA,NA,"phase_015_subj_24"
8674,417,17,"<p style=""color:white; font-size: 35px;"">不孝</p>","negative","moral","不孝",7,1932,1932,"e","true",NA,NA,NA,NA,"phase_015_subj_24"
8675,417,17,"<p style=""color:rgb(150, 250, 100); font-size: 35px;"">自己的</p>","self","moral","自己的",7,868,868,"e","true",NA,NA,NA,NA,"phase_015_subj_24"
8676,417,17,"<p style=""color:white; font-size: 35px;"">正直</p>","positive","moral","正直",7,788,788,"i","true",NA,NA,NA,NA,"phase_015_subj_24"
8677,417,17,"<p style=""color:rgb(150, 250, 100); font-size: 35px;"">他人</p>","other","moral","他人",7,572,572,"i","true",NA,NA,NA,NA,"phase_015_subj_24"
8678,417,17,"<p style=""color:white; font-size: 35px;"">廉正</p>","positive","moral","廉正",7,1252,1252,"i","true",NA,NA,NA,NA,"phase_015_subj_24"
8679,417,17,"<p style=""color:rgb(150, 250, 100); font-size: 35px;"">他的</p>","other","moral","他的",7,549,549,"i","true",NA,NA,NA,NA,"phase_015_subj_24"
8680,417,17,"<p style=""color:white; font-size: 35px;"">不仁</p>","negative","moral","不仁",7,661,661,"e","true",NA,NA,NA,NA,"phase_015_subj_24"
8681,417,17,"<p style=""color:rgb(150, 250, 100); font-size: 35px;"">我</p>","self","moral","我",7,885,885,"e","true",NA,NA,NA,NA,"phase_015_subj_24"
8682,417,17,"<p style=""color:white; font-size: 35px;"">诚信</p>","positive","moral","诚信",7,869,869,"i","true",NA,NA,NA,NA,"phase_015_subj_24"
8683,417,17,"<p style=""color:rgb(150, 250, 100); font-size: 35px;"">我的</p>","self","moral","我的",7,751,751,"e","true",NA,NA,NA,NA,"phase_015_subj_24"
8684,417,17,"<p style=""color:white; font-size: 35px;"">缺德</p>","negative","moral","缺德",7,1181,1181,"e","true",NA,NA,NA,NA,"phase_015_subj_24"
8685,417,17,"<p style=""color:rgb(150, 250, 100); font-size: 35px;"">别人的</p>","other","moral","别人的",7,1061,1061,"i","true",NA,NA,NA,NA,"phase_015_subj_24"
8686,417,NA,"
    <h3>词语分类任务</h3>
    <p>在接下来的任务中，你需要对一系列词语进行分类。</p>
    <p>请先熟悉这些词语，这有利于你完成接下来的任务。</p>
    <table align=""center"" border=1 cellpadding=3 cellspacing=0>
    <tr> <th>类别</th> <th>词语</th> </tr>
    <tr> <td>&emsp;积极&emsp;</td> <td>&emsp;能干、全能、全才、高效、精干、天才&emsp;</td> </tr>
    <tr> <td>&emsp;消极&emsp;</td> <td>&emsp;无能、低能、废物、拙笨、愚钝、蠢笨&emsp;</td> </tr>
    <tr> <td>&emsp;自我&emsp;</td> <td>&emsp;我、我的、自己、自己的、本人、本人的&emsp;</td> </tr>
    <tr> <td>&emsp;他人&emsp;</td> <td>&emsp;他、他的、别人、别人的、他人、他人的&emsp;</td> </tr>
    </table><br/>","","","",NA,21934,NA,"0","",1,2,NA,NA,"phase_015_subj_24"
8687,417,1,"<p style=""color:rgb(150, 250, 100); font-size: 35px;"">自己</p>","self","ability","自己",1,660,660,"i","true",NA,NA,NA,NA,"phase_015_subj_24"
8688,417,1,"<p style=""color:rgb(150, 250, 100); font-size: 35px;"">他的</p>","other","ability","他的",1,524,524,"e","true",NA,NA,NA,NA,"phase_015_subj_24"
8689,417,1,"<p style=""color:rgb(150, 250, 100); font-size: 35px;"">他人</p>","other","ability","他人",1,452,452,"e","true",NA,NA,NA,NA,"phase_015_subj_24"
8690,417,1,"<p style=""color:rgb(150, 250, 100); font-size: 35px;"">别人的</p>","other","ability","别人的",1,588,588,"e","true",NA,NA,NA,NA,"phase_015_subj_24"
8691,417,1,"<p style=""color:rgb(150, 250, 100); font-size: 35px;"">自己的</p>","self","ability","自己的",1,628,628,"i","true",NA,NA,NA,NA,"phase_015_subj_24"
8692,417,1,"<p style=""color:rgb(150, 250, 100); font-size: 35px;"">他人的</p>","other","ability","他人的",1,484,484,"i","false",NA,NA,NA,NA,"phase_015_subj_24"
8693,417,1,"<p style=""color:rgb(150, 250, 100); font-size: 35px;"">他</p>","other","ability","他",1,484,484,"e","true",NA,NA,NA,NA,"phase_015_subj_24"
8694,417,1,"<p style=""color:rgb(150, 250, 100); font-size: 35px;"">本人的</p>","self","ability","本人的",1,900,900,"i","true",NA,NA,NA,NA,"phase_015_subj_24"
8695,417,1,"<p style=""color:rgb(150, 250, 100); font-size: 35px;"">我</p>","self","ability","我",1,860,860,"i","true",NA,NA,NA,NA,"phase_015_subj_24"
8696,417,1,"<p style=""color:rgb(150, 250, 100); font-size: 35px;"">我的</p>","self","ability","我的",1,580,580,"i","true",NA,NA,NA,NA,"phase_015_subj_24"
8697,417,1,"<p style=""color:rgb(150, 250, 100); font-size: 35px;"">本人</p>","self","ability","本人",1,1020,1020,"i","true",NA,NA,NA,NA,"phase_015_subj_24"
8698,417,1,"<p style=""color:rgb(150, 250, 100); font-size: 35px;"">别人</p>","other","ability","别人",1,620,620,"e","true",NA,NA,NA,NA,"phase_015_subj_24"
8699,417,2,"<p style=""color:white; font-size: 35px;"">无能</p>","negative","ability","无能",2,947,947,"i","true",NA,NA,NA,NA,"phase_015_subj_24"
8700,417,2,"<p style=""color:white; font-size: 35px;"">精干</p>","positive","ability","精干",2,836,836,"e","true",NA,NA,NA,NA,"phase_015_subj_24"
8701,417,2,"<p style=""color:white; font-size: 35px;"">低能</p>","negative","ability","低能",2,1020,1020,"i","true",NA,NA,NA,NA,"phase_015_subj_24"
8702,417,2,"<p style=""color:white; font-size: 35px;"">拙笨</p>","negative","ability","拙笨",2,940,940,"i","true",NA,NA,NA,NA,"phase_015_subj_24"
8703,417,2,"<p style=""color:white; font-size: 35px;"">全才</p>","positive","ability","全才",2,767,767,"e","true",NA,NA,NA,NA,"phase_015_subj_24"
8704,417,2,"<p style=""color:white; font-size: 35px;"">天才</p>","positive","ability","天才",2,1156,1156,"e","true",NA,NA,NA,NA,"phase_015_subj_24"
8705,417,2,"<p style=""color:white; font-size: 35px;"">蠢笨</p>","negative","ability","蠢笨",2,604,604,"i","true",NA,NA,NA,NA,"phase_015_subj_24"
8706,417,2,"<p style=""color:white; font-size: 35px;"">全能</p>","positive","ability","全能",2,708,708,"e","true",NA,NA,NA,NA,"phase_015_subj_24"
8707,417,2,"<p style=""color:white; font-size: 35px;"">高效</p>","positive","ability","高效",2,943,943,"e","true",NA,NA,NA,NA,"phase_015_subj_24"
8708,417,2,"<p style=""color:white; font-size: 35px;"">能干</p>","positive","ability","能干",2,668,668,"e","true",NA,NA,NA,NA,"phase_015_subj_24"
8709,417,2,"<p style=""color:white; font-size: 35px;"">愚钝</p>","negative","ability","愚钝",2,716,716,"i","true",NA,NA,NA,NA,"phase_015_subj_24"
8710,417,2,"<p style=""color:white; font-size: 35px;"">废物</p>","negative","ability","废物",2,596,596,"i","true",NA,NA,NA,NA,"phase_015_subj_24"
8711,417,3,"<p style=""color:rgb(150, 250, 100); font-size: 35px;"">他的</p>","other","ability","他的",3,650,650,"e","true",NA,NA,NA,NA,"phase_015_subj_24"
8712,417,3,"<p style=""color:white; font-size: 35px;"">低能</p>","negative","ability","低能",3,1148,1148,"i","true",NA,NA,NA,NA,"phase_015_subj_24"
8713,417,3,"<p style=""color:rgb(150, 250, 100); font-size: 35px;"">自己</p>","self","ability","自己",3,723,1386.19047619048,"e","false",NA,NA,NA,NA,"phase_015_subj_24"
8714,417,3,"<p style=""color:white; font-size: 35px;"">天才</p>","positive","ability","天才",3,739,739,"e","true",NA,NA,NA,NA,"phase_015_subj_24"
8715,417,3,"<p style=""color:rgb(150, 250, 100); font-size: 35px;"">别人的</p>","other","ability","别人的",3,485,485,"e","true",NA,NA,NA,NA,"phase_015_subj_24"
8716,417,3,"<p style=""color:white; font-size: 35px;"">拙笨</p>","negative","ability","拙笨",3,676,676,"i","true",NA,NA,NA,NA,"phase_015_subj_24"
8717,417,3,"<p style=""color:rgb(150, 250, 100); font-size: 35px;"">我</p>","self","ability","我",3,900,900,"i","true",NA,NA,NA,NA,"phase_015_subj_24"
8718,417,3,"<p style=""color:white; font-size: 35px;"">能干</p>","positive","ability","能干",3,780,780,"e","true",NA,NA,NA,NA,"phase_015_subj_24"
8719,417,3,"<p style=""color:rgb(150, 250, 100); font-size: 35px;"">他人</p>","other","ability","他人",3,492,492,"e","true",NA,NA,NA,NA,"phase_015_subj_24"
8720,417,3,"<p style=""color:white; font-size: 35px;"">蠢笨</p>","negative","ability","蠢笨",3,671,671,"i","true",NA,NA,NA,NA,"phase_015_subj_24"
8721,417,3,"<p style=""color:rgb(150, 250, 100); font-size: 35px;"">我的</p>","self","ability","我的",3,604,604,"i","true",NA,NA,NA,NA,"phase_015_subj_24"
8722,417,3,"<p style=""color:white; font-size: 35px;"">精干</p>","positive","ability","精干",3,892,892,"e","true",NA,NA,NA,NA,"phase_015_subj_24"
8723,417,3,"<p style=""color:rgb(150, 250, 100); font-size: 35px;"">本人的</p>","self","ability","本人的",3,595,1386.19047619048,"e","false",NA,NA,NA,NA,"phase_015_subj_24"
8724,417,3,"<p style=""color:white; font-size: 35px;"">无能</p>","negative","ability","无能",3,804,804,"i","true",NA,NA,NA,NA,"phase_015_subj_24"
8725,417,3,"<p style=""color:rgb(150, 250, 100); font-size: 35px;"">别人</p>","other","ability","别人",3,812,812,"e","true",NA,NA,NA,NA,"phase_015_subj_24"
8726,417,3,"<p style=""color:white; font-size: 35px;"">全能</p>","positive","ability","全能",3,668,668,"e","true",NA,NA,NA,NA,"phase_015_subj_24"
8727,417,3,"<p style=""color:rgb(150, 250, 100); font-size: 35px;"">他人的</p>","other","ability","他人的",3,580,580,"e","true",NA,NA,NA,NA,"phase_015_subj_24"
8728,417,3,"<p style=""color:white; font-size: 35px;"">全才</p>","positive","ability","全才",3,1391,1391,"e","true",NA,NA,NA,NA,"phase_015_subj_24"
8729,417,3,"<p style=""color:rgb(150, 250, 100); font-size: 35px;"">本人</p>","self","ability","本人",3,812,812,"i","true",NA,NA,NA,NA,"phase_015_subj_24"
8730,417,3,"<p style=""color:white; font-size: 35px;"">废物</p>","negative","ability","废物",3,707,707,"i","true",NA,NA,NA,NA,"phase_015_subj_24"
8731,417,3,"<p style=""color:rgb(150, 250, 100); font-size: 35px;"">他</p>","other","ability","他",3,572,572,"e","true",NA,NA,NA,NA,"phase_015_subj_24"
8732,417,3,"<p style=""color:white; font-size: 35px;"">高效</p>","positive","ability","高效",3,1515,1515,"e","true",NA,NA,NA,NA,"phase_015_subj_24"
8733,417,3,"<p style=""color:rgb(150, 250, 100); font-size: 35px;"">自己的</p>","self","ability","自己的",3,1147,1386.19047619048,"e","false",NA,NA,NA,NA,"phase_015_subj_24"
8734,417,3,"<p style=""color:white; font-size: 35px;"">愚钝</p>","negative","ability","愚钝",3,612,612,"i","true",NA,NA,NA,NA,"phase_015_subj_24"
8735,417,4,"<p style=""color:rgb(150, 250, 100); font-size: 35px;"">本人</p>","self","ability","本人",4,756,756,"i","true",NA,NA,NA,NA,"phase_015_subj_24"
8736,417,4,"<p style=""color:white; font-size: 35px;"">全才</p>","positive","ability","全才",4,684,684,"e","true",NA,NA,NA,NA,"phase_015_subj_24"
8737,417,4,"<p style=""color:rgb(150, 250, 100); font-size: 35px;"">他</p>","other","ability","他",4,484,484,"e","true",NA,NA,NA,NA,"phase_015_subj_24"
8738,417,4,"<p style=""color:white; font-size: 35px;"">蠢笨</p>","negative","ability","蠢笨",4,628,628,"i","true",NA,NA,NA,NA,"phase_015_subj_24"
8739,417,4,"<p style=""color:rgb(150, 250, 100); font-size: 35px;"">本人的</p>","self","ability","本人的",4,1316,1316,"i","true",NA,NA,NA,NA,"phase_015_subj_24"
8740,417,4,"<p style=""color:white; font-size: 35px;"">拙笨</p>","negative","ability","拙笨",4,1059,1059,"i","true",NA,NA,NA,NA,"phase_015_subj_24"
8741,417,4,"<p style=""color:rgb(150, 250, 100); font-size: 35px;"">他的</p>","other","ability","他的",4,636,636,"e","true",NA,NA,NA,NA,"phase_015_subj_24"
8742,417,4,"<p style=""color:white; font-size: 35px;"">全能</p>","positive","ability","全能",4,876,876,"e","true",NA,NA,NA,NA,"phase_015_subj_24"
8743,417,4,"<p style=""color:rgb(150, 250, 100); font-size: 35px;"">他的</p>","other","ability","他的",4,587,587,"e","true",NA,NA,NA,NA,"phase_015_subj_24"
8744,417,4,"<p style=""color:white; font-size: 35px;"">全能</p>","positive","ability","全能",4,863,863,"e","true",NA,NA,NA,NA,"phase_015_subj_24"
8745,417,4,"<p style=""color:rgb(150, 250, 100); font-size: 35px;"">自己的</p>","self","ability","自己的",4,1011,1011,"i","true",NA,NA,NA,NA,"phase_015_subj_24"
8746,417,4,"<p style=""color:white; font-size: 35px;"">无能</p>","negative","ability","无能",4,711,711,"i","true",NA,NA,NA,NA,"phase_015_subj_24"
8747,417,4,"<p style=""color:rgb(150, 250, 100); font-size: 35px;"">本人</p>","self","ability","本人",4,1195,1195,"i","true",NA,NA,NA,NA,"phase_015_subj_24"
8748,417,4,"<p style=""color:white; font-size: 35px;"">精干</p>","positive","ability","精干",4,995,995,"e","true",NA,NA,NA,NA,"phase_015_subj_24"
8749,417,4,"<p style=""color:rgb(150, 250, 100); font-size: 35px;"">他</p>","other","ability","他",4,559,559,"e","true",NA,NA,NA,NA,"phase_015_subj_24"
8750,417,4,"<p style=""color:white; font-size: 35px;"">愚钝</p>","negative","ability","愚钝",4,723,723,"i","true",NA,NA,NA,NA,"phase_015_subj_24"
8751,417,4,"<p style=""color:rgb(150, 250, 100); font-size: 35px;"">别人</p>","other","ability","别人",4,1107,1107,"e","true",NA,NA,NA,NA,"phase_015_subj_24"
8752,417,4,"<p style=""color:white; font-size: 35px;"">精干</p>","positive","ability","精干",4,1019,1019,"e","true",NA,NA,NA,NA,"phase_015_subj_24"
8753,417,4,"<p style=""color:rgb(150, 250, 100); font-size: 35px;"">我</p>","self","ability","我",4,855,855,"i","true",NA,NA,NA,NA,"phase_015_subj_24"
8754,417,4,"<p style=""color:white; font-size: 35px;"">蠢笨</p>","negative","ability","蠢笨",4,708,708,"i","true",NA,NA,NA,NA,"phase_015_subj_24"
8755,417,4,"<p style=""color:rgb(150, 250, 100); font-size: 35px;"">自己</p>","self","ability","自己",4,740,740,"i","true",NA,NA,NA,NA,"phase_015_subj_24"
8756,417,4,"<p style=""color:white; font-size: 35px;"">天才</p>","positive","ability","天才",4,772,772,"e","true",NA,NA,NA,NA,"phase_015_subj_24"
8757,417,4,"<p style=""color:rgb(150, 250, 100); font-size: 35px;"">他人的</p>","other","ability","他人的",4,524,524,"e","true",NA,NA,NA,NA,"phase_015_subj_24"
8758,417,4,"<p style=""color:white; font-size: 35px;"">愚钝</p>","negative","ability","愚钝",4,767,767,"i","true",NA,NA,NA,NA,"phase_015_subj_24"
8759,417,4,"<p style=""color:rgb(150, 250, 100); font-size: 35px;"">我的</p>","self","ability","我的",4,860,860,"i","true",NA,NA,NA,NA,"phase_015_subj_24"
8760,417,4,"<p style=""color:white; font-size: 35px;"">能干</p>","positive","ability","能干",4,611,611,"e","true",NA,NA,NA,NA,"phase_015_subj_24"
8761,417,4,"<p style=""color:rgb(150, 250, 100); font-size: 35px;"">别人的</p>","other","ability","别人的",4,740,740,"e","true",NA,NA,NA,NA,"phase_015_subj_24"
8762,417,4,"<p style=""color:white; font-size: 35px;"">无能</p>","negative","ability","无能",4,879,879,"i","true",NA,NA,NA,NA,"phase_015_subj_24"
8763,417,4,"<p style=""color:rgb(150, 250, 100); font-size: 35px;"">他人的</p>","other","ability","他人的",4,763,763,"e","true",NA,NA,NA,NA,"phase_015_subj_24"
8764,417,4,"<p style=""color:white; font-size: 35px;"">拙笨</p>","negative","ability","拙笨",4,2871,2871,"i","true",NA,NA,NA,NA,"phase_015_subj_24"
8765,417,4,"<p style=""color:rgb(150, 250, 100); font-size: 35px;"">本人的</p>","self","ability","本人的",4,1091,1091,"i","true",NA,NA,NA,NA,"phase_015_subj_24"
8766,417,4,"<p style=""color:white; font-size: 35px;"">天才</p>","positive","ability","天才",4,843,843,"e","true",NA,NA,NA,NA,"phase_015_subj_24"
8767,417,4,"<p style=""color:rgb(150, 250, 100); font-size: 35px;"">别人</p>","other","ability","别人",4,635,635,"e","true",NA,NA,NA,NA,"phase_015_subj_24"
8768,417,4,"<p style=""color:white; font-size: 35px;"">废物</p>","negative","ability","废物",4,707,707,"i","true",NA,NA,NA,NA,"phase_015_subj_24"
8769,417,4,"<p style=""color:rgb(150, 250, 100); font-size: 35px;"">我的</p>","self","ability","我的",4,867,867,"i","true",NA,NA,NA,NA,"phase_015_subj_24"
8770,417,4,"<p style=""color:white; font-size: 35px;"">高效</p>","positive","ability","高效",4,1139,1139,"e","true",NA,NA,NA,NA,"phase_015_subj_24"
8771,417,4,"<p style=""color:rgb(150, 250, 100); font-size: 35px;"">他人</p>","other","ability","他人",4,708,708,"e","true",NA,NA,NA,NA,"phase_015_subj_24"
8772,417,4,"<p style=""color:white; font-size: 35px;"">低能</p>","negative","ability","低能",4,1884,1884,"i","true",NA,NA,NA,NA,"phase_015_subj_24"
8773,417,4,"<p style=""color:rgb(150, 250, 100); font-size: 35px;"">我</p>","self","ability","我",4,899,899,"i","true",NA,NA,NA,NA,"phase_015_subj_24"
8774,417,4,"<p style=""color:white; font-size: 35px;"">全才</p>","positive","ability","全才",4,883,883,"e","true",NA,NA,NA,NA,"phase_015_subj_24"
8775,417,4,"<p style=""color:rgb(150, 250, 100); font-size: 35px;"">他人</p>","other","ability","他人",4,691,691,"e","true",NA,NA,NA,NA,"phase_015_subj_24"
8776,417,4,"<p style=""color:white; font-size: 35px;"">能干</p>","positive","ability","能干",4,1763,1763,"e","true",NA,NA,NA,NA,"phase_015_subj_24"
8777,417,4,"<p style=""color:rgb(150, 250, 100); font-size: 35px;"">自己的</p>","self","ability","自己的",4,1524,1524,"i","true",NA,NA,NA,NA,"phase_015_subj_24"
8778,417,4,"<p style=""color:white; font-size: 35px;"">废物</p>","negative","ability","废物",4,707,707,"i","true",NA,NA,NA,NA,"phase_015_subj_24"
8779,417,4,"<p style=""color:rgb(150, 250, 100); font-size: 35px;"">自己</p>","self","ability","自己",4,547,547,"i","true",NA,NA,NA,NA,"phase_015_subj_24"
8780,417,4,"<p style=""color:white; font-size: 35px;"">高效</p>","positive","ability","高效",4,675,675,"e","true",NA,NA,NA,NA,"phase_015_subj_24"
8781,417,4,"<p style=""color:rgb(150, 250, 100); font-size: 35px;"">别人的</p>","other","ability","别人的",4,619,619,"e","true",NA,NA,NA,NA,"phase_015_subj_24"
8782,417,4,"<p style=""color:white; font-size: 35px;"">低能</p>","negative","ability","低能",4,883,883,"i","true",NA,NA,NA,NA,"phase_015_subj_24"
8783,417,5,"<p style=""color:rgb(150, 250, 100); font-size: 35px;"">别人的</p>","other","ability","别人的",5,858,858,"i","true",NA,NA,NA,NA,"phase_015_subj_24"
8784,417,5,"<p style=""color:rgb(150, 250, 100); font-size: 35px;"">自己</p>","self","ability","自己",5,507,507,"e","true",NA,NA,NA,NA,"phase_015_subj_24"
8785,417,5,"<p style=""color:rgb(150, 250, 100); font-size: 35px;"">他人</p>","other","ability","他人",5,611,611,"i","true",NA,NA,NA,NA,"phase_015_subj_24"
8786,417,5,"<p style=""color:rgb(150, 250, 100); font-size: 35px;"">本人</p>","self","ability","本人",5,555,555,"e","true",NA,NA,NA,NA,"phase_015_subj_24"
8787,417,5,"<p style=""color:rgb(150, 250, 100); font-size: 35px;"">我的</p>","self","ability","我的",5,507,507,"e","true",NA,NA,NA,NA,"phase_015_subj_24"
8788,417,5,"<p style=""color:rgb(150, 250, 100); font-size: 35px;"">他的</p>","other","ability","他的",5,939,939,"i","true",NA,NA,NA,NA,"phase_015_subj_24"
8789,417,5,"<p style=""color:rgb(150, 250, 100); font-size: 35px;"">别人</p>","other","ability","别人",5,604,604,"i","true",NA,NA,NA,NA,"phase_015_subj_24"
8790,417,5,"<p style=""color:rgb(150, 250, 100); font-size: 35px;"">我</p>","self","ability","我",5,572,572,"e","true",NA,NA,NA,NA,"phase_015_subj_24"
8791,417,5,"<p style=""color:rgb(150, 250, 100); font-size: 35px;"">他</p>","other","ability","他",5,707,707,"i","true",NA,NA,NA,NA,"phase_015_subj_24"
8792,417,5,"<p style=""color:rgb(150, 250, 100); font-size: 35px;"">他人</p>","other","ability","他人",5,619,619,"i","true",NA,NA,NA,NA,"phase_015_subj_24"
8793,417,5,"<p style=""color:rgb(150, 250, 100); font-size: 35px;"">他的</p>","other","ability","他的",5,628,628,"i","true",NA,NA,NA,NA,"phase_015_subj_24"
8794,417,5,"<p style=""color:rgb(150, 250, 100); font-size: 35px;"">他人的</p>","other","ability","他人的",5,571,571,"i","true",NA,NA,NA,NA,"phase_015_subj_24"
8795,417,5,"<p style=""color:rgb(150, 250, 100); font-size: 35px;"">本人</p>","self","ability","本人",5,531,531,"e","true",NA,NA,NA,NA,"phase_015_subj_24"
8796,417,5,"<p style=""color:rgb(150, 250, 100); font-size: 35px;"">本人的</p>","self","ability","本人的",5,699,699,"e","true",NA,NA,NA,NA,"phase_015_subj_24"
8797,417,5,"<p style=""color:rgb(150, 250, 100); font-size: 35px;"">别人</p>","other","ability","别人",5,707,707,"i","true",NA,NA,NA,NA,"phase_015_subj_24"
8798,417,5,"<p style=""color:rgb(150, 250, 100); font-size: 35px;"">他</p>","other","ability","他",5,747,747,"i","true",NA,NA,NA,NA,"phase_015_subj_24"
8799,417,5,"<p style=""color:rgb(150, 250, 100); font-size: 35px;"">他人的</p>","other","ability","他人的",5,555,555,"i","true",NA,NA,NA,NA,"phase_015_subj_24"
8800,417,5,"<p style=""color:rgb(150, 250, 100); font-size: 35px;"">自己的</p>","self","ability","自己的",5,547,547,"e","true",NA,NA,NA,NA,"phase_015_subj_24"
8801,417,5,"<p style=""color:rgb(150, 250, 100); font-size: 35px;"">别人的</p>","other","ability","别人的",5,611,611,"i","true",NA,NA,NA,NA,"phase_015_subj_24"
8802,417,5,"<p style=""color:rgb(150, 250, 100); font-size: 35px;"">自己的</p>","self","ability","自己的",5,547,547,"e","true",NA,NA,NA,NA,"phase_015_subj_24"
8803,417,5,"<p style=""color:rgb(150, 250, 100); font-size: 35px;"">本人的</p>","self","ability","本人的",5,827,827,"e","true",NA,NA,NA,NA,"phase_015_subj_24"
8804,417,5,"<p style=""color:rgb(150, 250, 100); font-size: 35px;"">我</p>","self","ability","我",5,587,587,"e","true",NA,NA,NA,NA,"phase_015_subj_24"
8805,417,5,"<p style=""color:rgb(150, 250, 100); font-size: 35px;"">自己</p>","self","ability","自己",5,555,555,"e","true",NA,NA,NA,NA,"phase_015_subj_24"
8806,417,5,"<p style=""color:rgb(150, 250, 100); font-size: 35px;"">我的</p>","self","ability","我的",5,563,563,"e","true",NA,NA,NA,NA,"phase_015_subj_24"
8807,417,6,"<p style=""color:white; font-size: 35px;"">无能</p>","negative","ability","无能",6,1017,1017,"i","true",NA,NA,NA,NA,"phase_015_subj_24"
8808,417,6,"<p style=""color:rgb(150, 250, 100); font-size: 35px;"">他</p>","other","ability","他",6,562,562,"i","true",NA,NA,NA,NA,"phase_015_subj_24"
8809,417,6,"<p style=""color:white; font-size: 35px;"">全才</p>","positive","ability","全才",6,610,610,"e","true",NA,NA,NA,NA,"phase_015_subj_24"
8810,417,6,"<p style=""color:rgb(150, 250, 100); font-size: 35px;"">我</p>","self","ability","我",6,427,427,"e","true",NA,NA,NA,NA,"phase_015_subj_24"
8811,417,6,"<p style=""color:white; font-size: 35px;"">精干</p>","positive","ability","精干",6,612,612,"e","true",NA,NA,NA,NA,"phase_015_subj_24"
8812,417,6,"<p style=""color:rgb(150, 250, 100); font-size: 35px;"">他人的</p>","other","ability","他人的",6,611,611,"i","true",NA,NA,NA,NA,"phase_015_subj_24"
8813,417,6,"<p style=""color:white; font-size: 35px;"">低能</p>","negative","ability","低能",6,1219,1219,"i","true",NA,NA,NA,NA,"phase_015_subj_24"
8814,417,6,"<p style=""color:rgb(150, 250, 100); font-size: 35px;"">我的</p>","self","ability","我的",6,563,563,"e","true",NA,NA,NA,NA,"phase_015_subj_24"
8815,417,6,"<p style=""color:white; font-size: 35px;"">拙笨</p>","negative","ability","拙笨",6,1115,1115,"i","true",NA,NA,NA,NA,"phase_015_subj_24"
8816,417,6,"<p style=""color:rgb(150, 250, 100); font-size: 35px;"">别人</p>","other","ability","别人",6,595,595,"i","true",NA,NA,NA,NA,"phase_015_subj_24"
8817,417,6,"<p style=""color:white; font-size: 35px;"">能干</p>","positive","ability","能干",6,683,683,"e","true",NA,NA,NA,NA,"phase_015_subj_24"
8818,417,6,"<p style=""color:rgb(150, 250, 100); font-size: 35px;"">自己的</p>","self","ability","自己的",6,635,635,"e","true",NA,NA,NA,NA,"phase_015_subj_24"
8819,417,6,"<p style=""color:white; font-size: 35px;"">蠢笨</p>","negative","ability","蠢笨",6,883,883,"i","true",NA,NA,NA,NA,"phase_015_subj_24"
8820,417,6,"<p style=""color:rgb(150, 250, 100); font-size: 35px;"">本人的</p>","self","ability","本人的",6,618,618,"e","true",NA,NA,NA,NA,"phase_015_subj_24"
8821,417,6,"<p style=""color:white; font-size: 35px;"">天才</p>","positive","ability","天才",6,1203,1203,"e","true",NA,NA,NA,NA,"phase_015_subj_24"
8822,417,6,"<p style=""color:rgb(150, 250, 100); font-size: 35px;"">他人</p>","other","ability","他人",6,779,779,"i","true",NA,NA,NA,NA,"phase_015_subj_24"
8823,417,6,"<p style=""color:white; font-size: 35px;"">废物</p>","negative","ability","废物",6,1098,1098,"i","true",NA,NA,NA,NA,"phase_015_subj_24"
8824,417,6,"<p style=""color:rgb(150, 250, 100); font-size: 35px;"">别人的</p>","other","ability","别人的",6,794,794,"i","true",NA,NA,NA,NA,"phase_015_subj_24"
8825,417,6,"<p style=""color:white; font-size: 35px;"">全能</p>","positive","ability","全能",6,730,730,"e","true",NA,NA,NA,NA,"phase_015_subj_24"
8826,417,6,"<p style=""color:rgb(150, 250, 100); font-size: 35px;"">自己</p>","self","ability","自己",6,586,586,"e","true",NA,NA,NA,NA,"phase_015_subj_24"
8827,417,6,"<p style=""color:white; font-size: 35px;"">愚钝</p>","negative","ability","愚钝",6,1234,1234,"i","true",NA,NA,NA,NA,"phase_015_subj_24"
8828,417,6,"<p style=""color:rgb(150, 250, 100); font-size: 35px;"">他的</p>","other","ability","他的",6,1170,1170,"i","true",NA,NA,NA,NA,"phase_015_subj_24"
8829,417,6,"<p style=""color:white; font-size: 35px;"">高效</p>","positive","ability","高效",6,850,850,"e","true",NA,NA,NA,NA,"phase_015_subj_24"
8830,417,6,"<p style=""color:rgb(150, 250, 100); font-size: 35px;"">本人</p>","self","ability","本人",6,575,575,"e","true",NA,NA,NA,NA,"phase_015_subj_24"
8831,417,7,"<p style=""color:white; font-size: 35px;"">全能</p>","positive","ability","全能",7,786,786,"e","true",NA,NA,NA,NA,"phase_015_subj_24"
8832,417,7,"<p style=""color:rgb(150, 250, 100); font-size: 35px;"">本人</p>","self","ability","本人",7,603,603,"e","true",NA,NA,NA,NA,"phase_015_subj_24"
8833,417,7,"<p style=""color:white; font-size: 35px;"">低能</p>","negative","ability","低能",7,627,627,"i","true",NA,NA,NA,NA,"phase_015_subj_24"
8834,417,7,"<p style=""color:rgb(150, 250, 100); font-size: 35px;"">别人的</p>","other","ability","别人的",7,571,571,"i","true",NA,NA,NA,NA,"phase_015_subj_24"
8835,417,7,"<p style=""color:white; font-size: 35px;"">精干</p>","positive","ability","精干",7,875,875,"e","true",NA,NA,NA,NA,"phase_015_subj_24"
8836,417,7,"<p style=""color:rgb(150, 250, 100); font-size: 35px;"">自己的</p>","self","ability","自己的",7,611,611,"e","true",NA,NA,NA,NA,"phase_015_subj_24"
8837,417,7,"<p style=""color:white; font-size: 35px;"">蠢笨</p>","negative","ability","蠢笨",7,639,639,"i","true",NA,NA,NA,NA,"phase_015_subj_24"
8838,417,7,"<p style=""color:rgb(150, 250, 100); font-size: 35px;"">他的</p>","other","ability","他的",7,771,771,"i","true",NA,NA,NA,NA,"phase_015_subj_24"
8839,417,7,"<p style=""color:white; font-size: 35px;"">低能</p>","negative","ability","低能",7,1571,1571,"i","true",NA,NA,NA,NA,"phase_015_subj_24"
8840,417,7,"<p style=""color:rgb(150, 250, 100); font-size: 35px;"">本人的</p>","self","ability","本人的",7,602,602,"e","true",NA,NA,NA,NA,"phase_015_subj_24"
8841,417,7,"<p style=""color:white; font-size: 35px;"">天才</p>","positive","ability","天才",7,802,802,"e","true",NA,NA,NA,NA,"phase_015_subj_24"
8842,417,7,"<p style=""color:rgb(150, 250, 100); font-size: 35px;"">他人的</p>","other","ability","他人的",7,714,714,"i","true",NA,NA,NA,NA,"phase_015_subj_24"
8843,417,7,"<p style=""color:white; font-size: 35px;"">废物</p>","negative","ability","废物",7,634,634,"i","true",NA,NA,NA,NA,"phase_015_subj_24"
8844,417,7,"<p style=""color:rgb(150, 250, 100); font-size: 35px;"">他</p>","other","ability","他",7,778,778,"i","true",NA,NA,NA,NA,"phase_015_subj_24"
8845,417,7,"<p style=""color:white; font-size: 35px;"">高效</p>","positive","ability","高效",7,738,738,"e","true",NA,NA,NA,NA,"phase_015_subj_24"
8846,417,7,"<p style=""color:rgb(150, 250, 100); font-size: 35px;"">本人</p>","self","ability","本人",7,602,602,"e","true",NA,NA,NA,NA,"phase_015_subj_24"
8847,417,7,"<p style=""color:white; font-size: 35px;"">无能</p>","negative","ability","无能",7,658,658,"i","true",NA,NA,NA,NA,"phase_015_subj_24"
8848,417,7,"<p style=""color:rgb(150, 250, 100); font-size: 35px;"">他人</p>","other","ability","他人",7,722,722,"i","true",NA,NA,NA,NA,"phase_015_subj_24"
8849,417,7,"<p style=""color:white; font-size: 35px;"">全才</p>","positive","ability","全才",7,1298,1298,"e","true",NA,NA,NA,NA,"phase_015_subj_24"
8850,417,7,"<p style=""color:rgb(150, 250, 100); font-size: 35px;"">我的</p>","self","ability","我的",7,571,571,"e","true",NA,NA,NA,NA,"phase_015_subj_24"
8851,417,7,"<p style=""color:white; font-size: 35px;"">拙笨</p>","negative","ability","拙笨",7,635,635,"i","true",NA,NA,NA,NA,"phase_015_subj_24"
8852,417,7,"<p style=""color:rgb(150, 250, 100); font-size: 35px;"">他</p>","other","ability","他",7,627,1388.60869565217,"e","false",NA,NA,NA,NA,"phase_015_subj_24"
8853,417,7,"<p style=""color:white; font-size: 35px;"">全才</p>","positive","ability","全才",7,1114,1114,"e","true",NA,NA,NA,NA,"phase_015_subj_24"
8854,417,7,"<p style=""color:rgb(150, 250, 100); font-size: 35px;"">我的</p>","self","ability","我的",7,634,634,"e","true",NA,NA,NA,NA,"phase_015_subj_24"
8855,417,7,"<p style=""color:white; font-size: 35px;"">能干</p>","positive","ability","能干",7,787,787,"e","true",NA,NA,NA,NA,"phase_015_subj_24"
8856,417,7,"<p style=""color:rgb(150, 250, 100); font-size: 35px;"">自己</p>","self","ability","自己",7,591,591,"e","true",NA,NA,NA,NA,"phase_015_subj_24"
8857,417,7,"<p style=""color:white; font-size: 35px;"">废物</p>","negative","ability","废物",7,682,682,"i","true",NA,NA,NA,NA,"phase_015_subj_24"
8858,417,7,"<p style=""color:rgb(150, 250, 100); font-size: 35px;"">他的</p>","other","ability","他的",7,610,610,"i","true",NA,NA,NA,NA,"phase_015_subj_24"
8859,417,7,"<p style=""color:white; font-size: 35px;"">精干</p>","positive","ability","精干",7,1751,1751,"e","true",NA,NA,NA,NA,"phase_015_subj_24"
8860,417,7,"<p style=""color:rgb(150, 250, 100); font-size: 35px;"">我</p>","self","ability","我",7,738,738,"e","true",NA,NA,NA,NA,"phase_015_subj_24"
8861,417,7,"<p style=""color:white; font-size: 35px;"">无能</p>","negative","ability","无能",7,714,714,"i","true",NA,NA,NA,NA,"phase_015_subj_24"
8862,417,7,"<p style=""color:rgb(150, 250, 100); font-size: 35px;"">他人的</p>","other","ability","他人的",7,786,786,"i","true",NA,NA,NA,NA,"phase_015_subj_24"
8863,417,7,"<p style=""color:white; font-size: 35px;"">愚钝</p>","negative","ability","愚钝",7,690,690,"i","true",NA,NA,NA,NA,"phase_015_subj_24"
8864,417,7,"<p style=""color:rgb(150, 250, 100); font-size: 35px;"">别人</p>","other","ability","别人",7,1194,1194,"i","true",NA,NA,NA,NA,"phase_015_subj_24"
8865,417,7,"<p style=""color:white; font-size: 35px;"">天才</p>","positive","ability","天才",7,714,714,"e","true",NA,NA,NA,NA,"phase_015_subj_24"
8866,417,7,"<p style=""color:rgb(150, 250, 100); font-size: 35px;"">我</p>","self","ability","我",7,618,618,"e","true",NA,NA,NA,NA,"phase_015_subj_24"
8867,417,7,"<p style=""color:white; font-size: 35px;"">能干</p>","positive","ability","能干",7,978,978,"e","true",NA,NA,NA,NA,"phase_015_subj_24"
8868,417,7,"<p style=""color:rgb(150, 250, 100); font-size: 35px;"">他人</p>","other","ability","他人",7,714,714,"i","true",NA,NA,NA,NA,"phase_015_subj_24"
8869,417,7,"<p style=""color:white; font-size: 35px;"">蠢笨</p>","negative","ability","蠢笨",7,1015,1015,"i","true",NA,NA,NA,NA,"phase_015_subj_24"
8870,417,7,"<p style=""color:rgb(150, 250, 100); font-size: 35px;"">自己</p>","self","ability","自己",7,579,579,"e","true",NA,NA,NA,NA,"phase_015_subj_24"
8871,417,7,"<p style=""color:white; font-size: 35px;"">愚钝</p>","negative","ability","愚钝",7,915,915,"i","true",NA,NA,NA,NA,"phase_015_subj_24"
8872,417,7,"<p style=""color:rgb(150, 250, 100); font-size: 35px;"">自己的</p>","self","ability","自己的",7,634,634,"e","true",NA,NA,NA,NA,"phase_015_subj_24"
8873,417,7,"<p style=""color:white; font-size: 35px;"">全能</p>","positive","ability","全能",7,898,898,"e","true",NA,NA,NA,NA,"phase_015_subj_24"
8874,417,7,"<p style=""color:rgb(150, 250, 100); font-size: 35px;"">别人</p>","other","ability","别人",7,722,1388.60869565217,"e","false",NA,NA,NA,NA,"phase_015_subj_24"
8875,417,7,"<p style=""color:white; font-size: 35px;"">高效</p>","positive","ability","高效",7,970,970,"e","true",NA,NA,NA,NA,"phase_015_subj_24"
8876,417,7,"<p style=""color:rgb(150, 250, 100); font-size: 35px;"">别人的</p>","other","ability","别人的",7,690,690,"i","true",NA,NA,NA,NA,"phase_015_subj_24"
8877,417,7,"<p style=""color:white; font-size: 35px;"">拙笨</p>","negative","ability","拙笨",7,770,770,"i","true",NA,NA,NA,NA,"phase_015_subj_24"
8878,417,7,"<p style=""color:rgb(150, 250, 100); font-size: 35px;"">本人的</p>","self","ability","本人的",7,682,682,"e","true",NA,NA,NA,NA,"phase_015_subj_24"
8879,430,NA,"
    <h3>词语分类任务</h3>
    <p>在接下来的任务中，你需要对一系列词语进行分类。</p>
    <p>请先熟悉这些词语，这有利于你完成接下来的任务。</p>
    <table align=""center"" border=1 cellpadding=3 cellspacing=0>
    <tr> <th>类别</th> <th>词语</th> </tr>
    <tr> <td>&emsp;积极&emsp;</td> <td>&emsp;能干、全能、全才、高效、精干、天才&emsp;</td> </tr>
    <tr> <td>&emsp;消极&emsp;</td> <td>&emsp;无能、低能、废物、拙笨、愚钝、蠢笨&emsp;</td> </tr>
    <tr> <td>&emsp;自我&emsp;</td> <td>&emsp;我、我的、自己、自己的、本人、本人的&emsp;</td> </tr>
    <tr> <td>&emsp;他人&emsp;</td> <td>&emsp;他、他的、别人、别人的、他人、他人的&emsp;</td> </tr>
    </table><br/>","","","",NA,18957,NA,"0","",2,1,NA,NA,"phase_015_subj_25"
8880,430,1,"<p style=""color:rgb(150, 250, 100); font-size: 35px;"">别人</p>","other","ability","别人",1,769,769,"i","true",NA,NA,NA,NA,"phase_015_subj_25"
8881,430,1,"<p style=""color:rgb(150, 250, 100); font-size: 35px;"">我的</p>","self","ability","我的",1,628,628,"e","true",NA,NA,NA,NA,"phase_015_subj_25"
8882,430,1,"<p style=""color:rgb(150, 250, 100); font-size: 35px;"">本人</p>","self","ability","本人",1,644,644,"e","true",NA,NA,NA,NA,"phase_015_subj_25"
8883,430,1,"<p style=""color:rgb(150, 250, 100); font-size: 35px;"">自己</p>","self","ability","自己",1,460,460,"e","true",NA,NA,NA,NA,"phase_015_subj_25"
8884,430,1,"<p style=""color:rgb(150, 250, 100); font-size: 35px;"">他</p>","other","ability","他",1,836,836,"i","true",NA,NA,NA,NA,"phase_015_subj_25"
8885,430,1,"<p style=""color:rgb(150, 250, 100); font-size: 35px;"">他的</p>","other","ability","他的",1,788,788,"i","true",NA,NA,NA,NA,"phase_015_subj_25"
8886,430,1,"<p style=""color:rgb(150, 250, 100); font-size: 35px;"">他人</p>","other","ability","他人",1,676,676,"i","true",NA,NA,NA,NA,"phase_015_subj_25"
8887,430,1,"<p style=""color:rgb(150, 250, 100); font-size: 35px;"">我</p>","self","ability","我",1,916,916,"e","true",NA,NA,NA,NA,"phase_015_subj_25"
8888,430,1,"<p style=""color:rgb(150, 250, 100); font-size: 35px;"">他人的</p>","other","ability","他人的",1,707,707,"i","true",NA,NA,NA,NA,"phase_015_subj_25"
8889,430,1,"<p style=""color:rgb(150, 250, 100); font-size: 35px;"">自己的</p>","self","ability","自己的",1,772,772,"e","true",NA,NA,NA,NA,"phase_015_subj_25"
8890,430,1,"<p style=""color:rgb(150, 250, 100); font-size: 35px;"">别人的</p>","other","ability","别人的",1,1475,1475,"i","true",NA,NA,NA,NA,"phase_015_subj_25"
8891,430,1,"<p style=""color:rgb(150, 250, 100); font-size: 35px;"">本人的</p>","self","ability","本人的",1,1004,1004,"e","true",NA,NA,NA,NA,"phase_015_subj_25"
8892,430,2,"<p style=""color:white; font-size: 35px;"">低能</p>","negative","ability","低能",2,2203,2203,"e","true",NA,NA,NA,NA,"phase_015_subj_25"
8893,430,2,"<p style=""color:white; font-size: 35px;"">废物</p>","negative","ability","废物",2,2276,2276,"e","true",NA,NA,NA,NA,"phase_015_subj_25"
8894,430,2,"<p style=""color:white; font-size: 35px;"">拙笨</p>","negative","ability","拙笨",2,748,748,"e","true",NA,NA,NA,NA,"phase_015_subj_25"
8895,430,2,"<p style=""color:white; font-size: 35px;"">精干</p>","positive","ability","精干",2,932,932,"i","true",NA,NA,NA,NA,"phase_015_subj_25"
8896,430,2,"<p style=""color:white; font-size: 35px;"">高效</p>","positive","ability","高效",2,860,860,"i","true",NA,NA,NA,NA,"phase_015_subj_25"
8897,430,2,"<p style=""color:white; font-size: 35px;"">能干</p>","positive","ability","能干",2,876,876,"i","true",NA,NA,NA,NA,"phase_015_subj_25"
8898,430,2,"<p style=""color:white; font-size: 35px;"">蠢笨</p>","negative","ability","蠢笨",2,764,764,"e","true",NA,NA,NA,NA,"phase_015_subj_25"
8899,430,2,"<p style=""color:white; font-size: 35px;"">愚钝</p>","negative","ability","愚钝",2,1444,1444,"e","true",NA,NA,NA,NA,"phase_015_subj_25"
8900,430,2,"<p style=""color:white; font-size: 35px;"">全能</p>","positive","ability","全能",2,836,836,"i","true",NA,NA,NA,NA,"phase_015_subj_25"
8901,430,2,"<p style=""color:white; font-size: 35px;"">无能</p>","negative","ability","无能",2,1204,1204,"e","true",NA,NA,NA,NA,"phase_015_subj_25"
8902,430,2,"<p style=""color:white; font-size: 35px;"">天才</p>","positive","ability","天才",2,692,692,"i","true",NA,NA,NA,NA,"phase_015_subj_25"
8903,430,2,"<p style=""color:white; font-size: 35px;"">全才</p>","positive","ability","全才",2,667,667,"i","true",NA,NA,NA,NA,"phase_015_subj_25"
8904,430,3,"<p style=""color:rgb(150, 250, 100); font-size: 35px;"">他人的</p>","other","ability","他人的",3,930,930,"i","true",NA,NA,NA,NA,"phase_015_subj_25"
8905,430,3,"<p style=""color:white; font-size: 35px;"">能干</p>","positive","ability","能干",3,1155,1155,"i","true",NA,NA,NA,NA,"phase_015_subj_25"
8906,430,3,"<p style=""color:rgb(150, 250, 100); font-size: 35px;"">自己</p>","self","ability","自己",3,812,812,"e","true",NA,NA,NA,NA,"phase_015_subj_25"
8907,430,3,"<p style=""color:white; font-size: 35px;"">低能</p>","negative","ability","低能",3,2796,2796,"e","true",NA,NA,NA,NA,"phase_015_subj_25"
8908,430,3,"<p style=""color:rgb(150, 250, 100); font-size: 35px;"">我的</p>","self","ability","我的",3,644,644,"e","true",NA,NA,NA,NA,"phase_015_subj_25"
8909,430,3,"<p style=""color:white; font-size: 35px;"">全才</p>","positive","ability","全才",3,716,716,"i","true",NA,NA,NA,NA,"phase_015_subj_25"
8910,430,3,"<p style=""color:rgb(150, 250, 100); font-size: 35px;"">别人</p>","other","ability","别人",3,612,612,"i","true",NA,NA,NA,NA,"phase_015_subj_25"
8911,430,3,"<p style=""color:white; font-size: 35px;"">无能</p>","negative","ability","无能",3,844,844,"e","true",NA,NA,NA,NA,"phase_015_subj_25"
8912,430,3,"<p style=""color:rgb(150, 250, 100); font-size: 35px;"">他的</p>","other","ability","他的",3,748,748,"i","true",NA,NA,NA,NA,"phase_015_subj_25"
8913,430,3,"<p style=""color:white; font-size: 35px;"">废物</p>","negative","ability","废物",3,596,596,"e","true",NA,NA,NA,NA,"phase_015_subj_25"
8914,430,3,"<p style=""color:rgb(150, 250, 100); font-size: 35px;"">自己的</p>","self","ability","自己的",3,1468,1468,"e","true",NA,NA,NA,NA,"phase_015_subj_25"
8915,430,3,"<p style=""color:white; font-size: 35px;"">天才</p>","positive","ability","天才",3,963,963,"i","true",NA,NA,NA,NA,"phase_015_subj_25"
8916,430,3,"<p style=""color:rgb(150, 250, 100); font-size: 35px;"">本人</p>","self","ability","本人",3,683,1763.86956521739,"i","false",NA,NA,NA,NA,"phase_015_subj_25"
8917,430,3,"<p style=""color:white; font-size: 35px;"">精干</p>","positive","ability","精干",3,1259,1259,"i","true",NA,NA,NA,NA,"phase_015_subj_25"
8918,430,3,"<p style=""color:rgb(150, 250, 100); font-size: 35px;"">他</p>","other","ability","他",3,795,795,"i","true",NA,NA,NA,NA,"phase_015_subj_25"
8919,430,3,"<p style=""color:white; font-size: 35px;"">拙笨</p>","negative","ability","拙笨",3,1484,1484,"e","true",NA,NA,NA,NA,"phase_015_subj_25"
8920,430,3,"<p style=""color:rgb(150, 250, 100); font-size: 35px;"">本人的</p>","self","ability","本人的",3,1347,1347,"e","true",NA,NA,NA,NA,"phase_015_subj_25"
8921,430,3,"<p style=""color:white; font-size: 35px;"">全能</p>","positive","ability","全能",3,3675,3675,"i","true",NA,NA,NA,NA,"phase_015_subj_25"
8922,430,3,"<p style=""color:rgb(150, 250, 100); font-size: 35px;"">他人</p>","other","ability","他人",3,996,996,"i","true",NA,NA,NA,NA,"phase_015_subj_25"
8923,430,3,"<p style=""color:white; font-size: 35px;"">愚钝</p>","negative","ability","愚钝",3,772,772,"e","true",NA,NA,NA,NA,"phase_015_subj_25"
8924,430,3,"<p style=""color:rgb(150, 250, 100); font-size: 35px;"">别人的</p>","other","ability","别人的",3,779,779,"i","true",NA,NA,NA,NA,"phase_015_subj_25"
8925,430,3,"<p style=""color:white; font-size: 35px;"">高效</p>","positive","ability","高效",3,1660,1660,"i","true",NA,NA,NA,NA,"phase_015_subj_25"
8926,430,3,"<p style=""color:rgb(150, 250, 100); font-size: 35px;"">我</p>","self","ability","我",3,923,923,"e","true",NA,NA,NA,NA,"phase_015_subj_25"
8927,430,3,"<p style=""color:white; font-size: 35px;"">蠢笨</p>","negative","ability","蠢笨",3,795,795,"e","true",NA,NA,NA,NA,"phase_015_subj_25"
8928,430,4,"<p style=""color:rgb(150, 250, 100); font-size: 35px;"">本人的</p>","self","ability","本人的",4,882,882,"e","true",NA,NA,NA,NA,"phase_015_subj_25"
8929,430,4,"<p style=""color:white; font-size: 35px;"">废物</p>","negative","ability","废物",4,571,571,"e","true",NA,NA,NA,NA,"phase_015_subj_25"
8930,430,4,"<p style=""color:rgb(150, 250, 100); font-size: 35px;"">他</p>","other","ability","他",4,611,611,"i","true",NA,NA,NA,NA,"phase_015_subj_25"
8931,430,4,"<p style=""color:white; font-size: 35px;"">全才</p>","positive","ability","全才",4,563,563,"i","true",NA,NA,NA,NA,"phase_015_subj_25"
8932,430,4,"<p style=""color:rgb(150, 250, 100); font-size: 35px;"">我的</p>","self","ability","我的",4,579,579,"e","true",NA,NA,NA,NA,"phase_015_subj_25"
8933,430,4,"<p style=""color:white; font-size: 35px;"">蠢笨</p>","negative","ability","蠢笨",4,595,595,"e","true",NA,NA,NA,NA,"phase_015_subj_25"
8934,430,4,"<p style=""color:rgb(150, 250, 100); font-size: 35px;"">别人</p>","other","ability","别人",4,611,611,"i","true",NA,NA,NA,NA,"phase_015_subj_25"
8935,430,4,"<p style=""color:white; font-size: 35px;"">能干</p>","positive","ability","能干",4,636,636,"i","true",NA,NA,NA,NA,"phase_015_subj_25"
8936,430,4,"<p style=""color:rgb(150, 250, 100); font-size: 35px;"">自己的</p>","self","ability","自己的",4,587,587,"e","true",NA,NA,NA,NA,"phase_015_subj_25"
8937,430,4,"<p style=""color:white; font-size: 35px;"">高效</p>","positive","ability","高效",4,594,1394.09302325581,"e","false",NA,NA,NA,NA,"phase_015_subj_25"
8938,430,4,"<p style=""color:rgb(150, 250, 100); font-size: 35px;"">别人的</p>","other","ability","别人的",4,972,972,"i","true",NA,NA,NA,NA,"phase_015_subj_25"
8939,430,4,"<p style=""color:white; font-size: 35px;"">愚钝</p>","negative","ability","愚钝",4,580,580,"e","true",NA,NA,NA,NA,"phase_015_subj_25"
8940,430,4,"<p style=""color:rgb(150, 250, 100); font-size: 35px;"">他人</p>","other","ability","他人",4,563,1394.09302325581,"e","false",NA,NA,NA,NA,"phase_015_subj_25"
8941,430,4,"<p style=""color:white; font-size: 35px;"">愚钝</p>","negative","ability","愚钝",4,883,883,"e","true",NA,NA,NA,NA,"phase_015_subj_25"
8942,430,4,"<p style=""color:rgb(150, 250, 100); font-size: 35px;"">本人的</p>","self","ability","本人的",4,1155,1155,"e","true",NA,NA,NA,NA,"phase_015_subj_25"
8943,430,4,"<p style=""color:white; font-size: 35px;"">天才</p>","positive","ability","天才",4,811,811,"i","true",NA,NA,NA,NA,"phase_015_subj_25"
8944,430,4,"<p style=""color:rgb(150, 250, 100); font-size: 35px;"">他人的</p>","other","ability","他人的",4,603,603,"i","true",NA,NA,NA,NA,"phase_015_subj_25"
8945,430,4,"<p style=""color:white; font-size: 35px;"">低能</p>","negative","ability","低能",4,779,779,"e","true",NA,NA,NA,NA,"phase_015_subj_25"
8946,430,4,"<p style=""color:rgb(150, 250, 100); font-size: 35px;"">我</p>","self","ability","我",4,947,947,"e","true",NA,NA,NA,NA,"phase_015_subj_25"
8947,430,4,"<p style=""color:white; font-size: 35px;"">全才</p>","positive","ability","全才",4,1091,1091,"i","true",NA,NA,NA,NA,"phase_015_subj_25"
8948,430,4,"<p style=""color:rgb(150, 250, 100); font-size: 35px;"">他的</p>","other","ability","他的",4,659,1394.09302325581,"e","false",NA,NA,NA,NA,"phase_015_subj_25"
8949,430,4,"<p style=""color:white; font-size: 35px;"">废物</p>","negative","ability","废物",4,691,691,"e","true",NA,NA,NA,NA,"phase_015_subj_25"
8950,430,4,"<p style=""color:rgb(150, 250, 100); font-size: 35px;"">自己</p>","self","ability","自己",4,819,819,"e","true",NA,NA,NA,NA,"phase_015_subj_25"
8951,430,4,"<p style=""color:white; font-size: 35px;"">精干</p>","positive","ability","精干",4,1875,1875,"i","true",NA,NA,NA,NA,"phase_015_subj_25"
8952,430,4,"<p style=""color:rgb(150, 250, 100); font-size: 35px;"">本人</p>","self","ability","本人",4,1147,1147,"e","true",NA,NA,NA,NA,"phase_015_subj_25"
8953,430,4,"<p style=""color:white; font-size: 35px;"">低能</p>","negative","ability","低能",4,610,610,"e","true",NA,NA,NA,NA,"phase_015_subj_25"
8954,430,4,"<p style=""color:rgb(150, 250, 100); font-size: 35px;"">他人的</p>","other","ability","他人的",4,723,723,"i","true",NA,NA,NA,NA,"phase_015_subj_25"
8955,430,4,"<p style=""color:white; font-size: 35px;"">高效</p>","positive","ability","高效",4,724,724,"i","true",NA,NA,NA,NA,"phase_015_subj_25"
8956,430,4,"<p style=""color:rgb(150, 250, 100); font-size: 35px;"">别人</p>","other","ability","别人",4,611,611,"i","true",NA,NA,NA,NA,"phase_015_subj_25"
8957,430,4,"<p style=""color:white; font-size: 35px;"">全能</p>","positive","ability","全能",4,1019,1019,"i","true",NA,NA,NA,NA,"phase_015_subj_25"
8958,430,4,"<p style=""color:rgb(150, 250, 100); font-size: 35px;"">我的</p>","self","ability","我的",4,595,595,"e","true",NA,NA,NA,NA,"phase_015_subj_25"
8959,430,4,"<p style=""color:white; font-size: 35px;"">无能</p>","negative","ability","无能",4,835,835,"e","true",NA,NA,NA,NA,"phase_015_subj_25"
8960,430,4,"<p style=""color:rgb(150, 250, 100); font-size: 35px;"">别人的</p>","other","ability","别人的",4,955,955,"i","true",NA,NA,NA,NA,"phase_015_subj_25"
8961,430,4,"<p style=""color:white; font-size: 35px;"">拙笨</p>","negative","ability","拙笨",4,652,652,"e","true",NA,NA,NA,NA,"phase_015_subj_25"
8962,430,4,"<p style=""color:rgb(150, 250, 100); font-size: 35px;"">本人</p>","self","ability","本人",4,651,1394.09302325581,"i","false",NA,NA,NA,NA,"phase_015_subj_25"
8963,430,4,"<p style=""color:white; font-size: 35px;"">天才</p>","positive","ability","天才",4,1075,1075,"i","true",NA,NA,NA,NA,"phase_015_subj_25"
8964,430,4,"<p style=""color:rgb(150, 250, 100); font-size: 35px;"">他人</p>","other","ability","他人",4,691,691,"i","true",NA,NA,NA,NA,"phase_015_subj_25"
8965,430,4,"<p style=""color:white; font-size: 35px;"">拙笨</p>","negative","ability","拙笨",4,635,635,"e","true",NA,NA,NA,NA,"phase_015_subj_25"
8966,430,4,"<p style=""color:rgb(150, 250, 100); font-size: 35px;"">我</p>","self","ability","我",4,715,715,"e","true",NA,NA,NA,NA,"phase_015_subj_25"
8967,430,4,"<p style=""color:white; font-size: 35px;"">全能</p>","positive","ability","全能",4,1051,1051,"i","true",NA,NA,NA,NA,"phase_015_subj_25"
8968,430,4,"<p style=""color:rgb(150, 250, 100); font-size: 35px;"">他</p>","other","ability","他",4,651,651,"i","true",NA,NA,NA,NA,"phase_015_subj_25"
8969,430,4,"<p style=""color:white; font-size: 35px;"">能干</p>","positive","ability","能干",4,811,1394.09302325581,"e","false",NA,NA,NA,NA,"phase_015_subj_25"
8970,430,4,"<p style=""color:rgb(150, 250, 100); font-size: 35px;"">自己的</p>","self","ability","自己的",4,515,515,"e","true",NA,NA,NA,NA,"phase_015_subj_25"
8971,430,4,"<p style=""color:white; font-size: 35px;"">无能</p>","negative","ability","无能",4,922,922,"e","true",NA,NA,NA,NA,"phase_015_subj_25"
8972,430,4,"<p style=""color:rgb(150, 250, 100); font-size: 35px;"">他的</p>","other","ability","他的",4,643,643,"i","true",NA,NA,NA,NA,"phase_015_subj_25"
8973,430,4,"<p style=""color:white; font-size: 35px;"">蠢笨</p>","negative","ability","蠢笨",4,658,658,"e","true",NA,NA,NA,NA,"phase_015_subj_25"
8974,430,4,"<p style=""color:rgb(150, 250, 100); font-size: 35px;"">自己</p>","self","ability","自己",4,827,827,"e","true",NA,NA,NA,NA,"phase_015_subj_25"
8975,430,4,"<p style=""color:white; font-size: 35px;"">精干</p>","positive","ability","精干",4,1051,1051,"i","true",NA,NA,NA,NA,"phase_015_subj_25"
8976,430,5,"<p style=""color:rgb(150, 250, 100); font-size: 35px;"">我的</p>","self","ability","我的",5,682,682,"i","true",NA,NA,NA,NA,"phase_015_subj_25"
8977,430,5,"<p style=""color:rgb(150, 250, 100); font-size: 35px;"">自己</p>","self","ability","自己",5,731,731,"i","true",NA,NA,NA,NA,"phase_015_subj_25"
8978,430,5,"<p style=""color:rgb(150, 250, 100); font-size: 35px;"">他人的</p>","other","ability","他人的",5,563,563,"e","true",NA,NA,NA,NA,"phase_015_subj_25"
8979,430,5,"<p style=""color:rgb(150, 250, 100); font-size: 35px;"">本人的</p>","self","ability","本人的",5,715,715,"i","true",NA,NA,NA,NA,"phase_015_subj_25"
8980,430,5,"<p style=""color:rgb(150, 250, 100); font-size: 35px;"">我</p>","self","ability","我",5,652,652,"i","true",NA,NA,NA,NA,"phase_015_subj_25"
8981,430,5,"<p style=""color:rgb(150, 250, 100); font-size: 35px;"">自己的</p>","self","ability","自己的",5,579,579,"i","true",NA,NA,NA,NA,"phase_015_subj_25"
8982,430,5,"<p style=""color:rgb(150, 250, 100); font-size: 35px;"">他人的</p>","other","ability","他人的",5,683,683,"e","true",NA,NA,NA,NA,"phase_015_subj_25"
8983,430,5,"<p style=""color:rgb(150, 250, 100); font-size: 35px;"">他的</p>","other","ability","他的",5,595,595,"e","true",NA,NA,NA,NA,"phase_015_subj_25"
8984,430,5,"<p style=""color:rgb(150, 250, 100); font-size: 35px;"">自己</p>","self","ability","自己",5,683,683,"i","true",NA,NA,NA,NA,"phase_015_subj_25"
8985,430,5,"<p style=""color:rgb(150, 250, 100); font-size: 35px;"">别人的</p>","other","ability","别人的",5,683,683,"e","true",NA,NA,NA,NA,"phase_015_subj_25"
8986,430,5,"<p style=""color:rgb(150, 250, 100); font-size: 35px;"">我</p>","self","ability","我",5,827,827,"i","true",NA,NA,NA,NA,"phase_015_subj_25"
8987,430,5,"<p style=""color:rgb(150, 250, 100); font-size: 35px;"">我的</p>","self","ability","我的",5,651,651,"i","true",NA,NA,NA,NA,"phase_015_subj_25"
8988,430,5,"<p style=""color:rgb(150, 250, 100); font-size: 35px;"">他</p>","other","ability","他",5,787,787,"e","true",NA,NA,NA,NA,"phase_015_subj_25"
8989,430,5,"<p style=""color:rgb(150, 250, 100); font-size: 35px;"">他人</p>","other","ability","他人",5,587,587,"e","true",NA,NA,NA,NA,"phase_015_subj_25"
8990,430,5,"<p style=""color:rgb(150, 250, 100); font-size: 35px;"">别人的</p>","other","ability","别人的",5,786,786,"e","true",NA,NA,NA,NA,"phase_015_subj_25"
8991,430,5,"<p style=""color:rgb(150, 250, 100); font-size: 35px;"">本人</p>","self","ability","本人",5,739,739,"i","true",NA,NA,NA,NA,"phase_015_subj_25"
8992,430,5,"<p style=""color:rgb(150, 250, 100); font-size: 35px;"">他人</p>","other","ability","他人",5,626,626,"e","true",NA,NA,NA,NA,"phase_015_subj_25"
8993,430,5,"<p style=""color:rgb(150, 250, 100); font-size: 35px;"">本人的</p>","self","ability","本人的",5,922,922,"i","true",NA,NA,NA,NA,"phase_015_subj_25"
8994,430,5,"<p style=""color:rgb(150, 250, 100); font-size: 35px;"">他</p>","other","ability","他",5,1210,1210,"e","true",NA,NA,NA,NA,"phase_015_subj_25"
8995,430,5,"<p style=""color:rgb(150, 250, 100); font-size: 35px;"">本人</p>","self","ability","本人",5,1211,1211,"i","true",NA,NA,NA,NA,"phase_015_subj_25"
8996,430,5,"<p style=""color:rgb(150, 250, 100); font-size: 35px;"">别人</p>","other","ability","别人",5,907,907,"e","true",NA,NA,NA,NA,"phase_015_subj_25"
8997,430,5,"<p style=""color:rgb(150, 250, 100); font-size: 35px;"">自己的</p>","self","ability","自己的",5,707,707,"i","true",NA,NA,NA,NA,"phase_015_subj_25"
8998,430,5,"<p style=""color:rgb(150, 250, 100); font-size: 35px;"">他的</p>","other","ability","他的",5,667,667,"e","true",NA,NA,NA,NA,"phase_015_subj_25"
8999,430,5,"<p style=""color:rgb(150, 250, 100); font-size: 35px;"">别人</p>","other","ability","别人",5,1507,1507,"e","true",NA,NA,NA,NA,"phase_015_subj_25"
9000,430,6,"<p style=""color:white; font-size: 35px;"">高效</p>","positive","ability","高效",6,1186,1186,"i","true",NA,NA,NA,NA,"phase_015_subj_25"
9001,430,6,"<p style=""color:rgb(150, 250, 100); font-size: 35px;"">本人</p>","self","ability","本人",6,891,891,"i","true",NA,NA,NA,NA,"phase_015_subj_25"
9002,430,6,"<p style=""color:white; font-size: 35px;"">愚钝</p>","negative","ability","愚钝",6,754,754,"e","true",NA,NA,NA,NA,"phase_015_subj_25"
9003,430,6,"<p style=""color:rgb(150, 250, 100); font-size: 35px;"">别人</p>","other","ability","别人",6,826,826,"e","true",NA,NA,NA,NA,"phase_015_subj_25"
9004,430,6,"<p style=""color:white; font-size: 35px;"">天才</p>","positive","ability","天才",6,915,915,"i","true",NA,NA,NA,NA,"phase_015_subj_25"
9005,430,6,"<p style=""color:rgb(150, 250, 100); font-size: 35px;"">他人</p>","other","ability","他人",6,611,611,"e","true",NA,NA,NA,NA,"phase_015_subj_25"
9006,430,6,"<p style=""color:white; font-size: 35px;"">拙笨</p>","negative","ability","拙笨",6,946,946,"e","true",NA,NA,NA,NA,"phase_015_subj_25"
9007,430,6,"<p style=""color:rgb(150, 250, 100); font-size: 35px;"">本人的</p>","self","ability","本人的",6,890,890,"i","true",NA,NA,NA,NA,"phase_015_subj_25"
9008,430,6,"<p style=""color:white; font-size: 35px;"">蠢笨</p>","negative","ability","蠢笨",6,723,723,"e","true",NA,NA,NA,NA,"phase_015_subj_25"
9009,430,6,"<p style=""color:rgb(150, 250, 100); font-size: 35px;"">自己</p>","self","ability","自己",6,698,698,"i","true",NA,NA,NA,NA,"phase_015_subj_25"
9010,430,6,"<p style=""color:white; font-size: 35px;"">全才</p>","positive","ability","全才",6,642,1371,"e","false",NA,NA,NA,NA,"phase_015_subj_25"
9011,430,6,"<p style=""color:rgb(150, 250, 100); font-size: 35px;"">他人的</p>","other","ability","他人的",6,579,579,"e","true",NA,NA,NA,NA,"phase_015_subj_25"
9012,430,6,"<p style=""color:white; font-size: 35px;"">无能</p>","negative","ability","无能",6,755,755,"e","true",NA,NA,NA,NA,"phase_015_subj_25"
9013,430,6,"<p style=""color:rgb(150, 250, 100); font-size: 35px;"">他的</p>","other","ability","他的",6,531,531,"e","true",NA,NA,NA,NA,"phase_015_subj_25"
9014,430,6,"<p style=""color:white; font-size: 35px;"">能干</p>","positive","ability","能干",6,723,723,"i","true",NA,NA,NA,NA,"phase_015_subj_25"
9015,430,6,"<p style=""color:rgb(150, 250, 100); font-size: 35px;"">我</p>","self","ability","我",6,611,611,"i","true",NA,NA,NA,NA,"phase_015_subj_25"
9016,430,6,"<p style=""color:white; font-size: 35px;"">低能</p>","negative","ability","低能",6,531,531,"e","true",NA,NA,NA,NA,"phase_015_subj_25"
9017,430,6,"<p style=""color:rgb(150, 250, 100); font-size: 35px;"">我的</p>","self","ability","我的",6,1027,1027,"i","true",NA,NA,NA,NA,"phase_015_subj_25"
9018,430,6,"<p style=""color:white; font-size: 35px;"">精干</p>","positive","ability","精干",6,595,1371,"e","false",NA,NA,NA,NA,"phase_015_subj_25"
9019,430,6,"<p style=""color:rgb(150, 250, 100); font-size: 35px;"">他</p>","other","ability","他",6,563,563,"e","true",NA,NA,NA,NA,"phase_015_subj_25"
9020,430,6,"<p style=""color:white; font-size: 35px;"">废物</p>","negative","ability","废物",6,683,683,"e","true",NA,NA,NA,NA,"phase_015_subj_25"
9021,430,6,"<p style=""color:rgb(150, 250, 100); font-size: 35px;"">自己的</p>","self","ability","自己的",6,891,891,"i","true",NA,NA,NA,NA,"phase_015_subj_25"
9022,430,6,"<p style=""color:white; font-size: 35px;"">全能</p>","positive","ability","全能",6,1042,1042,"i","true",NA,NA,NA,NA,"phase_015_subj_25"
9023,430,6,"<p style=""color:rgb(150, 250, 100); font-size: 35px;"">别人的</p>","other","ability","别人的",6,586,586,"e","true",NA,NA,NA,NA,"phase_015_subj_25"
9024,430,7,"<p style=""color:white; font-size: 35px;"">全能</p>","positive","ability","全能",7,913,913,"i","true",NA,NA,NA,NA,"phase_015_subj_25"
9025,430,7,"<p style=""color:rgb(150, 250, 100); font-size: 35px;"">他人</p>","other","ability","他人",7,666,666,"e","true",NA,NA,NA,NA,"phase_015_subj_25"
9026,430,7,"<p style=""color:white; font-size: 35px;"">无能</p>","negative","ability","无能",7,570,570,"e","true",NA,NA,NA,NA,"phase_015_subj_25"
9027,430,7,"<p style=""color:rgb(150, 250, 100); font-size: 35px;"">自己</p>","self","ability","自己",7,698,698,"i","true",NA,NA,NA,NA,"phase_015_subj_25"
9028,430,7,"<p style=""color:white; font-size: 35px;"">高效</p>","positive","ability","高效",7,875,1349.8085106383,"e","false",NA,NA,NA,NA,"phase_015_subj_25"
9029,430,7,"<p style=""color:rgb(150, 250, 100); font-size: 35px;"">他人</p>","other","ability","他人",7,578,578,"e","true",NA,NA,NA,NA,"phase_015_subj_25"
9030,430,7,"<p style=""color:white; font-size: 35px;"">蠢笨</p>","negative","ability","蠢笨",7,803,803,"e","true",NA,NA,NA,NA,"phase_015_subj_25"
9031,430,7,"<p style=""color:rgb(150, 250, 100); font-size: 35px;"">我</p>","self","ability","我",7,667,667,"i","true",NA,NA,NA,NA,"phase_015_subj_25"
9032,430,7,"<p style=""color:white; font-size: 35px;"">废物</p>","negative","ability","废物",7,579,579,"e","true",NA,NA,NA,NA,"phase_015_subj_25"
9033,430,7,"<p style=""color:rgb(150, 250, 100); font-size: 35px;"">他</p>","other","ability","他",7,627,627,"e","true",NA,NA,NA,NA,"phase_015_subj_25"
9034,430,7,"<p style=""color:white; font-size: 35px;"">精干</p>","positive","ability","精干",7,754,754,"i","true",NA,NA,NA,NA,"phase_015_subj_25"
9035,430,7,"<p style=""color:rgb(150, 250, 100); font-size: 35px;"">我的</p>","self","ability","我的",7,659,659,"i","true",NA,NA,NA,NA,"phase_015_subj_25"
9036,430,7,"<p style=""color:white; font-size: 35px;"">低能</p>","negative","ability","低能",7,562,562,"e","true",NA,NA,NA,NA,"phase_015_subj_25"
9037,430,7,"<p style=""color:rgb(150, 250, 100); font-size: 35px;"">我</p>","self","ability","我",7,555,555,"i","true",NA,NA,NA,NA,"phase_015_subj_25"
9038,430,7,"<p style=""color:white; font-size: 35px;"">全能</p>","positive","ability","全能",7,810,810,"i","true",NA,NA,NA,NA,"phase_015_subj_25"
9039,430,7,"<p style=""color:rgb(150, 250, 100); font-size: 35px;"">别人的</p>","other","ability","别人的",7,883,883,"e","true",NA,NA,NA,NA,"phase_015_subj_25"
9040,430,7,"<p style=""color:white; font-size: 35px;"">愚钝</p>","negative","ability","愚钝",7,698,698,"e","true",NA,NA,NA,NA,"phase_015_subj_25"
9041,430,7,"<p style=""color:rgb(150, 250, 100); font-size: 35px;"">本人的</p>","self","ability","本人的",7,618,618,"i","true",NA,NA,NA,NA,"phase_015_subj_25"
9042,430,7,"<p style=""color:white; font-size: 35px;"">天才</p>","positive","ability","天才",7,738,738,"i","true",NA,NA,NA,NA,"phase_015_subj_25"
9043,430,7,"<p style=""color:rgb(150, 250, 100); font-size: 35px;"">别人的</p>","other","ability","别人的",7,698,698,"e","true",NA,NA,NA,NA,"phase_015_subj_25"
9044,430,7,"<p style=""color:white; font-size: 35px;"">天才</p>","positive","ability","天才",7,903,903,"i","true",NA,NA,NA,NA,"phase_015_subj_25"
9045,430,7,"<p style=""color:rgb(150, 250, 100); font-size: 35px;"">我的</p>","self","ability","我的",7,586,586,"i","true",NA,NA,NA,NA,"phase_015_subj_25"
9046,430,7,"<p style=""color:white; font-size: 35px;"">废物</p>","negative","ability","废物",7,546,546,"e","true",NA,NA,NA,NA,"phase_015_subj_25"
9047,430,7,"<p style=""color:rgb(150, 250, 100); font-size: 35px;"">他人的</p>","other","ability","他人的",7,602,602,"e","true",NA,NA,NA,NA,"phase_015_subj_25"
9048,430,7,"<p style=""color:white; font-size: 35px;"">蠢笨</p>","negative","ability","蠢笨",7,538,538,"e","true",NA,NA,NA,NA,"phase_015_subj_25"
9049,430,7,"<p style=""color:rgb(150, 250, 100); font-size: 35px;"">别人</p>","other","ability","别人",7,946,946,"e","true",NA,NA,NA,NA,"phase_015_subj_25"
9050,430,7,"<p style=""color:white; font-size: 35px;"">全才</p>","positive","ability","全才",7,1322,1322,"i","true",NA,NA,NA,NA,"phase_015_subj_25"
9051,430,7,"<p style=""color:rgb(150, 250, 100); font-size: 35px;"">自己</p>","self","ability","自己",7,938,938,"i","true",NA,NA,NA,NA,"phase_015_subj_25"
9052,430,7,"<p style=""color:white; font-size: 35px;"">全才</p>","positive","ability","全才",7,747,747,"i","true",NA,NA,NA,NA,"phase_015_subj_25"
9053,430,7,"<p style=""color:rgb(150, 250, 100); font-size: 35px;"">本人的</p>","self","ability","本人的",7,762,762,"i","true",NA,NA,NA,NA,"phase_015_subj_25"
9054,430,7,"<p style=""color:white; font-size: 35px;"">低能</p>","negative","ability","低能",7,554,554,"e","true",NA,NA,NA,NA,"phase_015_subj_25"
9055,430,7,"<p style=""color:rgb(150, 250, 100); font-size: 35px;"">他人的</p>","other","ability","他人的",7,587,587,"e","true",NA,NA,NA,NA,"phase_015_subj_25"
9056,430,7,"<p style=""color:white; font-size: 35px;"">愚钝</p>","negative","ability","愚钝",7,666,666,"e","true",NA,NA,NA,NA,"phase_015_subj_25"
9057,430,7,"<p style=""color:rgb(150, 250, 100); font-size: 35px;"">别人</p>","other","ability","别人",7,1034,1034,"e","true",NA,NA,NA,NA,"phase_015_subj_25"
9058,430,7,"<p style=""color:white; font-size: 35px;"">高效</p>","positive","ability","高效",7,1058,1058,"i","true",NA,NA,NA,NA,"phase_015_subj_25"
9059,430,7,"<p style=""color:rgb(150, 250, 100); font-size: 35px;"">自己的</p>","self","ability","自己的",7,727,727,"i","true",NA,NA,NA,NA,"phase_015_subj_25"
9060,430,7,"<p style=""color:white; font-size: 35px;"">拙笨</p>","negative","ability","拙笨",7,563,563,"e","true",NA,NA,NA,NA,"phase_015_subj_25"
9061,430,7,"<p style=""color:rgb(150, 250, 100); font-size: 35px;"">本人</p>","self","ability","本人",7,754,754,"i","true",NA,NA,NA,NA,"phase_015_subj_25"
9062,430,7,"<p style=""color:white; font-size: 35px;"">能干</p>","positive","ability","能干",7,1130,1130,"i","true",NA,NA,NA,NA,"phase_015_subj_25"
9063,430,7,"<p style=""color:rgb(150, 250, 100); font-size: 35px;"">他的</p>","other","ability","他的",7,1154,1154,"e","true",NA,NA,NA,NA,"phase_015_subj_25"
9064,430,7,"<p style=""color:white; font-size: 35px;"">无能</p>","negative","ability","无能",7,730,730,"e","true",NA,NA,NA,NA,"phase_015_subj_25"
9065,430,7,"<p style=""color:rgb(150, 250, 100); font-size: 35px;"">本人</p>","self","ability","本人",7,762,762,"i","true",NA,NA,NA,NA,"phase_015_subj_25"
9066,430,7,"<p style=""color:white; font-size: 35px;"">精干</p>","positive","ability","精干",7,1202,1202,"i","true",NA,NA,NA,NA,"phase_015_subj_25"
9067,430,7,"<p style=""color:rgb(150, 250, 100); font-size: 35px;"">他的</p>","other","ability","他的",7,538,538,"e","true",NA,NA,NA,NA,"phase_015_subj_25"
9068,430,7,"<p style=""color:white; font-size: 35px;"">拙笨</p>","negative","ability","拙笨",7,770,770,"e","true",NA,NA,NA,NA,"phase_015_subj_25"
9069,430,7,"<p style=""color:rgb(150, 250, 100); font-size: 35px;"">自己的</p>","self","ability","自己的",7,602,602,"i","true",NA,NA,NA,NA,"phase_015_subj_25"
9070,430,7,"<p style=""color:white; font-size: 35px;"">能干</p>","positive","ability","能干",7,786,786,"i","true",NA,NA,NA,NA,"phase_015_subj_25"
9071,430,7,"<p style=""color:rgb(150, 250, 100); font-size: 35px;"">他</p>","other","ability","他",7,658,658,"e","true",NA,NA,NA,NA,"phase_015_subj_25"
9072,430,NA,"
    <h3>词语分类任务</h3>
    <p>在接下来的任务中，你需要对一系列词语进行分类。<p/>
    请先熟悉这些词语，这有利于你完成接下来的任务。</p>
    <table align=""center"" border=1 cellpadding=3 cellspacing=0>
    <tr> <th>类别</th> <th>词语</th> </tr>
    <tr> <td>&emsp;积极&emsp;</td> <td>&emsp;高尚、诚信、善良、君子、廉正、正直&emsp;</td> </tr>
    <tr> <td>&emsp;消极&emsp;</td> <td>&emsp;缺德、卑鄙、不孝、不仁、小人、黑心&emsp;</td> </tr>
    <tr> <td>&emsp;自我&emsp;</td> <td>&emsp;我、我的、自己、自己的、本人、本人的&emsp;</td> </tr>
    <tr> <td>&emsp;他人&emsp;</td> <td>&emsp;他、他的、别人、别人的、他人、他人的&emsp;</td> </tr>
    </table><br/>","","","",NA,12143,NA,"0","",NA,NA,2,2,"phase_015_subj_25"
9073,430,11,"<p style=""color:rgb(150, 250, 100); font-size: 35px;"">别人的</p>","other","moral","别人的",1,537,537,"e","true",NA,NA,NA,NA,"phase_015_subj_25"
9074,430,11,"<p style=""color:rgb(150, 250, 100); font-size: 35px;"">我的</p>","self","moral","我的",1,618,618,"i","true",NA,NA,NA,NA,"phase_015_subj_25"
9075,430,11,"<p style=""color:rgb(150, 250, 100); font-size: 35px;"">本人</p>","self","moral","本人",1,730,730,"i","true",NA,NA,NA,NA,"phase_015_subj_25"
9076,430,11,"<p style=""color:rgb(150, 250, 100); font-size: 35px;"">自己</p>","self","moral","自己",1,594,594,"i","true",NA,NA,NA,NA,"phase_015_subj_25"
9077,430,11,"<p style=""color:rgb(150, 250, 100); font-size: 35px;"">本人的</p>","self","moral","本人的",1,689,689,"i","true",NA,NA,NA,NA,"phase_015_subj_25"
9078,430,11,"<p style=""color:rgb(150, 250, 100); font-size: 35px;"">我</p>","self","moral","我",1,665,665,"i","true",NA,NA,NA,NA,"phase_015_subj_25"
9079,430,11,"<p style=""color:rgb(150, 250, 100); font-size: 35px;"">自己的</p>","self","moral","自己的",1,769,769,"i","true",NA,NA,NA,NA,"phase_015_subj_25"
9080,430,11,"<p style=""color:rgb(150, 250, 100); font-size: 35px;"">他人的</p>","other","moral","他人的",1,1298,1298,"e","true",NA,NA,NA,NA,"phase_015_subj_25"
9081,430,11,"<p style=""color:rgb(150, 250, 100); font-size: 35px;"">他的</p>","other","moral","他的",1,1051,1051,"e","true",NA,NA,NA,NA,"phase_015_subj_25"
9082,430,11,"<p style=""color:rgb(150, 250, 100); font-size: 35px;"">他</p>","other","moral","他",1,1106,1106,"e","true",NA,NA,NA,NA,"phase_015_subj_25"
9083,430,11,"<p style=""color:rgb(150, 250, 100); font-size: 35px;"">别人</p>","other","moral","别人",1,970,970,"e","true",NA,NA,NA,NA,"phase_015_subj_25"
9084,430,11,"<p style=""color:rgb(150, 250, 100); font-size: 35px;"">他人</p>","other","moral","他人",1,2074,2074,"e","true",NA,NA,NA,NA,"phase_015_subj_25"
9085,430,12,"<p style=""color:white; font-size: 35px;"">黑心</p>","negative","moral","黑心",2,841,841,"e","true",NA,NA,NA,NA,"phase_015_subj_25"
9086,430,12,"<p style=""color:white; font-size: 35px;"">不孝</p>","negative","moral","不孝",2,522,522,"e","true",NA,NA,NA,NA,"phase_015_subj_25"
9087,430,12,"<p style=""color:white; font-size: 35px;"">高尚</p>","positive","moral","高尚",2,2986,2986,"i","true",NA,NA,NA,NA,"phase_015_subj_25"
9088,430,12,"<p style=""color:white; font-size: 35px;"">善良</p>","positive","moral","善良",2,713,713,"i","true",NA,NA,NA,NA,"phase_015_subj_25"
9089,430,12,"<p style=""color:white; font-size: 35px;"">君子</p>","positive","moral","君子",2,793,793,"i","true",NA,NA,NA,NA,"phase_015_subj_25"
9090,430,12,"<p style=""color:white; font-size: 35px;"">卑鄙</p>","negative","moral","卑鄙",2,2255,2255,"e","true",NA,NA,NA,NA,"phase_015_subj_25"
9091,430,12,"<p style=""color:white; font-size: 35px;"">小人</p>","negative","moral","小人",2,1153,1153,"e","true",NA,NA,NA,NA,"phase_015_subj_25"
9092,430,12,"<p style=""color:white; font-size: 35px;"">缺德</p>","negative","moral","缺德",2,609,609,"e","true",NA,NA,NA,NA,"phase_015_subj_25"
9093,430,12,"<p style=""color:white; font-size: 35px;"">诚信</p>","positive","moral","诚信",2,714,714,"i","true",NA,NA,NA,NA,"phase_015_subj_25"
9094,430,12,"<p style=""color:white; font-size: 35px;"">廉正</p>","positive","moral","廉正",2,874,874,"i","true",NA,NA,NA,NA,"phase_015_subj_25"
9095,430,12,"<p style=""color:white; font-size: 35px;"">不仁</p>","negative","moral","不仁",2,698,698,"e","true",NA,NA,NA,NA,"phase_015_subj_25"
9096,430,12,"<p style=""color:white; font-size: 35px;"">正直</p>","positive","moral","正直",2,778,778,"i","true",NA,NA,NA,NA,"phase_015_subj_25"
9097,430,13,"<p style=""color:rgb(150, 250, 100); font-size: 35px;"">本人</p>","self","moral","本人",3,897,897,"i","true",NA,NA,NA,NA,"phase_015_subj_25"
9098,430,13,"<p style=""color:white; font-size: 35px;"">缺德</p>","negative","moral","缺德",3,642,642,"e","true",NA,NA,NA,NA,"phase_015_subj_25"
9099,430,13,"<p style=""color:rgb(150, 250, 100); font-size: 35px;"">别人</p>","other","moral","别人",3,609,609,"e","true",NA,NA,NA,NA,"phase_015_subj_25"
9100,430,13,"<p style=""color:white; font-size: 35px;"">君子</p>","positive","moral","君子",3,1017,1017,"i","true",NA,NA,NA,NA,"phase_015_subj_25"
9101,430,13,"<p style=""color:rgb(150, 250, 100); font-size: 35px;"">自己的</p>","self","moral","自己的",3,762,762,"i","true",NA,NA,NA,NA,"phase_015_subj_25"
9102,430,13,"<p style=""color:white; font-size: 35px;"">诚信</p>","positive","moral","诚信",3,961,961,"i","true",NA,NA,NA,NA,"phase_015_subj_25"
9103,430,13,"<p style=""color:rgb(150, 250, 100); font-size: 35px;"">他人</p>","other","moral","他人",3,713,713,"e","true",NA,NA,NA,NA,"phase_015_subj_25"
9104,430,13,"<p style=""color:white; font-size: 35px;"">不仁</p>","negative","moral","不仁",3,1754,1754,"e","true",NA,NA,NA,NA,"phase_015_subj_25"
9105,430,13,"<p style=""color:rgb(150, 250, 100); font-size: 35px;"">他</p>","other","moral","他",3,689,689,"e","true",NA,NA,NA,NA,"phase_015_subj_25"
9106,430,13,"<p style=""color:white; font-size: 35px;"">小人</p>","negative","moral","小人",3,785,785,"e","true",NA,NA,NA,NA,"phase_015_subj_25"
9107,430,13,"<p style=""color:rgb(150, 250, 100); font-size: 35px;"">自己</p>","self","moral","自己",3,673,673,"i","true",NA,NA,NA,NA,"phase_015_subj_25"
9108,430,13,"<p style=""color:white; font-size: 35px;"">善良</p>","positive","moral","善良",3,953,1385.69565217391,"e","false",NA,NA,NA,NA,"phase_015_subj_25"
9109,430,13,"<p style=""color:rgb(150, 250, 100); font-size: 35px;"">我</p>","self","moral","我",3,721,721,"i","true",NA,NA,NA,NA,"phase_015_subj_25"
9110,430,13,"<p style=""color:white; font-size: 35px;"">不孝</p>","negative","moral","不孝",3,722,722,"e","true",NA,NA,NA,NA,"phase_015_subj_25"
9111,430,13,"<p style=""color:rgb(150, 250, 100); font-size: 35px;"">别人的</p>","other","moral","别人的",3,690,690,"e","true",NA,NA,NA,NA,"phase_015_subj_25"
9112,430,13,"<p style=""color:white; font-size: 35px;"">正直</p>","positive","moral","正直",3,714,714,"i","true",NA,NA,NA,NA,"phase_015_subj_25"
9113,430,13,"<p style=""color:rgb(150, 250, 100); font-size: 35px;"">他人的</p>","other","moral","他人的",3,706,706,"e","true",NA,NA,NA,NA,"phase_015_subj_25"
9114,430,13,"<p style=""color:white; font-size: 35px;"">卑鄙</p>","negative","moral","卑鄙",3,601,601,"e","true",NA,NA,NA,NA,"phase_015_subj_25"
9115,430,13,"<p style=""color:rgb(150, 250, 100); font-size: 35px;"">我的</p>","self","moral","我的",3,690,690,"i","true",NA,NA,NA,NA,"phase_015_subj_25"
9116,430,13,"<p style=""color:white; font-size: 35px;"">高尚</p>","positive","moral","高尚",3,961,961,"i","true",NA,NA,NA,NA,"phase_015_subj_25"
9117,430,13,"<p style=""color:rgb(150, 250, 100); font-size: 35px;"">本人的</p>","self","moral","本人的",3,657,657,"i","true",NA,NA,NA,NA,"phase_015_subj_25"
9118,430,13,"<p style=""color:white; font-size: 35px;"">黑心</p>","negative","moral","黑心",3,665,665,"e","true",NA,NA,NA,NA,"phase_015_subj_25"
9119,430,13,"<p style=""color:rgb(150, 250, 100); font-size: 35px;"">他的</p>","other","moral","他的",3,561,561,"e","true",NA,NA,NA,NA,"phase_015_subj_25"
9120,430,13,"<p style=""color:white; font-size: 35px;"">廉正</p>","positive","moral","廉正",3,881,881,"i","true",NA,NA,NA,NA,"phase_015_subj_25"
9121,430,14,"<p style=""color:rgb(150, 250, 100); font-size: 35px;"">他的</p>","other","moral","他的",4,776,776,"e","true",NA,NA,NA,NA,"phase_015_subj_25"
9122,430,14,"<p style=""color:white; font-size: 35px;"">正直</p>","positive","moral","正直",4,961,961,"i","true",NA,NA,NA,NA,"phase_015_subj_25"
9123,430,14,"<p style=""color:rgb(150, 250, 100); font-size: 35px;"">本人的</p>","self","moral","本人的",4,1154,1154,"i","true",NA,NA,NA,NA,"phase_015_subj_25"
9124,430,14,"<p style=""color:white; font-size: 35px;"">不仁</p>","negative","moral","不仁",4,713,713,"e","true",NA,NA,NA,NA,"phase_015_subj_25"
9125,430,14,"<p style=""color:rgb(150, 250, 100); font-size: 35px;"">自己</p>","self","moral","自己",4,801,801,"i","true",NA,NA,NA,NA,"phase_015_subj_25"
9126,430,14,"<p style=""color:white; font-size: 35px;"">诚信</p>","positive","moral","诚信",4,769,769,"i","true",NA,NA,NA,NA,"phase_015_subj_25"
9127,430,14,"<p style=""color:rgb(150, 250, 100); font-size: 35px;"">他人</p>","other","moral","他人",4,641,641,"e","true",NA,NA,NA,NA,"phase_015_subj_25"
9128,430,14,"<p style=""color:white; font-size: 35px;"">缺德</p>","negative","moral","缺德",4,585,585,"e","true",NA,NA,NA,NA,"phase_015_subj_25"
9129,430,14,"<p style=""color:rgb(150, 250, 100); font-size: 35px;"">他人的</p>","other","moral","他人的",4,656,656,"e","true",NA,NA,NA,NA,"phase_015_subj_25"
9130,430,14,"<p style=""color:white; font-size: 35px;"">卑鄙</p>","negative","moral","卑鄙",4,1154,1154,"e","true",NA,NA,NA,NA,"phase_015_subj_25"
9131,430,14,"<p style=""color:rgb(150, 250, 100); font-size: 35px;"">本人</p>","self","moral","本人",4,722,722,"i","true",NA,NA,NA,NA,"phase_015_subj_25"
9132,430,14,"<p style=""color:white; font-size: 35px;"">高尚</p>","positive","moral","高尚",4,754,754,"i","true",NA,NA,NA,NA,"phase_015_subj_25"
9133,430,14,"<p style=""color:rgb(150, 250, 100); font-size: 35px;"">本人</p>","self","moral","本人",4,626,626,"i","true",NA,NA,NA,NA,"phase_015_subj_25"
9134,430,14,"<p style=""color:white; font-size: 35px;"">小人</p>","negative","moral","小人",4,626,626,"e","true",NA,NA,NA,NA,"phase_015_subj_25"
9135,430,14,"<p style=""color:rgb(150, 250, 100); font-size: 35px;"">他</p>","other","moral","他",4,633,633,"e","true",NA,NA,NA,NA,"phase_015_subj_25"
9136,430,14,"<p style=""color:white; font-size: 35px;"">诚信</p>","positive","moral","诚信",4,1169,1169,"i","true",NA,NA,NA,NA,"phase_015_subj_25"
9137,430,14,"<p style=""color:rgb(150, 250, 100); font-size: 35px;"">我的</p>","self","moral","我的",4,577,577,"i","true",NA,NA,NA,NA,"phase_015_subj_25"
9138,430,14,"<p style=""color:white; font-size: 35px;"">小人</p>","negative","moral","小人",4,617,617,"e","true",NA,NA,NA,NA,"phase_015_subj_25"
9139,430,14,"<p style=""color:rgb(150, 250, 100); font-size: 35px;"">他的</p>","other","moral","他的",4,617,617,"e","true",NA,NA,NA,NA,"phase_015_subj_25"
9140,430,14,"<p style=""color:white; font-size: 35px;"">高尚</p>","positive","moral","高尚",4,865,865,"i","true",NA,NA,NA,NA,"phase_015_subj_25"
9141,430,14,"<p style=""color:rgb(150, 250, 100); font-size: 35px;"">自己的</p>","self","moral","自己的",4,825,825,"i","true",NA,NA,NA,NA,"phase_015_subj_25"
9142,430,14,"<p style=""color:white; font-size: 35px;"">廉正</p>","positive","moral","廉正",4,625,1392.34782608696,"e","false",NA,NA,NA,NA,"phase_015_subj_25"
9143,430,14,"<p style=""color:rgb(150, 250, 100); font-size: 35px;"">他</p>","other","moral","他",4,625,625,"e","true",NA,NA,NA,NA,"phase_015_subj_25"
9144,430,14,"<p style=""color:white; font-size: 35px;"">黑心</p>","negative","moral","黑心",4,1281,1281,"e","true",NA,NA,NA,NA,"phase_015_subj_25"
9145,430,14,"<p style=""color:rgb(150, 250, 100); font-size: 35px;"">他人的</p>","other","moral","他人的",4,529,529,"e","true",NA,NA,NA,NA,"phase_015_subj_25"
9146,430,14,"<p style=""color:white; font-size: 35px;"">善良</p>","positive","moral","善良",4,3433,3433,"i","true",NA,NA,NA,NA,"phase_015_subj_25"
9147,430,14,"<p style=""color:rgb(150, 250, 100); font-size: 35px;"">我</p>","self","moral","我",4,577,577,"i","true",NA,NA,NA,NA,"phase_015_subj_25"
9148,430,14,"<p style=""color:white; font-size: 35px;"">黑心</p>","negative","moral","黑心",4,681,681,"e","true",NA,NA,NA,NA,"phase_015_subj_25"
9149,430,14,"<p style=""color:rgb(150, 250, 100); font-size: 35px;"">别人的</p>","other","moral","别人的",4,857,857,"e","true",NA,NA,NA,NA,"phase_015_subj_25"
9150,430,14,"<p style=""color:white; font-size: 35px;"">君子</p>","positive","moral","君子",4,1202,1202,"i","true",NA,NA,NA,NA,"phase_015_subj_25"
9151,430,14,"<p style=""color:rgb(150, 250, 100); font-size: 35px;"">我</p>","self","moral","我",4,633,633,"i","true",NA,NA,NA,NA,"phase_015_subj_25"
9152,430,14,"<p style=""color:white; font-size: 35px;"">缺德</p>","negative","moral","缺德",4,641,641,"e","true",NA,NA,NA,NA,"phase_015_subj_25"
9153,430,14,"<p style=""color:rgb(150, 250, 100); font-size: 35px;"">别人</p>","other","moral","别人",4,641,641,"e","true",NA,NA,NA,NA,"phase_015_subj_25"
9154,430,14,"<p style=""color:white; font-size: 35px;"">善良</p>","positive","moral","善良",4,761,761,"i","true",NA,NA,NA,NA,"phase_015_subj_25"
9155,430,14,"<p style=""color:rgb(150, 250, 100); font-size: 35px;"">本人的</p>","self","moral","本人的",4,609,609,"i","true",NA,NA,NA,NA,"phase_015_subj_25"
9156,430,14,"<p style=""color:white; font-size: 35px;"">卑鄙</p>","negative","moral","卑鄙",4,553,553,"e","true",NA,NA,NA,NA,"phase_015_subj_25"
9157,430,14,"<p style=""color:rgb(150, 250, 100); font-size: 35px;"">别人的</p>","other","moral","别人的",4,545,545,"e","true",NA,NA,NA,NA,"phase_015_subj_25"
9158,430,14,"<p style=""color:white; font-size: 35px;"">不孝</p>","negative","moral","不孝",4,569,569,"e","true",NA,NA,NA,NA,"phase_015_subj_25"
9159,430,14,"<p style=""color:rgb(150, 250, 100); font-size: 35px;"">自己的</p>","self","moral","自己的",4,617,617,"i","true",NA,NA,NA,NA,"phase_015_subj_25"
9160,430,14,"<p style=""color:white; font-size: 35px;"">廉正</p>","positive","moral","廉正",4,585,1392.34782608696,"e","false",NA,NA,NA,NA,"phase_015_subj_25"
9161,430,14,"<p style=""color:rgb(150, 250, 100); font-size: 35px;"">自己</p>","self","moral","自己",4,641,641,"i","true",NA,NA,NA,NA,"phase_015_subj_25"
9162,430,14,"<p style=""color:white; font-size: 35px;"">正直</p>","positive","moral","正直",4,761,761,"i","true",NA,NA,NA,NA,"phase_015_subj_25"
9163,430,14,"<p style=""color:rgb(150, 250, 100); font-size: 35px;"">别人</p>","other","moral","别人",4,697,697,"e","true",NA,NA,NA,NA,"phase_015_subj_25"
9164,430,14,"<p style=""color:white; font-size: 35px;"">不孝</p>","negative","moral","不孝",4,665,665,"e","true",NA,NA,NA,NA,"phase_015_subj_25"
9165,430,14,"<p style=""color:rgb(150, 250, 100); font-size: 35px;"">他人</p>","other","moral","他人",4,641,641,"e","true",NA,NA,NA,NA,"phase_015_subj_25"
9166,430,14,"<p style=""color:white; font-size: 35px;"">君子</p>","positive","moral","君子",4,768,768,"i","true",NA,NA,NA,NA,"phase_015_subj_25"
9167,430,14,"<p style=""color:rgb(150, 250, 100); font-size: 35px;"">我的</p>","self","moral","我的",4,568,568,"i","true",NA,NA,NA,NA,"phase_015_subj_25"
9168,430,14,"<p style=""color:white; font-size: 35px;"">不仁</p>","negative","moral","不仁",4,712,712,"e","true",NA,NA,NA,NA,"phase_015_subj_25"
9169,430,15,"<p style=""color:rgb(150, 250, 100); font-size: 35px;"">自己</p>","self","moral","自己",5,584,584,"e","true",NA,NA,NA,NA,"phase_015_subj_25"
9170,430,15,"<p style=""color:rgb(150, 250, 100); font-size: 35px;"">自己的</p>","self","moral","自己的",5,529,529,"e","true",NA,NA,NA,NA,"phase_015_subj_25"
9171,430,15,"<p style=""color:rgb(150, 250, 100); font-size: 35px;"">他的</p>","other","moral","他的",5,514,514,"e","false",NA,NA,NA,NA,"phase_015_subj_25"
9172,430,15,"<p style=""color:rgb(150, 250, 100); font-size: 35px;"">他人</p>","other","moral","他人",5,529,529,"i","true",NA,NA,NA,NA,"phase_015_subj_25"
9173,430,15,"<p style=""color:rgb(150, 250, 100); font-size: 35px;"">本人的</p>","self","moral","本人的",5,569,569,"e","true",NA,NA,NA,NA,"phase_015_subj_25"
9174,430,15,"<p style=""color:rgb(150, 250, 100); font-size: 35px;"">自己的</p>","self","moral","自己的",5,553,553,"e","true",NA,NA,NA,NA,"phase_015_subj_25"
9175,430,15,"<p style=""color:rgb(150, 250, 100); font-size: 35px;"">别人</p>","other","moral","别人",5,569,569,"i","true",NA,NA,NA,NA,"phase_015_subj_25"
9176,430,15,"<p style=""color:rgb(150, 250, 100); font-size: 35px;"">他</p>","other","moral","他",5,809,809,"i","true",NA,NA,NA,NA,"phase_015_subj_25"
9177,430,15,"<p style=""color:rgb(150, 250, 100); font-size: 35px;"">我</p>","self","moral","我",5,601,601,"e","true",NA,NA,NA,NA,"phase_015_subj_25"
9178,430,15,"<p style=""color:rgb(150, 250, 100); font-size: 35px;"">别人的</p>","other","moral","别人的",5,545,545,"i","true",NA,NA,NA,NA,"phase_015_subj_25"
9179,430,15,"<p style=""color:rgb(150, 250, 100); font-size: 35px;"">本人</p>","self","moral","本人",5,609,609,"e","true",NA,NA,NA,NA,"phase_015_subj_25"
9180,430,15,"<p style=""color:rgb(150, 250, 100); font-size: 35px;"">本人的</p>","self","moral","本人的",5,625,625,"e","true",NA,NA,NA,NA,"phase_015_subj_25"
9181,430,15,"<p style=""color:rgb(150, 250, 100); font-size: 35px;"">我</p>","self","moral","我",5,609,609,"e","true",NA,NA,NA,NA,"phase_015_subj_25"
9182,430,15,"<p style=""color:rgb(150, 250, 100); font-size: 35px;"">他的</p>","other","moral","他的",5,592,592,"i","true",NA,NA,NA,NA,"phase_015_subj_25"
9183,430,15,"<p style=""color:rgb(150, 250, 100); font-size: 35px;"">别人的</p>","other","moral","别人的",5,857,857,"i","true",NA,NA,NA,NA,"phase_015_subj_25"
9184,430,15,"<p style=""color:rgb(150, 250, 100); font-size: 35px;"">本人</p>","self","moral","本人",5,840,840,"e","true",NA,NA,NA,NA,"phase_015_subj_25"
9185,430,15,"<p style=""color:rgb(150, 250, 100); font-size: 35px;"">别人</p>","other","moral","别人",5,729,729,"i","true",NA,NA,NA,NA,"phase_015_subj_25"
9186,430,15,"<p style=""color:rgb(150, 250, 100); font-size: 35px;"">他</p>","other","moral","他",5,592,592,"i","true",NA,NA,NA,NA,"phase_015_subj_25"
9187,430,15,"<p style=""color:rgb(150, 250, 100); font-size: 35px;"">他人的</p>","other","moral","他人的",5,544,544,"i","true",NA,NA,NA,NA,"phase_015_subj_25"
9188,430,15,"<p style=""color:rgb(150, 250, 100); font-size: 35px;"">我的</p>","self","moral","我的",5,800,800,"e","true",NA,NA,NA,NA,"phase_015_subj_25"
9189,430,15,"<p style=""color:rgb(150, 250, 100); font-size: 35px;"">自己</p>","self","moral","自己",5,576,576,"e","true",NA,NA,NA,NA,"phase_015_subj_25"
9190,430,15,"<p style=""color:rgb(150, 250, 100); font-size: 35px;"">我的</p>","self","moral","我的",5,657,657,"e","true",NA,NA,NA,NA,"phase_015_subj_25"
9191,430,15,"<p style=""color:rgb(150, 250, 100); font-size: 35px;"">他人</p>","other","moral","他人",5,657,657,"i","true",NA,NA,NA,NA,"phase_015_subj_25"
9192,430,15,"<p style=""color:rgb(150, 250, 100); font-size: 35px;"">他人的</p>","other","moral","他人的",5,545,545,"i","true",NA,NA,NA,NA,"phase_015_subj_25"
9193,430,16,"<p style=""color:white; font-size: 35px;"">不仁</p>","negative","moral","不仁",6,888,888,"e","true",NA,NA,NA,NA,"phase_015_subj_25"
9194,430,16,"<p style=""color:rgb(150, 250, 100); font-size: 35px;"">本人的</p>","self","moral","本人的",6,673,1403.47619047619,"i","false",NA,NA,NA,NA,"phase_015_subj_25"
9195,430,16,"<p style=""color:white; font-size: 35px;"">廉正</p>","positive","moral","廉正",6,849,1403.47619047619,"e","false",NA,NA,NA,NA,"phase_015_subj_25"
9196,430,16,"<p style=""color:rgb(150, 250, 100); font-size: 35px;"">他人的</p>","other","moral","他人的",6,625,625,"i","true",NA,NA,NA,NA,"phase_015_subj_25"
9197,430,16,"<p style=""color:white; font-size: 35px;"">不孝</p>","negative","moral","不孝",6,625,625,"e","true",NA,NA,NA,NA,"phase_015_subj_25"
9198,430,16,"<p style=""color:rgb(150, 250, 100); font-size: 35px;"">别人</p>","other","moral","别人",6,864,864,"i","true",NA,NA,NA,NA,"phase_015_subj_25"
9199,430,16,"<p style=""color:white; font-size: 35px;"">善良</p>","positive","moral","善良",6,456,456,"i","true",NA,NA,NA,NA,"phase_015_subj_25"
9200,430,16,"<p style=""color:rgb(150, 250, 100); font-size: 35px;"">我的</p>","self","moral","我的",6,528,528,"e","true",NA,NA,NA,NA,"phase_015_subj_25"
9201,430,16,"<p style=""color:white; font-size: 35px;"">正直</p>","positive","moral","正直",6,1032,1032,"i","true",NA,NA,NA,NA,"phase_015_subj_25"
9202,430,16,"<p style=""color:rgb(150, 250, 100); font-size: 35px;"">自己</p>","self","moral","自己",6,673,673,"e","true",NA,NA,NA,NA,"phase_015_subj_25"
9203,430,16,"<p style=""color:white; font-size: 35px;"">小人</p>","negative","moral","小人",6,888,888,"e","true",NA,NA,NA,NA,"phase_015_subj_25"
9204,430,16,"<p style=""color:rgb(150, 250, 100); font-size: 35px;"">他人</p>","other","moral","他人",6,624,624,"i","true",NA,NA,NA,NA,"phase_015_subj_25"
9205,430,16,"<p style=""color:white; font-size: 35px;"">高尚</p>","positive","moral","高尚",6,2208,2208,"i","true",NA,NA,NA,NA,"phase_015_subj_25"
9206,430,16,"<p style=""color:rgb(150, 250, 100); font-size: 35px;"">他</p>","other","moral","他",6,904,904,"i","true",NA,NA,NA,NA,"phase_015_subj_25"
9207,430,16,"<p style=""color:white; font-size: 35px;"">缺德</p>","negative","moral","缺德",6,616,616,"e","true",NA,NA,NA,NA,"phase_015_subj_25"
9208,430,16,"<p style=""color:rgb(150, 250, 100); font-size: 35px;"">本人</p>","self","moral","本人",6,905,905,"e","true",NA,NA,NA,NA,"phase_015_subj_25"
9209,430,16,"<p style=""color:white; font-size: 35px;"">君子</p>","positive","moral","君子",6,665,1403.47619047619,"e","false",NA,NA,NA,NA,"phase_015_subj_25"
9210,430,16,"<p style=""color:rgb(150, 250, 100); font-size: 35px;"">自己的</p>","self","moral","自己的",6,617,617,"e","true",NA,NA,NA,NA,"phase_015_subj_25"
9211,430,16,"<p style=""color:white; font-size: 35px;"">卑鄙</p>","negative","moral","卑鄙",6,921,921,"e","true",NA,NA,NA,NA,"phase_015_subj_25"
9212,430,16,"<p style=""color:rgb(150, 250, 100); font-size: 35px;"">他的</p>","other","moral","他的",6,696,696,"i","true",NA,NA,NA,NA,"phase_015_subj_25"
9213,430,16,"<p style=""color:white; font-size: 35px;"">诚信</p>","positive","moral","诚信",6,681,681,"i","true",NA,NA,NA,NA,"phase_015_subj_25"
9214,430,16,"<p style=""color:rgb(150, 250, 100); font-size: 35px;"">我</p>","self","moral","我",6,729,729,"e","true",NA,NA,NA,NA,"phase_015_subj_25"
9215,430,16,"<p style=""color:white; font-size: 35px;"">黑心</p>","negative","moral","黑心",6,688,688,"e","true",NA,NA,NA,NA,"phase_015_subj_25"
9216,430,16,"<p style=""color:rgb(150, 250, 100); font-size: 35px;"">别人的</p>","other","moral","别人的",6,705,705,"i","true",NA,NA,NA,NA,"phase_015_subj_25"
9217,430,17,"<p style=""color:white; font-size: 35px;"">廉正</p>","positive","moral","廉正",7,1199,1199,"i","true",NA,NA,NA,NA,"phase_015_subj_25"
9218,430,17,"<p style=""color:rgb(150, 250, 100); font-size: 35px;"">他</p>","other","moral","他",7,592,592,"i","true",NA,NA,NA,NA,"phase_015_subj_25"
9219,430,17,"<p style=""color:white; font-size: 35px;"">不孝</p>","negative","moral","不孝",7,608,608,"e","true",NA,NA,NA,NA,"phase_015_subj_25"
9220,430,17,"<p style=""color:rgb(150, 250, 100); font-size: 35px;"">我</p>","self","moral","我",7,912,912,"e","true",NA,NA,NA,NA,"phase_015_subj_25"
9221,430,17,"<p style=""color:white; font-size: 35px;"">善良</p>","positive","moral","善良",7,824,824,"i","true",NA,NA,NA,NA,"phase_015_subj_25"
9222,430,17,"<p style=""color:rgb(150, 250, 100); font-size: 35px;"">他的</p>","other","moral","他的",7,592,592,"i","true",NA,NA,NA,NA,"phase_015_subj_25"
9223,430,17,"<p style=""color:white; font-size: 35px;"">卑鄙</p>","negative","moral","卑鄙",7,688,688,"e","true",NA,NA,NA,NA,"phase_015_subj_25"
9224,430,17,"<p style=""color:rgb(150, 250, 100); font-size: 35px;"">本人的</p>","self","moral","本人的",7,768,1364.47619047619,"i","false",NA,NA,NA,NA,"phase_015_subj_25"
9225,430,17,"<p style=""color:white; font-size: 35px;"">正直</p>","positive","moral","正直",7,1520,1520,"i","true",NA,NA,NA,NA,"phase_015_subj_25"
9226,430,17,"<p style=""color:rgb(150, 250, 100); font-size: 35px;"">自己的</p>","self","moral","自己的",7,585,585,"e","true",NA,NA,NA,NA,"phase_015_subj_25"
9227,430,17,"<p style=""color:white; font-size: 35px;"">卑鄙</p>","negative","moral","卑鄙",7,625,625,"e","true",NA,NA,NA,NA,"phase_015_subj_25"
9228,430,17,"<p style=""color:rgb(150, 250, 100); font-size: 35px;"">别人的</p>","other","moral","别人的",7,496,496,"i","true",NA,NA,NA,NA,"phase_015_subj_25"
9229,430,17,"<p style=""color:white; font-size: 35px;"">不孝</p>","negative","moral","不孝",7,745,745,"e","true",NA,NA,NA,NA,"phase_015_subj_25"
9230,430,17,"<p style=""color:rgb(150, 250, 100); font-size: 35px;"">本人的</p>","self","moral","本人的",7,681,681,"e","true",NA,NA,NA,NA,"phase_015_subj_25"
9231,430,17,"<p style=""color:white; font-size: 35px;"">廉正</p>","positive","moral","廉正",7,920,920,"i","true",NA,NA,NA,NA,"phase_015_subj_25"
9232,430,17,"<p style=""color:rgb(150, 250, 100); font-size: 35px;"">他</p>","other","moral","他",7,640,640,"i","true",NA,NA,NA,NA,"phase_015_subj_25"
9233,430,17,"<p style=""color:white; font-size: 35px;"">君子</p>","positive","moral","君子",7,904,904,"i","true",NA,NA,NA,NA,"phase_015_subj_25"
9234,430,17,"<p style=""color:rgb(150, 250, 100); font-size: 35px;"">本人</p>","self","moral","本人",7,696,696,"e","true",NA,NA,NA,NA,"phase_015_subj_25"
9235,430,17,"<p style=""color:white; font-size: 35px;"">黑心</p>","negative","moral","黑心",7,664,664,"e","true",NA,NA,NA,NA,"phase_015_subj_25"
9236,430,17,"<p style=""color:rgb(150, 250, 100); font-size: 35px;"">他人的</p>","other","moral","他人的",7,640,640,"i","true",NA,NA,NA,NA,"phase_015_subj_25"
9237,430,17,"<p style=""color:white; font-size: 35px;"">不仁</p>","negative","moral","不仁",7,648,1364.47619047619,"i","false",NA,NA,NA,NA,"phase_015_subj_25"
9238,430,17,"<p style=""color:rgb(150, 250, 100); font-size: 35px;"">他的</p>","other","moral","他的",7,696,696,"i","true",NA,NA,NA,NA,"phase_015_subj_25"
9239,430,17,"<p style=""color:white; font-size: 35px;"">高尚</p>","positive","moral","高尚",7,1128,1128,"i","true",NA,NA,NA,NA,"phase_015_subj_25"
9240,430,17,"<p style=""color:rgb(150, 250, 100); font-size: 35px;"">自己</p>","self","moral","自己",7,608,608,"e","true",NA,NA,NA,NA,"phase_015_subj_25"
9241,430,17,"<p style=""color:white; font-size: 35px;"">高尚</p>","positive","moral","高尚",7,792,792,"i","true",NA,NA,NA,NA,"phase_015_subj_25"
9242,430,17,"<p style=""color:rgb(150, 250, 100); font-size: 35px;"">自己的</p>","self","moral","自己的",7,688,688,"e","true",NA,NA,NA,NA,"phase_015_subj_25"
9243,430,17,"<p style=""color:white; font-size: 35px;"">小人</p>","negative","moral","小人",7,760,760,"e","true",NA,NA,NA,NA,"phase_015_subj_25"
9244,430,17,"<p style=""color:rgb(150, 250, 100); font-size: 35px;"">他人</p>","other","moral","他人",7,672,672,"i","true",NA,NA,NA,NA,"phase_015_subj_25"
9245,430,17,"<p style=""color:white; font-size: 35px;"">正直</p>","positive","moral","正直",7,576,576,"i","true",NA,NA,NA,NA,"phase_015_subj_25"
9246,430,17,"<p style=""color:rgb(150, 250, 100); font-size: 35px;"">他人的</p>","other","moral","他人的",7,632,1364.47619047619,"e","false",NA,NA,NA,NA,"phase_015_subj_25"
9247,430,17,"<p style=""color:white; font-size: 35px;"">缺德</p>","negative","moral","缺德",7,1800,1800,"e","true",NA,NA,NA,NA,"phase_015_subj_25"
9248,430,17,"<p style=""color:rgb(150, 250, 100); font-size: 35px;"">我的</p>","self","moral","我的",7,632,632,"e","true",NA,NA,NA,NA,"phase_015_subj_25"
9249,430,17,"<p style=""color:white; font-size: 35px;"">黑心</p>","negative","moral","黑心",7,585,585,"e","true",NA,NA,NA,NA,"phase_015_subj_25"
9250,430,17,"<p style=""color:rgb(150, 250, 100); font-size: 35px;"">本人</p>","self","moral","本人",7,793,793,"e","true",NA,NA,NA,NA,"phase_015_subj_25"
9251,430,17,"<p style=""color:white; font-size: 35px;"">诚信</p>","positive","moral","诚信",7,1096,1364.47619047619,"e","false",NA,NA,NA,NA,"phase_015_subj_25"
9252,430,17,"<p style=""color:rgb(150, 250, 100); font-size: 35px;"">别人</p>","other","moral","别人",7,600,600,"i","true",NA,NA,NA,NA,"phase_015_subj_25"
9253,430,17,"<p style=""color:white; font-size: 35px;"">缺德</p>","negative","moral","缺德",7,744,744,"e","true",NA,NA,NA,NA,"phase_015_subj_25"
9254,430,17,"<p style=""color:rgb(150, 250, 100); font-size: 35px;"">自己</p>","self","moral","自己",7,624,624,"e","true",NA,NA,NA,NA,"phase_015_subj_25"
9255,430,17,"<p style=""color:white; font-size: 35px;"">君子</p>","positive","moral","君子",7,696,696,"i","true",NA,NA,NA,NA,"phase_015_subj_25"
9256,430,17,"<p style=""color:rgb(150, 250, 100); font-size: 35px;"">他人</p>","other","moral","他人",7,696,1364.47619047619,"e","false",NA,NA,NA,NA,"phase_015_subj_25"
9257,430,17,"<p style=""color:white; font-size: 35px;"">善良</p>","positive","moral","善良",7,840,1364.47619047619,"e","false",NA,NA,NA,NA,"phase_015_subj_25"
9258,430,17,"<p style=""color:rgb(150, 250, 100); font-size: 35px;"">我</p>","self","moral","我",7,616,616,"e","true",NA,NA,NA,NA,"phase_015_subj_25"
9259,430,17,"<p style=""color:white; font-size: 35px;"">不仁</p>","negative","moral","不仁",7,856,856,"e","true",NA,NA,NA,NA,"phase_015_subj_25"
9260,430,17,"<p style=""color:rgb(150, 250, 100); font-size: 35px;"">别人</p>","other","moral","别人",7,600,600,"i","true",NA,NA,NA,NA,"phase_015_subj_25"
9261,430,17,"<p style=""color:white; font-size: 35px;"">诚信</p>","positive","moral","诚信",7,840,840,"i","true",NA,NA,NA,NA,"phase_015_subj_25"
9262,430,17,"<p style=""color:rgb(150, 250, 100); font-size: 35px;"">我的</p>","self","moral","我的",7,720,720,"e","true",NA,NA,NA,NA,"phase_015_subj_25"
9263,430,17,"<p style=""color:white; font-size: 35px;"">小人</p>","negative","moral","小人",7,632,632,"e","true",NA,NA,NA,NA,"phase_015_subj_25"
9264,430,17,"<p style=""color:rgb(150, 250, 100); font-size: 35px;"">别人的</p>","other","moral","别人的",7,919,919,"i","true",NA,NA,NA,NA,"phase_015_subj_25"
9265,12,NA,"
    <h3>词语分类任务</h3>
    <p>在接下来的任务中，你需要对一系列词语进行分类。<p/>
    请先熟悉这些词语，这有利于你完成接下来的任务。</p>
    <table align=""center"" border=1 cellpadding=3 cellspacing=0>
    <tr> <th>类别</th> <th>词语</th> </tr>
    <tr> <td>&emsp;积极&emsp;</td> <td>&emsp;高尚、诚信、善良、君子、廉正、正直&emsp;</td> </tr>
    <tr> <td>&emsp;消极&emsp;</td> <td>&emsp;缺德、卑鄙、不孝、不仁、小人、黑心&emsp;</td> </tr>
    <tr> <td>&emsp;自我&emsp;</td> <td>&emsp;我、我的、自己、自己的、本人、本人的&emsp;</td> </tr>
    <tr> <td>&emsp;他人&emsp;</td> <td>&emsp;他、他的、别人、别人的、他人、他人的&emsp;</td> </tr>
    </table><br/>","","","",NA,11492,NA,"0","",NA,NA,2,2,"phase_015_subj_2"
9266,12,11,"<p style=""color:rgb(150, 250, 100); font-size: 35px;"">自己</p>","self","moral","自己",1,1225,1225,"i","true",NA,NA,NA,NA,"phase_015_subj_2"
9267,12,11,"<p style=""color:rgb(150, 250, 100); font-size: 35px;"">我</p>","self","moral","我",1,574,574,"i","true",NA,NA,NA,NA,"phase_015_subj_2"
9268,12,11,"<p style=""color:rgb(150, 250, 100); font-size: 35px;"">他人</p>","other","moral","他人",1,495,495,"e","true",NA,NA,NA,NA,"phase_015_subj_2"
9269,12,11,"<p style=""color:rgb(150, 250, 100); font-size: 35px;"">别人</p>","other","moral","别人",1,454,454,"e","true",NA,NA,NA,NA,"phase_015_subj_2"
9270,12,11,"<p style=""color:rgb(150, 250, 100); font-size: 35px;"">本人的</p>","self","moral","本人的",1,742,742,"i","true",NA,NA,NA,NA,"phase_015_subj_2"
9271,12,11,"<p style=""color:rgb(150, 250, 100); font-size: 35px;"">他</p>","other","moral","他",1,529,529,"e","true",NA,NA,NA,NA,"phase_015_subj_2"
9272,12,11,"<p style=""color:rgb(150, 250, 100); font-size: 35px;"">本人</p>","self","moral","本人",1,461,461,"i","true",NA,NA,NA,NA,"phase_015_subj_2"
9273,12,11,"<p style=""color:rgb(150, 250, 100); font-size: 35px;"">自己的</p>","self","moral","自己的",1,480,480,"i","true",NA,NA,NA,NA,"phase_015_subj_2"
9274,12,11,"<p style=""color:rgb(150, 250, 100); font-size: 35px;"">他的</p>","other","moral","他的",1,462,462,"e","true",NA,NA,NA,NA,"phase_015_subj_2"
9275,12,11,"<p style=""color:rgb(150, 250, 100); font-size: 35px;"">我的</p>","self","moral","我的",1,464,464,"i","true",NA,NA,NA,NA,"phase_015_subj_2"
9276,12,11,"<p style=""color:rgb(150, 250, 100); font-size: 35px;"">他人的</p>","other","moral","他人的",1,408,408,"e","true",NA,NA,NA,NA,"phase_015_subj_2"
9277,12,11,"<p style=""color:rgb(150, 250, 100); font-size: 35px;"">别人的</p>","other","moral","别人的",1,491,491,"e","true",NA,NA,NA,NA,"phase_015_subj_2"
9278,12,12,"<p style=""color:white; font-size: 35px;"">小人</p>","negative","moral","小人",2,851,851,"e","true",NA,NA,NA,NA,"phase_015_subj_2"
9279,12,12,"<p style=""color:white; font-size: 35px;"">高尚</p>","positive","moral","高尚",2,440,440,"i","true",NA,NA,NA,NA,"phase_015_subj_2"
9280,12,12,"<p style=""color:white; font-size: 35px;"">缺德</p>","negative","moral","缺德",2,595,595,"e","true",NA,NA,NA,NA,"phase_015_subj_2"
9281,12,12,"<p style=""color:white; font-size: 35px;"">廉正</p>","positive","moral","廉正",2,583,583,"i","true",NA,NA,NA,NA,"phase_015_subj_2"
9282,12,12,"<p style=""color:white; font-size: 35px;"">诚信</p>","positive","moral","诚信",2,473,473,"i","true",NA,NA,NA,NA,"phase_015_subj_2"
9283,12,12,"<p style=""color:white; font-size: 35px;"">正直</p>","positive","moral","正直",2,769,769,"i","true",NA,NA,NA,NA,"phase_015_subj_2"
9284,12,12,"<p style=""color:white; font-size: 35px;"">不仁</p>","negative","moral","不仁",2,553,553,"e","true",NA,NA,NA,NA,"phase_015_subj_2"
9285,12,12,"<p style=""color:white; font-size: 35px;"">不孝</p>","negative","moral","不孝",2,511,511,"e","true",NA,NA,NA,NA,"phase_015_subj_2"
9286,12,12,"<p style=""color:white; font-size: 35px;"">卑鄙</p>","negative","moral","卑鄙",2,446,446,"e","true",NA,NA,NA,NA,"phase_015_subj_2"
9287,12,12,"<p style=""color:white; font-size: 35px;"">君子</p>","positive","moral","君子",2,556,556,"i","true",NA,NA,NA,NA,"phase_015_subj_2"
9288,12,12,"<p style=""color:white; font-size: 35px;"">善良</p>","positive","moral","善良",2,498,498,"i","true",NA,NA,NA,NA,"phase_015_subj_2"
9289,12,12,"<p style=""color:white; font-size: 35px;"">黑心</p>","negative","moral","黑心",2,591,591,"e","true",NA,NA,NA,NA,"phase_015_subj_2"
9290,12,13,"<p style=""color:rgb(150, 250, 100); font-size: 35px;"">他人</p>","other","moral","他人",3,406,406,"e","true",NA,NA,NA,NA,"phase_015_subj_2"
9291,12,13,"<p style=""color:white; font-size: 35px;"">缺德</p>","negative","moral","缺德",3,600,600,"e","true",NA,NA,NA,NA,"phase_015_subj_2"
9292,12,13,"<p style=""color:rgb(150, 250, 100); font-size: 35px;"">本人的</p>","self","moral","本人的",3,500,500,"i","true",NA,NA,NA,NA,"phase_015_subj_2"
9293,12,13,"<p style=""color:white; font-size: 35px;"">高尚</p>","positive","moral","高尚",3,380,380,"i","true",NA,NA,NA,NA,"phase_015_subj_2"
9294,12,13,"<p style=""color:rgb(150, 250, 100); font-size: 35px;"">自己的</p>","self","moral","自己的",3,436,436,"i","true",NA,NA,NA,NA,"phase_015_subj_2"
9295,12,13,"<p style=""color:white; font-size: 35px;"">卑鄙</p>","negative","moral","卑鄙",3,406,406,"e","true",NA,NA,NA,NA,"phase_015_subj_2"
9296,12,13,"<p style=""color:rgb(150, 250, 100); font-size: 35px;"">他的</p>","other","moral","他的",3,451,451,"e","true",NA,NA,NA,NA,"phase_015_subj_2"
9297,12,13,"<p style=""color:white; font-size: 35px;"">正直</p>","positive","moral","正直",3,443,1141.5,"e","false",NA,NA,NA,NA,"phase_015_subj_2"
9298,12,13,"<p style=""color:rgb(150, 250, 100); font-size: 35px;"">别人的</p>","other","moral","别人的",3,925,925,"e","true",NA,NA,NA,NA,"phase_015_subj_2"
9299,12,13,"<p style=""color:white; font-size: 35px;"">善良</p>","positive","moral","善良",3,466,466,"i","true",NA,NA,NA,NA,"phase_015_subj_2"
9300,12,13,"<p style=""color:rgb(150, 250, 100); font-size: 35px;"">我的</p>","self","moral","我的",3,522,522,"i","true",NA,NA,NA,NA,"phase_015_subj_2"
9301,12,13,"<p style=""color:white; font-size: 35px;"">小人</p>","negative","moral","小人",3,478,478,"e","true",NA,NA,NA,NA,"phase_015_subj_2"
9302,12,13,"<p style=""color:rgb(150, 250, 100); font-size: 35px;"">他人的</p>","other","moral","他人的",3,510,510,"e","true",NA,NA,NA,NA,"phase_015_subj_2"
9303,12,13,"<p style=""color:white; font-size: 35px;"">君子</p>","positive","moral","君子",3,755,755,"i","true",NA,NA,NA,NA,"phase_015_subj_2"
9304,12,13,"<p style=""color:rgb(150, 250, 100); font-size: 35px;"">自己</p>","self","moral","自己",3,582,582,"i","true",NA,NA,NA,NA,"phase_015_subj_2"
9305,12,13,"<p style=""color:white; font-size: 35px;"">黑心</p>","negative","moral","黑心",3,474,474,"e","true",NA,NA,NA,NA,"phase_015_subj_2"
9306,12,13,"<p style=""color:rgb(150, 250, 100); font-size: 35px;"">我</p>","self","moral","我",3,463,463,"i","true",NA,NA,NA,NA,"phase_015_subj_2"
9307,12,13,"<p style=""color:white; font-size: 35px;"">不仁</p>","negative","moral","不仁",3,547,547,"e","true",NA,NA,NA,NA,"phase_015_subj_2"
9308,12,13,"<p style=""color:rgb(150, 250, 100); font-size: 35px;"">别人</p>","other","moral","别人",3,416,1141.5,"i","false",NA,NA,NA,NA,"phase_015_subj_2"
9309,12,13,"<p style=""color:white; font-size: 35px;"">廉正</p>","positive","moral","廉正",3,547,547,"i","true",NA,NA,NA,NA,"phase_015_subj_2"
9310,12,13,"<p style=""color:rgb(150, 250, 100); font-size: 35px;"">他</p>","other","moral","他",3,590,590,"e","true",NA,NA,NA,NA,"phase_015_subj_2"
9311,12,13,"<p style=""color:white; font-size: 35px;"">诚信</p>","positive","moral","诚信",3,601,601,"i","true",NA,NA,NA,NA,"phase_015_subj_2"
9312,12,13,"<p style=""color:rgb(150, 250, 100); font-size: 35px;"">本人</p>","self","moral","本人",3,600,600,"i","true",NA,NA,NA,NA,"phase_015_subj_2"
9313,12,13,"<p style=""color:white; font-size: 35px;"">不孝</p>","negative","moral","不孝",3,674,674,"e","true",NA,NA,NA,NA,"phase_015_subj_2"
9314,12,14,"<p style=""color:rgb(150, 250, 100); font-size: 35px;"">他人</p>","other","moral","他人",4,390,390,"e","true",NA,NA,NA,NA,"phase_015_subj_2"
9315,12,14,"<p style=""color:white; font-size: 35px;"">不仁</p>","negative","moral","不仁",4,499,499,"e","true",NA,NA,NA,NA,"phase_015_subj_2"
9316,12,14,"<p style=""color:rgb(150, 250, 100); font-size: 35px;"">本人的</p>","self","moral","本人的",4,520,520,"i","true",NA,NA,NA,NA,"phase_015_subj_2"
9317,12,14,"<p style=""color:white; font-size: 35px;"">善良</p>","positive","moral","善良",4,382,382,"i","true",NA,NA,NA,NA,"phase_015_subj_2"
9318,12,14,"<p style=""color:rgb(150, 250, 100); font-size: 35px;"">他人的</p>","other","moral","他人的",4,391,391,"e","true",NA,NA,NA,NA,"phase_015_subj_2"
9319,12,14,"<p style=""color:white; font-size: 35px;"">正直</p>","positive","moral","正直",4,504,1109.6,"e","false",NA,NA,NA,NA,"phase_015_subj_2"
9320,12,14,"<p style=""color:rgb(150, 250, 100); font-size: 35px;"">我</p>","self","moral","我",4,590,590,"i","true",NA,NA,NA,NA,"phase_015_subj_2"
9321,12,14,"<p style=""color:white; font-size: 35px;"">黑心</p>","negative","moral","黑心",4,453,453,"e","true",NA,NA,NA,NA,"phase_015_subj_2"
9322,12,14,"<p style=""color:rgb(150, 250, 100); font-size: 35px;"">我的</p>","self","moral","我的",4,432,432,"i","true",NA,NA,NA,NA,"phase_015_subj_2"
9323,12,14,"<p style=""color:white; font-size: 35px;"">诚信</p>","positive","moral","诚信",4,643,643,"i","true",NA,NA,NA,NA,"phase_015_subj_2"
9324,12,14,"<p style=""color:rgb(150, 250, 100); font-size: 35px;"">别人的</p>","other","moral","别人的",4,648,648,"e","true",NA,NA,NA,NA,"phase_015_subj_2"
9325,12,14,"<p style=""color:white; font-size: 35px;"">不孝</p>","negative","moral","不孝",4,486,486,"e","true",NA,NA,NA,NA,"phase_015_subj_2"
9326,12,14,"<p style=""color:rgb(150, 250, 100); font-size: 35px;"">我的</p>","self","moral","我的",4,427,427,"i","true",NA,NA,NA,NA,"phase_015_subj_2"
9327,12,14,"<p style=""color:white; font-size: 35px;"">黑心</p>","negative","moral","黑心",4,399,399,"e","true",NA,NA,NA,NA,"phase_015_subj_2"
9328,12,14,"<p style=""color:rgb(150, 250, 100); font-size: 35px;"">他</p>","other","moral","他",4,473,1109.6,"i","false",NA,NA,NA,NA,"phase_015_subj_2"
9329,12,14,"<p style=""color:white; font-size: 35px;"">廉正</p>","positive","moral","廉正",4,453,453,"i","true",NA,NA,NA,NA,"phase_015_subj_2"
9330,12,14,"<p style=""color:rgb(150, 250, 100); font-size: 35px;"">我</p>","self","moral","我",4,497,497,"i","true",NA,NA,NA,NA,"phase_015_subj_2"
9331,12,14,"<p style=""color:white; font-size: 35px;"">缺德</p>","negative","moral","缺德",4,691,691,"e","true",NA,NA,NA,NA,"phase_015_subj_2"
9332,12,14,"<p style=""color:rgb(150, 250, 100); font-size: 35px;"">别人的</p>","other","moral","别人的",4,382,382,"e","true",NA,NA,NA,NA,"phase_015_subj_2"
9333,12,14,"<p style=""color:white; font-size: 35px;"">高尚</p>","positive","moral","高尚",4,444,444,"i","true",NA,NA,NA,NA,"phase_015_subj_2"
9334,12,14,"<p style=""color:rgb(150, 250, 100); font-size: 35px;"">自己的</p>","self","moral","自己的",4,567,567,"i","true",NA,NA,NA,NA,"phase_015_subj_2"
9335,12,14,"<p style=""color:white; font-size: 35px;"">廉正</p>","positive","moral","廉正",4,1294,1294,"i","true",NA,NA,NA,NA,"phase_015_subj_2"
9336,12,14,"<p style=""color:rgb(150, 250, 100); font-size: 35px;"">他的</p>","other","moral","他的",4,533,533,"e","true",NA,NA,NA,NA,"phase_015_subj_2"
9337,12,14,"<p style=""color:white; font-size: 35px;"">不孝</p>","negative","moral","不孝",4,461,461,"e","true",NA,NA,NA,NA,"phase_015_subj_2"
9338,12,14,"<p style=""color:rgb(150, 250, 100); font-size: 35px;"">别人</p>","other","moral","别人",4,454,1109.6,"i","false",NA,NA,NA,NA,"phase_015_subj_2"
9339,12,14,"<p style=""color:white; font-size: 35px;"">小人</p>","negative","moral","小人",4,459,459,"e","true",NA,NA,NA,NA,"phase_015_subj_2"
9340,12,14,"<p style=""color:rgb(150, 250, 100); font-size: 35px;"">本人</p>","self","moral","本人",4,717,717,"i","true",NA,NA,NA,NA,"phase_015_subj_2"
9341,12,14,"<p style=""color:white; font-size: 35px;"">高尚</p>","positive","moral","高尚",4,507,507,"i","true",NA,NA,NA,NA,"phase_015_subj_2"
9342,12,14,"<p style=""color:rgb(150, 250, 100); font-size: 35px;"">自己</p>","self","moral","自己",4,474,474,"i","true",NA,NA,NA,NA,"phase_015_subj_2"
9343,12,14,"<p style=""color:white; font-size: 35px;"">卑鄙</p>","negative","moral","卑鄙",4,463,463,"e","true",NA,NA,NA,NA,"phase_015_subj_2"
9344,12,14,"<p style=""color:rgb(150, 250, 100); font-size: 35px;"">他的</p>","other","moral","他的",4,464,464,"e","true",NA,NA,NA,NA,"phase_015_subj_2"
9345,12,14,"<p style=""color:white; font-size: 35px;"">正直</p>","positive","moral","正直",4,596,596,"i","true",NA,NA,NA,NA,"phase_015_subj_2"
9346,12,14,"<p style=""color:rgb(150, 250, 100); font-size: 35px;"">他人的</p>","other","moral","他人的",4,439,439,"e","true",NA,NA,NA,NA,"phase_015_subj_2"
9347,12,14,"<p style=""color:white; font-size: 35px;"">君子</p>","positive","moral","君子",4,512,512,"i","true",NA,NA,NA,NA,"phase_015_subj_2"
9348,12,14,"<p style=""color:rgb(150, 250, 100); font-size: 35px;"">自己</p>","self","moral","自己",4,445,445,"i","true",NA,NA,NA,NA,"phase_015_subj_2"
9349,12,14,"<p style=""color:white; font-size: 35px;"">卑鄙</p>","negative","moral","卑鄙",4,526,526,"e","true",NA,NA,NA,NA,"phase_015_subj_2"
9350,12,14,"<p style=""color:rgb(150, 250, 100); font-size: 35px;"">本人</p>","self","moral","本人",4,489,489,"i","true",NA,NA,NA,NA,"phase_015_subj_2"
9351,12,14,"<p style=""color:white; font-size: 35px;"">诚信</p>","positive","moral","诚信",4,488,488,"i","true",NA,NA,NA,NA,"phase_015_subj_2"
9352,12,14,"<p style=""color:rgb(150, 250, 100); font-size: 35px;"">他人</p>","other","moral","他人",4,478,478,"e","true",NA,NA,NA,NA,"phase_015_subj_2"
9353,12,14,"<p style=""color:white; font-size: 35px;"">小人</p>","negative","moral","小人",4,451,451,"e","true",NA,NA,NA,NA,"phase_015_subj_2"
9354,12,14,"<p style=""color:rgb(150, 250, 100); font-size: 35px;"">自己的</p>","self","moral","自己的",4,445,445,"i","true",NA,NA,NA,NA,"phase_015_subj_2"
9355,12,14,"<p style=""color:white; font-size: 35px;"">不仁</p>","negative","moral","不仁",4,449,449,"e","true",NA,NA,NA,NA,"phase_015_subj_2"
9356,12,14,"<p style=""color:rgb(150, 250, 100); font-size: 35px;"">他</p>","other","moral","他",4,494,494,"e","true",NA,NA,NA,NA,"phase_015_subj_2"
9357,12,14,"<p style=""color:white; font-size: 35px;"">善良</p>","positive","moral","善良",4,372,372,"i","true",NA,NA,NA,NA,"phase_015_subj_2"
9358,12,14,"<p style=""color:rgb(150, 250, 100); font-size: 35px;"">别人</p>","other","moral","别人",4,565,565,"e","true",NA,NA,NA,NA,"phase_015_subj_2"
9359,12,14,"<p style=""color:white; font-size: 35px;"">君子</p>","positive","moral","君子",4,622,622,"i","true",NA,NA,NA,NA,"phase_015_subj_2"
9360,12,14,"<p style=""color:rgb(150, 250, 100); font-size: 35px;"">本人的</p>","self","moral","本人的",4,486,486,"i","true",NA,NA,NA,NA,"phase_015_subj_2"
9361,12,14,"<p style=""color:white; font-size: 35px;"">缺德</p>","negative","moral","缺德",4,409,409,"e","true",NA,NA,NA,NA,"phase_015_subj_2"
9362,12,15,"<p style=""color:rgb(150, 250, 100); font-size: 35px;"">自己</p>","self","moral","自己",5,342,342,"e","true",NA,NA,NA,NA,"phase_015_subj_2"
9363,12,15,"<p style=""color:rgb(150, 250, 100); font-size: 35px;"">别人</p>","other","moral","别人",5,371,371,"i","true",NA,NA,NA,NA,"phase_015_subj_2"
9364,12,15,"<p style=""color:rgb(150, 250, 100); font-size: 35px;"">他人的</p>","other","moral","他人的",5,521,521,"i","true",NA,NA,NA,NA,"phase_015_subj_2"
9365,12,15,"<p style=""color:rgb(150, 250, 100); font-size: 35px;"">我的</p>","self","moral","我的",5,348,348,"e","true",NA,NA,NA,NA,"phase_015_subj_2"
9366,12,15,"<p style=""color:rgb(150, 250, 100); font-size: 35px;"">他的</p>","other","moral","他的",5,412,412,"i","true",NA,NA,NA,NA,"phase_015_subj_2"
9367,12,15,"<p style=""color:rgb(150, 250, 100); font-size: 35px;"">本人</p>","self","moral","本人",5,546,546,"e","true",NA,NA,NA,NA,"phase_015_subj_2"
9368,12,15,"<p style=""color:rgb(150, 250, 100); font-size: 35px;"">别人的</p>","other","moral","别人的",5,445,445,"i","true",NA,NA,NA,NA,"phase_015_subj_2"
9369,12,15,"<p style=""color:rgb(150, 250, 100); font-size: 35px;"">我</p>","self","moral","我",5,349,349,"e","true",NA,NA,NA,NA,"phase_015_subj_2"
9370,12,15,"<p style=""color:rgb(150, 250, 100); font-size: 35px;"">本人的</p>","self","moral","本人的",5,435,435,"e","true",NA,NA,NA,NA,"phase_015_subj_2"
9371,12,15,"<p style=""color:rgb(150, 250, 100); font-size: 35px;"">他</p>","other","moral","他",5,391,391,"i","true",NA,NA,NA,NA,"phase_015_subj_2"
9372,12,15,"<p style=""color:rgb(150, 250, 100); font-size: 35px;"">别人</p>","other","moral","别人",5,368,368,"e","false",NA,NA,NA,NA,"phase_015_subj_2"
9373,12,15,"<p style=""color:rgb(150, 250, 100); font-size: 35px;"">他人</p>","other","moral","他人",5,386,386,"i","true",NA,NA,NA,NA,"phase_015_subj_2"
9374,12,15,"<p style=""color:rgb(150, 250, 100); font-size: 35px;"">我</p>","self","moral","我",5,418,418,"e","true",NA,NA,NA,NA,"phase_015_subj_2"
9375,12,15,"<p style=""color:rgb(150, 250, 100); font-size: 35px;"">别人的</p>","other","moral","别人的",5,551,551,"i","true",NA,NA,NA,NA,"phase_015_subj_2"
9376,12,15,"<p style=""color:rgb(150, 250, 100); font-size: 35px;"">自己的</p>","self","moral","自己的",5,432,432,"e","true",NA,NA,NA,NA,"phase_015_subj_2"
9377,12,15,"<p style=""color:rgb(150, 250, 100); font-size: 35px;"">他的</p>","other","moral","他的",5,427,427,"i","true",NA,NA,NA,NA,"phase_015_subj_2"
9378,12,15,"<p style=""color:rgb(150, 250, 100); font-size: 35px;"">他人的</p>","other","moral","他人的",5,351,351,"i","true",NA,NA,NA,NA,"phase_015_subj_2"
9379,12,15,"<p style=""color:rgb(150, 250, 100); font-size: 35px;"">本人</p>","self","moral","本人",5,400,400,"e","true",NA,NA,NA,NA,"phase_015_subj_2"
9380,12,15,"<p style=""color:rgb(150, 250, 100); font-size: 35px;"">我的</p>","self","moral","我的",5,360,360,"e","true",NA,NA,NA,NA,"phase_015_subj_2"
9381,12,15,"<p style=""color:rgb(150, 250, 100); font-size: 35px;"">自己的</p>","self","moral","自己的",5,404,404,"e","true",NA,NA,NA,NA,"phase_015_subj_2"
9382,12,15,"<p style=""color:rgb(150, 250, 100); font-size: 35px;"">自己</p>","self","moral","自己",5,414,414,"e","true",NA,NA,NA,NA,"phase_015_subj_2"
9383,12,15,"<p style=""color:rgb(150, 250, 100); font-size: 35px;"">他</p>","other","moral","他",5,422,422,"i","true",NA,NA,NA,NA,"phase_015_subj_2"
9384,12,15,"<p style=""color:rgb(150, 250, 100); font-size: 35px;"">他人</p>","other","moral","他人",5,400,400,"i","true",NA,NA,NA,NA,"phase_015_subj_2"
9385,12,15,"<p style=""color:rgb(150, 250, 100); font-size: 35px;"">本人的</p>","self","moral","本人的",5,375,375,"e","true",NA,NA,NA,NA,"phase_015_subj_2"
9386,12,16,"<p style=""color:white; font-size: 35px;"">缺德</p>","negative","moral","缺德",6,755,755,"e","true",NA,NA,NA,NA,"phase_015_subj_2"
9387,12,16,"<p style=""color:rgb(150, 250, 100); font-size: 35px;"">我的</p>","self","moral","我的",6,479,479,"e","true",NA,NA,NA,NA,"phase_015_subj_2"
9388,12,16,"<p style=""color:white; font-size: 35px;"">正直</p>","positive","moral","正直",6,868,868,"i","true",NA,NA,NA,NA,"phase_015_subj_2"
9389,12,16,"<p style=""color:rgb(150, 250, 100); font-size: 35px;"">他的</p>","other","moral","他的",6,512,512,"i","true",NA,NA,NA,NA,"phase_015_subj_2"
9390,12,16,"<p style=""color:white; font-size: 35px;"">君子</p>","positive","moral","君子",6,1406,1406,"i","true",NA,NA,NA,NA,"phase_015_subj_2"
9391,12,16,"<p style=""color:rgb(150, 250, 100); font-size: 35px;"">自己</p>","self","moral","自己",6,669,669,"e","true",NA,NA,NA,NA,"phase_015_subj_2"
9392,12,16,"<p style=""color:white; font-size: 35px;"">小人</p>","negative","moral","小人",6,1044,1044,"e","true",NA,NA,NA,NA,"phase_015_subj_2"
9393,12,16,"<p style=""color:rgb(150, 250, 100); font-size: 35px;"">他人的</p>","other","moral","他人的",6,845,845,"i","true",NA,NA,NA,NA,"phase_015_subj_2"
9394,12,16,"<p style=""color:white; font-size: 35px;"">不仁</p>","negative","moral","不仁",6,607,1387.2380952381,"i","false",NA,NA,NA,NA,"phase_015_subj_2"
9395,12,16,"<p style=""color:rgb(150, 250, 100); font-size: 35px;"">本人</p>","self","moral","本人",6,1533,1533,"e","true",NA,NA,NA,NA,"phase_015_subj_2"
9396,12,16,"<p style=""color:white; font-size: 35px;"">善良</p>","positive","moral","善良",6,747,747,"i","true",NA,NA,NA,NA,"phase_015_subj_2"
9397,12,16,"<p style=""color:rgb(150, 250, 100); font-size: 35px;"">他</p>","other","moral","他",6,844,844,"i","true",NA,NA,NA,NA,"phase_015_subj_2"
9398,12,16,"<p style=""color:white; font-size: 35px;"">卑鄙</p>","negative","moral","卑鄙",6,859,859,"e","true",NA,NA,NA,NA,"phase_015_subj_2"
9399,12,16,"<p style=""color:rgb(150, 250, 100); font-size: 35px;"">自己的</p>","self","moral","自己的",6,534,534,"e","true",NA,NA,NA,NA,"phase_015_subj_2"
9400,12,16,"<p style=""color:white; font-size: 35px;"">高尚</p>","positive","moral","高尚",6,596,596,"i","true",NA,NA,NA,NA,"phase_015_subj_2"
9401,12,16,"<p style=""color:rgb(150, 250, 100); font-size: 35px;"">别人</p>","other","moral","别人",6,483,483,"i","true",NA,NA,NA,NA,"phase_015_subj_2"
9402,12,16,"<p style=""color:white; font-size: 35px;"">廉正</p>","positive","moral","廉正",6,857,857,"i","true",NA,NA,NA,NA,"phase_015_subj_2"
9403,12,16,"<p style=""color:rgb(150, 250, 100); font-size: 35px;"">本人的</p>","self","moral","本人的",6,489,489,"e","true",NA,NA,NA,NA,"phase_015_subj_2"
9404,12,16,"<p style=""color:white; font-size: 35px;"">黑心</p>","negative","moral","黑心",6,813,813,"e","true",NA,NA,NA,NA,"phase_015_subj_2"
9405,12,16,"<p style=""color:rgb(150, 250, 100); font-size: 35px;"">别人的</p>","other","moral","别人的",6,563,563,"i","true",NA,NA,NA,NA,"phase_015_subj_2"
9406,12,16,"<p style=""color:white; font-size: 35px;"">诚信</p>","positive","moral","诚信",6,727,1387.2380952381,"e","false",NA,NA,NA,NA,"phase_015_subj_2"
9407,12,16,"<p style=""color:rgb(150, 250, 100); font-size: 35px;"">他人</p>","other","moral","他人",6,813,813,"i","true",NA,NA,NA,NA,"phase_015_subj_2"
9408,12,16,"<p style=""color:white; font-size: 35px;"">不孝</p>","negative","moral","不孝",6,693,1387.2380952381,"i","false",NA,NA,NA,NA,"phase_015_subj_2"
9409,12,16,"<p style=""color:rgb(150, 250, 100); font-size: 35px;"">我</p>","self","moral","我",6,823,823,"e","true",NA,NA,NA,NA,"phase_015_subj_2"
9410,12,17,"<p style=""color:white; font-size: 35px;"">卑鄙</p>","negative","moral","卑鄙",7,744,744,"e","true",NA,NA,NA,NA,"phase_015_subj_2"
9411,12,17,"<p style=""color:rgb(150, 250, 100); font-size: 35px;"">他的</p>","other","moral","他的",7,564,564,"i","true",NA,NA,NA,NA,"phase_015_subj_2"
9412,12,17,"<p style=""color:white; font-size: 35px;"">正直</p>","positive","moral","正直",7,679,679,"i","true",NA,NA,NA,NA,"phase_015_subj_2"
9413,12,17,"<p style=""color:rgb(150, 250, 100); font-size: 35px;"">我</p>","self","moral","我",7,443,443,"e","true",NA,NA,NA,NA,"phase_015_subj_2"
9414,12,17,"<p style=""color:white; font-size: 35px;"">君子</p>","positive","moral","君子",7,654,654,"i","true",NA,NA,NA,NA,"phase_015_subj_2"
9415,12,17,"<p style=""color:rgb(150, 250, 100); font-size: 35px;"">我的</p>","self","moral","我的",7,593,593,"e","true",NA,NA,NA,NA,"phase_015_subj_2"
9416,12,17,"<p style=""color:white; font-size: 35px;"">黑心</p>","negative","moral","黑心",7,748,748,"e","true",NA,NA,NA,NA,"phase_015_subj_2"
9417,12,17,"<p style=""color:rgb(150, 250, 100); font-size: 35px;"">别人</p>","other","moral","别人",7,599,599,"i","true",NA,NA,NA,NA,"phase_015_subj_2"
9418,12,17,"<p style=""color:white; font-size: 35px;"">卑鄙</p>","negative","moral","卑鄙",7,792,792,"e","true",NA,NA,NA,NA,"phase_015_subj_2"
9419,12,17,"<p style=""color:rgb(150, 250, 100); font-size: 35px;"">别人</p>","other","moral","别人",7,575,575,"i","true",NA,NA,NA,NA,"phase_015_subj_2"
9420,12,17,"<p style=""color:white; font-size: 35px;"">正直</p>","positive","moral","正直",7,617,617,"i","true",NA,NA,NA,NA,"phase_015_subj_2"
9421,12,17,"<p style=""color:rgb(150, 250, 100); font-size: 35px;"">本人</p>","self","moral","本人",7,748,748,"e","true",NA,NA,NA,NA,"phase_015_subj_2"
9422,12,17,"<p style=""color:white; font-size: 35px;"">廉正</p>","positive","moral","廉正",7,657,657,"i","true",NA,NA,NA,NA,"phase_015_subj_2"
9423,12,17,"<p style=""color:rgb(150, 250, 100); font-size: 35px;"">他人的</p>","other","moral","他人的",7,673,673,"i","true",NA,NA,NA,NA,"phase_015_subj_2"
9424,12,17,"<p style=""color:white; font-size: 35px;"">小人</p>","negative","moral","小人",7,680,680,"e","true",NA,NA,NA,NA,"phase_015_subj_2"
9425,12,17,"<p style=""color:rgb(150, 250, 100); font-size: 35px;"">本人的</p>","self","moral","本人的",7,419,419,"e","true",NA,NA,NA,NA,"phase_015_subj_2"
9426,12,17,"<p style=""color:white; font-size: 35px;"">缺德</p>","negative","moral","缺德",7,1022,1281.97826086957,"i","false",NA,NA,NA,NA,"phase_015_subj_2"
9427,12,17,"<p style=""color:rgb(150, 250, 100); font-size: 35px;"">自己的</p>","self","moral","自己的",7,547,547,"e","true",NA,NA,NA,NA,"phase_015_subj_2"
9428,12,17,"<p style=""color:white; font-size: 35px;"">诚信</p>","positive","moral","诚信",7,792,792,"i","true",NA,NA,NA,NA,"phase_015_subj_2"
9429,12,17,"<p style=""color:rgb(150, 250, 100); font-size: 35px;"">别人的</p>","other","moral","别人的",7,514,514,"i","true",NA,NA,NA,NA,"phase_015_subj_2"
9430,12,17,"<p style=""color:white; font-size: 35px;"">善良</p>","positive","moral","善良",7,680,680,"i","true",NA,NA,NA,NA,"phase_015_subj_2"
9431,12,17,"<p style=""color:rgb(150, 250, 100); font-size: 35px;"">他人</p>","other","moral","他人",7,486,486,"i","true",NA,NA,NA,NA,"phase_015_subj_2"
9432,12,17,"<p style=""color:white; font-size: 35px;"">不孝</p>","negative","moral","不孝",7,640,640,"e","true",NA,NA,NA,NA,"phase_015_subj_2"
9433,12,17,"<p style=""color:rgb(150, 250, 100); font-size: 35px;"">自己</p>","self","moral","自己",7,346,346,"e","true",NA,NA,NA,NA,"phase_015_subj_2"
9434,12,17,"<p style=""color:white; font-size: 35px;"">廉正</p>","positive","moral","廉正",7,988,988,"i","true",NA,NA,NA,NA,"phase_015_subj_2"
9435,12,17,"<p style=""color:rgb(150, 250, 100); font-size: 35px;"">他</p>","other","moral","他",7,536,536,"i","true",NA,NA,NA,NA,"phase_015_subj_2"
9436,12,17,"<p style=""color:white; font-size: 35px;"">不仁</p>","negative","moral","不仁",7,689,689,"e","true",NA,NA,NA,NA,"phase_015_subj_2"
9437,12,17,"<p style=""color:rgb(150, 250, 100); font-size: 35px;"">本人</p>","self","moral","本人",7,360,360,"e","true",NA,NA,NA,NA,"phase_015_subj_2"
9438,12,17,"<p style=""color:white; font-size: 35px;"">黑心</p>","negative","moral","黑心",7,949,949,"e","true",NA,NA,NA,NA,"phase_015_subj_2"
9439,12,17,"<p style=""color:rgb(150, 250, 100); font-size: 35px;"">他的</p>","other","moral","他的",7,848,848,"i","true",NA,NA,NA,NA,"phase_015_subj_2"
9440,12,17,"<p style=""color:white; font-size: 35px;"">诚信</p>","positive","moral","诚信",7,1163,1163,"i","true",NA,NA,NA,NA,"phase_015_subj_2"
9441,12,17,"<p style=""color:rgb(150, 250, 100); font-size: 35px;"">我的</p>","self","moral","我的",7,542,542,"e","true",NA,NA,NA,NA,"phase_015_subj_2"
9442,12,17,"<p style=""color:white; font-size: 35px;"">君子</p>","positive","moral","君子",7,1558,1558,"i","true",NA,NA,NA,NA,"phase_015_subj_2"
9443,12,17,"<p style=""color:rgb(150, 250, 100); font-size: 35px;"">他人的</p>","other","moral","他人的",7,551,551,"i","true",NA,NA,NA,NA,"phase_015_subj_2"
9444,12,17,"<p style=""color:white; font-size: 35px;"">缺德</p>","negative","moral","缺德",7,588,588,"e","true",NA,NA,NA,NA,"phase_015_subj_2"
9445,12,17,"<p style=""color:rgb(150, 250, 100); font-size: 35px;"">本人的</p>","self","moral","本人的",7,472,472,"e","true",NA,NA,NA,NA,"phase_015_subj_2"
9446,12,17,"<p style=""color:white; font-size: 35px;"">小人</p>","negative","moral","小人",7,661,1281.97826086957,"i","false",NA,NA,NA,NA,"phase_015_subj_2"
9447,12,17,"<p style=""color:rgb(150, 250, 100); font-size: 35px;"">自己</p>","self","moral","自己",7,847,847,"e","true",NA,NA,NA,NA,"phase_015_subj_2"
9448,12,17,"<p style=""color:white; font-size: 35px;"">善良</p>","positive","moral","善良",7,899,899,"i","true",NA,NA,NA,NA,"phase_015_subj_2"
9449,12,17,"<p style=""color:rgb(150, 250, 100); font-size: 35px;"">他人</p>","other","moral","他人",7,539,539,"i","true",NA,NA,NA,NA,"phase_015_subj_2"
9450,12,17,"<p style=""color:white; font-size: 35px;"">高尚</p>","positive","moral","高尚",7,859,859,"i","true",NA,NA,NA,NA,"phase_015_subj_2"
9451,12,17,"<p style=""color:rgb(150, 250, 100); font-size: 35px;"">别人的</p>","other","moral","别人的",7,441,441,"i","true",NA,NA,NA,NA,"phase_015_subj_2"
9452,12,17,"<p style=""color:white; font-size: 35px;"">不孝</p>","negative","moral","不孝",7,799,799,"e","true",NA,NA,NA,NA,"phase_015_subj_2"
9453,12,17,"<p style=""color:rgb(150, 250, 100); font-size: 35px;"">自己的</p>","self","moral","自己的",7,687,687,"e","true",NA,NA,NA,NA,"phase_015_subj_2"
9454,12,17,"<p style=""color:white; font-size: 35px;"">不仁</p>","negative","moral","不仁",7,598,598,"e","true",NA,NA,NA,NA,"phase_015_subj_2"
9455,12,17,"<p style=""color:rgb(150, 250, 100); font-size: 35px;"">他</p>","other","moral","他",7,718,718,"i","true",NA,NA,NA,NA,"phase_015_subj_2"
9456,12,17,"<p style=""color:white; font-size: 35px;"">高尚</p>","positive","moral","高尚",7,806,806,"i","true",NA,NA,NA,NA,"phase_015_subj_2"
9457,12,17,"<p style=""color:rgb(150, 250, 100); font-size: 35px;"">我</p>","self","moral","我",7,744,744,"e","true",NA,NA,NA,NA,"phase_015_subj_2"
9458,12,NA,"
    <h3>词语分类任务</h3>
    <p>在接下来的任务中，你需要对一系列词语进行分类。</p>
    <p>请先熟悉这些词语，这有利于你完成接下来的任务。</p>
    <table align=""center"" border=1 cellpadding=3 cellspacing=0>
    <tr> <th>类别</th> <th>词语</th> </tr>
    <tr> <td>&emsp;积极&emsp;</td> <td>&emsp;能干、全能、全才、高效、精干、天才&emsp;</td> </tr>
    <tr> <td>&emsp;消极&emsp;</td> <td>&emsp;无能、低能、废物、拙笨、愚钝、蠢笨&emsp;</td> </tr>
    <tr> <td>&emsp;自我&emsp;</td> <td>&emsp;我、我的、自己、自己的、本人、本人的&emsp;</td> </tr>
    <tr> <td>&emsp;他人&emsp;</td> <td>&emsp;他、他的、别人、别人的、他人、他人的&emsp;</td> </tr>
    </table><br/>","","","",NA,10673,NA,"0","",2,1,NA,NA,"phase_015_subj_2"
9459,12,1,"<p style=""color:rgb(150, 250, 100); font-size: 35px;"">自己</p>","self","ability","自己",1,411,411,"e","true",NA,NA,NA,NA,"phase_015_subj_2"
9460,12,1,"<p style=""color:rgb(150, 250, 100); font-size: 35px;"">他人</p>","other","ability","他人",1,444,444,"i","true",NA,NA,NA,NA,"phase_015_subj_2"
9461,12,1,"<p style=""color:rgb(150, 250, 100); font-size: 35px;"">他人的</p>","other","ability","他人的",1,407,407,"i","true",NA,NA,NA,NA,"phase_015_subj_2"
9462,12,1,"<p style=""color:rgb(150, 250, 100); font-size: 35px;"">本人</p>","self","ability","本人",1,358,358,"e","true",NA,NA,NA,NA,"phase_015_subj_2"
9463,12,1,"<p style=""color:rgb(150, 250, 100); font-size: 35px;"">我的</p>","self","ability","我的",1,431,431,"e","true",NA,NA,NA,NA,"phase_015_subj_2"
9464,12,1,"<p style=""color:rgb(150, 250, 100); font-size: 35px;"">别人</p>","other","ability","别人",1,383,383,"i","true",NA,NA,NA,NA,"phase_015_subj_2"
9465,12,1,"<p style=""color:rgb(150, 250, 100); font-size: 35px;"">本人的</p>","self","ability","本人的",1,424,424,"e","true",NA,NA,NA,NA,"phase_015_subj_2"
9466,12,1,"<p style=""color:rgb(150, 250, 100); font-size: 35px;"">他</p>","other","ability","他",1,425,425,"i","true",NA,NA,NA,NA,"phase_015_subj_2"
9467,12,1,"<p style=""color:rgb(150, 250, 100); font-size: 35px;"">别人的</p>","other","ability","别人的",1,459,459,"i","true",NA,NA,NA,NA,"phase_015_subj_2"
9468,12,1,"<p style=""color:rgb(150, 250, 100); font-size: 35px;"">他的</p>","other","ability","他的",1,348,348,"i","true",NA,NA,NA,NA,"phase_015_subj_2"
9469,12,1,"<p style=""color:rgb(150, 250, 100); font-size: 35px;"">自己的</p>","self","ability","自己的",1,395,395,"e","true",NA,NA,NA,NA,"phase_015_subj_2"
9470,12,1,"<p style=""color:rgb(150, 250, 100); font-size: 35px;"">我</p>","self","ability","我",1,400,400,"e","true",NA,NA,NA,NA,"phase_015_subj_2"
9471,12,2,"<p style=""color:white; font-size: 35px;"">能干</p>","positive","ability","能干",2,800,800,"i","true",NA,NA,NA,NA,"phase_015_subj_2"
9472,12,2,"<p style=""color:white; font-size: 35px;"">天才</p>","positive","ability","天才",2,478,478,"i","true",NA,NA,NA,NA,"phase_015_subj_2"
9473,12,2,"<p style=""color:white; font-size: 35px;"">拙笨</p>","negative","ability","拙笨",2,472,472,"e","true",NA,NA,NA,NA,"phase_015_subj_2"
9474,12,2,"<p style=""color:white; font-size: 35px;"">全才</p>","positive","ability","全才",2,596,596,"i","true",NA,NA,NA,NA,"phase_015_subj_2"
9475,12,2,"<p style=""color:white; font-size: 35px;"">蠢笨</p>","negative","ability","蠢笨",2,652,652,"e","true",NA,NA,NA,NA,"phase_015_subj_2"
9476,12,2,"<p style=""color:white; font-size: 35px;"">愚钝</p>","negative","ability","愚钝",2,590,590,"e","true",NA,NA,NA,NA,"phase_015_subj_2"
9477,12,2,"<p style=""color:white; font-size: 35px;"">精干</p>","positive","ability","精干",2,1033,1033,"i","true",NA,NA,NA,NA,"phase_015_subj_2"
9478,12,2,"<p style=""color:white; font-size: 35px;"">高效</p>","positive","ability","高效",2,405,405,"i","true",NA,NA,NA,NA,"phase_015_subj_2"
9479,12,2,"<p style=""color:white; font-size: 35px;"">废物</p>","negative","ability","废物",2,440,440,"e","true",NA,NA,NA,NA,"phase_015_subj_2"
9480,12,2,"<p style=""color:white; font-size: 35px;"">全能</p>","positive","ability","全能",2,489,489,"i","true",NA,NA,NA,NA,"phase_015_subj_2"
9481,12,2,"<p style=""color:white; font-size: 35px;"">无能</p>","negative","ability","无能",2,499,499,"e","true",NA,NA,NA,NA,"phase_015_subj_2"
9482,12,2,"<p style=""color:white; font-size: 35px;"">低能</p>","negative","ability","低能",2,459,459,"e","true",NA,NA,NA,NA,"phase_015_subj_2"
9483,12,3,"<p style=""color:rgb(150, 250, 100); font-size: 35px;"">本人的</p>","self","ability","本人的",3,623,623,"e","true",NA,NA,NA,NA,"phase_015_subj_2"
9484,12,3,"<p style=""color:white; font-size: 35px;"">高效</p>","positive","ability","高效",3,424,424,"i","true",NA,NA,NA,NA,"phase_015_subj_2"
9485,12,3,"<p style=""color:rgb(150, 250, 100); font-size: 35px;"">他</p>","other","ability","他",3,424,424,"i","true",NA,NA,NA,NA,"phase_015_subj_2"
9486,12,3,"<p style=""color:white; font-size: 35px;"">废物</p>","negative","ability","废物",3,468,468,"e","true",NA,NA,NA,NA,"phase_015_subj_2"
9487,12,3,"<p style=""color:rgb(150, 250, 100); font-size: 35px;"">他人</p>","other","ability","他人",3,530,530,"i","true",NA,NA,NA,NA,"phase_015_subj_2"
9488,12,3,"<p style=""color:white; font-size: 35px;"">愚钝</p>","negative","ability","愚钝",3,453,1178.09090909091,"i","false",NA,NA,NA,NA,"phase_015_subj_2"
9489,12,3,"<p style=""color:rgb(150, 250, 100); font-size: 35px;"">我的</p>","self","ability","我的",3,604,604,"e","true",NA,NA,NA,NA,"phase_015_subj_2"
9490,12,3,"<p style=""color:white; font-size: 35px;"">能干</p>","positive","ability","能干",3,1119,1119,"i","true",NA,NA,NA,NA,"phase_015_subj_2"
9491,12,3,"<p style=""color:rgb(150, 250, 100); font-size: 35px;"">他的</p>","other","ability","他的",3,548,548,"i","true",NA,NA,NA,NA,"phase_015_subj_2"
9492,12,3,"<p style=""color:white; font-size: 35px;"">全才</p>","positive","ability","全才",3,469,469,"i","true",NA,NA,NA,NA,"phase_015_subj_2"
9493,12,3,"<p style=""color:rgb(150, 250, 100); font-size: 35px;"">我</p>","self","ability","我",3,563,563,"e","true",NA,NA,NA,NA,"phase_015_subj_2"
9494,12,3,"<p style=""color:white; font-size: 35px;"">拙笨</p>","negative","ability","拙笨",3,494,494,"e","true",NA,NA,NA,NA,"phase_015_subj_2"
9495,12,3,"<p style=""color:rgb(150, 250, 100); font-size: 35px;"">他人的</p>","other","ability","他人的",3,455,455,"i","true",NA,NA,NA,NA,"phase_015_subj_2"
9496,12,3,"<p style=""color:white; font-size: 35px;"">全能</p>","positive","ability","全能",3,741,741,"i","true",NA,NA,NA,NA,"phase_015_subj_2"
9497,12,3,"<p style=""color:rgb(150, 250, 100); font-size: 35px;"">自己的</p>","self","ability","自己的",3,520,520,"e","true",NA,NA,NA,NA,"phase_015_subj_2"
9498,12,3,"<p style=""color:white; font-size: 35px;"">低能</p>","negative","ability","低能",3,504,504,"e","true",NA,NA,NA,NA,"phase_015_subj_2"
9499,12,3,"<p style=""color:rgb(150, 250, 100); font-size: 35px;"">自己</p>","self","ability","自己",3,398,398,"e","true",NA,NA,NA,NA,"phase_015_subj_2"
9500,12,3,"<p style=""color:white; font-size: 35px;"">无能</p>","negative","ability","无能",3,431,431,"e","true",NA,NA,NA,NA,"phase_015_subj_2"
9501,12,3,"<p style=""color:rgb(150, 250, 100); font-size: 35px;"">别人的</p>","other","ability","别人的",3,495,495,"i","true",NA,NA,NA,NA,"phase_015_subj_2"
9502,12,3,"<p style=""color:white; font-size: 35px;"">精干</p>","positive","ability","精干",3,627,627,"i","true",NA,NA,NA,NA,"phase_015_subj_2"
9503,12,3,"<p style=""color:rgb(150, 250, 100); font-size: 35px;"">本人</p>","self","ability","本人",3,546,1178.09090909091,"i","false",NA,NA,NA,NA,"phase_015_subj_2"
9504,12,3,"<p style=""color:white; font-size: 35px;"">蠢笨</p>","negative","ability","蠢笨",3,887,887,"e","true",NA,NA,NA,NA,"phase_015_subj_2"
9505,12,3,"<p style=""color:rgb(150, 250, 100); font-size: 35px;"">别人</p>","other","ability","别人",3,521,521,"i","true",NA,NA,NA,NA,"phase_015_subj_2"
9506,12,3,"<p style=""color:white; font-size: 35px;"">天才</p>","positive","ability","天才",3,873,873,"i","true",NA,NA,NA,NA,"phase_015_subj_2"
9507,12,4,"<p style=""color:rgb(150, 250, 100); font-size: 35px;"">本人的</p>","self","ability","本人的",4,569,569,"e","true",NA,NA,NA,NA,"phase_015_subj_2"
9508,12,4,"<p style=""color:white; font-size: 35px;"">天才</p>","positive","ability","天才",4,793,793,"i","true",NA,NA,NA,NA,"phase_015_subj_2"
9509,12,4,"<p style=""color:rgb(150, 250, 100); font-size: 35px;"">别人的</p>","other","ability","别人的",4,570,570,"i","true",NA,NA,NA,NA,"phase_015_subj_2"
9510,12,4,"<p style=""color:white; font-size: 35px;"">无能</p>","negative","ability","无能",4,521,521,"e","true",NA,NA,NA,NA,"phase_015_subj_2"
9511,12,4,"<p style=""color:rgb(150, 250, 100); font-size: 35px;"">自己的</p>","self","ability","自己的",4,621,621,"e","true",NA,NA,NA,NA,"phase_015_subj_2"
9512,12,4,"<p style=""color:white; font-size: 35px;"">愚钝</p>","negative","ability","愚钝",4,798,798,"e","true",NA,NA,NA,NA,"phase_015_subj_2"
9513,12,4,"<p style=""color:rgb(150, 250, 100); font-size: 35px;"">他</p>","other","ability","他",4,475,475,"i","true",NA,NA,NA,NA,"phase_015_subj_2"
9514,12,4,"<p style=""color:white; font-size: 35px;"">能干</p>","positive","ability","能干",4,509,509,"i","true",NA,NA,NA,NA,"phase_015_subj_2"
9515,12,4,"<p style=""color:rgb(150, 250, 100); font-size: 35px;"">我</p>","self","ability","我",4,334,1211,"i","false",NA,NA,NA,NA,"phase_015_subj_2"
9516,12,4,"<p style=""color:white; font-size: 35px;"">拙笨</p>","negative","ability","拙笨",4,543,543,"e","true",NA,NA,NA,NA,"phase_015_subj_2"
9517,12,4,"<p style=""color:rgb(150, 250, 100); font-size: 35px;"">他人</p>","other","ability","他人",4,441,441,"i","true",NA,NA,NA,NA,"phase_015_subj_2"
9518,12,4,"<p style=""color:white; font-size: 35px;"">能干</p>","positive","ability","能干",4,665,665,"i","true",NA,NA,NA,NA,"phase_015_subj_2"
9519,12,4,"<p style=""color:rgb(150, 250, 100); font-size: 35px;"">本人的</p>","self","ability","本人的",4,552,552,"e","true",NA,NA,NA,NA,"phase_015_subj_2"
9520,12,4,"<p style=""color:white; font-size: 35px;"">全才</p>","positive","ability","全才",4,985,985,"i","true",NA,NA,NA,NA,"phase_015_subj_2"
9521,12,4,"<p style=""color:rgb(150, 250, 100); font-size: 35px;"">别人的</p>","other","ability","别人的",4,671,1211,"e","false",NA,NA,NA,NA,"phase_015_subj_2"
9522,12,4,"<p style=""color:white; font-size: 35px;"">废物</p>","negative","ability","废物",4,872,872,"e","true",NA,NA,NA,NA,"phase_015_subj_2"
9523,12,4,"<p style=""color:rgb(150, 250, 100); font-size: 35px;"">我的</p>","self","ability","我的",4,725,725,"e","true",NA,NA,NA,NA,"phase_015_subj_2"
9524,12,4,"<p style=""color:white; font-size: 35px;"">拙笨</p>","negative","ability","拙笨",4,1127,1127,"e","true",NA,NA,NA,NA,"phase_015_subj_2"
9525,12,4,"<p style=""color:rgb(150, 250, 100); font-size: 35px;"">他</p>","other","ability","他",4,537,537,"i","true",NA,NA,NA,NA,"phase_015_subj_2"
9526,12,4,"<p style=""color:white; font-size: 35px;"">天才</p>","positive","ability","天才",4,679,1211,"e","false",NA,NA,NA,NA,"phase_015_subj_2"
9527,12,4,"<p style=""color:rgb(150, 250, 100); font-size: 35px;"">别人</p>","other","ability","别人",4,526,526,"i","true",NA,NA,NA,NA,"phase_015_subj_2"
9528,12,4,"<p style=""color:white; font-size: 35px;"">全能</p>","positive","ability","全能",4,763,763,"i","true",NA,NA,NA,NA,"phase_015_subj_2"
9529,12,4,"<p style=""color:rgb(150, 250, 100); font-size: 35px;"">自己的</p>","self","ability","自己的",4,519,519,"e","true",NA,NA,NA,NA,"phase_015_subj_2"
9530,12,4,"<p style=""color:white; font-size: 35px;"">愚钝</p>","negative","ability","愚钝",4,388,388,"e","true",NA,NA,NA,NA,"phase_015_subj_2"
9531,12,4,"<p style=""color:rgb(150, 250, 100); font-size: 35px;"">他的</p>","other","ability","他的",4,485,485,"i","true",NA,NA,NA,NA,"phase_015_subj_2"
9532,12,4,"<p style=""color:white; font-size: 35px;"">全才</p>","positive","ability","全才",4,850,850,"i","true",NA,NA,NA,NA,"phase_015_subj_2"
9533,12,4,"<p style=""color:rgb(150, 250, 100); font-size: 35px;"">本人</p>","self","ability","本人",4,824,824,"e","true",NA,NA,NA,NA,"phase_015_subj_2"
9534,12,4,"<p style=""color:white; font-size: 35px;"">蠢笨</p>","negative","ability","蠢笨",4,561,561,"e","true",NA,NA,NA,NA,"phase_015_subj_2"
9535,12,4,"<p style=""color:rgb(150, 250, 100); font-size: 35px;"">本人</p>","self","ability","本人",4,358,358,"e","true",NA,NA,NA,NA,"phase_015_subj_2"
9536,12,4,"<p style=""color:white; font-size: 35px;"">低能</p>","negative","ability","低能",4,576,576,"e","true",NA,NA,NA,NA,"phase_015_subj_2"
9537,12,4,"<p style=""color:rgb(150, 250, 100); font-size: 35px;"">他人</p>","other","ability","他人",4,512,512,"i","true",NA,NA,NA,NA,"phase_015_subj_2"
9538,12,4,"<p style=""color:white; font-size: 35px;"">精干</p>","positive","ability","精干",4,532,532,"i","true",NA,NA,NA,NA,"phase_015_subj_2"
9539,12,4,"<p style=""color:rgb(150, 250, 100); font-size: 35px;"">我</p>","self","ability","我",4,515,515,"e","true",NA,NA,NA,NA,"phase_015_subj_2"
9540,12,4,"<p style=""color:white; font-size: 35px;"">低能</p>","negative","ability","低能",4,1230,1230,"e","true",NA,NA,NA,NA,"phase_015_subj_2"
9541,12,4,"<p style=""color:rgb(150, 250, 100); font-size: 35px;"">他人的</p>","other","ability","他人的",4,551,551,"i","true",NA,NA,NA,NA,"phase_015_subj_2"
9542,12,4,"<p style=""color:white; font-size: 35px;"">高效</p>","positive","ability","高效",4,583,583,"i","true",NA,NA,NA,NA,"phase_015_subj_2"
9543,12,4,"<p style=""color:rgb(150, 250, 100); font-size: 35px;"">他人的</p>","other","ability","他人的",4,387,387,"i","true",NA,NA,NA,NA,"phase_015_subj_2"
9544,12,4,"<p style=""color:white; font-size: 35px;"">蠢笨</p>","negative","ability","蠢笨",4,469,469,"e","true",NA,NA,NA,NA,"phase_015_subj_2"
9545,12,4,"<p style=""color:rgb(150, 250, 100); font-size: 35px;"">自己</p>","self","ability","自己",4,534,534,"e","true",NA,NA,NA,NA,"phase_015_subj_2"
9546,12,4,"<p style=""color:white; font-size: 35px;"">全能</p>","positive","ability","全能",4,556,556,"i","true",NA,NA,NA,NA,"phase_015_subj_2"
9547,12,4,"<p style=""color:rgb(150, 250, 100); font-size: 35px;"">我的</p>","self","ability","我的",4,601,601,"e","true",NA,NA,NA,NA,"phase_015_subj_2"
9548,12,4,"<p style=""color:white; font-size: 35px;"">废物</p>","negative","ability","废物",4,615,615,"e","true",NA,NA,NA,NA,"phase_015_subj_2"
9549,12,4,"<p style=""color:rgb(150, 250, 100); font-size: 35px;"">别人</p>","other","ability","别人",4,456,456,"i","true",NA,NA,NA,NA,"phase_015_subj_2"
9550,12,4,"<p style=""color:white; font-size: 35px;"">高效</p>","positive","ability","高效",4,586,586,"i","true",NA,NA,NA,NA,"phase_015_subj_2"
9551,12,4,"<p style=""color:rgb(150, 250, 100); font-size: 35px;"">他的</p>","other","ability","他的",4,489,489,"i","true",NA,NA,NA,NA,"phase_015_subj_2"
9552,12,4,"<p style=""color:white; font-size: 35px;"">精干</p>","positive","ability","精干",4,627,1211,"e","false",NA,NA,NA,NA,"phase_015_subj_2"
9553,12,4,"<p style=""color:rgb(150, 250, 100); font-size: 35px;"">自己</p>","self","ability","自己",4,528,528,"e","true",NA,NA,NA,NA,"phase_015_subj_2"
9554,12,4,"<p style=""color:white; font-size: 35px;"">无能</p>","negative","ability","无能",4,587,587,"e","true",NA,NA,NA,NA,"phase_015_subj_2"
9555,12,5,"<p style=""color:rgb(150, 250, 100); font-size: 35px;"">别人</p>","other","ability","别人",5,428,428,"e","true",NA,NA,NA,NA,"phase_015_subj_2"
9556,12,5,"<p style=""color:rgb(150, 250, 100); font-size: 35px;"">他</p>","other","ability","他",5,472,472,"e","true",NA,NA,NA,NA,"phase_015_subj_2"
9557,12,5,"<p style=""color:rgb(150, 250, 100); font-size: 35px;"">别人的</p>","other","ability","别人的",5,414,414,"e","true",NA,NA,NA,NA,"phase_015_subj_2"
9558,12,5,"<p style=""color:rgb(150, 250, 100); font-size: 35px;"">我的</p>","self","ability","我的",5,341,341,"i","true",NA,NA,NA,NA,"phase_015_subj_2"
9559,12,5,"<p style=""color:rgb(150, 250, 100); font-size: 35px;"">自己</p>","self","ability","自己",5,394,394,"i","true",NA,NA,NA,NA,"phase_015_subj_2"
9560,12,5,"<p style=""color:rgb(150, 250, 100); font-size: 35px;"">我</p>","self","ability","我",5,508,508,"i","true",NA,NA,NA,NA,"phase_015_subj_2"
9561,12,5,"<p style=""color:rgb(150, 250, 100); font-size: 35px;"">他人</p>","other","ability","他人",5,423,423,"e","true",NA,NA,NA,NA,"phase_015_subj_2"
9562,12,5,"<p style=""color:rgb(150, 250, 100); font-size: 35px;"">本人的</p>","self","ability","本人的",5,417,417,"i","true",NA,NA,NA,NA,"phase_015_subj_2"
9563,12,5,"<p style=""color:rgb(150, 250, 100); font-size: 35px;"">本人</p>","self","ability","本人",5,459,459,"i","true",NA,NA,NA,NA,"phase_015_subj_2"
9564,12,5,"<p style=""color:rgb(150, 250, 100); font-size: 35px;"">他人的</p>","other","ability","他人的",5,403,403,"e","true",NA,NA,NA,NA,"phase_015_subj_2"
9565,12,5,"<p style=""color:rgb(150, 250, 100); font-size: 35px;"">我的</p>","self","ability","我的",5,370,370,"i","true",NA,NA,NA,NA,"phase_015_subj_2"
9566,12,5,"<p style=""color:rgb(150, 250, 100); font-size: 35px;"">自己的</p>","self","ability","自己的",5,406,406,"i","true",NA,NA,NA,NA,"phase_015_subj_2"
9567,12,5,"<p style=""color:rgb(150, 250, 100); font-size: 35px;"">本人的</p>","self","ability","本人的",5,424,424,"i","true",NA,NA,NA,NA,"phase_015_subj_2"
9568,12,5,"<p style=""color:rgb(150, 250, 100); font-size: 35px;"">自己</p>","self","ability","自己",5,344,344,"i","true",NA,NA,NA,NA,"phase_015_subj_2"
9569,12,5,"<p style=""color:rgb(150, 250, 100); font-size: 35px;"">本人</p>","self","ability","本人",5,420,420,"i","true",NA,NA,NA,NA,"phase_015_subj_2"
9570,12,5,"<p style=""color:rgb(150, 250, 100); font-size: 35px;"">他</p>","other","ability","他",5,366,366,"e","true",NA,NA,NA,NA,"phase_015_subj_2"
9571,12,5,"<p style=""color:rgb(150, 250, 100); font-size: 35px;"">别人的</p>","other","ability","别人的",5,532,532,"e","true",NA,NA,NA,NA,"phase_015_subj_2"
9572,12,5,"<p style=""color:rgb(150, 250, 100); font-size: 35px;"">我</p>","self","ability","我",5,367,367,"i","true",NA,NA,NA,NA,"phase_015_subj_2"
9573,12,5,"<p style=""color:rgb(150, 250, 100); font-size: 35px;"">别人</p>","other","ability","别人",5,418,418,"e","true",NA,NA,NA,NA,"phase_015_subj_2"
9574,12,5,"<p style=""color:rgb(150, 250, 100); font-size: 35px;"">自己的</p>","self","ability","自己的",5,450,450,"i","true",NA,NA,NA,NA,"phase_015_subj_2"
9575,12,5,"<p style=""color:rgb(150, 250, 100); font-size: 35px;"">他人的</p>","other","ability","他人的",5,334,334,"i","false",NA,NA,NA,NA,"phase_015_subj_2"
9576,12,5,"<p style=""color:rgb(150, 250, 100); font-size: 35px;"">他的</p>","other","ability","他的",5,421,421,"e","true",NA,NA,NA,NA,"phase_015_subj_2"
9577,12,5,"<p style=""color:rgb(150, 250, 100); font-size: 35px;"">他人</p>","other","ability","他人",5,401,401,"e","true",NA,NA,NA,NA,"phase_015_subj_2"
9578,12,5,"<p style=""color:rgb(150, 250, 100); font-size: 35px;"">他的</p>","other","ability","他的",5,361,361,"e","true",NA,NA,NA,NA,"phase_015_subj_2"
9579,12,6,"<p style=""color:white; font-size: 35px;"">天才</p>","positive","ability","天才",6,625,625,"i","true",NA,NA,NA,NA,"phase_015_subj_2"
9580,12,6,"<p style=""color:rgb(150, 250, 100); font-size: 35px;"">自己</p>","self","ability","自己",6,353,353,"i","true",NA,NA,NA,NA,"phase_015_subj_2"
9581,12,6,"<p style=""color:white; font-size: 35px;"">无能</p>","negative","ability","无能",6,431,431,"e","true",NA,NA,NA,NA,"phase_015_subj_2"
9582,12,6,"<p style=""color:rgb(150, 250, 100); font-size: 35px;"">他的</p>","other","ability","他的",6,351,351,"e","true",NA,NA,NA,NA,"phase_015_subj_2"
9583,12,6,"<p style=""color:white; font-size: 35px;"">废物</p>","negative","ability","废物",6,433,433,"e","true",NA,NA,NA,NA,"phase_015_subj_2"
9584,12,6,"<p style=""color:rgb(150, 250, 100); font-size: 35px;"">自己的</p>","self","ability","自己的",6,464,464,"i","true",NA,NA,NA,NA,"phase_015_subj_2"
9585,12,6,"<p style=""color:white; font-size: 35px;"">精干</p>","positive","ability","精干",6,380,380,"i","true",NA,NA,NA,NA,"phase_015_subj_2"
9586,12,6,"<p style=""color:rgb(150, 250, 100); font-size: 35px;"">别人的</p>","other","ability","别人的",6,580,580,"e","true",NA,NA,NA,NA,"phase_015_subj_2"
9587,12,6,"<p style=""color:white; font-size: 35px;"">拙笨</p>","negative","ability","拙笨",6,428,428,"e","true",NA,NA,NA,NA,"phase_015_subj_2"
9588,12,6,"<p style=""color:rgb(150, 250, 100); font-size: 35px;"">我</p>","self","ability","我",6,423,423,"i","true",NA,NA,NA,NA,"phase_015_subj_2"
9589,12,6,"<p style=""color:white; font-size: 35px;"">能干</p>","positive","ability","能干",6,386,386,"i","true",NA,NA,NA,NA,"phase_015_subj_2"
9590,12,6,"<p style=""color:rgb(150, 250, 100); font-size: 35px;"">别人</p>","other","ability","别人",6,386,386,"e","true",NA,NA,NA,NA,"phase_015_subj_2"
9591,12,6,"<p style=""color:white; font-size: 35px;"">愚钝</p>","negative","ability","愚钝",6,397,397,"e","true",NA,NA,NA,NA,"phase_015_subj_2"
9592,12,6,"<p style=""color:rgb(150, 250, 100); font-size: 35px;"">他</p>","other","ability","他",6,391,391,"e","true",NA,NA,NA,NA,"phase_015_subj_2"
9593,12,6,"<p style=""color:white; font-size: 35px;"">全能</p>","positive","ability","全能",6,591,591,"i","true",NA,NA,NA,NA,"phase_015_subj_2"
9594,12,6,"<p style=""color:rgb(150, 250, 100); font-size: 35px;"">本人</p>","self","ability","本人",6,435,435,"i","true",NA,NA,NA,NA,"phase_015_subj_2"
9595,12,6,"<p style=""color:white; font-size: 35px;"">低能</p>","negative","ability","低能",6,397,397,"e","true",NA,NA,NA,NA,"phase_015_subj_2"
9596,12,6,"<p style=""color:rgb(150, 250, 100); font-size: 35px;"">我的</p>","self","ability","我的",6,475,475,"i","true",NA,NA,NA,NA,"phase_015_subj_2"
9597,12,6,"<p style=""color:white; font-size: 35px;"">全才</p>","positive","ability","全才",6,820,820,"i","true",NA,NA,NA,NA,"phase_015_subj_2"
9598,12,6,"<p style=""color:rgb(150, 250, 100); font-size: 35px;"">他人</p>","other","ability","他人",6,404,404,"e","true",NA,NA,NA,NA,"phase_015_subj_2"
9599,12,6,"<p style=""color:white; font-size: 35px;"">蠢笨</p>","negative","ability","蠢笨",6,448,448,"e","true",NA,NA,NA,NA,"phase_015_subj_2"
9600,12,6,"<p style=""color:rgb(150, 250, 100); font-size: 35px;"">本人的</p>","self","ability","本人的",6,441,441,"i","true",NA,NA,NA,NA,"phase_015_subj_2"
9601,12,6,"<p style=""color:white; font-size: 35px;"">高效</p>","positive","ability","高效",6,604,604,"i","true",NA,NA,NA,NA,"phase_015_subj_2"
9602,12,6,"<p style=""color:rgb(150, 250, 100); font-size: 35px;"">他人的</p>","other","ability","他人的",6,384,384,"e","true",NA,NA,NA,NA,"phase_015_subj_2"
9603,12,7,"<p style=""color:white; font-size: 35px;"">愚钝</p>","negative","ability","愚钝",7,385,385,"e","true",NA,NA,NA,NA,"phase_015_subj_2"
9604,12,7,"<p style=""color:rgb(150, 250, 100); font-size: 35px;"">他人的</p>","other","ability","他人的",7,292,292,"e","true",NA,NA,NA,NA,"phase_015_subj_2"
9605,12,7,"<p style=""color:white; font-size: 35px;"">精干</p>","positive","ability","精干",7,424,424,"i","true",NA,NA,NA,NA,"phase_015_subj_2"
9606,12,7,"<p style=""color:rgb(150, 250, 100); font-size: 35px;"">自己的</p>","self","ability","自己的",7,349,349,"i","true",NA,NA,NA,NA,"phase_015_subj_2"
9607,12,7,"<p style=""color:white; font-size: 35px;"">废物</p>","negative","ability","废物",7,477,477,"e","true",NA,NA,NA,NA,"phase_015_subj_2"
9608,12,7,"<p style=""color:rgb(150, 250, 100); font-size: 35px;"">本人</p>","self","ability","本人",7,437,437,"i","true",NA,NA,NA,NA,"phase_015_subj_2"
9609,12,7,"<p style=""color:white; font-size: 35px;"">高效</p>","positive","ability","高效",7,699,699,"i","true",NA,NA,NA,NA,"phase_015_subj_2"
9610,12,7,"<p style=""color:rgb(150, 250, 100); font-size: 35px;"">他</p>","other","ability","他",7,536,536,"e","true",NA,NA,NA,NA,"phase_015_subj_2"
9611,12,7,"<p style=""color:white; font-size: 35px;"">愚钝</p>","negative","ability","愚钝",7,502,1184.59090909091,"i","false",NA,NA,NA,NA,"phase_015_subj_2"
9612,12,7,"<p style=""color:rgb(150, 250, 100); font-size: 35px;"">别人的</p>","other","ability","别人的",7,397,1184.59090909091,"i","false",NA,NA,NA,NA,"phase_015_subj_2"
9613,12,7,"<p style=""color:white; font-size: 35px;"">全才</p>","positive","ability","全才",7,845,845,"i","true",NA,NA,NA,NA,"phase_015_subj_2"
9614,12,7,"<p style=""color:rgb(150, 250, 100); font-size: 35px;"">本人</p>","self","ability","本人",7,429,429,"i","true",NA,NA,NA,NA,"phase_015_subj_2"
9615,12,7,"<p style=""color:white; font-size: 35px;"">能干</p>","positive","ability","能干",7,782,782,"i","true",NA,NA,NA,NA,"phase_015_subj_2"
9616,12,7,"<p style=""color:rgb(150, 250, 100); font-size: 35px;"">我</p>","self","ability","我",7,468,468,"i","true",NA,NA,NA,NA,"phase_015_subj_2"
9617,12,7,"<p style=""color:white; font-size: 35px;"">低能</p>","negative","ability","低能",7,424,424,"e","true",NA,NA,NA,NA,"phase_015_subj_2"
9618,12,7,"<p style=""color:rgb(150, 250, 100); font-size: 35px;"">别人</p>","other","ability","别人",7,475,475,"e","true",NA,NA,NA,NA,"phase_015_subj_2"
9619,12,7,"<p style=""color:white; font-size: 35px;"">高效</p>","positive","ability","高效",7,486,486,"i","true",NA,NA,NA,NA,"phase_015_subj_2"
9620,12,7,"<p style=""color:rgb(150, 250, 100); font-size: 35px;"">他</p>","other","ability","他",7,696,696,"e","true",NA,NA,NA,NA,"phase_015_subj_2"
9621,12,7,"<p style=""color:white; font-size: 35px;"">无能</p>","negative","ability","无能",7,501,1184.59090909091,"i","false",NA,NA,NA,NA,"phase_015_subj_2"
9622,12,7,"<p style=""color:rgb(150, 250, 100); font-size: 35px;"">本人的</p>","self","ability","本人的",7,655,655,"i","true",NA,NA,NA,NA,"phase_015_subj_2"
9623,12,7,"<p style=""color:white; font-size: 35px;"">全能</p>","positive","ability","全能",7,757,1184.59090909091,"e","false",NA,NA,NA,NA,"phase_015_subj_2"
9624,12,7,"<p style=""color:rgb(150, 250, 100); font-size: 35px;"">他人的</p>","other","ability","他人的",7,890,890,"e","true",NA,NA,NA,NA,"phase_015_subj_2"
9625,12,7,"<p style=""color:white; font-size: 35px;"">拙笨</p>","negative","ability","拙笨",7,870,870,"e","true",NA,NA,NA,NA,"phase_015_subj_2"
9626,12,7,"<p style=""color:rgb(150, 250, 100); font-size: 35px;"">我的</p>","self","ability","我的",7,518,518,"i","true",NA,NA,NA,NA,"phase_015_subj_2"
9627,12,7,"<p style=""color:white; font-size: 35px;"">拙笨</p>","negative","ability","拙笨",7,892,892,"e","true",NA,NA,NA,NA,"phase_015_subj_2"
9628,12,7,"<p style=""color:rgb(150, 250, 100); font-size: 35px;"">别人的</p>","other","ability","别人的",7,1175,1175,"e","true",NA,NA,NA,NA,"phase_015_subj_2"
9629,12,7,"<p style=""color:white; font-size: 35px;"">天才</p>","positive","ability","天才",7,869,869,"i","true",NA,NA,NA,NA,"phase_015_subj_2"
9630,12,7,"<p style=""color:rgb(150, 250, 100); font-size: 35px;"">自己</p>","self","ability","自己",7,475,475,"i","true",NA,NA,NA,NA,"phase_015_subj_2"
9631,12,7,"<p style=""color:white; font-size: 35px;"">蠢笨</p>","negative","ability","蠢笨",7,620,620,"e","true",NA,NA,NA,NA,"phase_015_subj_2"
9632,12,7,"<p style=""color:rgb(150, 250, 100); font-size: 35px;"">我</p>","self","ability","我",7,533,533,"i","true",NA,NA,NA,NA,"phase_015_subj_2"
9633,12,7,"<p style=""color:white; font-size: 35px;"">全才</p>","positive","ability","全才",7,1077,1077,"i","true",NA,NA,NA,NA,"phase_015_subj_2"
9634,12,7,"<p style=""color:rgb(150, 250, 100); font-size: 35px;"">他的</p>","other","ability","他的",7,582,582,"e","true",NA,NA,NA,NA,"phase_015_subj_2"
9635,12,7,"<p style=""color:white; font-size: 35px;"">能干</p>","positive","ability","能干",7,932,932,"i","true",NA,NA,NA,NA,"phase_015_subj_2"
9636,12,7,"<p style=""color:rgb(150, 250, 100); font-size: 35px;"">他的</p>","other","ability","他的",7,527,527,"e","true",NA,NA,NA,NA,"phase_015_subj_2"
9637,12,7,"<p style=""color:white; font-size: 35px;"">无能</p>","negative","ability","无能",7,651,651,"e","true",NA,NA,NA,NA,"phase_015_subj_2"
9638,12,7,"<p style=""color:rgb(150, 250, 100); font-size: 35px;"">本人的</p>","self","ability","本人的",7,493,493,"i","true",NA,NA,NA,NA,"phase_015_subj_2"
9639,12,7,"<p style=""color:white; font-size: 35px;"">全能</p>","positive","ability","全能",7,730,730,"i","true",NA,NA,NA,NA,"phase_015_subj_2"
9640,12,7,"<p style=""color:rgb(150, 250, 100); font-size: 35px;"">他人</p>","other","ability","他人",7,466,466,"e","true",NA,NA,NA,NA,"phase_015_subj_2"
9641,12,7,"<p style=""color:white; font-size: 35px;"">低能</p>","negative","ability","低能",7,458,458,"e","true",NA,NA,NA,NA,"phase_015_subj_2"
9642,12,7,"<p style=""color:rgb(150, 250, 100); font-size: 35px;"">自己</p>","self","ability","自己",7,410,410,"i","true",NA,NA,NA,NA,"phase_015_subj_2"
9643,12,7,"<p style=""color:white; font-size: 35px;"">天才</p>","positive","ability","天才",7,454,454,"i","true",NA,NA,NA,NA,"phase_015_subj_2"
9644,12,7,"<p style=""color:rgb(150, 250, 100); font-size: 35px;"">自己的</p>","self","ability","自己的",7,412,412,"i","true",NA,NA,NA,NA,"phase_015_subj_2"
9645,12,7,"<p style=""color:white; font-size: 35px;"">废物</p>","negative","ability","废物",7,479,479,"e","true",NA,NA,NA,NA,"phase_015_subj_2"
9646,12,7,"<p style=""color:rgb(150, 250, 100); font-size: 35px;"">他人</p>","other","ability","他人",7,419,419,"e","true",NA,NA,NA,NA,"phase_015_subj_2"
9647,12,7,"<p style=""color:white; font-size: 35px;"">精干</p>","positive","ability","精干",7,413,413,"i","true",NA,NA,NA,NA,"phase_015_subj_2"
9648,12,7,"<p style=""color:rgb(150, 250, 100); font-size: 35px;"">别人</p>","other","ability","别人",7,652,652,"e","true",NA,NA,NA,NA,"phase_015_subj_2"
9649,12,7,"<p style=""color:white; font-size: 35px;"">蠢笨</p>","negative","ability","蠢笨",7,459,459,"e","true",NA,NA,NA,NA,"phase_015_subj_2"
9650,12,7,"<p style=""color:rgb(150, 250, 100); font-size: 35px;"">我的</p>","self","ability","我的",7,407,407,"i","true",NA,NA,NA,NA,"phase_015_subj_2"
9651,389,NA,"
    <h3>词语分类任务</h3>
    <p>在接下来的任务中，你需要对一系列词语进行分类。<p/>
    请先熟悉这些词语，这有利于你完成接下来的任务。</p>
    <table align=""center"" border=1 cellpadding=3 cellspacing=0>
    <tr> <th>类别</th> <th>词语</th> </tr>
    <tr> <td>&emsp;积极&emsp;</td> <td>&emsp;高尚、诚信、善良、君子、廉正、正直&emsp;</td> </tr>
    <tr> <td>&emsp;消极&emsp;</td> <td>&emsp;缺德、卑鄙、不孝、不仁、小人、黑心&emsp;</td> </tr>
    <tr> <td>&emsp;自我&emsp;</td> <td>&emsp;我、我的、自己、自己的、本人、本人的&emsp;</td> </tr>
    <tr> <td>&emsp;他人&emsp;</td> <td>&emsp;他、他的、别人、别人的、他人、他人的&emsp;</td> </tr>
    </table><br/>","","","",NA,32463,NA,"0","",NA,NA,2,2,"phase_015_subj_47"
9652,389,11,"<p style=""color:rgb(150, 250, 100); font-size: 35px;"">我的</p>","self","moral","我的",1,1884,1884,"i","true",NA,NA,NA,NA,"phase_015_subj_47"
9653,389,11,"<p style=""color:rgb(150, 250, 100); font-size: 35px;"">别人的</p>","other","moral","别人的",1,484,484,"e","true",NA,NA,NA,NA,"phase_015_subj_47"
9654,389,11,"<p style=""color:rgb(150, 250, 100); font-size: 35px;"">他</p>","other","moral","他",1,515,515,"e","true",NA,NA,NA,NA,"phase_015_subj_47"
9655,389,11,"<p style=""color:rgb(150, 250, 100); font-size: 35px;"">本人的</p>","self","moral","本人的",1,599,599,"i","true",NA,NA,NA,NA,"phase_015_subj_47"
9656,389,11,"<p style=""color:rgb(150, 250, 100); font-size: 35px;"">自己的</p>","self","moral","自己的",1,567,567,"i","true",NA,NA,NA,NA,"phase_015_subj_47"
9657,389,11,"<p style=""color:rgb(150, 250, 100); font-size: 35px;"">他人的</p>","other","moral","他人的",1,459,459,"e","true",NA,NA,NA,NA,"phase_015_subj_47"
9658,389,11,"<p style=""color:rgb(150, 250, 100); font-size: 35px;"">本人</p>","self","moral","本人",1,617,617,"i","true",NA,NA,NA,NA,"phase_015_subj_47"
9659,389,11,"<p style=""color:rgb(150, 250, 100); font-size: 35px;"">他的</p>","other","moral","他的",1,439,439,"e","true",NA,NA,NA,NA,"phase_015_subj_47"
9660,389,11,"<p style=""color:rgb(150, 250, 100); font-size: 35px;"">自己</p>","self","moral","自己",1,466,466,"i","true",NA,NA,NA,NA,"phase_015_subj_47"
9661,389,11,"<p style=""color:rgb(150, 250, 100); font-size: 35px;"">我</p>","self","moral","我",1,497,497,"i","true",NA,NA,NA,NA,"phase_015_subj_47"
9662,389,11,"<p style=""color:rgb(150, 250, 100); font-size: 35px;"">别人</p>","other","moral","别人",1,436,436,"e","true",NA,NA,NA,NA,"phase_015_subj_47"
9663,389,11,"<p style=""color:rgb(150, 250, 100); font-size: 35px;"">他人</p>","other","moral","他人",1,425,425,"e","true",NA,NA,NA,NA,"phase_015_subj_47"
9664,389,12,"<p style=""color:white; font-size: 35px;"">不孝</p>","negative","moral","不孝",2,621,621,"e","true",NA,NA,NA,NA,"phase_015_subj_47"
9665,389,12,"<p style=""color:white; font-size: 35px;"">君子</p>","positive","moral","君子",2,603,603,"i","true",NA,NA,NA,NA,"phase_015_subj_47"
9666,389,12,"<p style=""color:white; font-size: 35px;"">卑鄙</p>","negative","moral","卑鄙",2,500,500,"e","true",NA,NA,NA,NA,"phase_015_subj_47"
9667,389,12,"<p style=""color:white; font-size: 35px;"">高尚</p>","positive","moral","高尚",2,602,602,"i","true",NA,NA,NA,NA,"phase_015_subj_47"
9668,389,12,"<p style=""color:white; font-size: 35px;"">诚信</p>","positive","moral","诚信",2,900,900,"i","true",NA,NA,NA,NA,"phase_015_subj_47"
9669,389,12,"<p style=""color:white; font-size: 35px;"">不仁</p>","negative","moral","不仁",2,464,464,"e","true",NA,NA,NA,NA,"phase_015_subj_47"
9670,389,12,"<p style=""color:white; font-size: 35px;"">黑心</p>","negative","moral","黑心",2,645,645,"e","true",NA,NA,NA,NA,"phase_015_subj_47"
9671,389,12,"<p style=""color:white; font-size: 35px;"">正直</p>","positive","moral","正直",2,443,443,"i","true",NA,NA,NA,NA,"phase_015_subj_47"
9672,389,12,"<p style=""color:white; font-size: 35px;"">小人</p>","negative","moral","小人",2,613,613,"e","true",NA,NA,NA,NA,"phase_015_subj_47"
9673,389,12,"<p style=""color:white; font-size: 35px;"">善良</p>","positive","moral","善良",2,620,620,"i","true",NA,NA,NA,NA,"phase_015_subj_47"
9674,389,12,"<p style=""color:white; font-size: 35px;"">缺德</p>","negative","moral","缺德",2,488,488,"e","true",NA,NA,NA,NA,"phase_015_subj_47"
9675,389,12,"<p style=""color:white; font-size: 35px;"">廉正</p>","positive","moral","廉正",2,572,572,"i","true",NA,NA,NA,NA,"phase_015_subj_47"
9676,389,13,"<p style=""color:rgb(150, 250, 100); font-size: 35px;"">他</p>","other","moral","他",3,927,927,"e","true",NA,NA,NA,NA,"phase_015_subj_47"
9677,389,13,"<p style=""color:white; font-size: 35px;"">善良</p>","positive","moral","善良",3,531,531,"i","true",NA,NA,NA,NA,"phase_015_subj_47"
9678,389,13,"<p style=""color:rgb(150, 250, 100); font-size: 35px;"">自己的</p>","self","moral","自己的",3,764,764,"i","true",NA,NA,NA,NA,"phase_015_subj_47"
9679,389,13,"<p style=""color:white; font-size: 35px;"">黑心</p>","negative","moral","黑心",3,396,396,"e","true",NA,NA,NA,NA,"phase_015_subj_47"
9680,389,13,"<p style=""color:rgb(150, 250, 100); font-size: 35px;"">别人的</p>","other","moral","别人的",3,544,544,"e","true",NA,NA,NA,NA,"phase_015_subj_47"
9681,389,13,"<p style=""color:white; font-size: 35px;"">不仁</p>","negative","moral","不仁",3,418,1272.77272727273,"i","false",NA,NA,NA,NA,"phase_015_subj_47"
9682,389,13,"<p style=""color:rgb(150, 250, 100); font-size: 35px;"">我</p>","self","moral","我",3,901,901,"i","true",NA,NA,NA,NA,"phase_015_subj_47"
9683,389,13,"<p style=""color:white; font-size: 35px;"">君子</p>","positive","moral","君子",3,938,938,"i","true",NA,NA,NA,NA,"phase_015_subj_47"
9684,389,13,"<p style=""color:rgb(150, 250, 100); font-size: 35px;"">他人的</p>","other","moral","他人的",3,610,610,"e","true",NA,NA,NA,NA,"phase_015_subj_47"
9685,389,13,"<p style=""color:white; font-size: 35px;"">缺德</p>","negative","moral","缺德",3,963,963,"e","true",NA,NA,NA,NA,"phase_015_subj_47"
9686,389,13,"<p style=""color:rgb(150, 250, 100); font-size: 35px;"">自己</p>","self","moral","自己",3,456,456,"i","true",NA,NA,NA,NA,"phase_015_subj_47"
9687,389,13,"<p style=""color:white; font-size: 35px;"">正直</p>","positive","moral","正直",3,353,353,"i","true",NA,NA,NA,NA,"phase_015_subj_47"
9688,389,13,"<p style=""color:rgb(150, 250, 100); font-size: 35px;"">他的</p>","other","moral","他的",3,333,333,"e","true",NA,NA,NA,NA,"phase_015_subj_47"
9689,389,13,"<p style=""color:white; font-size: 35px;"">高尚</p>","positive","moral","高尚",3,338,1272.77272727273,"e","false",NA,NA,NA,NA,"phase_015_subj_47"
9690,389,13,"<p style=""color:rgb(150, 250, 100); font-size: 35px;"">本人的</p>","self","moral","本人的",3,556,556,"i","true",NA,NA,NA,NA,"phase_015_subj_47"
9691,389,13,"<p style=""color:white; font-size: 35px;"">小人</p>","negative","moral","小人",3,591,591,"e","true",NA,NA,NA,NA,"phase_015_subj_47"
9692,389,13,"<p style=""color:rgb(150, 250, 100); font-size: 35px;"">我的</p>","self","moral","我的",3,679,679,"i","true",NA,NA,NA,NA,"phase_015_subj_47"
9693,389,13,"<p style=""color:white; font-size: 35px;"">卑鄙</p>","negative","moral","卑鄙",3,557,557,"e","true",NA,NA,NA,NA,"phase_015_subj_47"
9694,389,13,"<p style=""color:rgb(150, 250, 100); font-size: 35px;"">他人</p>","other","moral","他人",3,1120,1120,"e","true",NA,NA,NA,NA,"phase_015_subj_47"
9695,389,13,"<p style=""color:white; font-size: 35px;"">廉正</p>","positive","moral","廉正",3,728,728,"i","true",NA,NA,NA,NA,"phase_015_subj_47"
9696,389,13,"<p style=""color:rgb(150, 250, 100); font-size: 35px;"">本人</p>","self","moral","本人",3,975,975,"i","true",NA,NA,NA,NA,"phase_015_subj_47"
9697,389,13,"<p style=""color:white; font-size: 35px;"">诚信</p>","positive","moral","诚信",3,590,590,"i","true",NA,NA,NA,NA,"phase_015_subj_47"
9698,389,13,"<p style=""color:rgb(150, 250, 100); font-size: 35px;"">别人</p>","other","moral","别人",3,751,751,"e","true",NA,NA,NA,NA,"phase_015_subj_47"
9699,389,13,"<p style=""color:white; font-size: 35px;"">不孝</p>","negative","moral","不孝",3,538,538,"e","true",NA,NA,NA,NA,"phase_015_subj_47"
9700,389,14,"<p style=""color:rgb(150, 250, 100); font-size: 35px;"">我的</p>","self","moral","我的",4,1089,1089,"i","true",NA,NA,NA,NA,"phase_015_subj_47"
9701,389,14,"<p style=""color:white; font-size: 35px;"">黑心</p>","negative","moral","黑心",4,819,819,"e","true",NA,NA,NA,NA,"phase_015_subj_47"
9702,389,14,"<p style=""color:rgb(150, 250, 100); font-size: 35px;"">他人</p>","other","moral","他人",4,546,546,"e","true",NA,NA,NA,NA,"phase_015_subj_47"
9703,389,14,"<p style=""color:white; font-size: 35px;"">君子</p>","positive","moral","君子",4,690,690,"i","true",NA,NA,NA,NA,"phase_015_subj_47"
9704,389,14,"<p style=""color:rgb(150, 250, 100); font-size: 35px;"">自己的</p>","self","moral","自己的",4,541,541,"i","true",NA,NA,NA,NA,"phase_015_subj_47"
9705,389,14,"<p style=""color:white; font-size: 35px;"">君子</p>","positive","moral","君子",4,1197,1197,"i","true",NA,NA,NA,NA,"phase_015_subj_47"
9706,389,14,"<p style=""color:rgb(150, 250, 100); font-size: 35px;"">他人的</p>","other","moral","他人的",4,482,482,"e","true",NA,NA,NA,NA,"phase_015_subj_47"
9707,389,14,"<p style=""color:white; font-size: 35px;"">不孝</p>","negative","moral","不孝",4,397,397,"e","true",NA,NA,NA,NA,"phase_015_subj_47"
9708,389,14,"<p style=""color:rgb(150, 250, 100); font-size: 35px;"">他</p>","other","moral","他",4,454,454,"e","true",NA,NA,NA,NA,"phase_015_subj_47"
9709,389,14,"<p style=""color:white; font-size: 35px;"">卑鄙</p>","negative","moral","卑鄙",4,441,441,"e","true",NA,NA,NA,NA,"phase_015_subj_47"
9710,389,14,"<p style=""color:rgb(150, 250, 100); font-size: 35px;"">本人</p>","self","moral","本人",4,395,395,"i","true",NA,NA,NA,NA,"phase_015_subj_47"
9711,389,14,"<p style=""color:white; font-size: 35px;"">正直</p>","positive","moral","正直",4,467,467,"i","true",NA,NA,NA,NA,"phase_015_subj_47"
9712,389,14,"<p style=""color:rgb(150, 250, 100); font-size: 35px;"">我</p>","self","moral","我",4,408,408,"i","true",NA,NA,NA,NA,"phase_015_subj_47"
9713,389,14,"<p style=""color:white; font-size: 35px;"">廉正</p>","positive","moral","廉正",4,540,540,"i","true",NA,NA,NA,NA,"phase_015_subj_47"
9714,389,14,"<p style=""color:rgb(150, 250, 100); font-size: 35px;"">他人</p>","other","moral","他人",4,563,563,"e","true",NA,NA,NA,NA,"phase_015_subj_47"
9715,389,14,"<p style=""color:white; font-size: 35px;"">不仁</p>","negative","moral","不仁",4,373,373,"e","true",NA,NA,NA,NA,"phase_015_subj_47"
9716,389,14,"<p style=""color:rgb(150, 250, 100); font-size: 35px;"">他人的</p>","other","moral","他人的",4,451,451,"e","true",NA,NA,NA,NA,"phase_015_subj_47"
9717,389,14,"<p style=""color:white; font-size: 35px;"">卑鄙</p>","negative","moral","卑鄙",4,783,783,"e","true",NA,NA,NA,NA,"phase_015_subj_47"
9718,389,14,"<p style=""color:rgb(150, 250, 100); font-size: 35px;"">自己</p>","self","moral","自己",4,546,546,"i","true",NA,NA,NA,NA,"phase_015_subj_47"
9719,389,14,"<p style=""color:white; font-size: 35px;"">诚信</p>","positive","moral","诚信",4,458,458,"i","true",NA,NA,NA,NA,"phase_015_subj_47"
9720,389,14,"<p style=""color:rgb(150, 250, 100); font-size: 35px;"">自己的</p>","self","moral","自己的",4,382,382,"i","true",NA,NA,NA,NA,"phase_015_subj_47"
9721,389,14,"<p style=""color:white; font-size: 35px;"">廉正</p>","positive","moral","廉正",4,531,531,"i","true",NA,NA,NA,NA,"phase_015_subj_47"
9722,389,14,"<p style=""color:rgb(150, 250, 100); font-size: 35px;"">别人</p>","other","moral","别人",4,418,418,"e","true",NA,NA,NA,NA,"phase_015_subj_47"
9723,389,14,"<p style=""color:white; font-size: 35px;"">缺德</p>","negative","moral","缺德",4,502,502,"e","true",NA,NA,NA,NA,"phase_015_subj_47"
9724,389,14,"<p style=""color:rgb(150, 250, 100); font-size: 35px;"">别人的</p>","other","moral","别人的",4,583,583,"e","true",NA,NA,NA,NA,"phase_015_subj_47"
9725,389,14,"<p style=""color:white; font-size: 35px;"">小人</p>","negative","moral","小人",4,506,506,"e","true",NA,NA,NA,NA,"phase_015_subj_47"
9726,389,14,"<p style=""color:rgb(150, 250, 100); font-size: 35px;"">本人的</p>","self","moral","本人的",4,607,607,"i","true",NA,NA,NA,NA,"phase_015_subj_47"
9727,389,14,"<p style=""color:white; font-size: 35px;"">正直</p>","positive","moral","正直",4,397,397,"i","true",NA,NA,NA,NA,"phase_015_subj_47"
9728,389,14,"<p style=""color:rgb(150, 250, 100); font-size: 35px;"">我</p>","self","moral","我",4,448,448,"i","true",NA,NA,NA,NA,"phase_015_subj_47"
9729,389,14,"<p style=""color:white; font-size: 35px;"">缺德</p>","negative","moral","缺德",4,582,582,"e","true",NA,NA,NA,NA,"phase_015_subj_47"
9730,389,14,"<p style=""color:rgb(150, 250, 100); font-size: 35px;"">他的</p>","other","moral","他的",4,502,502,"e","true",NA,NA,NA,NA,"phase_015_subj_47"
9731,389,14,"<p style=""color:white; font-size: 35px;"">高尚</p>","positive","moral","高尚",4,472,472,"i","true",NA,NA,NA,NA,"phase_015_subj_47"
9732,389,14,"<p style=""color:rgb(150, 250, 100); font-size: 35px;"">别人的</p>","other","moral","别人的",4,623,623,"e","true",NA,NA,NA,NA,"phase_015_subj_47"
9733,389,14,"<p style=""color:white; font-size: 35px;"">黑心</p>","negative","moral","黑心",4,481,481,"e","true",NA,NA,NA,NA,"phase_015_subj_47"
9734,389,14,"<p style=""color:rgb(150, 250, 100); font-size: 35px;"">我的</p>","self","moral","我的",4,467,467,"i","true",NA,NA,NA,NA,"phase_015_subj_47"
9735,389,14,"<p style=""color:white; font-size: 35px;"">善良</p>","positive","moral","善良",4,360,360,"i","true",NA,NA,NA,NA,"phase_015_subj_47"
9736,389,14,"<p style=""color:rgb(150, 250, 100); font-size: 35px;"">他的</p>","other","moral","他的",4,514,514,"e","true",NA,NA,NA,NA,"phase_015_subj_47"
9737,389,14,"<p style=""color:white; font-size: 35px;"">善良</p>","positive","moral","善良",4,716,716,"i","true",NA,NA,NA,NA,"phase_015_subj_47"
9738,389,14,"<p style=""color:rgb(150, 250, 100); font-size: 35px;"">本人</p>","self","moral","本人",4,755,755,"i","true",NA,NA,NA,NA,"phase_015_subj_47"
9739,389,14,"<p style=""color:white; font-size: 35px;"">不孝</p>","negative","moral","不孝",4,402,402,"e","true",NA,NA,NA,NA,"phase_015_subj_47"
9740,389,14,"<p style=""color:rgb(150, 250, 100); font-size: 35px;"">本人的</p>","self","moral","本人的",4,671,671,"i","true",NA,NA,NA,NA,"phase_015_subj_47"
9741,389,14,"<p style=""color:white; font-size: 35px;"">高尚</p>","positive","moral","高尚",4,578,578,"i","true",NA,NA,NA,NA,"phase_015_subj_47"
9742,389,14,"<p style=""color:rgb(150, 250, 100); font-size: 35px;"">他</p>","other","moral","他",4,455,455,"e","true",NA,NA,NA,NA,"phase_015_subj_47"
9743,389,14,"<p style=""color:white; font-size: 35px;"">小人</p>","negative","moral","小人",4,572,572,"e","true",NA,NA,NA,NA,"phase_015_subj_47"
9744,389,14,"<p style=""color:rgb(150, 250, 100); font-size: 35px;"">别人</p>","other","moral","别人",4,622,622,"e","true",NA,NA,NA,NA,"phase_015_subj_47"
9745,389,14,"<p style=""color:white; font-size: 35px;"">不仁</p>","negative","moral","不仁",4,565,565,"e","true",NA,NA,NA,NA,"phase_015_subj_47"
9746,389,14,"<p style=""color:rgb(150, 250, 100); font-size: 35px;"">自己</p>","self","moral","自己",4,449,449,"i","true",NA,NA,NA,NA,"phase_015_subj_47"
9747,389,14,"<p style=""color:white; font-size: 35px;"">诚信</p>","positive","moral","诚信",4,560,560,"i","true",NA,NA,NA,NA,"phase_015_subj_47"
9748,389,15,"<p style=""color:rgb(150, 250, 100); font-size: 35px;"">本人的</p>","self","moral","本人的",5,680,680,"e","true",NA,NA,NA,NA,"phase_015_subj_47"
9749,389,15,"<p style=""color:rgb(150, 250, 100); font-size: 35px;"">他人的</p>","other","moral","他人的",5,387,387,"e","false",NA,NA,NA,NA,"phase_015_subj_47"
9750,389,15,"<p style=""color:rgb(150, 250, 100); font-size: 35px;"">本人</p>","self","moral","本人",5,489,489,"e","true",NA,NA,NA,NA,"phase_015_subj_47"
9751,389,15,"<p style=""color:rgb(150, 250, 100); font-size: 35px;"">自己的</p>","self","moral","自己的",5,492,492,"e","true",NA,NA,NA,NA,"phase_015_subj_47"
9752,389,15,"<p style=""color:rgb(150, 250, 100); font-size: 35px;"">他</p>","other","moral","他",5,337,337,"i","true",NA,NA,NA,NA,"phase_015_subj_47"
9753,389,15,"<p style=""color:rgb(150, 250, 100); font-size: 35px;"">本人</p>","self","moral","本人",5,518,518,"e","true",NA,NA,NA,NA,"phase_015_subj_47"
9754,389,15,"<p style=""color:rgb(150, 250, 100); font-size: 35px;"">自己</p>","self","moral","自己",5,529,529,"e","true",NA,NA,NA,NA,"phase_015_subj_47"
9755,389,15,"<p style=""color:rgb(150, 250, 100); font-size: 35px;"">我的</p>","self","moral","我的",5,414,414,"e","true",NA,NA,NA,NA,"phase_015_subj_47"
9756,389,15,"<p style=""color:rgb(150, 250, 100); font-size: 35px;"">他人</p>","other","moral","他人",5,282,282,"i","true",NA,NA,NA,NA,"phase_015_subj_47"
9757,389,15,"<p style=""color:rgb(150, 250, 100); font-size: 35px;"">我</p>","self","moral","我",5,349,349,"i","false",NA,NA,NA,NA,"phase_015_subj_47"
9758,389,15,"<p style=""color:rgb(150, 250, 100); font-size: 35px;"">他的</p>","other","moral","他的",5,394,394,"i","true",NA,NA,NA,NA,"phase_015_subj_47"
9759,389,15,"<p style=""color:rgb(150, 250, 100); font-size: 35px;"">本人的</p>","self","moral","本人的",5,611,611,"e","true",NA,NA,NA,NA,"phase_015_subj_47"
9760,389,15,"<p style=""color:rgb(150, 250, 100); font-size: 35px;"">他人的</p>","other","moral","他人的",5,392,392,"e","false",NA,NA,NA,NA,"phase_015_subj_47"
9761,389,15,"<p style=""color:rgb(150, 250, 100); font-size: 35px;"">自己的</p>","self","moral","自己的",5,418,418,"e","true",NA,NA,NA,NA,"phase_015_subj_47"
9762,389,15,"<p style=""color:rgb(150, 250, 100); font-size: 35px;"">别人的</p>","other","moral","别人的",5,435,435,"i","true",NA,NA,NA,NA,"phase_015_subj_47"
9763,389,15,"<p style=""color:rgb(150, 250, 100); font-size: 35px;"">他人</p>","other","moral","他人",5,534,534,"i","true",NA,NA,NA,NA,"phase_015_subj_47"
9764,389,15,"<p style=""color:rgb(150, 250, 100); font-size: 35px;"">别人的</p>","other","moral","别人的",5,704,704,"i","true",NA,NA,NA,NA,"phase_015_subj_47"
9765,389,15,"<p style=""color:rgb(150, 250, 100); font-size: 35px;"">他的</p>","other","moral","他的",5,515,515,"i","true",NA,NA,NA,NA,"phase_015_subj_47"
9766,389,15,"<p style=""color:rgb(150, 250, 100); font-size: 35px;"">他</p>","other","moral","他",5,465,465,"i","true",NA,NA,NA,NA,"phase_015_subj_47"
9767,389,15,"<p style=""color:rgb(150, 250, 100); font-size: 35px;"">别人</p>","other","moral","别人",5,692,692,"i","true",NA,NA,NA,NA,"phase_015_subj_47"
9768,389,15,"<p style=""color:rgb(150, 250, 100); font-size: 35px;"">我</p>","self","moral","我",5,495,495,"e","true",NA,NA,NA,NA,"phase_015_subj_47"
9769,389,15,"<p style=""color:rgb(150, 250, 100); font-size: 35px;"">自己</p>","self","moral","自己",5,1275,1275,"e","true",NA,NA,NA,NA,"phase_015_subj_47"
9770,389,15,"<p style=""color:rgb(150, 250, 100); font-size: 35px;"">别人</p>","other","moral","别人",5,746,746,"e","false",NA,NA,NA,NA,"phase_015_subj_47"
9771,389,15,"<p style=""color:rgb(150, 250, 100); font-size: 35px;"">我的</p>","self","moral","我的",5,623,623,"e","true",NA,NA,NA,NA,"phase_015_subj_47"
9772,389,16,"<p style=""color:white; font-size: 35px;"">不仁</p>","negative","moral","不仁",6,913,913,"e","true",NA,NA,NA,NA,"phase_015_subj_47"
9773,389,16,"<p style=""color:rgb(150, 250, 100); font-size: 35px;"">他人的</p>","other","moral","他人的",6,593,593,"i","true",NA,NA,NA,NA,"phase_015_subj_47"
9774,389,16,"<p style=""color:white; font-size: 35px;"">正直</p>","positive","moral","正直",6,482,482,"i","true",NA,NA,NA,NA,"phase_015_subj_47"
9775,389,16,"<p style=""color:rgb(150, 250, 100); font-size: 35px;"">我</p>","self","moral","我",6,566,566,"e","true",NA,NA,NA,NA,"phase_015_subj_47"
9776,389,16,"<p style=""color:white; font-size: 35px;"">廉正</p>","positive","moral","廉正",6,605,1228.95238095238,"e","false",NA,NA,NA,NA,"phase_015_subj_47"
9777,389,16,"<p style=""color:rgb(150, 250, 100); font-size: 35px;"">他人</p>","other","moral","他人",6,529,529,"i","true",NA,NA,NA,NA,"phase_015_subj_47"
9778,389,16,"<p style=""color:white; font-size: 35px;"">不孝</p>","negative","moral","不孝",6,849,849,"e","true",NA,NA,NA,NA,"phase_015_subj_47"
9779,389,16,"<p style=""color:rgb(150, 250, 100); font-size: 35px;"">本人</p>","self","moral","本人",6,454,454,"e","true",NA,NA,NA,NA,"phase_015_subj_47"
9780,389,16,"<p style=""color:white; font-size: 35px;"">黑心</p>","negative","moral","黑心",6,583,583,"e","true",NA,NA,NA,NA,"phase_015_subj_47"
9781,389,16,"<p style=""color:rgb(150, 250, 100); font-size: 35px;"">他</p>","other","moral","他",6,458,458,"i","true",NA,NA,NA,NA,"phase_015_subj_47"
9782,389,16,"<p style=""color:white; font-size: 35px;"">诚信</p>","positive","moral","诚信",6,989,989,"i","true",NA,NA,NA,NA,"phase_015_subj_47"
9783,389,16,"<p style=""color:rgb(150, 250, 100); font-size: 35px;"">我的</p>","self","moral","我的",6,421,421,"e","true",NA,NA,NA,NA,"phase_015_subj_47"
9784,389,16,"<p style=""color:white; font-size: 35px;"">缺德</p>","negative","moral","缺德",6,620,620,"e","true",NA,NA,NA,NA,"phase_015_subj_47"
9785,389,16,"<p style=""color:rgb(150, 250, 100); font-size: 35px;"">他的</p>","other","moral","他的",6,495,495,"i","true",NA,NA,NA,NA,"phase_015_subj_47"
9786,389,16,"<p style=""color:white; font-size: 35px;"">善良</p>","positive","moral","善良",6,615,615,"i","true",NA,NA,NA,NA,"phase_015_subj_47"
9787,389,16,"<p style=""color:rgb(150, 250, 100); font-size: 35px;"">自己</p>","self","moral","自己",6,544,544,"e","true",NA,NA,NA,NA,"phase_015_subj_47"
9788,389,16,"<p style=""color:white; font-size: 35px;"">卑鄙</p>","negative","moral","卑鄙",6,783,783,"e","true",NA,NA,NA,NA,"phase_015_subj_47"
9789,389,16,"<p style=""color:rgb(150, 250, 100); font-size: 35px;"">别人的</p>","other","moral","别人的",6,466,466,"i","true",NA,NA,NA,NA,"phase_015_subj_47"
9790,389,16,"<p style=""color:white; font-size: 35px;"">高尚</p>","positive","moral","高尚",6,762,1228.95238095238,"e","false",NA,NA,NA,NA,"phase_015_subj_47"
9791,389,16,"<p style=""color:rgb(150, 250, 100); font-size: 35px;"">自己的</p>","self","moral","自己的",6,678,678,"e","true",NA,NA,NA,NA,"phase_015_subj_47"
9792,389,16,"<p style=""color:white; font-size: 35px;"">君子</p>","positive","moral","君子",6,806,1228.95238095238,"e","false",NA,NA,NA,NA,"phase_015_subj_47"
9793,389,16,"<p style=""color:rgb(150, 250, 100); font-size: 35px;"">别人</p>","other","moral","别人",6,805,805,"i","true",NA,NA,NA,NA,"phase_015_subj_47"
9794,389,16,"<p style=""color:white; font-size: 35px;"">小人</p>","negative","moral","小人",6,836,836,"e","true",NA,NA,NA,NA,"phase_015_subj_47"
9795,389,16,"<p style=""color:rgb(150, 250, 100); font-size: 35px;"">本人的</p>","self","moral","本人的",6,529,529,"e","true",NA,NA,NA,NA,"phase_015_subj_47"
9796,389,17,"<p style=""color:white; font-size: 35px;"">正直</p>","positive","moral","正直",7,1016,1016,"i","true",NA,NA,NA,NA,"phase_015_subj_47"
9797,389,17,"<p style=""color:rgb(150, 250, 100); font-size: 35px;"">别人</p>","other","moral","别人",7,600,600,"i","true",NA,NA,NA,NA,"phase_015_subj_47"
9798,389,17,"<p style=""color:white; font-size: 35px;"">缺德</p>","negative","moral","缺德",7,645,645,"e","true",NA,NA,NA,NA,"phase_015_subj_47"
9799,389,17,"<p style=""color:rgb(150, 250, 100); font-size: 35px;"">我</p>","self","moral","我",7,371,371,"e","true",NA,NA,NA,NA,"phase_015_subj_47"
9800,389,17,"<p style=""color:white; font-size: 35px;"">高尚</p>","positive","moral","高尚",7,759,759,"i","true",NA,NA,NA,NA,"phase_015_subj_47"
9801,389,17,"<p style=""color:rgb(150, 250, 100); font-size: 35px;"">自己的</p>","self","moral","自己的",7,468,468,"e","true",NA,NA,NA,NA,"phase_015_subj_47"
9802,389,17,"<p style=""color:white; font-size: 35px;"">不孝</p>","negative","moral","不孝",7,808,808,"e","true",NA,NA,NA,NA,"phase_015_subj_47"
9803,389,17,"<p style=""color:rgb(150, 250, 100); font-size: 35px;"">他人</p>","other","moral","他人",7,506,506,"i","true",NA,NA,NA,NA,"phase_015_subj_47"
9804,389,17,"<p style=""color:white; font-size: 35px;"">君子</p>","positive","moral","君子",7,869,869,"i","true",NA,NA,NA,NA,"phase_015_subj_47"
9805,389,17,"<p style=""color:rgb(150, 250, 100); font-size: 35px;"">自己的</p>","self","moral","自己的",7,533,533,"e","true",NA,NA,NA,NA,"phase_015_subj_47"
9806,389,17,"<p style=""color:white; font-size: 35px;"">黑心</p>","negative","moral","黑心",7,504,504,"e","true",NA,NA,NA,NA,"phase_015_subj_47"
9807,389,17,"<p style=""color:rgb(150, 250, 100); font-size: 35px;"">他人的</p>","other","moral","他人的",7,418,418,"i","true",NA,NA,NA,NA,"phase_015_subj_47"
9808,389,17,"<p style=""color:white; font-size: 35px;"">高尚</p>","positive","moral","高尚",7,950,950,"i","true",NA,NA,NA,NA,"phase_015_subj_47"
9809,389,17,"<p style=""color:rgb(150, 250, 100); font-size: 35px;"">他人的</p>","other","moral","他人的",7,496,496,"i","true",NA,NA,NA,NA,"phase_015_subj_47"
9810,389,17,"<p style=""color:white; font-size: 35px;"">黑心</p>","negative","moral","黑心",7,639,639,"e","true",NA,NA,NA,NA,"phase_015_subj_47"
9811,389,17,"<p style=""color:rgb(150, 250, 100); font-size: 35px;"">本人</p>","self","moral","本人",7,480,480,"e","true",NA,NA,NA,NA,"phase_015_subj_47"
9812,389,17,"<p style=""color:white; font-size: 35px;"">善良</p>","positive","moral","善良",7,997,997,"i","true",NA,NA,NA,NA,"phase_015_subj_47"
9813,389,17,"<p style=""color:rgb(150, 250, 100); font-size: 35px;"">他的</p>","other","moral","他的",7,772,772,"i","true",NA,NA,NA,NA,"phase_015_subj_47"
9814,389,17,"<p style=""color:white; font-size: 35px;"">卑鄙</p>","negative","moral","卑鄙",7,681,681,"e","true",NA,NA,NA,NA,"phase_015_subj_47"
9815,389,17,"<p style=""color:rgb(150, 250, 100); font-size: 35px;"">自己</p>","self","moral","自己",7,632,632,"e","true",NA,NA,NA,NA,"phase_015_subj_47"
9816,389,17,"<p style=""color:white; font-size: 35px;"">不仁</p>","negative","moral","不仁",7,545,1226.15909090909,"i","false",NA,NA,NA,NA,"phase_015_subj_47"
9817,389,17,"<p style=""color:rgb(150, 250, 100); font-size: 35px;"">我的</p>","self","moral","我的",7,472,472,"e","true",NA,NA,NA,NA,"phase_015_subj_47"
9818,389,17,"<p style=""color:white; font-size: 35px;"">诚信</p>","positive","moral","诚信",7,519,519,"i","true",NA,NA,NA,NA,"phase_015_subj_47"
9819,389,17,"<p style=""color:rgb(150, 250, 100); font-size: 35px;"">别人的</p>","other","moral","别人的",7,751,751,"i","true",NA,NA,NA,NA,"phase_015_subj_47"
9820,389,17,"<p style=""color:white; font-size: 35px;"">正直</p>","positive","moral","正直",7,914,1226.15909090909,"e","false",NA,NA,NA,NA,"phase_015_subj_47"
9821,389,17,"<p style=""color:rgb(150, 250, 100); font-size: 35px;"">我</p>","self","moral","我",7,756,756,"e","true",NA,NA,NA,NA,"phase_015_subj_47"
9822,389,17,"<p style=""color:white; font-size: 35px;"">小人</p>","negative","moral","小人",7,587,587,"e","true",NA,NA,NA,NA,"phase_015_subj_47"
9823,389,17,"<p style=""color:rgb(150, 250, 100); font-size: 35px;"">别人的</p>","other","moral","别人的",7,497,497,"i","true",NA,NA,NA,NA,"phase_015_subj_47"
9824,389,17,"<p style=""color:white; font-size: 35px;"">善良</p>","positive","moral","善良",7,374,374,"i","true",NA,NA,NA,NA,"phase_015_subj_47"
9825,389,17,"<p style=""color:rgb(150, 250, 100); font-size: 35px;"">本人的</p>","self","moral","本人的",7,580,580,"e","true",NA,NA,NA,NA,"phase_015_subj_47"
9826,389,17,"<p style=""color:white; font-size: 35px;"">不孝</p>","negative","moral","不孝",7,736,736,"e","true",NA,NA,NA,NA,"phase_015_subj_47"
9827,389,17,"<p style=""color:rgb(150, 250, 100); font-size: 35px;"">他的</p>","other","moral","他的",7,516,516,"i","true",NA,NA,NA,NA,"phase_015_subj_47"
9828,389,17,"<p style=""color:white; font-size: 35px;"">君子</p>","positive","moral","君子",7,371,371,"i","true",NA,NA,NA,NA,"phase_015_subj_47"
9829,389,17,"<p style=""color:rgb(150, 250, 100); font-size: 35px;"">他</p>","other","moral","他",7,834,834,"i","true",NA,NA,NA,NA,"phase_015_subj_47"
9830,389,17,"<p style=""color:white; font-size: 35px;"">小人</p>","negative","moral","小人",7,1088,1088,"e","true",NA,NA,NA,NA,"phase_015_subj_47"
9831,389,17,"<p style=""color:rgb(150, 250, 100); font-size: 35px;"">本人的</p>","self","moral","本人的",7,414,414,"e","true",NA,NA,NA,NA,"phase_015_subj_47"
9832,389,17,"<p style=""color:white; font-size: 35px;"">廉正</p>","positive","moral","廉正",7,608,608,"i","true",NA,NA,NA,NA,"phase_015_subj_47"
9833,389,17,"<p style=""color:rgb(150, 250, 100); font-size: 35px;"">别人</p>","other","moral","别人",7,1331,1226.15909090909,"e","false",NA,NA,NA,NA,"phase_015_subj_47"
9834,389,17,"<p style=""color:white; font-size: 35px;"">缺德</p>","negative","moral","缺德",7,705,705,"e","true",NA,NA,NA,NA,"phase_015_subj_47"
9835,389,17,"<p style=""color:rgb(150, 250, 100); font-size: 35px;"">自己</p>","self","moral","自己",7,578,578,"e","true",NA,NA,NA,NA,"phase_015_subj_47"
9836,389,17,"<p style=""color:white; font-size: 35px;"">诚信</p>","positive","moral","诚信",7,720,720,"i","true",NA,NA,NA,NA,"phase_015_subj_47"
9837,389,17,"<p style=""color:rgb(150, 250, 100); font-size: 35px;"">他人</p>","other","moral","他人",7,558,558,"i","true",NA,NA,NA,NA,"phase_015_subj_47"
9838,389,17,"<p style=""color:white; font-size: 35px;"">不仁</p>","negative","moral","不仁",7,643,643,"e","true",NA,NA,NA,NA,"phase_015_subj_47"
9839,389,17,"<p style=""color:rgb(150, 250, 100); font-size: 35px;"">本人</p>","self","moral","本人",7,430,430,"e","true",NA,NA,NA,NA,"phase_015_subj_47"
9840,389,17,"<p style=""color:white; font-size: 35px;"">卑鄙</p>","negative","moral","卑鄙",7,501,1226.15909090909,"i","false",NA,NA,NA,NA,"phase_015_subj_47"
9841,389,17,"<p style=""color:rgb(150, 250, 100); font-size: 35px;"">我的</p>","self","moral","我的",7,743,743,"e","true",NA,NA,NA,NA,"phase_015_subj_47"
9842,389,17,"<p style=""color:white; font-size: 35px;"">廉正</p>","positive","moral","廉正",7,599,599,"i","true",NA,NA,NA,NA,"phase_015_subj_47"
9843,389,17,"<p style=""color:rgb(150, 250, 100); font-size: 35px;"">他</p>","other","moral","他",7,328,328,"i","true",NA,NA,NA,NA,"phase_015_subj_47"
9844,389,NA,"
    <h3>词语分类任务</h3>
    <p>在接下来的任务中，你需要对一系列词语进行分类。</p>
    <p>请先熟悉这些词语，这有利于你完成接下来的任务。</p>
    <table align=""center"" border=1 cellpadding=3 cellspacing=0>
    <tr> <th>类别</th> <th>词语</th> </tr>
    <tr> <td>&emsp;积极&emsp;</td> <td>&emsp;能干、全能、全才、高效、精干、天才&emsp;</td> </tr>
    <tr> <td>&emsp;消极&emsp;</td> <td>&emsp;无能、低能、废物、拙笨、愚钝、蠢笨&emsp;</td> </tr>
    <tr> <td>&emsp;自我&emsp;</td> <td>&emsp;我、我的、自己、自己的、本人、本人的&emsp;</td> </tr>
    <tr> <td>&emsp;他人&emsp;</td> <td>&emsp;他、他的、别人、别人的、他人、他人的&emsp;</td> </tr>
    </table><br/>","","","",NA,14071,NA,"0","",2,1,NA,NA,"phase_015_subj_47"
9845,389,1,"<p style=""color:rgb(150, 250, 100); font-size: 35px;"">自己的</p>","self","ability","自己的",1,429,429,"e","true",NA,NA,NA,NA,"phase_015_subj_47"
9846,389,1,"<p style=""color:rgb(150, 250, 100); font-size: 35px;"">他的</p>","other","ability","他的",1,298,298,"e","false",NA,NA,NA,NA,"phase_015_subj_47"
9847,389,1,"<p style=""color:rgb(150, 250, 100); font-size: 35px;"">本人</p>","self","ability","本人",1,399,399,"e","true",NA,NA,NA,NA,"phase_015_subj_47"
9848,389,1,"<p style=""color:rgb(150, 250, 100); font-size: 35px;"">自己</p>","self","ability","自己",1,503,503,"e","true",NA,NA,NA,NA,"phase_015_subj_47"
9849,389,1,"<p style=""color:rgb(150, 250, 100); font-size: 35px;"">我</p>","self","ability","我",1,528,528,"e","true",NA,NA,NA,NA,"phase_015_subj_47"
9850,389,1,"<p style=""color:rgb(150, 250, 100); font-size: 35px;"">他</p>","other","ability","他",1,352,352,"i","true",NA,NA,NA,NA,"phase_015_subj_47"
9851,389,1,"<p style=""color:rgb(150, 250, 100); font-size: 35px;"">别人的</p>","other","ability","别人的",1,433,433,"i","true",NA,NA,NA,NA,"phase_015_subj_47"
9852,389,1,"<p style=""color:rgb(150, 250, 100); font-size: 35px;"">别人</p>","other","ability","别人",1,433,433,"i","true",NA,NA,NA,NA,"phase_015_subj_47"
9853,389,1,"<p style=""color:rgb(150, 250, 100); font-size: 35px;"">他人的</p>","other","ability","他人的",1,450,450,"i","true",NA,NA,NA,NA,"phase_015_subj_47"
9854,389,1,"<p style=""color:rgb(150, 250, 100); font-size: 35px;"">我的</p>","self","ability","我的",1,544,544,"e","true",NA,NA,NA,NA,"phase_015_subj_47"
9855,389,1,"<p style=""color:rgb(150, 250, 100); font-size: 35px;"">他人</p>","other","ability","他人",1,402,402,"i","true",NA,NA,NA,NA,"phase_015_subj_47"
9856,389,1,"<p style=""color:rgb(150, 250, 100); font-size: 35px;"">本人的</p>","self","ability","本人的",1,757,757,"e","true",NA,NA,NA,NA,"phase_015_subj_47"
9857,389,2,"<p style=""color:white; font-size: 35px;"">愚钝</p>","negative","ability","愚钝",2,1734,1734,"e","true",NA,NA,NA,NA,"phase_015_subj_47"
9858,389,2,"<p style=""color:white; font-size: 35px;"">高效</p>","positive","ability","高效",2,538,538,"i","true",NA,NA,NA,NA,"phase_015_subj_47"
9859,389,2,"<p style=""color:white; font-size: 35px;"">蠢笨</p>","negative","ability","蠢笨",2,1234,1234,"i","false",NA,NA,NA,NA,"phase_015_subj_47"
9860,389,2,"<p style=""color:white; font-size: 35px;"">拙笨</p>","negative","ability","拙笨",2,636,636,"e","true",NA,NA,NA,NA,"phase_015_subj_47"
9861,389,2,"<p style=""color:white; font-size: 35px;"">低能</p>","negative","ability","低能",2,643,643,"e","true",NA,NA,NA,NA,"phase_015_subj_47"
9862,389,2,"<p style=""color:white; font-size: 35px;"">能干</p>","positive","ability","能干",2,472,472,"i","true",NA,NA,NA,NA,"phase_015_subj_47"
9863,389,2,"<p style=""color:white; font-size: 35px;"">精干</p>","positive","ability","精干",2,642,642,"i","true",NA,NA,NA,NA,"phase_015_subj_47"
9864,389,2,"<p style=""color:white; font-size: 35px;"">全才</p>","positive","ability","全才",2,504,504,"i","true",NA,NA,NA,NA,"phase_015_subj_47"
9865,389,2,"<p style=""color:white; font-size: 35px;"">全能</p>","positive","ability","全能",2,392,392,"i","true",NA,NA,NA,NA,"phase_015_subj_47"
9866,389,2,"<p style=""color:white; font-size: 35px;"">无能</p>","negative","ability","无能",2,554,554,"e","true",NA,NA,NA,NA,"phase_015_subj_47"
9867,389,2,"<p style=""color:white; font-size: 35px;"">废物</p>","negative","ability","废物",2,503,503,"e","true",NA,NA,NA,NA,"phase_015_subj_47"
9868,389,2,"<p style=""color:white; font-size: 35px;"">天才</p>","positive","ability","天才",2,556,556,"i","true",NA,NA,NA,NA,"phase_015_subj_47"
9869,389,3,"<p style=""color:rgb(150, 250, 100); font-size: 35px;"">他人的</p>","other","ability","他人的",3,658,658,"i","true",NA,NA,NA,NA,"phase_015_subj_47"
9870,389,3,"<p style=""color:white; font-size: 35px;"">高效</p>","positive","ability","高效",3,1105,1105,"i","true",NA,NA,NA,NA,"phase_015_subj_47"
9871,389,3,"<p style=""color:rgb(150, 250, 100); font-size: 35px;"">我的</p>","self","ability","我的",3,523,523,"e","true",NA,NA,NA,NA,"phase_015_subj_47"
9872,389,3,"<p style=""color:white; font-size: 35px;"">无能</p>","negative","ability","无能",3,346,346,"e","true",NA,NA,NA,NA,"phase_015_subj_47"
9873,389,3,"<p style=""color:rgb(150, 250, 100); font-size: 35px;"">自己的</p>","self","ability","自己的",3,736,736,"e","true",NA,NA,NA,NA,"phase_015_subj_47"
9874,389,3,"<p style=""color:white; font-size: 35px;"">全才</p>","positive","ability","全才",3,735,735,"i","true",NA,NA,NA,NA,"phase_015_subj_47"
9875,389,3,"<p style=""color:rgb(150, 250, 100); font-size: 35px;"">别人的</p>","other","ability","别人的",3,563,563,"i","true",NA,NA,NA,NA,"phase_015_subj_47"
9876,389,3,"<p style=""color:white; font-size: 35px;"">拙笨</p>","negative","ability","拙笨",3,580,580,"e","true",NA,NA,NA,NA,"phase_015_subj_47"
9877,389,3,"<p style=""color:rgb(150, 250, 100); font-size: 35px;"">别人</p>","other","ability","别人",3,691,691,"i","true",NA,NA,NA,NA,"phase_015_subj_47"
9878,389,3,"<p style=""color:white; font-size: 35px;"">天才</p>","positive","ability","天才",3,569,569,"i","true",NA,NA,NA,NA,"phase_015_subj_47"
9879,389,3,"<p style=""color:rgb(150, 250, 100); font-size: 35px;"">本人的</p>","self","ability","本人的",3,540,540,"e","true",NA,NA,NA,NA,"phase_015_subj_47"
9880,389,3,"<p style=""color:white; font-size: 35px;"">废物</p>","negative","ability","废物",3,607,607,"e","true",NA,NA,NA,NA,"phase_015_subj_47"
9881,389,3,"<p style=""color:rgb(150, 250, 100); font-size: 35px;"">本人</p>","self","ability","本人",3,581,581,"e","true",NA,NA,NA,NA,"phase_015_subj_47"
9882,389,3,"<p style=""color:white; font-size: 35px;"">能干</p>","positive","ability","能干",3,698,698,"i","true",NA,NA,NA,NA,"phase_015_subj_47"
9883,389,3,"<p style=""color:rgb(150, 250, 100); font-size: 35px;"">他</p>","other","ability","他",3,506,506,"i","true",NA,NA,NA,NA,"phase_015_subj_47"
9884,389,3,"<p style=""color:white; font-size: 35px;"">低能</p>","negative","ability","低能",3,765,765,"e","true",NA,NA,NA,NA,"phase_015_subj_47"
9885,389,3,"<p style=""color:rgb(150, 250, 100); font-size: 35px;"">他的</p>","other","ability","他的",3,576,576,"i","true",NA,NA,NA,NA,"phase_015_subj_47"
9886,389,3,"<p style=""color:white; font-size: 35px;"">愚钝</p>","negative","ability","愚钝",3,786,786,"e","true",NA,NA,NA,NA,"phase_015_subj_47"
9887,389,3,"<p style=""color:rgb(150, 250, 100); font-size: 35px;"">自己</p>","self","ability","自己",3,530,530,"e","true",NA,NA,NA,NA,"phase_015_subj_47"
9888,389,3,"<p style=""color:white; font-size: 35px;"">精干</p>","positive","ability","精干",3,447,447,"i","true",NA,NA,NA,NA,"phase_015_subj_47"
9889,389,3,"<p style=""color:rgb(150, 250, 100); font-size: 35px;"">他人</p>","other","ability","他人",3,539,539,"i","true",NA,NA,NA,NA,"phase_015_subj_47"
9890,389,3,"<p style=""color:white; font-size: 35px;"">全能</p>","positive","ability","全能",3,630,630,"i","true",NA,NA,NA,NA,"phase_015_subj_47"
9891,389,3,"<p style=""color:rgb(150, 250, 100); font-size: 35px;"">我</p>","self","ability","我",3,651,651,"e","true",NA,NA,NA,NA,"phase_015_subj_47"
9892,389,3,"<p style=""color:white; font-size: 35px;"">蠢笨</p>","negative","ability","蠢笨",3,424,424,"e","true",NA,NA,NA,NA,"phase_015_subj_47"
9893,389,4,"<p style=""color:rgb(150, 250, 100); font-size: 35px;"">别人的</p>","other","ability","别人的",4,515,515,"i","true",NA,NA,NA,NA,"phase_015_subj_47"
9894,389,4,"<p style=""color:white; font-size: 35px;"">全才</p>","positive","ability","全才",4,584,584,"i","true",NA,NA,NA,NA,"phase_015_subj_47"
9895,389,4,"<p style=""color:rgb(150, 250, 100); font-size: 35px;"">自己</p>","self","ability","自己",4,759,1320.11627906977,"i","false",NA,NA,NA,NA,"phase_015_subj_47"
9896,389,4,"<p style=""color:white; font-size: 35px;"">废物</p>","negative","ability","废物",4,516,516,"e","true",NA,NA,NA,NA,"phase_015_subj_47"
9897,389,4,"<p style=""color:rgb(150, 250, 100); font-size: 35px;"">他人的</p>","other","ability","他人的",4,505,505,"i","true",NA,NA,NA,NA,"phase_015_subj_47"
9898,389,4,"<p style=""color:white; font-size: 35px;"">高效</p>","positive","ability","高效",4,712,712,"i","true",NA,NA,NA,NA,"phase_015_subj_47"
9899,389,4,"<p style=""color:rgb(150, 250, 100); font-size: 35px;"">我</p>","self","ability","我",4,509,509,"e","true",NA,NA,NA,NA,"phase_015_subj_47"
9900,389,4,"<p style=""color:white; font-size: 35px;"">愚钝</p>","negative","ability","愚钝",4,453,453,"e","true",NA,NA,NA,NA,"phase_015_subj_47"
9901,389,4,"<p style=""color:rgb(150, 250, 100); font-size: 35px;"">他</p>","other","ability","他",4,520,520,"i","true",NA,NA,NA,NA,"phase_015_subj_47"
9902,389,4,"<p style=""color:white; font-size: 35px;"">蠢笨</p>","negative","ability","蠢笨",4,551,551,"e","true",NA,NA,NA,NA,"phase_015_subj_47"
9903,389,4,"<p style=""color:rgb(150, 250, 100); font-size: 35px;"">我的</p>","self","ability","我的",4,668,668,"e","true",NA,NA,NA,NA,"phase_015_subj_47"
9904,389,4,"<p style=""color:white; font-size: 35px;"">天才</p>","positive","ability","天才",4,434,434,"i","true",NA,NA,NA,NA,"phase_015_subj_47"
9905,389,4,"<p style=""color:rgb(150, 250, 100); font-size: 35px;"">本人的</p>","self","ability","本人的",4,733,733,"e","true",NA,NA,NA,NA,"phase_015_subj_47"
9906,389,4,"<p style=""color:white; font-size: 35px;"">蠢笨</p>","negative","ability","蠢笨",4,681,681,"e","true",NA,NA,NA,NA,"phase_015_subj_47"
9907,389,4,"<p style=""color:rgb(150, 250, 100); font-size: 35px;"">他人</p>","other","ability","他人",4,555,555,"i","true",NA,NA,NA,NA,"phase_015_subj_47"
9908,389,4,"<p style=""color:white; font-size: 35px;"">能干</p>","positive","ability","能干",4,462,462,"i","true",NA,NA,NA,NA,"phase_015_subj_47"
9909,389,4,"<p style=""color:rgb(150, 250, 100); font-size: 35px;"">别人</p>","other","ability","别人",4,974,974,"i","true",NA,NA,NA,NA,"phase_015_subj_47"
9910,389,4,"<p style=""color:white; font-size: 35px;"">无能</p>","negative","ability","无能",4,858,858,"e","true",NA,NA,NA,NA,"phase_015_subj_47"
9911,389,4,"<p style=""color:rgb(150, 250, 100); font-size: 35px;"">自己</p>","self","ability","自己",4,1143,1143,"e","true",NA,NA,NA,NA,"phase_015_subj_47"
9912,389,4,"<p style=""color:white; font-size: 35px;"">全才</p>","positive","ability","全才",4,566,566,"i","true",NA,NA,NA,NA,"phase_015_subj_47"
9913,389,4,"<p style=""color:rgb(150, 250, 100); font-size: 35px;"">别人</p>","other","ability","别人",4,745,745,"i","true",NA,NA,NA,NA,"phase_015_subj_47"
9914,389,4,"<p style=""color:white; font-size: 35px;"">无能</p>","negative","ability","无能",4,548,548,"e","true",NA,NA,NA,NA,"phase_015_subj_47"
9915,389,4,"<p style=""color:rgb(150, 250, 100); font-size: 35px;"">本人</p>","self","ability","本人",4,567,567,"e","true",NA,NA,NA,NA,"phase_015_subj_47"
9916,389,4,"<p style=""color:white; font-size: 35px;"">精干</p>","positive","ability","精干",4,645,645,"i","true",NA,NA,NA,NA,"phase_015_subj_47"
9917,389,4,"<p style=""color:rgb(150, 250, 100); font-size: 35px;"">本人</p>","self","ability","本人",4,531,531,"e","true",NA,NA,NA,NA,"phase_015_subj_47"
9918,389,4,"<p style=""color:white; font-size: 35px;"">拙笨</p>","negative","ability","拙笨",4,792,792,"e","true",NA,NA,NA,NA,"phase_015_subj_47"
9919,389,4,"<p style=""color:rgb(150, 250, 100); font-size: 35px;"">他的</p>","other","ability","他的",4,754,754,"i","true",NA,NA,NA,NA,"phase_015_subj_47"
9920,389,4,"<p style=""color:white; font-size: 35px;"">能干</p>","positive","ability","能干",4,1314,1314,"i","true",NA,NA,NA,NA,"phase_015_subj_47"
9921,389,4,"<p style=""color:rgb(150, 250, 100); font-size: 35px;"">他人的</p>","other","ability","他人的",4,615,615,"i","true",NA,NA,NA,NA,"phase_015_subj_47"
9922,389,4,"<p style=""color:white; font-size: 35px;"">天才</p>","positive","ability","天才",4,1313,1313,"i","true",NA,NA,NA,NA,"phase_015_subj_47"
9923,389,4,"<p style=""color:rgb(150, 250, 100); font-size: 35px;"">自己的</p>","self","ability","自己的",4,756,756,"e","true",NA,NA,NA,NA,"phase_015_subj_47"
9924,389,4,"<p style=""color:white; font-size: 35px;"">低能</p>","negative","ability","低能",4,662,662,"e","true",NA,NA,NA,NA,"phase_015_subj_47"
9925,389,4,"<p style=""color:rgb(150, 250, 100); font-size: 35px;"">本人的</p>","self","ability","本人的",4,977,1320.11627906977,"i","false",NA,NA,NA,NA,"phase_015_subj_47"
9926,389,4,"<p style=""color:white; font-size: 35px;"">愚钝</p>","negative","ability","愚钝",4,979,979,"e","true",NA,NA,NA,NA,"phase_015_subj_47"
9927,389,4,"<p style=""color:rgb(150, 250, 100); font-size: 35px;"">别人的</p>","other","ability","别人的",4,629,629,"i","true",NA,NA,NA,NA,"phase_015_subj_47"
9928,389,4,"<p style=""color:white; font-size: 35px;"">精干</p>","positive","ability","精干",4,1203,1320.11627906977,"e","false",NA,NA,NA,NA,"phase_015_subj_47"
9929,389,4,"<p style=""color:rgb(150, 250, 100); font-size: 35px;"">我</p>","self","ability","我",4,847,847,"e","true",NA,NA,NA,NA,"phase_015_subj_47"
9930,389,4,"<p style=""color:white; font-size: 35px;"">废物</p>","negative","ability","废物",4,933,933,"e","true",NA,NA,NA,NA,"phase_015_subj_47"
9931,389,4,"<p style=""color:rgb(150, 250, 100); font-size: 35px;"">他的</p>","other","ability","他的",4,536,536,"i","true",NA,NA,NA,NA,"phase_015_subj_47"
9932,389,4,"<p style=""color:white; font-size: 35px;"">全能</p>","positive","ability","全能",4,779,779,"i","true",NA,NA,NA,NA,"phase_015_subj_47"
9933,389,4,"<p style=""color:rgb(150, 250, 100); font-size: 35px;"">自己的</p>","self","ability","自己的",4,544,544,"e","true",NA,NA,NA,NA,"phase_015_subj_47"
9934,389,4,"<p style=""color:white; font-size: 35px;"">全能</p>","positive","ability","全能",4,2933,1320.11627906977,"e","false",NA,NA,NA,NA,"phase_015_subj_47"
9935,389,4,"<p style=""color:rgb(150, 250, 100); font-size: 35px;"">他人</p>","other","ability","他人",4,1050,1050,"i","true",NA,NA,NA,NA,"phase_015_subj_47"
9936,389,4,"<p style=""color:white; font-size: 35px;"">拙笨</p>","negative","ability","拙笨",4,1693,1693,"e","true",NA,NA,NA,NA,"phase_015_subj_47"
9937,389,4,"<p style=""color:rgb(150, 250, 100); font-size: 35px;"">我的</p>","self","ability","我的",4,782,782,"e","true",NA,NA,NA,NA,"phase_015_subj_47"
9938,389,4,"<p style=""color:white; font-size: 35px;"">高效</p>","positive","ability","高效",4,914,1320.11627906977,"e","false",NA,NA,NA,NA,"phase_015_subj_47"
9939,389,4,"<p style=""color:rgb(150, 250, 100); font-size: 35px;"">他</p>","other","ability","他",4,538,538,"i","true",NA,NA,NA,NA,"phase_015_subj_47"
9940,389,4,"<p style=""color:white; font-size: 35px;"">低能</p>","negative","ability","低能",4,474,474,"e","true",NA,NA,NA,NA,"phase_015_subj_47"
9941,389,5,"<p style=""color:rgb(150, 250, 100); font-size: 35px;"">他人的</p>","other","ability","他人的",5,934,934,"e","true",NA,NA,NA,NA,"phase_015_subj_47"
9942,389,5,"<p style=""color:rgb(150, 250, 100); font-size: 35px;"">我的</p>","self","ability","我的",5,510,510,"i","true",NA,NA,NA,NA,"phase_015_subj_47"
9943,389,5,"<p style=""color:rgb(150, 250, 100); font-size: 35px;"">自己的</p>","self","ability","自己的",5,628,628,"i","true",NA,NA,NA,NA,"phase_015_subj_47"
9944,389,5,"<p style=""color:rgb(150, 250, 100); font-size: 35px;"">他</p>","other","ability","他",5,537,537,"e","true",NA,NA,NA,NA,"phase_015_subj_47"
9945,389,5,"<p style=""color:rgb(150, 250, 100); font-size: 35px;"">别人的</p>","other","ability","别人的",5,1048,1048,"i","false",NA,NA,NA,NA,"phase_015_subj_47"
9946,389,5,"<p style=""color:rgb(150, 250, 100); font-size: 35px;"">本人</p>","self","ability","本人",5,865,865,"i","true",NA,NA,NA,NA,"phase_015_subj_47"
9947,389,5,"<p style=""color:rgb(150, 250, 100); font-size: 35px;"">他</p>","other","ability","他",5,758,758,"e","true",NA,NA,NA,NA,"phase_015_subj_47"
9948,389,5,"<p style=""color:rgb(150, 250, 100); font-size: 35px;"">自己</p>","self","ability","自己",5,550,550,"i","true",NA,NA,NA,NA,"phase_015_subj_47"
9949,389,5,"<p style=""color:rgb(150, 250, 100); font-size: 35px;"">本人的</p>","self","ability","本人的",5,644,644,"e","false",NA,NA,NA,NA,"phase_015_subj_47"
9950,389,5,"<p style=""color:rgb(150, 250, 100); font-size: 35px;"">我</p>","self","ability","我",5,1017,1017,"i","true",NA,NA,NA,NA,"phase_015_subj_47"
9951,389,5,"<p style=""color:rgb(150, 250, 100); font-size: 35px;"">他人的</p>","other","ability","他人的",5,994,994,"e","true",NA,NA,NA,NA,"phase_015_subj_47"
9952,389,5,"<p style=""color:rgb(150, 250, 100); font-size: 35px;"">自己的</p>","self","ability","自己的",5,610,610,"i","true",NA,NA,NA,NA,"phase_015_subj_47"
9953,389,5,"<p style=""color:rgb(150, 250, 100); font-size: 35px;"">我的</p>","self","ability","我的",5,1094,1094,"i","true",NA,NA,NA,NA,"phase_015_subj_47"
9954,389,5,"<p style=""color:rgb(150, 250, 100); font-size: 35px;"">我</p>","self","ability","我",5,524,524,"i","true",NA,NA,NA,NA,"phase_015_subj_47"
9955,389,5,"<p style=""color:rgb(150, 250, 100); font-size: 35px;"">他人</p>","other","ability","他人",5,699,699,"e","true",NA,NA,NA,NA,"phase_015_subj_47"
9956,389,5,"<p style=""color:rgb(150, 250, 100); font-size: 35px;"">别人的</p>","other","ability","别人的",5,555,555,"e","true",NA,NA,NA,NA,"phase_015_subj_47"
9957,389,5,"<p style=""color:rgb(150, 250, 100); font-size: 35px;"">本人</p>","self","ability","本人",5,587,587,"i","true",NA,NA,NA,NA,"phase_015_subj_47"
9958,389,5,"<p style=""color:rgb(150, 250, 100); font-size: 35px;"">自己</p>","self","ability","自己",5,608,608,"i","true",NA,NA,NA,NA,"phase_015_subj_47"
9959,389,5,"<p style=""color:rgb(150, 250, 100); font-size: 35px;"">他的</p>","other","ability","他的",5,613,613,"e","true",NA,NA,NA,NA,"phase_015_subj_47"
9960,389,5,"<p style=""color:rgb(150, 250, 100); font-size: 35px;"">本人的</p>","self","ability","本人的",5,613,613,"i","true",NA,NA,NA,NA,"phase_015_subj_47"
9961,389,5,"<p style=""color:rgb(150, 250, 100); font-size: 35px;"">别人</p>","other","ability","别人",5,1342,1342,"e","true",NA,NA,NA,NA,"phase_015_subj_47"
9962,389,5,"<p style=""color:rgb(150, 250, 100); font-size: 35px;"">他人</p>","other","ability","他人",5,720,720,"e","true",NA,NA,NA,NA,"phase_015_subj_47"
9963,389,5,"<p style=""color:rgb(150, 250, 100); font-size: 35px;"">别人</p>","other","ability","别人",5,666,666,"e","true",NA,NA,NA,NA,"phase_015_subj_47"
9964,389,5,"<p style=""color:rgb(150, 250, 100); font-size: 35px;"">他的</p>","other","ability","他的",5,488,488,"e","true",NA,NA,NA,NA,"phase_015_subj_47"
9965,389,6,"<p style=""color:white; font-size: 35px;"">拙笨</p>","negative","ability","拙笨",6,981,981,"e","true",NA,NA,NA,NA,"phase_015_subj_47"
9966,389,6,"<p style=""color:rgb(150, 250, 100); font-size: 35px;"">他人</p>","other","ability","他人",6,680,680,"e","true",NA,NA,NA,NA,"phase_015_subj_47"
9967,389,6,"<p style=""color:white; font-size: 35px;"">高效</p>","positive","ability","高效",6,594,594,"i","true",NA,NA,NA,NA,"phase_015_subj_47"
9968,389,6,"<p style=""color:rgb(150, 250, 100); font-size: 35px;"">我的</p>","self","ability","我的",6,322,322,"i","true",NA,NA,NA,NA,"phase_015_subj_47"
9969,389,6,"<p style=""color:white; font-size: 35px;"">废物</p>","negative","ability","废物",6,460,460,"e","true",NA,NA,NA,NA,"phase_015_subj_47"
9970,389,6,"<p style=""color:rgb(150, 250, 100); font-size: 35px;"">他的</p>","other","ability","他的",6,343,343,"e","true",NA,NA,NA,NA,"phase_015_subj_47"
9971,389,6,"<p style=""color:white; font-size: 35px;"">全才</p>","positive","ability","全才",6,465,1278.40909090909,"e","false",NA,NA,NA,NA,"phase_015_subj_47"
9972,389,6,"<p style=""color:rgb(150, 250, 100); font-size: 35px;"">自己</p>","self","ability","自己",6,440,440,"i","true",NA,NA,NA,NA,"phase_015_subj_47"
9973,389,6,"<p style=""color:white; font-size: 35px;"">低能</p>","negative","ability","低能",6,520,520,"e","true",NA,NA,NA,NA,"phase_015_subj_47"
9974,389,6,"<p style=""color:rgb(150, 250, 100); font-size: 35px;"">本人的</p>","self","ability","本人的",6,657,657,"i","true",NA,NA,NA,NA,"phase_015_subj_47"
9975,389,6,"<p style=""color:white; font-size: 35px;"">全能</p>","positive","ability","全能",6,1025,1025,"i","true",NA,NA,NA,NA,"phase_015_subj_47"
9976,389,6,"<p style=""color:rgb(150, 250, 100); font-size: 35px;"">别人</p>","other","ability","别人",6,274,1278.40909090909,"i","false",NA,NA,NA,NA,"phase_015_subj_47"
9977,389,6,"<p style=""color:white; font-size: 35px;"">天才</p>","positive","ability","天才",6,1490,1490,"i","true",NA,NA,NA,NA,"phase_015_subj_47"
9978,389,6,"<p style=""color:rgb(150, 250, 100); font-size: 35px;"">自己的</p>","self","ability","自己的",6,503,503,"i","true",NA,NA,NA,NA,"phase_015_subj_47"
9979,389,6,"<p style=""color:white; font-size: 35px;"">无能</p>","negative","ability","无能",6,591,591,"e","true",NA,NA,NA,NA,"phase_015_subj_47"
9980,389,6,"<p style=""color:rgb(150, 250, 100); font-size: 35px;"">他</p>","other","ability","他",6,388,388,"e","true",NA,NA,NA,NA,"phase_015_subj_47"
9981,389,6,"<p style=""color:white; font-size: 35px;"">精干</p>","positive","ability","精干",6,638,638,"i","true",NA,NA,NA,NA,"phase_015_subj_47"
9982,389,6,"<p style=""color:rgb(150, 250, 100); font-size: 35px;"">他人的</p>","other","ability","他人的",6,490,490,"e","true",NA,NA,NA,NA,"phase_015_subj_47"
9983,389,6,"<p style=""color:white; font-size: 35px;"">蠢笨</p>","negative","ability","蠢笨",6,1510,1510,"e","true",NA,NA,NA,NA,"phase_015_subj_47"
9984,389,6,"<p style=""color:rgb(150, 250, 100); font-size: 35px;"">本人</p>","self","ability","本人",6,510,510,"i","true",NA,NA,NA,NA,"phase_015_subj_47"
9985,389,6,"<p style=""color:white; font-size: 35px;"">能干</p>","positive","ability","能干",6,739,739,"i","true",NA,NA,NA,NA,"phase_015_subj_47"
9986,389,6,"<p style=""color:rgb(150, 250, 100); font-size: 35px;"">别人的</p>","other","ability","别人的",6,576,576,"e","true",NA,NA,NA,NA,"phase_015_subj_47"
9987,389,6,"<p style=""color:white; font-size: 35px;"">愚钝</p>","negative","ability","愚钝",6,948,948,"e","true",NA,NA,NA,NA,"phase_015_subj_47"
9988,389,6,"<p style=""color:rgb(150, 250, 100); font-size: 35px;"">我</p>","self","ability","我",6,520,520,"i","true",NA,NA,NA,NA,"phase_015_subj_47"
9989,389,7,"<p style=""color:white; font-size: 35px;"">拙笨</p>","negative","ability","拙笨",7,610,610,"e","true",NA,NA,NA,NA,"phase_015_subj_47"
9990,389,7,"<p style=""color:rgb(150, 250, 100); font-size: 35px;"">别人</p>","other","ability","别人",7,596,596,"e","true",NA,NA,NA,NA,"phase_015_subj_47"
9991,389,7,"<p style=""color:white; font-size: 35px;"">精干</p>","positive","ability","精干",7,681,681,"i","true",NA,NA,NA,NA,"phase_015_subj_47"
9992,389,7,"<p style=""color:rgb(150, 250, 100); font-size: 35px;"">自己</p>","self","ability","自己",7,621,621,"i","true",NA,NA,NA,NA,"phase_015_subj_47"
9993,389,7,"<p style=""color:white; font-size: 35px;"">能干</p>","positive","ability","能干",7,610,610,"i","true",NA,NA,NA,NA,"phase_015_subj_47"
9994,389,7,"<p style=""color:rgb(150, 250, 100); font-size: 35px;"">本人</p>","self","ability","本人",7,513,513,"i","true",NA,NA,NA,NA,"phase_015_subj_47"
9995,389,7,"<p style=""color:white; font-size: 35px;"">无能</p>","negative","ability","无能",7,512,512,"e","true",NA,NA,NA,NA,"phase_015_subj_47"
9996,389,7,"<p style=""color:rgb(150, 250, 100); font-size: 35px;"">他人的</p>","other","ability","他人的",7,446,446,"e","true",NA,NA,NA,NA,"phase_015_subj_47"
9997,389,7,"<p style=""color:white; font-size: 35px;"">天才</p>","positive","ability","天才",7,710,710,"i","true",NA,NA,NA,NA,"phase_015_subj_47"
9998,389,7,"<p style=""color:rgb(150, 250, 100); font-size: 35px;"">别人的</p>","other","ability","别人的",7,529,529,"e","true",NA,NA,NA,NA,"phase_015_subj_47"
9999,389,7,"<p style=""color:white; font-size: 35px;"">低能</p>","negative","ability","低能",7,616,616,"e","true",NA,NA,NA,NA,"phase_015_subj_47"
10000,389,7,"<p style=""color:rgb(150, 250, 100); font-size: 35px;"">本人的</p>","self","ability","本人的",7,608,608,"i","true",NA,NA,NA,NA,"phase_015_subj_47"
10001,389,7,"<p style=""color:white; font-size: 35px;"">高效</p>","positive","ability","高效",7,748,1216.58695652174,"e","false",NA,NA,NA,NA,"phase_015_subj_47"
10002,389,7,"<p style=""color:rgb(150, 250, 100); font-size: 35px;"">他人的</p>","other","ability","他人的",7,582,582,"e","true",NA,NA,NA,NA,"phase_015_subj_47"
10003,389,7,"<p style=""color:white; font-size: 35px;"">废物</p>","negative","ability","废物",7,714,714,"e","true",NA,NA,NA,NA,"phase_015_subj_47"
10004,389,7,"<p style=""color:rgb(150, 250, 100); font-size: 35px;"">自己</p>","self","ability","自己",7,532,532,"i","true",NA,NA,NA,NA,"phase_015_subj_47"
10005,389,7,"<p style=""color:white; font-size: 35px;"">高效</p>","positive","ability","高效",7,1460,1460,"i","true",NA,NA,NA,NA,"phase_015_subj_47"
10006,389,7,"<p style=""color:rgb(150, 250, 100); font-size: 35px;"">他的</p>","other","ability","他的",7,564,564,"e","true",NA,NA,NA,NA,"phase_015_subj_47"
10007,389,7,"<p style=""color:white; font-size: 35px;"">蠢笨</p>","negative","ability","蠢笨",7,902,902,"e","true",NA,NA,NA,NA,"phase_015_subj_47"
10008,389,7,"<p style=""color:rgb(150, 250, 100); font-size: 35px;"">本人的</p>","self","ability","本人的",7,531,531,"i","true",NA,NA,NA,NA,"phase_015_subj_47"
10009,389,7,"<p style=""color:white; font-size: 35px;"">废物</p>","negative","ability","废物",7,616,616,"e","true",NA,NA,NA,NA,"phase_015_subj_47"
10010,389,7,"<p style=""color:rgb(150, 250, 100); font-size: 35px;"">我的</p>","self","ability","我的",7,478,478,"i","true",NA,NA,NA,NA,"phase_015_subj_47"
10011,389,7,"<p style=""color:white; font-size: 35px;"">全才</p>","positive","ability","全才",7,622,622,"i","true",NA,NA,NA,NA,"phase_015_subj_47"
10012,389,7,"<p style=""color:rgb(150, 250, 100); font-size: 35px;"">他人</p>","other","ability","他人",7,432,432,"e","true",NA,NA,NA,NA,"phase_015_subj_47"
10013,389,7,"<p style=""color:white; font-size: 35px;"">拙笨</p>","negative","ability","拙笨",7,807,807,"e","true",NA,NA,NA,NA,"phase_015_subj_47"
10014,389,7,"<p style=""color:rgb(150, 250, 100); font-size: 35px;"">他的</p>","other","ability","他的",7,675,675,"e","true",NA,NA,NA,NA,"phase_015_subj_47"
10015,389,7,"<p style=""color:white; font-size: 35px;"">全才</p>","positive","ability","全才",7,620,620,"i","true",NA,NA,NA,NA,"phase_015_subj_47"
10016,389,7,"<p style=""color:rgb(150, 250, 100); font-size: 35px;"">我的</p>","self","ability","我的",7,788,788,"i","true",NA,NA,NA,NA,"phase_015_subj_47"
10017,389,7,"<p style=""color:white; font-size: 35px;"">精干</p>","positive","ability","精干",7,656,656,"i","true",NA,NA,NA,NA,"phase_015_subj_47"
10018,389,7,"<p style=""color:rgb(150, 250, 100); font-size: 35px;"">本人</p>","self","ability","本人",7,545,545,"i","true",NA,NA,NA,NA,"phase_015_subj_47"
10019,389,7,"<p style=""color:white; font-size: 35px;"">低能</p>","negative","ability","低能",7,458,458,"e","true",NA,NA,NA,NA,"phase_015_subj_47"
10020,389,7,"<p style=""color:rgb(150, 250, 100); font-size: 35px;"">他人</p>","other","ability","他人",7,634,634,"e","true",NA,NA,NA,NA,"phase_015_subj_47"
10021,389,7,"<p style=""color:white; font-size: 35px;"">全能</p>","positive","ability","全能",7,1010,1010,"i","true",NA,NA,NA,NA,"phase_015_subj_47"
10022,389,7,"<p style=""color:rgb(150, 250, 100); font-size: 35px;"">我</p>","self","ability","我",7,507,507,"i","true",NA,NA,NA,NA,"phase_015_subj_47"
10023,389,7,"<p style=""color:white; font-size: 35px;"">蠢笨</p>","negative","ability","蠢笨",7,485,485,"e","true",NA,NA,NA,NA,"phase_015_subj_47"
10024,389,7,"<p style=""color:rgb(150, 250, 100); font-size: 35px;"">别人</p>","other","ability","别人",7,355,355,"e","true",NA,NA,NA,NA,"phase_015_subj_47"
10025,389,7,"<p style=""color:white; font-size: 35px;"">无能</p>","negative","ability","无能",7,574,574,"e","true",NA,NA,NA,NA,"phase_015_subj_47"
10026,389,7,"<p style=""color:rgb(150, 250, 100); font-size: 35px;"">他</p>","other","ability","他",7,685,685,"e","true",NA,NA,NA,NA,"phase_015_subj_47"
10027,389,7,"<p style=""color:white; font-size: 35px;"">能干</p>","positive","ability","能干",7,1019,1019,"i","true",NA,NA,NA,NA,"phase_015_subj_47"
10028,389,7,"<p style=""color:rgb(150, 250, 100); font-size: 35px;"">自己的</p>","self","ability","自己的",7,514,514,"i","true",NA,NA,NA,NA,"phase_015_subj_47"
10029,389,7,"<p style=""color:white; font-size: 35px;"">愚钝</p>","negative","ability","愚钝",7,721,721,"e","true",NA,NA,NA,NA,"phase_015_subj_47"
10030,389,7,"<p style=""color:rgb(150, 250, 100); font-size: 35px;"">他</p>","other","ability","他",7,588,1216.58695652174,"i","false",NA,NA,NA,NA,"phase_015_subj_47"
10031,389,7,"<p style=""color:white; font-size: 35px;"">天才</p>","positive","ability","天才",7,486,486,"i","true",NA,NA,NA,NA,"phase_015_subj_47"
10032,389,7,"<p style=""color:rgb(150, 250, 100); font-size: 35px;"">我</p>","self","ability","我",7,530,530,"i","true",NA,NA,NA,NA,"phase_015_subj_47"
10033,389,7,"<p style=""color:white; font-size: 35px;"">愚钝</p>","negative","ability","愚钝",7,479,479,"e","true",NA,NA,NA,NA,"phase_015_subj_47"
10034,389,7,"<p style=""color:rgb(150, 250, 100); font-size: 35px;"">自己的</p>","self","ability","自己的",7,465,465,"i","true",NA,NA,NA,NA,"phase_015_subj_47"
10035,389,7,"<p style=""color:white; font-size: 35px;"">全能</p>","positive","ability","全能",7,466,466,"i","true",NA,NA,NA,NA,"phase_015_subj_47"
10036,389,7,"<p style=""color:rgb(150, 250, 100); font-size: 35px;"">别人的</p>","other","ability","别人的",7,399,399,"e","true",NA,NA,NA,NA,"phase_015_subj_47"
10037,375,NA,"
    <h3>词语分类任务</h3>
    <p>在接下来的任务中，你需要对一系列词语进行分类。</p>
    <p>请先熟悉这些词语，这有利于你完成接下来的任务。</p>
    <table align=""center"" border=1 cellpadding=3 cellspacing=0>
    <tr> <th>类别</th> <th>词语</th> </tr>
    <tr> <td>&emsp;积极&emsp;</td> <td>&emsp;能干、全能、全才、高效、精干、天才&emsp;</td> </tr>
    <tr> <td>&emsp;消极&emsp;</td> <td>&emsp;无能、低能、废物、拙笨、愚钝、蠢笨&emsp;</td> </tr>
    <tr> <td>&emsp;自我&emsp;</td> <td>&emsp;我、我的、自己、自己的、本人、本人的&emsp;</td> </tr>
    <tr> <td>&emsp;他人&emsp;</td> <td>&emsp;他、他的、别人、别人的、他人、他人的&emsp;</td> </tr>
    </table><br/>","","","",NA,25156,NA,"0","",2,1,NA,NA,"phase_015_subj_21"
10038,375,1,"<p style=""color:rgb(150, 250, 100); font-size: 35px;"">他</p>","other","ability","他",1,861,861,"i","true",NA,NA,NA,NA,"phase_015_subj_21"
10039,375,1,"<p style=""color:rgb(150, 250, 100); font-size: 35px;"">自己</p>","self","ability","自己",1,783,783,"e","true",NA,NA,NA,NA,"phase_015_subj_21"
10040,375,1,"<p style=""color:rgb(150, 250, 100); font-size: 35px;"">我的</p>","self","ability","我的",1,1258,1258,"e","true",NA,NA,NA,NA,"phase_015_subj_21"
10041,375,1,"<p style=""color:rgb(150, 250, 100); font-size: 35px;"">他人的</p>","other","ability","他人的",1,668,668,"i","true",NA,NA,NA,NA,"phase_015_subj_21"
10042,375,1,"<p style=""color:rgb(150, 250, 100); font-size: 35px;"">他人</p>","other","ability","他人",1,534,534,"i","true",NA,NA,NA,NA,"phase_015_subj_21"
10043,375,1,"<p style=""color:rgb(150, 250, 100); font-size: 35px;"">别人</p>","other","ability","别人",1,604,604,"i","true",NA,NA,NA,NA,"phase_015_subj_21"
10044,375,1,"<p style=""color:rgb(150, 250, 100); font-size: 35px;"">本人的</p>","self","ability","本人的",1,587,587,"e","true",NA,NA,NA,NA,"phase_015_subj_21"
10045,375,1,"<p style=""color:rgb(150, 250, 100); font-size: 35px;"">他的</p>","other","ability","他的",1,689,689,"i","true",NA,NA,NA,NA,"phase_015_subj_21"
10046,375,1,"<p style=""color:rgb(150, 250, 100); font-size: 35px;"">我</p>","self","ability","我",1,579,579,"e","true",NA,NA,NA,NA,"phase_015_subj_21"
10047,375,1,"<p style=""color:rgb(150, 250, 100); font-size: 35px;"">自己的</p>","self","ability","自己的",1,680,680,"e","true",NA,NA,NA,NA,"phase_015_subj_21"
10048,375,1,"<p style=""color:rgb(150, 250, 100); font-size: 35px;"">别人的</p>","other","ability","别人的",1,616,616,"e","false",NA,NA,NA,NA,"phase_015_subj_21"
10049,375,1,"<p style=""color:rgb(150, 250, 100); font-size: 35px;"">本人</p>","self","ability","本人",1,905,905,"e","true",NA,NA,NA,NA,"phase_015_subj_21"
10050,375,2,"<p style=""color:white; font-size: 35px;"">全才</p>","positive","ability","全才",2,960,960,"i","true",NA,NA,NA,NA,"phase_015_subj_21"
10051,375,2,"<p style=""color:white; font-size: 35px;"">高效</p>","positive","ability","高效",2,737,737,"i","true",NA,NA,NA,NA,"phase_015_subj_21"
10052,375,2,"<p style=""color:white; font-size: 35px;"">拙笨</p>","negative","ability","拙笨",2,703,703,"e","true",NA,NA,NA,NA,"phase_015_subj_21"
10053,375,2,"<p style=""color:white; font-size: 35px;"">无能</p>","negative","ability","无能",2,676,676,"e","true",NA,NA,NA,NA,"phase_015_subj_21"
10054,375,2,"<p style=""color:white; font-size: 35px;"">低能</p>","negative","ability","低能",2,563,563,"e","true",NA,NA,NA,NA,"phase_015_subj_21"
10055,375,2,"<p style=""color:white; font-size: 35px;"">愚钝</p>","negative","ability","愚钝",2,655,655,"e","true",NA,NA,NA,NA,"phase_015_subj_21"
10056,375,2,"<p style=""color:white; font-size: 35px;"">蠢笨</p>","negative","ability","蠢笨",2,545,545,"e","true",NA,NA,NA,NA,"phase_015_subj_21"
10057,375,2,"<p style=""color:white; font-size: 35px;"">天才</p>","positive","ability","天才",2,626,626,"i","true",NA,NA,NA,NA,"phase_015_subj_21"
10058,375,2,"<p style=""color:white; font-size: 35px;"">废物</p>","negative","ability","废物",2,630,630,"e","true",NA,NA,NA,NA,"phase_015_subj_21"
10059,375,2,"<p style=""color:white; font-size: 35px;"">能干</p>","positive","ability","能干",2,865,865,"i","true",NA,NA,NA,NA,"phase_015_subj_21"
10060,375,2,"<p style=""color:white; font-size: 35px;"">精干</p>","positive","ability","精干",2,675,675,"i","true",NA,NA,NA,NA,"phase_015_subj_21"
10061,375,2,"<p style=""color:white; font-size: 35px;"">全能</p>","positive","ability","全能",2,598,598,"i","true",NA,NA,NA,NA,"phase_015_subj_21"
10062,375,3,"<p style=""color:rgb(150, 250, 100); font-size: 35px;"">本人的</p>","self","ability","本人的",3,836,836,"e","true",NA,NA,NA,NA,"phase_015_subj_21"
10063,375,3,"<p style=""color:white; font-size: 35px;"">高效</p>","positive","ability","高效",3,1110,1110,"i","true",NA,NA,NA,NA,"phase_015_subj_21"
10064,375,3,"<p style=""color:rgb(150, 250, 100); font-size: 35px;"">他</p>","other","ability","他",3,759,759,"i","true",NA,NA,NA,NA,"phase_015_subj_21"
10065,375,3,"<p style=""color:white; font-size: 35px;"">蠢笨</p>","negative","ability","蠢笨",3,632,632,"e","true",NA,NA,NA,NA,"phase_015_subj_21"
10066,375,3,"<p style=""color:rgb(150, 250, 100); font-size: 35px;"">我的</p>","self","ability","我的",3,593,593,"e","true",NA,NA,NA,NA,"phase_015_subj_21"
10067,375,3,"<p style=""color:white; font-size: 35px;"">废物</p>","negative","ability","废物",3,660,660,"e","true",NA,NA,NA,NA,"phase_015_subj_21"
10068,375,3,"<p style=""color:rgb(150, 250, 100); font-size: 35px;"">别人的</p>","other","ability","别人的",3,616,616,"i","true",NA,NA,NA,NA,"phase_015_subj_21"
10069,375,3,"<p style=""color:white; font-size: 35px;"">天才</p>","positive","ability","天才",3,553,553,"i","true",NA,NA,NA,NA,"phase_015_subj_21"
10070,375,3,"<p style=""color:rgb(150, 250, 100); font-size: 35px;"">自己</p>","self","ability","自己",3,614,614,"e","true",NA,NA,NA,NA,"phase_015_subj_21"
10071,375,3,"<p style=""color:white; font-size: 35px;"">精干</p>","positive","ability","精干",3,809,809,"i","true",NA,NA,NA,NA,"phase_015_subj_21"
10072,375,3,"<p style=""color:rgb(150, 250, 100); font-size: 35px;"">他人</p>","other","ability","他人",3,722,722,"i","true",NA,NA,NA,NA,"phase_015_subj_21"
10073,375,3,"<p style=""color:white; font-size: 35px;"">拙笨</p>","negative","ability","拙笨",3,623,623,"e","true",NA,NA,NA,NA,"phase_015_subj_21"
10074,375,3,"<p style=""color:rgb(150, 250, 100); font-size: 35px;"">他的</p>","other","ability","他的",3,667,667,"i","true",NA,NA,NA,NA,"phase_015_subj_21"
10075,375,3,"<p style=""color:white; font-size: 35px;"">愚钝</p>","negative","ability","愚钝",3,717,717,"e","true",NA,NA,NA,NA,"phase_015_subj_21"
10076,375,3,"<p style=""color:rgb(150, 250, 100); font-size: 35px;"">我</p>","self","ability","我",3,684,684,"e","true",NA,NA,NA,NA,"phase_015_subj_21"
10077,375,3,"<p style=""color:white; font-size: 35px;"">能干</p>","positive","ability","能干",3,638,638,"i","true",NA,NA,NA,NA,"phase_015_subj_21"
10078,375,3,"<p style=""color:rgb(150, 250, 100); font-size: 35px;"">他人的</p>","other","ability","他人的",3,713,713,"i","true",NA,NA,NA,NA,"phase_015_subj_21"
10079,375,3,"<p style=""color:white; font-size: 35px;"">全才</p>","positive","ability","全才",3,657,657,"i","true",NA,NA,NA,NA,"phase_015_subj_21"
10080,375,3,"<p style=""color:rgb(150, 250, 100); font-size: 35px;"">本人</p>","self","ability","本人",3,640,640,"e","true",NA,NA,NA,NA,"phase_015_subj_21"
10081,375,3,"<p style=""color:white; font-size: 35px;"">低能</p>","negative","ability","低能",3,524,524,"e","true",NA,NA,NA,NA,"phase_015_subj_21"
10082,375,3,"<p style=""color:rgb(150, 250, 100); font-size: 35px;"">自己的</p>","self","ability","自己的",3,513,513,"e","true",NA,NA,NA,NA,"phase_015_subj_21"
10083,375,3,"<p style=""color:white; font-size: 35px;"">无能</p>","negative","ability","无能",3,584,584,"e","true",NA,NA,NA,NA,"phase_015_subj_21"
10084,375,3,"<p style=""color:rgb(150, 250, 100); font-size: 35px;"">别人</p>","other","ability","别人",3,608,608,"i","true",NA,NA,NA,NA,"phase_015_subj_21"
10085,375,3,"<p style=""color:white; font-size: 35px;"">全能</p>","positive","ability","全能",3,530,530,"i","true",NA,NA,NA,NA,"phase_015_subj_21"
10086,375,4,"<p style=""color:rgb(150, 250, 100); font-size: 35px;"">他人的</p>","other","ability","他人的",4,870,870,"i","true",NA,NA,NA,NA,"phase_015_subj_21"
10087,375,4,"<p style=""color:white; font-size: 35px;"">废物</p>","negative","ability","废物",4,664,664,"e","true",NA,NA,NA,NA,"phase_015_subj_21"
10088,375,4,"<p style=""color:rgb(150, 250, 100); font-size: 35px;"">本人</p>","self","ability","本人",4,659,659,"e","true",NA,NA,NA,NA,"phase_015_subj_21"
10089,375,4,"<p style=""color:white; font-size: 35px;"">高效</p>","positive","ability","高效",4,663,663,"i","true",NA,NA,NA,NA,"phase_015_subj_21"
10090,375,4,"<p style=""color:rgb(150, 250, 100); font-size: 35px;"">他</p>","other","ability","他",4,541,541,"i","true",NA,NA,NA,NA,"phase_015_subj_21"
10091,375,4,"<p style=""color:white; font-size: 35px;"">能干</p>","positive","ability","能干",4,524,524,"i","true",NA,NA,NA,NA,"phase_015_subj_21"
10092,375,4,"<p style=""color:rgb(150, 250, 100); font-size: 35px;"">本人</p>","self","ability","本人",4,642,642,"e","true",NA,NA,NA,NA,"phase_015_subj_21"
10093,375,4,"<p style=""color:white; font-size: 35px;"">无能</p>","negative","ability","无能",4,492,492,"e","true",NA,NA,NA,NA,"phase_015_subj_21"
10094,375,4,"<p style=""color:rgb(150, 250, 100); font-size: 35px;"">别人</p>","other","ability","别人",4,629,629,"i","true",NA,NA,NA,NA,"phase_015_subj_21"
10095,375,4,"<p style=""color:white; font-size: 35px;"">全才</p>","positive","ability","全才",4,632,632,"i","true",NA,NA,NA,NA,"phase_015_subj_21"
10096,375,4,"<p style=""color:rgb(150, 250, 100); font-size: 35px;"">本人的</p>","self","ability","本人的",4,643,643,"e","true",NA,NA,NA,NA,"phase_015_subj_21"
10097,375,4,"<p style=""color:white; font-size: 35px;"">废物</p>","negative","ability","废物",4,634,634,"e","true",NA,NA,NA,NA,"phase_015_subj_21"
10098,375,4,"<p style=""color:rgb(150, 250, 100); font-size: 35px;"">我</p>","self","ability","我",4,702,702,"e","true",NA,NA,NA,NA,"phase_015_subj_21"
10099,375,4,"<p style=""color:white; font-size: 35px;"">天才</p>","positive","ability","天才",4,601,601,"i","true",NA,NA,NA,NA,"phase_015_subj_21"
10100,375,4,"<p style=""color:rgb(150, 250, 100); font-size: 35px;"">他</p>","other","ability","他",4,457,457,"i","true",NA,NA,NA,NA,"phase_015_subj_21"
10101,375,4,"<p style=""color:white; font-size: 35px;"">低能</p>","negative","ability","低能",4,563,563,"e","true",NA,NA,NA,NA,"phase_015_subj_21"
10102,375,4,"<p style=""color:rgb(150, 250, 100); font-size: 35px;"">别人</p>","other","ability","别人",4,646,646,"i","true",NA,NA,NA,NA,"phase_015_subj_21"
10103,375,4,"<p style=""color:white; font-size: 35px;"">能干</p>","positive","ability","能干",4,596,596,"i","true",NA,NA,NA,NA,"phase_015_subj_21"
10104,375,4,"<p style=""color:rgb(150, 250, 100); font-size: 35px;"">自己</p>","self","ability","自己",4,597,597,"e","true",NA,NA,NA,NA,"phase_015_subj_21"
10105,375,4,"<p style=""color:white; font-size: 35px;"">愚钝</p>","negative","ability","愚钝",4,556,556,"e","true",NA,NA,NA,NA,"phase_015_subj_21"
10106,375,4,"<p style=""color:rgb(150, 250, 100); font-size: 35px;"">别人的</p>","other","ability","别人的",4,712,712,"i","true",NA,NA,NA,NA,"phase_015_subj_21"
10107,375,4,"<p style=""color:white; font-size: 35px;"">全才</p>","positive","ability","全才",4,594,594,"i","true",NA,NA,NA,NA,"phase_015_subj_21"
10108,375,4,"<p style=""color:rgb(150, 250, 100); font-size: 35px;"">自己的</p>","self","ability","自己的",4,780,780,"e","true",NA,NA,NA,NA,"phase_015_subj_21"
10109,375,4,"<p style=""color:white; font-size: 35px;"">低能</p>","negative","ability","低能",4,619,619,"e","true",NA,NA,NA,NA,"phase_015_subj_21"
10110,375,4,"<p style=""color:rgb(150, 250, 100); font-size: 35px;"">他的</p>","other","ability","他的",4,691,691,"i","true",NA,NA,NA,NA,"phase_015_subj_21"
10111,375,4,"<p style=""color:white; font-size: 35px;"">高效</p>","positive","ability","高效",4,560,560,"i","true",NA,NA,NA,NA,"phase_015_subj_21"
10112,375,4,"<p style=""color:rgb(150, 250, 100); font-size: 35px;"">本人的</p>","self","ability","本人的",4,656,656,"e","true",NA,NA,NA,NA,"phase_015_subj_21"
10113,375,4,"<p style=""color:white; font-size: 35px;"">拙笨</p>","negative","ability","拙笨",4,601,601,"e","true",NA,NA,NA,NA,"phase_015_subj_21"
10114,375,4,"<p style=""color:rgb(150, 250, 100); font-size: 35px;"">自己的</p>","self","ability","自己的",4,601,601,"e","true",NA,NA,NA,NA,"phase_015_subj_21"
10115,375,4,"<p style=""color:white; font-size: 35px;"">蠢笨</p>","negative","ability","蠢笨",4,539,539,"e","true",NA,NA,NA,NA,"phase_015_subj_21"
10116,375,4,"<p style=""color:rgb(150, 250, 100); font-size: 35px;"">他人的</p>","other","ability","他人的",4,553,553,"i","true",NA,NA,NA,NA,"phase_015_subj_21"
10117,375,4,"<p style=""color:white; font-size: 35px;"">全能</p>","positive","ability","全能",4,509,509,"i","true",NA,NA,NA,NA,"phase_015_subj_21"
10118,375,4,"<p style=""color:rgb(150, 250, 100); font-size: 35px;"">我的</p>","self","ability","我的",4,658,658,"e","true",NA,NA,NA,NA,"phase_015_subj_21"
10119,375,4,"<p style=""color:white; font-size: 35px;"">拙笨</p>","negative","ability","拙笨",4,651,651,"e","true",NA,NA,NA,NA,"phase_015_subj_21"
10120,375,4,"<p style=""color:rgb(150, 250, 100); font-size: 35px;"">别人的</p>","other","ability","别人的",4,611,611,"i","true",NA,NA,NA,NA,"phase_015_subj_21"
10121,375,4,"<p style=""color:white; font-size: 35px;"">精干</p>","positive","ability","精干",4,541,541,"i","true",NA,NA,NA,NA,"phase_015_subj_21"
10122,375,4,"<p style=""color:rgb(150, 250, 100); font-size: 35px;"">我</p>","self","ability","我",4,583,583,"e","true",NA,NA,NA,NA,"phase_015_subj_21"
10123,375,4,"<p style=""color:white; font-size: 35px;"">愚钝</p>","negative","ability","愚钝",4,560,560,"e","true",NA,NA,NA,NA,"phase_015_subj_21"
10124,375,4,"<p style=""color:rgb(150, 250, 100); font-size: 35px;"">他的</p>","other","ability","他的",4,617,617,"i","true",NA,NA,NA,NA,"phase_015_subj_21"
10125,375,4,"<p style=""color:white; font-size: 35px;"">全能</p>","positive","ability","全能",4,569,569,"i","true",NA,NA,NA,NA,"phase_015_subj_21"
10126,375,4,"<p style=""color:rgb(150, 250, 100); font-size: 35px;"">自己</p>","self","ability","自己",4,671,671,"e","true",NA,NA,NA,NA,"phase_015_subj_21"
10127,375,4,"<p style=""color:white; font-size: 35px;"">无能</p>","negative","ability","无能",4,466,466,"e","true",NA,NA,NA,NA,"phase_015_subj_21"
10128,375,4,"<p style=""color:rgb(150, 250, 100); font-size: 35px;"">他人</p>","other","ability","他人",4,662,662,"i","true",NA,NA,NA,NA,"phase_015_subj_21"
10129,375,4,"<p style=""color:white; font-size: 35px;"">精干</p>","positive","ability","精干",4,532,532,"i","true",NA,NA,NA,NA,"phase_015_subj_21"
10130,375,4,"<p style=""color:rgb(150, 250, 100); font-size: 35px;"">我的</p>","self","ability","我的",4,555,555,"e","true",NA,NA,NA,NA,"phase_015_subj_21"
10131,375,4,"<p style=""color:white; font-size: 35px;"">蠢笨</p>","negative","ability","蠢笨",4,493,493,"e","true",NA,NA,NA,NA,"phase_015_subj_21"
10132,375,4,"<p style=""color:rgb(150, 250, 100); font-size: 35px;"">他人</p>","other","ability","他人",4,654,654,"i","true",NA,NA,NA,NA,"phase_015_subj_21"
10133,375,4,"<p style=""color:white; font-size: 35px;"">天才</p>","positive","ability","天才",4,598,598,"i","true",NA,NA,NA,NA,"phase_015_subj_21"
10134,375,5,"<p style=""color:rgb(150, 250, 100); font-size: 35px;"">本人的</p>","self","ability","本人的",5,767,767,"i","true",NA,NA,NA,NA,"phase_015_subj_21"
10135,375,5,"<p style=""color:rgb(150, 250, 100); font-size: 35px;"">他人</p>","other","ability","他人",5,532,532,"e","true",NA,NA,NA,NA,"phase_015_subj_21"
10136,375,5,"<p style=""color:rgb(150, 250, 100); font-size: 35px;"">本人</p>","self","ability","本人",5,661,661,"i","true",NA,NA,NA,NA,"phase_015_subj_21"
10137,375,5,"<p style=""color:rgb(150, 250, 100); font-size: 35px;"">我</p>","self","ability","我",5,488,488,"i","true",NA,NA,NA,NA,"phase_015_subj_21"
10138,375,5,"<p style=""color:rgb(150, 250, 100); font-size: 35px;"">他的</p>","other","ability","他的",5,510,510,"e","true",NA,NA,NA,NA,"phase_015_subj_21"
10139,375,5,"<p style=""color:rgb(150, 250, 100); font-size: 35px;"">自己</p>","self","ability","自己",5,555,555,"i","true",NA,NA,NA,NA,"phase_015_subj_21"
10140,375,5,"<p style=""color:rgb(150, 250, 100); font-size: 35px;"">我的</p>","self","ability","我的",5,522,522,"i","true",NA,NA,NA,NA,"phase_015_subj_21"
10141,375,5,"<p style=""color:rgb(150, 250, 100); font-size: 35px;"">他人</p>","other","ability","他人",5,545,545,"e","true",NA,NA,NA,NA,"phase_015_subj_21"
10142,375,5,"<p style=""color:rgb(150, 250, 100); font-size: 35px;"">他</p>","other","ability","他",5,436,436,"e","true",NA,NA,NA,NA,"phase_015_subj_21"
10143,375,5,"<p style=""color:rgb(150, 250, 100); font-size: 35px;"">别人</p>","other","ability","别人",5,540,540,"e","true",NA,NA,NA,NA,"phase_015_subj_21"
10144,375,5,"<p style=""color:rgb(150, 250, 100); font-size: 35px;"">他</p>","other","ability","他",5,505,505,"e","true",NA,NA,NA,NA,"phase_015_subj_21"
10145,375,5,"<p style=""color:rgb(150, 250, 100); font-size: 35px;"">本人</p>","self","ability","本人",5,532,532,"i","true",NA,NA,NA,NA,"phase_015_subj_21"
10146,375,5,"<p style=""color:rgb(150, 250, 100); font-size: 35px;"">我的</p>","self","ability","我的",5,435,435,"i","true",NA,NA,NA,NA,"phase_015_subj_21"
10147,375,5,"<p style=""color:rgb(150, 250, 100); font-size: 35px;"">别人</p>","other","ability","别人",5,554,554,"e","true",NA,NA,NA,NA,"phase_015_subj_21"
10148,375,5,"<p style=""color:rgb(150, 250, 100); font-size: 35px;"">本人的</p>","self","ability","本人的",5,675,675,"i","true",NA,NA,NA,NA,"phase_015_subj_21"
10149,375,5,"<p style=""color:rgb(150, 250, 100); font-size: 35px;"">我</p>","self","ability","我",5,508,508,"i","true",NA,NA,NA,NA,"phase_015_subj_21"
10150,375,5,"<p style=""color:rgb(150, 250, 100); font-size: 35px;"">他人的</p>","other","ability","他人的",5,549,549,"e","true",NA,NA,NA,NA,"phase_015_subj_21"
10151,375,5,"<p style=""color:rgb(150, 250, 100); font-size: 35px;"">自己</p>","self","ability","自己",5,599,599,"i","true",NA,NA,NA,NA,"phase_015_subj_21"
10152,375,5,"<p style=""color:rgb(150, 250, 100); font-size: 35px;"">别人的</p>","other","ability","别人的",5,848,848,"e","true",NA,NA,NA,NA,"phase_015_subj_21"
10153,375,5,"<p style=""color:rgb(150, 250, 100); font-size: 35px;"">自己的</p>","self","ability","自己的",5,586,586,"i","true",NA,NA,NA,NA,"phase_015_subj_21"
10154,375,5,"<p style=""color:rgb(150, 250, 100); font-size: 35px;"">他的</p>","other","ability","他的",5,717,717,"e","true",NA,NA,NA,NA,"phase_015_subj_21"
10155,375,5,"<p style=""color:rgb(150, 250, 100); font-size: 35px;"">别人的</p>","other","ability","别人的",5,613,613,"e","true",NA,NA,NA,NA,"phase_015_subj_21"
10156,375,5,"<p style=""color:rgb(150, 250, 100); font-size: 35px;"">他人的</p>","other","ability","他人的",5,625,625,"e","true",NA,NA,NA,NA,"phase_015_subj_21"
10157,375,5,"<p style=""color:rgb(150, 250, 100); font-size: 35px;"">自己的</p>","self","ability","自己的",5,537,537,"i","true",NA,NA,NA,NA,"phase_015_subj_21"
10158,375,6,"<p style=""color:white; font-size: 35px;"">精干</p>","positive","ability","精干",6,866,866,"i","true",NA,NA,NA,NA,"phase_015_subj_21"
10159,375,6,"<p style=""color:rgb(150, 250, 100); font-size: 35px;"">本人</p>","self","ability","本人",6,530,530,"i","true",NA,NA,NA,NA,"phase_015_subj_21"
10160,375,6,"<p style=""color:white; font-size: 35px;"">废物</p>","negative","ability","废物",6,596,596,"e","true",NA,NA,NA,NA,"phase_015_subj_21"
10161,375,6,"<p style=""color:rgb(150, 250, 100); font-size: 35px;"">他人的</p>","other","ability","他人的",6,473,473,"e","true",NA,NA,NA,NA,"phase_015_subj_21"
10162,375,6,"<p style=""color:white; font-size: 35px;"">拙笨</p>","negative","ability","拙笨",6,639,639,"e","true",NA,NA,NA,NA,"phase_015_subj_21"
10163,375,6,"<p style=""color:rgb(150, 250, 100); font-size: 35px;"">他</p>","other","ability","他",6,504,504,"e","true",NA,NA,NA,NA,"phase_015_subj_21"
10164,375,6,"<p style=""color:white; font-size: 35px;"">高效</p>","positive","ability","高效",6,748,748,"i","true",NA,NA,NA,NA,"phase_015_subj_21"
10165,375,6,"<p style=""color:rgb(150, 250, 100); font-size: 35px;"">自己的</p>","self","ability","自己的",6,579,579,"i","true",NA,NA,NA,NA,"phase_015_subj_21"
10166,375,6,"<p style=""color:white; font-size: 35px;"">无能</p>","negative","ability","无能",6,583,583,"e","true",NA,NA,NA,NA,"phase_015_subj_21"
10167,375,6,"<p style=""color:rgb(150, 250, 100); font-size: 35px;"">本人的</p>","self","ability","本人的",6,875,875,"i","true",NA,NA,NA,NA,"phase_015_subj_21"
10168,375,6,"<p style=""color:white; font-size: 35px;"">全能</p>","positive","ability","全能",6,727,727,"i","true",NA,NA,NA,NA,"phase_015_subj_21"
10169,375,6,"<p style=""color:rgb(150, 250, 100); font-size: 35px;"">别人</p>","other","ability","别人",6,571,571,"e","true",NA,NA,NA,NA,"phase_015_subj_21"
10170,375,6,"<p style=""color:white; font-size: 35px;"">愚钝</p>","negative","ability","愚钝",6,439,439,"e","true",NA,NA,NA,NA,"phase_015_subj_21"
10171,375,6,"<p style=""color:rgb(150, 250, 100); font-size: 35px;"">我的</p>","self","ability","我的",6,546,546,"i","true",NA,NA,NA,NA,"phase_015_subj_21"
10172,375,6,"<p style=""color:white; font-size: 35px;"">天才</p>","positive","ability","天才",6,625,625,"i","true",NA,NA,NA,NA,"phase_015_subj_21"
10173,375,6,"<p style=""color:rgb(150, 250, 100); font-size: 35px;"">他人</p>","other","ability","他人",6,542,542,"e","true",NA,NA,NA,NA,"phase_015_subj_21"
10174,375,6,"<p style=""color:white; font-size: 35px;"">全才</p>","positive","ability","全才",6,666,666,"i","true",NA,NA,NA,NA,"phase_015_subj_21"
10175,375,6,"<p style=""color:rgb(150, 250, 100); font-size: 35px;"">自己</p>","self","ability","自己",6,981,981,"i","true",NA,NA,NA,NA,"phase_015_subj_21"
10176,375,6,"<p style=""color:white; font-size: 35px;"">低能</p>","negative","ability","低能",6,821,821,"e","true",NA,NA,NA,NA,"phase_015_subj_21"
10177,375,6,"<p style=""color:rgb(150, 250, 100); font-size: 35px;"">别人的</p>","other","ability","别人的",6,508,508,"e","true",NA,NA,NA,NA,"phase_015_subj_21"
10178,375,6,"<p style=""color:white; font-size: 35px;"">蠢笨</p>","negative","ability","蠢笨",6,543,543,"e","true",NA,NA,NA,NA,"phase_015_subj_21"
10179,375,6,"<p style=""color:rgb(150, 250, 100); font-size: 35px;"">他的</p>","other","ability","他的",6,650,650,"e","true",NA,NA,NA,NA,"phase_015_subj_21"
10180,375,6,"<p style=""color:white; font-size: 35px;"">能干</p>","positive","ability","能干",6,1043,1043,"i","true",NA,NA,NA,NA,"phase_015_subj_21"
10181,375,6,"<p style=""color:rgb(150, 250, 100); font-size: 35px;"">我</p>","self","ability","我",6,485,485,"i","true",NA,NA,NA,NA,"phase_015_subj_21"
10182,375,7,"<p style=""color:white; font-size: 35px;"">废物</p>","negative","ability","废物",7,828,828,"e","true",NA,NA,NA,NA,"phase_015_subj_21"
10183,375,7,"<p style=""color:rgb(150, 250, 100); font-size: 35px;"">他人</p>","other","ability","他人",7,488,488,"e","true",NA,NA,NA,NA,"phase_015_subj_21"
10184,375,7,"<p style=""color:white; font-size: 35px;"">天才</p>","positive","ability","天才",7,579,579,"i","true",NA,NA,NA,NA,"phase_015_subj_21"
10185,375,7,"<p style=""color:rgb(150, 250, 100); font-size: 35px;"">我的</p>","self","ability","我的",7,391,391,"i","true",NA,NA,NA,NA,"phase_015_subj_21"
10186,375,7,"<p style=""color:white; font-size: 35px;"">天才</p>","positive","ability","天才",7,584,584,"i","true",NA,NA,NA,NA,"phase_015_subj_21"
10187,375,7,"<p style=""color:rgb(150, 250, 100); font-size: 35px;"">别人的</p>","other","ability","别人的",7,574,574,"e","true",NA,NA,NA,NA,"phase_015_subj_21"
10188,375,7,"<p style=""color:white; font-size: 35px;"">低能</p>","negative","ability","低能",7,555,555,"e","true",NA,NA,NA,NA,"phase_015_subj_21"
10189,375,7,"<p style=""color:rgb(150, 250, 100); font-size: 35px;"">我的</p>","self","ability","我的",7,586,586,"i","true",NA,NA,NA,NA,"phase_015_subj_21"
10190,375,7,"<p style=""color:white; font-size: 35px;"">愚钝</p>","negative","ability","愚钝",7,664,664,"e","true",NA,NA,NA,NA,"phase_015_subj_21"
10191,375,7,"<p style=""color:rgb(150, 250, 100); font-size: 35px;"">他人的</p>","other","ability","他人的",7,768,768,"e","true",NA,NA,NA,NA,"phase_015_subj_21"
10192,375,7,"<p style=""color:white; font-size: 35px;"">高效</p>","positive","ability","高效",7,613,613,"i","true",NA,NA,NA,NA,"phase_015_subj_21"
10193,375,7,"<p style=""color:rgb(150, 250, 100); font-size: 35px;"">自己的</p>","self","ability","自己的",7,473,473,"i","true",NA,NA,NA,NA,"phase_015_subj_21"
10194,375,7,"<p style=""color:white; font-size: 35px;"">高效</p>","positive","ability","高效",7,644,644,"i","true",NA,NA,NA,NA,"phase_015_subj_21"
10195,375,7,"<p style=""color:rgb(150, 250, 100); font-size: 35px;"">自己</p>","self","ability","自己",7,560,560,"i","true",NA,NA,NA,NA,"phase_015_subj_21"
10196,375,7,"<p style=""color:white; font-size: 35px;"">蠢笨</p>","negative","ability","蠢笨",7,666,666,"e","true",NA,NA,NA,NA,"phase_015_subj_21"
10197,375,7,"<p style=""color:rgb(150, 250, 100); font-size: 35px;"">他人的</p>","other","ability","他人的",7,482,482,"e","true",NA,NA,NA,NA,"phase_015_subj_21"
10198,375,7,"<p style=""color:white; font-size: 35px;"">无能</p>","negative","ability","无能",7,583,583,"e","true",NA,NA,NA,NA,"phase_015_subj_21"
10199,375,7,"<p style=""color:rgb(150, 250, 100); font-size: 35px;"">他的</p>","other","ability","他的",7,561,561,"e","true",NA,NA,NA,NA,"phase_015_subj_21"
10200,375,7,"<p style=""color:white; font-size: 35px;"">全才</p>","positive","ability","全才",7,610,610,"i","true",NA,NA,NA,NA,"phase_015_subj_21"
10201,375,7,"<p style=""color:rgb(150, 250, 100); font-size: 35px;"">自己</p>","self","ability","自己",7,572,572,"i","true",NA,NA,NA,NA,"phase_015_subj_21"
10202,375,7,"<p style=""color:white; font-size: 35px;"">愚钝</p>","negative","ability","愚钝",7,689,689,"e","true",NA,NA,NA,NA,"phase_015_subj_21"
10203,375,7,"<p style=""color:rgb(150, 250, 100); font-size: 35px;"">自己的</p>","self","ability","自己的",7,754,1213.91489361702,"e","false",NA,NA,NA,NA,"phase_015_subj_21"
10204,375,7,"<p style=""color:white; font-size: 35px;"">全才</p>","positive","ability","全才",7,714,714,"i","true",NA,NA,NA,NA,"phase_015_subj_21"
10205,375,7,"<p style=""color:rgb(150, 250, 100); font-size: 35px;"">别人的</p>","other","ability","别人的",7,634,634,"e","true",NA,NA,NA,NA,"phase_015_subj_21"
10206,375,7,"<p style=""color:white; font-size: 35px;"">拙笨</p>","negative","ability","拙笨",7,606,606,"e","true",NA,NA,NA,NA,"phase_015_subj_21"
10207,375,7,"<p style=""color:rgb(150, 250, 100); font-size: 35px;"">别人</p>","other","ability","别人",7,718,718,"e","true",NA,NA,NA,NA,"phase_015_subj_21"
10208,375,7,"<p style=""color:white; font-size: 35px;"">精干</p>","positive","ability","精干",7,611,611,"i","true",NA,NA,NA,NA,"phase_015_subj_21"
10209,375,7,"<p style=""color:rgb(150, 250, 100); font-size: 35px;"">本人的</p>","self","ability","本人的",7,520,520,"i","true",NA,NA,NA,NA,"phase_015_subj_21"
10210,375,7,"<p style=""color:white; font-size: 35px;"">全能</p>","positive","ability","全能",7,519,519,"i","true",NA,NA,NA,NA,"phase_015_subj_21"
10211,375,7,"<p style=""color:rgb(150, 250, 100); font-size: 35px;"">我</p>","self","ability","我",7,526,526,"i","true",NA,NA,NA,NA,"phase_015_subj_21"
10212,375,7,"<p style=""color:white; font-size: 35px;"">低能</p>","negative","ability","低能",7,537,537,"e","true",NA,NA,NA,NA,"phase_015_subj_21"
10213,375,7,"<p style=""color:rgb(150, 250, 100); font-size: 35px;"">别人</p>","other","ability","别人",7,561,561,"e","true",NA,NA,NA,NA,"phase_015_subj_21"
10214,375,7,"<p style=""color:white; font-size: 35px;"">能干</p>","positive","ability","能干",7,726,726,"i","true",NA,NA,NA,NA,"phase_015_subj_21"
10215,375,7,"<p style=""color:rgb(150, 250, 100); font-size: 35px;"">他</p>","other","ability","他",7,733,733,"e","true",NA,NA,NA,NA,"phase_015_subj_21"
10216,375,7,"<p style=""color:white; font-size: 35px;"">蠢笨</p>","negative","ability","蠢笨",7,694,694,"e","true",NA,NA,NA,NA,"phase_015_subj_21"
10217,375,7,"<p style=""color:rgb(150, 250, 100); font-size: 35px;"">本人</p>","self","ability","本人",7,609,609,"i","true",NA,NA,NA,NA,"phase_015_subj_21"
10218,375,7,"<p style=""color:white; font-size: 35px;"">拙笨</p>","negative","ability","拙笨",7,696,696,"e","true",NA,NA,NA,NA,"phase_015_subj_21"
10219,375,7,"<p style=""color:rgb(150, 250, 100); font-size: 35px;"">本人的</p>","self","ability","本人的",7,660,660,"i","true",NA,NA,NA,NA,"phase_015_subj_21"
10220,375,7,"<p style=""color:white; font-size: 35px;"">能干</p>","positive","ability","能干",7,762,762,"i","true",NA,NA,NA,NA,"phase_015_subj_21"
10221,375,7,"<p style=""color:rgb(150, 250, 100); font-size: 35px;"">他</p>","other","ability","他",7,600,600,"e","true",NA,NA,NA,NA,"phase_015_subj_21"
10222,375,7,"<p style=""color:white; font-size: 35px;"">无能</p>","negative","ability","无能",7,654,654,"e","true",NA,NA,NA,NA,"phase_015_subj_21"
10223,375,7,"<p style=""color:rgb(150, 250, 100); font-size: 35px;"">本人</p>","self","ability","本人",7,567,567,"i","true",NA,NA,NA,NA,"phase_015_subj_21"
10224,375,7,"<p style=""color:white; font-size: 35px;"">精干</p>","positive","ability","精干",7,624,624,"i","true",NA,NA,NA,NA,"phase_015_subj_21"
10225,375,7,"<p style=""color:rgb(150, 250, 100); font-size: 35px;"">他的</p>","other","ability","他的",7,617,617,"e","true",NA,NA,NA,NA,"phase_015_subj_21"
10226,375,7,"<p style=""color:white; font-size: 35px;"">全能</p>","positive","ability","全能",7,701,701,"i","true",NA,NA,NA,NA,"phase_015_subj_21"
10227,375,7,"<p style=""color:rgb(150, 250, 100); font-size: 35px;"">他人</p>","other","ability","他人",7,558,558,"e","true",NA,NA,NA,NA,"phase_015_subj_21"
10228,375,7,"<p style=""color:white; font-size: 35px;"">废物</p>","negative","ability","废物",7,618,618,"e","true",NA,NA,NA,NA,"phase_015_subj_21"
10229,375,7,"<p style=""color:rgb(150, 250, 100); font-size: 35px;"">我</p>","self","ability","我",7,619,619,"i","true",NA,NA,NA,NA,"phase_015_subj_21"
10230,375,NA,"
    <h3>词语分类任务</h3>
    <p>在接下来的任务中，你需要对一系列词语进行分类。<p/>
    请先熟悉这些词语，这有利于你完成接下来的任务。</p>
    <table align=""center"" border=1 cellpadding=3 cellspacing=0>
    <tr> <th>类别</th> <th>词语</th> </tr>
    <tr> <td>&emsp;积极&emsp;</td> <td>&emsp;高尚、诚信、善良、君子、廉正、正直&emsp;</td> </tr>
    <tr> <td>&emsp;消极&emsp;</td> <td>&emsp;缺德、卑鄙、不孝、不仁、小人、黑心&emsp;</td> </tr>
    <tr> <td>&emsp;自我&emsp;</td> <td>&emsp;我、我的、自己、自己的、本人、本人的&emsp;</td> </tr>
    <tr> <td>&emsp;他人&emsp;</td> <td>&emsp;他、他的、别人、别人的、他人、他人的&emsp;</td> </tr>
    </table><br/>","","","",NA,26154,NA,"0","",NA,NA,2,2,"phase_015_subj_21"
10231,375,11,"<p style=""color:rgb(150, 250, 100); font-size: 35px;"">我</p>","self","moral","我",1,528,528,"i","true",NA,NA,NA,NA,"phase_015_subj_21"
10232,375,11,"<p style=""color:rgb(150, 250, 100); font-size: 35px;"">我的</p>","self","moral","我的",1,450,450,"i","true",NA,NA,NA,NA,"phase_015_subj_21"
10233,375,11,"<p style=""color:rgb(150, 250, 100); font-size: 35px;"">本人</p>","self","moral","本人",1,609,609,"i","true",NA,NA,NA,NA,"phase_015_subj_21"
10234,375,11,"<p style=""color:rgb(150, 250, 100); font-size: 35px;"">他人的</p>","other","moral","他人的",1,576,576,"e","true",NA,NA,NA,NA,"phase_015_subj_21"
10235,375,11,"<p style=""color:rgb(150, 250, 100); font-size: 35px;"">本人的</p>","self","moral","本人的",1,656,656,"i","true",NA,NA,NA,NA,"phase_015_subj_21"
10236,375,11,"<p style=""color:rgb(150, 250, 100); font-size: 35px;"">他的</p>","other","moral","他的",1,553,553,"e","true",NA,NA,NA,NA,"phase_015_subj_21"
10237,375,11,"<p style=""color:rgb(150, 250, 100); font-size: 35px;"">别人</p>","other","moral","别人",1,523,523,"e","true",NA,NA,NA,NA,"phase_015_subj_21"
10238,375,11,"<p style=""color:rgb(150, 250, 100); font-size: 35px;"">他</p>","other","moral","他",1,461,461,"e","true",NA,NA,NA,NA,"phase_015_subj_21"
10239,375,11,"<p style=""color:rgb(150, 250, 100); font-size: 35px;"">他人</p>","other","moral","他人",1,506,506,"e","true",NA,NA,NA,NA,"phase_015_subj_21"
10240,375,11,"<p style=""color:rgb(150, 250, 100); font-size: 35px;"">自己的</p>","self","moral","自己的",1,505,505,"i","true",NA,NA,NA,NA,"phase_015_subj_21"
10241,375,11,"<p style=""color:rgb(150, 250, 100); font-size: 35px;"">别人的</p>","other","moral","别人的",1,575,575,"e","true",NA,NA,NA,NA,"phase_015_subj_21"
10242,375,11,"<p style=""color:rgb(150, 250, 100); font-size: 35px;"">自己</p>","self","moral","自己",1,483,483,"i","true",NA,NA,NA,NA,"phase_015_subj_21"
10243,375,12,"<p style=""color:white; font-size: 35px;"">廉正</p>","positive","moral","廉正",2,893,893,"i","true",NA,NA,NA,NA,"phase_015_subj_21"
10244,375,12,"<p style=""color:white; font-size: 35px;"">不仁</p>","negative","moral","不仁",2,703,703,"e","true",NA,NA,NA,NA,"phase_015_subj_21"
10245,375,12,"<p style=""color:white; font-size: 35px;"">君子</p>","positive","moral","君子",2,552,552,"i","true",NA,NA,NA,NA,"phase_015_subj_21"
10246,375,12,"<p style=""color:white; font-size: 35px;"">缺德</p>","negative","moral","缺德",2,674,674,"e","true",NA,NA,NA,NA,"phase_015_subj_21"
10247,375,12,"<p style=""color:white; font-size: 35px;"">正直</p>","positive","moral","正直",2,502,502,"i","true",NA,NA,NA,NA,"phase_015_subj_21"
10248,375,12,"<p style=""color:white; font-size: 35px;"">善良</p>","positive","moral","善良",2,505,505,"i","true",NA,NA,NA,NA,"phase_015_subj_21"
10249,375,12,"<p style=""color:white; font-size: 35px;"">小人</p>","negative","moral","小人",2,764,764,"e","true",NA,NA,NA,NA,"phase_015_subj_21"
10250,375,12,"<p style=""color:white; font-size: 35px;"">诚信</p>","positive","moral","诚信",2,564,564,"i","true",NA,NA,NA,NA,"phase_015_subj_21"
10251,375,12,"<p style=""color:white; font-size: 35px;"">卑鄙</p>","negative","moral","卑鄙",2,600,600,"e","true",NA,NA,NA,NA,"phase_015_subj_21"
10252,375,12,"<p style=""color:white; font-size: 35px;"">高尚</p>","positive","moral","高尚",2,556,556,"i","true",NA,NA,NA,NA,"phase_015_subj_21"
10253,375,12,"<p style=""color:white; font-size: 35px;"">不孝</p>","negative","moral","不孝",2,564,564,"e","true",NA,NA,NA,NA,"phase_015_subj_21"
10254,375,12,"<p style=""color:white; font-size: 35px;"">黑心</p>","negative","moral","黑心",2,580,580,"e","true",NA,NA,NA,NA,"phase_015_subj_21"
10255,375,13,"<p style=""color:rgb(150, 250, 100); font-size: 35px;"">我的</p>","self","moral","我的",3,567,567,"i","true",NA,NA,NA,NA,"phase_015_subj_21"
10256,375,13,"<p style=""color:white; font-size: 35px;"">高尚</p>","positive","moral","高尚",3,481,481,"i","true",NA,NA,NA,NA,"phase_015_subj_21"
10257,375,13,"<p style=""color:rgb(150, 250, 100); font-size: 35px;"">他人的</p>","other","moral","他人的",3,525,525,"e","true",NA,NA,NA,NA,"phase_015_subj_21"
10258,375,13,"<p style=""color:white; font-size: 35px;"">不仁</p>","negative","moral","不仁",3,519,519,"e","true",NA,NA,NA,NA,"phase_015_subj_21"
10259,375,13,"<p style=""color:rgb(150, 250, 100); font-size: 35px;"">我</p>","self","moral","我",3,663,663,"i","true",NA,NA,NA,NA,"phase_015_subj_21"
10260,375,13,"<p style=""color:white; font-size: 35px;"">黑心</p>","negative","moral","黑心",3,579,579,"e","true",NA,NA,NA,NA,"phase_015_subj_21"
10261,375,13,"<p style=""color:rgb(150, 250, 100); font-size: 35px;"">他</p>","other","moral","他",3,616,616,"e","true",NA,NA,NA,NA,"phase_015_subj_21"
10262,375,13,"<p style=""color:white; font-size: 35px;"">正直</p>","positive","moral","正直",3,590,590,"i","true",NA,NA,NA,NA,"phase_015_subj_21"
10263,375,13,"<p style=""color:rgb(150, 250, 100); font-size: 35px;"">本人</p>","self","moral","本人",3,552,552,"i","true",NA,NA,NA,NA,"phase_015_subj_21"
10264,375,13,"<p style=""color:white; font-size: 35px;"">诚信</p>","positive","moral","诚信",3,586,586,"i","true",NA,NA,NA,NA,"phase_015_subj_21"
10265,375,13,"<p style=""color:rgb(150, 250, 100); font-size: 35px;"">别人的</p>","other","moral","别人的",3,558,558,"e","true",NA,NA,NA,NA,"phase_015_subj_21"
10266,375,13,"<p style=""color:white; font-size: 35px;"">不孝</p>","negative","moral","不孝",3,511,511,"e","true",NA,NA,NA,NA,"phase_015_subj_21"
10267,375,13,"<p style=""color:rgb(150, 250, 100); font-size: 35px;"">自己</p>","self","moral","自己",3,533,533,"i","true",NA,NA,NA,NA,"phase_015_subj_21"
10268,375,13,"<p style=""color:white; font-size: 35px;"">善良</p>","positive","moral","善良",3,514,514,"i","true",NA,NA,NA,NA,"phase_015_subj_21"
10269,375,13,"<p style=""color:rgb(150, 250, 100); font-size: 35px;"">他人</p>","other","moral","他人",3,535,535,"e","true",NA,NA,NA,NA,"phase_015_subj_21"
10270,375,13,"<p style=""color:white; font-size: 35px;"">卑鄙</p>","negative","moral","卑鄙",3,613,613,"e","true",NA,NA,NA,NA,"phase_015_subj_21"
10271,375,13,"<p style=""color:rgb(150, 250, 100); font-size: 35px;"">别人</p>","other","moral","别人",3,551,551,"e","true",NA,NA,NA,NA,"phase_015_subj_21"
10272,375,13,"<p style=""color:white; font-size: 35px;"">君子</p>","positive","moral","君子",3,688,688,"i","true",NA,NA,NA,NA,"phase_015_subj_21"
10273,375,13,"<p style=""color:rgb(150, 250, 100); font-size: 35px;"">自己的</p>","self","moral","自己的",3,543,543,"i","true",NA,NA,NA,NA,"phase_015_subj_21"
10274,375,13,"<p style=""color:white; font-size: 35px;"">小人</p>","negative","moral","小人",3,671,671,"e","true",NA,NA,NA,NA,"phase_015_subj_21"
10275,375,13,"<p style=""color:rgb(150, 250, 100); font-size: 35px;"">本人的</p>","self","moral","本人的",3,657,657,"i","true",NA,NA,NA,NA,"phase_015_subj_21"
10276,375,13,"<p style=""color:white; font-size: 35px;"">廉正</p>","positive","moral","廉正",3,652,652,"i","true",NA,NA,NA,NA,"phase_015_subj_21"
10277,375,13,"<p style=""color:rgb(150, 250, 100); font-size: 35px;"">他的</p>","other","moral","他的",3,664,664,"e","true",NA,NA,NA,NA,"phase_015_subj_21"
10278,375,13,"<p style=""color:white; font-size: 35px;"">缺德</p>","negative","moral","缺德",3,554,554,"e","true",NA,NA,NA,NA,"phase_015_subj_21"
10279,375,14,"<p style=""color:rgb(150, 250, 100); font-size: 35px;"">本人的</p>","self","moral","本人的",4,540,540,"i","true",NA,NA,NA,NA,"phase_015_subj_21"
10280,375,14,"<p style=""color:white; font-size: 35px;"">小人</p>","negative","moral","小人",4,608,608,"e","true",NA,NA,NA,NA,"phase_015_subj_21"
10281,375,14,"<p style=""color:rgb(150, 250, 100); font-size: 35px;"">别人的</p>","other","moral","别人的",4,759,759,"e","true",NA,NA,NA,NA,"phase_015_subj_21"
10282,375,14,"<p style=""color:white; font-size: 35px;"">诚信</p>","positive","moral","诚信",4,693,693,"i","true",NA,NA,NA,NA,"phase_015_subj_21"
10283,375,14,"<p style=""color:rgb(150, 250, 100); font-size: 35px;"">自己的</p>","self","moral","自己的",4,603,603,"i","true",NA,NA,NA,NA,"phase_015_subj_21"
10284,375,14,"<p style=""color:white; font-size: 35px;"">缺德</p>","negative","moral","缺德",4,560,560,"e","true",NA,NA,NA,NA,"phase_015_subj_21"
10285,375,14,"<p style=""color:rgb(150, 250, 100); font-size: 35px;"">他人的</p>","other","moral","他人的",4,460,460,"e","true",NA,NA,NA,NA,"phase_015_subj_21"
10286,375,14,"<p style=""color:white; font-size: 35px;"">诚信</p>","positive","moral","诚信",4,534,534,"i","true",NA,NA,NA,NA,"phase_015_subj_21"
10287,375,14,"<p style=""color:rgb(150, 250, 100); font-size: 35px;"">他人</p>","other","moral","他人",4,634,634,"e","true",NA,NA,NA,NA,"phase_015_subj_21"
10288,375,14,"<p style=""color:white; font-size: 35px;"">廉正</p>","positive","moral","廉正",4,615,615,"i","true",NA,NA,NA,NA,"phase_015_subj_21"
10289,375,14,"<p style=""color:rgb(150, 250, 100); font-size: 35px;"">本人的</p>","self","moral","本人的",4,630,630,"i","true",NA,NA,NA,NA,"phase_015_subj_21"
10290,375,14,"<p style=""color:white; font-size: 35px;"">不仁</p>","negative","moral","不仁",4,635,635,"e","true",NA,NA,NA,NA,"phase_015_subj_21"
10291,375,14,"<p style=""color:rgb(150, 250, 100); font-size: 35px;"">他</p>","other","moral","他",4,605,605,"e","true",NA,NA,NA,NA,"phase_015_subj_21"
10292,375,14,"<p style=""color:white; font-size: 35px;"">黑心</p>","negative","moral","黑心",4,592,592,"e","true",NA,NA,NA,NA,"phase_015_subj_21"
10293,375,14,"<p style=""color:rgb(150, 250, 100); font-size: 35px;"">自己</p>","self","moral","自己",4,598,598,"i","true",NA,NA,NA,NA,"phase_015_subj_21"
10294,375,14,"<p style=""color:white; font-size: 35px;"">正直</p>","positive","moral","正直",4,617,617,"i","true",NA,NA,NA,NA,"phase_015_subj_21"
10295,375,14,"<p style=""color:rgb(150, 250, 100); font-size: 35px;"">他的</p>","other","moral","他的",4,507,507,"e","true",NA,NA,NA,NA,"phase_015_subj_21"
10296,375,14,"<p style=""color:white; font-size: 35px;"">黑心</p>","negative","moral","黑心",4,570,570,"e","true",NA,NA,NA,NA,"phase_015_subj_21"
10297,375,14,"<p style=""color:rgb(150, 250, 100); font-size: 35px;"">自己</p>","self","moral","自己",4,567,567,"i","true",NA,NA,NA,NA,"phase_015_subj_21"
10298,375,14,"<p style=""color:white; font-size: 35px;"">善良</p>","positive","moral","善良",4,506,506,"i","true",NA,NA,NA,NA,"phase_015_subj_21"
10299,375,14,"<p style=""color:rgb(150, 250, 100); font-size: 35px;"">别人的</p>","other","moral","别人的",4,569,569,"e","true",NA,NA,NA,NA,"phase_015_subj_21"
10300,375,14,"<p style=""color:white; font-size: 35px;"">高尚</p>","positive","moral","高尚",4,556,556,"i","true",NA,NA,NA,NA,"phase_015_subj_21"
10301,375,14,"<p style=""color:rgb(150, 250, 100); font-size: 35px;"">我的</p>","self","moral","我的",4,565,565,"i","true",NA,NA,NA,NA,"phase_015_subj_21"
10302,375,14,"<p style=""color:white; font-size: 35px;"">小人</p>","negative","moral","小人",4,572,572,"e","true",NA,NA,NA,NA,"phase_015_subj_21"
10303,375,14,"<p style=""color:rgb(150, 250, 100); font-size: 35px;"">别人</p>","other","moral","别人",4,653,653,"e","true",NA,NA,NA,NA,"phase_015_subj_21"
10304,375,14,"<p style=""color:white; font-size: 35px;"">缺德</p>","negative","moral","缺德",4,577,577,"e","true",NA,NA,NA,NA,"phase_015_subj_21"
10305,375,14,"<p style=""color:rgb(150, 250, 100); font-size: 35px;"">我</p>","self","moral","我",4,652,652,"i","true",NA,NA,NA,NA,"phase_015_subj_21"
10306,375,14,"<p style=""color:white; font-size: 35px;"">善良</p>","positive","moral","善良",4,478,478,"i","true",NA,NA,NA,NA,"phase_015_subj_21"
10307,375,14,"<p style=""color:rgb(150, 250, 100); font-size: 35px;"">本人</p>","self","moral","本人",4,531,531,"i","true",NA,NA,NA,NA,"phase_015_subj_21"
10308,375,14,"<p style=""color:white; font-size: 35px;"">君子</p>","positive","moral","君子",4,555,555,"i","true",NA,NA,NA,NA,"phase_015_subj_21"
10309,375,14,"<p style=""color:rgb(150, 250, 100); font-size: 35px;"">他人</p>","other","moral","他人",4,516,516,"e","true",NA,NA,NA,NA,"phase_015_subj_21"
10310,375,14,"<p style=""color:white; font-size: 35px;"">不孝</p>","negative","moral","不孝",4,517,517,"e","true",NA,NA,NA,NA,"phase_015_subj_21"
10311,375,14,"<p style=""color:rgb(150, 250, 100); font-size: 35px;"">他</p>","other","moral","他",4,587,587,"e","true",NA,NA,NA,NA,"phase_015_subj_21"
10312,375,14,"<p style=""color:white; font-size: 35px;"">廉正</p>","positive","moral","廉正",4,653,653,"i","true",NA,NA,NA,NA,"phase_015_subj_21"
10313,375,14,"<p style=""color:rgb(150, 250, 100); font-size: 35px;"">我的</p>","self","moral","我的",4,569,569,"i","true",NA,NA,NA,NA,"phase_015_subj_21"
10314,375,14,"<p style=""color:white; font-size: 35px;"">不孝</p>","negative","moral","不孝",4,659,659,"e","true",NA,NA,NA,NA,"phase_015_subj_21"
10315,375,14,"<p style=""color:rgb(150, 250, 100); font-size: 35px;"">他的</p>","other","moral","他的",4,804,804,"e","true",NA,NA,NA,NA,"phase_015_subj_21"
10316,375,14,"<p style=""color:white; font-size: 35px;"">卑鄙</p>","negative","moral","卑鄙",4,539,539,"e","true",NA,NA,NA,NA,"phase_015_subj_21"
10317,375,14,"<p style=""color:rgb(150, 250, 100); font-size: 35px;"">本人</p>","self","moral","本人",4,543,543,"i","true",NA,NA,NA,NA,"phase_015_subj_21"
10318,375,14,"<p style=""color:white; font-size: 35px;"">高尚</p>","positive","moral","高尚",4,439,439,"i","true",NA,NA,NA,NA,"phase_015_subj_21"
10319,375,14,"<p style=""color:rgb(150, 250, 100); font-size: 35px;"">自己的</p>","self","moral","自己的",4,594,594,"i","true",NA,NA,NA,NA,"phase_015_subj_21"
10320,375,14,"<p style=""color:white; font-size: 35px;"">君子</p>","positive","moral","君子",4,554,554,"i","true",NA,NA,NA,NA,"phase_015_subj_21"
10321,375,14,"<p style=""color:rgb(150, 250, 100); font-size: 35px;"">他人的</p>","other","moral","他人的",4,522,522,"e","true",NA,NA,NA,NA,"phase_015_subj_21"
10322,375,14,"<p style=""color:white; font-size: 35px;"">卑鄙</p>","negative","moral","卑鄙",4,597,597,"e","true",NA,NA,NA,NA,"phase_015_subj_21"
10323,375,14,"<p style=""color:rgb(150, 250, 100); font-size: 35px;"">我</p>","self","moral","我",4,593,593,"i","true",NA,NA,NA,NA,"phase_015_subj_21"
10324,375,14,"<p style=""color:white; font-size: 35px;"">正直</p>","positive","moral","正直",4,581,581,"i","true",NA,NA,NA,NA,"phase_015_subj_21"
10325,375,14,"<p style=""color:rgb(150, 250, 100); font-size: 35px;"">别人</p>","other","moral","别人",4,491,491,"e","true",NA,NA,NA,NA,"phase_015_subj_21"
10326,375,14,"<p style=""color:white; font-size: 35px;"">不仁</p>","negative","moral","不仁",4,526,526,"e","true",NA,NA,NA,NA,"phase_015_subj_21"
10327,375,15,"<p style=""color:rgb(150, 250, 100); font-size: 35px;"">别人的</p>","other","moral","别人的",5,649,649,"i","true",NA,NA,NA,NA,"phase_015_subj_21"
10328,375,15,"<p style=""color:rgb(150, 250, 100); font-size: 35px;"">别人</p>","other","moral","别人",5,463,463,"i","true",NA,NA,NA,NA,"phase_015_subj_21"
10329,375,15,"<p style=""color:rgb(150, 250, 100); font-size: 35px;"">本人的</p>","self","moral","本人的",5,579,579,"e","true",NA,NA,NA,NA,"phase_015_subj_21"
10330,375,15,"<p style=""color:rgb(150, 250, 100); font-size: 35px;"">他</p>","other","moral","他",5,528,528,"i","true",NA,NA,NA,NA,"phase_015_subj_21"
10331,375,15,"<p style=""color:rgb(150, 250, 100); font-size: 35px;"">自己的</p>","self","moral","自己的",5,627,627,"e","true",NA,NA,NA,NA,"phase_015_subj_21"
10332,375,15,"<p style=""color:rgb(150, 250, 100); font-size: 35px;"">我的</p>","self","moral","我的",5,620,620,"e","true",NA,NA,NA,NA,"phase_015_subj_21"
10333,375,15,"<p style=""color:rgb(150, 250, 100); font-size: 35px;"">他人</p>","other","moral","他人",5,539,539,"i","true",NA,NA,NA,NA,"phase_015_subj_21"
10334,375,15,"<p style=""color:rgb(150, 250, 100); font-size: 35px;"">我</p>","self","moral","我",5,639,639,"e","true",NA,NA,NA,NA,"phase_015_subj_21"
10335,375,15,"<p style=""color:rgb(150, 250, 100); font-size: 35px;"">自己</p>","self","moral","自己",5,581,581,"e","true",NA,NA,NA,NA,"phase_015_subj_21"
10336,375,15,"<p style=""color:rgb(150, 250, 100); font-size: 35px;"">本人的</p>","self","moral","本人的",5,574,574,"e","true",NA,NA,NA,NA,"phase_015_subj_21"
10337,375,15,"<p style=""color:rgb(150, 250, 100); font-size: 35px;"">别人</p>","other","moral","别人",5,572,572,"i","true",NA,NA,NA,NA,"phase_015_subj_21"
10338,375,15,"<p style=""color:rgb(150, 250, 100); font-size: 35px;"">他人的</p>","other","moral","他人的",5,500,500,"i","true",NA,NA,NA,NA,"phase_015_subj_21"
10339,375,15,"<p style=""color:rgb(150, 250, 100); font-size: 35px;"">他人</p>","other","moral","他人",5,457,457,"i","true",NA,NA,NA,NA,"phase_015_subj_21"
10340,375,15,"<p style=""color:rgb(150, 250, 100); font-size: 35px;"">本人</p>","self","moral","本人",5,484,484,"e","true",NA,NA,NA,NA,"phase_015_subj_21"
10341,375,15,"<p style=""color:rgb(150, 250, 100); font-size: 35px;"">自己</p>","self","moral","自己",5,461,461,"e","true",NA,NA,NA,NA,"phase_015_subj_21"
10342,375,15,"<p style=""color:rgb(150, 250, 100); font-size: 35px;"">本人</p>","self","moral","本人",5,551,551,"e","true",NA,NA,NA,NA,"phase_015_subj_21"
10343,375,15,"<p style=""color:rgb(150, 250, 100); font-size: 35px;"">他的</p>","other","moral","他的",5,479,479,"i","true",NA,NA,NA,NA,"phase_015_subj_21"
10344,375,15,"<p style=""color:rgb(150, 250, 100); font-size: 35px;"">我</p>","self","moral","我",5,583,583,"e","true",NA,NA,NA,NA,"phase_015_subj_21"
10345,375,15,"<p style=""color:rgb(150, 250, 100); font-size: 35px;"">他人的</p>","other","moral","他人的",5,721,721,"i","true",NA,NA,NA,NA,"phase_015_subj_21"
10346,375,15,"<p style=""color:rgb(150, 250, 100); font-size: 35px;"">他</p>","other","moral","他",5,593,593,"i","true",NA,NA,NA,NA,"phase_015_subj_21"
10347,375,15,"<p style=""color:rgb(150, 250, 100); font-size: 35px;"">自己的</p>","self","moral","自己的",5,499,499,"e","true",NA,NA,NA,NA,"phase_015_subj_21"
10348,375,15,"<p style=""color:rgb(150, 250, 100); font-size: 35px;"">他的</p>","other","moral","他的",5,588,588,"i","true",NA,NA,NA,NA,"phase_015_subj_21"
10349,375,15,"<p style=""color:rgb(150, 250, 100); font-size: 35px;"">我的</p>","self","moral","我的",5,844,844,"e","true",NA,NA,NA,NA,"phase_015_subj_21"
10350,375,15,"<p style=""color:rgb(150, 250, 100); font-size: 35px;"">别人的</p>","other","moral","别人的",5,793,793,"i","true",NA,NA,NA,NA,"phase_015_subj_21"
10351,375,16,"<p style=""color:white; font-size: 35px;"">卑鄙</p>","negative","moral","卑鄙",6,793,793,"e","true",NA,NA,NA,NA,"phase_015_subj_21"
10352,375,16,"<p style=""color:rgb(150, 250, 100); font-size: 35px;"">自己的</p>","self","moral","自己的",6,579,579,"e","true",NA,NA,NA,NA,"phase_015_subj_21"
10353,375,16,"<p style=""color:white; font-size: 35px;"">高尚</p>","positive","moral","高尚",6,644,644,"i","true",NA,NA,NA,NA,"phase_015_subj_21"
10354,375,16,"<p style=""color:rgb(150, 250, 100); font-size: 35px;"">别人</p>","other","moral","别人",6,550,550,"i","true",NA,NA,NA,NA,"phase_015_subj_21"
10355,375,16,"<p style=""color:white; font-size: 35px;"">廉正</p>","positive","moral","廉正",6,662,662,"i","true",NA,NA,NA,NA,"phase_015_subj_21"
10356,375,16,"<p style=""color:rgb(150, 250, 100); font-size: 35px;"">他的</p>","other","moral","他的",6,548,548,"i","true",NA,NA,NA,NA,"phase_015_subj_21"
10357,375,16,"<p style=""color:white; font-size: 35px;"">小人</p>","negative","moral","小人",6,550,550,"e","true",NA,NA,NA,NA,"phase_015_subj_21"
10358,375,16,"<p style=""color:rgb(150, 250, 100); font-size: 35px;"">我</p>","self","moral","我",6,487,487,"e","true",NA,NA,NA,NA,"phase_015_subj_21"
10359,375,16,"<p style=""color:white; font-size: 35px;"">善良</p>","positive","moral","善良",6,714,714,"i","true",NA,NA,NA,NA,"phase_015_subj_21"
10360,375,16,"<p style=""color:rgb(150, 250, 100); font-size: 35px;"">本人</p>","self","moral","本人",6,738,738,"e","true",NA,NA,NA,NA,"phase_015_subj_21"
10361,375,16,"<p style=""color:white; font-size: 35px;"">黑心</p>","negative","moral","黑心",6,750,750,"e","true",NA,NA,NA,NA,"phase_015_subj_21"
10362,375,16,"<p style=""color:rgb(150, 250, 100); font-size: 35px;"">别人的</p>","other","moral","别人的",6,638,638,"i","true",NA,NA,NA,NA,"phase_015_subj_21"
10363,375,16,"<p style=""color:white; font-size: 35px;"">诚信</p>","positive","moral","诚信",6,535,535,"i","true",NA,NA,NA,NA,"phase_015_subj_21"
10364,375,16,"<p style=""color:rgb(150, 250, 100); font-size: 35px;"">他人</p>","other","moral","他人",6,673,673,"i","true",NA,NA,NA,NA,"phase_015_subj_21"
10365,375,16,"<p style=""color:white; font-size: 35px;"">不孝</p>","negative","moral","不孝",6,539,539,"e","true",NA,NA,NA,NA,"phase_015_subj_21"
10366,375,16,"<p style=""color:rgb(150, 250, 100); font-size: 35px;"">我的</p>","self","moral","我的",6,480,480,"e","true",NA,NA,NA,NA,"phase_015_subj_21"
10367,375,16,"<p style=""color:white; font-size: 35px;"">不仁</p>","negative","moral","不仁",6,686,686,"e","true",NA,NA,NA,NA,"phase_015_subj_21"
10368,375,16,"<p style=""color:rgb(150, 250, 100); font-size: 35px;"">他人的</p>","other","moral","他人的",6,612,612,"i","true",NA,NA,NA,NA,"phase_015_subj_21"
10369,375,16,"<p style=""color:white; font-size: 35px;"">正直</p>","positive","moral","正直",6,488,488,"i","true",NA,NA,NA,NA,"phase_015_subj_21"
10370,375,16,"<p style=""color:rgb(150, 250, 100); font-size: 35px;"">本人的</p>","self","moral","本人的",6,808,808,"e","true",NA,NA,NA,NA,"phase_015_subj_21"
10371,375,16,"<p style=""color:white; font-size: 35px;"">君子</p>","positive","moral","君子",6,1051,1051,"i","true",NA,NA,NA,NA,"phase_015_subj_21"
10372,375,16,"<p style=""color:rgb(150, 250, 100); font-size: 35px;"">他</p>","other","moral","他",6,727,727,"i","true",NA,NA,NA,NA,"phase_015_subj_21"
10373,375,16,"<p style=""color:white; font-size: 35px;"">缺德</p>","negative","moral","缺德",6,661,661,"e","true",NA,NA,NA,NA,"phase_015_subj_21"
10374,375,16,"<p style=""color:rgb(150, 250, 100); font-size: 35px;"">自己</p>","self","moral","自己",6,635,635,"e","true",NA,NA,NA,NA,"phase_015_subj_21"
10375,375,17,"<p style=""color:white; font-size: 35px;"">诚信</p>","positive","moral","诚信",7,785,785,"i","true",NA,NA,NA,NA,"phase_015_subj_21"
10376,375,17,"<p style=""color:rgb(150, 250, 100); font-size: 35px;"">他人</p>","other","moral","他人",7,433,433,"i","true",NA,NA,NA,NA,"phase_015_subj_21"
10377,375,17,"<p style=""color:white; font-size: 35px;"">卑鄙</p>","negative","moral","卑鄙",7,510,510,"e","true",NA,NA,NA,NA,"phase_015_subj_21"
10378,375,17,"<p style=""color:rgb(150, 250, 100); font-size: 35px;"">我的</p>","self","moral","我的",7,390,390,"e","true",NA,NA,NA,NA,"phase_015_subj_21"
10379,375,17,"<p style=""color:white; font-size: 35px;"">高尚</p>","positive","moral","高尚",7,498,498,"i","true",NA,NA,NA,NA,"phase_015_subj_21"
10380,375,17,"<p style=""color:rgb(150, 250, 100); font-size: 35px;"">自己</p>","self","moral","自己",7,691,691,"e","true",NA,NA,NA,NA,"phase_015_subj_21"
10381,375,17,"<p style=""color:white; font-size: 35px;"">不仁</p>","negative","moral","不仁",7,680,680,"e","true",NA,NA,NA,NA,"phase_015_subj_21"
10382,375,17,"<p style=""color:rgb(150, 250, 100); font-size: 35px;"">他</p>","other","moral","他",7,607,607,"i","true",NA,NA,NA,NA,"phase_015_subj_21"
10383,375,17,"<p style=""color:white; font-size: 35px;"">不仁</p>","negative","moral","不仁",7,1186,1186,"e","true",NA,NA,NA,NA,"phase_015_subj_21"
10384,375,17,"<p style=""color:rgb(150, 250, 100); font-size: 35px;"">他</p>","other","moral","他",7,568,568,"i","true",NA,NA,NA,NA,"phase_015_subj_21"
10385,375,17,"<p style=""color:white; font-size: 35px;"">君子</p>","positive","moral","君子",7,709,1245.19565217391,"e","false",NA,NA,NA,NA,"phase_015_subj_21"
10386,375,17,"<p style=""color:rgb(150, 250, 100); font-size: 35px;"">本人的</p>","self","moral","本人的",7,755,755,"e","true",NA,NA,NA,NA,"phase_015_subj_21"
10387,375,17,"<p style=""color:white; font-size: 35px;"">正直</p>","positive","moral","正直",7,606,606,"i","true",NA,NA,NA,NA,"phase_015_subj_21"
10388,375,17,"<p style=""color:rgb(150, 250, 100); font-size: 35px;"">别人</p>","other","moral","别人",7,715,715,"i","true",NA,NA,NA,NA,"phase_015_subj_21"
10389,375,17,"<p style=""color:white; font-size: 35px;"">小人</p>","negative","moral","小人",7,596,596,"e","true",NA,NA,NA,NA,"phase_015_subj_21"
10390,375,17,"<p style=""color:rgb(150, 250, 100); font-size: 35px;"">本人</p>","self","moral","本人",7,520,520,"e","true",NA,NA,NA,NA,"phase_015_subj_21"
10391,375,17,"<p style=""color:white; font-size: 35px;"">正直</p>","positive","moral","正直",7,551,551,"i","true",NA,NA,NA,NA,"phase_015_subj_21"
10392,375,17,"<p style=""color:rgb(150, 250, 100); font-size: 35px;"">本人的</p>","self","moral","本人的",7,747,747,"e","true",NA,NA,NA,NA,"phase_015_subj_21"
10393,375,17,"<p style=""color:white; font-size: 35px;"">卑鄙</p>","negative","moral","卑鄙",7,681,681,"e","true",NA,NA,NA,NA,"phase_015_subj_21"
10394,375,17,"<p style=""color:rgb(150, 250, 100); font-size: 35px;"">他人的</p>","other","moral","他人的",7,656,656,"i","true",NA,NA,NA,NA,"phase_015_subj_21"
10395,375,17,"<p style=""color:white; font-size: 35px;"">善良</p>","positive","moral","善良",7,778,778,"i","true",NA,NA,NA,NA,"phase_015_subj_21"
10396,375,17,"<p style=""color:rgb(150, 250, 100); font-size: 35px;"">自己的</p>","self","moral","自己的",7,671,671,"e","true",NA,NA,NA,NA,"phase_015_subj_21"
10397,375,17,"<p style=""color:white; font-size: 35px;"">黑心</p>","negative","moral","黑心",7,624,624,"e","true",NA,NA,NA,NA,"phase_015_subj_21"
10398,375,17,"<p style=""color:rgb(150, 250, 100); font-size: 35px;"">别人的</p>","other","moral","别人的",7,629,629,"i","true",NA,NA,NA,NA,"phase_015_subj_21"
10399,375,17,"<p style=""color:white; font-size: 35px;"">诚信</p>","positive","moral","诚信",7,580,580,"i","true",NA,NA,NA,NA,"phase_015_subj_21"
10400,375,17,"<p style=""color:rgb(150, 250, 100); font-size: 35px;"">他人的</p>","other","moral","他人的",7,642,642,"i","true",NA,NA,NA,NA,"phase_015_subj_21"
10401,375,17,"<p style=""color:white; font-size: 35px;"">缺德</p>","negative","moral","缺德",7,616,616,"e","true",NA,NA,NA,NA,"phase_015_subj_21"
10402,375,17,"<p style=""color:rgb(150, 250, 100); font-size: 35px;"">我的</p>","self","moral","我的",7,477,477,"e","true",NA,NA,NA,NA,"phase_015_subj_21"
10403,375,17,"<p style=""color:white; font-size: 35px;"">善良</p>","positive","moral","善良",7,747,747,"i","true",NA,NA,NA,NA,"phase_015_subj_21"
10404,375,17,"<p style=""color:rgb(150, 250, 100); font-size: 35px;"">别人</p>","other","moral","别人",7,616,616,"i","true",NA,NA,NA,NA,"phase_015_subj_21"
10405,375,17,"<p style=""color:white; font-size: 35px;"">小人</p>","negative","moral","小人",7,647,647,"e","true",NA,NA,NA,NA,"phase_015_subj_21"
10406,375,17,"<p style=""color:rgb(150, 250, 100); font-size: 35px;"">我</p>","self","moral","我",7,568,568,"e","true",NA,NA,NA,NA,"phase_015_subj_21"
10407,375,17,"<p style=""color:white; font-size: 35px;"">高尚</p>","positive","moral","高尚",7,526,526,"i","true",NA,NA,NA,NA,"phase_015_subj_21"
10408,375,17,"<p style=""color:rgb(150, 250, 100); font-size: 35px;"">自己</p>","self","moral","自己",7,813,813,"e","true",NA,NA,NA,NA,"phase_015_subj_21"
10409,375,17,"<p style=""color:white; font-size: 35px;"">黑心</p>","negative","moral","黑心",7,660,660,"e","true",NA,NA,NA,NA,"phase_015_subj_21"
10410,375,17,"<p style=""color:rgb(150, 250, 100); font-size: 35px;"">他人</p>","other","moral","他人",7,668,668,"i","true",NA,NA,NA,NA,"phase_015_subj_21"
10411,375,17,"<p style=""color:white; font-size: 35px;"">缺德</p>","negative","moral","缺德",7,896,1245.19565217391,"i","false",NA,NA,NA,NA,"phase_015_subj_21"
10412,375,17,"<p style=""color:rgb(150, 250, 100); font-size: 35px;"">本人</p>","self","moral","本人",7,726,726,"e","true",NA,NA,NA,NA,"phase_015_subj_21"
10413,375,17,"<p style=""color:white; font-size: 35px;"">廉正</p>","positive","moral","廉正",7,753,753,"i","true",NA,NA,NA,NA,"phase_015_subj_21"
10414,375,17,"<p style=""color:rgb(150, 250, 100); font-size: 35px;"">他的</p>","other","moral","他的",7,663,663,"i","true",NA,NA,NA,NA,"phase_015_subj_21"
10415,375,17,"<p style=""color:white; font-size: 35px;"">廉正</p>","positive","moral","廉正",7,682,682,"i","true",NA,NA,NA,NA,"phase_015_subj_21"
10416,375,17,"<p style=""color:rgb(150, 250, 100); font-size: 35px;"">自己的</p>","self","moral","自己的",7,757,757,"e","true",NA,NA,NA,NA,"phase_015_subj_21"
10417,375,17,"<p style=""color:white; font-size: 35px;"">不孝</p>","negative","moral","不孝",7,514,514,"e","true",NA,NA,NA,NA,"phase_015_subj_21"
10418,375,17,"<p style=""color:rgb(150, 250, 100); font-size: 35px;"">他的</p>","other","moral","他的",7,620,620,"i","true",NA,NA,NA,NA,"phase_015_subj_21"
10419,375,17,"<p style=""color:white; font-size: 35px;"">君子</p>","positive","moral","君子",7,595,595,"i","true",NA,NA,NA,NA,"phase_015_subj_21"
10420,375,17,"<p style=""color:rgb(150, 250, 100); font-size: 35px;"">我</p>","self","moral","我",7,774,774,"e","true",NA,NA,NA,NA,"phase_015_subj_21"
10421,375,17,"<p style=""color:white; font-size: 35px;"">不孝</p>","negative","moral","不孝",7,539,539,"e","true",NA,NA,NA,NA,"phase_015_subj_21"
10422,375,17,"<p style=""color:rgb(150, 250, 100); font-size: 35px;"">别人的</p>","other","moral","别人的",7,619,619,"i","true",NA,NA,NA,NA,"phase_015_subj_21"
10423,571,NA,"
    <h3>词语分类任务</h3>
    <p>在接下来的任务中，你需要对一系列词语进行分类。<p/>
    请先熟悉这些词语，这有利于你完成接下来的任务。</p>
    <table align=""center"" border=1 cellpadding=3 cellspacing=0>
    <tr> <th>类别</th> <th>词语</th> </tr>
    <tr> <td>&emsp;积极&emsp;</td> <td>&emsp;高尚、诚信、善良、君子、廉正、正直&emsp;</td> </tr>
    <tr> <td>&emsp;消极&emsp;</td> <td>&emsp;缺德、卑鄙、不孝、不仁、小人、黑心&emsp;</td> </tr>
    <tr> <td>&emsp;自我&emsp;</td> <td>&emsp;我、我的、自己、自己的、本人、本人的&emsp;</td> </tr>
    <tr> <td>&emsp;他人&emsp;</td> <td>&emsp;他、他的、别人、别人的、他人、他人的&emsp;</td> </tr>
    </table><br/>","","","",NA,46645,NA,"0","",NA,NA,1,1,"phase_015_subj_35"
10424,571,11,"<p style=""color:rgb(150, 250, 100); font-size: 35px;"">我</p>","self","moral","我",1,728,728,"e","true",NA,NA,NA,NA,"phase_015_subj_35"
10425,571,11,"<p style=""color:rgb(150, 250, 100); font-size: 35px;"">本人的</p>","self","moral","本人的",1,679,679,"e","true",NA,NA,NA,NA,"phase_015_subj_35"
10426,571,11,"<p style=""color:rgb(150, 250, 100); font-size: 35px;"">别人的</p>","other","moral","别人的",1,631,631,"i","true",NA,NA,NA,NA,"phase_015_subj_35"
10427,571,11,"<p style=""color:rgb(150, 250, 100); font-size: 35px;"">自己的</p>","self","moral","自己的",1,518,518,"e","true",NA,NA,NA,NA,"phase_015_subj_35"
10428,571,11,"<p style=""color:rgb(150, 250, 100); font-size: 35px;"">他人的</p>","other","moral","他人的",1,547,547,"i","true",NA,NA,NA,NA,"phase_015_subj_35"
10429,571,11,"<p style=""color:rgb(150, 250, 100); font-size: 35px;"">本人</p>","self","moral","本人",1,532,532,"e","true",NA,NA,NA,NA,"phase_015_subj_35"
10430,571,11,"<p style=""color:rgb(150, 250, 100); font-size: 35px;"">我的</p>","self","moral","我的",1,505,505,"e","true",NA,NA,NA,NA,"phase_015_subj_35"
10431,571,11,"<p style=""color:rgb(150, 250, 100); font-size: 35px;"">自己</p>","self","moral","自己",1,466,466,"e","true",NA,NA,NA,NA,"phase_015_subj_35"
10432,571,11,"<p style=""color:rgb(150, 250, 100); font-size: 35px;"">他</p>","other","moral","他",1,548,548,"i","true",NA,NA,NA,NA,"phase_015_subj_35"
10433,571,11,"<p style=""color:rgb(150, 250, 100); font-size: 35px;"">别人</p>","other","moral","别人",1,491,491,"e","false",NA,NA,NA,NA,"phase_015_subj_35"
10434,571,11,"<p style=""color:rgb(150, 250, 100); font-size: 35px;"">他的</p>","other","moral","他的",1,553,553,"i","true",NA,NA,NA,NA,"phase_015_subj_35"
10435,571,11,"<p style=""color:rgb(150, 250, 100); font-size: 35px;"">他人</p>","other","moral","他人",1,396,396,"i","true",NA,NA,NA,NA,"phase_015_subj_35"
10436,571,12,"<p style=""color:white; font-size: 35px;"">廉正</p>","positive","moral","廉正",2,721,721,"e","true",NA,NA,NA,NA,"phase_015_subj_35"
10437,571,12,"<p style=""color:white; font-size: 35px;"">不孝</p>","negative","moral","不孝",2,648,648,"i","true",NA,NA,NA,NA,"phase_015_subj_35"
10438,571,12,"<p style=""color:white; font-size: 35px;"">君子</p>","positive","moral","君子",2,605,605,"e","true",NA,NA,NA,NA,"phase_015_subj_35"
10439,571,12,"<p style=""color:white; font-size: 35px;"">诚信</p>","positive","moral","诚信",2,498,498,"e","true",NA,NA,NA,NA,"phase_015_subj_35"
10440,571,12,"<p style=""color:white; font-size: 35px;"">黑心</p>","negative","moral","黑心",2,521,521,"i","true",NA,NA,NA,NA,"phase_015_subj_35"
10441,571,12,"<p style=""color:white; font-size: 35px;"">高尚</p>","positive","moral","高尚",2,506,506,"e","true",NA,NA,NA,NA,"phase_015_subj_35"
10442,571,12,"<p style=""color:white; font-size: 35px;"">缺德</p>","negative","moral","缺德",2,517,517,"i","true",NA,NA,NA,NA,"phase_015_subj_35"
10443,571,12,"<p style=""color:white; font-size: 35px;"">正直</p>","positive","moral","正直",2,469,469,"e","true",NA,NA,NA,NA,"phase_015_subj_35"
10444,571,12,"<p style=""color:white; font-size: 35px;"">卑鄙</p>","negative","moral","卑鄙",2,536,536,"i","true",NA,NA,NA,NA,"phase_015_subj_35"
10445,571,12,"<p style=""color:white; font-size: 35px;"">不仁</p>","negative","moral","不仁",2,505,505,"i","true",NA,NA,NA,NA,"phase_015_subj_35"
10446,571,12,"<p style=""color:white; font-size: 35px;"">善良</p>","positive","moral","善良",2,490,490,"e","true",NA,NA,NA,NA,"phase_015_subj_35"
10447,571,12,"<p style=""color:white; font-size: 35px;"">小人</p>","negative","moral","小人",2,648,648,"i","true",NA,NA,NA,NA,"phase_015_subj_35"
10448,571,13,"<p style=""color:rgb(150, 250, 100); font-size: 35px;"">我</p>","self","moral","我",3,457,457,"e","true",NA,NA,NA,NA,"phase_015_subj_35"
10449,571,13,"<p style=""color:white; font-size: 35px;"">善良</p>","positive","moral","善良",3,592,592,"e","true",NA,NA,NA,NA,"phase_015_subj_35"
10450,571,13,"<p style=""color:rgb(150, 250, 100); font-size: 35px;"">他人</p>","other","moral","他人",3,502,1164.95454545455,"e","false",NA,NA,NA,NA,"phase_015_subj_35"
10451,571,13,"<p style=""color:white; font-size: 35px;"">不孝</p>","negative","moral","不孝",3,602,602,"i","true",NA,NA,NA,NA,"phase_015_subj_35"
10452,571,13,"<p style=""color:rgb(150, 250, 100); font-size: 35px;"">他</p>","other","moral","他",3,563,563,"i","true",NA,NA,NA,NA,"phase_015_subj_35"
10453,571,13,"<p style=""color:white; font-size: 35px;"">黑心</p>","negative","moral","黑心",3,460,460,"i","true",NA,NA,NA,NA,"phase_015_subj_35"
10454,571,13,"<p style=""color:rgb(150, 250, 100); font-size: 35px;"">本人的</p>","self","moral","本人的",3,538,538,"e","true",NA,NA,NA,NA,"phase_015_subj_35"
10455,571,13,"<p style=""color:white; font-size: 35px;"">诚信</p>","positive","moral","诚信",3,520,520,"e","true",NA,NA,NA,NA,"phase_015_subj_35"
10456,571,13,"<p style=""color:rgb(150, 250, 100); font-size: 35px;"">他的</p>","other","moral","他的",3,540,1164.95454545455,"e","false",NA,NA,NA,NA,"phase_015_subj_35"
10457,571,13,"<p style=""color:white; font-size: 35px;"">不仁</p>","negative","moral","不仁",3,559,559,"i","true",NA,NA,NA,NA,"phase_015_subj_35"
10458,571,13,"<p style=""color:rgb(150, 250, 100); font-size: 35px;"">自己的</p>","self","moral","自己的",3,573,573,"e","true",NA,NA,NA,NA,"phase_015_subj_35"
10459,571,13,"<p style=""color:white; font-size: 35px;"">廉正</p>","positive","moral","廉正",3,490,490,"e","true",NA,NA,NA,NA,"phase_015_subj_35"
10460,571,13,"<p style=""color:rgb(150, 250, 100); font-size: 35px;"">本人</p>","self","moral","本人",3,491,491,"e","true",NA,NA,NA,NA,"phase_015_subj_35"
10461,571,13,"<p style=""color:white; font-size: 35px;"">小人</p>","negative","moral","小人",3,646,646,"i","true",NA,NA,NA,NA,"phase_015_subj_35"
10462,571,13,"<p style=""color:rgb(150, 250, 100); font-size: 35px;"">他人的</p>","other","moral","他人的",3,484,484,"i","true",NA,NA,NA,NA,"phase_015_subj_35"
10463,571,13,"<p style=""color:white; font-size: 35px;"">正直</p>","positive","moral","正直",3,579,579,"e","true",NA,NA,NA,NA,"phase_015_subj_35"
10464,571,13,"<p style=""color:rgb(150, 250, 100); font-size: 35px;"">别人</p>","other","moral","别人",3,564,564,"i","true",NA,NA,NA,NA,"phase_015_subj_35"
10465,571,13,"<p style=""color:white; font-size: 35px;"">高尚</p>","positive","moral","高尚",3,536,536,"e","true",NA,NA,NA,NA,"phase_015_subj_35"
10466,571,13,"<p style=""color:rgb(150, 250, 100); font-size: 35px;"">自己</p>","self","moral","自己",3,768,768,"e","true",NA,NA,NA,NA,"phase_015_subj_35"
10467,571,13,"<p style=""color:white; font-size: 35px;"">卑鄙</p>","negative","moral","卑鄙",3,627,627,"i","true",NA,NA,NA,NA,"phase_015_subj_35"
10468,571,13,"<p style=""color:rgb(150, 250, 100); font-size: 35px;"">我的</p>","self","moral","我的",3,596,596,"e","true",NA,NA,NA,NA,"phase_015_subj_35"
10469,571,13,"<p style=""color:white; font-size: 35px;"">缺德</p>","negative","moral","缺德",3,596,596,"i","true",NA,NA,NA,NA,"phase_015_subj_35"
10470,571,13,"<p style=""color:rgb(150, 250, 100); font-size: 35px;"">别人的</p>","other","moral","别人的",3,611,611,"i","true",NA,NA,NA,NA,"phase_015_subj_35"
10471,571,13,"<p style=""color:white; font-size: 35px;"">君子</p>","positive","moral","君子",3,577,577,"e","true",NA,NA,NA,NA,"phase_015_subj_35"
10472,571,14,"<p style=""color:rgb(150, 250, 100); font-size: 35px;"">我</p>","self","moral","我",4,573,573,"e","true",NA,NA,NA,NA,"phase_015_subj_35"
10473,571,14,"<p style=""color:white; font-size: 35px;"">高尚</p>","positive","moral","高尚",4,595,595,"e","true",NA,NA,NA,NA,"phase_015_subj_35"
10474,571,14,"<p style=""color:rgb(150, 250, 100); font-size: 35px;"">他人的</p>","other","moral","他人的",4,590,590,"i","true",NA,NA,NA,NA,"phase_015_subj_35"
10475,571,14,"<p style=""color:white; font-size: 35px;"">小人</p>","negative","moral","小人",4,466,466,"i","true",NA,NA,NA,NA,"phase_015_subj_35"
10476,571,14,"<p style=""color:rgb(150, 250, 100); font-size: 35px;"">我的</p>","self","moral","我的",4,491,491,"e","true",NA,NA,NA,NA,"phase_015_subj_35"
10477,571,14,"<p style=""color:white; font-size: 35px;"">黑心</p>","negative","moral","黑心",4,515,515,"i","true",NA,NA,NA,NA,"phase_015_subj_35"
10478,571,14,"<p style=""color:rgb(150, 250, 100); font-size: 35px;"">他</p>","other","moral","他",4,558,1165.975,"e","false",NA,NA,NA,NA,"phase_015_subj_35"
10479,571,14,"<p style=""color:white; font-size: 35px;"">君子</p>","positive","moral","君子",4,579,579,"e","true",NA,NA,NA,NA,"phase_015_subj_35"
10480,571,14,"<p style=""color:rgb(150, 250, 100); font-size: 35px;"">他的</p>","other","moral","他的",4,523,523,"i","true",NA,NA,NA,NA,"phase_015_subj_35"
10481,571,14,"<p style=""color:white; font-size: 35px;"">善良</p>","positive","moral","善良",4,567,567,"e","true",NA,NA,NA,NA,"phase_015_subj_35"
10482,571,14,"<p style=""color:rgb(150, 250, 100); font-size: 35px;"">自己</p>","self","moral","自己",4,661,661,"e","true",NA,NA,NA,NA,"phase_015_subj_35"
10483,571,14,"<p style=""color:white; font-size: 35px;"">不孝</p>","negative","moral","不孝",4,545,545,"i","true",NA,NA,NA,NA,"phase_015_subj_35"
10484,571,14,"<p style=""color:rgb(150, 250, 100); font-size: 35px;"">别人的</p>","other","moral","别人的",4,565,565,"i","true",NA,NA,NA,NA,"phase_015_subj_35"
10485,571,14,"<p style=""color:white; font-size: 35px;"">不孝</p>","negative","moral","不孝",4,449,449,"i","true",NA,NA,NA,NA,"phase_015_subj_35"
10486,571,14,"<p style=""color:rgb(150, 250, 100); font-size: 35px;"">我的</p>","self","moral","我的",4,639,639,"e","true",NA,NA,NA,NA,"phase_015_subj_35"
10487,571,14,"<p style=""color:white; font-size: 35px;"">君子</p>","positive","moral","君子",4,528,1165.975,"i","false",NA,NA,NA,NA,"phase_015_subj_35"
10488,571,14,"<p style=""color:rgb(150, 250, 100); font-size: 35px;"">本人的</p>","self","moral","本人的",4,525,525,"e","true",NA,NA,NA,NA,"phase_015_subj_35"
10489,571,14,"<p style=""color:white; font-size: 35px;"">缺德</p>","negative","moral","缺德",4,525,525,"i","true",NA,NA,NA,NA,"phase_015_subj_35"
10490,571,14,"<p style=""color:rgb(150, 250, 100); font-size: 35px;"">他人</p>","other","moral","他人",4,548,548,"i","true",NA,NA,NA,NA,"phase_015_subj_35"
10491,571,14,"<p style=""color:white; font-size: 35px;"">正直</p>","positive","moral","正直",4,601,601,"e","true",NA,NA,NA,NA,"phase_015_subj_35"
10492,571,14,"<p style=""color:rgb(150, 250, 100); font-size: 35px;"">别人的</p>","other","moral","别人的",4,554,554,"i","true",NA,NA,NA,NA,"phase_015_subj_35"
10493,571,14,"<p style=""color:white; font-size: 35px;"">廉正</p>","positive","moral","廉正",4,487,487,"e","true",NA,NA,NA,NA,"phase_015_subj_35"
10494,571,14,"<p style=""color:rgb(150, 250, 100); font-size: 35px;"">自己的</p>","self","moral","自己的",4,586,1165.975,"i","false",NA,NA,NA,NA,"phase_015_subj_35"
10495,571,14,"<p style=""color:white; font-size: 35px;"">不仁</p>","negative","moral","不仁",4,589,589,"i","true",NA,NA,NA,NA,"phase_015_subj_35"
10496,571,14,"<p style=""color:rgb(150, 250, 100); font-size: 35px;"">本人的</p>","self","moral","本人的",4,570,570,"e","true",NA,NA,NA,NA,"phase_015_subj_35"
10497,571,14,"<p style=""color:white; font-size: 35px;"">不仁</p>","negative","moral","不仁",4,520,520,"i","true",NA,NA,NA,NA,"phase_015_subj_35"
10498,571,14,"<p style=""color:rgb(150, 250, 100); font-size: 35px;"">他的</p>","other","moral","他的",4,528,1165.975,"e","false",NA,NA,NA,NA,"phase_015_subj_35"
10499,571,14,"<p style=""color:white; font-size: 35px;"">诚信</p>","positive","moral","诚信",4,546,546,"e","true",NA,NA,NA,NA,"phase_015_subj_35"
10500,571,14,"<p style=""color:rgb(150, 250, 100); font-size: 35px;"">本人</p>","self","moral","本人",4,554,554,"e","true",NA,NA,NA,NA,"phase_015_subj_35"
10501,571,14,"<p style=""color:white; font-size: 35px;"">缺德</p>","negative","moral","缺德",4,626,626,"i","true",NA,NA,NA,NA,"phase_015_subj_35"
10502,571,14,"<p style=""color:rgb(150, 250, 100); font-size: 35px;"">他人的</p>","other","moral","他人的",4,511,1165.975,"e","false",NA,NA,NA,NA,"phase_015_subj_35"
10503,571,14,"<p style=""color:white; font-size: 35px;"">善良</p>","positive","moral","善良",4,555,555,"e","true",NA,NA,NA,NA,"phase_015_subj_35"
10504,571,14,"<p style=""color:rgb(150, 250, 100); font-size: 35px;"">自己的</p>","self","moral","自己的",4,587,1165.975,"i","false",NA,NA,NA,NA,"phase_015_subj_35"
10505,571,14,"<p style=""color:white; font-size: 35px;"">卑鄙</p>","negative","moral","卑鄙",4,576,576,"i","true",NA,NA,NA,NA,"phase_015_subj_35"
10506,571,14,"<p style=""color:rgb(150, 250, 100); font-size: 35px;"">别人</p>","other","moral","别人",4,652,1165.975,"e","false",NA,NA,NA,NA,"phase_015_subj_35"
10507,571,14,"<p style=""color:white; font-size: 35px;"">正直</p>","positive","moral","正直",4,572,572,"e","true",NA,NA,NA,NA,"phase_015_subj_35"
10508,571,14,"<p style=""color:rgb(150, 250, 100); font-size: 35px;"">我</p>","self","moral","我",4,523,523,"e","true",NA,NA,NA,NA,"phase_015_subj_35"
10509,571,14,"<p style=""color:white; font-size: 35px;"">小人</p>","negative","moral","小人",4,551,551,"i","true",NA,NA,NA,NA,"phase_015_subj_35"
10510,571,14,"<p style=""color:rgb(150, 250, 100); font-size: 35px;"">他人</p>","other","moral","他人",4,528,1165.975,"e","false",NA,NA,NA,NA,"phase_015_subj_35"
10511,571,14,"<p style=""color:white; font-size: 35px;"">诚信</p>","positive","moral","诚信",4,619,619,"e","true",NA,NA,NA,NA,"phase_015_subj_35"
10512,571,14,"<p style=""color:rgb(150, 250, 100); font-size: 35px;"">他</p>","other","moral","他",4,578,578,"i","true",NA,NA,NA,NA,"phase_015_subj_35"
10513,571,14,"<p style=""color:white; font-size: 35px;"">廉正</p>","positive","moral","廉正",4,707,707,"e","true",NA,NA,NA,NA,"phase_015_subj_35"
10514,571,14,"<p style=""color:rgb(150, 250, 100); font-size: 35px;"">本人</p>","self","moral","本人",4,602,602,"e","true",NA,NA,NA,NA,"phase_015_subj_35"
10515,571,14,"<p style=""color:white; font-size: 35px;"">黑心</p>","negative","moral","黑心",4,518,518,"i","true",NA,NA,NA,NA,"phase_015_subj_35"
10516,571,14,"<p style=""color:rgb(150, 250, 100); font-size: 35px;"">自己</p>","self","moral","自己",4,591,591,"e","true",NA,NA,NA,NA,"phase_015_subj_35"
10517,571,14,"<p style=""color:white; font-size: 35px;"">卑鄙</p>","negative","moral","卑鄙",4,646,646,"i","true",NA,NA,NA,NA,"phase_015_subj_35"
10518,571,14,"<p style=""color:rgb(150, 250, 100); font-size: 35px;"">别人</p>","other","moral","别人",4,628,628,"i","true",NA,NA,NA,NA,"phase_015_subj_35"
10519,571,14,"<p style=""color:white; font-size: 35px;"">高尚</p>","positive","moral","高尚",4,570,570,"e","true",NA,NA,NA,NA,"phase_015_subj_35"
10520,571,15,"<p style=""color:rgb(150, 250, 100); font-size: 35px;"">本人的</p>","self","moral","本人的",5,668,668,"i","true",NA,NA,NA,NA,"phase_015_subj_35"
10521,571,15,"<p style=""color:rgb(150, 250, 100); font-size: 35px;"">他</p>","other","moral","他",5,677,677,"e","true",NA,NA,NA,NA,"phase_015_subj_35"
10522,571,15,"<p style=""color:rgb(150, 250, 100); font-size: 35px;"">他人的</p>","other","moral","他人的",5,651,651,"e","true",NA,NA,NA,NA,"phase_015_subj_35"
10523,571,15,"<p style=""color:rgb(150, 250, 100); font-size: 35px;"">他的</p>","other","moral","他的",5,488,488,"e","true",NA,NA,NA,NA,"phase_015_subj_35"
10524,571,15,"<p style=""color:rgb(150, 250, 100); font-size: 35px;"">我</p>","self","moral","我",5,480,480,"i","true",NA,NA,NA,NA,"phase_015_subj_35"
10525,571,15,"<p style=""color:rgb(150, 250, 100); font-size: 35px;"">他人</p>","other","moral","他人",5,525,525,"e","true",NA,NA,NA,NA,"phase_015_subj_35"
10526,571,15,"<p style=""color:rgb(150, 250, 100); font-size: 35px;"">他</p>","other","moral","他",5,558,558,"e","true",NA,NA,NA,NA,"phase_015_subj_35"
10527,571,15,"<p style=""color:rgb(150, 250, 100); font-size: 35px;"">我的</p>","self","moral","我的",5,482,482,"i","true",NA,NA,NA,NA,"phase_015_subj_35"
10528,571,15,"<p style=""color:rgb(150, 250, 100); font-size: 35px;"">本人</p>","self","moral","本人",5,618,618,"i","true",NA,NA,NA,NA,"phase_015_subj_35"
10529,571,15,"<p style=""color:rgb(150, 250, 100); font-size: 35px;"">我的</p>","self","moral","我的",5,439,439,"i","true",NA,NA,NA,NA,"phase_015_subj_35"
10530,571,15,"<p style=""color:rgb(150, 250, 100); font-size: 35px;"">别人</p>","other","moral","别人",5,526,526,"e","true",NA,NA,NA,NA,"phase_015_subj_35"
10531,571,15,"<p style=""color:rgb(150, 250, 100); font-size: 35px;"">我</p>","self","moral","我",5,489,489,"i","true",NA,NA,NA,NA,"phase_015_subj_35"
10532,571,15,"<p style=""color:rgb(150, 250, 100); font-size: 35px;"">自己的</p>","self","moral","自己的",5,515,515,"i","true",NA,NA,NA,NA,"phase_015_subj_35"
10533,571,15,"<p style=""color:rgb(150, 250, 100); font-size: 35px;"">自己</p>","self","moral","自己",5,479,479,"i","true",NA,NA,NA,NA,"phase_015_subj_35"
10534,571,15,"<p style=""color:rgb(150, 250, 100); font-size: 35px;"">别人的</p>","other","moral","别人的",5,496,496,"e","true",NA,NA,NA,NA,"phase_015_subj_35"
10535,571,15,"<p style=""color:rgb(150, 250, 100); font-size: 35px;"">他人</p>","other","moral","他人",5,529,529,"e","true",NA,NA,NA,NA,"phase_015_subj_35"
10536,571,15,"<p style=""color:rgb(150, 250, 100); font-size: 35px;"">他人的</p>","other","moral","他人的",5,502,502,"e","true",NA,NA,NA,NA,"phase_015_subj_35"
10537,571,15,"<p style=""color:rgb(150, 250, 100); font-size: 35px;"">本人的</p>","self","moral","本人的",5,428,428,"e","false",NA,NA,NA,NA,"phase_015_subj_35"
10538,571,15,"<p style=""color:rgb(150, 250, 100); font-size: 35px;"">别人</p>","other","moral","别人",5,635,635,"e","true",NA,NA,NA,NA,"phase_015_subj_35"
10539,571,15,"<p style=""color:rgb(150, 250, 100); font-size: 35px;"">他的</p>","other","moral","他的",5,464,464,"e","true",NA,NA,NA,NA,"phase_015_subj_35"
10540,571,15,"<p style=""color:rgb(150, 250, 100); font-size: 35px;"">别人的</p>","other","moral","别人的",5,499,499,"e","true",NA,NA,NA,NA,"phase_015_subj_35"
10541,571,15,"<p style=""color:rgb(150, 250, 100); font-size: 35px;"">自己的</p>","self","moral","自己的",5,495,495,"i","true",NA,NA,NA,NA,"phase_015_subj_35"
10542,571,15,"<p style=""color:rgb(150, 250, 100); font-size: 35px;"">自己</p>","self","moral","自己",5,451,451,"i","true",NA,NA,NA,NA,"phase_015_subj_35"
10543,571,15,"<p style=""color:rgb(150, 250, 100); font-size: 35px;"">本人</p>","self","moral","本人",5,484,484,"i","true",NA,NA,NA,NA,"phase_015_subj_35"
10544,571,16,"<p style=""color:white; font-size: 35px;"">不仁</p>","negative","moral","不仁",6,735,735,"i","true",NA,NA,NA,NA,"phase_015_subj_35"
10545,571,16,"<p style=""color:rgb(150, 250, 100); font-size: 35px;"">他人</p>","other","moral","他人",6,669,669,"e","true",NA,NA,NA,NA,"phase_015_subj_35"
10546,571,16,"<p style=""color:white; font-size: 35px;"">诚信</p>","positive","moral","诚信",6,1228,1228,"e","true",NA,NA,NA,NA,"phase_015_subj_35"
10547,571,16,"<p style=""color:rgb(150, 250, 100); font-size: 35px;"">自己的</p>","self","moral","自己的",6,714,714,"i","true",NA,NA,NA,NA,"phase_015_subj_35"
10548,571,16,"<p style=""color:white; font-size: 35px;"">黑心</p>","negative","moral","黑心",6,493,493,"i","true",NA,NA,NA,NA,"phase_015_subj_35"
10549,571,16,"<p style=""color:rgb(150, 250, 100); font-size: 35px;"">自己</p>","self","moral","自己",6,517,517,"i","true",NA,NA,NA,NA,"phase_015_subj_35"
10550,571,16,"<p style=""color:white; font-size: 35px;"">廉正</p>","positive","moral","廉正",6,618,618,"e","true",NA,NA,NA,NA,"phase_015_subj_35"
10551,571,16,"<p style=""color:rgb(150, 250, 100); font-size: 35px;"">他</p>","other","moral","他",6,602,602,"e","true",NA,NA,NA,NA,"phase_015_subj_35"
10552,571,16,"<p style=""color:white; font-size: 35px;"">卑鄙</p>","negative","moral","卑鄙",6,564,564,"i","true",NA,NA,NA,NA,"phase_015_subj_35"
10553,571,16,"<p style=""color:rgb(150, 250, 100); font-size: 35px;"">别人的</p>","other","moral","别人的",6,547,547,"e","true",NA,NA,NA,NA,"phase_015_subj_35"
10554,571,16,"<p style=""color:white; font-size: 35px;"">高尚</p>","positive","moral","高尚",6,600,1231.52380952381,"i","false",NA,NA,NA,NA,"phase_015_subj_35"
10555,571,16,"<p style=""color:rgb(150, 250, 100); font-size: 35px;"">本人的</p>","self","moral","本人的",6,785,785,"i","true",NA,NA,NA,NA,"phase_015_subj_35"
10556,571,16,"<p style=""color:white; font-size: 35px;"">缺德</p>","negative","moral","缺德",6,526,526,"i","true",NA,NA,NA,NA,"phase_015_subj_35"
10557,571,16,"<p style=""color:rgb(150, 250, 100); font-size: 35px;"">本人</p>","self","moral","本人",6,620,620,"i","true",NA,NA,NA,NA,"phase_015_subj_35"
10558,571,16,"<p style=""color:white; font-size: 35px;"">君子</p>","positive","moral","君子",6,635,635,"e","true",NA,NA,NA,NA,"phase_015_subj_35"
10559,571,16,"<p style=""color:rgb(150, 250, 100); font-size: 35px;"">他的</p>","other","moral","他的",6,506,506,"e","true",NA,NA,NA,NA,"phase_015_subj_35"
10560,571,16,"<p style=""color:white; font-size: 35px;"">不孝</p>","negative","moral","不孝",6,612,612,"i","true",NA,NA,NA,NA,"phase_015_subj_35"
10561,571,16,"<p style=""color:rgb(150, 250, 100); font-size: 35px;"">他人的</p>","other","moral","他人的",6,576,1231.52380952381,"i","false",NA,NA,NA,NA,"phase_015_subj_35"
10562,571,16,"<p style=""color:white; font-size: 35px;"">善良</p>","positive","moral","善良",6,747,1231.52380952381,"i","false",NA,NA,NA,NA,"phase_015_subj_35"
10563,571,16,"<p style=""color:rgb(150, 250, 100); font-size: 35px;"">我的</p>","self","moral","我的",6,749,749,"i","true",NA,NA,NA,NA,"phase_015_subj_35"
10564,571,16,"<p style=""color:white; font-size: 35px;"">小人</p>","negative","moral","小人",6,510,510,"i","true",NA,NA,NA,NA,"phase_015_subj_35"
10565,571,16,"<p style=""color:rgb(150, 250, 100); font-size: 35px;"">我</p>","self","moral","我",6,507,507,"i","true",NA,NA,NA,NA,"phase_015_subj_35"
10566,571,16,"<p style=""color:white; font-size: 35px;"">正直</p>","positive","moral","正直",6,596,596,"e","true",NA,NA,NA,NA,"phase_015_subj_35"
10567,571,16,"<p style=""color:rgb(150, 250, 100); font-size: 35px;"">别人</p>","other","moral","别人",6,529,529,"e","true",NA,NA,NA,NA,"phase_015_subj_35"
10568,571,17,"<p style=""color:white; font-size: 35px;"">诚信</p>","positive","moral","诚信",7,822,822,"e","true",NA,NA,NA,NA,"phase_015_subj_35"
10569,571,17,"<p style=""color:rgb(150, 250, 100); font-size: 35px;"">我</p>","self","moral","我",7,673,673,"i","true",NA,NA,NA,NA,"phase_015_subj_35"
10570,571,17,"<p style=""color:white; font-size: 35px;"">黑心</p>","negative","moral","黑心",7,929,929,"i","true",NA,NA,NA,NA,"phase_015_subj_35"
10571,571,17,"<p style=""color:rgb(150, 250, 100); font-size: 35px;"">他人的</p>","other","moral","他人的",7,594,594,"e","true",NA,NA,NA,NA,"phase_015_subj_35"
10572,571,17,"<p style=""color:white; font-size: 35px;"">小人</p>","negative","moral","小人",7,612,612,"i","true",NA,NA,NA,NA,"phase_015_subj_35"
10573,571,17,"<p style=""color:rgb(150, 250, 100); font-size: 35px;"">自己</p>","self","moral","自己",7,712,712,"i","true",NA,NA,NA,NA,"phase_015_subj_35"
10574,571,17,"<p style=""color:white; font-size: 35px;"">廉正</p>","positive","moral","廉正",7,726,726,"e","true",NA,NA,NA,NA,"phase_015_subj_35"
10575,571,17,"<p style=""color:rgb(150, 250, 100); font-size: 35px;"">别人</p>","other","moral","别人",7,488,488,"e","true",NA,NA,NA,NA,"phase_015_subj_35"
10576,571,17,"<p style=""color:white; font-size: 35px;"">正直</p>","positive","moral","正直",7,574,574,"e","true",NA,NA,NA,NA,"phase_015_subj_35"
10577,571,17,"<p style=""color:rgb(150, 250, 100); font-size: 35px;"">自己的</p>","self","moral","自己的",7,572,572,"i","true",NA,NA,NA,NA,"phase_015_subj_35"
10578,571,17,"<p style=""color:white; font-size: 35px;"">缺德</p>","negative","moral","缺德",7,722,722,"i","true",NA,NA,NA,NA,"phase_015_subj_35"
10579,571,17,"<p style=""color:rgb(150, 250, 100); font-size: 35px;"">他</p>","other","moral","他",7,756,756,"e","true",NA,NA,NA,NA,"phase_015_subj_35"
10580,571,17,"<p style=""color:white; font-size: 35px;"">不仁</p>","negative","moral","不仁",7,717,1227.46511627907,"e","false",NA,NA,NA,NA,"phase_015_subj_35"
10581,571,17,"<p style=""color:rgb(150, 250, 100); font-size: 35px;"">自己的</p>","self","moral","自己的",7,695,695,"i","true",NA,NA,NA,NA,"phase_015_subj_35"
10582,571,17,"<p style=""color:white; font-size: 35px;"">高尚</p>","positive","moral","高尚",7,585,585,"e","true",NA,NA,NA,NA,"phase_015_subj_35"
10583,571,17,"<p style=""color:rgb(150, 250, 100); font-size: 35px;"">他人</p>","other","moral","他人",7,477,477,"e","true",NA,NA,NA,NA,"phase_015_subj_35"
10584,571,17,"<p style=""color:white; font-size: 35px;"">不孝</p>","negative","moral","不孝",7,652,652,"i","true",NA,NA,NA,NA,"phase_015_subj_35"
10585,571,17,"<p style=""color:rgb(150, 250, 100); font-size: 35px;"">本人的</p>","self","moral","本人的",7,743,743,"i","true",NA,NA,NA,NA,"phase_015_subj_35"
10586,571,17,"<p style=""color:white; font-size: 35px;"">君子</p>","positive","moral","君子",7,1108,1108,"e","true",NA,NA,NA,NA,"phase_015_subj_35"
10587,571,17,"<p style=""color:rgb(150, 250, 100); font-size: 35px;"">别人的</p>","other","moral","别人的",7,688,688,"e","true",NA,NA,NA,NA,"phase_015_subj_35"
10588,571,17,"<p style=""color:white; font-size: 35px;"">善良</p>","positive","moral","善良",7,623,623,"e","true",NA,NA,NA,NA,"phase_015_subj_35"
10589,571,17,"<p style=""color:rgb(150, 250, 100); font-size: 35px;"">他人的</p>","other","moral","他人的",7,504,504,"e","true",NA,NA,NA,NA,"phase_015_subj_35"
10590,571,17,"<p style=""color:white; font-size: 35px;"">卑鄙</p>","negative","moral","卑鄙",7,543,543,"i","true",NA,NA,NA,NA,"phase_015_subj_35"
10591,571,17,"<p style=""color:rgb(150, 250, 100); font-size: 35px;"">我的</p>","self","moral","我的",7,534,534,"i","true",NA,NA,NA,NA,"phase_015_subj_35"
10592,571,17,"<p style=""color:white; font-size: 35px;"">黑心</p>","negative","moral","黑心",7,536,536,"i","true",NA,NA,NA,NA,"phase_015_subj_35"
10593,571,17,"<p style=""color:rgb(150, 250, 100); font-size: 35px;"">本人</p>","self","moral","本人",7,553,553,"i","true",NA,NA,NA,NA,"phase_015_subj_35"
10594,571,17,"<p style=""color:white; font-size: 35px;"">廉正</p>","positive","moral","廉正",7,604,604,"e","true",NA,NA,NA,NA,"phase_015_subj_35"
10595,571,17,"<p style=""color:rgb(150, 250, 100); font-size: 35px;"">他</p>","other","moral","他",7,546,546,"e","true",NA,NA,NA,NA,"phase_015_subj_35"
10596,571,17,"<p style=""color:white; font-size: 35px;"">高尚</p>","positive","moral","高尚",7,608,608,"e","true",NA,NA,NA,NA,"phase_015_subj_35"
10597,571,17,"<p style=""color:rgb(150, 250, 100); font-size: 35px;"">我</p>","self","moral","我",7,657,657,"i","true",NA,NA,NA,NA,"phase_015_subj_35"
10598,571,17,"<p style=""color:white; font-size: 35px;"">小人</p>","negative","moral","小人",7,556,556,"i","true",NA,NA,NA,NA,"phase_015_subj_35"
10599,571,17,"<p style=""color:rgb(150, 250, 100); font-size: 35px;"">别人</p>","other","moral","别人",7,575,575,"e","true",NA,NA,NA,NA,"phase_015_subj_35"
10600,571,17,"<p style=""color:white; font-size: 35px;"">不孝</p>","negative","moral","不孝",7,731,731,"i","true",NA,NA,NA,NA,"phase_015_subj_35"
10601,571,17,"<p style=""color:rgb(150, 250, 100); font-size: 35px;"">本人的</p>","self","moral","本人的",7,545,1227.46511627907,"e","false",NA,NA,NA,NA,"phase_015_subj_35"
10602,571,17,"<p style=""color:white; font-size: 35px;"">善良</p>","positive","moral","善良",7,936,936,"e","true",NA,NA,NA,NA,"phase_015_subj_35"
10603,571,17,"<p style=""color:rgb(150, 250, 100); font-size: 35px;"">他人</p>","other","moral","他人",7,509,509,"e","true",NA,NA,NA,NA,"phase_015_subj_35"
10604,571,17,"<p style=""color:white; font-size: 35px;"">卑鄙</p>","negative","moral","卑鄙",7,538,538,"i","true",NA,NA,NA,NA,"phase_015_subj_35"
10605,571,17,"<p style=""color:rgb(150, 250, 100); font-size: 35px;"">他的</p>","other","moral","他的",7,556,556,"e","true",NA,NA,NA,NA,"phase_015_subj_35"
10606,571,17,"<p style=""color:white; font-size: 35px;"">君子</p>","positive","moral","君子",7,536,536,"e","true",NA,NA,NA,NA,"phase_015_subj_35"
10607,571,17,"<p style=""color:rgb(150, 250, 100); font-size: 35px;"">我的</p>","self","moral","我的",7,535,535,"i","true",NA,NA,NA,NA,"phase_015_subj_35"
10608,571,17,"<p style=""color:white; font-size: 35px;"">缺德</p>","negative","moral","缺德",7,584,584,"i","true",NA,NA,NA,NA,"phase_015_subj_35"
10609,571,17,"<p style=""color:rgb(150, 250, 100); font-size: 35px;"">本人</p>","self","moral","本人",7,572,1227.46511627907,"e","false",NA,NA,NA,NA,"phase_015_subj_35"
10610,571,17,"<p style=""color:white; font-size: 35px;"">诚信</p>","positive","moral","诚信",7,446,1227.46511627907,"i","false",NA,NA,NA,NA,"phase_015_subj_35"
10611,571,17,"<p style=""color:rgb(150, 250, 100); font-size: 35px;"">他的</p>","other","moral","他的",7,533,533,"e","true",NA,NA,NA,NA,"phase_015_subj_35"
10612,571,17,"<p style=""color:white; font-size: 35px;"">正直</p>","positive","moral","正直",7,551,551,"e","true",NA,NA,NA,NA,"phase_015_subj_35"
10613,571,17,"<p style=""color:rgb(150, 250, 100); font-size: 35px;"">别人的</p>","other","moral","别人的",7,518,518,"e","true",NA,NA,NA,NA,"phase_015_subj_35"
10614,571,17,"<p style=""color:white; font-size: 35px;"">不仁</p>","negative","moral","不仁",7,517,1227.46511627907,"e","false",NA,NA,NA,NA,"phase_015_subj_35"
10615,571,17,"<p style=""color:rgb(150, 250, 100); font-size: 35px;"">自己</p>","self","moral","自己",7,487,487,"i","true",NA,NA,NA,NA,"phase_015_subj_35"
10616,571,NA,"
    <h3>词语分类任务</h3>
    <p>在接下来的任务中，你需要对一系列词语进行分类。</p>
    <p>请先熟悉这些词语，这有利于你完成接下来的任务。</p>
    <table align=""center"" border=1 cellpadding=3 cellspacing=0>
    <tr> <th>类别</th> <th>词语</th> </tr>
    <tr> <td>&emsp;积极&emsp;</td> <td>&emsp;能干、全能、全才、高效、精干、天才&emsp;</td> </tr>
    <tr> <td>&emsp;消极&emsp;</td> <td>&emsp;无能、低能、废物、拙笨、愚钝、蠢笨&emsp;</td> </tr>
    <tr> <td>&emsp;自我&emsp;</td> <td>&emsp;我、我的、自己、自己的、本人、本人的&emsp;</td> </tr>
    <tr> <td>&emsp;他人&emsp;</td> <td>&emsp;他、他的、别人、别人的、他人、他人的&emsp;</td> </tr>
    </table><br/>","","","",NA,16969,NA,"0","",1,1,NA,NA,"phase_015_subj_35"
10617,571,1,"<p style=""color:rgb(150, 250, 100); font-size: 35px;"">他</p>","other","ability","他",1,495,495,"i","true",NA,NA,NA,NA,"phase_015_subj_35"
10618,571,1,"<p style=""color:rgb(150, 250, 100); font-size: 35px;"">自己的</p>","self","ability","自己的",1,529,529,"e","true",NA,NA,NA,NA,"phase_015_subj_35"
10619,571,1,"<p style=""color:rgb(150, 250, 100); font-size: 35px;"">本人的</p>","self","ability","本人的",1,571,571,"e","true",NA,NA,NA,NA,"phase_015_subj_35"
10620,571,1,"<p style=""color:rgb(150, 250, 100); font-size: 35px;"">他的</p>","other","ability","他的",1,485,485,"i","true",NA,NA,NA,NA,"phase_015_subj_35"
10621,571,1,"<p style=""color:rgb(150, 250, 100); font-size: 35px;"">别人</p>","other","ability","别人",1,756,756,"i","true",NA,NA,NA,NA,"phase_015_subj_35"
10622,571,1,"<p style=""color:rgb(150, 250, 100); font-size: 35px;"">别人的</p>","other","ability","别人的",1,406,406,"i","true",NA,NA,NA,NA,"phase_015_subj_35"
10623,571,1,"<p style=""color:rgb(150, 250, 100); font-size: 35px;"">我</p>","self","ability","我",1,456,456,"e","true",NA,NA,NA,NA,"phase_015_subj_35"
10624,571,1,"<p style=""color:rgb(150, 250, 100); font-size: 35px;"">他人的</p>","other","ability","他人的",1,471,471,"i","true",NA,NA,NA,NA,"phase_015_subj_35"
10625,571,1,"<p style=""color:rgb(150, 250, 100); font-size: 35px;"">他人</p>","other","ability","他人",1,567,567,"i","true",NA,NA,NA,NA,"phase_015_subj_35"
10626,571,1,"<p style=""color:rgb(150, 250, 100); font-size: 35px;"">我的</p>","self","ability","我的",1,501,501,"e","true",NA,NA,NA,NA,"phase_015_subj_35"
10627,571,1,"<p style=""color:rgb(150, 250, 100); font-size: 35px;"">自己</p>","self","ability","自己",1,446,446,"e","true",NA,NA,NA,NA,"phase_015_subj_35"
10628,571,1,"<p style=""color:rgb(150, 250, 100); font-size: 35px;"">本人</p>","self","ability","本人",1,507,507,"e","true",NA,NA,NA,NA,"phase_015_subj_35"
10629,571,2,"<p style=""color:white; font-size: 35px;"">拙笨</p>","negative","ability","拙笨",2,674,674,"i","true",NA,NA,NA,NA,"phase_015_subj_35"
10630,571,2,"<p style=""color:white; font-size: 35px;"">精干</p>","positive","ability","精干",2,569,569,"e","true",NA,NA,NA,NA,"phase_015_subj_35"
10631,571,2,"<p style=""color:white; font-size: 35px;"">天才</p>","positive","ability","天才",2,526,526,"e","true",NA,NA,NA,NA,"phase_015_subj_35"
10632,571,2,"<p style=""color:white; font-size: 35px;"">低能</p>","negative","ability","低能",2,512,512,"i","true",NA,NA,NA,NA,"phase_015_subj_35"
10633,571,2,"<p style=""color:white; font-size: 35px;"">全能</p>","positive","ability","全能",2,575,575,"e","true",NA,NA,NA,NA,"phase_015_subj_35"
10634,571,2,"<p style=""color:white; font-size: 35px;"">高效</p>","positive","ability","高效",2,577,577,"e","true",NA,NA,NA,NA,"phase_015_subj_35"
10635,571,2,"<p style=""color:white; font-size: 35px;"">能干</p>","positive","ability","能干",2,457,457,"e","true",NA,NA,NA,NA,"phase_015_subj_35"
10636,571,2,"<p style=""color:white; font-size: 35px;"">全才</p>","positive","ability","全才",2,421,421,"e","true",NA,NA,NA,NA,"phase_015_subj_35"
10637,571,2,"<p style=""color:white; font-size: 35px;"">无能</p>","negative","ability","无能",2,511,511,"i","true",NA,NA,NA,NA,"phase_015_subj_35"
10638,571,2,"<p style=""color:white; font-size: 35px;"">废物</p>","negative","ability","废物",2,482,482,"i","true",NA,NA,NA,NA,"phase_015_subj_35"
10639,571,2,"<p style=""color:white; font-size: 35px;"">愚钝</p>","negative","ability","愚钝",2,469,469,"i","true",NA,NA,NA,NA,"phase_015_subj_35"
10640,571,2,"<p style=""color:white; font-size: 35px;"">蠢笨</p>","negative","ability","蠢笨",2,406,406,"i","true",NA,NA,NA,NA,"phase_015_subj_35"
10641,571,3,"<p style=""color:rgb(150, 250, 100); font-size: 35px;"">别人</p>","other","ability","别人",3,606,606,"i","true",NA,NA,NA,NA,"phase_015_subj_35"
10642,571,3,"<p style=""color:white; font-size: 35px;"">高效</p>","positive","ability","高效",3,587,587,"e","true",NA,NA,NA,NA,"phase_015_subj_35"
10643,571,3,"<p style=""color:rgb(150, 250, 100); font-size: 35px;"">本人</p>","self","ability","本人",3,771,771,"e","true",NA,NA,NA,NA,"phase_015_subj_35"
10644,571,3,"<p style=""color:white; font-size: 35px;"">低能</p>","negative","ability","低能",3,525,525,"i","true",NA,NA,NA,NA,"phase_015_subj_35"
10645,571,3,"<p style=""color:rgb(150, 250, 100); font-size: 35px;"">别人的</p>","other","ability","别人的",3,522,522,"i","true",NA,NA,NA,NA,"phase_015_subj_35"
10646,571,3,"<p style=""color:white; font-size: 35px;"">天才</p>","positive","ability","天才",3,680,680,"e","true",NA,NA,NA,NA,"phase_015_subj_35"
10647,571,3,"<p style=""color:rgb(150, 250, 100); font-size: 35px;"">我的</p>","self","ability","我的",3,489,489,"e","true",NA,NA,NA,NA,"phase_015_subj_35"
10648,571,3,"<p style=""color:white; font-size: 35px;"">蠢笨</p>","negative","ability","蠢笨",3,523,523,"i","true",NA,NA,NA,NA,"phase_015_subj_35"
10649,571,3,"<p style=""color:rgb(150, 250, 100); font-size: 35px;"">他人</p>","other","ability","他人",3,483,483,"i","true",NA,NA,NA,NA,"phase_015_subj_35"
10650,571,3,"<p style=""color:white; font-size: 35px;"">愚钝</p>","negative","ability","愚钝",3,484,484,"i","true",NA,NA,NA,NA,"phase_015_subj_35"
10651,571,3,"<p style=""color:rgb(150, 250, 100); font-size: 35px;"">我</p>","self","ability","我",3,607,607,"e","true",NA,NA,NA,NA,"phase_015_subj_35"
10652,571,3,"<p style=""color:white; font-size: 35px;"">全才</p>","positive","ability","全才",3,634,634,"e","true",NA,NA,NA,NA,"phase_015_subj_35"
10653,571,3,"<p style=""color:rgb(150, 250, 100); font-size: 35px;"">他的</p>","other","ability","他的",3,668,668,"i","true",NA,NA,NA,NA,"phase_015_subj_35"
10654,571,3,"<p style=""color:white; font-size: 35px;"">能干</p>","positive","ability","能干",3,546,1248.3,"i","false",NA,NA,NA,NA,"phase_015_subj_35"
10655,571,3,"<p style=""color:rgb(150, 250, 100); font-size: 35px;"">自己的</p>","self","ability","自己的",3,763,763,"e","true",NA,NA,NA,NA,"phase_015_subj_35"
10656,571,3,"<p style=""color:white; font-size: 35px;"">废物</p>","negative","ability","废物",3,623,623,"i","true",NA,NA,NA,NA,"phase_015_subj_35"
10657,571,3,"<p style=""color:rgb(150, 250, 100); font-size: 35px;"">本人的</p>","self","ability","本人的",3,693,693,"e","true",NA,NA,NA,NA,"phase_015_subj_35"
10658,571,3,"<p style=""color:white; font-size: 35px;"">精干</p>","positive","ability","精干",3,1258,1258,"e","true",NA,NA,NA,NA,"phase_015_subj_35"
10659,571,3,"<p style=""color:rgb(150, 250, 100); font-size: 35px;"">他</p>","other","ability","他",3,502,1248.3,"e","false",NA,NA,NA,NA,"phase_015_subj_35"
10660,571,3,"<p style=""color:white; font-size: 35px;"">拙笨</p>","negative","ability","拙笨",3,757,1248.3,"e","false",NA,NA,NA,NA,"phase_015_subj_35"
10661,571,3,"<p style=""color:rgb(150, 250, 100); font-size: 35px;"">自己</p>","self","ability","自己",3,588,1248.3,"i","false",NA,NA,NA,NA,"phase_015_subj_35"
10662,571,3,"<p style=""color:white; font-size: 35px;"">无能</p>","negative","ability","无能",3,778,778,"i","true",NA,NA,NA,NA,"phase_015_subj_35"
10663,571,3,"<p style=""color:rgb(150, 250, 100); font-size: 35px;"">他人的</p>","other","ability","他人的",3,614,614,"i","true",NA,NA,NA,NA,"phase_015_subj_35"
10664,571,3,"<p style=""color:white; font-size: 35px;"">全能</p>","positive","ability","全能",3,658,658,"e","true",NA,NA,NA,NA,"phase_015_subj_35"
10665,571,4,"<p style=""color:rgb(150, 250, 100); font-size: 35px;"">他人的</p>","other","ability","他人的",4,596,596,"i","true",NA,NA,NA,NA,"phase_015_subj_35"
10666,571,4,"<p style=""color:white; font-size: 35px;"">低能</p>","negative","ability","低能",4,633,633,"i","true",NA,NA,NA,NA,"phase_015_subj_35"
10667,571,4,"<p style=""color:rgb(150, 250, 100); font-size: 35px;"">自己</p>","self","ability","自己",4,639,639,"e","true",NA,NA,NA,NA,"phase_015_subj_35"
10668,571,4,"<p style=""color:white; font-size: 35px;"">高效</p>","positive","ability","高效",4,607,607,"e","true",NA,NA,NA,NA,"phase_015_subj_35"
10669,571,4,"<p style=""color:rgb(150, 250, 100); font-size: 35px;"">自己的</p>","self","ability","自己的",4,511,511,"e","true",NA,NA,NA,NA,"phase_015_subj_35"
10670,571,4,"<p style=""color:white; font-size: 35px;"">全能</p>","positive","ability","全能",4,497,497,"e","true",NA,NA,NA,NA,"phase_015_subj_35"
10671,571,4,"<p style=""color:rgb(150, 250, 100); font-size: 35px;"">别人</p>","other","ability","别人",4,651,651,"i","true",NA,NA,NA,NA,"phase_015_subj_35"
10672,571,4,"<p style=""color:white; font-size: 35px;"">无能</p>","negative","ability","无能",4,510,510,"i","true",NA,NA,NA,NA,"phase_015_subj_35"
10673,571,4,"<p style=""color:rgb(150, 250, 100); font-size: 35px;"">他人</p>","other","ability","他人",4,495,495,"i","true",NA,NA,NA,NA,"phase_015_subj_35"
10674,571,4,"<p style=""color:white; font-size: 35px;"">无能</p>","negative","ability","无能",4,546,546,"i","true",NA,NA,NA,NA,"phase_015_subj_35"
10675,571,4,"<p style=""color:rgb(150, 250, 100); font-size: 35px;"">本人的</p>","self","ability","本人的",4,569,569,"e","true",NA,NA,NA,NA,"phase_015_subj_35"
10676,571,4,"<p style=""color:white; font-size: 35px;"">天才</p>","positive","ability","天才",4,540,540,"e","true",NA,NA,NA,NA,"phase_015_subj_35"
10677,571,4,"<p style=""color:rgb(150, 250, 100); font-size: 35px;"">我</p>","self","ability","我",4,522,522,"e","true",NA,NA,NA,NA,"phase_015_subj_35"
10678,571,4,"<p style=""color:white; font-size: 35px;"">能干</p>","positive","ability","能干",4,535,535,"e","true",NA,NA,NA,NA,"phase_015_subj_35"
10679,571,4,"<p style=""color:rgb(150, 250, 100); font-size: 35px;"">他</p>","other","ability","他",4,668,668,"i","true",NA,NA,NA,NA,"phase_015_subj_35"
10680,571,4,"<p style=""color:white; font-size: 35px;"">拙笨</p>","negative","ability","拙笨",4,551,551,"i","true",NA,NA,NA,NA,"phase_015_subj_35"
10681,571,4,"<p style=""color:rgb(150, 250, 100); font-size: 35px;"">本人</p>","self","ability","本人",4,579,579,"e","true",NA,NA,NA,NA,"phase_015_subj_35"
10682,571,4,"<p style=""color:white; font-size: 35px;"">精干</p>","positive","ability","精干",4,567,567,"e","true",NA,NA,NA,NA,"phase_015_subj_35"
10683,571,4,"<p style=""color:rgb(150, 250, 100); font-size: 35px;"">别人的</p>","other","ability","别人的",4,556,556,"i","true",NA,NA,NA,NA,"phase_015_subj_35"
10684,571,4,"<p style=""color:white; font-size: 35px;"">蠢笨</p>","negative","ability","蠢笨",4,575,575,"i","true",NA,NA,NA,NA,"phase_015_subj_35"
10685,571,4,"<p style=""color:rgb(150, 250, 100); font-size: 35px;"">他的</p>","other","ability","他的",4,625,625,"i","true",NA,NA,NA,NA,"phase_015_subj_35"
10686,571,4,"<p style=""color:white; font-size: 35px;"">全才</p>","positive","ability","全才",4,568,568,"e","true",NA,NA,NA,NA,"phase_015_subj_35"
10687,571,4,"<p style=""color:rgb(150, 250, 100); font-size: 35px;"">自己</p>","self","ability","自己",4,696,696,"e","true",NA,NA,NA,NA,"phase_015_subj_35"
10688,571,4,"<p style=""color:white; font-size: 35px;"">愚钝</p>","negative","ability","愚钝",4,595,595,"i","true",NA,NA,NA,NA,"phase_015_subj_35"
10689,571,4,"<p style=""color:rgb(150, 250, 100); font-size: 35px;"">自己的</p>","self","ability","自己的",4,604,604,"e","true",NA,NA,NA,NA,"phase_015_subj_35"
10690,571,4,"<p style=""color:white; font-size: 35px;"">低能</p>","negative","ability","低能",4,639,639,"i","true",NA,NA,NA,NA,"phase_015_subj_35"
10691,571,4,"<p style=""color:rgb(150, 250, 100); font-size: 35px;"">别人的</p>","other","ability","别人的",4,658,658,"i","true",NA,NA,NA,NA,"phase_015_subj_35"
10692,571,4,"<p style=""color:white; font-size: 35px;"">精干</p>","positive","ability","精干",4,692,692,"e","true",NA,NA,NA,NA,"phase_015_subj_35"
10693,571,4,"<p style=""color:rgb(150, 250, 100); font-size: 35px;"">他人</p>","other","ability","他人",4,841,841,"i","true",NA,NA,NA,NA,"phase_015_subj_35"
10694,571,4,"<p style=""color:white; font-size: 35px;"">废物</p>","negative","ability","废物",4,603,603,"i","true",NA,NA,NA,NA,"phase_015_subj_35"
10695,571,4,"<p style=""color:rgb(150, 250, 100); font-size: 35px;"">本人的</p>","self","ability","本人的",4,569,569,"e","true",NA,NA,NA,NA,"phase_015_subj_35"
10696,571,4,"<p style=""color:white; font-size: 35px;"">天才</p>","positive","ability","天才",4,644,644,"e","true",NA,NA,NA,NA,"phase_015_subj_35"
10697,571,4,"<p style=""color:rgb(150, 250, 100); font-size: 35px;"">我</p>","self","ability","我",4,703,703,"e","true",NA,NA,NA,NA,"phase_015_subj_35"
10698,571,4,"<p style=""color:white; font-size: 35px;"">全才</p>","positive","ability","全才",4,556,556,"e","true",NA,NA,NA,NA,"phase_015_subj_35"
10699,571,4,"<p style=""color:rgb(150, 250, 100); font-size: 35px;"">他的</p>","other","ability","他的",4,514,1204.80434782609,"e","false",NA,NA,NA,NA,"phase_015_subj_35"
10700,571,4,"<p style=""color:white; font-size: 35px;"">拙笨</p>","negative","ability","拙笨",4,577,577,"i","true",NA,NA,NA,NA,"phase_015_subj_35"
10701,571,4,"<p style=""color:rgb(150, 250, 100); font-size: 35px;"">我的</p>","self","ability","我的",4,601,601,"e","true",NA,NA,NA,NA,"phase_015_subj_35"
10702,571,4,"<p style=""color:white; font-size: 35px;"">废物</p>","negative","ability","废物",4,647,647,"i","true",NA,NA,NA,NA,"phase_015_subj_35"
10703,571,4,"<p style=""color:rgb(150, 250, 100); font-size: 35px;"">他人的</p>","other","ability","他人的",4,831,831,"i","true",NA,NA,NA,NA,"phase_015_subj_35"
10704,571,4,"<p style=""color:white; font-size: 35px;"">能干</p>","positive","ability","能干",4,631,631,"e","true",NA,NA,NA,NA,"phase_015_subj_35"
10705,571,4,"<p style=""color:rgb(150, 250, 100); font-size: 35px;"">本人</p>","self","ability","本人",4,655,655,"e","true",NA,NA,NA,NA,"phase_015_subj_35"
10706,571,4,"<p style=""color:white; font-size: 35px;"">全能</p>","positive","ability","全能",4,515,515,"e","true",NA,NA,NA,NA,"phase_015_subj_35"
10707,571,4,"<p style=""color:rgb(150, 250, 100); font-size: 35px;"">别人</p>","other","ability","别人",4,543,1204.80434782609,"e","false",NA,NA,NA,NA,"phase_015_subj_35"
10708,571,4,"<p style=""color:white; font-size: 35px;"">愚钝</p>","negative","ability","愚钝",4,538,538,"i","true",NA,NA,NA,NA,"phase_015_subj_35"
10709,571,4,"<p style=""color:rgb(150, 250, 100); font-size: 35px;"">我的</p>","self","ability","我的",4,567,567,"e","true",NA,NA,NA,NA,"phase_015_subj_35"
10710,571,4,"<p style=""color:white; font-size: 35px;"">高效</p>","positive","ability","高效",4,630,630,"e","true",NA,NA,NA,NA,"phase_015_subj_35"
10711,571,4,"<p style=""color:rgb(150, 250, 100); font-size: 35px;"">他</p>","other","ability","他",4,586,586,"i","true",NA,NA,NA,NA,"phase_015_subj_35"
10712,571,4,"<p style=""color:white; font-size: 35px;"">蠢笨</p>","negative","ability","蠢笨",4,703,703,"i","true",NA,NA,NA,NA,"phase_015_subj_35"
10713,571,5,"<p style=""color:rgb(150, 250, 100); font-size: 35px;"">我</p>","self","ability","我",5,516,516,"i","true",NA,NA,NA,NA,"phase_015_subj_35"
10714,571,5,"<p style=""color:rgb(150, 250, 100); font-size: 35px;"">他的</p>","other","ability","他的",5,533,533,"e","true",NA,NA,NA,NA,"phase_015_subj_35"
10715,571,5,"<p style=""color:rgb(150, 250, 100); font-size: 35px;"">别人</p>","other","ability","别人",5,626,626,"e","true",NA,NA,NA,NA,"phase_015_subj_35"
10716,571,5,"<p style=""color:rgb(150, 250, 100); font-size: 35px;"">他人</p>","other","ability","他人",5,483,483,"e","true",NA,NA,NA,NA,"phase_015_subj_35"
10717,571,5,"<p style=""color:rgb(150, 250, 100); font-size: 35px;"">自己</p>","self","ability","自己",5,508,508,"i","true",NA,NA,NA,NA,"phase_015_subj_35"
10718,571,5,"<p style=""color:rgb(150, 250, 100); font-size: 35px;"">我</p>","self","ability","我",5,468,468,"i","true",NA,NA,NA,NA,"phase_015_subj_35"
10719,571,5,"<p style=""color:rgb(150, 250, 100); font-size: 35px;"">我的</p>","self","ability","我的",5,505,505,"i","true",NA,NA,NA,NA,"phase_015_subj_35"
10720,571,5,"<p style=""color:rgb(150, 250, 100); font-size: 35px;"">他人</p>","other","ability","他人",5,524,524,"e","true",NA,NA,NA,NA,"phase_015_subj_35"
10721,571,5,"<p style=""color:rgb(150, 250, 100); font-size: 35px;"">他</p>","other","ability","他",5,502,502,"e","true",NA,NA,NA,NA,"phase_015_subj_35"
10722,571,5,"<p style=""color:rgb(150, 250, 100); font-size: 35px;"">本人的</p>","self","ability","本人的",5,552,552,"i","true",NA,NA,NA,NA,"phase_015_subj_35"
10723,571,5,"<p style=""color:rgb(150, 250, 100); font-size: 35px;"">别人的</p>","other","ability","别人的",5,435,435,"i","false",NA,NA,NA,NA,"phase_015_subj_35"
10724,571,5,"<p style=""color:rgb(150, 250, 100); font-size: 35px;"">他人的</p>","other","ability","他人的",5,447,447,"e","true",NA,NA,NA,NA,"phase_015_subj_35"
10725,571,5,"<p style=""color:rgb(150, 250, 100); font-size: 35px;"">别人的</p>","other","ability","别人的",5,645,645,"i","false",NA,NA,NA,NA,"phase_015_subj_35"
10726,571,5,"<p style=""color:rgb(150, 250, 100); font-size: 35px;"">本人</p>","self","ability","本人",5,466,466,"i","true",NA,NA,NA,NA,"phase_015_subj_35"
10727,571,5,"<p style=""color:rgb(150, 250, 100); font-size: 35px;"">自己</p>","self","ability","自己",5,650,650,"i","true",NA,NA,NA,NA,"phase_015_subj_35"
10728,571,5,"<p style=""color:rgb(150, 250, 100); font-size: 35px;"">本人</p>","self","ability","本人",5,524,524,"e","false",NA,NA,NA,NA,"phase_015_subj_35"
10729,571,5,"<p style=""color:rgb(150, 250, 100); font-size: 35px;"">我的</p>","self","ability","我的",5,487,487,"i","true",NA,NA,NA,NA,"phase_015_subj_35"
10730,571,5,"<p style=""color:rgb(150, 250, 100); font-size: 35px;"">他</p>","other","ability","他",5,535,535,"e","true",NA,NA,NA,NA,"phase_015_subj_35"
10731,571,5,"<p style=""color:rgb(150, 250, 100); font-size: 35px;"">自己的</p>","self","ability","自己的",5,522,522,"i","true",NA,NA,NA,NA,"phase_015_subj_35"
10732,571,5,"<p style=""color:rgb(150, 250, 100); font-size: 35px;"">他的</p>","other","ability","他的",5,705,705,"e","true",NA,NA,NA,NA,"phase_015_subj_35"
10733,571,5,"<p style=""color:rgb(150, 250, 100); font-size: 35px;"">别人</p>","other","ability","别人",5,557,557,"e","true",NA,NA,NA,NA,"phase_015_subj_35"
10734,571,5,"<p style=""color:rgb(150, 250, 100); font-size: 35px;"">本人的</p>","self","ability","本人的",5,581,581,"i","true",NA,NA,NA,NA,"phase_015_subj_35"
10735,571,5,"<p style=""color:rgb(150, 250, 100); font-size: 35px;"">他人的</p>","other","ability","他人的",5,621,621,"e","true",NA,NA,NA,NA,"phase_015_subj_35"
10736,571,5,"<p style=""color:rgb(150, 250, 100); font-size: 35px;"">自己的</p>","self","ability","自己的",5,555,555,"i","true",NA,NA,NA,NA,"phase_015_subj_35"
10737,571,6,"<p style=""color:white; font-size: 35px;"">无能</p>","negative","ability","无能",6,674,674,"i","true",NA,NA,NA,NA,"phase_015_subj_35"
10738,571,6,"<p style=""color:rgb(150, 250, 100); font-size: 35px;"">别人</p>","other","ability","别人",6,604,604,"e","true",NA,NA,NA,NA,"phase_015_subj_35"
10739,571,6,"<p style=""color:white; font-size: 35px;"">能干</p>","positive","ability","能干",6,862,1180.13043478261,"i","false",NA,NA,NA,NA,"phase_015_subj_35"
10740,571,6,"<p style=""color:rgb(150, 250, 100); font-size: 35px;"">本人</p>","self","ability","本人",6,689,689,"i","true",NA,NA,NA,NA,"phase_015_subj_35"
10741,571,6,"<p style=""color:white; font-size: 35px;"">全才</p>","positive","ability","全才",6,685,685,"e","true",NA,NA,NA,NA,"phase_015_subj_35"
10742,571,6,"<p style=""color:rgb(150, 250, 100); font-size: 35px;"">他人的</p>","other","ability","他人的",6,559,559,"e","true",NA,NA,NA,NA,"phase_015_subj_35"
10743,571,6,"<p style=""color:white; font-size: 35px;"">废物</p>","negative","ability","废物",6,507,507,"i","true",NA,NA,NA,NA,"phase_015_subj_35"
10744,571,6,"<p style=""color:rgb(150, 250, 100); font-size: 35px;"">我</p>","self","ability","我",6,478,478,"i","true",NA,NA,NA,NA,"phase_015_subj_35"
10745,571,6,"<p style=""color:white; font-size: 35px;"">愚钝</p>","negative","ability","愚钝",6,488,488,"i","true",NA,NA,NA,NA,"phase_015_subj_35"
10746,571,6,"<p style=""color:rgb(150, 250, 100); font-size: 35px;"">他</p>","other","ability","他",6,666,666,"e","true",NA,NA,NA,NA,"phase_015_subj_35"
10747,571,6,"<p style=""color:white; font-size: 35px;"">全能</p>","positive","ability","全能",6,550,550,"e","true",NA,NA,NA,NA,"phase_015_subj_35"
10748,571,6,"<p style=""color:rgb(150, 250, 100); font-size: 35px;"">自己</p>","self","ability","自己",6,562,562,"i","true",NA,NA,NA,NA,"phase_015_subj_35"
10749,571,6,"<p style=""color:white; font-size: 35px;"">低能</p>","negative","ability","低能",6,562,562,"i","true",NA,NA,NA,NA,"phase_015_subj_35"
10750,571,6,"<p style=""color:rgb(150, 250, 100); font-size: 35px;"">他的</p>","other","ability","他的",6,569,569,"e","true",NA,NA,NA,NA,"phase_015_subj_35"
10751,571,6,"<p style=""color:white; font-size: 35px;"">天才</p>","positive","ability","天才",6,530,530,"e","true",NA,NA,NA,NA,"phase_015_subj_35"
10752,571,6,"<p style=""color:rgb(150, 250, 100); font-size: 35px;"">我的</p>","self","ability","我的",6,576,576,"i","true",NA,NA,NA,NA,"phase_015_subj_35"
10753,571,6,"<p style=""color:white; font-size: 35px;"">拙笨</p>","negative","ability","拙笨",6,485,485,"i","true",NA,NA,NA,NA,"phase_015_subj_35"
10754,571,6,"<p style=""color:rgb(150, 250, 100); font-size: 35px;"">别人的</p>","other","ability","别人的",6,575,575,"e","true",NA,NA,NA,NA,"phase_015_subj_35"
10755,571,6,"<p style=""color:white; font-size: 35px;"">高效</p>","positive","ability","高效",6,553,553,"e","true",NA,NA,NA,NA,"phase_015_subj_35"
10756,571,6,"<p style=""color:rgb(150, 250, 100); font-size: 35px;"">本人的</p>","self","ability","本人的",6,531,531,"i","true",NA,NA,NA,NA,"phase_015_subj_35"
10757,571,6,"<p style=""color:white; font-size: 35px;"">精干</p>","positive","ability","精干",6,554,554,"e","true",NA,NA,NA,NA,"phase_015_subj_35"
10758,571,6,"<p style=""color:rgb(150, 250, 100); font-size: 35px;"">自己的</p>","self","ability","自己的",6,804,804,"i","true",NA,NA,NA,NA,"phase_015_subj_35"
10759,571,6,"<p style=""color:white; font-size: 35px;"">蠢笨</p>","negative","ability","蠢笨",6,597,597,"i","true",NA,NA,NA,NA,"phase_015_subj_35"
10760,571,6,"<p style=""color:rgb(150, 250, 100); font-size: 35px;"">他人</p>","other","ability","他人",6,545,545,"e","true",NA,NA,NA,NA,"phase_015_subj_35"
10761,571,7,"<p style=""color:white; font-size: 35px;"">蠢笨</p>","negative","ability","蠢笨",7,1053,1053,"i","true",NA,NA,NA,NA,"phase_015_subj_35"
10762,571,7,"<p style=""color:rgb(150, 250, 100); font-size: 35px;"">我的</p>","self","ability","我的",7,465,465,"i","true",NA,NA,NA,NA,"phase_015_subj_35"
10763,571,7,"<p style=""color:white; font-size: 35px;"">全能</p>","positive","ability","全能",7,589,589,"e","true",NA,NA,NA,NA,"phase_015_subj_35"
10764,571,7,"<p style=""color:rgb(150, 250, 100); font-size: 35px;"">他人的</p>","other","ability","他人的",7,443,443,"e","true",NA,NA,NA,NA,"phase_015_subj_35"
10765,571,7,"<p style=""color:white; font-size: 35px;"">全才</p>","positive","ability","全才",7,502,502,"e","true",NA,NA,NA,NA,"phase_015_subj_35"
10766,571,7,"<p style=""color:rgb(150, 250, 100); font-size: 35px;"">本人的</p>","self","ability","本人的",7,482,482,"i","true",NA,NA,NA,NA,"phase_015_subj_35"
10767,571,7,"<p style=""color:white; font-size: 35px;"">无能</p>","negative","ability","无能",7,614,614,"i","true",NA,NA,NA,NA,"phase_015_subj_35"
10768,571,7,"<p style=""color:rgb(150, 250, 100); font-size: 35px;"">他的</p>","other","ability","他的",7,515,515,"e","true",NA,NA,NA,NA,"phase_015_subj_35"
10769,571,7,"<p style=""color:white; font-size: 35px;"">天才</p>","positive","ability","天才",7,535,535,"e","true",NA,NA,NA,NA,"phase_015_subj_35"
10770,571,7,"<p style=""color:rgb(150, 250, 100); font-size: 35px;"">自己</p>","self","ability","自己",7,523,523,"i","true",NA,NA,NA,NA,"phase_015_subj_35"
10771,571,7,"<p style=""color:white; font-size: 35px;"">低能</p>","negative","ability","低能",7,583,583,"i","true",NA,NA,NA,NA,"phase_015_subj_35"
10772,571,7,"<p style=""color:rgb(150, 250, 100); font-size: 35px;"">他</p>","other","ability","他",7,582,582,"e","true",NA,NA,NA,NA,"phase_015_subj_35"
10773,571,7,"<p style=""color:white; font-size: 35px;"">高效</p>","positive","ability","高效",7,611,611,"e","true",NA,NA,NA,NA,"phase_015_subj_35"
10774,571,7,"<p style=""color:rgb(150, 250, 100); font-size: 35px;"">自己的</p>","self","ability","自己的",7,577,577,"i","true",NA,NA,NA,NA,"phase_015_subj_35"
10775,571,7,"<p style=""color:white; font-size: 35px;"">蠢笨</p>","negative","ability","蠢笨",7,625,625,"i","true",NA,NA,NA,NA,"phase_015_subj_35"
10776,571,7,"<p style=""color:rgb(150, 250, 100); font-size: 35px;"">别人的</p>","other","ability","别人的",7,583,583,"e","true",NA,NA,NA,NA,"phase_015_subj_35"
10777,571,7,"<p style=""color:white; font-size: 35px;"">全能</p>","positive","ability","全能",7,650,650,"e","true",NA,NA,NA,NA,"phase_015_subj_35"
10778,571,7,"<p style=""color:rgb(150, 250, 100); font-size: 35px;"">别人</p>","other","ability","别人",7,553,553,"e","true",NA,NA,NA,NA,"phase_015_subj_35"
10779,571,7,"<p style=""color:white; font-size: 35px;"">低能</p>","negative","ability","低能",7,559,559,"i","true",NA,NA,NA,NA,"phase_015_subj_35"
10780,571,7,"<p style=""color:rgb(150, 250, 100); font-size: 35px;"">我</p>","self","ability","我",7,609,1190.74418604651,"e","false",NA,NA,NA,NA,"phase_015_subj_35"
10781,571,7,"<p style=""color:white; font-size: 35px;"">无能</p>","negative","ability","无能",7,517,517,"i","true",NA,NA,NA,NA,"phase_015_subj_35"
10782,571,7,"<p style=""color:rgb(150, 250, 100); font-size: 35px;"">别人的</p>","other","ability","别人的",7,533,1190.74418604651,"i","false",NA,NA,NA,NA,"phase_015_subj_35"
10783,571,7,"<p style=""color:white; font-size: 35px;"">能干</p>","positive","ability","能干",7,554,554,"e","true",NA,NA,NA,NA,"phase_015_subj_35"
10784,571,7,"<p style=""color:rgb(150, 250, 100); font-size: 35px;"">本人</p>","self","ability","本人",7,536,536,"i","true",NA,NA,NA,NA,"phase_015_subj_35"
10785,571,7,"<p style=""color:white; font-size: 35px;"">全才</p>","positive","ability","全才",7,545,545,"e","true",NA,NA,NA,NA,"phase_015_subj_35"
10786,571,7,"<p style=""color:rgb(150, 250, 100); font-size: 35px;"">他人</p>","other","ability","他人",7,592,592,"e","true",NA,NA,NA,NA,"phase_015_subj_35"
10787,571,7,"<p style=""color:white; font-size: 35px;"">愚钝</p>","negative","ability","愚钝",7,519,519,"i","true",NA,NA,NA,NA,"phase_015_subj_35"
10788,571,7,"<p style=""color:rgb(150, 250, 100); font-size: 35px;"">本人</p>","self","ability","本人",7,609,1190.74418604651,"e","false",NA,NA,NA,NA,"phase_015_subj_35"
10789,571,7,"<p style=""color:white; font-size: 35px;"">能干</p>","positive","ability","能干",7,565,1190.74418604651,"i","false",NA,NA,NA,NA,"phase_015_subj_35"
10790,571,7,"<p style=""color:rgb(150, 250, 100); font-size: 35px;"">我的</p>","self","ability","我的",7,544,544,"i","true",NA,NA,NA,NA,"phase_015_subj_35"
10791,571,7,"<p style=""color:white; font-size: 35px;"">废物</p>","negative","ability","废物",7,522,522,"i","true",NA,NA,NA,NA,"phase_015_subj_35"
10792,571,7,"<p style=""color:rgb(150, 250, 100); font-size: 35px;"">他</p>","other","ability","他",7,581,581,"e","true",NA,NA,NA,NA,"phase_015_subj_35"
10793,571,7,"<p style=""color:white; font-size: 35px;"">拙笨</p>","negative","ability","拙笨",7,545,545,"i","true",NA,NA,NA,NA,"phase_015_subj_35"
10794,571,7,"<p style=""color:rgb(150, 250, 100); font-size: 35px;"">他的</p>","other","ability","他的",7,609,609,"e","true",NA,NA,NA,NA,"phase_015_subj_35"
10795,571,7,"<p style=""color:white; font-size: 35px;"">高效</p>","positive","ability","高效",7,557,557,"e","true",NA,NA,NA,NA,"phase_015_subj_35"
10796,571,7,"<p style=""color:rgb(150, 250, 100); font-size: 35px;"">自己的</p>","self","ability","自己的",7,602,602,"i","true",NA,NA,NA,NA,"phase_015_subj_35"
10797,571,7,"<p style=""color:white; font-size: 35px;"">天才</p>","positive","ability","天才",7,613,613,"e","true",NA,NA,NA,NA,"phase_015_subj_35"
10798,571,7,"<p style=""color:rgb(150, 250, 100); font-size: 35px;"">自己</p>","self","ability","自己",7,535,535,"i","true",NA,NA,NA,NA,"phase_015_subj_35"
10799,571,7,"<p style=""color:white; font-size: 35px;"">愚钝</p>","negative","ability","愚钝",7,613,613,"i","true",NA,NA,NA,NA,"phase_015_subj_35"
10800,571,7,"<p style=""color:rgb(150, 250, 100); font-size: 35px;"">他人</p>","other","ability","他人",7,522,522,"e","true",NA,NA,NA,NA,"phase_015_subj_35"
10801,571,7,"<p style=""color:white; font-size: 35px;"">精干</p>","positive","ability","精干",7,803,803,"e","true",NA,NA,NA,NA,"phase_015_subj_35"
10802,571,7,"<p style=""color:rgb(150, 250, 100); font-size: 35px;"">别人</p>","other","ability","别人",7,685,685,"e","true",NA,NA,NA,NA,"phase_015_subj_35"
10803,571,7,"<p style=""color:white; font-size: 35px;"">拙笨</p>","negative","ability","拙笨",7,573,573,"i","true",NA,NA,NA,NA,"phase_015_subj_35"
10804,571,7,"<p style=""color:rgb(150, 250, 100); font-size: 35px;"">我</p>","self","ability","我",7,570,1190.74418604651,"e","false",NA,NA,NA,NA,"phase_015_subj_35"
10805,571,7,"<p style=""color:white; font-size: 35px;"">精干</p>","positive","ability","精干",7,655,655,"e","true",NA,NA,NA,NA,"phase_015_subj_35"
10806,571,7,"<p style=""color:rgb(150, 250, 100); font-size: 35px;"">他人的</p>","other","ability","他人的",7,574,574,"e","true",NA,NA,NA,NA,"phase_015_subj_35"
10807,571,7,"<p style=""color:white; font-size: 35px;"">废物</p>","negative","ability","废物",7,601,601,"i","true",NA,NA,NA,NA,"phase_015_subj_35"
10808,571,7,"<p style=""color:rgb(150, 250, 100); font-size: 35px;"">本人的</p>","self","ability","本人的",7,961,961,"i","true",NA,NA,NA,NA,"phase_015_subj_35"
10809,380,NA,"
    <h3>词语分类任务</h3>
    <p>在接下来的任务中，你需要对一系列词语进行分类。</p>
    <p>请先熟悉这些词语，这有利于你完成接下来的任务。</p>
    <table align=""center"" border=1 cellpadding=3 cellspacing=0>
    <tr> <th>类别</th> <th>词语</th> </tr>
    <tr> <td>&emsp;积极&emsp;</td> <td>&emsp;能干、全能、全才、高效、精干、天才&emsp;</td> </tr>
    <tr> <td>&emsp;消极&emsp;</td> <td>&emsp;无能、低能、废物、拙笨、愚钝、蠢笨&emsp;</td> </tr>
    <tr> <td>&emsp;自我&emsp;</td> <td>&emsp;我、我的、自己、自己的、本人、本人的&emsp;</td> </tr>
    <tr> <td>&emsp;他人&emsp;</td> <td>&emsp;他、他的、别人、别人的、他人、他人的&emsp;</td> </tr>
    </table><br/>","","","",NA,22204,NA,"0","",1,2,NA,NA,"phase_015_subj_22"
10810,380,1,"<p style=""color:rgb(150, 250, 100); font-size: 35px;"">他</p>","other","ability","他",1,566,566,"e","true",NA,NA,NA,NA,"phase_015_subj_22"
10811,380,1,"<p style=""color:rgb(150, 250, 100); font-size: 35px;"">他人</p>","other","ability","他人",1,429,429,"e","true",NA,NA,NA,NA,"phase_015_subj_22"
10812,380,1,"<p style=""color:rgb(150, 250, 100); font-size: 35px;"">自己</p>","self","ability","自己",1,480,480,"i","true",NA,NA,NA,NA,"phase_015_subj_22"
10813,380,1,"<p style=""color:rgb(150, 250, 100); font-size: 35px;"">我的</p>","self","ability","我的",1,436,436,"i","true",NA,NA,NA,NA,"phase_015_subj_22"
10814,380,1,"<p style=""color:rgb(150, 250, 100); font-size: 35px;"">他的</p>","other","ability","他的",1,414,414,"e","true",NA,NA,NA,NA,"phase_015_subj_22"
10815,380,1,"<p style=""color:rgb(150, 250, 100); font-size: 35px;"">他人的</p>","other","ability","他人的",1,400,400,"e","true",NA,NA,NA,NA,"phase_015_subj_22"
10816,380,1,"<p style=""color:rgb(150, 250, 100); font-size: 35px;"">别人的</p>","other","ability","别人的",1,507,507,"e","true",NA,NA,NA,NA,"phase_015_subj_22"
10817,380,1,"<p style=""color:rgb(150, 250, 100); font-size: 35px;"">本人的</p>","self","ability","本人的",1,365,365,"i","true",NA,NA,NA,NA,"phase_015_subj_22"
10818,380,1,"<p style=""color:rgb(150, 250, 100); font-size: 35px;"">本人</p>","self","ability","本人",1,369,369,"i","true",NA,NA,NA,NA,"phase_015_subj_22"
10819,380,1,"<p style=""color:rgb(150, 250, 100); font-size: 35px;"">别人</p>","other","ability","别人",1,470,470,"e","true",NA,NA,NA,NA,"phase_015_subj_22"
10820,380,1,"<p style=""color:rgb(150, 250, 100); font-size: 35px;"">我</p>","self","ability","我",1,514,514,"i","true",NA,NA,NA,NA,"phase_015_subj_22"
10821,380,1,"<p style=""color:rgb(150, 250, 100); font-size: 35px;"">自己的</p>","self","ability","自己的",1,408,408,"i","true",NA,NA,NA,NA,"phase_015_subj_22"
10822,380,2,"<p style=""color:white; font-size: 35px;"">愚钝</p>","negative","ability","愚钝",2,960,960,"i","true",NA,NA,NA,NA,"phase_015_subj_22"
10823,380,2,"<p style=""color:white; font-size: 35px;"">全才</p>","positive","ability","全才",2,518,518,"e","true",NA,NA,NA,NA,"phase_015_subj_22"
10824,380,2,"<p style=""color:white; font-size: 35px;"">无能</p>","negative","ability","无能",2,476,476,"i","true",NA,NA,NA,NA,"phase_015_subj_22"
10825,380,2,"<p style=""color:white; font-size: 35px;"">精干</p>","positive","ability","精干",2,522,522,"e","true",NA,NA,NA,NA,"phase_015_subj_22"
10826,380,2,"<p style=""color:white; font-size: 35px;"">废物</p>","negative","ability","废物",2,500,500,"i","true",NA,NA,NA,NA,"phase_015_subj_22"
10827,380,2,"<p style=""color:white; font-size: 35px;"">天才</p>","positive","ability","天才",2,589,589,"e","true",NA,NA,NA,NA,"phase_015_subj_22"
10828,380,2,"<p style=""color:white; font-size: 35px;"">能干</p>","positive","ability","能干",2,539,539,"e","true",NA,NA,NA,NA,"phase_015_subj_22"
10829,380,2,"<p style=""color:white; font-size: 35px;"">全能</p>","positive","ability","全能",2,545,545,"e","true",NA,NA,NA,NA,"phase_015_subj_22"
10830,380,2,"<p style=""color:white; font-size: 35px;"">低能</p>","negative","ability","低能",2,397,397,"i","true",NA,NA,NA,NA,"phase_015_subj_22"
10831,380,2,"<p style=""color:white; font-size: 35px;"">拙笨</p>","negative","ability","拙笨",2,420,420,"i","true",NA,NA,NA,NA,"phase_015_subj_22"
10832,380,2,"<p style=""color:white; font-size: 35px;"">高效</p>","positive","ability","高效",2,531,531,"e","true",NA,NA,NA,NA,"phase_015_subj_22"
10833,380,2,"<p style=""color:white; font-size: 35px;"">蠢笨</p>","negative","ability","蠢笨",2,478,478,"i","true",NA,NA,NA,NA,"phase_015_subj_22"
10834,380,3,"<p style=""color:rgb(150, 250, 100); font-size: 35px;"">我的</p>","self","ability","我的",3,493,493,"i","true",NA,NA,NA,NA,"phase_015_subj_22"
10835,380,3,"<p style=""color:white; font-size: 35px;"">全能</p>","positive","ability","全能",3,588,588,"e","true",NA,NA,NA,NA,"phase_015_subj_22"
10836,380,3,"<p style=""color:rgb(150, 250, 100); font-size: 35px;"">他的</p>","other","ability","他的",3,581,581,"e","true",NA,NA,NA,NA,"phase_015_subj_22"
10837,380,3,"<p style=""color:white; font-size: 35px;"">拙笨</p>","negative","ability","拙笨",3,825,825,"i","true",NA,NA,NA,NA,"phase_015_subj_22"
10838,380,3,"<p style=""color:rgb(150, 250, 100); font-size: 35px;"">本人</p>","self","ability","本人",3,474,474,"i","true",NA,NA,NA,NA,"phase_015_subj_22"
10839,380,3,"<p style=""color:white; font-size: 35px;"">高效</p>","positive","ability","高效",3,724,724,"e","true",NA,NA,NA,NA,"phase_015_subj_22"
10840,380,3,"<p style=""color:rgb(150, 250, 100); font-size: 35px;"">别人的</p>","other","ability","别人的",3,420,420,"e","true",NA,NA,NA,NA,"phase_015_subj_22"
10841,380,3,"<p style=""color:white; font-size: 35px;"">废物</p>","negative","ability","废物",3,535,535,"i","true",NA,NA,NA,NA,"phase_015_subj_22"
10842,380,3,"<p style=""color:rgb(150, 250, 100); font-size: 35px;"">自己的</p>","self","ability","自己的",3,528,528,"i","true",NA,NA,NA,NA,"phase_015_subj_22"
10843,380,3,"<p style=""color:white; font-size: 35px;"">无能</p>","negative","ability","无能",3,981,981,"i","true",NA,NA,NA,NA,"phase_015_subj_22"
10844,380,3,"<p style=""color:rgb(150, 250, 100); font-size: 35px;"">他人的</p>","other","ability","他人的",3,687,687,"e","true",NA,NA,NA,NA,"phase_015_subj_22"
10845,380,3,"<p style=""color:white; font-size: 35px;"">天才</p>","positive","ability","天才",3,464,464,"e","true",NA,NA,NA,NA,"phase_015_subj_22"
10846,380,3,"<p style=""color:rgb(150, 250, 100); font-size: 35px;"">他人</p>","other","ability","他人",3,731,1211,"i","false",NA,NA,NA,NA,"phase_015_subj_22"
10847,380,3,"<p style=""color:white; font-size: 35px;"">精干</p>","positive","ability","精干",3,773,773,"e","true",NA,NA,NA,NA,"phase_015_subj_22"
10848,380,3,"<p style=""color:rgb(150, 250, 100); font-size: 35px;"">自己</p>","self","ability","自己",3,621,621,"i","true",NA,NA,NA,NA,"phase_015_subj_22"
10849,380,3,"<p style=""color:white; font-size: 35px;"">低能</p>","negative","ability","低能",3,439,439,"i","true",NA,NA,NA,NA,"phase_015_subj_22"
10850,380,3,"<p style=""color:rgb(150, 250, 100); font-size: 35px;"">本人的</p>","self","ability","本人的",3,1205,1205,"i","true",NA,NA,NA,NA,"phase_015_subj_22"
10851,380,3,"<p style=""color:white; font-size: 35px;"">能干</p>","positive","ability","能干",3,671,671,"e","true",NA,NA,NA,NA,"phase_015_subj_22"
10852,380,3,"<p style=""color:rgb(150, 250, 100); font-size: 35px;"">他</p>","other","ability","他",3,455,455,"e","true",NA,NA,NA,NA,"phase_015_subj_22"
10853,380,3,"<p style=""color:white; font-size: 35px;"">愚钝</p>","negative","ability","愚钝",3,513,513,"i","true",NA,NA,NA,NA,"phase_015_subj_22"
10854,380,3,"<p style=""color:rgb(150, 250, 100); font-size: 35px;"">别人</p>","other","ability","别人",3,627,627,"e","true",NA,NA,NA,NA,"phase_015_subj_22"
10855,380,3,"<p style=""color:white; font-size: 35px;"">全才</p>","positive","ability","全才",3,450,450,"e","true",NA,NA,NA,NA,"phase_015_subj_22"
10856,380,3,"<p style=""color:rgb(150, 250, 100); font-size: 35px;"">我</p>","self","ability","我",3,544,544,"i","true",NA,NA,NA,NA,"phase_015_subj_22"
10857,380,3,"<p style=""color:white; font-size: 35px;"">蠢笨</p>","negative","ability","蠢笨",3,455,455,"i","true",NA,NA,NA,NA,"phase_015_subj_22"
10858,380,4,"<p style=""color:rgb(150, 250, 100); font-size: 35px;"">我的</p>","self","ability","我的",4,535,535,"i","true",NA,NA,NA,NA,"phase_015_subj_22"
10859,380,4,"<p style=""color:white; font-size: 35px;"">拙笨</p>","negative","ability","拙笨",4,469,469,"i","true",NA,NA,NA,NA,"phase_015_subj_22"
10860,380,4,"<p style=""color:rgb(150, 250, 100); font-size: 35px;"">他的</p>","other","ability","他的",4,601,601,"e","true",NA,NA,NA,NA,"phase_015_subj_22"
10861,380,4,"<p style=""color:white; font-size: 35px;"">高效</p>","positive","ability","高效",4,492,492,"e","true",NA,NA,NA,NA,"phase_015_subj_22"
10862,380,4,"<p style=""color:rgb(150, 250, 100); font-size: 35px;"">别人的</p>","other","ability","别人的",4,698,698,"e","true",NA,NA,NA,NA,"phase_015_subj_22"
10863,380,4,"<p style=""color:white; font-size: 35px;"">天才</p>","positive","ability","天才",4,555,1175.09090909091,"i","false",NA,NA,NA,NA,"phase_015_subj_22"
10864,380,4,"<p style=""color:rgb(150, 250, 100); font-size: 35px;"">本人</p>","self","ability","本人",4,745,745,"i","true",NA,NA,NA,NA,"phase_015_subj_22"
10865,380,4,"<p style=""color:white; font-size: 35px;"">无能</p>","negative","ability","无能",4,916,916,"i","true",NA,NA,NA,NA,"phase_015_subj_22"
10866,380,4,"<p style=""color:rgb(150, 250, 100); font-size: 35px;"">他人的</p>","other","ability","他人的",4,611,611,"e","true",NA,NA,NA,NA,"phase_015_subj_22"
10867,380,4,"<p style=""color:white; font-size: 35px;"">精干</p>","positive","ability","精干",4,475,475,"e","true",NA,NA,NA,NA,"phase_015_subj_22"
10868,380,4,"<p style=""color:rgb(150, 250, 100); font-size: 35px;"">本人</p>","self","ability","本人",4,521,521,"i","true",NA,NA,NA,NA,"phase_015_subj_22"
10869,380,4,"<p style=""color:white; font-size: 35px;"">蠢笨</p>","negative","ability","蠢笨",4,574,574,"i","true",NA,NA,NA,NA,"phase_015_subj_22"
10870,380,4,"<p style=""color:rgb(150, 250, 100); font-size: 35px;"">自己</p>","self","ability","自己",4,609,609,"i","true",NA,NA,NA,NA,"phase_015_subj_22"
10871,380,4,"<p style=""color:white; font-size: 35px;"">能干</p>","positive","ability","能干",4,770,770,"e","true",NA,NA,NA,NA,"phase_015_subj_22"
10872,380,4,"<p style=""color:rgb(150, 250, 100); font-size: 35px;"">他人</p>","other","ability","他人",4,413,413,"e","true",NA,NA,NA,NA,"phase_015_subj_22"
10873,380,4,"<p style=""color:white; font-size: 35px;"">废物</p>","negative","ability","废物",4,499,499,"i","true",NA,NA,NA,NA,"phase_015_subj_22"
10874,380,4,"<p style=""color:rgb(150, 250, 100); font-size: 35px;"">他人</p>","other","ability","他人",4,558,558,"e","true",NA,NA,NA,NA,"phase_015_subj_22"
10875,380,4,"<p style=""color:white; font-size: 35px;"">全能</p>","positive","ability","全能",4,439,439,"e","true",NA,NA,NA,NA,"phase_015_subj_22"
10876,380,4,"<p style=""color:rgb(150, 250, 100); font-size: 35px;"">我</p>","self","ability","我",4,485,485,"i","true",NA,NA,NA,NA,"phase_015_subj_22"
10877,380,4,"<p style=""color:white; font-size: 35px;"">蠢笨</p>","negative","ability","蠢笨",4,487,487,"i","true",NA,NA,NA,NA,"phase_015_subj_22"
10878,380,4,"<p style=""color:rgb(150, 250, 100); font-size: 35px;"">自己的</p>","self","ability","自己的",4,602,602,"i","true",NA,NA,NA,NA,"phase_015_subj_22"
10879,380,4,"<p style=""color:white; font-size: 35px;"">愚钝</p>","negative","ability","愚钝",4,808,808,"i","true",NA,NA,NA,NA,"phase_015_subj_22"
10880,380,4,"<p style=""color:rgb(150, 250, 100); font-size: 35px;"">他人的</p>","other","ability","他人的",4,629,629,"e","true",NA,NA,NA,NA,"phase_015_subj_22"
10881,380,4,"<p style=""color:white; font-size: 35px;"">天才</p>","positive","ability","天才",4,500,500,"e","true",NA,NA,NA,NA,"phase_015_subj_22"
10882,380,4,"<p style=""color:rgb(150, 250, 100); font-size: 35px;"">本人的</p>","self","ability","本人的",4,443,443,"i","true",NA,NA,NA,NA,"phase_015_subj_22"
10883,380,4,"<p style=""color:white; font-size: 35px;"">全才</p>","positive","ability","全才",4,384,1175.09090909091,"i","false",NA,NA,NA,NA,"phase_015_subj_22"
10884,380,4,"<p style=""color:rgb(150, 250, 100); font-size: 35px;"">他</p>","other","ability","他",4,559,559,"e","true",NA,NA,NA,NA,"phase_015_subj_22"
10885,380,4,"<p style=""color:white; font-size: 35px;"">愚钝</p>","negative","ability","愚钝",4,487,487,"i","true",NA,NA,NA,NA,"phase_015_subj_22"
10886,380,4,"<p style=""color:rgb(150, 250, 100); font-size: 35px;"">他的</p>","other","ability","他的",4,398,1175.09090909091,"i","false",NA,NA,NA,NA,"phase_015_subj_22"
10887,380,4,"<p style=""color:white; font-size: 35px;"">低能</p>","negative","ability","低能",4,740,740,"i","true",NA,NA,NA,NA,"phase_015_subj_22"
10888,380,4,"<p style=""color:rgb(150, 250, 100); font-size: 35px;"">本人的</p>","self","ability","本人的",4,448,448,"i","true",NA,NA,NA,NA,"phase_015_subj_22"
10889,380,4,"<p style=""color:white; font-size: 35px;"">全才</p>","positive","ability","全才",4,610,610,"e","true",NA,NA,NA,NA,"phase_015_subj_22"
10890,380,4,"<p style=""color:rgb(150, 250, 100); font-size: 35px;"">我的</p>","self","ability","我的",4,484,484,"i","true",NA,NA,NA,NA,"phase_015_subj_22"
10891,380,4,"<p style=""color:white; font-size: 35px;"">低能</p>","negative","ability","低能",4,488,488,"i","true",NA,NA,NA,NA,"phase_015_subj_22"
10892,380,4,"<p style=""color:rgb(150, 250, 100); font-size: 35px;"">别人</p>","other","ability","别人",4,610,610,"e","true",NA,NA,NA,NA,"phase_015_subj_22"
10893,380,4,"<p style=""color:white; font-size: 35px;"">全能</p>","positive","ability","全能",4,413,413,"e","true",NA,NA,NA,NA,"phase_015_subj_22"
10894,380,4,"<p style=""color:rgb(150, 250, 100); font-size: 35px;"">他</p>","other","ability","他",4,463,1175.09090909091,"i","false",NA,NA,NA,NA,"phase_015_subj_22"
10895,380,4,"<p style=""color:white; font-size: 35px;"">高效</p>","positive","ability","高效",4,866,866,"e","true",NA,NA,NA,NA,"phase_015_subj_22"
10896,380,4,"<p style=""color:rgb(150, 250, 100); font-size: 35px;"">自己的</p>","self","ability","自己的",4,519,519,"i","true",NA,NA,NA,NA,"phase_015_subj_22"
10897,380,4,"<p style=""color:white; font-size: 35px;"">无能</p>","negative","ability","无能",4,453,453,"i","true",NA,NA,NA,NA,"phase_015_subj_22"
10898,380,4,"<p style=""color:rgb(150, 250, 100); font-size: 35px;"">我</p>","self","ability","我",4,621,621,"i","true",NA,NA,NA,NA,"phase_015_subj_22"
10899,380,4,"<p style=""color:white; font-size: 35px;"">能干</p>","positive","ability","能干",4,629,629,"e","true",NA,NA,NA,NA,"phase_015_subj_22"
10900,380,4,"<p style=""color:rgb(150, 250, 100); font-size: 35px;"">别人</p>","other","ability","别人",4,414,414,"e","true",NA,NA,NA,NA,"phase_015_subj_22"
10901,380,4,"<p style=""color:white; font-size: 35px;"">废物</p>","negative","ability","废物",4,705,705,"i","true",NA,NA,NA,NA,"phase_015_subj_22"
10902,380,4,"<p style=""color:rgb(150, 250, 100); font-size: 35px;"">别人的</p>","other","ability","别人的",4,616,616,"e","true",NA,NA,NA,NA,"phase_015_subj_22"
10903,380,4,"<p style=""color:white; font-size: 35px;"">拙笨</p>","negative","ability","拙笨",4,651,651,"i","true",NA,NA,NA,NA,"phase_015_subj_22"
10904,380,4,"<p style=""color:rgb(150, 250, 100); font-size: 35px;"">自己</p>","self","ability","自己",4,459,459,"i","true",NA,NA,NA,NA,"phase_015_subj_22"
10905,380,4,"<p style=""color:white; font-size: 35px;"">精干</p>","positive","ability","精干",4,653,653,"e","true",NA,NA,NA,NA,"phase_015_subj_22"
10906,380,5,"<p style=""color:rgb(150, 250, 100); font-size: 35px;"">我的</p>","self","ability","我的",5,390,390,"e","true",NA,NA,NA,NA,"phase_015_subj_22"
10907,380,5,"<p style=""color:rgb(150, 250, 100); font-size: 35px;"">本人的</p>","self","ability","本人的",5,466,466,"e","true",NA,NA,NA,NA,"phase_015_subj_22"
10908,380,5,"<p style=""color:rgb(150, 250, 100); font-size: 35px;"">他人的</p>","other","ability","他人的",5,405,405,"e","false",NA,NA,NA,NA,"phase_015_subj_22"
10909,380,5,"<p style=""color:rgb(150, 250, 100); font-size: 35px;"">他人</p>","other","ability","他人",5,496,496,"i","true",NA,NA,NA,NA,"phase_015_subj_22"
10910,380,5,"<p style=""color:rgb(150, 250, 100); font-size: 35px;"">他的</p>","other","ability","他的",5,498,498,"i","true",NA,NA,NA,NA,"phase_015_subj_22"
10911,380,5,"<p style=""color:rgb(150, 250, 100); font-size: 35px;"">他人</p>","other","ability","他人",5,467,467,"i","true",NA,NA,NA,NA,"phase_015_subj_22"
10912,380,5,"<p style=""color:rgb(150, 250, 100); font-size: 35px;"">他人的</p>","other","ability","他人的",5,463,463,"i","true",NA,NA,NA,NA,"phase_015_subj_22"
10913,380,5,"<p style=""color:rgb(150, 250, 100); font-size: 35px;"">他</p>","other","ability","他",5,526,526,"i","true",NA,NA,NA,NA,"phase_015_subj_22"
10914,380,5,"<p style=""color:rgb(150, 250, 100); font-size: 35px;"">我</p>","self","ability","我",5,499,499,"e","true",NA,NA,NA,NA,"phase_015_subj_22"
10915,380,5,"<p style=""color:rgb(150, 250, 100); font-size: 35px;"">别人的</p>","other","ability","别人的",5,457,457,"i","true",NA,NA,NA,NA,"phase_015_subj_22"
10916,380,5,"<p style=""color:rgb(150, 250, 100); font-size: 35px;"">本人</p>","self","ability","本人",5,543,543,"e","true",NA,NA,NA,NA,"phase_015_subj_22"
10917,380,5,"<p style=""color:rgb(150, 250, 100); font-size: 35px;"">他</p>","other","ability","他",5,465,465,"i","true",NA,NA,NA,NA,"phase_015_subj_22"
10918,380,5,"<p style=""color:rgb(150, 250, 100); font-size: 35px;"">他的</p>","other","ability","他的",5,400,400,"i","true",NA,NA,NA,NA,"phase_015_subj_22"
10919,380,5,"<p style=""color:rgb(150, 250, 100); font-size: 35px;"">自己的</p>","self","ability","自己的",5,465,465,"e","true",NA,NA,NA,NA,"phase_015_subj_22"
10920,380,5,"<p style=""color:rgb(150, 250, 100); font-size: 35px;"">自己</p>","self","ability","自己",5,307,307,"e","true",NA,NA,NA,NA,"phase_015_subj_22"
10921,380,5,"<p style=""color:rgb(150, 250, 100); font-size: 35px;"">别人</p>","other","ability","别人",5,310,310,"e","false",NA,NA,NA,NA,"phase_015_subj_22"
10922,380,5,"<p style=""color:rgb(150, 250, 100); font-size: 35px;"">我</p>","self","ability","我",5,390,390,"e","true",NA,NA,NA,NA,"phase_015_subj_22"
10923,380,5,"<p style=""color:rgb(150, 250, 100); font-size: 35px;"">本人</p>","self","ability","本人",5,447,447,"e","true",NA,NA,NA,NA,"phase_015_subj_22"
10924,380,5,"<p style=""color:rgb(150, 250, 100); font-size: 35px;"">本人的</p>","self","ability","本人的",5,489,489,"e","true",NA,NA,NA,NA,"phase_015_subj_22"
10925,380,5,"<p style=""color:rgb(150, 250, 100); font-size: 35px;"">自己</p>","self","ability","自己",5,379,379,"e","true",NA,NA,NA,NA,"phase_015_subj_22"
10926,380,5,"<p style=""color:rgb(150, 250, 100); font-size: 35px;"">别人的</p>","other","ability","别人的",5,456,456,"i","true",NA,NA,NA,NA,"phase_015_subj_22"
10927,380,5,"<p style=""color:rgb(150, 250, 100); font-size: 35px;"">自己的</p>","self","ability","自己的",5,480,480,"e","true",NA,NA,NA,NA,"phase_015_subj_22"
10928,380,5,"<p style=""color:rgb(150, 250, 100); font-size: 35px;"">别人</p>","other","ability","别人",5,490,490,"i","true",NA,NA,NA,NA,"phase_015_subj_22"
10929,380,5,"<p style=""color:rgb(150, 250, 100); font-size: 35px;"">我的</p>","self","ability","我的",5,466,466,"e","true",NA,NA,NA,NA,"phase_015_subj_22"
10930,380,6,"<p style=""color:white; font-size: 35px;"">天才</p>","positive","ability","天才",6,933,933,"e","true",NA,NA,NA,NA,"phase_015_subj_22"
10931,380,6,"<p style=""color:rgb(150, 250, 100); font-size: 35px;"">本人</p>","self","ability","本人",6,784,784,"e","true",NA,NA,NA,NA,"phase_015_subj_22"
10932,380,6,"<p style=""color:white; font-size: 35px;"">无能</p>","negative","ability","无能",6,637,637,"i","true",NA,NA,NA,NA,"phase_015_subj_22"
10933,380,6,"<p style=""color:rgb(150, 250, 100); font-size: 35px;"">他的</p>","other","ability","他的",6,452,452,"i","true",NA,NA,NA,NA,"phase_015_subj_22"
10934,380,6,"<p style=""color:white; font-size: 35px;"">能干</p>","positive","ability","能干",6,393,1145.04545454545,"i","false",NA,NA,NA,NA,"phase_015_subj_22"
10935,380,6,"<p style=""color:rgb(150, 250, 100); font-size: 35px;"">我的</p>","self","ability","我的",6,519,519,"e","true",NA,NA,NA,NA,"phase_015_subj_22"
10936,380,6,"<p style=""color:white; font-size: 35px;"">愚钝</p>","negative","ability","愚钝",6,419,419,"i","true",NA,NA,NA,NA,"phase_015_subj_22"
10937,380,6,"<p style=""color:rgb(150, 250, 100); font-size: 35px;"">别人的</p>","other","ability","别人的",6,493,493,"i","true",NA,NA,NA,NA,"phase_015_subj_22"
10938,380,6,"<p style=""color:white; font-size: 35px;"">拙笨</p>","negative","ability","拙笨",6,449,449,"i","true",NA,NA,NA,NA,"phase_015_subj_22"
10939,380,6,"<p style=""color:rgb(150, 250, 100); font-size: 35px;"">别人</p>","other","ability","别人",6,395,395,"i","true",NA,NA,NA,NA,"phase_015_subj_22"
10940,380,6,"<p style=""color:white; font-size: 35px;"">全能</p>","positive","ability","全能",6,461,461,"e","true",NA,NA,NA,NA,"phase_015_subj_22"
10941,380,6,"<p style=""color:rgb(150, 250, 100); font-size: 35px;"">自己</p>","self","ability","自己",6,387,387,"e","true",NA,NA,NA,NA,"phase_015_subj_22"
10942,380,6,"<p style=""color:white; font-size: 35px;"">蠢笨</p>","negative","ability","蠢笨",6,504,504,"i","true",NA,NA,NA,NA,"phase_015_subj_22"
10943,380,6,"<p style=""color:rgb(150, 250, 100); font-size: 35px;"">我</p>","self","ability","我",6,451,451,"e","true",NA,NA,NA,NA,"phase_015_subj_22"
10944,380,6,"<p style=""color:white; font-size: 35px;"">高效</p>","positive","ability","高效",6,792,792,"e","true",NA,NA,NA,NA,"phase_015_subj_22"
10945,380,6,"<p style=""color:rgb(150, 250, 100); font-size: 35px;"">他</p>","other","ability","他",6,859,859,"i","true",NA,NA,NA,NA,"phase_015_subj_22"
10946,380,6,"<p style=""color:white; font-size: 35px;"">全才</p>","positive","ability","全才",6,485,485,"e","true",NA,NA,NA,NA,"phase_015_subj_22"
10947,380,6,"<p style=""color:rgb(150, 250, 100); font-size: 35px;"">他人</p>","other","ability","他人",6,496,496,"i","true",NA,NA,NA,NA,"phase_015_subj_22"
10948,380,6,"<p style=""color:white; font-size: 35px;"">废物</p>","negative","ability","废物",6,490,490,"i","true",NA,NA,NA,NA,"phase_015_subj_22"
10949,380,6,"<p style=""color:rgb(150, 250, 100); font-size: 35px;"">本人的</p>","self","ability","本人的",6,465,1145.04545454545,"i","false",NA,NA,NA,NA,"phase_015_subj_22"
10950,380,6,"<p style=""color:white; font-size: 35px;"">低能</p>","negative","ability","低能",6,454,454,"i","true",NA,NA,NA,NA,"phase_015_subj_22"
10951,380,6,"<p style=""color:rgb(150, 250, 100); font-size: 35px;"">自己的</p>","self","ability","自己的",6,505,505,"e","true",NA,NA,NA,NA,"phase_015_subj_22"
10952,380,6,"<p style=""color:white; font-size: 35px;"">精干</p>","positive","ability","精干",6,567,567,"e","true",NA,NA,NA,NA,"phase_015_subj_22"
10953,380,6,"<p style=""color:rgb(150, 250, 100); font-size: 35px;"">他人的</p>","other","ability","他人的",6,459,459,"i","true",NA,NA,NA,NA,"phase_015_subj_22"
10954,380,7,"<p style=""color:white; font-size: 35px;"">蠢笨</p>","negative","ability","蠢笨",7,462,462,"i","true",NA,NA,NA,NA,"phase_015_subj_22"
10955,380,7,"<p style=""color:rgb(150, 250, 100); font-size: 35px;"">他人</p>","other","ability","他人",7,408,408,"i","true",NA,NA,NA,NA,"phase_015_subj_22"
10956,380,7,"<p style=""color:white; font-size: 35px;"">能干</p>","positive","ability","能干",7,411,1056.97777777778,"i","false",NA,NA,NA,NA,"phase_015_subj_22"
10957,380,7,"<p style=""color:rgb(150, 250, 100); font-size: 35px;"">我的</p>","self","ability","我的",7,337,337,"e","true",NA,NA,NA,NA,"phase_015_subj_22"
10958,380,7,"<p style=""color:white; font-size: 35px;"">无能</p>","negative","ability","无能",7,483,483,"i","true",NA,NA,NA,NA,"phase_015_subj_22"
10959,380,7,"<p style=""color:rgb(150, 250, 100); font-size: 35px;"">别人的</p>","other","ability","别人的",7,386,386,"i","true",NA,NA,NA,NA,"phase_015_subj_22"
10960,380,7,"<p style=""color:white; font-size: 35px;"">高效</p>","positive","ability","高效",7,449,449,"e","true",NA,NA,NA,NA,"phase_015_subj_22"
10961,380,7,"<p style=""color:rgb(150, 250, 100); font-size: 35px;"">自己的</p>","self","ability","自己的",7,430,430,"e","true",NA,NA,NA,NA,"phase_015_subj_22"
10962,380,7,"<p style=""color:white; font-size: 35px;"">全能</p>","positive","ability","全能",7,483,1056.97777777778,"i","false",NA,NA,NA,NA,"phase_015_subj_22"
10963,380,7,"<p style=""color:rgb(150, 250, 100); font-size: 35px;"">他</p>","other","ability","他",7,496,496,"i","true",NA,NA,NA,NA,"phase_015_subj_22"
10964,380,7,"<p style=""color:white; font-size: 35px;"">愚钝</p>","negative","ability","愚钝",7,464,464,"i","true",NA,NA,NA,NA,"phase_015_subj_22"
10965,380,7,"<p style=""color:rgb(150, 250, 100); font-size: 35px;"">本人的</p>","self","ability","本人的",7,432,432,"e","true",NA,NA,NA,NA,"phase_015_subj_22"
10966,380,7,"<p style=""color:white; font-size: 35px;"">蠢笨</p>","negative","ability","蠢笨",7,620,620,"i","true",NA,NA,NA,NA,"phase_015_subj_22"
10967,380,7,"<p style=""color:rgb(150, 250, 100); font-size: 35px;"">别人的</p>","other","ability","别人的",7,542,542,"i","true",NA,NA,NA,NA,"phase_015_subj_22"
10968,380,7,"<p style=""color:white; font-size: 35px;"">天才</p>","positive","ability","天才",7,467,467,"e","true",NA,NA,NA,NA,"phase_015_subj_22"
10969,380,7,"<p style=""color:rgb(150, 250, 100); font-size: 35px;"">自己</p>","self","ability","自己",7,404,404,"e","true",NA,NA,NA,NA,"phase_015_subj_22"
10970,380,7,"<p style=""color:white; font-size: 35px;"">全能</p>","positive","ability","全能",7,414,414,"e","true",NA,NA,NA,NA,"phase_015_subj_22"
10971,380,7,"<p style=""color:rgb(150, 250, 100); font-size: 35px;"">本人</p>","self","ability","本人",7,432,432,"e","true",NA,NA,NA,NA,"phase_015_subj_22"
10972,380,7,"<p style=""color:white; font-size: 35px;"">废物</p>","negative","ability","废物",7,477,477,"i","true",NA,NA,NA,NA,"phase_015_subj_22"
10973,380,7,"<p style=""color:rgb(150, 250, 100); font-size: 35px;"">他人</p>","other","ability","他人",7,440,440,"i","true",NA,NA,NA,NA,"phase_015_subj_22"
10974,380,7,"<p style=""color:white; font-size: 35px;"">无能</p>","negative","ability","无能",7,363,363,"i","true",NA,NA,NA,NA,"phase_015_subj_22"
10975,380,7,"<p style=""color:rgb(150, 250, 100); font-size: 35px;"">本人的</p>","self","ability","本人的",7,428,428,"e","true",NA,NA,NA,NA,"phase_015_subj_22"
10976,380,7,"<p style=""color:white; font-size: 35px;"">天才</p>","positive","ability","天才",7,387,387,"e","true",NA,NA,NA,NA,"phase_015_subj_22"
10977,380,7,"<p style=""color:rgb(150, 250, 100); font-size: 35px;"">他的</p>","other","ability","他的",7,441,441,"i","true",NA,NA,NA,NA,"phase_015_subj_22"
10978,380,7,"<p style=""color:white; font-size: 35px;"">拙笨</p>","negative","ability","拙笨",7,384,384,"i","true",NA,NA,NA,NA,"phase_015_subj_22"
10979,380,7,"<p style=""color:rgb(150, 250, 100); font-size: 35px;"">我</p>","self","ability","我",7,461,461,"e","true",NA,NA,NA,NA,"phase_015_subj_22"
10980,380,7,"<p style=""color:white; font-size: 35px;"">精干</p>","positive","ability","精干",7,454,454,"e","true",NA,NA,NA,NA,"phase_015_subj_22"
10981,380,7,"<p style=""color:rgb(150, 250, 100); font-size: 35px;"">他人的</p>","other","ability","他人的",7,444,444,"i","true",NA,NA,NA,NA,"phase_015_subj_22"
10982,380,7,"<p style=""color:white; font-size: 35px;"">低能</p>","negative","ability","低能",7,369,369,"i","true",NA,NA,NA,NA,"phase_015_subj_22"
10983,380,7,"<p style=""color:rgb(150, 250, 100); font-size: 35px;"">别人</p>","other","ability","别人",7,468,1056.97777777778,"e","false",NA,NA,NA,NA,"phase_015_subj_22"
10984,380,7,"<p style=""color:white; font-size: 35px;"">全才</p>","positive","ability","全才",7,464,464,"e","true",NA,NA,NA,NA,"phase_015_subj_22"
10985,380,7,"<p style=""color:rgb(150, 250, 100); font-size: 35px;"">我</p>","self","ability","我",7,390,390,"e","true",NA,NA,NA,NA,"phase_015_subj_22"
10986,380,7,"<p style=""color:white; font-size: 35px;"">精干</p>","positive","ability","精干",7,478,478,"e","true",NA,NA,NA,NA,"phase_015_subj_22"
10987,380,7,"<p style=""color:rgb(150, 250, 100); font-size: 35px;"">他人的</p>","other","ability","他人的",7,468,468,"i","true",NA,NA,NA,NA,"phase_015_subj_22"
10988,380,7,"<p style=""color:white; font-size: 35px;"">愚钝</p>","negative","ability","愚钝",7,435,435,"i","true",NA,NA,NA,NA,"phase_015_subj_22"
10989,380,7,"<p style=""color:rgb(150, 250, 100); font-size: 35px;"">自己的</p>","self","ability","自己的",7,494,494,"e","true",NA,NA,NA,NA,"phase_015_subj_22"
10990,380,7,"<p style=""color:white; font-size: 35px;"">全才</p>","positive","ability","全才",7,467,467,"e","true",NA,NA,NA,NA,"phase_015_subj_22"
10991,380,7,"<p style=""color:rgb(150, 250, 100); font-size: 35px;"">他的</p>","other","ability","他的",7,546,546,"i","true",NA,NA,NA,NA,"phase_015_subj_22"
10992,380,7,"<p style=""color:white; font-size: 35px;"">拙笨</p>","negative","ability","拙笨",7,443,443,"i","true",NA,NA,NA,NA,"phase_015_subj_22"
10993,380,7,"<p style=""color:rgb(150, 250, 100); font-size: 35px;"">我的</p>","self","ability","我的",7,492,492,"e","true",NA,NA,NA,NA,"phase_015_subj_22"
10994,380,7,"<p style=""color:white; font-size: 35px;"">低能</p>","negative","ability","低能",7,520,520,"i","true",NA,NA,NA,NA,"phase_015_subj_22"
10995,380,7,"<p style=""color:rgb(150, 250, 100); font-size: 35px;"">他</p>","other","ability","他",7,541,541,"i","true",NA,NA,NA,NA,"phase_015_subj_22"
10996,380,7,"<p style=""color:white; font-size: 35px;"">高效</p>","positive","ability","高效",7,521,521,"e","true",NA,NA,NA,NA,"phase_015_subj_22"
10997,380,7,"<p style=""color:rgb(150, 250, 100); font-size: 35px;"">本人</p>","self","ability","本人",7,404,404,"e","true",NA,NA,NA,NA,"phase_015_subj_22"
10998,380,7,"<p style=""color:white; font-size: 35px;"">废物</p>","negative","ability","废物",7,466,466,"i","true",NA,NA,NA,NA,"phase_015_subj_22"
10999,380,7,"<p style=""color:rgb(150, 250, 100); font-size: 35px;"">别人</p>","other","ability","别人",7,454,454,"i","true",NA,NA,NA,NA,"phase_015_subj_22"
11000,380,7,"<p style=""color:white; font-size: 35px;"">能干</p>","positive","ability","能干",7,597,597,"e","true",NA,NA,NA,NA,"phase_015_subj_22"
11001,380,7,"<p style=""color:rgb(150, 250, 100); font-size: 35px;"">自己</p>","self","ability","自己",7,510,510,"e","true",NA,NA,NA,NA,"phase_015_subj_22"
11002,380,NA,"
    <h3>词语分类任务</h3>
    <p>在接下来的任务中，你需要对一系列词语进行分类。<p/>
    请先熟悉这些词语，这有利于你完成接下来的任务。</p>
    <table align=""center"" border=1 cellpadding=3 cellspacing=0>
    <tr> <th>类别</th> <th>词语</th> </tr>
    <tr> <td>&emsp;积极&emsp;</td> <td>&emsp;高尚、诚信、善良、君子、廉正、正直&emsp;</td> </tr>
    <tr> <td>&emsp;消极&emsp;</td> <td>&emsp;缺德、卑鄙、不孝、不仁、小人、黑心&emsp;</td> </tr>
    <tr> <td>&emsp;自我&emsp;</td> <td>&emsp;我、我的、自己、自己的、本人、本人的&emsp;</td> </tr>
    <tr> <td>&emsp;他人&emsp;</td> <td>&emsp;他、他的、别人、别人的、他人、他人的&emsp;</td> </tr>
    </table><br/>","","","",NA,18656,NA,"0","",NA,NA,1,1,"phase_015_subj_22"
11003,380,11,"<p style=""color:rgb(150, 250, 100); font-size: 35px;"">我的</p>","self","moral","我的",1,711,711,"e","true",NA,NA,NA,NA,"phase_015_subj_22"
11004,380,11,"<p style=""color:rgb(150, 250, 100); font-size: 35px;"">别人</p>","other","moral","别人",1,493,493,"i","true",NA,NA,NA,NA,"phase_015_subj_22"
11005,380,11,"<p style=""color:rgb(150, 250, 100); font-size: 35px;"">别人的</p>","other","moral","别人的",1,464,464,"i","true",NA,NA,NA,NA,"phase_015_subj_22"
11006,380,11,"<p style=""color:rgb(150, 250, 100); font-size: 35px;"">本人的</p>","self","moral","本人的",1,1135,1135,"e","true",NA,NA,NA,NA,"phase_015_subj_22"
11007,380,11,"<p style=""color:rgb(150, 250, 100); font-size: 35px;"">他人的</p>","other","moral","他人的",1,582,582,"i","true",NA,NA,NA,NA,"phase_015_subj_22"
11008,380,11,"<p style=""color:rgb(150, 250, 100); font-size: 35px;"">本人</p>","self","moral","本人",1,708,708,"e","true",NA,NA,NA,NA,"phase_015_subj_22"
11009,380,11,"<p style=""color:rgb(150, 250, 100); font-size: 35px;"">我</p>","self","moral","我",1,1216,1216,"e","true",NA,NA,NA,NA,"phase_015_subj_22"
11010,380,11,"<p style=""color:rgb(150, 250, 100); font-size: 35px;"">自己</p>","self","moral","自己",1,542,542,"e","true",NA,NA,NA,NA,"phase_015_subj_22"
11011,380,11,"<p style=""color:rgb(150, 250, 100); font-size: 35px;"">自己的</p>","self","moral","自己的",1,461,461,"e","true",NA,NA,NA,NA,"phase_015_subj_22"
11012,380,11,"<p style=""color:rgb(150, 250, 100); font-size: 35px;"">他人</p>","other","moral","他人",1,1161,1161,"i","true",NA,NA,NA,NA,"phase_015_subj_22"
11013,380,11,"<p style=""color:rgb(150, 250, 100); font-size: 35px;"">他的</p>","other","moral","他的",1,857,857,"i","true",NA,NA,NA,NA,"phase_015_subj_22"
11014,380,11,"<p style=""color:rgb(150, 250, 100); font-size: 35px;"">他</p>","other","moral","他",1,454,454,"i","true",NA,NA,NA,NA,"phase_015_subj_22"
11015,380,12,"<p style=""color:white; font-size: 35px;"">君子</p>","positive","moral","君子",2,621,621,"e","true",NA,NA,NA,NA,"phase_015_subj_22"
11016,380,12,"<p style=""color:white; font-size: 35px;"">黑心</p>","negative","moral","黑心",2,602,602,"i","true",NA,NA,NA,NA,"phase_015_subj_22"
11017,380,12,"<p style=""color:white; font-size: 35px;"">缺德</p>","negative","moral","缺德",2,890,890,"i","true",NA,NA,NA,NA,"phase_015_subj_22"
11018,380,12,"<p style=""color:white; font-size: 35px;"">不仁</p>","negative","moral","不仁",2,826,826,"i","true",NA,NA,NA,NA,"phase_015_subj_22"
11019,380,12,"<p style=""color:white; font-size: 35px;"">善良</p>","positive","moral","善良",2,698,698,"e","true",NA,NA,NA,NA,"phase_015_subj_22"
11020,380,12,"<p style=""color:white; font-size: 35px;"">廉正</p>","positive","moral","廉正",2,491,491,"e","true",NA,NA,NA,NA,"phase_015_subj_22"
11021,380,12,"<p style=""color:white; font-size: 35px;"">卑鄙</p>","negative","moral","卑鄙",2,628,628,"i","true",NA,NA,NA,NA,"phase_015_subj_22"
11022,380,12,"<p style=""color:white; font-size: 35px;"">高尚</p>","positive","moral","高尚",2,768,768,"e","true",NA,NA,NA,NA,"phase_015_subj_22"
11023,380,12,"<p style=""color:white; font-size: 35px;"">诚信</p>","positive","moral","诚信",2,890,890,"e","true",NA,NA,NA,NA,"phase_015_subj_22"
11024,380,12,"<p style=""color:white; font-size: 35px;"">小人</p>","negative","moral","小人",2,980,980,"i","true",NA,NA,NA,NA,"phase_015_subj_22"
11025,380,12,"<p style=""color:white; font-size: 35px;"">不孝</p>","negative","moral","不孝",2,858,858,"i","true",NA,NA,NA,NA,"phase_015_subj_22"
11026,380,12,"<p style=""color:white; font-size: 35px;"">正直</p>","positive","moral","正直",2,524,524,"e","true",NA,NA,NA,NA,"phase_015_subj_22"
11027,380,13,"<p style=""color:rgb(150, 250, 100); font-size: 35px;"">他人</p>","other","moral","他人",3,503,503,"i","true",NA,NA,NA,NA,"phase_015_subj_22"
11028,380,13,"<p style=""color:white; font-size: 35px;"">廉正</p>","positive","moral","廉正",3,635,635,"e","true",NA,NA,NA,NA,"phase_015_subj_22"
11029,380,13,"<p style=""color:rgb(150, 250, 100); font-size: 35px;"">本人的</p>","self","moral","本人的",3,740,740,"e","true",NA,NA,NA,NA,"phase_015_subj_22"
11030,380,13,"<p style=""color:white; font-size: 35px;"">小人</p>","negative","moral","小人",3,588,588,"i","true",NA,NA,NA,NA,"phase_015_subj_22"
11031,380,13,"<p style=""color:rgb(150, 250, 100); font-size: 35px;"">自己的</p>","self","moral","自己的",3,677,677,"e","true",NA,NA,NA,NA,"phase_015_subj_22"
11032,380,13,"<p style=""color:white; font-size: 35px;"">缺德</p>","negative","moral","缺德",3,749,749,"i","true",NA,NA,NA,NA,"phase_015_subj_22"
11033,380,13,"<p style=""color:rgb(150, 250, 100); font-size: 35px;"">他</p>","other","moral","他",3,875,1214.68181818182,"e","false",NA,NA,NA,NA,"phase_015_subj_22"
11034,380,13,"<p style=""color:white; font-size: 35px;"">诚信</p>","positive","moral","诚信",3,465,465,"e","true",NA,NA,NA,NA,"phase_015_subj_22"
11035,380,13,"<p style=""color:rgb(150, 250, 100); font-size: 35px;"">他人的</p>","other","moral","他人的",3,483,1214.68181818182,"e","false",NA,NA,NA,NA,"phase_015_subj_22"
11036,380,13,"<p style=""color:white; font-size: 35px;"">不仁</p>","negative","moral","不仁",3,479,479,"i","true",NA,NA,NA,NA,"phase_015_subj_22"
11037,380,13,"<p style=""color:rgb(150, 250, 100); font-size: 35px;"">本人</p>","self","moral","本人",3,483,483,"e","true",NA,NA,NA,NA,"phase_015_subj_22"
11038,380,13,"<p style=""color:white; font-size: 35px;"">正直</p>","positive","moral","正直",3,466,466,"e","true",NA,NA,NA,NA,"phase_015_subj_22"
11039,380,13,"<p style=""color:rgb(150, 250, 100); font-size: 35px;"">别人的</p>","other","moral","别人的",3,739,739,"i","true",NA,NA,NA,NA,"phase_015_subj_22"
11040,380,13,"<p style=""color:white; font-size: 35px;"">君子</p>","positive","moral","君子",3,1158,1158,"e","true",NA,NA,NA,NA,"phase_015_subj_22"
11041,380,13,"<p style=""color:rgb(150, 250, 100); font-size: 35px;"">我</p>","self","moral","我",3,676,676,"e","true",NA,NA,NA,NA,"phase_015_subj_22"
11042,380,13,"<p style=""color:white; font-size: 35px;"">黑心</p>","negative","moral","黑心",3,867,867,"i","true",NA,NA,NA,NA,"phase_015_subj_22"
11043,380,13,"<p style=""color:rgb(150, 250, 100); font-size: 35px;"">他的</p>","other","moral","他的",3,624,624,"i","true",NA,NA,NA,NA,"phase_015_subj_22"
11044,380,13,"<p style=""color:white; font-size: 35px;"">善良</p>","positive","moral","善良",3,500,500,"e","true",NA,NA,NA,NA,"phase_015_subj_22"
11045,380,13,"<p style=""color:rgb(150, 250, 100); font-size: 35px;"">自己</p>","self","moral","自己",3,593,593,"e","true",NA,NA,NA,NA,"phase_015_subj_22"
11046,380,13,"<p style=""color:white; font-size: 35px;"">不孝</p>","negative","moral","不孝",3,517,517,"i","true",NA,NA,NA,NA,"phase_015_subj_22"
11047,380,13,"<p style=""color:rgb(150, 250, 100); font-size: 35px;"">别人</p>","other","moral","别人",3,515,515,"i","true",NA,NA,NA,NA,"phase_015_subj_22"
11048,380,13,"<p style=""color:white; font-size: 35px;"">卑鄙</p>","negative","moral","卑鄙",3,574,574,"i","true",NA,NA,NA,NA,"phase_015_subj_22"
11049,380,13,"<p style=""color:rgb(150, 250, 100); font-size: 35px;"">我的</p>","self","moral","我的",3,521,521,"e","true",NA,NA,NA,NA,"phase_015_subj_22"
11050,380,13,"<p style=""color:white; font-size: 35px;"">高尚</p>","positive","moral","高尚",3,454,454,"e","true",NA,NA,NA,NA,"phase_015_subj_22"
11051,380,14,"<p style=""color:rgb(150, 250, 100); font-size: 35px;"">他的</p>","other","moral","他的",4,727,727,"i","true",NA,NA,NA,NA,"phase_015_subj_22"
11052,380,14,"<p style=""color:white; font-size: 35px;"">高尚</p>","positive","moral","高尚",4,578,578,"e","true",NA,NA,NA,NA,"phase_015_subj_22"
11053,380,14,"<p style=""color:rgb(150, 250, 100); font-size: 35px;"">我的</p>","self","moral","我的",4,465,465,"e","true",NA,NA,NA,NA,"phase_015_subj_22"
11054,380,14,"<p style=""color:white; font-size: 35px;"">缺德</p>","negative","moral","缺德",4,878,878,"i","true",NA,NA,NA,NA,"phase_015_subj_22"
11055,380,14,"<p style=""color:rgb(150, 250, 100); font-size: 35px;"">自己</p>","self","moral","自己",4,982,982,"e","true",NA,NA,NA,NA,"phase_015_subj_22"
11056,380,14,"<p style=""color:white; font-size: 35px;"">善良</p>","positive","moral","善良",4,1119,1119,"e","true",NA,NA,NA,NA,"phase_015_subj_22"
11057,380,14,"<p style=""color:rgb(150, 250, 100); font-size: 35px;"">他人的</p>","other","moral","他人的",4,712,712,"i","true",NA,NA,NA,NA,"phase_015_subj_22"
11058,380,14,"<p style=""color:white; font-size: 35px;"">缺德</p>","negative","moral","缺德",4,624,624,"i","true",NA,NA,NA,NA,"phase_015_subj_22"
11059,380,14,"<p style=""color:rgb(150, 250, 100); font-size: 35px;"">本人的</p>","self","moral","本人的",4,979,979,"e","true",NA,NA,NA,NA,"phase_015_subj_22"
11060,380,14,"<p style=""color:white; font-size: 35px;"">不孝</p>","negative","moral","不孝",4,700,700,"i","true",NA,NA,NA,NA,"phase_015_subj_22"
11061,380,14,"<p style=""color:rgb(150, 250, 100); font-size: 35px;"">他</p>","other","moral","他",4,510,510,"i","true",NA,NA,NA,NA,"phase_015_subj_22"
11062,380,14,"<p style=""color:white; font-size: 35px;"">正直</p>","positive","moral","正直",4,764,764,"e","true",NA,NA,NA,NA,"phase_015_subj_22"
11063,380,14,"<p style=""color:rgb(150, 250, 100); font-size: 35px;"">本人</p>","self","moral","本人",4,488,488,"e","true",NA,NA,NA,NA,"phase_015_subj_22"
11064,380,14,"<p style=""color:white; font-size: 35px;"">善良</p>","positive","moral","善良",4,462,462,"e","true",NA,NA,NA,NA,"phase_015_subj_22"
11065,380,14,"<p style=""color:rgb(150, 250, 100); font-size: 35px;"">他</p>","other","moral","他",4,706,706,"i","true",NA,NA,NA,NA,"phase_015_subj_22"
11066,380,14,"<p style=""color:white; font-size: 35px;"">小人</p>","negative","moral","小人",4,633,633,"i","true",NA,NA,NA,NA,"phase_015_subj_22"
11067,380,14,"<p style=""color:rgb(150, 250, 100); font-size: 35px;"">别人</p>","other","moral","别人",4,566,566,"i","true",NA,NA,NA,NA,"phase_015_subj_22"
11068,380,14,"<p style=""color:white; font-size: 35px;"">诚信</p>","positive","moral","诚信",4,710,710,"e","true",NA,NA,NA,NA,"phase_015_subj_22"
11069,380,14,"<p style=""color:rgb(150, 250, 100); font-size: 35px;"">我</p>","self","moral","我",4,547,547,"e","true",NA,NA,NA,NA,"phase_015_subj_22"
11070,380,14,"<p style=""color:white; font-size: 35px;"">卑鄙</p>","negative","moral","卑鄙",4,505,505,"i","true",NA,NA,NA,NA,"phase_015_subj_22"
11071,380,14,"<p style=""color:rgb(150, 250, 100); font-size: 35px;"">自己</p>","self","moral","自己",4,981,981,"e","true",NA,NA,NA,NA,"phase_015_subj_22"
11072,380,14,"<p style=""color:white; font-size: 35px;"">廉正</p>","positive","moral","廉正",4,616,616,"e","true",NA,NA,NA,NA,"phase_015_subj_22"
11073,380,14,"<p style=""color:rgb(150, 250, 100); font-size: 35px;"">他人的</p>","other","moral","他人的",4,479,479,"i","true",NA,NA,NA,NA,"phase_015_subj_22"
11074,380,14,"<p style=""color:white; font-size: 35px;"">卑鄙</p>","negative","moral","卑鄙",4,564,564,"i","true",NA,NA,NA,NA,"phase_015_subj_22"
11075,380,14,"<p style=""color:rgb(150, 250, 100); font-size: 35px;"">本人</p>","self","moral","本人",4,495,495,"e","true",NA,NA,NA,NA,"phase_015_subj_22"
11076,380,14,"<p style=""color:white; font-size: 35px;"">君子</p>","positive","moral","君子",4,418,418,"e","true",NA,NA,NA,NA,"phase_015_subj_22"
11077,380,14,"<p style=""color:rgb(150, 250, 100); font-size: 35px;"">他人</p>","other","moral","他人",4,474,474,"i","true",NA,NA,NA,NA,"phase_015_subj_22"
11078,380,14,"<p style=""color:white; font-size: 35px;"">黑心</p>","negative","moral","黑心",4,477,477,"i","true",NA,NA,NA,NA,"phase_015_subj_22"
11079,380,14,"<p style=""color:rgb(150, 250, 100); font-size: 35px;"">本人的</p>","self","moral","本人的",4,590,590,"e","true",NA,NA,NA,NA,"phase_015_subj_22"
11080,380,14,"<p style=""color:white; font-size: 35px;"">不孝</p>","negative","moral","不孝",4,457,457,"i","true",NA,NA,NA,NA,"phase_015_subj_22"
11081,380,14,"<p style=""color:rgb(150, 250, 100); font-size: 35px;"">别人的</p>","other","moral","别人的",4,513,513,"i","true",NA,NA,NA,NA,"phase_015_subj_22"
11082,380,14,"<p style=""color:white; font-size: 35px;"">廉正</p>","positive","moral","廉正",4,494,494,"e","true",NA,NA,NA,NA,"phase_015_subj_22"
11083,380,14,"<p style=""color:rgb(150, 250, 100); font-size: 35px;"">我的</p>","self","moral","我的",4,470,470,"e","true",NA,NA,NA,NA,"phase_015_subj_22"
11084,380,14,"<p style=""color:white; font-size: 35px;"">正直</p>","positive","moral","正直",4,436,436,"e","true",NA,NA,NA,NA,"phase_015_subj_22"
11085,380,14,"<p style=""color:rgb(150, 250, 100); font-size: 35px;"">他的</p>","other","moral","他的",4,471,471,"i","true",NA,NA,NA,NA,"phase_015_subj_22"
11086,380,14,"<p style=""color:white; font-size: 35px;"">不仁</p>","negative","moral","不仁",4,436,436,"i","true",NA,NA,NA,NA,"phase_015_subj_22"
11087,380,14,"<p style=""color:rgb(150, 250, 100); font-size: 35px;"">他人</p>","other","moral","他人",4,530,530,"i","true",NA,NA,NA,NA,"phase_015_subj_22"
11088,380,14,"<p style=""color:white; font-size: 35px;"">诚信</p>","positive","moral","诚信",4,430,430,"e","true",NA,NA,NA,NA,"phase_015_subj_22"
11089,380,14,"<p style=""color:rgb(150, 250, 100); font-size: 35px;"">自己的</p>","self","moral","自己的",4,455,455,"e","true",NA,NA,NA,NA,"phase_015_subj_22"
11090,380,14,"<p style=""color:white; font-size: 35px;"">黑心</p>","negative","moral","黑心",4,533,533,"i","true",NA,NA,NA,NA,"phase_015_subj_22"
11091,380,14,"<p style=""color:rgb(150, 250, 100); font-size: 35px;"">别人</p>","other","moral","别人",4,513,513,"i","true",NA,NA,NA,NA,"phase_015_subj_22"
11092,380,14,"<p style=""color:white; font-size: 35px;"">君子</p>","positive","moral","君子",4,607,607,"e","true",NA,NA,NA,NA,"phase_015_subj_22"
11093,380,14,"<p style=""color:rgb(150, 250, 100); font-size: 35px;"">我</p>","self","moral","我",4,541,541,"e","true",NA,NA,NA,NA,"phase_015_subj_22"
11094,380,14,"<p style=""color:white; font-size: 35px;"">不仁</p>","negative","moral","不仁",4,454,454,"i","true",NA,NA,NA,NA,"phase_015_subj_22"
11095,380,14,"<p style=""color:rgb(150, 250, 100); font-size: 35px;"">自己的</p>","self","moral","自己的",4,855,855,"e","true",NA,NA,NA,NA,"phase_015_subj_22"
11096,380,14,"<p style=""color:white; font-size: 35px;"">高尚</p>","positive","moral","高尚",4,518,518,"e","true",NA,NA,NA,NA,"phase_015_subj_22"
11097,380,14,"<p style=""color:rgb(150, 250, 100); font-size: 35px;"">别人的</p>","other","moral","别人的",4,1075,1075,"i","true",NA,NA,NA,NA,"phase_015_subj_22"
11098,380,14,"<p style=""color:white; font-size: 35px;"">小人</p>","negative","moral","小人",4,697,697,"i","true",NA,NA,NA,NA,"phase_015_subj_22"
11099,380,15,"<p style=""color:rgb(150, 250, 100); font-size: 35px;"">我</p>","self","moral","我",5,825,825,"i","true",NA,NA,NA,NA,"phase_015_subj_22"
11100,380,15,"<p style=""color:rgb(150, 250, 100); font-size: 35px;"">他人的</p>","other","moral","他人的",5,402,402,"e","true",NA,NA,NA,NA,"phase_015_subj_22"
11101,380,15,"<p style=""color:rgb(150, 250, 100); font-size: 35px;"">自己</p>","self","moral","自己",5,442,442,"i","true",NA,NA,NA,NA,"phase_015_subj_22"
11102,380,15,"<p style=""color:rgb(150, 250, 100); font-size: 35px;"">他</p>","other","moral","他",5,521,521,"e","true",NA,NA,NA,NA,"phase_015_subj_22"
11103,380,15,"<p style=""color:rgb(150, 250, 100); font-size: 35px;"">本人的</p>","self","moral","本人的",5,483,483,"i","true",NA,NA,NA,NA,"phase_015_subj_22"
11104,380,15,"<p style=""color:rgb(150, 250, 100); font-size: 35px;"">他人的</p>","other","moral","他人的",5,494,494,"e","true",NA,NA,NA,NA,"phase_015_subj_22"
11105,380,15,"<p style=""color:rgb(150, 250, 100); font-size: 35px;"">自己的</p>","self","moral","自己的",5,451,451,"i","true",NA,NA,NA,NA,"phase_015_subj_22"
11106,380,15,"<p style=""color:rgb(150, 250, 100); font-size: 35px;"">我</p>","self","moral","我",5,424,424,"i","true",NA,NA,NA,NA,"phase_015_subj_22"
11107,380,15,"<p style=""color:rgb(150, 250, 100); font-size: 35px;"">本人的</p>","self","moral","本人的",5,466,466,"i","true",NA,NA,NA,NA,"phase_015_subj_22"
11108,380,15,"<p style=""color:rgb(150, 250, 100); font-size: 35px;"">别人</p>","other","moral","别人",5,1124,1124,"e","true",NA,NA,NA,NA,"phase_015_subj_22"
11109,380,15,"<p style=""color:rgb(150, 250, 100); font-size: 35px;"">他</p>","other","moral","他",5,396,396,"e","true",NA,NA,NA,NA,"phase_015_subj_22"
11110,380,15,"<p style=""color:rgb(150, 250, 100); font-size: 35px;"">别人的</p>","other","moral","别人的",5,524,524,"e","true",NA,NA,NA,NA,"phase_015_subj_22"
11111,380,15,"<p style=""color:rgb(150, 250, 100); font-size: 35px;"">本人</p>","self","moral","本人",5,381,381,"i","true",NA,NA,NA,NA,"phase_015_subj_22"
11112,380,15,"<p style=""color:rgb(150, 250, 100); font-size: 35px;"">自己的</p>","self","moral","自己的",5,512,512,"i","true",NA,NA,NA,NA,"phase_015_subj_22"
11113,380,15,"<p style=""color:rgb(150, 250, 100); font-size: 35px;"">他的</p>","other","moral","他的",5,442,442,"e","true",NA,NA,NA,NA,"phase_015_subj_22"
11114,380,15,"<p style=""color:rgb(150, 250, 100); font-size: 35px;"">他人</p>","other","moral","他人",5,402,402,"e","true",NA,NA,NA,NA,"phase_015_subj_22"
11115,380,15,"<p style=""color:rgb(150, 250, 100); font-size: 35px;"">本人</p>","self","moral","本人",5,403,403,"i","true",NA,NA,NA,NA,"phase_015_subj_22"
11116,380,15,"<p style=""color:rgb(150, 250, 100); font-size: 35px;"">我的</p>","self","moral","我的",5,420,420,"i","true",NA,NA,NA,NA,"phase_015_subj_22"
11117,380,15,"<p style=""color:rgb(150, 250, 100); font-size: 35px;"">他人</p>","other","moral","他人",5,524,524,"e","true",NA,NA,NA,NA,"phase_015_subj_22"
11118,380,15,"<p style=""color:rgb(150, 250, 100); font-size: 35px;"">别人的</p>","other","moral","别人的",5,456,456,"e","true",NA,NA,NA,NA,"phase_015_subj_22"
11119,380,15,"<p style=""color:rgb(150, 250, 100); font-size: 35px;"">我的</p>","self","moral","我的",5,490,490,"i","true",NA,NA,NA,NA,"phase_015_subj_22"
11120,380,15,"<p style=""color:rgb(150, 250, 100); font-size: 35px;"">别人</p>","other","moral","别人",5,477,477,"e","true",NA,NA,NA,NA,"phase_015_subj_22"
11121,380,15,"<p style=""color:rgb(150, 250, 100); font-size: 35px;"">自己</p>","self","moral","自己",5,543,543,"i","true",NA,NA,NA,NA,"phase_015_subj_22"
11122,380,15,"<p style=""color:rgb(150, 250, 100); font-size: 35px;"">他的</p>","other","moral","他的",5,478,478,"e","true",NA,NA,NA,NA,"phase_015_subj_22"
11123,380,16,"<p style=""color:white; font-size: 35px;"">廉正</p>","positive","moral","廉正",6,623,623,"e","true",NA,NA,NA,NA,"phase_015_subj_22"
11124,380,16,"<p style=""color:rgb(150, 250, 100); font-size: 35px;"">他人的</p>","other","moral","他人的",6,473,473,"e","true",NA,NA,NA,NA,"phase_015_subj_22"
11125,380,16,"<p style=""color:white; font-size: 35px;"">不仁</p>","negative","moral","不仁",6,548,548,"i","true",NA,NA,NA,NA,"phase_015_subj_22"
11126,380,16,"<p style=""color:rgb(150, 250, 100); font-size: 35px;"">本人</p>","self","moral","本人",6,647,1188.5,"e","false",NA,NA,NA,NA,"phase_015_subj_22"
11127,380,16,"<p style=""color:white; font-size: 35px;"">诚信</p>","positive","moral","诚信",6,633,633,"e","true",NA,NA,NA,NA,"phase_015_subj_22"
11128,380,16,"<p style=""color:rgb(150, 250, 100); font-size: 35px;"">自己的</p>","self","moral","自己的",6,563,563,"i","true",NA,NA,NA,NA,"phase_015_subj_22"
11129,380,16,"<p style=""color:white; font-size: 35px;"">缺德</p>","negative","moral","缺德",6,419,419,"i","true",NA,NA,NA,NA,"phase_015_subj_22"
11130,380,16,"<p style=""color:rgb(150, 250, 100); font-size: 35px;"">他的</p>","other","moral","他的",6,570,570,"e","true",NA,NA,NA,NA,"phase_015_subj_22"
11131,380,16,"<p style=""color:white; font-size: 35px;"">高尚</p>","positive","moral","高尚",6,572,572,"e","true",NA,NA,NA,NA,"phase_015_subj_22"
11132,380,16,"<p style=""color:rgb(150, 250, 100); font-size: 35px;"">别人</p>","other","moral","别人",6,846,846,"e","true",NA,NA,NA,NA,"phase_015_subj_22"
11133,380,16,"<p style=""color:white; font-size: 35px;"">黑心</p>","negative","moral","黑心",6,553,553,"i","true",NA,NA,NA,NA,"phase_015_subj_22"
11134,380,16,"<p style=""color:rgb(150, 250, 100); font-size: 35px;"">自己</p>","self","moral","自己",6,457,457,"i","true",NA,NA,NA,NA,"phase_015_subj_22"
11135,380,16,"<p style=""color:white; font-size: 35px;"">卑鄙</p>","negative","moral","卑鄙",6,501,1188.5,"e","false",NA,NA,NA,NA,"phase_015_subj_22"
11136,380,16,"<p style=""color:rgb(150, 250, 100); font-size: 35px;"">我的</p>","self","moral","我的",6,733,733,"i","true",NA,NA,NA,NA,"phase_015_subj_22"
11137,380,16,"<p style=""color:white; font-size: 35px;"">善良</p>","positive","moral","善良",6,706,706,"e","true",NA,NA,NA,NA,"phase_015_subj_22"
11138,380,16,"<p style=""color:rgb(150, 250, 100); font-size: 35px;"">别人的</p>","other","moral","别人的",6,488,488,"e","true",NA,NA,NA,NA,"phase_015_subj_22"
11139,380,16,"<p style=""color:white; font-size: 35px;"">小人</p>","negative","moral","小人",6,755,755,"i","true",NA,NA,NA,NA,"phase_015_subj_22"
11140,380,16,"<p style=""color:rgb(150, 250, 100); font-size: 35px;"">他</p>","other","moral","他",6,550,550,"e","true",NA,NA,NA,NA,"phase_015_subj_22"
11141,380,16,"<p style=""color:white; font-size: 35px;"">君子</p>","positive","moral","君子",6,783,783,"e","true",NA,NA,NA,NA,"phase_015_subj_22"
11142,380,16,"<p style=""color:rgb(150, 250, 100); font-size: 35px;"">本人的</p>","self","moral","本人的",6,569,569,"i","true",NA,NA,NA,NA,"phase_015_subj_22"
11143,380,16,"<p style=""color:white; font-size: 35px;"">不孝</p>","negative","moral","不孝",6,474,474,"i","true",NA,NA,NA,NA,"phase_015_subj_22"
11144,380,16,"<p style=""color:rgb(150, 250, 100); font-size: 35px;"">我</p>","self","moral","我",6,731,731,"i","true",NA,NA,NA,NA,"phase_015_subj_22"
11145,380,16,"<p style=""color:white; font-size: 35px;"">正直</p>","positive","moral","正直",6,505,505,"e","true",NA,NA,NA,NA,"phase_015_subj_22"
11146,380,16,"<p style=""color:rgb(150, 250, 100); font-size: 35px;"">他人</p>","other","moral","他人",6,396,396,"e","true",NA,NA,NA,NA,"phase_015_subj_22"
11147,380,17,"<p style=""color:white; font-size: 35px;"">君子</p>","positive","moral","君子",7,508,508,"e","true",NA,NA,NA,NA,"phase_015_subj_22"
11148,380,17,"<p style=""color:rgb(150, 250, 100); font-size: 35px;"">他人的</p>","other","moral","他人的",7,451,451,"e","true",NA,NA,NA,NA,"phase_015_subj_22"
11149,380,17,"<p style=""color:white; font-size: 35px;"">不孝</p>","negative","moral","不孝",7,761,761,"i","true",NA,NA,NA,NA,"phase_015_subj_22"
11150,380,17,"<p style=""color:rgb(150, 250, 100); font-size: 35px;"">自己的</p>","self","moral","自己的",7,428,428,"i","true",NA,NA,NA,NA,"phase_015_subj_22"
11151,380,17,"<p style=""color:white; font-size: 35px;"">黑心</p>","negative","moral","黑心",7,568,1176.02222222222,"e","false",NA,NA,NA,NA,"phase_015_subj_22"
11152,380,17,"<p style=""color:rgb(150, 250, 100); font-size: 35px;"">本人</p>","self","moral","本人",7,659,659,"i","true",NA,NA,NA,NA,"phase_015_subj_22"
11153,380,17,"<p style=""color:white; font-size: 35px;"">正直</p>","positive","moral","正直",7,630,630,"e","true",NA,NA,NA,NA,"phase_015_subj_22"
11154,380,17,"<p style=""color:rgb(150, 250, 100); font-size: 35px;"">他人的</p>","other","moral","他人的",7,403,403,"e","true",NA,NA,NA,NA,"phase_015_subj_22"
11155,380,17,"<p style=""color:white; font-size: 35px;"">善良</p>","positive","moral","善良",7,666,1176.02222222222,"i","false",NA,NA,NA,NA,"phase_015_subj_22"
11156,380,17,"<p style=""color:rgb(150, 250, 100); font-size: 35px;"">本人</p>","self","moral","本人",7,714,714,"i","true",NA,NA,NA,NA,"phase_015_subj_22"
11157,380,17,"<p style=""color:white; font-size: 35px;"">不仁</p>","negative","moral","不仁",7,393,393,"i","true",NA,NA,NA,NA,"phase_015_subj_22"
11158,380,17,"<p style=""color:rgb(150, 250, 100); font-size: 35px;"">别人的</p>","other","moral","别人的",7,511,511,"e","true",NA,NA,NA,NA,"phase_015_subj_22"
11159,380,17,"<p style=""color:white; font-size: 35px;"">黑心</p>","negative","moral","黑心",7,570,570,"i","true",NA,NA,NA,NA,"phase_015_subj_22"
11160,380,17,"<p style=""color:rgb(150, 250, 100); font-size: 35px;"">别人</p>","other","moral","别人",7,619,619,"e","true",NA,NA,NA,NA,"phase_015_subj_22"
11161,380,17,"<p style=""color:white; font-size: 35px;"">诚信</p>","positive","moral","诚信",7,505,505,"e","true",NA,NA,NA,NA,"phase_015_subj_22"
11162,380,17,"<p style=""color:rgb(150, 250, 100); font-size: 35px;"">本人的</p>","self","moral","本人的",7,566,566,"i","true",NA,NA,NA,NA,"phase_015_subj_22"
11163,380,17,"<p style=""color:white; font-size: 35px;"">高尚</p>","positive","moral","高尚",7,700,700,"e","true",NA,NA,NA,NA,"phase_015_subj_22"
11164,380,17,"<p style=""color:rgb(150, 250, 100); font-size: 35px;"">别人</p>","other","moral","别人",7,503,503,"e","true",NA,NA,NA,NA,"phase_015_subj_22"
11165,380,17,"<p style=""color:white; font-size: 35px;"">小人</p>","negative","moral","小人",7,505,505,"i","true",NA,NA,NA,NA,"phase_015_subj_22"
11166,380,17,"<p style=""color:rgb(150, 250, 100); font-size: 35px;"">自己</p>","self","moral","自己",7,413,413,"i","true",NA,NA,NA,NA,"phase_015_subj_22"
11167,380,17,"<p style=""color:white; font-size: 35px;"">不仁</p>","negative","moral","不仁",7,781,781,"i","true",NA,NA,NA,NA,"phase_015_subj_22"
11168,380,17,"<p style=""color:rgb(150, 250, 100); font-size: 35px;"">我</p>","self","moral","我",7,886,886,"i","true",NA,NA,NA,NA,"phase_015_subj_22"
11169,380,17,"<p style=""color:white; font-size: 35px;"">诚信</p>","positive","moral","诚信",7,613,613,"e","true",NA,NA,NA,NA,"phase_015_subj_22"
11170,380,17,"<p style=""color:rgb(150, 250, 100); font-size: 35px;"">别人的</p>","other","moral","别人的",7,431,431,"e","true",NA,NA,NA,NA,"phase_015_subj_22"
11171,380,17,"<p style=""color:white; font-size: 35px;"">缺德</p>","negative","moral","缺德",7,585,585,"i","true",NA,NA,NA,NA,"phase_015_subj_22"
11172,380,17,"<p style=""color:rgb(150, 250, 100); font-size: 35px;"">本人的</p>","self","moral","本人的",7,711,711,"i","true",NA,NA,NA,NA,"phase_015_subj_22"
11173,380,17,"<p style=""color:white; font-size: 35px;"">正直</p>","positive","moral","正直",7,794,794,"e","true",NA,NA,NA,NA,"phase_015_subj_22"
11174,380,17,"<p style=""color:rgb(150, 250, 100); font-size: 35px;"">他</p>","other","moral","他",7,442,442,"e","true",NA,NA,NA,NA,"phase_015_subj_22"
11175,380,17,"<p style=""color:white; font-size: 35px;"">廉正</p>","positive","moral","廉正",7,803,803,"e","true",NA,NA,NA,NA,"phase_015_subj_22"
11176,380,17,"<p style=""color:rgb(150, 250, 100); font-size: 35px;"">他人</p>","other","moral","他人",7,807,807,"e","true",NA,NA,NA,NA,"phase_015_subj_22"
11177,380,17,"<p style=""color:white; font-size: 35px;"">卑鄙</p>","negative","moral","卑鄙",7,747,747,"i","true",NA,NA,NA,NA,"phase_015_subj_22"
11178,380,17,"<p style=""color:rgb(150, 250, 100); font-size: 35px;"">我</p>","self","moral","我",7,333,333,"i","true",NA,NA,NA,NA,"phase_015_subj_22"
11179,380,17,"<p style=""color:white; font-size: 35px;"">善良</p>","positive","moral","善良",7,549,549,"e","true",NA,NA,NA,NA,"phase_015_subj_22"
11180,380,17,"<p style=""color:rgb(150, 250, 100); font-size: 35px;"">自己的</p>","self","moral","自己的",7,621,621,"i","true",NA,NA,NA,NA,"phase_015_subj_22"
11181,380,17,"<p style=""color:white; font-size: 35px;"">缺德</p>","negative","moral","缺德",7,492,492,"i","true",NA,NA,NA,NA,"phase_015_subj_22"
11182,380,17,"<p style=""color:rgb(150, 250, 100); font-size: 35px;"">他人</p>","other","moral","他人",7,523,523,"e","true",NA,NA,NA,NA,"phase_015_subj_22"
11183,380,17,"<p style=""color:white; font-size: 35px;"">小人</p>","negative","moral","小人",7,1017,1017,"i","true",NA,NA,NA,NA,"phase_015_subj_22"
11184,380,17,"<p style=""color:rgb(150, 250, 100); font-size: 35px;"">自己</p>","self","moral","自己",7,459,459,"i","true",NA,NA,NA,NA,"phase_015_subj_22"
11185,380,17,"<p style=""color:white; font-size: 35px;"">高尚</p>","positive","moral","高尚",7,498,498,"e","true",NA,NA,NA,NA,"phase_015_subj_22"
11186,380,17,"<p style=""color:rgb(150, 250, 100); font-size: 35px;"">他的</p>","other","moral","他的",7,373,373,"e","true",NA,NA,NA,NA,"phase_015_subj_22"
11187,380,17,"<p style=""color:white; font-size: 35px;"">君子</p>","positive","moral","君子",7,721,721,"e","true",NA,NA,NA,NA,"phase_015_subj_22"
11188,380,17,"<p style=""color:rgb(150, 250, 100); font-size: 35px;"">他</p>","other","moral","他",7,415,415,"e","true",NA,NA,NA,NA,"phase_015_subj_22"
11189,380,17,"<p style=""color:white; font-size: 35px;"">不孝</p>","negative","moral","不孝",7,524,524,"i","true",NA,NA,NA,NA,"phase_015_subj_22"
11190,380,17,"<p style=""color:rgb(150, 250, 100); font-size: 35px;"">我的</p>","self","moral","我的",7,411,411,"i","true",NA,NA,NA,NA,"phase_015_subj_22"
11191,380,17,"<p style=""color:white; font-size: 35px;"">卑鄙</p>","negative","moral","卑鄙",7,570,1176.02222222222,"e","false",NA,NA,NA,NA,"phase_015_subj_22"
11192,380,17,"<p style=""color:rgb(150, 250, 100); font-size: 35px;"">我的</p>","self","moral","我的",7,424,424,"i","true",NA,NA,NA,NA,"phase_015_subj_22"
11193,380,17,"<p style=""color:white; font-size: 35px;"">廉正</p>","positive","moral","廉正",7,719,719,"e","true",NA,NA,NA,NA,"phase_015_subj_22"
11194,380,17,"<p style=""color:rgb(150, 250, 100); font-size: 35px;"">他的</p>","other","moral","他的",7,403,403,"e","true",NA,NA,NA,NA,"phase_015_subj_22"
11195,507,NA,"
    <h3>词语分类任务</h3>
    <p>在接下来的任务中，你需要对一系列词语进行分类。</p>
    <p>请先熟悉这些词语，这有利于你完成接下来的任务。</p>
    <table align=""center"" border=1 cellpadding=3 cellspacing=0>
    <tr> <th>类别</th> <th>词语</th> </tr>
    <tr> <td>&emsp;积极&emsp;</td> <td>&emsp;能干、全能、全才、高效、精干、天才&emsp;</td> </tr>
    <tr> <td>&emsp;消极&emsp;</td> <td>&emsp;无能、低能、废物、拙笨、愚钝、蠢笨&emsp;</td> </tr>
    <tr> <td>&emsp;自我&emsp;</td> <td>&emsp;我、我的、自己、自己的、本人、本人的&emsp;</td> </tr>
    <tr> <td>&emsp;他人&emsp;</td> <td>&emsp;他、他的、别人、别人的、他人、他人的&emsp;</td> </tr>
    </table><br/>","","","",NA,16266,NA,"0","",2,1,NA,NA,"phase_015_subj_29"
11196,507,1,"<p style=""color:rgb(150, 250, 100); font-size: 35px;"">他</p>","other","ability","他",1,1098,1098,"i","true",NA,NA,NA,NA,"phase_015_subj_29"
11197,507,1,"<p style=""color:rgb(150, 250, 100); font-size: 35px;"">本人的</p>","self","ability","本人的",1,1339,1339,"e","true",NA,NA,NA,NA,"phase_015_subj_29"
11198,507,1,"<p style=""color:rgb(150, 250, 100); font-size: 35px;"">别人的</p>","other","ability","别人的",1,1205,1205,"i","true",NA,NA,NA,NA,"phase_015_subj_29"
11199,507,1,"<p style=""color:rgb(150, 250, 100); font-size: 35px;"">本人</p>","self","ability","本人",1,663,663,"e","true",NA,NA,NA,NA,"phase_015_subj_29"
11200,507,1,"<p style=""color:rgb(150, 250, 100); font-size: 35px;"">自己</p>","self","ability","自己",1,644,644,"e","true",NA,NA,NA,NA,"phase_015_subj_29"
11201,507,1,"<p style=""color:rgb(150, 250, 100); font-size: 35px;"">我</p>","self","ability","我",1,641,641,"e","true",NA,NA,NA,NA,"phase_015_subj_29"
11202,507,1,"<p style=""color:rgb(150, 250, 100); font-size: 35px;"">别人</p>","other","ability","别人",1,665,665,"i","true",NA,NA,NA,NA,"phase_015_subj_29"
11203,507,1,"<p style=""color:rgb(150, 250, 100); font-size: 35px;"">他的</p>","other","ability","他的",1,619,619,"i","true",NA,NA,NA,NA,"phase_015_subj_29"
11204,507,1,"<p style=""color:rgb(150, 250, 100); font-size: 35px;"">他人的</p>","other","ability","他人的",1,666,666,"i","true",NA,NA,NA,NA,"phase_015_subj_29"
11205,507,1,"<p style=""color:rgb(150, 250, 100); font-size: 35px;"">他人</p>","other","ability","他人",1,597,597,"i","true",NA,NA,NA,NA,"phase_015_subj_29"
11206,507,1,"<p style=""color:rgb(150, 250, 100); font-size: 35px;"">我的</p>","self","ability","我的",1,551,551,"e","true",NA,NA,NA,NA,"phase_015_subj_29"
11207,507,1,"<p style=""color:rgb(150, 250, 100); font-size: 35px;"">自己的</p>","self","ability","自己的",1,634,634,"e","true",NA,NA,NA,NA,"phase_015_subj_29"
11208,507,2,"<p style=""color:white; font-size: 35px;"">精干</p>","positive","ability","精干",2,1162,1162,"e","false",NA,NA,NA,NA,"phase_015_subj_29"
11209,507,2,"<p style=""color:white; font-size: 35px;"">拙笨</p>","negative","ability","拙笨",2,1934,1934,"e","true",NA,NA,NA,NA,"phase_015_subj_29"
11210,507,2,"<p style=""color:white; font-size: 35px;"">无能</p>","negative","ability","无能",2,984,984,"e","true",NA,NA,NA,NA,"phase_015_subj_29"
11211,507,2,"<p style=""color:white; font-size: 35px;"">全能</p>","positive","ability","全能",2,530,530,"i","true",NA,NA,NA,NA,"phase_015_subj_29"
11212,507,2,"<p style=""color:white; font-size: 35px;"">能干</p>","positive","ability","能干",2,488,488,"i","true",NA,NA,NA,NA,"phase_015_subj_29"
11213,507,2,"<p style=""color:white; font-size: 35px;"">低能</p>","negative","ability","低能",2,590,590,"e","true",NA,NA,NA,NA,"phase_015_subj_29"
11214,507,2,"<p style=""color:white; font-size: 35px;"">废物</p>","negative","ability","废物",2,562,562,"e","true",NA,NA,NA,NA,"phase_015_subj_29"
11215,507,2,"<p style=""color:white; font-size: 35px;"">愚钝</p>","negative","ability","愚钝",2,488,488,"e","true",NA,NA,NA,NA,"phase_015_subj_29"
11216,507,2,"<p style=""color:white; font-size: 35px;"">高效</p>","positive","ability","高效",2,653,653,"i","true",NA,NA,NA,NA,"phase_015_subj_29"
11217,507,2,"<p style=""color:white; font-size: 35px;"">全才</p>","positive","ability","全才",2,421,421,"i","true",NA,NA,NA,NA,"phase_015_subj_29"
11218,507,2,"<p style=""color:white; font-size: 35px;"">天才</p>","positive","ability","天才",2,786,786,"i","true",NA,NA,NA,NA,"phase_015_subj_29"
11219,507,2,"<p style=""color:white; font-size: 35px;"">蠢笨</p>","negative","ability","蠢笨",2,588,588,"e","true",NA,NA,NA,NA,"phase_015_subj_29"
11220,507,3,"<p style=""color:rgb(150, 250, 100); font-size: 35px;"">他人的</p>","other","ability","他人的",3,862,862,"i","true",NA,NA,NA,NA,"phase_015_subj_29"
11221,507,3,"<p style=""color:white; font-size: 35px;"">精干</p>","positive","ability","精干",3,998,998,"i","true",NA,NA,NA,NA,"phase_015_subj_29"
11222,507,3,"<p style=""color:rgb(150, 250, 100); font-size: 35px;"">我</p>","self","ability","我",3,917,917,"e","true",NA,NA,NA,NA,"phase_015_subj_29"
11223,507,3,"<p style=""color:white; font-size: 35px;"">废物</p>","negative","ability","废物",3,567,567,"e","true",NA,NA,NA,NA,"phase_015_subj_29"
11224,507,3,"<p style=""color:rgb(150, 250, 100); font-size: 35px;"">他</p>","other","ability","他",3,816,816,"i","true",NA,NA,NA,NA,"phase_015_subj_29"
11225,507,3,"<p style=""color:white; font-size: 35px;"">高效</p>","positive","ability","高效",3,1373,1373,"i","true",NA,NA,NA,NA,"phase_015_subj_29"
11226,507,3,"<p style=""color:rgb(150, 250, 100); font-size: 35px;"">自己</p>","self","ability","自己",3,896,896,"e","true",NA,NA,NA,NA,"phase_015_subj_29"
11227,507,3,"<p style=""color:white; font-size: 35px;"">愚钝</p>","negative","ability","愚钝",3,454,454,"e","true",NA,NA,NA,NA,"phase_015_subj_29"
11228,507,3,"<p style=""color:rgb(150, 250, 100); font-size: 35px;"">别人</p>","other","ability","别人",3,665,665,"i","true",NA,NA,NA,NA,"phase_015_subj_29"
11229,507,3,"<p style=""color:white; font-size: 35px;"">拙笨</p>","negative","ability","拙笨",3,722,722,"e","true",NA,NA,NA,NA,"phase_015_subj_29"
11230,507,3,"<p style=""color:rgb(150, 250, 100); font-size: 35px;"">我的</p>","self","ability","我的",3,1028,1028,"e","true",NA,NA,NA,NA,"phase_015_subj_29"
11231,507,3,"<p style=""color:white; font-size: 35px;"">全能</p>","positive","ability","全能",3,727,727,"i","true",NA,NA,NA,NA,"phase_015_subj_29"
11232,507,3,"<p style=""color:rgb(150, 250, 100); font-size: 35px;"">本人</p>","self","ability","本人",3,931,931,"e","true",NA,NA,NA,NA,"phase_015_subj_29"
11233,507,3,"<p style=""color:white; font-size: 35px;"">蠢笨</p>","negative","ability","蠢笨",3,644,644,"e","true",NA,NA,NA,NA,"phase_015_subj_29"
11234,507,3,"<p style=""color:rgb(150, 250, 100); font-size: 35px;"">他人</p>","other","ability","他人",3,643,643,"i","true",NA,NA,NA,NA,"phase_015_subj_29"
11235,507,3,"<p style=""color:white; font-size: 35px;"">能干</p>","positive","ability","能干",3,630,1401,"e","false",NA,NA,NA,NA,"phase_015_subj_29"
11236,507,3,"<p style=""color:rgb(150, 250, 100); font-size: 35px;"">本人的</p>","self","ability","本人的",3,886,886,"e","true",NA,NA,NA,NA,"phase_015_subj_29"
11237,507,3,"<p style=""color:white; font-size: 35px;"">天才</p>","positive","ability","天才",3,523,523,"i","true",NA,NA,NA,NA,"phase_015_subj_29"
11238,507,3,"<p style=""color:rgb(150, 250, 100); font-size: 35px;"">别人的</p>","other","ability","别人的",3,621,621,"i","true",NA,NA,NA,NA,"phase_015_subj_29"
11239,507,3,"<p style=""color:white; font-size: 35px;"">无能</p>","negative","ability","无能",3,553,553,"e","true",NA,NA,NA,NA,"phase_015_subj_29"
11240,507,3,"<p style=""color:rgb(150, 250, 100); font-size: 35px;"">他的</p>","other","ability","他的",3,431,431,"i","true",NA,NA,NA,NA,"phase_015_subj_29"
11241,507,3,"<p style=""color:white; font-size: 35px;"">全才</p>","positive","ability","全才",3,432,432,"i","true",NA,NA,NA,NA,"phase_015_subj_29"
11242,507,3,"<p style=""color:rgb(150, 250, 100); font-size: 35px;"">自己的</p>","self","ability","自己的",3,464,1401,"i","false",NA,NA,NA,NA,"phase_015_subj_29"
11243,507,3,"<p style=""color:white; font-size: 35px;"">低能</p>","negative","ability","低能",3,1933,1933,"e","true",NA,NA,NA,NA,"phase_015_subj_29"
11244,507,4,"<p style=""color:rgb(150, 250, 100); font-size: 35px;"">本人</p>","self","ability","本人",4,798,798,"e","true",NA,NA,NA,NA,"phase_015_subj_29"
11245,507,4,"<p style=""color:white; font-size: 35px;"">拙笨</p>","negative","ability","拙笨",4,531,531,"e","true",NA,NA,NA,NA,"phase_015_subj_29"
11246,507,4,"<p style=""color:rgb(150, 250, 100); font-size: 35px;"">他</p>","other","ability","他",4,673,673,"i","true",NA,NA,NA,NA,"phase_015_subj_29"
11247,507,4,"<p style=""color:white; font-size: 35px;"">天才</p>","positive","ability","天才",4,531,531,"i","true",NA,NA,NA,NA,"phase_015_subj_29"
11248,507,4,"<p style=""color:rgb(150, 250, 100); font-size: 35px;"">他的</p>","other","ability","他的",4,918,918,"i","true",NA,NA,NA,NA,"phase_015_subj_29"
11249,507,4,"<p style=""color:white; font-size: 35px;"">无能</p>","negative","ability","无能",4,677,677,"e","true",NA,NA,NA,NA,"phase_015_subj_29"
11250,507,4,"<p style=""color:rgb(150, 250, 100); font-size: 35px;"">自己的</p>","self","ability","自己的",4,442,1410.70454545455,"i","false",NA,NA,NA,NA,"phase_015_subj_29"
11251,507,4,"<p style=""color:white; font-size: 35px;"">高效</p>","positive","ability","高效",4,820,820,"i","true",NA,NA,NA,NA,"phase_015_subj_29"
11252,507,4,"<p style=""color:rgb(150, 250, 100); font-size: 35px;"">他人</p>","other","ability","他人",4,616,616,"i","true",NA,NA,NA,NA,"phase_015_subj_29"
11253,507,4,"<p style=""color:white; font-size: 35px;"">精干</p>","positive","ability","精干",4,556,556,"i","true",NA,NA,NA,NA,"phase_015_subj_29"
11254,507,4,"<p style=""color:rgb(150, 250, 100); font-size: 35px;"">本人的</p>","self","ability","本人的",4,489,1410.70454545455,"i","false",NA,NA,NA,NA,"phase_015_subj_29"
11255,507,4,"<p style=""color:white; font-size: 35px;"">蠢笨</p>","negative","ability","蠢笨",4,876,876,"e","true",NA,NA,NA,NA,"phase_015_subj_29"
11256,507,4,"<p style=""color:rgb(150, 250, 100); font-size: 35px;"">本人的</p>","self","ability","本人的",4,697,697,"e","true",NA,NA,NA,NA,"phase_015_subj_29"
11257,507,4,"<p style=""color:white; font-size: 35px;"">能干</p>","positive","ability","能干",4,664,664,"i","true",NA,NA,NA,NA,"phase_015_subj_29"
11258,507,4,"<p style=""color:rgb(150, 250, 100); font-size: 35px;"">他人</p>","other","ability","他人",4,641,641,"i","true",NA,NA,NA,NA,"phase_015_subj_29"
11259,507,4,"<p style=""color:white; font-size: 35px;"">拙笨</p>","negative","ability","拙笨",4,577,577,"e","true",NA,NA,NA,NA,"phase_015_subj_29"
11260,507,4,"<p style=""color:rgb(150, 250, 100); font-size: 35px;"">他的</p>","other","ability","他的",4,687,687,"i","true",NA,NA,NA,NA,"phase_015_subj_29"
11261,507,4,"<p style=""color:white; font-size: 35px;"">高效</p>","positive","ability","高效",4,654,654,"i","true",NA,NA,NA,NA,"phase_015_subj_29"
11262,507,4,"<p style=""color:rgb(150, 250, 100); font-size: 35px;"">本人</p>","self","ability","本人",4,687,687,"e","true",NA,NA,NA,NA,"phase_015_subj_29"
11263,507,4,"<p style=""color:white; font-size: 35px;"">无能</p>","negative","ability","无能",4,473,473,"e","true",NA,NA,NA,NA,"phase_015_subj_29"
11264,507,4,"<p style=""color:rgb(150, 250, 100); font-size: 35px;"">别人的</p>","other","ability","别人的",4,630,630,"i","true",NA,NA,NA,NA,"phase_015_subj_29"
11265,507,4,"<p style=""color:white; font-size: 35px;"">能干</p>","positive","ability","能干",4,841,1410.70454545455,"e","false",NA,NA,NA,NA,"phase_015_subj_29"
11266,507,4,"<p style=""color:rgb(150, 250, 100); font-size: 35px;"">我的</p>","self","ability","我的",4,1062,1062,"e","true",NA,NA,NA,NA,"phase_015_subj_29"
11267,507,4,"<p style=""color:white; font-size: 35px;"">低能</p>","negative","ability","低能",4,1715,1715,"e","true",NA,NA,NA,NA,"phase_015_subj_29"
11268,507,4,"<p style=""color:rgb(150, 250, 100); font-size: 35px;"">他人的</p>","other","ability","他人的",4,698,698,"i","true",NA,NA,NA,NA,"phase_015_subj_29"
11269,507,4,"<p style=""color:white; font-size: 35px;"">全才</p>","positive","ability","全才",4,642,642,"i","true",NA,NA,NA,NA,"phase_015_subj_29"
11270,507,4,"<p style=""color:rgb(150, 250, 100); font-size: 35px;"">自己的</p>","self","ability","自己的",4,763,763,"e","true",NA,NA,NA,NA,"phase_015_subj_29"
11271,507,4,"<p style=""color:white; font-size: 35px;"">愚钝</p>","negative","ability","愚钝",4,663,663,"e","true",NA,NA,NA,NA,"phase_015_subj_29"
11272,507,4,"<p style=""color:rgb(150, 250, 100); font-size: 35px;"">他</p>","other","ability","他",4,674,674,"i","true",NA,NA,NA,NA,"phase_015_subj_29"
11273,507,4,"<p style=""color:white; font-size: 35px;"">蠢笨</p>","negative","ability","蠢笨",4,532,532,"e","true",NA,NA,NA,NA,"phase_015_subj_29"
11274,507,4,"<p style=""color:rgb(150, 250, 100); font-size: 35px;"">我的</p>","self","ability","我的",4,985,985,"e","true",NA,NA,NA,NA,"phase_015_subj_29"
11275,507,4,"<p style=""color:white; font-size: 35px;"">精干</p>","positive","ability","精干",4,829,829,"i","true",NA,NA,NA,NA,"phase_015_subj_29"
11276,507,4,"<p style=""color:rgb(150, 250, 100); font-size: 35px;"">我</p>","self","ability","我",4,489,1410.70454545455,"i","false",NA,NA,NA,NA,"phase_015_subj_29"
11277,507,4,"<p style=""color:white; font-size: 35px;"">愚钝</p>","negative","ability","愚钝",4,979,979,"e","true",NA,NA,NA,NA,"phase_015_subj_29"
11278,507,4,"<p style=""color:rgb(150, 250, 100); font-size: 35px;"">别人</p>","other","ability","别人",4,793,793,"i","true",NA,NA,NA,NA,"phase_015_subj_29"
11279,507,4,"<p style=""color:white; font-size: 35px;"">全能</p>","positive","ability","全能",4,975,975,"i","true",NA,NA,NA,NA,"phase_015_subj_29"
11280,507,4,"<p style=""color:rgb(150, 250, 100); font-size: 35px;"">我</p>","self","ability","我",4,796,796,"e","true",NA,NA,NA,NA,"phase_015_subj_29"
11281,507,4,"<p style=""color:white; font-size: 35px;"">全能</p>","positive","ability","全能",4,687,687,"i","true",NA,NA,NA,NA,"phase_015_subj_29"
11282,507,4,"<p style=""color:rgb(150, 250, 100); font-size: 35px;"">别人的</p>","other","ability","别人的",4,1313,1313,"i","true",NA,NA,NA,NA,"phase_015_subj_29"
11283,507,4,"<p style=""color:white; font-size: 35px;"">低能</p>","negative","ability","低能",4,996,996,"e","true",NA,NA,NA,NA,"phase_015_subj_29"
11284,507,4,"<p style=""color:rgb(150, 250, 100); font-size: 35px;"">自己</p>","self","ability","自己",4,675,675,"e","true",NA,NA,NA,NA,"phase_015_subj_29"
11285,507,4,"<p style=""color:white; font-size: 35px;"">全才</p>","positive","ability","全才",4,854,854,"i","true",NA,NA,NA,NA,"phase_015_subj_29"
11286,507,4,"<p style=""color:rgb(150, 250, 100); font-size: 35px;"">别人</p>","other","ability","别人",4,871,871,"i","true",NA,NA,NA,NA,"phase_015_subj_29"
11287,507,4,"<p style=""color:white; font-size: 35px;"">废物</p>","negative","ability","废物",4,832,832,"e","true",NA,NA,NA,NA,"phase_015_subj_29"
11288,507,4,"<p style=""color:rgb(150, 250, 100); font-size: 35px;"">他人的</p>","other","ability","他人的",4,1680,1680,"i","true",NA,NA,NA,NA,"phase_015_subj_29"
11289,507,4,"<p style=""color:white; font-size: 35px;"">废物</p>","negative","ability","废物",4,995,995,"e","true",NA,NA,NA,NA,"phase_015_subj_29"
11290,507,4,"<p style=""color:rgb(150, 250, 100); font-size: 35px;"">自己</p>","self","ability","自己",4,993,993,"e","true",NA,NA,NA,NA,"phase_015_subj_29"
11291,507,4,"<p style=""color:white; font-size: 35px;"">天才</p>","positive","ability","天才",4,963,963,"i","true",NA,NA,NA,NA,"phase_015_subj_29"
11292,507,5,"<p style=""color:rgb(150, 250, 100); font-size: 35px;"">别人</p>","other","ability","别人",5,839,839,"e","true",NA,NA,NA,NA,"phase_015_subj_29"
11293,507,5,"<p style=""color:rgb(150, 250, 100); font-size: 35px;"">我</p>","self","ability","我",5,607,607,"i","true",NA,NA,NA,NA,"phase_015_subj_29"
11294,507,5,"<p style=""color:rgb(150, 250, 100); font-size: 35px;"">本人</p>","self","ability","本人",5,633,633,"i","true",NA,NA,NA,NA,"phase_015_subj_29"
11295,507,5,"<p style=""color:rgb(150, 250, 100); font-size: 35px;"">他人的</p>","other","ability","他人的",5,621,621,"e","true",NA,NA,NA,NA,"phase_015_subj_29"
11296,507,5,"<p style=""color:rgb(150, 250, 100); font-size: 35px;"">本人</p>","self","ability","本人",5,499,499,"i","true",NA,NA,NA,NA,"phase_015_subj_29"
11297,507,5,"<p style=""color:rgb(150, 250, 100); font-size: 35px;"">自己</p>","self","ability","自己",5,863,863,"i","true",NA,NA,NA,NA,"phase_015_subj_29"
11298,507,5,"<p style=""color:rgb(150, 250, 100); font-size: 35px;"">自己的</p>","self","ability","自己的",5,574,574,"i","true",NA,NA,NA,NA,"phase_015_subj_29"
11299,507,5,"<p style=""color:rgb(150, 250, 100); font-size: 35px;"">我</p>","self","ability","我",5,532,532,"i","true",NA,NA,NA,NA,"phase_015_subj_29"
11300,507,5,"<p style=""color:rgb(150, 250, 100); font-size: 35px;"">他</p>","other","ability","他",5,399,399,"i","false",NA,NA,NA,NA,"phase_015_subj_29"
11301,507,5,"<p style=""color:rgb(150, 250, 100); font-size: 35px;"">本人的</p>","self","ability","本人的",5,777,777,"i","true",NA,NA,NA,NA,"phase_015_subj_29"
11302,507,5,"<p style=""color:rgb(150, 250, 100); font-size: 35px;"">他的</p>","other","ability","他的",5,632,632,"e","true",NA,NA,NA,NA,"phase_015_subj_29"
11303,507,5,"<p style=""color:rgb(150, 250, 100); font-size: 35px;"">我的</p>","self","ability","我的",5,477,477,"i","true",NA,NA,NA,NA,"phase_015_subj_29"
11304,507,5,"<p style=""color:rgb(150, 250, 100); font-size: 35px;"">他的</p>","other","ability","他的",5,442,442,"e","true",NA,NA,NA,NA,"phase_015_subj_29"
11305,507,5,"<p style=""color:rgb(150, 250, 100); font-size: 35px;"">别人的</p>","other","ability","别人的",5,565,565,"e","true",NA,NA,NA,NA,"phase_015_subj_29"
11306,507,5,"<p style=""color:rgb(150, 250, 100); font-size: 35px;"">他人</p>","other","ability","他人",5,411,411,"e","true",NA,NA,NA,NA,"phase_015_subj_29"
11307,507,5,"<p style=""color:rgb(150, 250, 100); font-size: 35px;"">自己的</p>","self","ability","自己的",5,422,422,"i","true",NA,NA,NA,NA,"phase_015_subj_29"
11308,507,5,"<p style=""color:rgb(150, 250, 100); font-size: 35px;"">本人的</p>","self","ability","本人的",5,508,508,"i","true",NA,NA,NA,NA,"phase_015_subj_29"
11309,507,5,"<p style=""color:rgb(150, 250, 100); font-size: 35px;"">别人</p>","other","ability","别人",5,555,555,"e","true",NA,NA,NA,NA,"phase_015_subj_29"
11310,507,5,"<p style=""color:rgb(150, 250, 100); font-size: 35px;"">自己</p>","self","ability","自己",5,684,684,"i","true",NA,NA,NA,NA,"phase_015_subj_29"
11311,507,5,"<p style=""color:rgb(150, 250, 100); font-size: 35px;"">他人的</p>","other","ability","他人的",5,1106,1106,"e","true",NA,NA,NA,NA,"phase_015_subj_29"
11312,507,5,"<p style=""color:rgb(150, 250, 100); font-size: 35px;"">他人</p>","other","ability","他人",5,619,619,"e","true",NA,NA,NA,NA,"phase_015_subj_29"
11313,507,5,"<p style=""color:rgb(150, 250, 100); font-size: 35px;"">我的</p>","self","ability","我的",5,611,611,"i","true",NA,NA,NA,NA,"phase_015_subj_29"
11314,507,5,"<p style=""color:rgb(150, 250, 100); font-size: 35px;"">他</p>","other","ability","他",5,620,620,"e","true",NA,NA,NA,NA,"phase_015_subj_29"
11315,507,5,"<p style=""color:rgb(150, 250, 100); font-size: 35px;"">别人的</p>","other","ability","别人的",5,630,630,"i","false",NA,NA,NA,NA,"phase_015_subj_29"
11316,507,6,"<p style=""color:white; font-size: 35px;"">废物</p>","negative","ability","废物",6,717,717,"e","true",NA,NA,NA,NA,"phase_015_subj_29"
11317,507,6,"<p style=""color:rgb(150, 250, 100); font-size: 35px;"">他人的</p>","other","ability","他人的",6,421,421,"e","true",NA,NA,NA,NA,"phase_015_subj_29"
11318,507,6,"<p style=""color:white; font-size: 35px;"">全能</p>","positive","ability","全能",6,587,587,"i","true",NA,NA,NA,NA,"phase_015_subj_29"
11319,507,6,"<p style=""color:rgb(150, 250, 100); font-size: 35px;"">本人</p>","self","ability","本人",6,466,466,"i","true",NA,NA,NA,NA,"phase_015_subj_29"
11320,507,6,"<p style=""color:white; font-size: 35px;"">低能</p>","negative","ability","低能",6,1137,1137,"e","true",NA,NA,NA,NA,"phase_015_subj_29"
11321,507,6,"<p style=""color:rgb(150, 250, 100); font-size: 35px;"">他人</p>","other","ability","他人",6,962,962,"e","true",NA,NA,NA,NA,"phase_015_subj_29"
11322,507,6,"<p style=""color:white; font-size: 35px;"">全才</p>","positive","ability","全才",6,634,634,"i","true",NA,NA,NA,NA,"phase_015_subj_29"
11323,507,6,"<p style=""color:rgb(150, 250, 100); font-size: 35px;"">自己</p>","self","ability","自己",6,469,469,"i","true",NA,NA,NA,NA,"phase_015_subj_29"
11324,507,6,"<p style=""color:white; font-size: 35px;"">能干</p>","positive","ability","能干",6,609,609,"i","true",NA,NA,NA,NA,"phase_015_subj_29"
11325,507,6,"<p style=""color:rgb(150, 250, 100); font-size: 35px;"">别人</p>","other","ability","别人",6,707,707,"e","true",NA,NA,NA,NA,"phase_015_subj_29"
11326,507,6,"<p style=""color:white; font-size: 35px;"">拙笨</p>","negative","ability","拙笨",6,521,521,"e","true",NA,NA,NA,NA,"phase_015_subj_29"
11327,507,6,"<p style=""color:rgb(150, 250, 100); font-size: 35px;"">我</p>","self","ability","我",6,532,532,"i","true",NA,NA,NA,NA,"phase_015_subj_29"
11328,507,6,"<p style=""color:white; font-size: 35px;"">天才</p>","positive","ability","天才",6,574,574,"i","true",NA,NA,NA,NA,"phase_015_subj_29"
11329,507,6,"<p style=""color:rgb(150, 250, 100); font-size: 35px;"">我的</p>","self","ability","我的",6,500,500,"i","true",NA,NA,NA,NA,"phase_015_subj_29"
11330,507,6,"<p style=""color:white; font-size: 35px;"">愚钝</p>","negative","ability","愚钝",6,665,665,"e","true",NA,NA,NA,NA,"phase_015_subj_29"
11331,507,6,"<p style=""color:rgb(150, 250, 100); font-size: 35px;"">别人的</p>","other","ability","别人的",6,699,699,"e","true",NA,NA,NA,NA,"phase_015_subj_29"
11332,507,6,"<p style=""color:white; font-size: 35px;"">高效</p>","positive","ability","高效",6,634,634,"i","true",NA,NA,NA,NA,"phase_015_subj_29"
11333,507,6,"<p style=""color:rgb(150, 250, 100); font-size: 35px;"">他</p>","other","ability","他",6,761,761,"e","true",NA,NA,NA,NA,"phase_015_subj_29"
11334,507,6,"<p style=""color:white; font-size: 35px;"">蠢笨</p>","negative","ability","蠢笨",6,564,564,"e","true",NA,NA,NA,NA,"phase_015_subj_29"
11335,507,6,"<p style=""color:rgb(150, 250, 100); font-size: 35px;"">自己的</p>","self","ability","自己的",6,1306,1306,"i","true",NA,NA,NA,NA,"phase_015_subj_29"
11336,507,6,"<p style=""color:white; font-size: 35px;"">精干</p>","positive","ability","精干",6,619,619,"i","true",NA,NA,NA,NA,"phase_015_subj_29"
11337,507,6,"<p style=""color:rgb(150, 250, 100); font-size: 35px;"">本人的</p>","self","ability","本人的",6,699,699,"i","true",NA,NA,NA,NA,"phase_015_subj_29"
11338,507,6,"<p style=""color:white; font-size: 35px;"">无能</p>","negative","ability","无能",6,543,543,"e","true",NA,NA,NA,NA,"phase_015_subj_29"
11339,507,6,"<p style=""color:rgb(150, 250, 100); font-size: 35px;"">他的</p>","other","ability","他的",6,671,671,"e","true",NA,NA,NA,NA,"phase_015_subj_29"
11340,507,7,"<p style=""color:white; font-size: 35px;"">低能</p>","negative","ability","低能",7,675,675,"e","true",NA,NA,NA,NA,"phase_015_subj_29"
11341,507,7,"<p style=""color:rgb(150, 250, 100); font-size: 35px;"">别人的</p>","other","ability","别人的",7,654,654,"e","true",NA,NA,NA,NA,"phase_015_subj_29"
11342,507,7,"<p style=""color:white; font-size: 35px;"">全能</p>","positive","ability","全能",7,619,619,"i","true",NA,NA,NA,NA,"phase_015_subj_29"
11343,507,7,"<p style=""color:rgb(150, 250, 100); font-size: 35px;"">本人</p>","self","ability","本人",7,399,399,"i","true",NA,NA,NA,NA,"phase_015_subj_29"
11344,507,7,"<p style=""color:white; font-size: 35px;"">高效</p>","positive","ability","高效",7,466,466,"i","true",NA,NA,NA,NA,"phase_015_subj_29"
11345,507,7,"<p style=""color:rgb(150, 250, 100); font-size: 35px;"">本人的</p>","self","ability","本人的",7,489,489,"i","true",NA,NA,NA,NA,"phase_015_subj_29"
11346,507,7,"<p style=""color:white; font-size: 35px;"">无能</p>","negative","ability","无能",7,509,509,"e","true",NA,NA,NA,NA,"phase_015_subj_29"
11347,507,7,"<p style=""color:rgb(150, 250, 100); font-size: 35px;"">他人的</p>","other","ability","他人的",7,610,610,"e","true",NA,NA,NA,NA,"phase_015_subj_29"
11348,507,7,"<p style=""color:white; font-size: 35px;"">蠢笨</p>","negative","ability","蠢笨",7,542,542,"e","true",NA,NA,NA,NA,"phase_015_subj_29"
11349,507,7,"<p style=""color:rgb(150, 250, 100); font-size: 35px;"">我</p>","self","ability","我",7,509,509,"i","true",NA,NA,NA,NA,"phase_015_subj_29"
11350,507,7,"<p style=""color:white; font-size: 35px;"">精干</p>","positive","ability","精干",7,665,665,"i","true",NA,NA,NA,NA,"phase_015_subj_29"
11351,507,7,"<p style=""color:rgb(150, 250, 100); font-size: 35px;"">他</p>","other","ability","他",7,1351,1351,"e","true",NA,NA,NA,NA,"phase_015_subj_29"
11352,507,7,"<p style=""color:white; font-size: 35px;"">天才</p>","positive","ability","天才",7,587,587,"i","true",NA,NA,NA,NA,"phase_015_subj_29"
11353,507,7,"<p style=""color:rgb(150, 250, 100); font-size: 35px;"">他的</p>","other","ability","他的",7,676,676,"e","true",NA,NA,NA,NA,"phase_015_subj_29"
11354,507,7,"<p style=""color:white; font-size: 35px;"">低能</p>","negative","ability","低能",7,499,499,"e","true",NA,NA,NA,NA,"phase_015_subj_29"
11355,507,7,"<p style=""color:rgb(150, 250, 100); font-size: 35px;"">我的</p>","self","ability","我的",7,711,711,"i","true",NA,NA,NA,NA,"phase_015_subj_29"
11356,507,7,"<p style=""color:white; font-size: 35px;"">天才</p>","positive","ability","天才",7,804,804,"i","true",NA,NA,NA,NA,"phase_015_subj_29"
11357,507,7,"<p style=""color:rgb(150, 250, 100); font-size: 35px;"">我的</p>","self","ability","我的",7,918,918,"i","true",NA,NA,NA,NA,"phase_015_subj_29"
11358,507,7,"<p style=""color:white; font-size: 35px;"">废物</p>","negative","ability","废物",7,632,632,"e","true",NA,NA,NA,NA,"phase_015_subj_29"
11359,507,7,"<p style=""color:rgb(150, 250, 100); font-size: 35px;"">他人的</p>","other","ability","他人的",7,1141,1141,"e","true",NA,NA,NA,NA,"phase_015_subj_29"
11360,507,7,"<p style=""color:white; font-size: 35px;"">蠢笨</p>","negative","ability","蠢笨",7,850,850,"e","true",NA,NA,NA,NA,"phase_015_subj_29"
11361,507,7,"<p style=""color:rgb(150, 250, 100); font-size: 35px;"">自己</p>","self","ability","自己",7,500,500,"i","true",NA,NA,NA,NA,"phase_015_subj_29"
11362,507,7,"<p style=""color:white; font-size: 35px;"">精干</p>","positive","ability","精干",7,556,556,"i","true",NA,NA,NA,NA,"phase_015_subj_29"
11363,507,7,"<p style=""color:rgb(150, 250, 100); font-size: 35px;"">他人</p>","other","ability","他人",7,595,595,"e","true",NA,NA,NA,NA,"phase_015_subj_29"
11364,507,7,"<p style=""color:white; font-size: 35px;"">全能</p>","positive","ability","全能",7,476,476,"i","true",NA,NA,NA,NA,"phase_015_subj_29"
11365,507,7,"<p style=""color:rgb(150, 250, 100); font-size: 35px;"">本人</p>","self","ability","本人",7,696,696,"i","true",NA,NA,NA,NA,"phase_015_subj_29"
11366,507,7,"<p style=""color:white; font-size: 35px;"">无能</p>","negative","ability","无能",7,597,597,"e","true",NA,NA,NA,NA,"phase_015_subj_29"
11367,507,7,"<p style=""color:rgb(150, 250, 100); font-size: 35px;"">他</p>","other","ability","他",7,755,755,"e","true",NA,NA,NA,NA,"phase_015_subj_29"
11368,507,7,"<p style=""color:white; font-size: 35px;"">拙笨</p>","negative","ability","拙笨",7,939,939,"e","true",NA,NA,NA,NA,"phase_015_subj_29"
11369,507,7,"<p style=""color:rgb(150, 250, 100); font-size: 35px;"">自己的</p>","self","ability","自己的",7,1096,1096,"i","true",NA,NA,NA,NA,"phase_015_subj_29"
11370,507,7,"<p style=""color:white; font-size: 35px;"">能干</p>","positive","ability","能干",7,466,466,"i","true",NA,NA,NA,NA,"phase_015_subj_29"
11371,507,7,"<p style=""color:rgb(150, 250, 100); font-size: 35px;"">他的</p>","other","ability","他的",7,540,540,"e","true",NA,NA,NA,NA,"phase_015_subj_29"
11372,507,7,"<p style=""color:white; font-size: 35px;"">能干</p>","positive","ability","能干",7,465,465,"i","true",NA,NA,NA,NA,"phase_015_subj_29"
11373,507,7,"<p style=""color:rgb(150, 250, 100); font-size: 35px;"">自己</p>","self","ability","自己",7,709,1287.10638297872,"e","false",NA,NA,NA,NA,"phase_015_subj_29"
11374,507,7,"<p style=""color:white; font-size: 35px;"">愚钝</p>","negative","ability","愚钝",7,720,720,"e","true",NA,NA,NA,NA,"phase_015_subj_29"
11375,507,7,"<p style=""color:rgb(150, 250, 100); font-size: 35px;"">别人</p>","other","ability","别人",7,1182,1182,"e","true",NA,NA,NA,NA,"phase_015_subj_29"
11376,507,7,"<p style=""color:white; font-size: 35px;"">拙笨</p>","negative","ability","拙笨",7,444,444,"e","true",NA,NA,NA,NA,"phase_015_subj_29"
11377,507,7,"<p style=""color:rgb(150, 250, 100); font-size: 35px;"">他人</p>","other","ability","他人",7,719,719,"e","true",NA,NA,NA,NA,"phase_015_subj_29"
11378,507,7,"<p style=""color:white; font-size: 35px;"">全才</p>","positive","ability","全才",7,500,500,"i","true",NA,NA,NA,NA,"phase_015_subj_29"
11379,507,7,"<p style=""color:rgb(150, 250, 100); font-size: 35px;"">本人的</p>","self","ability","本人的",7,487,487,"i","true",NA,NA,NA,NA,"phase_015_subj_29"
11380,507,7,"<p style=""color:white; font-size: 35px;"">废物</p>","negative","ability","废物",7,477,477,"e","true",NA,NA,NA,NA,"phase_015_subj_29"
11381,507,7,"<p style=""color:rgb(150, 250, 100); font-size: 35px;"">别人</p>","other","ability","别人",7,884,884,"e","true",NA,NA,NA,NA,"phase_015_subj_29"
11382,507,7,"<p style=""color:white; font-size: 35px;"">全才</p>","positive","ability","全才",7,443,443,"i","true",NA,NA,NA,NA,"phase_015_subj_29"
11383,507,7,"<p style=""color:rgb(150, 250, 100); font-size: 35px;"">我</p>","self","ability","我",7,642,642,"i","true",NA,NA,NA,NA,"phase_015_subj_29"
11384,507,7,"<p style=""color:white; font-size: 35px;"">愚钝</p>","negative","ability","愚钝",7,643,643,"e","true",NA,NA,NA,NA,"phase_015_subj_29"
11385,507,7,"<p style=""color:rgb(150, 250, 100); font-size: 35px;"">别人的</p>","other","ability","别人的",7,1294,1294,"e","true",NA,NA,NA,NA,"phase_015_subj_29"
11386,507,7,"<p style=""color:white; font-size: 35px;"">高效</p>","positive","ability","高效",7,1139,1139,"i","true",NA,NA,NA,NA,"phase_015_subj_29"
11387,507,7,"<p style=""color:rgb(150, 250, 100); font-size: 35px;"">自己的</p>","self","ability","自己的",7,733,733,"i","true",NA,NA,NA,NA,"phase_015_subj_29"
11388,507,NA,"
    <h3>词语分类任务</h3>
    <p>在接下来的任务中，你需要对一系列词语进行分类。<p/>
    请先熟悉这些词语，这有利于你完成接下来的任务。</p>
    <table align=""center"" border=1 cellpadding=3 cellspacing=0>
    <tr> <th>类别</th> <th>词语</th> </tr>
    <tr> <td>&emsp;积极&emsp;</td> <td>&emsp;高尚、诚信、善良、君子、廉正、正直&emsp;</td> </tr>
    <tr> <td>&emsp;消极&emsp;</td> <td>&emsp;缺德、卑鄙、不孝、不仁、小人、黑心&emsp;</td> </tr>
    <tr> <td>&emsp;自我&emsp;</td> <td>&emsp;我、我的、自己、自己的、本人、本人的&emsp;</td> </tr>
    <tr> <td>&emsp;他人&emsp;</td> <td>&emsp;他、他的、别人、别人的、他人、他人的&emsp;</td> </tr>
    </table><br/>","","","",NA,26579,NA,"0","",NA,NA,2,1,"phase_015_subj_29"
11389,507,11,"<p style=""color:rgb(150, 250, 100); font-size: 35px;"">他人</p>","other","moral","他人",1,854,854,"i","true",NA,NA,NA,NA,"phase_015_subj_29"
11390,507,11,"<p style=""color:rgb(150, 250, 100); font-size: 35px;"">别人</p>","other","moral","别人",1,661,661,"i","true",NA,NA,NA,NA,"phase_015_subj_29"
11391,507,11,"<p style=""color:rgb(150, 250, 100); font-size: 35px;"">本人的</p>","self","moral","本人的",1,479,479,"e","true",NA,NA,NA,NA,"phase_015_subj_29"
11392,507,11,"<p style=""color:rgb(150, 250, 100); font-size: 35px;"">我的</p>","self","moral","我的",1,477,477,"e","true",NA,NA,NA,NA,"phase_015_subj_29"
11393,507,11,"<p style=""color:rgb(150, 250, 100); font-size: 35px;"">他的</p>","other","moral","他的",1,621,621,"i","true",NA,NA,NA,NA,"phase_015_subj_29"
11394,507,11,"<p style=""color:rgb(150, 250, 100); font-size: 35px;"">自己</p>","self","moral","自己",1,542,542,"e","true",NA,NA,NA,NA,"phase_015_subj_29"
11395,507,11,"<p style=""color:rgb(150, 250, 100); font-size: 35px;"">别人的</p>","other","moral","别人的",1,773,773,"i","true",NA,NA,NA,NA,"phase_015_subj_29"
11396,507,11,"<p style=""color:rgb(150, 250, 100); font-size: 35px;"">我</p>","self","moral","我",1,478,478,"e","true",NA,NA,NA,NA,"phase_015_subj_29"
11397,507,11,"<p style=""color:rgb(150, 250, 100); font-size: 35px;"">本人</p>","self","moral","本人",1,531,531,"e","true",NA,NA,NA,NA,"phase_015_subj_29"
11398,507,11,"<p style=""color:rgb(150, 250, 100); font-size: 35px;"">他</p>","other","moral","他",1,498,498,"i","true",NA,NA,NA,NA,"phase_015_subj_29"
11399,507,11,"<p style=""color:rgb(150, 250, 100); font-size: 35px;"">自己的</p>","self","moral","自己的",1,621,621,"e","true",NA,NA,NA,NA,"phase_015_subj_29"
11400,507,11,"<p style=""color:rgb(150, 250, 100); font-size: 35px;"">他人的</p>","other","moral","他人的",1,575,575,"i","true",NA,NA,NA,NA,"phase_015_subj_29"
11401,507,12,"<p style=""color:white; font-size: 35px;"">不孝</p>","negative","moral","不孝",2,1293,1293,"e","true",NA,NA,NA,NA,"phase_015_subj_29"
11402,507,12,"<p style=""color:white; font-size: 35px;"">黑心</p>","negative","moral","黑心",2,644,644,"e","true",NA,NA,NA,NA,"phase_015_subj_29"
11403,507,12,"<p style=""color:white; font-size: 35px;"">不仁</p>","negative","moral","不仁",2,543,543,"e","true",NA,NA,NA,NA,"phase_015_subj_29"
11404,507,12,"<p style=""color:white; font-size: 35px;"">君子</p>","positive","moral","君子",2,577,577,"i","true",NA,NA,NA,NA,"phase_015_subj_29"
11405,507,12,"<p style=""color:white; font-size: 35px;"">诚信</p>","positive","moral","诚信",2,464,464,"i","true",NA,NA,NA,NA,"phase_015_subj_29"
11406,507,12,"<p style=""color:white; font-size: 35px;"">缺德</p>","negative","moral","缺德",2,511,511,"e","true",NA,NA,NA,NA,"phase_015_subj_29"
11407,507,12,"<p style=""color:white; font-size: 35px;"">廉正</p>","positive","moral","廉正",2,664,664,"i","true",NA,NA,NA,NA,"phase_015_subj_29"
11408,507,12,"<p style=""color:white; font-size: 35px;"">卑鄙</p>","negative","moral","卑鄙",2,543,543,"e","true",NA,NA,NA,NA,"phase_015_subj_29"
11409,507,12,"<p style=""color:white; font-size: 35px;"">正直</p>","positive","moral","正直",2,686,686,"i","true",NA,NA,NA,NA,"phase_015_subj_29"
11410,507,12,"<p style=""color:white; font-size: 35px;"">善良</p>","positive","moral","善良",2,542,542,"i","true",NA,NA,NA,NA,"phase_015_subj_29"
11411,507,12,"<p style=""color:white; font-size: 35px;"">小人</p>","negative","moral","小人",2,567,567,"e","true",NA,NA,NA,NA,"phase_015_subj_29"
11412,507,12,"<p style=""color:white; font-size: 35px;"">高尚</p>","positive","moral","高尚",2,542,542,"i","true",NA,NA,NA,NA,"phase_015_subj_29"
11413,507,13,"<p style=""color:rgb(150, 250, 100); font-size: 35px;"">他</p>","other","moral","他",3,1324,1324,"i","true",NA,NA,NA,NA,"phase_015_subj_29"
11414,507,13,"<p style=""color:white; font-size: 35px;"">诚信</p>","positive","moral","诚信",3,564,564,"i","true",NA,NA,NA,NA,"phase_015_subj_29"
11415,507,13,"<p style=""color:rgb(150, 250, 100); font-size: 35px;"">自己</p>","self","moral","自己",3,752,752,"e","true",NA,NA,NA,NA,"phase_015_subj_29"
11416,507,13,"<p style=""color:white; font-size: 35px;"">不孝</p>","negative","moral","不孝",3,399,399,"e","true",NA,NA,NA,NA,"phase_015_subj_29"
11417,507,13,"<p style=""color:rgb(150, 250, 100); font-size: 35px;"">本人的</p>","self","moral","本人的",3,809,809,"e","true",NA,NA,NA,NA,"phase_015_subj_29"
11418,507,13,"<p style=""color:white; font-size: 35px;"">廉正</p>","positive","moral","廉正",3,651,651,"i","true",NA,NA,NA,NA,"phase_015_subj_29"
11419,507,13,"<p style=""color:rgb(150, 250, 100); font-size: 35px;"">他的</p>","other","moral","他的",3,588,588,"i","true",NA,NA,NA,NA,"phase_015_subj_29"
11420,507,13,"<p style=""color:white; font-size: 35px;"">缺德</p>","negative","moral","缺德",3,774,774,"e","true",NA,NA,NA,NA,"phase_015_subj_29"
11421,507,13,"<p style=""color:rgb(150, 250, 100); font-size: 35px;"">自己的</p>","self","moral","自己的",3,587,587,"e","true",NA,NA,NA,NA,"phase_015_subj_29"
11422,507,13,"<p style=""color:white; font-size: 35px;"">黑心</p>","negative","moral","黑心",3,554,554,"e","true",NA,NA,NA,NA,"phase_015_subj_29"
11423,507,13,"<p style=""color:rgb(150, 250, 100); font-size: 35px;"">别人的</p>","other","moral","别人的",3,676,676,"i","true",NA,NA,NA,NA,"phase_015_subj_29"
11424,507,13,"<p style=""color:white; font-size: 35px;"">君子</p>","positive","moral","君子",3,638,638,"i","true",NA,NA,NA,NA,"phase_015_subj_29"
11425,507,13,"<p style=""color:rgb(150, 250, 100); font-size: 35px;"">他人</p>","other","moral","他人",3,799,799,"i","true",NA,NA,NA,NA,"phase_015_subj_29"
11426,507,13,"<p style=""color:white; font-size: 35px;"">不仁</p>","negative","moral","不仁",3,553,553,"e","true",NA,NA,NA,NA,"phase_015_subj_29"
11427,507,13,"<p style=""color:rgb(150, 250, 100); font-size: 35px;"">我</p>","self","moral","我",3,654,654,"e","true",NA,NA,NA,NA,"phase_015_subj_29"
11428,507,13,"<p style=""color:white; font-size: 35px;"">高尚</p>","positive","moral","高尚",3,686,1300.47826086957,"e","false",NA,NA,NA,NA,"phase_015_subj_29"
11429,507,13,"<p style=""color:rgb(150, 250, 100); font-size: 35px;"">本人</p>","self","moral","本人",3,808,808,"e","true",NA,NA,NA,NA,"phase_015_subj_29"
11430,507,13,"<p style=""color:white; font-size: 35px;"">卑鄙</p>","negative","moral","卑鄙",3,543,543,"e","true",NA,NA,NA,NA,"phase_015_subj_29"
11431,507,13,"<p style=""color:rgb(150, 250, 100); font-size: 35px;"">别人</p>","other","moral","别人",3,576,576,"i","true",NA,NA,NA,NA,"phase_015_subj_29"
11432,507,13,"<p style=""color:white; font-size: 35px;"">正直</p>","positive","moral","正直",3,564,564,"i","true",NA,NA,NA,NA,"phase_015_subj_29"
11433,507,13,"<p style=""color:rgb(150, 250, 100); font-size: 35px;"">我的</p>","self","moral","我的",3,731,731,"e","true",NA,NA,NA,NA,"phase_015_subj_29"
11434,507,13,"<p style=""color:white; font-size: 35px;"">善良</p>","positive","moral","善良",3,1184,1184,"i","true",NA,NA,NA,NA,"phase_015_subj_29"
11435,507,13,"<p style=""color:rgb(150, 250, 100); font-size: 35px;"">他人的</p>","other","moral","他人的",3,685,685,"i","true",NA,NA,NA,NA,"phase_015_subj_29"
11436,507,13,"<p style=""color:white; font-size: 35px;"">小人</p>","negative","moral","小人",3,698,698,"e","true",NA,NA,NA,NA,"phase_015_subj_29"
11437,507,14,"<p style=""color:rgb(150, 250, 100); font-size: 35px;"">他</p>","other","moral","他",4,1393,1393,"i","true",NA,NA,NA,NA,"phase_015_subj_29"
11438,507,14,"<p style=""color:white; font-size: 35px;"">廉正</p>","positive","moral","廉正",4,673,673,"i","true",NA,NA,NA,NA,"phase_015_subj_29"
11439,507,14,"<p style=""color:rgb(150, 250, 100); font-size: 35px;"">我</p>","self","moral","我",4,607,607,"e","true",NA,NA,NA,NA,"phase_015_subj_29"
11440,507,14,"<p style=""color:white; font-size: 35px;"">小人</p>","negative","moral","小人",4,443,443,"e","true",NA,NA,NA,NA,"phase_015_subj_29"
11441,507,14,"<p style=""color:rgb(150, 250, 100); font-size: 35px;"">本人</p>","self","moral","本人",4,620,620,"e","true",NA,NA,NA,NA,"phase_015_subj_29"
11442,507,14,"<p style=""color:white; font-size: 35px;"">诚信</p>","positive","moral","诚信",4,652,652,"i","true",NA,NA,NA,NA,"phase_015_subj_29"
11443,507,14,"<p style=""color:rgb(150, 250, 100); font-size: 35px;"">别人的</p>","other","moral","别人的",4,886,886,"i","true",NA,NA,NA,NA,"phase_015_subj_29"
11444,507,14,"<p style=""color:white; font-size: 35px;"">卑鄙</p>","negative","moral","卑鄙",4,1226,1226,"e","true",NA,NA,NA,NA,"phase_015_subj_29"
11445,507,14,"<p style=""color:rgb(150, 250, 100); font-size: 35px;"">别人</p>","other","moral","别人",4,874,874,"i","true",NA,NA,NA,NA,"phase_015_subj_29"
11446,507,14,"<p style=""color:white; font-size: 35px;"">正直</p>","positive","moral","正直",4,1304,1322.88888888889,"e","false",NA,NA,NA,NA,"phase_015_subj_29"
11447,507,14,"<p style=""color:rgb(150, 250, 100); font-size: 35px;"">我</p>","self","moral","我",4,697,697,"e","true",NA,NA,NA,NA,"phase_015_subj_29"
11448,507,14,"<p style=""color:white; font-size: 35px;"">不孝</p>","negative","moral","不孝",4,442,442,"e","true",NA,NA,NA,NA,"phase_015_subj_29"
11449,507,14,"<p style=""color:rgb(150, 250, 100); font-size: 35px;"">自己的</p>","self","moral","自己的",4,807,1322.88888888889,"i","false",NA,NA,NA,NA,"phase_015_subj_29"
11450,507,14,"<p style=""color:white; font-size: 35px;"">君子</p>","positive","moral","君子",4,1118,1118,"i","true",NA,NA,NA,NA,"phase_015_subj_29"
11451,507,14,"<p style=""color:rgb(150, 250, 100); font-size: 35px;"">他的</p>","other","moral","他的",4,951,951,"i","true",NA,NA,NA,NA,"phase_015_subj_29"
11452,507,14,"<p style=""color:white; font-size: 35px;"">黑心</p>","negative","moral","黑心",4,1436,1436,"e","true",NA,NA,NA,NA,"phase_015_subj_29"
11453,507,14,"<p style=""color:rgb(150, 250, 100); font-size: 35px;"">别人的</p>","other","moral","别人的",4,731,731,"i","true",NA,NA,NA,NA,"phase_015_subj_29"
11454,507,14,"<p style=""color:white; font-size: 35px;"">高尚</p>","positive","moral","高尚",4,1151,1151,"i","true",NA,NA,NA,NA,"phase_015_subj_29"
11455,507,14,"<p style=""color:rgb(150, 250, 100); font-size: 35px;"">本人的</p>","self","moral","本人的",4,787,787,"e","true",NA,NA,NA,NA,"phase_015_subj_29"
11456,507,14,"<p style=""color:white; font-size: 35px;"">卑鄙</p>","negative","moral","卑鄙",4,420,420,"e","true",NA,NA,NA,NA,"phase_015_subj_29"
11457,507,14,"<p style=""color:rgb(150, 250, 100); font-size: 35px;"">他人的</p>","other","moral","他人的",4,574,574,"i","true",NA,NA,NA,NA,"phase_015_subj_29"
11458,507,14,"<p style=""color:white; font-size: 35px;"">廉正</p>","positive","moral","廉正",4,862,862,"i","true",NA,NA,NA,NA,"phase_015_subj_29"
11459,507,14,"<p style=""color:rgb(150, 250, 100); font-size: 35px;"">自己的</p>","self","moral","自己的",4,509,509,"e","true",NA,NA,NA,NA,"phase_015_subj_29"
11460,507,14,"<p style=""color:white; font-size: 35px;"">不仁</p>","negative","moral","不仁",4,544,544,"e","true",NA,NA,NA,NA,"phase_015_subj_29"
11461,507,14,"<p style=""color:rgb(150, 250, 100); font-size: 35px;"">他人</p>","other","moral","他人",4,555,555,"i","true",NA,NA,NA,NA,"phase_015_subj_29"
11462,507,14,"<p style=""color:white; font-size: 35px;"">诚信</p>","positive","moral","诚信",4,587,587,"i","true",NA,NA,NA,NA,"phase_015_subj_29"
11463,507,14,"<p style=""color:rgb(150, 250, 100); font-size: 35px;"">本人</p>","self","moral","本人",4,719,719,"e","true",NA,NA,NA,NA,"phase_015_subj_29"
11464,507,14,"<p style=""color:white; font-size: 35px;"">不孝</p>","negative","moral","不孝",4,476,476,"e","true",NA,NA,NA,NA,"phase_015_subj_29"
11465,507,14,"<p style=""color:rgb(150, 250, 100); font-size: 35px;"">他的</p>","other","moral","他的",4,531,531,"i","true",NA,NA,NA,NA,"phase_015_subj_29"
11466,507,14,"<p style=""color:white; font-size: 35px;"">高尚</p>","positive","moral","高尚",4,511,511,"i","true",NA,NA,NA,NA,"phase_015_subj_29"
11467,507,14,"<p style=""color:rgb(150, 250, 100); font-size: 35px;"">我的</p>","self","moral","我的",4,522,522,"e","true",NA,NA,NA,NA,"phase_015_subj_29"
11468,507,14,"<p style=""color:white; font-size: 35px;"">缺德</p>","negative","moral","缺德",4,443,443,"e","true",NA,NA,NA,NA,"phase_015_subj_29"
11469,507,14,"<p style=""color:rgb(150, 250, 100); font-size: 35px;"">自己</p>","self","moral","自己",4,865,865,"e","true",NA,NA,NA,NA,"phase_015_subj_29"
11470,507,14,"<p style=""color:white; font-size: 35px;"">善良</p>","positive","moral","善良",4,718,718,"i","true",NA,NA,NA,NA,"phase_015_subj_29"
11471,507,14,"<p style=""color:rgb(150, 250, 100); font-size: 35px;"">他</p>","other","moral","他",4,646,646,"i","true",NA,NA,NA,NA,"phase_015_subj_29"
11472,507,14,"<p style=""color:white; font-size: 35px;"">黑心</p>","negative","moral","黑心",4,600,600,"e","true",NA,NA,NA,NA,"phase_015_subj_29"
11473,507,14,"<p style=""color:rgb(150, 250, 100); font-size: 35px;"">我的</p>","self","moral","我的",4,708,708,"e","true",NA,NA,NA,NA,"phase_015_subj_29"
11474,507,14,"<p style=""color:white; font-size: 35px;"">不仁</p>","negative","moral","不仁",4,609,609,"e","true",NA,NA,NA,NA,"phase_015_subj_29"
11475,507,14,"<p style=""color:rgb(150, 250, 100); font-size: 35px;"">他人的</p>","other","moral","他人的",4,641,641,"i","true",NA,NA,NA,NA,"phase_015_subj_29"
11476,507,14,"<p style=""color:white; font-size: 35px;"">正直</p>","positive","moral","正直",4,578,578,"i","true",NA,NA,NA,NA,"phase_015_subj_29"
11477,507,14,"<p style=""color:rgb(150, 250, 100); font-size: 35px;"">本人的</p>","self","moral","本人的",4,788,788,"e","true",NA,NA,NA,NA,"phase_015_subj_29"
11478,507,14,"<p style=""color:white; font-size: 35px;"">小人</p>","negative","moral","小人",4,508,508,"e","true",NA,NA,NA,NA,"phase_015_subj_29"
11479,507,14,"<p style=""color:rgb(150, 250, 100); font-size: 35px;"">他人</p>","other","moral","他人",4,663,663,"i","true",NA,NA,NA,NA,"phase_015_subj_29"
11480,507,14,"<p style=""color:white; font-size: 35px;"">善良</p>","positive","moral","善良",4,732,732,"i","true",NA,NA,NA,NA,"phase_015_subj_29"
11481,507,14,"<p style=""color:rgb(150, 250, 100); font-size: 35px;"">别人</p>","other","moral","别人",4,1458,1322.88888888889,"e","false",NA,NA,NA,NA,"phase_015_subj_29"
11482,507,14,"<p style=""color:white; font-size: 35px;"">缺德</p>","negative","moral","缺德",4,830,830,"e","true",NA,NA,NA,NA,"phase_015_subj_29"
11483,507,14,"<p style=""color:rgb(150, 250, 100); font-size: 35px;"">自己</p>","self","moral","自己",4,984,984,"e","true",NA,NA,NA,NA,"phase_015_subj_29"
11484,507,14,"<p style=""color:white; font-size: 35px;"">君子</p>","positive","moral","君子",4,720,720,"i","true",NA,NA,NA,NA,"phase_015_subj_29"
11485,507,15,"<p style=""color:rgb(150, 250, 100); font-size: 35px;"">别人</p>","other","moral","别人",5,1361,1361,"e","true",NA,NA,NA,NA,"phase_015_subj_29"
11486,507,15,"<p style=""color:rgb(150, 250, 100); font-size: 35px;"">本人</p>","self","moral","本人",5,552,552,"i","true",NA,NA,NA,NA,"phase_015_subj_29"
11487,507,15,"<p style=""color:rgb(150, 250, 100); font-size: 35px;"">自己</p>","self","moral","自己",5,962,962,"i","true",NA,NA,NA,NA,"phase_015_subj_29"
11488,507,15,"<p style=""color:rgb(150, 250, 100); font-size: 35px;"">我</p>","self","moral","我",5,600,600,"i","true",NA,NA,NA,NA,"phase_015_subj_29"
11489,507,15,"<p style=""color:rgb(150, 250, 100); font-size: 35px;"">他</p>","other","moral","他",5,508,508,"e","true",NA,NA,NA,NA,"phase_015_subj_29"
11490,507,15,"<p style=""color:rgb(150, 250, 100); font-size: 35px;"">别人的</p>","other","moral","别人的",5,641,641,"e","true",NA,NA,NA,NA,"phase_015_subj_29"
11491,507,15,"<p style=""color:rgb(150, 250, 100); font-size: 35px;"">自己</p>","self","moral","自己",5,445,445,"i","true",NA,NA,NA,NA,"phase_015_subj_29"
11492,507,15,"<p style=""color:rgb(150, 250, 100); font-size: 35px;"">他的</p>","other","moral","他的",5,840,840,"e","true",NA,NA,NA,NA,"phase_015_subj_29"
11493,507,15,"<p style=""color:rgb(150, 250, 100); font-size: 35px;"">本人</p>","self","moral","本人",5,686,686,"i","true",NA,NA,NA,NA,"phase_015_subj_29"
11494,507,15,"<p style=""color:rgb(150, 250, 100); font-size: 35px;"">他的</p>","other","moral","他的",5,520,520,"e","true",NA,NA,NA,NA,"phase_015_subj_29"
11495,507,15,"<p style=""color:rgb(150, 250, 100); font-size: 35px;"">自己的</p>","self","moral","自己的",5,654,654,"i","true",NA,NA,NA,NA,"phase_015_subj_29"
11496,507,15,"<p style=""color:rgb(150, 250, 100); font-size: 35px;"">他人的</p>","other","moral","他人的",5,573,573,"e","true",NA,NA,NA,NA,"phase_015_subj_29"
11497,507,15,"<p style=""color:rgb(150, 250, 100); font-size: 35px;"">我的</p>","self","moral","我的",5,556,556,"i","true",NA,NA,NA,NA,"phase_015_subj_29"
11498,507,15,"<p style=""color:rgb(150, 250, 100); font-size: 35px;"">别人的</p>","other","moral","别人的",5,697,697,"e","true",NA,NA,NA,NA,"phase_015_subj_29"
11499,507,15,"<p style=""color:rgb(150, 250, 100); font-size: 35px;"">他</p>","other","moral","他",5,653,653,"e","true",NA,NA,NA,NA,"phase_015_subj_29"
11500,507,15,"<p style=""color:rgb(150, 250, 100); font-size: 35px;"">本人的</p>","self","moral","本人的",5,465,465,"i","true",NA,NA,NA,NA,"phase_015_subj_29"
11501,507,15,"<p style=""color:rgb(150, 250, 100); font-size: 35px;"">他人</p>","other","moral","他人",5,676,676,"e","true",NA,NA,NA,NA,"phase_015_subj_29"
11502,507,15,"<p style=""color:rgb(150, 250, 100); font-size: 35px;"">我</p>","self","moral","我",5,454,454,"i","true",NA,NA,NA,NA,"phase_015_subj_29"
11503,507,15,"<p style=""color:rgb(150, 250, 100); font-size: 35px;"">我的</p>","self","moral","我的",5,399,399,"i","true",NA,NA,NA,NA,"phase_015_subj_29"
11504,507,15,"<p style=""color:rgb(150, 250, 100); font-size: 35px;"">本人的</p>","self","moral","本人的",5,440,440,"e","false",NA,NA,NA,NA,"phase_015_subj_29"
11505,507,15,"<p style=""color:rgb(150, 250, 100); font-size: 35px;"">自己的</p>","self","moral","自己的",5,619,619,"i","true",NA,NA,NA,NA,"phase_015_subj_29"
11506,507,15,"<p style=""color:rgb(150, 250, 100); font-size: 35px;"">他人</p>","other","moral","他人",5,698,698,"e","true",NA,NA,NA,NA,"phase_015_subj_29"
11507,507,15,"<p style=""color:rgb(150, 250, 100); font-size: 35px;"">他人的</p>","other","moral","他人的",5,556,556,"e","true",NA,NA,NA,NA,"phase_015_subj_29"
11508,507,15,"<p style=""color:rgb(150, 250, 100); font-size: 35px;"">别人</p>","other","moral","别人",5,949,949,"e","true",NA,NA,NA,NA,"phase_015_subj_29"
11509,507,16,"<p style=""color:white; font-size: 35px;"">缺德</p>","negative","moral","缺德",6,509,509,"e","true",NA,NA,NA,NA,"phase_015_subj_29"
11510,507,16,"<p style=""color:rgb(150, 250, 100); font-size: 35px;"">本人的</p>","self","moral","本人的",6,644,644,"i","true",NA,NA,NA,NA,"phase_015_subj_29"
11511,507,16,"<p style=""color:white; font-size: 35px;"">正直</p>","positive","moral","正直",6,584,584,"i","true",NA,NA,NA,NA,"phase_015_subj_29"
11512,507,16,"<p style=""color:rgb(150, 250, 100); font-size: 35px;"">别人的</p>","other","moral","别人的",6,690,690,"e","true",NA,NA,NA,NA,"phase_015_subj_29"
11513,507,16,"<p style=""color:white; font-size: 35px;"">高尚</p>","positive","moral","高尚",6,551,551,"i","true",NA,NA,NA,NA,"phase_015_subj_29"
11514,507,16,"<p style=""color:rgb(150, 250, 100); font-size: 35px;"">自己的</p>","self","moral","自己的",6,653,653,"i","true",NA,NA,NA,NA,"phase_015_subj_29"
11515,507,16,"<p style=""color:white; font-size: 35px;"">不孝</p>","negative","moral","不孝",6,621,621,"e","true",NA,NA,NA,NA,"phase_015_subj_29"
11516,507,16,"<p style=""color:rgb(150, 250, 100); font-size: 35px;"">别人</p>","other","moral","别人",6,1729,1729,"e","true",NA,NA,NA,NA,"phase_015_subj_29"
11517,507,16,"<p style=""color:white; font-size: 35px;"">不仁</p>","negative","moral","不仁",6,643,643,"e","true",NA,NA,NA,NA,"phase_015_subj_29"
11518,507,16,"<p style=""color:rgb(150, 250, 100); font-size: 35px;"">自己</p>","self","moral","自己",6,625,625,"i","true",NA,NA,NA,NA,"phase_015_subj_29"
11519,507,16,"<p style=""color:white; font-size: 35px;"">廉正</p>","positive","moral","廉正",6,477,477,"i","true",NA,NA,NA,NA,"phase_015_subj_29"
11520,507,16,"<p style=""color:rgb(150, 250, 100); font-size: 35px;"">他的</p>","other","moral","他的",6,588,588,"e","true",NA,NA,NA,NA,"phase_015_subj_29"
11521,507,16,"<p style=""color:white; font-size: 35px;"">卑鄙</p>","negative","moral","卑鄙",6,487,487,"e","true",NA,NA,NA,NA,"phase_015_subj_29"
11522,507,16,"<p style=""color:rgb(150, 250, 100); font-size: 35px;"">我</p>","self","moral","我",6,444,444,"i","true",NA,NA,NA,NA,"phase_015_subj_29"
11523,507,16,"<p style=""color:white; font-size: 35px;"">君子</p>","positive","moral","君子",6,409,409,"i","true",NA,NA,NA,NA,"phase_015_subj_29"
11524,507,16,"<p style=""color:rgb(150, 250, 100); font-size: 35px;"">他人的</p>","other","moral","他人的",6,597,597,"e","true",NA,NA,NA,NA,"phase_015_subj_29"
11525,507,16,"<p style=""color:white; font-size: 35px;"">小人</p>","negative","moral","小人",6,465,465,"e","true",NA,NA,NA,NA,"phase_015_subj_29"
11526,507,16,"<p style=""color:rgb(150, 250, 100); font-size: 35px;"">我的</p>","self","moral","我的",6,444,444,"i","true",NA,NA,NA,NA,"phase_015_subj_29"
11527,507,16,"<p style=""color:white; font-size: 35px;"">诚信</p>","positive","moral","诚信",6,399,399,"i","true",NA,NA,NA,NA,"phase_015_subj_29"
11528,507,16,"<p style=""color:rgb(150, 250, 100); font-size: 35px;"">他</p>","other","moral","他",6,378,378,"e","true",NA,NA,NA,NA,"phase_015_subj_29"
11529,507,16,"<p style=""color:white; font-size: 35px;"">黑心</p>","negative","moral","黑心",6,468,468,"e","true",NA,NA,NA,NA,"phase_015_subj_29"
11530,507,16,"<p style=""color:rgb(150, 250, 100); font-size: 35px;"">他人</p>","other","moral","他人",6,597,597,"e","true",NA,NA,NA,NA,"phase_015_subj_29"
11531,507,16,"<p style=""color:white; font-size: 35px;"">善良</p>","positive","moral","善良",6,683,683,"i","true",NA,NA,NA,NA,"phase_015_subj_29"
11532,507,16,"<p style=""color:rgb(150, 250, 100); font-size: 35px;"">本人</p>","self","moral","本人",6,676,676,"i","true",NA,NA,NA,NA,"phase_015_subj_29"
11533,507,17,"<p style=""color:white; font-size: 35px;"">不孝</p>","negative","moral","不孝",7,673,673,"e","true",NA,NA,NA,NA,"phase_015_subj_29"
11534,507,17,"<p style=""color:rgb(150, 250, 100); font-size: 35px;"">我</p>","self","moral","我",7,1118,1118,"i","true",NA,NA,NA,NA,"phase_015_subj_29"
11535,507,17,"<p style=""color:white; font-size: 35px;"">正直</p>","positive","moral","正直",7,598,598,"i","true",NA,NA,NA,NA,"phase_015_subj_29"
11536,507,17,"<p style=""color:rgb(150, 250, 100); font-size: 35px;"">别人</p>","other","moral","别人",7,663,663,"e","true",NA,NA,NA,NA,"phase_015_subj_29"
11537,507,17,"<p style=""color:white; font-size: 35px;"">不仁</p>","negative","moral","不仁",7,431,431,"e","true",NA,NA,NA,NA,"phase_015_subj_29"
11538,507,17,"<p style=""color:rgb(150, 250, 100); font-size: 35px;"">自己的</p>","self","moral","自己的",7,501,501,"i","true",NA,NA,NA,NA,"phase_015_subj_29"
11539,507,17,"<p style=""color:white; font-size: 35px;"">君子</p>","positive","moral","君子",7,409,409,"i","true",NA,NA,NA,NA,"phase_015_subj_29"
11540,507,17,"<p style=""color:rgb(150, 250, 100); font-size: 35px;"">他</p>","other","moral","他",7,577,577,"e","true",NA,NA,NA,NA,"phase_015_subj_29"
11541,507,17,"<p style=""color:white; font-size: 35px;"">君子</p>","positive","moral","君子",7,476,476,"i","true",NA,NA,NA,NA,"phase_015_subj_29"
11542,507,17,"<p style=""color:rgb(150, 250, 100); font-size: 35px;"">他人的</p>","other","moral","他人的",7,610,610,"e","true",NA,NA,NA,NA,"phase_015_subj_29"
11543,507,17,"<p style=""color:white; font-size: 35px;"">卑鄙</p>","negative","moral","卑鄙",7,597,597,"e","true",NA,NA,NA,NA,"phase_015_subj_29"
11544,507,17,"<p style=""color:rgb(150, 250, 100); font-size: 35px;"">自己</p>","self","moral","自己",7,576,576,"i","true",NA,NA,NA,NA,"phase_015_subj_29"
11545,507,17,"<p style=""color:white; font-size: 35px;"">小人</p>","negative","moral","小人",7,631,631,"e","true",NA,NA,NA,NA,"phase_015_subj_29"
11546,507,17,"<p style=""color:rgb(150, 250, 100); font-size: 35px;"">他的</p>","other","moral","他的",7,773,773,"e","true",NA,NA,NA,NA,"phase_015_subj_29"
11547,507,17,"<p style=""color:white; font-size: 35px;"">高尚</p>","positive","moral","高尚",7,653,653,"i","true",NA,NA,NA,NA,"phase_015_subj_29"
11548,507,17,"<p style=""color:rgb(150, 250, 100); font-size: 35px;"">本人的</p>","self","moral","本人的",7,540,540,"i","true",NA,NA,NA,NA,"phase_015_subj_29"
11549,507,17,"<p style=""color:white; font-size: 35px;"">善良</p>","positive","moral","善良",7,377,377,"i","true",NA,NA,NA,NA,"phase_015_subj_29"
11550,507,17,"<p style=""color:rgb(150, 250, 100); font-size: 35px;"">我</p>","self","moral","我",7,466,466,"i","true",NA,NA,NA,NA,"phase_015_subj_29"
11551,507,17,"<p style=""color:white; font-size: 35px;"">不孝</p>","negative","moral","不孝",7,453,453,"e","true",NA,NA,NA,NA,"phase_015_subj_29"
11552,507,17,"<p style=""color:rgb(150, 250, 100); font-size: 35px;"">别人的</p>","other","moral","别人的",7,721,721,"e","true",NA,NA,NA,NA,"phase_015_subj_29"
11553,507,17,"<p style=""color:white; font-size: 35px;"">廉正</p>","positive","moral","廉正",7,662,662,"i","true",NA,NA,NA,NA,"phase_015_subj_29"
11554,507,17,"<p style=""color:rgb(150, 250, 100); font-size: 35px;"">他</p>","other","moral","他",7,632,632,"e","true",NA,NA,NA,NA,"phase_015_subj_29"
11555,507,17,"<p style=""color:white; font-size: 35px;"">缺德</p>","negative","moral","缺德",7,445,445,"e","true",NA,NA,NA,NA,"phase_015_subj_29"
11556,507,17,"<p style=""color:rgb(150, 250, 100); font-size: 35px;"">本人</p>","self","moral","本人",7,406,406,"i","true",NA,NA,NA,NA,"phase_015_subj_29"
11557,507,17,"<p style=""color:white; font-size: 35px;"">黑心</p>","negative","moral","黑心",7,500,500,"e","true",NA,NA,NA,NA,"phase_015_subj_29"
11558,507,17,"<p style=""color:rgb(150, 250, 100); font-size: 35px;"">我的</p>","self","moral","我的",7,640,640,"i","true",NA,NA,NA,NA,"phase_015_subj_29"
11559,507,17,"<p style=""color:white; font-size: 35px;"">善良</p>","positive","moral","善良",7,786,786,"i","true",NA,NA,NA,NA,"phase_015_subj_29"
11560,507,17,"<p style=""color:rgb(150, 250, 100); font-size: 35px;"">他人</p>","other","moral","他人",7,597,597,"e","true",NA,NA,NA,NA,"phase_015_subj_29"
11561,507,17,"<p style=""color:white; font-size: 35px;"">廉正</p>","positive","moral","廉正",7,628,628,"i","true",NA,NA,NA,NA,"phase_015_subj_29"
11562,507,17,"<p style=""color:rgb(150, 250, 100); font-size: 35px;"">他的</p>","other","moral","他的",7,721,721,"e","true",NA,NA,NA,NA,"phase_015_subj_29"
11563,507,17,"<p style=""color:white; font-size: 35px;"">不仁</p>","negative","moral","不仁",7,523,523,"e","true",NA,NA,NA,NA,"phase_015_subj_29"
11564,507,17,"<p style=""color:rgb(150, 250, 100); font-size: 35px;"">自己的</p>","self","moral","自己的",7,675,675,"i","true",NA,NA,NA,NA,"phase_015_subj_29"
11565,507,17,"<p style=""color:white; font-size: 35px;"">诚信</p>","positive","moral","诚信",7,476,476,"i","true",NA,NA,NA,NA,"phase_015_subj_29"
11566,507,17,"<p style=""color:rgb(150, 250, 100); font-size: 35px;"">本人的</p>","self","moral","本人的",7,521,521,"i","true",NA,NA,NA,NA,"phase_015_subj_29"
11567,507,17,"<p style=""color:white; font-size: 35px;"">小人</p>","negative","moral","小人",7,477,477,"e","true",NA,NA,NA,NA,"phase_015_subj_29"
11568,507,17,"<p style=""color:rgb(150, 250, 100); font-size: 35px;"">他人</p>","other","moral","他人",7,641,641,"e","true",NA,NA,NA,NA,"phase_015_subj_29"
11569,507,17,"<p style=""color:white; font-size: 35px;"">诚信</p>","positive","moral","诚信",7,564,564,"i","true",NA,NA,NA,NA,"phase_015_subj_29"
11570,507,17,"<p style=""color:rgb(150, 250, 100); font-size: 35px;"">别人</p>","other","moral","别人",7,741,741,"e","true",NA,NA,NA,NA,"phase_015_subj_29"
11571,507,17,"<p style=""color:white; font-size: 35px;"">卑鄙</p>","negative","moral","卑鄙",7,544,544,"e","true",NA,NA,NA,NA,"phase_015_subj_29"
11572,507,17,"<p style=""color:rgb(150, 250, 100); font-size: 35px;"">本人</p>","self","moral","本人",7,610,610,"i","true",NA,NA,NA,NA,"phase_015_subj_29"
11573,507,17,"<p style=""color:white; font-size: 35px;"">正直</p>","positive","moral","正直",7,421,421,"i","true",NA,NA,NA,NA,"phase_015_subj_29"
11574,507,17,"<p style=""color:rgb(150, 250, 100); font-size: 35px;"">自己</p>","self","moral","自己",7,507,507,"i","true",NA,NA,NA,NA,"phase_015_subj_29"
11575,507,17,"<p style=""color:white; font-size: 35px;"">黑心</p>","negative","moral","黑心",7,520,520,"e","true",NA,NA,NA,NA,"phase_015_subj_29"
11576,507,17,"<p style=""color:rgb(150, 250, 100); font-size: 35px;"">他人的</p>","other","moral","他人的",7,742,742,"e","true",NA,NA,NA,NA,"phase_015_subj_29"
11577,507,17,"<p style=""color:white; font-size: 35px;"">高尚</p>","positive","moral","高尚",7,543,543,"i","true",NA,NA,NA,NA,"phase_015_subj_29"
11578,507,17,"<p style=""color:rgb(150, 250, 100); font-size: 35px;"">别人的</p>","other","moral","别人的",7,663,663,"e","true",NA,NA,NA,NA,"phase_015_subj_29"
11579,507,17,"<p style=""color:white; font-size: 35px;"">缺德</p>","negative","moral","缺德",7,421,1186.63829787234,"i","false",NA,NA,NA,NA,"phase_015_subj_29"
11580,507,17,"<p style=""color:rgb(150, 250, 100); font-size: 35px;"">我的</p>","self","moral","我的",7,544,544,"i","true",NA,NA,NA,NA,"phase_015_subj_29"
11581,223,NA,"
    <h3>词语分类任务</h3>
    <p>在接下来的任务中，你需要对一系列词语进行分类。<p/>
    请先熟悉这些词语，这有利于你完成接下来的任务。</p>
    <table align=""center"" border=1 cellpadding=3 cellspacing=0>
    <tr> <th>类别</th> <th>词语</th> </tr>
    <tr> <td>&emsp;积极&emsp;</td> <td>&emsp;高尚、诚信、善良、君子、廉正、正直&emsp;</td> </tr>
    <tr> <td>&emsp;消极&emsp;</td> <td>&emsp;缺德、卑鄙、不孝、不仁、小人、黑心&emsp;</td> </tr>
    <tr> <td>&emsp;自我&emsp;</td> <td>&emsp;我、我的、自己、自己的、本人、本人的&emsp;</td> </tr>
    <tr> <td>&emsp;他人&emsp;</td> <td>&emsp;他、他的、别人、别人的、他人、他人的&emsp;</td> </tr>
    </table><br/>","","","",NA,20412,NA,"0","",NA,NA,2,2,"phase_015_subj_17"
11582,223,11,"<p style=""color:rgb(150, 250, 100); font-size: 35px;"">他人的</p>","other","moral","他人的",1,1582,1582,"e","true",NA,NA,NA,NA,"phase_015_subj_17"
11583,223,11,"<p style=""color:rgb(150, 250, 100); font-size: 35px;"">他</p>","other","moral","他",1,1127,1127,"e","true",NA,NA,NA,NA,"phase_015_subj_17"
11584,223,11,"<p style=""color:rgb(150, 250, 100); font-size: 35px;"">我的</p>","self","moral","我的",1,2544,2544,"i","true",NA,NA,NA,NA,"phase_015_subj_17"
11585,223,11,"<p style=""color:rgb(150, 250, 100); font-size: 35px;"">自己</p>","self","moral","自己",1,2397,2397,"i","true",NA,NA,NA,NA,"phase_015_subj_17"
11586,223,11,"<p style=""color:rgb(150, 250, 100); font-size: 35px;"">他的</p>","other","moral","他的",1,2648,2648,"e","true",NA,NA,NA,NA,"phase_015_subj_17"
11587,223,11,"<p style=""color:rgb(150, 250, 100); font-size: 35px;"">本人</p>","self","moral","本人",1,2494,2494,"i","true",NA,NA,NA,NA,"phase_015_subj_17"
11588,223,11,"<p style=""color:rgb(150, 250, 100); font-size: 35px;"">自己的</p>","self","moral","自己的",1,2689,2689,"i","true",NA,NA,NA,NA,"phase_015_subj_17"
11589,223,11,"<p style=""color:rgb(150, 250, 100); font-size: 35px;"">我</p>","self","moral","我",1,2686,2686,"i","true",NA,NA,NA,NA,"phase_015_subj_17"
11590,223,11,"<p style=""color:rgb(150, 250, 100); font-size: 35px;"">他人</p>","other","moral","他人",1,3203,3203,"e","true",NA,NA,NA,NA,"phase_015_subj_17"
11591,223,11,"<p style=""color:rgb(150, 250, 100); font-size: 35px;"">本人的</p>","self","moral","本人的",1,2964,2964,"i","true",NA,NA,NA,NA,"phase_015_subj_17"
11592,223,11,"<p style=""color:rgb(150, 250, 100); font-size: 35px;"">别人的</p>","other","moral","别人的",1,2581,2581,"e","true",NA,NA,NA,NA,"phase_015_subj_17"
11593,223,11,"<p style=""color:rgb(150, 250, 100); font-size: 35px;"">别人</p>","other","moral","别人",1,2324,2324,"e","true",NA,NA,NA,NA,"phase_015_subj_17"
11594,223,12,"<p style=""color:white; font-size: 35px;"">缺德</p>","negative","moral","缺德",2,2384,2384,"e","true",NA,NA,NA,NA,"phase_015_subj_17"
11595,223,12,"<p style=""color:white; font-size: 35px;"">小人</p>","negative","moral","小人",2,3443,3443,"e","true",NA,NA,NA,NA,"phase_015_subj_17"
11596,223,12,"<p style=""color:white; font-size: 35px;"">正直</p>","positive","moral","正直",2,2463,2463,"i","true",NA,NA,NA,NA,"phase_015_subj_17"
11597,223,12,"<p style=""color:white; font-size: 35px;"">诚信</p>","positive","moral","诚信",2,2838,2838,"i","true",NA,NA,NA,NA,"phase_015_subj_17"
11598,223,12,"<p style=""color:white; font-size: 35px;"">君子</p>","positive","moral","君子",2,2603,2603,"i","true",NA,NA,NA,NA,"phase_015_subj_17"
11599,223,12,"<p style=""color:white; font-size: 35px;"">善良</p>","positive","moral","善良",2,2570,2570,"i","true",NA,NA,NA,NA,"phase_015_subj_17"
11600,223,12,"<p style=""color:white; font-size: 35px;"">高尚</p>","positive","moral","高尚",2,3108,3108,"i","true",NA,NA,NA,NA,"phase_015_subj_17"
11601,223,12,"<p style=""color:white; font-size: 35px;"">不仁</p>","negative","moral","不仁",2,3353,3353,"e","true",NA,NA,NA,NA,"phase_015_subj_17"
11602,223,12,"<p style=""color:white; font-size: 35px;"">廉正</p>","positive","moral","廉正",2,3466,3466,"i","true",NA,NA,NA,NA,"phase_015_subj_17"
11603,223,12,"<p style=""color:white; font-size: 35px;"">卑鄙</p>","negative","moral","卑鄙",2,4339,4339,"e","true",NA,NA,NA,NA,"phase_015_subj_17"
11604,223,12,"<p style=""color:white; font-size: 35px;"">黑心</p>","negative","moral","黑心",2,4559,4559,"i","false",NA,NA,NA,NA,"phase_015_subj_17"
11605,223,12,"<p style=""color:white; font-size: 35px;"">不孝</p>","negative","moral","不孝",2,4230,4230,"e","true",NA,NA,NA,NA,"phase_015_subj_17"
11606,223,13,"<p style=""color:rgb(150, 250, 100); font-size: 35px;"">本人</p>","self","moral","本人",3,2468,2468,"i","true",NA,NA,NA,NA,"phase_015_subj_17"
11607,223,13,"<p style=""color:white; font-size: 35px;"">君子</p>","positive","moral","君子",3,4139,4139,"i","true",NA,NA,NA,NA,"phase_015_subj_17"
11608,223,13,"<p style=""color:rgb(150, 250, 100); font-size: 35px;"">他人的</p>","other","moral","他人的",3,3229,3229,"e","true",NA,NA,NA,NA,"phase_015_subj_17"
11609,223,13,"<p style=""color:white; font-size: 35px;"">不孝</p>","negative","moral","不孝",3,3960,3960,"e","true",NA,NA,NA,NA,"phase_015_subj_17"
11610,223,13,"<p style=""color:rgb(150, 250, 100); font-size: 35px;"">别人的</p>","other","moral","别人的",3,2877,2877,"e","true",NA,NA,NA,NA,"phase_015_subj_17"
11611,223,13,"<p style=""color:white; font-size: 35px;"">诚信</p>","positive","moral","诚信",3,2609,2609,"i","true",NA,NA,NA,NA,"phase_015_subj_17"
11612,223,13,"<p style=""color:rgb(150, 250, 100); font-size: 35px;"">本人的</p>","self","moral","本人的",3,3558,3558,"i","true",NA,NA,NA,NA,"phase_015_subj_17"
11613,223,13,"<p style=""color:white; font-size: 35px;"">黑心</p>","negative","moral","黑心",3,3939,3939,"e","true",NA,NA,NA,NA,"phase_015_subj_17"
11614,223,13,"<p style=""color:rgb(150, 250, 100); font-size: 35px;"">我</p>","self","moral","我",3,3406,3406,"i","true",NA,NA,NA,NA,"phase_015_subj_17"
11615,223,13,"<p style=""color:white; font-size: 35px;"">高尚</p>","positive","moral","高尚",3,3467,3467,"i","true",NA,NA,NA,NA,"phase_015_subj_17"
11616,223,13,"<p style=""color:rgb(150, 250, 100); font-size: 35px;"">他人</p>","other","moral","他人",3,3414,3414,"e","true",NA,NA,NA,NA,"phase_015_subj_17"
11617,223,13,"<p style=""color:white; font-size: 35px;"">缺德</p>","negative","moral","缺德",3,3421,3421,"e","true",NA,NA,NA,NA,"phase_015_subj_17"
11618,223,13,"<p style=""color:rgb(150, 250, 100); font-size: 35px;"">自己的</p>","self","moral","自己的",3,2960,2960,"i","true",NA,NA,NA,NA,"phase_015_subj_17"
11619,223,13,"<p style=""color:white; font-size: 35px;"">小人</p>","negative","moral","小人",3,3203,3203,"e","true",NA,NA,NA,NA,"phase_015_subj_17"
11620,223,13,"<p style=""color:rgb(150, 250, 100); font-size: 35px;"">他</p>","other","moral","他",3,2109,2109,"e","true",NA,NA,NA,NA,"phase_015_subj_17"
11621,223,13,"<p style=""color:white; font-size: 35px;"">善良</p>","positive","moral","善良",3,3143,3143,"i","true",NA,NA,NA,NA,"phase_015_subj_17"
11622,223,13,"<p style=""color:rgb(150, 250, 100); font-size: 35px;"">我的</p>","self","moral","我的",3,2907,2907,"i","true",NA,NA,NA,NA,"phase_015_subj_17"
11623,223,13,"<p style=""color:white; font-size: 35px;"">卑鄙</p>","negative","moral","卑鄙",3,2911,2911,"e","true",NA,NA,NA,NA,"phase_015_subj_17"
11624,223,13,"<p style=""color:rgb(150, 250, 100); font-size: 35px;"">他的</p>","other","moral","他的",3,2319,2319,"e","true",NA,NA,NA,NA,"phase_015_subj_17"
11625,223,13,"<p style=""color:white; font-size: 35px;"">廉正</p>","positive","moral","廉正",3,1927,1927,"i","true",NA,NA,NA,NA,"phase_015_subj_17"
11626,223,13,"<p style=""color:rgb(150, 250, 100); font-size: 35px;"">自己</p>","self","moral","自己",3,2373,2373,"i","true",NA,NA,NA,NA,"phase_015_subj_17"
11627,223,13,"<p style=""color:white; font-size: 35px;"">正直</p>","positive","moral","正直",3,2613,2613,"i","true",NA,NA,NA,NA,"phase_015_subj_17"
11628,223,13,"<p style=""color:rgb(150, 250, 100); font-size: 35px;"">别人</p>","other","moral","别人",3,3344,3344,"e","true",NA,NA,NA,NA,"phase_015_subj_17"
11629,223,13,"<p style=""color:white; font-size: 35px;"">不仁</p>","negative","moral","不仁",3,3077,3077,"e","true",NA,NA,NA,NA,"phase_015_subj_17"
11630,223,14,"<p style=""color:rgb(150, 250, 100); font-size: 35px;"">我</p>","self","moral","我",4,2915,2915,"i","true",NA,NA,NA,NA,"phase_015_subj_17"
11631,223,14,"<p style=""color:white; font-size: 35px;"">卑鄙</p>","negative","moral","卑鄙",4,3317,3317,"e","true",NA,NA,NA,NA,"phase_015_subj_17"
11632,223,14,"<p style=""color:rgb(150, 250, 100); font-size: 35px;"">别人</p>","other","moral","别人",4,4800,4800,"e","true",NA,NA,NA,NA,"phase_015_subj_17"
11633,223,14,"<p style=""color:white; font-size: 35px;"">高尚</p>","positive","moral","高尚",4,2276,2276,"i","true",NA,NA,NA,NA,"phase_015_subj_17"
11634,223,14,"<p style=""color:rgb(150, 250, 100); font-size: 35px;"">我的</p>","self","moral","我的",4,2235,2235,"i","true",NA,NA,NA,NA,"phase_015_subj_17"
11635,223,14,"<p style=""color:white; font-size: 35px;"">黑心</p>","negative","moral","黑心",4,2776,2776,"e","true",NA,NA,NA,NA,"phase_015_subj_17"
11636,223,14,"<p style=""color:rgb(150, 250, 100); font-size: 35px;"">他的</p>","other","moral","他的",4,2857,2857,"e","true",NA,NA,NA,NA,"phase_015_subj_17"
11637,223,14,"<p style=""color:white; font-size: 35px;"">高尚</p>","positive","moral","高尚",4,6129,6129,"i","true",NA,NA,NA,NA,"phase_015_subj_17"
11638,223,14,"<p style=""color:rgb(150, 250, 100); font-size: 35px;"">自己</p>","self","moral","自己",4,3726,3726,"i","true",NA,NA,NA,NA,"phase_015_subj_17"
11639,223,14,"<p style=""color:white; font-size: 35px;"">善良</p>","positive","moral","善良",4,3264,3264,"i","true",NA,NA,NA,NA,"phase_015_subj_17"
11640,223,14,"<p style=""color:rgb(150, 250, 100); font-size: 35px;"">他人</p>","other","moral","他人",4,3840,3840,"e","true",NA,NA,NA,NA,"phase_015_subj_17"
11641,223,14,"<p style=""color:white; font-size: 35px;"">缺德</p>","negative","moral","缺德",4,2912,2912,"e","true",NA,NA,NA,NA,"phase_015_subj_17"
11642,223,14,"<p style=""color:rgb(150, 250, 100); font-size: 35px;"">本人的</p>","self","moral","本人的",4,2665,2665,"i","true",NA,NA,NA,NA,"phase_015_subj_17"
11643,223,14,"<p style=""color:white; font-size: 35px;"">正直</p>","positive","moral","正直",4,4630,4630,"i","true",NA,NA,NA,NA,"phase_015_subj_17"
11644,223,14,"<p style=""color:rgb(150, 250, 100); font-size: 35px;"">他的</p>","other","moral","他的",4,3113,3113,"e","true",NA,NA,NA,NA,"phase_015_subj_17"
11645,223,14,"<p style=""color:white; font-size: 35px;"">不孝</p>","negative","moral","不孝",4,8152,8152,"e","true",NA,NA,NA,NA,"phase_015_subj_17"
11646,223,14,"<p style=""color:rgb(150, 250, 100); font-size: 35px;"">别人的</p>","other","moral","别人的",4,2727,2727,"e","true",NA,NA,NA,NA,"phase_015_subj_17"
11647,223,14,"<p style=""color:white; font-size: 35px;"">黑心</p>","negative","moral","黑心",4,2834,2834,"e","true",NA,NA,NA,NA,"phase_015_subj_17"
11648,223,14,"<p style=""color:rgb(150, 250, 100); font-size: 35px;"">我</p>","self","moral","我",4,2371,2371,"i","true",NA,NA,NA,NA,"phase_015_subj_17"
11649,223,14,"<p style=""color:white; font-size: 35px;"">正直</p>","positive","moral","正直",4,3134,3134,"i","true",NA,NA,NA,NA,"phase_015_subj_17"
11650,223,14,"<p style=""color:rgb(150, 250, 100); font-size: 35px;"">本人的</p>","self","moral","本人的",4,1629,1629,"i","true",NA,NA,NA,NA,"phase_015_subj_17"
11651,223,14,"<p style=""color:white; font-size: 35px;"">君子</p>","positive","moral","君子",4,3077,3077,"i","true",NA,NA,NA,NA,"phase_015_subj_17"
11652,223,14,"<p style=""color:rgb(150, 250, 100); font-size: 35px;"">别人的</p>","other","moral","别人的",4,2471,2471,"e","true",NA,NA,NA,NA,"phase_015_subj_17"
11653,223,14,"<p style=""color:white; font-size: 35px;"">小人</p>","negative","moral","小人",4,2984,2984,"e","true",NA,NA,NA,NA,"phase_015_subj_17"
11654,223,14,"<p style=""color:rgb(150, 250, 100); font-size: 35px;"">他</p>","other","moral","他",4,3122,3122,"e","true",NA,NA,NA,NA,"phase_015_subj_17"
11655,223,14,"<p style=""color:white; font-size: 35px;"">廉正</p>","positive","moral","廉正",4,2193,2193,"i","true",NA,NA,NA,NA,"phase_015_subj_17"
11656,223,14,"<p style=""color:rgb(150, 250, 100); font-size: 35px;"">本人</p>","self","moral","本人",4,2463,2463,"i","true",NA,NA,NA,NA,"phase_015_subj_17"
11657,223,14,"<p style=""color:white; font-size: 35px;"">小人</p>","negative","moral","小人",4,2969,2969,"e","true",NA,NA,NA,NA,"phase_015_subj_17"
11658,223,14,"<p style=""color:rgb(150, 250, 100); font-size: 35px;"">他人的</p>","other","moral","他人的",4,3033,3033,"e","true",NA,NA,NA,NA,"phase_015_subj_17"
11659,223,14,"<p style=""color:white; font-size: 35px;"">善良</p>","positive","moral","善良",4,5239,5239,"i","true",NA,NA,NA,NA,"phase_015_subj_17"
11660,223,14,"<p style=""color:rgb(150, 250, 100); font-size: 35px;"">自己</p>","self","moral","自己",4,3141,3141,"i","true",NA,NA,NA,NA,"phase_015_subj_17"
11661,223,14,"<p style=""color:white; font-size: 35px;"">不孝</p>","negative","moral","不孝",4,6125,6125,"e","true",NA,NA,NA,NA,"phase_015_subj_17"
11662,223,14,"<p style=""color:rgb(150, 250, 100); font-size: 35px;"">我的</p>","self","moral","我的",4,2669,2669,"i","true",NA,NA,NA,NA,"phase_015_subj_17"
11663,223,14,"<p style=""color:white; font-size: 35px;"">不仁</p>","negative","moral","不仁",4,2794,2794,"e","true",NA,NA,NA,NA,"phase_015_subj_17"
11664,223,14,"<p style=""color:rgb(150, 250, 100); font-size: 35px;"">他</p>","other","moral","他",4,3041,3041,"e","true",NA,NA,NA,NA,"phase_015_subj_17"
11665,223,14,"<p style=""color:white; font-size: 35px;"">君子</p>","positive","moral","君子",4,3731,3731,"i","true",NA,NA,NA,NA,"phase_015_subj_17"
11666,223,14,"<p style=""color:rgb(150, 250, 100); font-size: 35px;"">自己的</p>","self","moral","自己的",4,2558,2558,"i","true",NA,NA,NA,NA,"phase_015_subj_17"
11667,223,14,"<p style=""color:white; font-size: 35px;"">诚信</p>","positive","moral","诚信",4,3001,3001,"i","true",NA,NA,NA,NA,"phase_015_subj_17"
11668,223,14,"<p style=""color:rgb(150, 250, 100); font-size: 35px;"">别人</p>","other","moral","别人",4,3108,3108,"e","true",NA,NA,NA,NA,"phase_015_subj_17"
11669,223,14,"<p style=""color:white; font-size: 35px;"">缺德</p>","negative","moral","缺德",4,3527,3527,"e","true",NA,NA,NA,NA,"phase_015_subj_17"
11670,223,14,"<p style=""color:rgb(150, 250, 100); font-size: 35px;"">本人</p>","self","moral","本人",4,3751,3751,"i","true",NA,NA,NA,NA,"phase_015_subj_17"
11671,223,14,"<p style=""color:white; font-size: 35px;"">诚信</p>","positive","moral","诚信",4,3356,3356,"i","true",NA,NA,NA,NA,"phase_015_subj_17"
11672,223,14,"<p style=""color:rgb(150, 250, 100); font-size: 35px;"">他人</p>","other","moral","他人",4,4784,4784,"e","true",NA,NA,NA,NA,"phase_015_subj_17"
11673,223,14,"<p style=""color:white; font-size: 35px;"">不仁</p>","negative","moral","不仁",4,5068,5068,"e","true",NA,NA,NA,NA,"phase_015_subj_17"
11674,223,14,"<p style=""color:rgb(150, 250, 100); font-size: 35px;"">自己的</p>","self","moral","自己的",4,3045,3045,"i","true",NA,NA,NA,NA,"phase_015_subj_17"
11675,223,14,"<p style=""color:white; font-size: 35px;"">卑鄙</p>","negative","moral","卑鄙",4,3073,3073,"e","true",NA,NA,NA,NA,"phase_015_subj_17"
11676,223,14,"<p style=""color:rgb(150, 250, 100); font-size: 35px;"">他人的</p>","other","moral","他人的",4,3924,3924,"e","true",NA,NA,NA,NA,"phase_015_subj_17"
11677,223,14,"<p style=""color:white; font-size: 35px;"">廉正</p>","positive","moral","廉正",4,4857,4857,"i","true",NA,NA,NA,NA,"phase_015_subj_17"
11678,223,15,"<p style=""color:rgb(150, 250, 100); font-size: 35px;"">自己的</p>","self","moral","自己的",5,2402,2402,"e","true",NA,NA,NA,NA,"phase_015_subj_17"
11679,223,15,"<p style=""color:rgb(150, 250, 100); font-size: 35px;"">本人</p>","self","moral","本人",5,3674,3674,"e","true",NA,NA,NA,NA,"phase_015_subj_17"
11680,223,15,"<p style=""color:rgb(150, 250, 100); font-size: 35px;"">他</p>","other","moral","他",5,3529,3529,"i","true",NA,NA,NA,NA,"phase_015_subj_17"
11681,223,15,"<p style=""color:rgb(150, 250, 100); font-size: 35px;"">本人</p>","self","moral","本人",5,4549,4549,"e","true",NA,NA,NA,NA,"phase_015_subj_17"
11682,223,15,"<p style=""color:rgb(150, 250, 100); font-size: 35px;"">我的</p>","self","moral","我的",5,3921,3921,"e","true",NA,NA,NA,NA,"phase_015_subj_17"
11683,223,15,"<p style=""color:rgb(150, 250, 100); font-size: 35px;"">别人的</p>","other","moral","别人的",5,5827,5827,"i","true",NA,NA,NA,NA,"phase_015_subj_17"
11684,223,15,"<p style=""color:rgb(150, 250, 100); font-size: 35px;"">他人的</p>","other","moral","他人的",5,4781,4781,"i","true",NA,NA,NA,NA,"phase_015_subj_17"
11685,223,15,"<p style=""color:rgb(150, 250, 100); font-size: 35px;"">他的</p>","other","moral","他的",5,2922,2922,"i","true",NA,NA,NA,NA,"phase_015_subj_17"
11686,223,15,"<p style=""color:rgb(150, 250, 100); font-size: 35px;"">他</p>","other","moral","他",5,3886,3886,"i","true",NA,NA,NA,NA,"phase_015_subj_17"
11687,223,15,"<p style=""color:rgb(150, 250, 100); font-size: 35px;"">他人</p>","other","moral","他人",5,4187,4187,"i","true",NA,NA,NA,NA,"phase_015_subj_17"
11688,223,15,"<p style=""color:rgb(150, 250, 100); font-size: 35px;"">我</p>","self","moral","我",5,3547,3547,"e","true",NA,NA,NA,NA,"phase_015_subj_17"
11689,223,15,"<p style=""color:rgb(150, 250, 100); font-size: 35px;"">别人的</p>","other","moral","别人的",5,3638,3638,"i","true",NA,NA,NA,NA,"phase_015_subj_17"
11690,223,15,"<p style=""color:rgb(150, 250, 100); font-size: 35px;"">别人</p>","other","moral","别人",5,3327,3327,"i","true",NA,NA,NA,NA,"phase_015_subj_17"
11691,223,15,"<p style=""color:rgb(150, 250, 100); font-size: 35px;"">他人的</p>","other","moral","他人的",5,2704,2704,"i","true",NA,NA,NA,NA,"phase_015_subj_17"
11692,223,15,"<p style=""color:rgb(150, 250, 100); font-size: 35px;"">自己</p>","self","moral","自己",5,4978,4978,"e","true",NA,NA,NA,NA,"phase_015_subj_17"
11693,223,15,"<p style=""color:rgb(150, 250, 100); font-size: 35px;"">别人</p>","other","moral","别人",5,4254,4254,"i","true",NA,NA,NA,NA,"phase_015_subj_17"
11694,223,15,"<p style=""color:rgb(150, 250, 100); font-size: 35px;"">我</p>","self","moral","我",5,4030,4030,"e","true",NA,NA,NA,NA,"phase_015_subj_17"
11695,223,15,"<p style=""color:rgb(150, 250, 100); font-size: 35px;"">他人</p>","other","moral","他人",5,3577,3577,"i","true",NA,NA,NA,NA,"phase_015_subj_17"
11696,223,15,"<p style=""color:rgb(150, 250, 100); font-size: 35px;"">本人的</p>","self","moral","本人的",5,3152,3152,"e","true",NA,NA,NA,NA,"phase_015_subj_17"
11697,223,15,"<p style=""color:rgb(150, 250, 100); font-size: 35px;"">自己的</p>","self","moral","自己的",5,2886,2886,"e","true",NA,NA,NA,NA,"phase_015_subj_17"
11698,223,15,"<p style=""color:rgb(150, 250, 100); font-size: 35px;"">本人的</p>","self","moral","本人的",5,2985,2985,"e","true",NA,NA,NA,NA,"phase_015_subj_17"
11699,223,15,"<p style=""color:rgb(150, 250, 100); font-size: 35px;"">他的</p>","other","moral","他的",5,2316,2316,"i","true",NA,NA,NA,NA,"phase_015_subj_17"
11700,223,15,"<p style=""color:rgb(150, 250, 100); font-size: 35px;"">我的</p>","self","moral","我的",5,3263,3263,"e","true",NA,NA,NA,NA,"phase_015_subj_17"
11701,223,15,"<p style=""color:rgb(150, 250, 100); font-size: 35px;"">自己</p>","self","moral","自己",5,3889,3889,"e","true",NA,NA,NA,NA,"phase_015_subj_17"
11702,223,16,"<p style=""color:white; font-size: 35px;"">正直</p>","positive","moral","正直",6,3289,3289,"i","true",NA,NA,NA,NA,"phase_015_subj_17"
11703,223,16,"<p style=""color:rgb(150, 250, 100); font-size: 35px;"">我</p>","self","moral","我",6,3764,3764,"e","true",NA,NA,NA,NA,"phase_015_subj_17"
11704,223,16,"<p style=""color:white; font-size: 35px;"">缺德</p>","negative","moral","缺德",6,4681,4681,"e","true",NA,NA,NA,NA,"phase_015_subj_17"
11705,223,16,"<p style=""color:rgb(150, 250, 100); font-size: 35px;"">别人</p>","other","moral","别人",6,4815,4815,"i","true",NA,NA,NA,NA,"phase_015_subj_17"
11706,223,16,"<p style=""color:white; font-size: 35px;"">诚信</p>","positive","moral","诚信",6,3666,3666,"i","true",NA,NA,NA,NA,"phase_015_subj_17"
11707,223,16,"<p style=""color:rgb(150, 250, 100); font-size: 35px;"">他的</p>","other","moral","他的",6,3548,3548,"i","true",NA,NA,NA,NA,"phase_015_subj_17"
11708,223,16,"<p style=""color:white; font-size: 35px;"">卑鄙</p>","negative","moral","卑鄙",6,3487,3487,"e","true",NA,NA,NA,NA,"phase_015_subj_17"
11709,223,16,"<p style=""color:rgb(150, 250, 100); font-size: 35px;"">我的</p>","self","moral","我的",6,3240,3240,"e","true",NA,NA,NA,NA,"phase_015_subj_17"
11710,223,16,"<p style=""color:white; font-size: 35px;"">高尚</p>","positive","moral","高尚",6,8417,8417,"i","true",NA,NA,NA,NA,"phase_015_subj_17"
11711,223,16,"<p style=""color:rgb(150, 250, 100); font-size: 35px;"">他</p>","other","moral","他",6,3543,3543,"i","true",NA,NA,NA,NA,"phase_015_subj_17"
11712,223,16,"<p style=""color:white; font-size: 35px;"">黑心</p>","negative","moral","黑心",6,2940,2940,"e","true",NA,NA,NA,NA,"phase_015_subj_17"
11713,223,16,"<p style=""color:rgb(150, 250, 100); font-size: 35px;"">本人的</p>","self","moral","本人的",6,3143,3143,"e","true",NA,NA,NA,NA,"phase_015_subj_17"
11714,223,16,"<p style=""color:white; font-size: 35px;"">廉正</p>","positive","moral","廉正",6,4166,4166,"i","true",NA,NA,NA,NA,"phase_015_subj_17"
11715,223,16,"<p style=""color:rgb(150, 250, 100); font-size: 35px;"">本人</p>","self","moral","本人",6,3283,3283,"e","true",NA,NA,NA,NA,"phase_015_subj_17"
11716,223,16,"<p style=""color:white; font-size: 35px;"">不仁</p>","negative","moral","不仁",6,7055,7055,"e","true",NA,NA,NA,NA,"phase_015_subj_17"
11717,223,16,"<p style=""color:rgb(150, 250, 100); font-size: 35px;"">别人的</p>","other","moral","别人的",6,2891,2891,"i","true",NA,NA,NA,NA,"phase_015_subj_17"
11718,223,16,"<p style=""color:white; font-size: 35px;"">不孝</p>","negative","moral","不孝",6,3511,3511,"e","true",NA,NA,NA,NA,"phase_015_subj_17"
11719,223,16,"<p style=""color:rgb(150, 250, 100); font-size: 35px;"">他人的</p>","other","moral","他人的",6,2403,2403,"i","true",NA,NA,NA,NA,"phase_015_subj_17"
11720,223,16,"<p style=""color:white; font-size: 35px;"">君子</p>","positive","moral","君子",6,2518,2518,"i","true",NA,NA,NA,NA,"phase_015_subj_17"
11721,223,16,"<p style=""color:rgb(150, 250, 100); font-size: 35px;"">自己的</p>","self","moral","自己的",6,2761,2761,"e","true",NA,NA,NA,NA,"phase_015_subj_17"
11722,223,16,"<p style=""color:white; font-size: 35px;"">小人</p>","negative","moral","小人",6,2619,2619,"e","true",NA,NA,NA,NA,"phase_015_subj_17"
11723,223,16,"<p style=""color:rgb(150, 250, 100); font-size: 35px;"">自己</p>","self","moral","自己",6,2863,2863,"e","true",NA,NA,NA,NA,"phase_015_subj_17"
11724,223,16,"<p style=""color:white; font-size: 35px;"">善良</p>","positive","moral","善良",6,2768,2768,"i","true",NA,NA,NA,NA,"phase_015_subj_17"
11725,223,16,"<p style=""color:rgb(150, 250, 100); font-size: 35px;"">他人</p>","other","moral","他人",6,3069,3069,"i","true",NA,NA,NA,NA,"phase_015_subj_17"
11726,223,17,"<p style=""color:white; font-size: 35px;"">善良</p>","positive","moral","善良",7,2710,2710,"i","true",NA,NA,NA,NA,"phase_015_subj_17"
11727,223,17,"<p style=""color:rgb(150, 250, 100); font-size: 35px;"">别人的</p>","other","moral","别人的",7,2979,2979,"i","true",NA,NA,NA,NA,"phase_015_subj_17"
11728,223,17,"<p style=""color:white; font-size: 35px;"">卑鄙</p>","negative","moral","卑鄙",7,2704,2704,"e","true",NA,NA,NA,NA,"phase_015_subj_17"
11729,223,17,"<p style=""color:rgb(150, 250, 100); font-size: 35px;"">本人的</p>","self","moral","本人的",7,2135,2135,"e","true",NA,NA,NA,NA,"phase_015_subj_17"
11730,223,17,"<p style=""color:white; font-size: 35px;"">君子</p>","positive","moral","君子",7,2845,2845,"i","true",NA,NA,NA,NA,"phase_015_subj_17"
11731,223,17,"<p style=""color:rgb(150, 250, 100); font-size: 35px;"">别人</p>","other","moral","别人",7,3208,3208,"i","true",NA,NA,NA,NA,"phase_015_subj_17"
11732,223,17,"<p style=""color:white; font-size: 35px;"">缺德</p>","negative","moral","缺德",7,2976,2976,"e","true",NA,NA,NA,NA,"phase_015_subj_17"
11733,223,17,"<p style=""color:rgb(150, 250, 100); font-size: 35px;"">自己</p>","self","moral","自己",7,2334,2334,"e","true",NA,NA,NA,NA,"phase_015_subj_17"
11734,223,17,"<p style=""color:white; font-size: 35px;"">廉正</p>","positive","moral","廉正",7,2456,2456,"i","true",NA,NA,NA,NA,"phase_015_subj_17"
11735,223,17,"<p style=""color:rgb(150, 250, 100); font-size: 35px;"">本人</p>","self","moral","本人",7,2825,2825,"e","true",NA,NA,NA,NA,"phase_015_subj_17"
11736,223,17,"<p style=""color:white; font-size: 35px;"">卑鄙</p>","negative","moral","卑鄙",7,2957,2957,"e","true",NA,NA,NA,NA,"phase_015_subj_17"
11737,223,17,"<p style=""color:rgb(150, 250, 100); font-size: 35px;"">他人</p>","other","moral","他人",7,2418,2418,"i","true",NA,NA,NA,NA,"phase_015_subj_17"
11738,223,17,"<p style=""color:white; font-size: 35px;"">缺德</p>","negative","moral","缺德",7,4033,4033,"e","true",NA,NA,NA,NA,"phase_015_subj_17"
11739,223,17,"<p style=""color:rgb(150, 250, 100); font-size: 35px;"">他的</p>","other","moral","他的",7,3564,3564,"i","true",NA,NA,NA,NA,"phase_015_subj_17"
11740,223,17,"<p style=""color:white; font-size: 35px;"">廉正</p>","positive","moral","廉正",7,4179,4179,"i","true",NA,NA,NA,NA,"phase_015_subj_17"
11741,223,17,"<p style=""color:rgb(150, 250, 100); font-size: 35px;"">我</p>","self","moral","我",7,3195,3195,"e","true",NA,NA,NA,NA,"phase_015_subj_17"
11742,223,17,"<p style=""color:white; font-size: 35px;"">高尚</p>","positive","moral","高尚",7,3471,3471,"i","true",NA,NA,NA,NA,"phase_015_subj_17"
11743,223,17,"<p style=""color:rgb(150, 250, 100); font-size: 35px;"">别人的</p>","other","moral","别人的",7,3656,3656,"i","true",NA,NA,NA,NA,"phase_015_subj_17"
11744,223,17,"<p style=""color:white; font-size: 35px;"">不仁</p>","negative","moral","不仁",7,6453,6453,"e","true",NA,NA,NA,NA,"phase_015_subj_17"
11745,223,17,"<p style=""color:rgb(150, 250, 100); font-size: 35px;"">本人</p>","self","moral","本人",7,2467,2467,"e","true",NA,NA,NA,NA,"phase_015_subj_17"
11746,223,17,"<p style=""color:white; font-size: 35px;"">高尚</p>","positive","moral","高尚",7,4199,4199,"i","true",NA,NA,NA,NA,"phase_015_subj_17"
11747,223,17,"<p style=""color:rgb(150, 250, 100); font-size: 35px;"">我</p>","self","moral","我",7,2053,2053,"e","true",NA,NA,NA,NA,"phase_015_subj_17"
11748,223,17,"<p style=""color:white; font-size: 35px;"">黑心</p>","negative","moral","黑心",7,2204,2204,"e","true",NA,NA,NA,NA,"phase_015_subj_17"
11749,223,17,"<p style=""color:rgb(150, 250, 100); font-size: 35px;"">别人</p>","other","moral","别人",7,2132,2132,"i","true",NA,NA,NA,NA,"phase_015_subj_17"
11750,223,17,"<p style=""color:white; font-size: 35px;"">小人</p>","negative","moral","小人",7,2522,2522,"e","true",NA,NA,NA,NA,"phase_015_subj_17"
11751,223,17,"<p style=""color:rgb(150, 250, 100); font-size: 35px;"">我的</p>","self","moral","我的",7,2833,2833,"e","true",NA,NA,NA,NA,"phase_015_subj_17"
11752,223,17,"<p style=""color:white; font-size: 35px;"">正直</p>","positive","moral","正直",7,3279,3279,"i","true",NA,NA,NA,NA,"phase_015_subj_17"
11753,223,17,"<p style=""color:rgb(150, 250, 100); font-size: 35px;"">他</p>","other","moral","他",7,2103,2103,"i","true",NA,NA,NA,NA,"phase_015_subj_17"
11754,223,17,"<p style=""color:white; font-size: 35px;"">不仁</p>","negative","moral","不仁",7,2728,2728,"e","true",NA,NA,NA,NA,"phase_015_subj_17"
11755,223,17,"<p style=""color:rgb(150, 250, 100); font-size: 35px;"">他人的</p>","other","moral","他人的",7,3831,3831,"i","true",NA,NA,NA,NA,"phase_015_subj_17"
11756,223,17,"<p style=""color:white; font-size: 35px;"">君子</p>","positive","moral","君子",7,3352,3352,"i","true",NA,NA,NA,NA,"phase_015_subj_17"
11757,223,17,"<p style=""color:rgb(150, 250, 100); font-size: 35px;"">自己</p>","self","moral","自己",7,2603,2603,"e","true",NA,NA,NA,NA,"phase_015_subj_17"
11758,223,17,"<p style=""color:white; font-size: 35px;"">黑心</p>","negative","moral","黑心",7,3896,3896,"e","true",NA,NA,NA,NA,"phase_015_subj_17"
11759,223,17,"<p style=""color:rgb(150, 250, 100); font-size: 35px;"">自己的</p>","self","moral","自己的",7,5043,5043,"e","true",NA,NA,NA,NA,"phase_015_subj_17"
11760,223,17,"<p style=""color:white; font-size: 35px;"">诚信</p>","positive","moral","诚信",7,3300,3300,"i","true",NA,NA,NA,NA,"phase_015_subj_17"
11761,223,17,"<p style=""color:rgb(150, 250, 100); font-size: 35px;"">他的</p>","other","moral","他的",7,3301,3301,"i","true",NA,NA,NA,NA,"phase_015_subj_17"
11762,223,17,"<p style=""color:white; font-size: 35px;"">正直</p>","positive","moral","正直",7,3033,3033,"i","true",NA,NA,NA,NA,"phase_015_subj_17"
11763,223,17,"<p style=""color:rgb(150, 250, 100); font-size: 35px;"">我的</p>","self","moral","我的",7,3039,3039,"e","true",NA,NA,NA,NA,"phase_015_subj_17"
11764,223,17,"<p style=""color:white; font-size: 35px;"">不孝</p>","negative","moral","不孝",7,4882,4882,"e","true",NA,NA,NA,NA,"phase_015_subj_17"
11765,223,17,"<p style=""color:rgb(150, 250, 100); font-size: 35px;"">他</p>","other","moral","他",7,2358,2358,"i","true",NA,NA,NA,NA,"phase_015_subj_17"
11766,223,17,"<p style=""color:white; font-size: 35px;"">小人</p>","negative","moral","小人",7,2712,2712,"e","true",NA,NA,NA,NA,"phase_015_subj_17"
11767,223,17,"<p style=""color:rgb(150, 250, 100); font-size: 35px;"">自己的</p>","self","moral","自己的",7,2995,2995,"e","true",NA,NA,NA,NA,"phase_015_subj_17"
11768,223,17,"<p style=""color:white; font-size: 35px;"">善良</p>","positive","moral","善良",7,3260,3260,"i","true",NA,NA,NA,NA,"phase_015_subj_17"
11769,223,17,"<p style=""color:rgb(150, 250, 100); font-size: 35px;"">他人的</p>","other","moral","他人的",7,3406,3406,"i","true",NA,NA,NA,NA,"phase_015_subj_17"
11770,223,17,"<p style=""color:white; font-size: 35px;"">不孝</p>","negative","moral","不孝",7,5078,5078,"e","true",NA,NA,NA,NA,"phase_015_subj_17"
11771,223,17,"<p style=""color:rgb(150, 250, 100); font-size: 35px;"">本人的</p>","self","moral","本人的",7,3881,3881,"e","true",NA,NA,NA,NA,"phase_015_subj_17"
11772,223,17,"<p style=""color:white; font-size: 35px;"">诚信</p>","positive","moral","诚信",7,5619,5619,"i","true",NA,NA,NA,NA,"phase_015_subj_17"
11773,223,17,"<p style=""color:rgb(150, 250, 100); font-size: 35px;"">他人</p>","other","moral","他人",7,3089,3089,"i","true",NA,NA,NA,NA,"phase_015_subj_17"
11774,223,NA,"
    <h3>词语分类任务</h3>
    <p>在接下来的任务中，你需要对一系列词语进行分类。</p>
    <p>请先熟悉这些词语，这有利于你完成接下来的任务。</p>
    <table align=""center"" border=1 cellpadding=3 cellspacing=0>
    <tr> <th>类别</th> <th>词语</th> </tr>
    <tr> <td>&emsp;积极&emsp;</td> <td>&emsp;能干、全能、全才、高效、精干、天才&emsp;</td> </tr>
    <tr> <td>&emsp;消极&emsp;</td> <td>&emsp;无能、低能、废物、拙笨、愚钝、蠢笨&emsp;</td> </tr>
    <tr> <td>&emsp;自我&emsp;</td> <td>&emsp;我、我的、自己、自己的、本人、本人的&emsp;</td> </tr>
    <tr> <td>&emsp;他人&emsp;</td> <td>&emsp;他、他的、别人、别人的、他人、他人的&emsp;</td> </tr>
    </table><br/>","","","",NA,20405,NA,"0","",2,2,NA,NA,"phase_015_subj_17"
11775,223,1,"<p style=""color:rgb(150, 250, 100); font-size: 35px;"">本人的</p>","self","ability","本人的",1,2354,2354,"i","true",NA,NA,NA,NA,"phase_015_subj_17"
11776,223,1,"<p style=""color:rgb(150, 250, 100); font-size: 35px;"">本人</p>","self","ability","本人",1,2607,2607,"i","true",NA,NA,NA,NA,"phase_015_subj_17"
11777,223,1,"<p style=""color:rgb(150, 250, 100); font-size: 35px;"">别人的</p>","other","ability","别人的",1,2564,2564,"e","true",NA,NA,NA,NA,"phase_015_subj_17"
11778,223,1,"<p style=""color:rgb(150, 250, 100); font-size: 35px;"">我的</p>","self","ability","我的",1,2017,2017,"i","true",NA,NA,NA,NA,"phase_015_subj_17"
11779,223,1,"<p style=""color:rgb(150, 250, 100); font-size: 35px;"">自己的</p>","self","ability","自己的",1,3797,3797,"i","true",NA,NA,NA,NA,"phase_015_subj_17"
11780,223,1,"<p style=""color:rgb(150, 250, 100); font-size: 35px;"">他人</p>","other","ability","他人",1,2246,2246,"e","true",NA,NA,NA,NA,"phase_015_subj_17"
11781,223,1,"<p style=""color:rgb(150, 250, 100); font-size: 35px;"">我</p>","self","ability","我",1,2320,2320,"i","true",NA,NA,NA,NA,"phase_015_subj_17"
11782,223,1,"<p style=""color:rgb(150, 250, 100); font-size: 35px;"">他人的</p>","other","ability","他人的",1,2366,2366,"e","true",NA,NA,NA,NA,"phase_015_subj_17"
11783,223,1,"<p style=""color:rgb(150, 250, 100); font-size: 35px;"">他的</p>","other","ability","他的",1,3232,3232,"e","true",NA,NA,NA,NA,"phase_015_subj_17"
11784,223,1,"<p style=""color:rgb(150, 250, 100); font-size: 35px;"">自己</p>","self","ability","自己",1,2779,2779,"i","true",NA,NA,NA,NA,"phase_015_subj_17"
11785,223,1,"<p style=""color:rgb(150, 250, 100); font-size: 35px;"">他</p>","other","ability","他",1,3378,3378,"e","true",NA,NA,NA,NA,"phase_015_subj_17"
11786,223,1,"<p style=""color:rgb(150, 250, 100); font-size: 35px;"">别人</p>","other","ability","别人",1,3284,3284,"e","true",NA,NA,NA,NA,"phase_015_subj_17"
11787,223,2,"<p style=""color:white; font-size: 35px;"">全才</p>","positive","ability","全才",2,2124,2124,"i","true",NA,NA,NA,NA,"phase_015_subj_17"
11788,223,2,"<p style=""color:white; font-size: 35px;"">无能</p>","negative","ability","无能",2,2818,2818,"e","true",NA,NA,NA,NA,"phase_015_subj_17"
11789,223,2,"<p style=""color:white; font-size: 35px;"">蠢笨</p>","negative","ability","蠢笨",2,2746,2746,"e","true",NA,NA,NA,NA,"phase_015_subj_17"
11790,223,2,"<p style=""color:white; font-size: 35px;"">能干</p>","positive","ability","能干",2,2168,2168,"i","true",NA,NA,NA,NA,"phase_015_subj_17"
11791,223,2,"<p style=""color:white; font-size: 35px;"">天才</p>","positive","ability","天才",2,2785,2785,"i","true",NA,NA,NA,NA,"phase_015_subj_17"
11792,223,2,"<p style=""color:white; font-size: 35px;"">高效</p>","positive","ability","高效",2,2554,2554,"i","true",NA,NA,NA,NA,"phase_015_subj_17"
11793,223,2,"<p style=""color:white; font-size: 35px;"">精干</p>","positive","ability","精干",2,2401,2401,"i","true",NA,NA,NA,NA,"phase_015_subj_17"
11794,223,2,"<p style=""color:white; font-size: 35px;"">拙笨</p>","negative","ability","拙笨",2,2209,2209,"e","true",NA,NA,NA,NA,"phase_015_subj_17"
11795,223,2,"<p style=""color:white; font-size: 35px;"">低能</p>","negative","ability","低能",2,2566,2566,"e","true",NA,NA,NA,NA,"phase_015_subj_17"
11796,223,2,"<p style=""color:white; font-size: 35px;"">废物</p>","negative","ability","废物",2,2862,2862,"e","true",NA,NA,NA,NA,"phase_015_subj_17"
11797,223,2,"<p style=""color:white; font-size: 35px;"">全能</p>","positive","ability","全能",2,3660,3660,"i","true",NA,NA,NA,NA,"phase_015_subj_17"
11798,223,2,"<p style=""color:white; font-size: 35px;"">愚钝</p>","negative","ability","愚钝",2,2961,2961,"e","true",NA,NA,NA,NA,"phase_015_subj_17"
11799,223,3,"<p style=""color:rgb(150, 250, 100); font-size: 35px;"">别人的</p>","other","ability","别人的",3,2421,2421,"e","true",NA,NA,NA,NA,"phase_015_subj_17"
11800,223,3,"<p style=""color:white; font-size: 35px;"">高效</p>","positive","ability","高效",3,3011,3011,"i","true",NA,NA,NA,NA,"phase_015_subj_17"
11801,223,3,"<p style=""color:rgb(150, 250, 100); font-size: 35px;"">我的</p>","self","ability","我的",3,2835,2835,"i","true",NA,NA,NA,NA,"phase_015_subj_17"
11802,223,3,"<p style=""color:white; font-size: 35px;"">愚钝</p>","negative","ability","愚钝",3,2639,2639,"e","true",NA,NA,NA,NA,"phase_015_subj_17"
11803,223,3,"<p style=""color:rgb(150, 250, 100); font-size: 35px;"">我</p>","self","ability","我",3,3026,3026,"i","true",NA,NA,NA,NA,"phase_015_subj_17"
11804,223,3,"<p style=""color:white; font-size: 35px;"">天才</p>","positive","ability","天才",3,3041,3041,"i","true",NA,NA,NA,NA,"phase_015_subj_17"
11805,223,3,"<p style=""color:rgb(150, 250, 100); font-size: 35px;"">他的</p>","other","ability","他的",3,3165,3165,"e","true",NA,NA,NA,NA,"phase_015_subj_17"
11806,223,3,"<p style=""color:white; font-size: 35px;"">无能</p>","negative","ability","无能",3,3713,3713,"e","true",NA,NA,NA,NA,"phase_015_subj_17"
11807,223,3,"<p style=""color:rgb(150, 250, 100); font-size: 35px;"">自己</p>","self","ability","自己",3,2535,2535,"i","true",NA,NA,NA,NA,"phase_015_subj_17"
11808,223,3,"<p style=""color:white; font-size: 35px;"">拙笨</p>","negative","ability","拙笨",3,3652,3652,"e","true",NA,NA,NA,NA,"phase_015_subj_17"
11809,223,3,"<p style=""color:rgb(150, 250, 100); font-size: 35px;"">他人</p>","other","ability","他人",3,2803,2803,"e","true",NA,NA,NA,NA,"phase_015_subj_17"
11810,223,3,"<p style=""color:white; font-size: 35px;"">精干</p>","positive","ability","精干",3,2624,2624,"i","true",NA,NA,NA,NA,"phase_015_subj_17"
11811,223,3,"<p style=""color:rgb(150, 250, 100); font-size: 35px;"">他</p>","other","ability","他",3,3562,3562,"e","true",NA,NA,NA,NA,"phase_015_subj_17"
11812,223,3,"<p style=""color:white; font-size: 35px;"">全能</p>","positive","ability","全能",3,3155,3155,"i","true",NA,NA,NA,NA,"phase_015_subj_17"
11813,223,3,"<p style=""color:rgb(150, 250, 100); font-size: 35px;"">自己的</p>","self","ability","自己的",3,2874,2874,"i","true",NA,NA,NA,NA,"phase_015_subj_17"
11814,223,3,"<p style=""color:white; font-size: 35px;"">废物</p>","negative","ability","废物",3,3798,3798,"e","true",NA,NA,NA,NA,"phase_015_subj_17"
11815,223,3,"<p style=""color:rgb(150, 250, 100); font-size: 35px;"">他人的</p>","other","ability","他人的",3,4390,4390,"e","true",NA,NA,NA,NA,"phase_015_subj_17"
11816,223,3,"<p style=""color:white; font-size: 35px;"">能干</p>","positive","ability","能干",3,3368,3368,"i","true",NA,NA,NA,NA,"phase_015_subj_17"
11817,223,3,"<p style=""color:rgb(150, 250, 100); font-size: 35px;"">本人的</p>","self","ability","本人的",3,4254,4254,"i","true",NA,NA,NA,NA,"phase_015_subj_17"
11818,223,3,"<p style=""color:white; font-size: 35px;"">低能</p>","negative","ability","低能",3,3767,3767,"e","true",NA,NA,NA,NA,"phase_015_subj_17"
11819,223,3,"<p style=""color:rgb(150, 250, 100); font-size: 35px;"">本人</p>","self","ability","本人",3,4990,4990,"i","true",NA,NA,NA,NA,"phase_015_subj_17"
11820,223,3,"<p style=""color:white; font-size: 35px;"">全才</p>","positive","ability","全才",3,3724,3724,"i","true",NA,NA,NA,NA,"phase_015_subj_17"
11821,223,3,"<p style=""color:rgb(150, 250, 100); font-size: 35px;"">别人</p>","other","ability","别人",3,3890,3890,"e","true",NA,NA,NA,NA,"phase_015_subj_17"
11822,223,3,"<p style=""color:white; font-size: 35px;"">蠢笨</p>","negative","ability","蠢笨",3,3459,3459,"e","true",NA,NA,NA,NA,"phase_015_subj_17"
11823,223,4,"<p style=""color:rgb(150, 250, 100); font-size: 35px;"">自己</p>","self","ability","自己",4,2635,2635,"i","true",NA,NA,NA,NA,"phase_015_subj_17"
11824,223,4,"<p style=""color:white; font-size: 35px;"">高效</p>","positive","ability","高效",4,3683,3683,"i","true",NA,NA,NA,NA,"phase_015_subj_17"
11825,223,4,"<p style=""color:rgb(150, 250, 100); font-size: 35px;"">他的</p>","other","ability","他的",4,3462,3462,"e","true",NA,NA,NA,NA,"phase_015_subj_17"
11826,223,4,"<p style=""color:white; font-size: 35px;"">无能</p>","negative","ability","无能",4,2798,2798,"e","true",NA,NA,NA,NA,"phase_015_subj_17"
11827,223,4,"<p style=""color:rgb(150, 250, 100); font-size: 35px;"">自己的</p>","self","ability","自己的",4,2078,2078,"i","true",NA,NA,NA,NA,"phase_015_subj_17"
11828,223,4,"<p style=""color:white; font-size: 35px;"">全才</p>","positive","ability","全才",4,2799,2799,"i","true",NA,NA,NA,NA,"phase_015_subj_17"
11829,223,4,"<p style=""color:rgb(150, 250, 100); font-size: 35px;"">别人的</p>","other","ability","别人的",4,5062,5062,"e","true",NA,NA,NA,NA,"phase_015_subj_17"
11830,223,4,"<p style=""color:white; font-size: 35px;"">蠢笨</p>","negative","ability","蠢笨",4,2563,2563,"e","true",NA,NA,NA,NA,"phase_015_subj_17"
11831,223,4,"<p style=""color:rgb(150, 250, 100); font-size: 35px;"">他</p>","other","ability","他",4,2643,2643,"e","true",NA,NA,NA,NA,"phase_015_subj_17"
11832,223,4,"<p style=""color:white; font-size: 35px;"">蠢笨</p>","negative","ability","蠢笨",4,3229,3229,"e","true",NA,NA,NA,NA,"phase_015_subj_17"
11833,223,4,"<p style=""color:rgb(150, 250, 100); font-size: 35px;"">我的</p>","self","ability","我的",4,2234,2234,"i","true",NA,NA,NA,NA,"phase_015_subj_17"
11834,223,4,"<p style=""color:white; font-size: 35px;"">能干</p>","positive","ability","能干",4,3070,3070,"i","true",NA,NA,NA,NA,"phase_015_subj_17"
11835,223,4,"<p style=""color:rgb(150, 250, 100); font-size: 35px;"">我</p>","self","ability","我",4,1872,1872,"i","true",NA,NA,NA,NA,"phase_015_subj_17"
11836,223,4,"<p style=""color:white; font-size: 35px;"">精干</p>","positive","ability","精干",4,1921,1921,"i","true",NA,NA,NA,NA,"phase_015_subj_17"
11837,223,4,"<p style=""color:rgb(150, 250, 100); font-size: 35px;"">他人的</p>","other","ability","他人的",4,1998,1998,"e","true",NA,NA,NA,NA,"phase_015_subj_17"
11838,223,4,"<p style=""color:white; font-size: 35px;"">无能</p>","negative","ability","无能",4,3086,3086,"e","true",NA,NA,NA,NA,"phase_015_subj_17"
11839,223,4,"<p style=""color:rgb(150, 250, 100); font-size: 35px;"">别人</p>","other","ability","别人",4,4614,4614,"e","true",NA,NA,NA,NA,"phase_015_subj_17"
11840,223,4,"<p style=""color:white; font-size: 35px;"">低能</p>","negative","ability","低能",4,2730,2730,"e","true",NA,NA,NA,NA,"phase_015_subj_17"
11841,223,4,"<p style=""color:rgb(150, 250, 100); font-size: 35px;"">本人</p>","self","ability","本人",4,2812,2812,"i","true",NA,NA,NA,NA,"phase_015_subj_17"
11842,223,4,"<p style=""color:white; font-size: 35px;"">全能</p>","positive","ability","全能",4,3566,3566,"i","true",NA,NA,NA,NA,"phase_015_subj_17"
11843,223,4,"<p style=""color:rgb(150, 250, 100); font-size: 35px;"">本人</p>","self","ability","本人",4,7492,7492,"i","true",NA,NA,NA,NA,"phase_015_subj_17"
11844,223,4,"<p style=""color:white; font-size: 35px;"">废物</p>","negative","ability","废物",4,3321,3321,"e","true",NA,NA,NA,NA,"phase_015_subj_17"
11845,223,4,"<p style=""color:rgb(150, 250, 100); font-size: 35px;"">他人</p>","other","ability","他人",4,4429,4429,"e","true",NA,NA,NA,NA,"phase_015_subj_17"
11846,223,4,"<p style=""color:white; font-size: 35px;"">高效</p>","positive","ability","高效",4,5583,5583,"i","true",NA,NA,NA,NA,"phase_015_subj_17"
11847,223,4,"<p style=""color:rgb(150, 250, 100); font-size: 35px;"">他</p>","other","ability","他",4,2336,2336,"e","true",NA,NA,NA,NA,"phase_015_subj_17"
11848,223,4,"<p style=""color:white; font-size: 35px;"">天才</p>","positive","ability","天才",4,2758,2758,"i","true",NA,NA,NA,NA,"phase_015_subj_17"
11849,223,4,"<p style=""color:rgb(150, 250, 100); font-size: 35px;"">自己的</p>","self","ability","自己的",4,3929,3929,"i","true",NA,NA,NA,NA,"phase_015_subj_17"
11850,223,4,"<p style=""color:white; font-size: 35px;"">拙笨</p>","negative","ability","拙笨",4,3995,3995,"e","true",NA,NA,NA,NA,"phase_015_subj_17"
11851,223,4,"<p style=""color:rgb(150, 250, 100); font-size: 35px;"">他的</p>","other","ability","他的",4,2780,2780,"e","true",NA,NA,NA,NA,"phase_015_subj_17"
11852,223,4,"<p style=""color:white; font-size: 35px;"">能干</p>","positive","ability","能干",4,3025,3025,"i","true",NA,NA,NA,NA,"phase_015_subj_17"
11853,223,4,"<p style=""color:rgb(150, 250, 100); font-size: 35px;"">自己</p>","self","ability","自己",4,1526,1526,"i","true",NA,NA,NA,NA,"phase_015_subj_17"
11854,223,4,"<p style=""color:white; font-size: 35px;"">愚钝</p>","negative","ability","愚钝",4,4919,4919,"e","true",NA,NA,NA,NA,"phase_015_subj_17"
11855,223,4,"<p style=""color:rgb(150, 250, 100); font-size: 35px;"">别人的</p>","other","ability","别人的",4,1807,1807,"e","true",NA,NA,NA,NA,"phase_015_subj_17"
11856,223,4,"<p style=""color:white; font-size: 35px;"">精干</p>","positive","ability","精干",4,2427,2427,"i","true",NA,NA,NA,NA,"phase_015_subj_17"
11857,223,4,"<p style=""color:rgb(150, 250, 100); font-size: 35px;"">本人的</p>","self","ability","本人的",4,2805,2805,"i","true",NA,NA,NA,NA,"phase_015_subj_17"
11858,223,4,"<p style=""color:white; font-size: 35px;"">废物</p>","negative","ability","废物",4,2589,2589,"e","true",NA,NA,NA,NA,"phase_015_subj_17"
11859,223,4,"<p style=""color:rgb(150, 250, 100); font-size: 35px;"">他人</p>","other","ability","他人",4,3218,3218,"e","true",NA,NA,NA,NA,"phase_015_subj_17"
11860,223,4,"<p style=""color:white; font-size: 35px;"">天才</p>","positive","ability","天才",4,3075,3075,"i","true",NA,NA,NA,NA,"phase_015_subj_17"
11861,223,4,"<p style=""color:rgb(150, 250, 100); font-size: 35px;"">我</p>","self","ability","我",4,2137,2137,"i","true",NA,NA,NA,NA,"phase_015_subj_17"
11862,223,4,"<p style=""color:white; font-size: 35px;"">低能</p>","negative","ability","低能",4,2515,2515,"e","true",NA,NA,NA,NA,"phase_015_subj_17"
11863,223,4,"<p style=""color:rgb(150, 250, 100); font-size: 35px;"">他人的</p>","other","ability","他人的",4,3675,3675,"e","true",NA,NA,NA,NA,"phase_015_subj_17"
11864,223,4,"<p style=""color:white; font-size: 35px;"">全才</p>","positive","ability","全才",4,2562,2562,"i","true",NA,NA,NA,NA,"phase_015_subj_17"
11865,223,4,"<p style=""color:rgb(150, 250, 100); font-size: 35px;"">我的</p>","self","ability","我的",4,2314,2314,"i","true",NA,NA,NA,NA,"phase_015_subj_17"
11866,223,4,"<p style=""color:white; font-size: 35px;"">愚钝</p>","negative","ability","愚钝",4,3080,3080,"e","true",NA,NA,NA,NA,"phase_015_subj_17"
11867,223,4,"<p style=""color:rgb(150, 250, 100); font-size: 35px;"">本人的</p>","self","ability","本人的",4,3217,3217,"i","true",NA,NA,NA,NA,"phase_015_subj_17"
11868,223,4,"<p style=""color:white; font-size: 35px;"">全能</p>","positive","ability","全能",4,2818,2818,"i","true",NA,NA,NA,NA,"phase_015_subj_17"
11869,223,4,"<p style=""color:rgb(150, 250, 100); font-size: 35px;"">别人</p>","other","ability","别人",4,2829,2829,"e","true",NA,NA,NA,NA,"phase_015_subj_17"
11870,223,4,"<p style=""color:white; font-size: 35px;"">拙笨</p>","negative","ability","拙笨",4,2826,2826,"e","true",NA,NA,NA,NA,"phase_015_subj_17"
11871,223,5,"<p style=""color:rgb(150, 250, 100); font-size: 35px;"">别人的</p>","other","ability","别人的",5,2344,2344,"i","true",NA,NA,NA,NA,"phase_015_subj_17"
11872,223,5,"<p style=""color:rgb(150, 250, 100); font-size: 35px;"">他人</p>","other","ability","他人",5,3358,3358,"i","true",NA,NA,NA,NA,"phase_015_subj_17"
11873,223,5,"<p style=""color:rgb(150, 250, 100); font-size: 35px;"">他人的</p>","other","ability","他人的",5,3046,3046,"i","true",NA,NA,NA,NA,"phase_015_subj_17"
11874,223,5,"<p style=""color:rgb(150, 250, 100); font-size: 35px;"">别人</p>","other","ability","别人",5,3604,3604,"i","true",NA,NA,NA,NA,"phase_015_subj_17"
11875,223,5,"<p style=""color:rgb(150, 250, 100); font-size: 35px;"">我</p>","self","ability","我",5,2425,2425,"e","true",NA,NA,NA,NA,"phase_015_subj_17"
11876,223,5,"<p style=""color:rgb(150, 250, 100); font-size: 35px;"">他的</p>","other","ability","他的",5,2533,2533,"i","true",NA,NA,NA,NA,"phase_015_subj_17"
11877,223,5,"<p style=""color:rgb(150, 250, 100); font-size: 35px;"">别人</p>","other","ability","别人",5,2152,2152,"i","true",NA,NA,NA,NA,"phase_015_subj_17"
11878,223,5,"<p style=""color:rgb(150, 250, 100); font-size: 35px;"">他人的</p>","other","ability","他人的",5,2701,2701,"i","true",NA,NA,NA,NA,"phase_015_subj_17"
11879,223,5,"<p style=""color:rgb(150, 250, 100); font-size: 35px;"">自己的</p>","self","ability","自己的",5,3445,3445,"e","true",NA,NA,NA,NA,"phase_015_subj_17"
11880,223,5,"<p style=""color:rgb(150, 250, 100); font-size: 35px;"">本人</p>","self","ability","本人",5,3248,3248,"e","true",NA,NA,NA,NA,"phase_015_subj_17"
11881,223,5,"<p style=""color:rgb(150, 250, 100); font-size: 35px;"">他的</p>","other","ability","他的",5,2761,2761,"i","true",NA,NA,NA,NA,"phase_015_subj_17"
11882,223,5,"<p style=""color:rgb(150, 250, 100); font-size: 35px;"">本人</p>","self","ability","本人",5,2662,2662,"e","true",NA,NA,NA,NA,"phase_015_subj_17"
11883,223,5,"<p style=""color:rgb(150, 250, 100); font-size: 35px;"">他</p>","other","ability","他",5,2839,2839,"i","true",NA,NA,NA,NA,"phase_015_subj_17"
11884,223,5,"<p style=""color:rgb(150, 250, 100); font-size: 35px;"">自己</p>","self","ability","自己",5,3036,3036,"e","true",NA,NA,NA,NA,"phase_015_subj_17"
11885,223,5,"<p style=""color:rgb(150, 250, 100); font-size: 35px;"">本人的</p>","self","ability","本人的",5,4628,4628,"e","true",NA,NA,NA,NA,"phase_015_subj_17"
11886,223,5,"<p style=""color:rgb(150, 250, 100); font-size: 35px;"">我的</p>","self","ability","我的",5,1593,1593,"e","true",NA,NA,NA,NA,"phase_015_subj_17"
11887,223,5,"<p style=""color:rgb(150, 250, 100); font-size: 35px;"">他</p>","other","ability","他",5,2201,2201,"i","true",NA,NA,NA,NA,"phase_015_subj_17"
11888,223,5,"<p style=""color:rgb(150, 250, 100); font-size: 35px;"">本人的</p>","self","ability","本人的",5,2373,2373,"e","true",NA,NA,NA,NA,"phase_015_subj_17"
11889,223,5,"<p style=""color:rgb(150, 250, 100); font-size: 35px;"">他人</p>","other","ability","他人",5,3733,3733,"i","true",NA,NA,NA,NA,"phase_015_subj_17"
11890,223,5,"<p style=""color:rgb(150, 250, 100); font-size: 35px;"">我的</p>","self","ability","我的",5,2611,2611,"e","true",NA,NA,NA,NA,"phase_015_subj_17"
11891,223,5,"<p style=""color:rgb(150, 250, 100); font-size: 35px;"">我</p>","self","ability","我",5,6004,6004,"e","true",NA,NA,NA,NA,"phase_015_subj_17"
11892,223,5,"<p style=""color:rgb(150, 250, 100); font-size: 35px;"">自己</p>","self","ability","自己",5,4438,4438,"e","true",NA,NA,NA,NA,"phase_015_subj_17"
11893,223,5,"<p style=""color:rgb(150, 250, 100); font-size: 35px;"">自己的</p>","self","ability","自己的",5,3979,3979,"e","true",NA,NA,NA,NA,"phase_015_subj_17"
11894,223,5,"<p style=""color:rgb(150, 250, 100); font-size: 35px;"">别人的</p>","other","ability","别人的",5,6367,6367,"i","true",NA,NA,NA,NA,"phase_015_subj_17"
11895,223,6,"<p style=""color:white; font-size: 35px;"">废物</p>","negative","ability","废物",6,2912,2912,"e","true",NA,NA,NA,NA,"phase_015_subj_17"
11896,223,6,"<p style=""color:rgb(150, 250, 100); font-size: 35px;"">本人的</p>","self","ability","本人的",6,2893,2893,"e","true",NA,NA,NA,NA,"phase_015_subj_17"
11897,223,6,"<p style=""color:white; font-size: 35px;"">全才</p>","positive","ability","全才",6,2679,2679,"i","true",NA,NA,NA,NA,"phase_015_subj_17"
11898,223,6,"<p style=""color:rgb(150, 250, 100); font-size: 35px;"">他人的</p>","other","ability","他人的",6,2741,2741,"i","true",NA,NA,NA,NA,"phase_015_subj_17"
11899,223,6,"<p style=""color:white; font-size: 35px;"">愚钝</p>","negative","ability","愚钝",6,3017,3017,"e","true",NA,NA,NA,NA,"phase_015_subj_17"
11900,223,6,"<p style=""color:rgb(150, 250, 100); font-size: 35px;"">我</p>","self","ability","我",6,2940,2940,"e","true",NA,NA,NA,NA,"phase_015_subj_17"
11901,223,6,"<p style=""color:white; font-size: 35px;"">天才</p>","positive","ability","天才",6,2767,2767,"i","true",NA,NA,NA,NA,"phase_015_subj_17"
11902,223,6,"<p style=""color:rgb(150, 250, 100); font-size: 35px;"">别人</p>","other","ability","别人",6,2996,2996,"i","true",NA,NA,NA,NA,"phase_015_subj_17"
11903,223,6,"<p style=""color:white; font-size: 35px;"">精干</p>","positive","ability","精干",6,4066,4066,"i","true",NA,NA,NA,NA,"phase_015_subj_17"
11904,223,6,"<p style=""color:rgb(150, 250, 100); font-size: 35px;"">我的</p>","self","ability","我的",6,6848,6848,"e","true",NA,NA,NA,NA,"phase_015_subj_17"
11905,223,6,"<p style=""color:white; font-size: 35px;"">低能</p>","negative","ability","低能",6,2393,2393,"e","true",NA,NA,NA,NA,"phase_015_subj_17"
11906,223,6,"<p style=""color:rgb(150, 250, 100); font-size: 35px;"">他的</p>","other","ability","他的",6,3513,3513,"i","true",NA,NA,NA,NA,"phase_015_subj_17"
11907,223,6,"<p style=""color:white; font-size: 35px;"">无能</p>","negative","ability","无能",6,2299,2299,"e","true",NA,NA,NA,NA,"phase_015_subj_17"
11908,223,6,"<p style=""color:rgb(150, 250, 100); font-size: 35px;"">他人</p>","other","ability","他人",6,2779,2779,"i","true",NA,NA,NA,NA,"phase_015_subj_17"
11909,223,6,"<p style=""color:white; font-size: 35px;"">高效</p>","positive","ability","高效",6,2713,2713,"i","true",NA,NA,NA,NA,"phase_015_subj_17"
11910,223,6,"<p style=""color:rgb(150, 250, 100); font-size: 35px;"">自己的</p>","self","ability","自己的",6,2941,2941,"e","true",NA,NA,NA,NA,"phase_015_subj_17"
11911,223,6,"<p style=""color:white; font-size: 35px;"">全能</p>","positive","ability","全能",6,4114,4114,"i","true",NA,NA,NA,NA,"phase_015_subj_17"
11912,223,6,"<p style=""color:rgb(150, 250, 100); font-size: 35px;"">自己</p>","self","ability","自己",6,2147,2147,"e","true",NA,NA,NA,NA,"phase_015_subj_17"
11913,223,6,"<p style=""color:white; font-size: 35px;"">拙笨</p>","negative","ability","拙笨",6,3387,3387,"e","true",NA,NA,NA,NA,"phase_015_subj_17"
11914,223,6,"<p style=""color:rgb(150, 250, 100); font-size: 35px;"">他</p>","other","ability","他",6,1529,1529,"i","true",NA,NA,NA,NA,"phase_015_subj_17"
11915,223,6,"<p style=""color:white; font-size: 35px;"">蠢笨</p>","negative","ability","蠢笨",6,2081,2081,"e","true",NA,NA,NA,NA,"phase_015_subj_17"
11916,223,6,"<p style=""color:rgb(150, 250, 100); font-size: 35px;"">别人的</p>","other","ability","别人的",6,2717,2717,"i","true",NA,NA,NA,NA,"phase_015_subj_17"
11917,223,6,"<p style=""color:white; font-size: 35px;"">能干</p>","positive","ability","能干",6,2348,2348,"i","true",NA,NA,NA,NA,"phase_015_subj_17"
11918,223,6,"<p style=""color:rgb(150, 250, 100); font-size: 35px;"">本人</p>","self","ability","本人",6,2524,2524,"e","true",NA,NA,NA,NA,"phase_015_subj_17"
11919,223,7,"<p style=""color:white; font-size: 35px;"">愚钝</p>","negative","ability","愚钝",7,2207,2207,"e","true",NA,NA,NA,NA,"phase_015_subj_17"
11920,223,7,"<p style=""color:rgb(150, 250, 100); font-size: 35px;"">他人的</p>","other","ability","他人的",7,1862,1862,"i","true",NA,NA,NA,NA,"phase_015_subj_17"
11921,223,7,"<p style=""color:white; font-size: 35px;"">高效</p>","positive","ability","高效",7,2847,2847,"i","true",NA,NA,NA,NA,"phase_015_subj_17"
11922,223,7,"<p style=""color:rgb(150, 250, 100); font-size: 35px;"">我</p>","self","ability","我",7,2696,2696,"e","true",NA,NA,NA,NA,"phase_015_subj_17"
11923,223,7,"<p style=""color:white; font-size: 35px;"">蠢笨</p>","negative","ability","蠢笨",7,4163,4163,"e","true",NA,NA,NA,NA,"phase_015_subj_17"
11924,223,7,"<p style=""color:rgb(150, 250, 100); font-size: 35px;"">本人的</p>","self","ability","本人的",7,2712,2712,"e","true",NA,NA,NA,NA,"phase_015_subj_17"
11925,223,7,"<p style=""color:white; font-size: 35px;"">全能</p>","positive","ability","全能",7,3412,3412,"i","true",NA,NA,NA,NA,"phase_015_subj_17"
11926,223,7,"<p style=""color:rgb(150, 250, 100); font-size: 35px;"">他的</p>","other","ability","他的",7,2116,2116,"i","true",NA,NA,NA,NA,"phase_015_subj_17"
11927,223,7,"<p style=""color:white; font-size: 35px;"">愚钝</p>","negative","ability","愚钝",7,2195,2195,"e","true",NA,NA,NA,NA,"phase_015_subj_17"
11928,223,7,"<p style=""color:rgb(150, 250, 100); font-size: 35px;"">别人</p>","other","ability","别人",7,2219,2219,"i","true",NA,NA,NA,NA,"phase_015_subj_17"
11929,223,7,"<p style=""color:white; font-size: 35px;"">能干</p>","positive","ability","能干",7,2764,2764,"i","true",NA,NA,NA,NA,"phase_015_subj_17"
11930,223,7,"<p style=""color:rgb(150, 250, 100); font-size: 35px;"">本人</p>","self","ability","本人",7,2628,2628,"e","true",NA,NA,NA,NA,"phase_015_subj_17"
11931,223,7,"<p style=""color:white; font-size: 35px;"">精干</p>","positive","ability","精干",7,2898,2898,"i","true",NA,NA,NA,NA,"phase_015_subj_17"
11932,223,7,"<p style=""color:rgb(150, 250, 100); font-size: 35px;"">自己的</p>","self","ability","自己的",7,2675,2675,"e","true",NA,NA,NA,NA,"phase_015_subj_17"
11933,223,7,"<p style=""color:white; font-size: 35px;"">废物</p>","negative","ability","废物",7,2097,2097,"e","true",NA,NA,NA,NA,"phase_015_subj_17"
11934,223,7,"<p style=""color:rgb(150, 250, 100); font-size: 35px;"">他人</p>","other","ability","他人",7,2838,2838,"i","true",NA,NA,NA,NA,"phase_015_subj_17"
11935,223,7,"<p style=""color:white; font-size: 35px;"">无能</p>","negative","ability","无能",7,2586,2586,"e","true",NA,NA,NA,NA,"phase_015_subj_17"
11936,223,7,"<p style=""color:rgb(150, 250, 100); font-size: 35px;"">我的</p>","self","ability","我的",7,2245,2245,"e","true",NA,NA,NA,NA,"phase_015_subj_17"
11937,223,7,"<p style=""color:white; font-size: 35px;"">天才</p>","positive","ability","天才",7,3247,3247,"i","true",NA,NA,NA,NA,"phase_015_subj_17"
11938,223,7,"<p style=""color:rgb(150, 250, 100); font-size: 35px;"">他</p>","other","ability","他",7,2855,2855,"i","true",NA,NA,NA,NA,"phase_015_subj_17"
11939,223,7,"<p style=""color:white; font-size: 35px;"">高效</p>","positive","ability","高效",7,3846,3846,"i","true",NA,NA,NA,NA,"phase_015_subj_17"
11940,223,7,"<p style=""color:rgb(150, 250, 100); font-size: 35px;"">本人</p>","self","ability","本人",7,3411,3411,"e","true",NA,NA,NA,NA,"phase_015_subj_17"
11941,223,7,"<p style=""color:white; font-size: 35px;"">蠢笨</p>","negative","ability","蠢笨",7,5490,5490,"e","true",NA,NA,NA,NA,"phase_015_subj_17"
11942,223,7,"<p style=""color:rgb(150, 250, 100); font-size: 35px;"">别人的</p>","other","ability","别人的",7,5058,5058,"i","true",NA,NA,NA,NA,"phase_015_subj_17"
11943,223,7,"<p style=""color:white; font-size: 35px;"">全才</p>","positive","ability","全才",7,2571,2571,"i","true",NA,NA,NA,NA,"phase_015_subj_17"
11944,223,7,"<p style=""color:rgb(150, 250, 100); font-size: 35px;"">我的</p>","self","ability","我的",7,2441,2441,"e","true",NA,NA,NA,NA,"phase_015_subj_17"
11945,223,7,"<p style=""color:white; font-size: 35px;"">废物</p>","negative","ability","废物",7,3372,3372,"e","true",NA,NA,NA,NA,"phase_015_subj_17"
11946,223,7,"<p style=""color:rgb(150, 250, 100); font-size: 35px;"">他人的</p>","other","ability","他人的",7,2780,2780,"i","true",NA,NA,NA,NA,"phase_015_subj_17"
11947,223,7,"<p style=""color:white; font-size: 35px;"">无能</p>","negative","ability","无能",7,3247,3247,"e","true",NA,NA,NA,NA,"phase_015_subj_17"
11948,223,7,"<p style=""color:rgb(150, 250, 100); font-size: 35px;"">他人</p>","other","ability","他人",7,3498,3498,"i","true",NA,NA,NA,NA,"phase_015_subj_17"
11949,223,7,"<p style=""color:white; font-size: 35px;"">全才</p>","positive","ability","全才",7,2053,2053,"i","true",NA,NA,NA,NA,"phase_015_subj_17"
11950,223,7,"<p style=""color:rgb(150, 250, 100); font-size: 35px;"">我</p>","self","ability","我",7,2103,2103,"e","true",NA,NA,NA,NA,"phase_015_subj_17"
11951,223,7,"<p style=""color:white; font-size: 35px;"">低能</p>","negative","ability","低能",7,2167,2167,"e","true",NA,NA,NA,NA,"phase_015_subj_17"
11952,223,7,"<p style=""color:rgb(150, 250, 100); font-size: 35px;"">他的</p>","other","ability","他的",7,2120,2120,"i","true",NA,NA,NA,NA,"phase_015_subj_17"
11953,223,7,"<p style=""color:white; font-size: 35px;"">天才</p>","positive","ability","天才",7,2738,2738,"i","true",NA,NA,NA,NA,"phase_015_subj_17"
11954,223,7,"<p style=""color:rgb(150, 250, 100); font-size: 35px;"">自己</p>","self","ability","自己",7,2879,2879,"e","true",NA,NA,NA,NA,"phase_015_subj_17"
11955,223,7,"<p style=""color:white; font-size: 35px;"">能干</p>","positive","ability","能干",7,2546,2546,"i","true",NA,NA,NA,NA,"phase_015_subj_17"
11956,223,7,"<p style=""color:rgb(150, 250, 100); font-size: 35px;"">别人</p>","other","ability","别人",7,2266,2266,"i","true",NA,NA,NA,NA,"phase_015_subj_17"
11957,223,7,"<p style=""color:white; font-size: 35px;"">低能</p>","negative","ability","低能",7,2238,2238,"e","true",NA,NA,NA,NA,"phase_015_subj_17"
11958,223,7,"<p style=""color:rgb(150, 250, 100); font-size: 35px;"">本人的</p>","self","ability","本人的",7,2552,2552,"e","true",NA,NA,NA,NA,"phase_015_subj_17"
11959,223,7,"<p style=""color:white; font-size: 35px;"">拙笨</p>","negative","ability","拙笨",7,2768,2768,"e","true",NA,NA,NA,NA,"phase_015_subj_17"
11960,223,7,"<p style=""color:rgb(150, 250, 100); font-size: 35px;"">自己的</p>","self","ability","自己的",7,2829,2829,"e","true",NA,NA,NA,NA,"phase_015_subj_17"
11961,223,7,"<p style=""color:white; font-size: 35px;"">全能</p>","positive","ability","全能",7,2598,2598,"i","true",NA,NA,NA,NA,"phase_015_subj_17"
11962,223,7,"<p style=""color:rgb(150, 250, 100); font-size: 35px;"">别人的</p>","other","ability","别人的",7,3498,3498,"i","true",NA,NA,NA,NA,"phase_015_subj_17"
11963,223,7,"<p style=""color:white; font-size: 35px;"">拙笨</p>","negative","ability","拙笨",7,2572,2572,"e","true",NA,NA,NA,NA,"phase_015_subj_17"
11964,223,7,"<p style=""color:rgb(150, 250, 100); font-size: 35px;"">他</p>","other","ability","他",7,2216,2216,"i","true",NA,NA,NA,NA,"phase_015_subj_17"
11965,223,7,"<p style=""color:white; font-size: 35px;"">精干</p>","positive","ability","精干",7,3042,3042,"i","true",NA,NA,NA,NA,"phase_015_subj_17"
11966,223,7,"<p style=""color:rgb(150, 250, 100); font-size: 35px;"">自己</p>","self","ability","自己",7,2375,2375,"e","true",NA,NA,NA,NA,"phase_015_subj_17"
12353,76,NA,"
    <h3>词语分类任务</h3>
    <p>在接下来的任务中，你需要对一系列词语进行分类。<p/>
    请先熟悉这些词语，这有利于你完成接下来的任务。</p>
    <table align=""center"" border=1 cellpadding=3 cellspacing=0>
    <tr> <th>类别</th> <th>词语</th> </tr>
    <tr> <td>&emsp;积极&emsp;</td> <td>&emsp;高尚、诚信、善良、君子、廉正、正直&emsp;</td> </tr>
    <tr> <td>&emsp;消极&emsp;</td> <td>&emsp;缺德、卑鄙、不孝、不仁、小人、黑心&emsp;</td> </tr>
    <tr> <td>&emsp;自我&emsp;</td> <td>&emsp;我、我的、自己、自己的、本人、本人的&emsp;</td> </tr>
    <tr> <td>&emsp;他人&emsp;</td> <td>&emsp;他、他的、别人、别人的、他人、他人的&emsp;</td> </tr>
    </table><br/>","","","",NA,13092,NA,"0","",NA,NA,2,2,"phase_015_subj_7"
12354,76,11,"<p style=""color:rgb(150, 250, 100); font-size: 35px;"">本人</p>","self","moral","本人",1,755,755,"i","true",NA,NA,NA,NA,"phase_015_subj_7"
12355,76,11,"<p style=""color:rgb(150, 250, 100); font-size: 35px;"">自己的</p>","self","moral","自己的",1,758,758,"i","true",NA,NA,NA,NA,"phase_015_subj_7"
12356,76,11,"<p style=""color:rgb(150, 250, 100); font-size: 35px;"">别人</p>","other","moral","别人",1,647,647,"e","true",NA,NA,NA,NA,"phase_015_subj_7"
12357,76,11,"<p style=""color:rgb(150, 250, 100); font-size: 35px;"">他人的</p>","other","moral","他人的",1,672,672,"e","true",NA,NA,NA,NA,"phase_015_subj_7"
12358,76,11,"<p style=""color:rgb(150, 250, 100); font-size: 35px;"">我的</p>","self","moral","我的",1,703,703,"i","true",NA,NA,NA,NA,"phase_015_subj_7"
12359,76,11,"<p style=""color:rgb(150, 250, 100); font-size: 35px;"">别人的</p>","other","moral","别人的",1,722,722,"e","true",NA,NA,NA,NA,"phase_015_subj_7"
12360,76,11,"<p style=""color:rgb(150, 250, 100); font-size: 35px;"">自己</p>","self","moral","自己",1,598,598,"i","true",NA,NA,NA,NA,"phase_015_subj_7"
12361,76,11,"<p style=""color:rgb(150, 250, 100); font-size: 35px;"">本人的</p>","self","moral","本人的",1,931,931,"i","true",NA,NA,NA,NA,"phase_015_subj_7"
12362,76,11,"<p style=""color:rgb(150, 250, 100); font-size: 35px;"">他的</p>","other","moral","他的",1,648,648,"e","true",NA,NA,NA,NA,"phase_015_subj_7"
12363,76,11,"<p style=""color:rgb(150, 250, 100); font-size: 35px;"">他</p>","other","moral","他",1,664,664,"e","true",NA,NA,NA,NA,"phase_015_subj_7"
12364,76,11,"<p style=""color:rgb(150, 250, 100); font-size: 35px;"">我</p>","self","moral","我",1,645,645,"i","true",NA,NA,NA,NA,"phase_015_subj_7"
12365,76,11,"<p style=""color:rgb(150, 250, 100); font-size: 35px;"">他人</p>","other","moral","他人",1,621,621,"e","true",NA,NA,NA,NA,"phase_015_subj_7"
12366,76,12,"<p style=""color:white; font-size: 35px;"">正直</p>","positive","moral","正直",2,831,831,"i","true",NA,NA,NA,NA,"phase_015_subj_7"
12367,76,12,"<p style=""color:white; font-size: 35px;"">小人</p>","negative","moral","小人",2,639,639,"i","false",NA,NA,NA,NA,"phase_015_subj_7"
12368,76,12,"<p style=""color:white; font-size: 35px;"">卑鄙</p>","negative","moral","卑鄙",2,743,743,"e","true",NA,NA,NA,NA,"phase_015_subj_7"
12369,76,12,"<p style=""color:white; font-size: 35px;"">诚信</p>","positive","moral","诚信",2,649,649,"i","true",NA,NA,NA,NA,"phase_015_subj_7"
12370,76,12,"<p style=""color:white; font-size: 35px;"">缺德</p>","negative","moral","缺德",2,778,778,"e","true",NA,NA,NA,NA,"phase_015_subj_7"
12371,76,12,"<p style=""color:white; font-size: 35px;"">善良</p>","positive","moral","善良",2,686,686,"i","true",NA,NA,NA,NA,"phase_015_subj_7"
12372,76,12,"<p style=""color:white; font-size: 35px;"">不仁</p>","negative","moral","不仁",2,739,739,"e","true",NA,NA,NA,NA,"phase_015_subj_7"
12373,76,12,"<p style=""color:white; font-size: 35px;"">廉正</p>","positive","moral","廉正",2,871,871,"i","true",NA,NA,NA,NA,"phase_015_subj_7"
12374,76,12,"<p style=""color:white; font-size: 35px;"">君子</p>","positive","moral","君子",2,660,660,"i","true",NA,NA,NA,NA,"phase_015_subj_7"
12375,76,12,"<p style=""color:white; font-size: 35px;"">高尚</p>","positive","moral","高尚",2,617,617,"i","true",NA,NA,NA,NA,"phase_015_subj_7"
12376,76,12,"<p style=""color:white; font-size: 35px;"">不孝</p>","negative","moral","不孝",2,693,693,"e","true",NA,NA,NA,NA,"phase_015_subj_7"
12377,76,12,"<p style=""color:white; font-size: 35px;"">黑心</p>","negative","moral","黑心",2,669,669,"e","true",NA,NA,NA,NA,"phase_015_subj_7"
12378,76,13,"<p style=""color:rgb(150, 250, 100); font-size: 35px;"">他人</p>","other","moral","他人",3,853,853,"e","true",NA,NA,NA,NA,"phase_015_subj_7"
12379,76,13,"<p style=""color:white; font-size: 35px;"">君子</p>","positive","moral","君子",3,757,757,"i","true",NA,NA,NA,NA,"phase_015_subj_7"
12380,76,13,"<p style=""color:rgb(150, 250, 100); font-size: 35px;"">我的</p>","self","moral","我的",3,701,701,"i","true",NA,NA,NA,NA,"phase_015_subj_7"
12381,76,13,"<p style=""color:white; font-size: 35px;"">不孝</p>","negative","moral","不孝",3,707,707,"e","true",NA,NA,NA,NA,"phase_015_subj_7"
12382,76,13,"<p style=""color:rgb(150, 250, 100); font-size: 35px;"">他的</p>","other","moral","他的",3,763,763,"e","true",NA,NA,NA,NA,"phase_015_subj_7"
12383,76,13,"<p style=""color:white; font-size: 35px;"">黑心</p>","negative","moral","黑心",3,669,669,"e","true",NA,NA,NA,NA,"phase_015_subj_7"
12384,76,13,"<p style=""color:rgb(150, 250, 100); font-size: 35px;"">本人</p>","self","moral","本人",3,725,725,"i","true",NA,NA,NA,NA,"phase_015_subj_7"
12385,76,13,"<p style=""color:white; font-size: 35px;"">诚信</p>","positive","moral","诚信",3,734,734,"i","true",NA,NA,NA,NA,"phase_015_subj_7"
12386,76,13,"<p style=""color:rgb(150, 250, 100); font-size: 35px;"">别人</p>","other","moral","别人",3,736,736,"e","true",NA,NA,NA,NA,"phase_015_subj_7"
12387,76,13,"<p style=""color:white; font-size: 35px;"">缺德</p>","negative","moral","缺德",3,637,637,"e","true",NA,NA,NA,NA,"phase_015_subj_7"
12388,76,13,"<p style=""color:rgb(150, 250, 100); font-size: 35px;"">自己</p>","self","moral","自己",3,701,701,"i","true",NA,NA,NA,NA,"phase_015_subj_7"
12389,76,13,"<p style=""color:white; font-size: 35px;"">廉正</p>","positive","moral","廉正",3,614,614,"i","true",NA,NA,NA,NA,"phase_015_subj_7"
12390,76,13,"<p style=""color:rgb(150, 250, 100); font-size: 35px;"">别人的</p>","other","moral","别人的",3,678,678,"e","true",NA,NA,NA,NA,"phase_015_subj_7"
12391,76,13,"<p style=""color:white; font-size: 35px;"">小人</p>","negative","moral","小人",3,695,695,"e","true",NA,NA,NA,NA,"phase_015_subj_7"
12392,76,13,"<p style=""color:rgb(150, 250, 100); font-size: 35px;"">本人的</p>","self","moral","本人的",3,768,768,"i","true",NA,NA,NA,NA,"phase_015_subj_7"
12393,76,13,"<p style=""color:white; font-size: 35px;"">正直</p>","positive","moral","正直",3,726,726,"i","true",NA,NA,NA,NA,"phase_015_subj_7"
12394,76,13,"<p style=""color:rgb(150, 250, 100); font-size: 35px;"">自己的</p>","self","moral","自己的",3,718,718,"i","true",NA,NA,NA,NA,"phase_015_subj_7"
12395,76,13,"<p style=""color:white; font-size: 35px;"">不仁</p>","negative","moral","不仁",3,947,947,"e","true",NA,NA,NA,NA,"phase_015_subj_7"
12396,76,13,"<p style=""color:rgb(150, 250, 100); font-size: 35px;"">他人的</p>","other","moral","他人的",3,593,593,"e","true",NA,NA,NA,NA,"phase_015_subj_7"
12397,76,13,"<p style=""color:white; font-size: 35px;"">善良</p>","positive","moral","善良",3,702,702,"i","true",NA,NA,NA,NA,"phase_015_subj_7"
12398,76,13,"<p style=""color:rgb(150, 250, 100); font-size: 35px;"">我</p>","self","moral","我",3,591,591,"i","true",NA,NA,NA,NA,"phase_015_subj_7"
12399,76,13,"<p style=""color:white; font-size: 35px;"">卑鄙</p>","negative","moral","卑鄙",3,677,677,"e","true",NA,NA,NA,NA,"phase_015_subj_7"
12400,76,13,"<p style=""color:rgb(150, 250, 100); font-size: 35px;"">他</p>","other","moral","他",3,551,551,"e","true",NA,NA,NA,NA,"phase_015_subj_7"
12401,76,13,"<p style=""color:white; font-size: 35px;"">高尚</p>","positive","moral","高尚",3,696,696,"i","true",NA,NA,NA,NA,"phase_015_subj_7"
12402,76,14,"<p style=""color:rgb(150, 250, 100); font-size: 35px;"">他人的</p>","other","moral","他人的",4,728,728,"e","true",NA,NA,NA,NA,"phase_015_subj_7"
12403,76,14,"<p style=""color:white; font-size: 35px;"">诚信</p>","positive","moral","诚信",4,646,646,"i","true",NA,NA,NA,NA,"phase_015_subj_7"
12404,76,14,"<p style=""color:rgb(150, 250, 100); font-size: 35px;"">自己的</p>","self","moral","自己的",4,815,815,"i","true",NA,NA,NA,NA,"phase_015_subj_7"
12405,76,14,"<p style=""color:white; font-size: 35px;"">不仁</p>","negative","moral","不仁",4,648,648,"e","true",NA,NA,NA,NA,"phase_015_subj_7"
12406,76,14,"<p style=""color:rgb(150, 250, 100); font-size: 35px;"">别人的</p>","other","moral","别人的",4,759,759,"e","true",NA,NA,NA,NA,"phase_015_subj_7"
12407,76,14,"<p style=""color:white; font-size: 35px;"">缺德</p>","negative","moral","缺德",4,599,599,"e","true",NA,NA,NA,NA,"phase_015_subj_7"
12408,76,14,"<p style=""color:rgb(150, 250, 100); font-size: 35px;"">我的</p>","self","moral","我的",4,674,674,"i","true",NA,NA,NA,NA,"phase_015_subj_7"
12409,76,14,"<p style=""color:white; font-size: 35px;"">高尚</p>","positive","moral","高尚",4,727,727,"i","true",NA,NA,NA,NA,"phase_015_subj_7"
12410,76,14,"<p style=""color:rgb(150, 250, 100); font-size: 35px;"">他人</p>","other","moral","他人",4,635,635,"e","true",NA,NA,NA,NA,"phase_015_subj_7"
12411,76,14,"<p style=""color:white; font-size: 35px;"">高尚</p>","positive","moral","高尚",4,911,911,"i","true",NA,NA,NA,NA,"phase_015_subj_7"
12412,76,14,"<p style=""color:rgb(150, 250, 100); font-size: 35px;"">我的</p>","self","moral","我的",4,721,721,"i","true",NA,NA,NA,NA,"phase_015_subj_7"
12413,76,14,"<p style=""color:white; font-size: 35px;"">小人</p>","negative","moral","小人",4,741,741,"e","true",NA,NA,NA,NA,"phase_015_subj_7"
12414,76,14,"<p style=""color:rgb(150, 250, 100); font-size: 35px;"">他人的</p>","other","moral","他人的",4,560,560,"e","true",NA,NA,NA,NA,"phase_015_subj_7"
12415,76,14,"<p style=""color:white; font-size: 35px;"">廉正</p>","positive","moral","廉正",4,688,688,"i","true",NA,NA,NA,NA,"phase_015_subj_7"
12416,76,14,"<p style=""color:rgb(150, 250, 100); font-size: 35px;"">本人的</p>","self","moral","本人的",4,671,671,"i","true",NA,NA,NA,NA,"phase_015_subj_7"
12417,76,14,"<p style=""color:white; font-size: 35px;"">不孝</p>","negative","moral","不孝",4,774,774,"e","true",NA,NA,NA,NA,"phase_015_subj_7"
12418,76,14,"<p style=""color:rgb(150, 250, 100); font-size: 35px;"">本人的</p>","self","moral","本人的",4,751,751,"i","true",NA,NA,NA,NA,"phase_015_subj_7"
12419,76,14,"<p style=""color:white; font-size: 35px;"">廉正</p>","positive","moral","廉正",4,671,671,"i","true",NA,NA,NA,NA,"phase_015_subj_7"
12420,76,14,"<p style=""color:rgb(150, 250, 100); font-size: 35px;"">他</p>","other","moral","他",4,720,720,"e","true",NA,NA,NA,NA,"phase_015_subj_7"
12421,76,14,"<p style=""color:white; font-size: 35px;"">不仁</p>","negative","moral","不仁",4,697,697,"e","true",NA,NA,NA,NA,"phase_015_subj_7"
12422,76,14,"<p style=""color:rgb(150, 250, 100); font-size: 35px;"">别人</p>","other","moral","别人",4,639,639,"e","true",NA,NA,NA,NA,"phase_015_subj_7"
12423,76,14,"<p style=""color:white; font-size: 35px;"">小人</p>","negative","moral","小人",4,678,1300.14893617021,"i","false",NA,NA,NA,NA,"phase_015_subj_7"
12424,76,14,"<p style=""color:rgb(150, 250, 100); font-size: 35px;"">我</p>","self","moral","我",4,689,689,"i","true",NA,NA,NA,NA,"phase_015_subj_7"
12425,76,14,"<p style=""color:white; font-size: 35px;"">正直</p>","positive","moral","正直",4,679,679,"i","true",NA,NA,NA,NA,"phase_015_subj_7"
12426,76,14,"<p style=""color:rgb(150, 250, 100); font-size: 35px;"">自己的</p>","self","moral","自己的",4,647,647,"i","true",NA,NA,NA,NA,"phase_015_subj_7"
12427,76,14,"<p style=""color:white; font-size: 35px;"">缺德</p>","negative","moral","缺德",4,648,648,"e","true",NA,NA,NA,NA,"phase_015_subj_7"
12428,76,14,"<p style=""color:rgb(150, 250, 100); font-size: 35px;"">他的</p>","other","moral","他的",4,592,592,"e","true",NA,NA,NA,NA,"phase_015_subj_7"
12429,76,14,"<p style=""color:white; font-size: 35px;"">善良</p>","positive","moral","善良",4,679,679,"i","true",NA,NA,NA,NA,"phase_015_subj_7"
12430,76,14,"<p style=""color:rgb(150, 250, 100); font-size: 35px;"">他</p>","other","moral","他",4,708,708,"e","true",NA,NA,NA,NA,"phase_015_subj_7"
12431,76,14,"<p style=""color:white; font-size: 35px;"">诚信</p>","positive","moral","诚信",4,966,966,"i","true",NA,NA,NA,NA,"phase_015_subj_7"
12432,76,14,"<p style=""color:rgb(150, 250, 100); font-size: 35px;"">本人</p>","self","moral","本人",4,616,616,"i","true",NA,NA,NA,NA,"phase_015_subj_7"
12433,76,14,"<p style=""color:white; font-size: 35px;"">不孝</p>","negative","moral","不孝",4,736,736,"e","true",NA,NA,NA,NA,"phase_015_subj_7"
12434,76,14,"<p style=""color:rgb(150, 250, 100); font-size: 35px;"">自己</p>","self","moral","自己",4,689,689,"i","true",NA,NA,NA,NA,"phase_015_subj_7"
12435,76,14,"<p style=""color:white; font-size: 35px;"">黑心</p>","negative","moral","黑心",4,693,693,"e","true",NA,NA,NA,NA,"phase_015_subj_7"
12436,76,14,"<p style=""color:rgb(150, 250, 100); font-size: 35px;"">别人的</p>","other","moral","别人的",4,734,734,"e","true",NA,NA,NA,NA,"phase_015_subj_7"
12437,76,14,"<p style=""color:white; font-size: 35px;"">君子</p>","positive","moral","君子",4,735,735,"i","true",NA,NA,NA,NA,"phase_015_subj_7"
12438,76,14,"<p style=""color:rgb(150, 250, 100); font-size: 35px;"">别人</p>","other","moral","别人",4,795,795,"e","true",NA,NA,NA,NA,"phase_015_subj_7"
12439,76,14,"<p style=""color:white; font-size: 35px;"">善良</p>","positive","moral","善良",4,767,767,"i","true",NA,NA,NA,NA,"phase_015_subj_7"
12440,76,14,"<p style=""color:rgb(150, 250, 100); font-size: 35px;"">我</p>","self","moral","我",4,563,563,"i","true",NA,NA,NA,NA,"phase_015_subj_7"
12441,76,14,"<p style=""color:white; font-size: 35px;"">卑鄙</p>","negative","moral","卑鄙",4,655,655,"e","true",NA,NA,NA,NA,"phase_015_subj_7"
12442,76,14,"<p style=""color:rgb(150, 250, 100); font-size: 35px;"">自己</p>","self","moral","自己",4,718,718,"i","true",NA,NA,NA,NA,"phase_015_subj_7"
12443,76,14,"<p style=""color:white; font-size: 35px;"">卑鄙</p>","negative","moral","卑鄙",4,896,896,"e","true",NA,NA,NA,NA,"phase_015_subj_7"
12444,76,14,"<p style=""color:rgb(150, 250, 100); font-size: 35px;"">他的</p>","other","moral","他的",4,631,631,"e","true",NA,NA,NA,NA,"phase_015_subj_7"
12445,76,14,"<p style=""color:white; font-size: 35px;"">君子</p>","positive","moral","君子",4,670,670,"i","true",NA,NA,NA,NA,"phase_015_subj_7"
12446,76,14,"<p style=""color:rgb(150, 250, 100); font-size: 35px;"">本人</p>","self","moral","本人",4,629,629,"i","true",NA,NA,NA,NA,"phase_015_subj_7"
12447,76,14,"<p style=""color:white; font-size: 35px;"">正直</p>","positive","moral","正直",4,687,687,"i","true",NA,NA,NA,NA,"phase_015_subj_7"
12448,76,14,"<p style=""color:rgb(150, 250, 100); font-size: 35px;"">他人</p>","other","moral","他人",4,542,542,"e","true",NA,NA,NA,NA,"phase_015_subj_7"
12449,76,14,"<p style=""color:white; font-size: 35px;"">黑心</p>","negative","moral","黑心",4,768,768,"e","true",NA,NA,NA,NA,"phase_015_subj_7"
12450,76,15,"<p style=""color:rgb(150, 250, 100); font-size: 35px;"">本人</p>","self","moral","本人",5,786,786,"e","true",NA,NA,NA,NA,"phase_015_subj_7"
12451,76,15,"<p style=""color:rgb(150, 250, 100); font-size: 35px;"">别人的</p>","other","moral","别人的",5,748,748,"i","true",NA,NA,NA,NA,"phase_015_subj_7"
12452,76,15,"<p style=""color:rgb(150, 250, 100); font-size: 35px;"">我</p>","self","moral","我",5,879,879,"e","true",NA,NA,NA,NA,"phase_015_subj_7"
12453,76,15,"<p style=""color:rgb(150, 250, 100); font-size: 35px;"">他人的</p>","other","moral","他人的",5,692,692,"i","true",NA,NA,NA,NA,"phase_015_subj_7"
12454,76,15,"<p style=""color:rgb(150, 250, 100); font-size: 35px;"">别人</p>","other","moral","别人",5,848,848,"i","true",NA,NA,NA,NA,"phase_015_subj_7"
12455,76,15,"<p style=""color:rgb(150, 250, 100); font-size: 35px;"">本人的</p>","self","moral","本人的",5,744,744,"e","true",NA,NA,NA,NA,"phase_015_subj_7"
12456,76,15,"<p style=""color:rgb(150, 250, 100); font-size: 35px;"">他的</p>","other","moral","他的",5,760,760,"i","true",NA,NA,NA,NA,"phase_015_subj_7"
12457,76,15,"<p style=""color:rgb(150, 250, 100); font-size: 35px;"">本人</p>","self","moral","本人",5,816,816,"e","true",NA,NA,NA,NA,"phase_015_subj_7"
12458,76,15,"<p style=""color:rgb(150, 250, 100); font-size: 35px;"">他的</p>","other","moral","他的",5,813,813,"i","true",NA,NA,NA,NA,"phase_015_subj_7"
12459,76,15,"<p style=""color:rgb(150, 250, 100); font-size: 35px;"">别人</p>","other","moral","别人",5,906,906,"e","false",NA,NA,NA,NA,"phase_015_subj_7"
12460,76,15,"<p style=""color:rgb(150, 250, 100); font-size: 35px;"">他</p>","other","moral","他",5,784,784,"i","true",NA,NA,NA,NA,"phase_015_subj_7"
12461,76,15,"<p style=""color:rgb(150, 250, 100); font-size: 35px;"">他人</p>","other","moral","他人",5,573,573,"i","true",NA,NA,NA,NA,"phase_015_subj_7"
12462,76,15,"<p style=""color:rgb(150, 250, 100); font-size: 35px;"">自己的</p>","self","moral","自己的",5,570,570,"e","true",NA,NA,NA,NA,"phase_015_subj_7"
12463,76,15,"<p style=""color:rgb(150, 250, 100); font-size: 35px;"">我</p>","self","moral","我",5,647,647,"e","true",NA,NA,NA,NA,"phase_015_subj_7"
12464,76,15,"<p style=""color:rgb(150, 250, 100); font-size: 35px;"">他</p>","other","moral","他",5,616,616,"i","true",NA,NA,NA,NA,"phase_015_subj_7"
12465,76,15,"<p style=""color:rgb(150, 250, 100); font-size: 35px;"">自己的</p>","self","moral","自己的",5,608,608,"e","true",NA,NA,NA,NA,"phase_015_subj_7"
12466,76,15,"<p style=""color:rgb(150, 250, 100); font-size: 35px;"">自己</p>","self","moral","自己",5,613,613,"e","true",NA,NA,NA,NA,"phase_015_subj_7"
12467,76,15,"<p style=""color:rgb(150, 250, 100); font-size: 35px;"">本人的</p>","self","moral","本人的",5,683,683,"e","true",NA,NA,NA,NA,"phase_015_subj_7"
12468,76,15,"<p style=""color:rgb(150, 250, 100); font-size: 35px;"">他人的</p>","other","moral","他人的",5,561,561,"i","true",NA,NA,NA,NA,"phase_015_subj_7"
12469,76,15,"<p style=""color:rgb(150, 250, 100); font-size: 35px;"">我的</p>","self","moral","我的",5,657,657,"e","true",NA,NA,NA,NA,"phase_015_subj_7"
12470,76,15,"<p style=""color:rgb(150, 250, 100); font-size: 35px;"">别人的</p>","other","moral","别人的",5,688,688,"i","true",NA,NA,NA,NA,"phase_015_subj_7"
12471,76,15,"<p style=""color:rgb(150, 250, 100); font-size: 35px;"">他人</p>","other","moral","他人",5,791,791,"i","true",NA,NA,NA,NA,"phase_015_subj_7"
12472,76,15,"<p style=""color:rgb(150, 250, 100); font-size: 35px;"">我的</p>","self","moral","我的",5,647,647,"e","true",NA,NA,NA,NA,"phase_015_subj_7"
12473,76,15,"<p style=""color:rgb(150, 250, 100); font-size: 35px;"">自己</p>","self","moral","自己",5,631,631,"e","true",NA,NA,NA,NA,"phase_015_subj_7"
12474,76,16,"<p style=""color:white; font-size: 35px;"">善良</p>","positive","moral","善良",6,887,887,"i","true",NA,NA,NA,NA,"phase_015_subj_7"
12475,76,16,"<p style=""color:rgb(150, 250, 100); font-size: 35px;"">本人</p>","self","moral","本人",6,923,923,"e","true",NA,NA,NA,NA,"phase_015_subj_7"
12476,76,16,"<p style=""color:white; font-size: 35px;"">黑心</p>","negative","moral","黑心",6,1110,1110,"e","true",NA,NA,NA,NA,"phase_015_subj_7"
12477,76,16,"<p style=""color:rgb(150, 250, 100); font-size: 35px;"">他</p>","other","moral","他",6,921,921,"i","true",NA,NA,NA,NA,"phase_015_subj_7"
12478,76,16,"<p style=""color:white; font-size: 35px;"">高尚</p>","positive","moral","高尚",6,798,798,"i","true",NA,NA,NA,NA,"phase_015_subj_7"
12479,76,16,"<p style=""color:rgb(150, 250, 100); font-size: 35px;"">他的</p>","other","moral","他的",6,966,966,"i","true",NA,NA,NA,NA,"phase_015_subj_7"
12480,76,16,"<p style=""color:white; font-size: 35px;"">卑鄙</p>","negative","moral","卑鄙",6,779,779,"e","true",NA,NA,NA,NA,"phase_015_subj_7"
12481,76,16,"<p style=""color:rgb(150, 250, 100); font-size: 35px;"">我的</p>","self","moral","我的",6,645,645,"e","true",NA,NA,NA,NA,"phase_015_subj_7"
12482,76,16,"<p style=""color:white; font-size: 35px;"">小人</p>","negative","moral","小人",6,1109,1109,"e","true",NA,NA,NA,NA,"phase_015_subj_7"
12483,76,16,"<p style=""color:rgb(150, 250, 100); font-size: 35px;"">他人的</p>","other","moral","他人的",6,835,835,"i","true",NA,NA,NA,NA,"phase_015_subj_7"
12484,76,16,"<p style=""color:white; font-size: 35px;"">诚信</p>","positive","moral","诚信",6,607,607,"i","true",NA,NA,NA,NA,"phase_015_subj_7"
12485,76,16,"<p style=""color:rgb(150, 250, 100); font-size: 35px;"">我</p>","self","moral","我",6,799,799,"e","true",NA,NA,NA,NA,"phase_015_subj_7"
12486,76,16,"<p style=""color:white; font-size: 35px;"">廉正</p>","positive","moral","廉正",6,743,743,"i","true",NA,NA,NA,NA,"phase_015_subj_7"
12487,76,16,"<p style=""color:rgb(150, 250, 100); font-size: 35px;"">本人的</p>","self","moral","本人的",6,783,783,"e","true",NA,NA,NA,NA,"phase_015_subj_7"
12488,76,16,"<p style=""color:white; font-size: 35px;"">缺德</p>","negative","moral","缺德",6,583,583,"e","true",NA,NA,NA,NA,"phase_015_subj_7"
12489,76,16,"<p style=""color:rgb(150, 250, 100); font-size: 35px;"">别人的</p>","other","moral","别人的",6,820,820,"i","true",NA,NA,NA,NA,"phase_015_subj_7"
12490,76,16,"<p style=""color:white; font-size: 35px;"">君子</p>","positive","moral","君子",6,574,574,"i","true",NA,NA,NA,NA,"phase_015_subj_7"
12491,76,16,"<p style=""color:rgb(150, 250, 100); font-size: 35px;"">自己</p>","self","moral","自己",6,864,864,"e","true",NA,NA,NA,NA,"phase_015_subj_7"
12492,76,16,"<p style=""color:white; font-size: 35px;"">不仁</p>","negative","moral","不仁",6,594,594,"e","true",NA,NA,NA,NA,"phase_015_subj_7"
12493,76,16,"<p style=""color:rgb(150, 250, 100); font-size: 35px;"">他人</p>","other","moral","他人",6,624,624,"i","true",NA,NA,NA,NA,"phase_015_subj_7"
12494,76,16,"<p style=""color:white; font-size: 35px;"">正直</p>","positive","moral","正直",6,470,470,"i","true",NA,NA,NA,NA,"phase_015_subj_7"
12495,76,16,"<p style=""color:rgb(150, 250, 100); font-size: 35px;"">自己的</p>","self","moral","自己的",6,825,825,"e","true",NA,NA,NA,NA,"phase_015_subj_7"
12496,76,16,"<p style=""color:white; font-size: 35px;"">不孝</p>","negative","moral","不孝",6,547,547,"e","true",NA,NA,NA,NA,"phase_015_subj_7"
12497,76,16,"<p style=""color:rgb(150, 250, 100); font-size: 35px;"">别人</p>","other","moral","别人",6,700,700,"i","true",NA,NA,NA,NA,"phase_015_subj_7"
12498,76,17,"<p style=""color:white; font-size: 35px;"">黑心</p>","negative","moral","黑心",7,767,767,"e","true",NA,NA,NA,NA,"phase_015_subj_7"
12499,76,17,"<p style=""color:rgb(150, 250, 100); font-size: 35px;"">别人的</p>","other","moral","别人的",7,685,685,"i","true",NA,NA,NA,NA,"phase_015_subj_7"
12500,76,17,"<p style=""color:white; font-size: 35px;"">高尚</p>","positive","moral","高尚",7,913,913,"i","true",NA,NA,NA,NA,"phase_015_subj_7"
12501,76,17,"<p style=""color:rgb(150, 250, 100); font-size: 35px;"">自己</p>","self","moral","自己",7,766,766,"e","true",NA,NA,NA,NA,"phase_015_subj_7"
12502,76,17,"<p style=""color:white; font-size: 35px;"">善良</p>","positive","moral","善良",7,878,878,"i","true",NA,NA,NA,NA,"phase_015_subj_7"
12503,76,17,"<p style=""color:rgb(150, 250, 100); font-size: 35px;"">他人</p>","other","moral","他人",7,541,541,"i","true",NA,NA,NA,NA,"phase_015_subj_7"
12504,76,17,"<p style=""color:white; font-size: 35px;"">不孝</p>","negative","moral","不孝",7,654,654,"e","true",NA,NA,NA,NA,"phase_015_subj_7"
12505,76,17,"<p style=""color:rgb(150, 250, 100); font-size: 35px;"">自己的</p>","self","moral","自己的",7,556,556,"e","true",NA,NA,NA,NA,"phase_015_subj_7"
12506,76,17,"<p style=""color:white; font-size: 35px;"">小人</p>","negative","moral","小人",7,897,897,"e","true",NA,NA,NA,NA,"phase_015_subj_7"
12507,76,17,"<p style=""color:rgb(150, 250, 100); font-size: 35px;"">别人</p>","other","moral","别人",7,679,679,"i","true",NA,NA,NA,NA,"phase_015_subj_7"
12508,76,17,"<p style=""color:white; font-size: 35px;"">诚信</p>","positive","moral","诚信",7,1188,1188,"i","true",NA,NA,NA,NA,"phase_015_subj_7"
12509,76,17,"<p style=""color:rgb(150, 250, 100); font-size: 35px;"">自己</p>","self","moral","自己",7,832,832,"e","true",NA,NA,NA,NA,"phase_015_subj_7"
12510,76,17,"<p style=""color:white; font-size: 35px;"">缺德</p>","negative","moral","缺德",7,716,716,"e","true",NA,NA,NA,NA,"phase_015_subj_7"
12511,76,17,"<p style=""color:rgb(150, 250, 100); font-size: 35px;"">别人的</p>","other","moral","别人的",7,993,993,"i","true",NA,NA,NA,NA,"phase_015_subj_7"
12512,76,17,"<p style=""color:white; font-size: 35px;"">善良</p>","positive","moral","善良",7,879,879,"i","true",NA,NA,NA,NA,"phase_015_subj_7"
12513,76,17,"<p style=""color:rgb(150, 250, 100); font-size: 35px;"">本人的</p>","self","moral","本人的",7,850,850,"e","true",NA,NA,NA,NA,"phase_015_subj_7"
12514,76,17,"<p style=""color:white; font-size: 35px;"">不仁</p>","negative","moral","不仁",7,582,582,"e","true",NA,NA,NA,NA,"phase_015_subj_7"
12515,76,17,"<p style=""color:rgb(150, 250, 100); font-size: 35px;"">我</p>","self","moral","我",7,722,722,"e","true",NA,NA,NA,NA,"phase_015_subj_7"
12516,76,17,"<p style=""color:white; font-size: 35px;"">高尚</p>","positive","moral","高尚",7,675,675,"i","true",NA,NA,NA,NA,"phase_015_subj_7"
12517,76,17,"<p style=""color:rgb(150, 250, 100); font-size: 35px;"">别人</p>","other","moral","别人",7,620,1375.02127659574,"e","false",NA,NA,NA,NA,"phase_015_subj_7"
12518,76,17,"<p style=""color:white; font-size: 35px;"">不仁</p>","negative","moral","不仁",7,1086,1086,"e","true",NA,NA,NA,NA,"phase_015_subj_7"
12519,76,17,"<p style=""color:rgb(150, 250, 100); font-size: 35px;"">本人的</p>","self","moral","本人的",7,768,768,"e","true",NA,NA,NA,NA,"phase_015_subj_7"
12520,76,17,"<p style=""color:white; font-size: 35px;"">君子</p>","positive","moral","君子",7,711,711,"i","true",NA,NA,NA,NA,"phase_015_subj_7"
12521,76,17,"<p style=""color:rgb(150, 250, 100); font-size: 35px;"">他人的</p>","other","moral","他人的",7,501,501,"i","true",NA,NA,NA,NA,"phase_015_subj_7"
12522,76,17,"<p style=""color:white; font-size: 35px;"">正直</p>","positive","moral","正直",7,691,691,"i","true",NA,NA,NA,NA,"phase_015_subj_7"
12523,76,17,"<p style=""color:rgb(150, 250, 100); font-size: 35px;"">他人的</p>","other","moral","他人的",7,564,564,"i","true",NA,NA,NA,NA,"phase_015_subj_7"
12524,76,17,"<p style=""color:white; font-size: 35px;"">缺德</p>","negative","moral","缺德",7,719,719,"e","true",NA,NA,NA,NA,"phase_015_subj_7"
12525,76,17,"<p style=""color:rgb(150, 250, 100); font-size: 35px;"">我的</p>","self","moral","我的",7,553,553,"e","true",NA,NA,NA,NA,"phase_015_subj_7"
12526,76,17,"<p style=""color:white; font-size: 35px;"">正直</p>","positive","moral","正直",7,782,782,"i","true",NA,NA,NA,NA,"phase_015_subj_7"
12527,76,17,"<p style=""color:rgb(150, 250, 100); font-size: 35px;"">他</p>","other","moral","他",7,540,540,"i","true",NA,NA,NA,NA,"phase_015_subj_7"
12528,76,17,"<p style=""color:white; font-size: 35px;"">卑鄙</p>","negative","moral","卑鄙",7,806,806,"e","true",NA,NA,NA,NA,"phase_015_subj_7"
12529,76,17,"<p style=""color:rgb(150, 250, 100); font-size: 35px;"">我的</p>","self","moral","我的",7,566,566,"e","true",NA,NA,NA,NA,"phase_015_subj_7"
12530,76,17,"<p style=""color:white; font-size: 35px;"">小人</p>","negative","moral","小人",7,1087,1087,"e","true",NA,NA,NA,NA,"phase_015_subj_7"
12531,76,17,"<p style=""color:rgb(150, 250, 100); font-size: 35px;"">他</p>","other","moral","他",7,993,993,"i","true",NA,NA,NA,NA,"phase_015_subj_7"
12532,76,17,"<p style=""color:white; font-size: 35px;"">君子</p>","positive","moral","君子",7,1998,1998,"i","true",NA,NA,NA,NA,"phase_015_subj_7"
12533,76,17,"<p style=""color:rgb(150, 250, 100); font-size: 35px;"">本人</p>","self","moral","本人",7,749,749,"e","true",NA,NA,NA,NA,"phase_015_subj_7"
12534,76,17,"<p style=""color:white; font-size: 35px;"">不孝</p>","negative","moral","不孝",7,993,993,"e","true",NA,NA,NA,NA,"phase_015_subj_7"
12535,76,17,"<p style=""color:rgb(150, 250, 100); font-size: 35px;"">自己的</p>","self","moral","自己的",7,934,934,"e","true",NA,NA,NA,NA,"phase_015_subj_7"
12536,76,17,"<p style=""color:white; font-size: 35px;"">廉正</p>","positive","moral","廉正",7,721,721,"i","true",NA,NA,NA,NA,"phase_015_subj_7"
12537,76,17,"<p style=""color:rgb(150, 250, 100); font-size: 35px;"">他的</p>","other","moral","他的",7,500,500,"i","true",NA,NA,NA,NA,"phase_015_subj_7"
12538,76,17,"<p style=""color:white; font-size: 35px;"">诚信</p>","positive","moral","诚信",7,790,790,"i","true",NA,NA,NA,NA,"phase_015_subj_7"
12539,76,17,"<p style=""color:rgb(150, 250, 100); font-size: 35px;"">我</p>","self","moral","我",7,680,680,"e","true",NA,NA,NA,NA,"phase_015_subj_7"
12540,76,17,"<p style=""color:white; font-size: 35px;"">卑鄙</p>","negative","moral","卑鄙",7,727,727,"e","true",NA,NA,NA,NA,"phase_015_subj_7"
12541,76,17,"<p style=""color:rgb(150, 250, 100); font-size: 35px;"">他的</p>","other","moral","他的",7,775,775,"i","true",NA,NA,NA,NA,"phase_015_subj_7"
12542,76,17,"<p style=""color:white; font-size: 35px;"">廉正</p>","positive","moral","廉正",7,551,551,"i","true",NA,NA,NA,NA,"phase_015_subj_7"
12543,76,17,"<p style=""color:rgb(150, 250, 100); font-size: 35px;"">他人</p>","other","moral","他人",7,639,639,"i","true",NA,NA,NA,NA,"phase_015_subj_7"
12544,76,17,"<p style=""color:white; font-size: 35px;"">黑心</p>","negative","moral","黑心",7,659,659,"e","true",NA,NA,NA,NA,"phase_015_subj_7"
12545,76,17,"<p style=""color:rgb(150, 250, 100); font-size: 35px;"">本人</p>","self","moral","本人",7,570,570,"e","true",NA,NA,NA,NA,"phase_015_subj_7"
12546,76,NA,"
    <h3>词语分类任务</h3>
    <p>在接下来的任务中，你需要对一系列词语进行分类。</p>
    <p>请先熟悉这些词语，这有利于你完成接下来的任务。</p>
    <table align=""center"" border=1 cellpadding=3 cellspacing=0>
    <tr> <th>类别</th> <th>词语</th> </tr>
    <tr> <td>&emsp;积极&emsp;</td> <td>&emsp;能干、全能、全才、高效、精干、天才&emsp;</td> </tr>
    <tr> <td>&emsp;消极&emsp;</td> <td>&emsp;无能、低能、废物、拙笨、愚钝、蠢笨&emsp;</td> </tr>
    <tr> <td>&emsp;自我&emsp;</td> <td>&emsp;我、我的、自己、自己的、本人、本人的&emsp;</td> </tr>
    <tr> <td>&emsp;他人&emsp;</td> <td>&emsp;他、他的、别人、别人的、他人、他人的&emsp;</td> </tr>
    </table><br/>","","","",NA,10670,NA,"0","",1,1,NA,NA,"phase_015_subj_7"
12547,76,1,"<p style=""color:rgb(150, 250, 100); font-size: 35px;"">本人的</p>","self","ability","本人的",1,825,825,"e","true",NA,NA,NA,NA,"phase_015_subj_7"
12548,76,1,"<p style=""color:rgb(150, 250, 100); font-size: 35px;"">他人的</p>","other","ability","他人的",1,783,783,"i","true",NA,NA,NA,NA,"phase_015_subj_7"
12549,76,1,"<p style=""color:rgb(150, 250, 100); font-size: 35px;"">本人</p>","self","ability","本人",1,743,743,"e","true",NA,NA,NA,NA,"phase_015_subj_7"
12550,76,1,"<p style=""color:rgb(150, 250, 100); font-size: 35px;"">别人的</p>","other","ability","别人的",1,771,771,"i","true",NA,NA,NA,NA,"phase_015_subj_7"
12551,76,1,"<p style=""color:rgb(150, 250, 100); font-size: 35px;"">他人</p>","other","ability","他人",1,743,743,"i","true",NA,NA,NA,NA,"phase_015_subj_7"
12552,76,1,"<p style=""color:rgb(150, 250, 100); font-size: 35px;"">他</p>","other","ability","他",1,658,658,"i","true",NA,NA,NA,NA,"phase_015_subj_7"
12553,76,1,"<p style=""color:rgb(150, 250, 100); font-size: 35px;"">自己的</p>","self","ability","自己的",1,615,615,"e","true",NA,NA,NA,NA,"phase_015_subj_7"
12554,76,1,"<p style=""color:rgb(150, 250, 100); font-size: 35px;"">我</p>","self","ability","我",1,757,757,"e","true",NA,NA,NA,NA,"phase_015_subj_7"
12555,76,1,"<p style=""color:rgb(150, 250, 100); font-size: 35px;"">自己</p>","self","ability","自己",1,647,647,"e","true",NA,NA,NA,NA,"phase_015_subj_7"
12556,76,1,"<p style=""color:rgb(150, 250, 100); font-size: 35px;"">他的</p>","other","ability","他的",1,615,615,"i","true",NA,NA,NA,NA,"phase_015_subj_7"
12557,76,1,"<p style=""color:rgb(150, 250, 100); font-size: 35px;"">我的</p>","self","ability","我的",1,702,702,"e","true",NA,NA,NA,NA,"phase_015_subj_7"
12558,76,1,"<p style=""color:rgb(150, 250, 100); font-size: 35px;"">别人</p>","other","ability","别人",1,855,855,"i","true",NA,NA,NA,NA,"phase_015_subj_7"
12559,76,2,"<p style=""color:white; font-size: 35px;"">全才</p>","positive","ability","全才",2,703,703,"e","true",NA,NA,NA,NA,"phase_015_subj_7"
12560,76,2,"<p style=""color:white; font-size: 35px;"">无能</p>","negative","ability","无能",2,738,738,"i","true",NA,NA,NA,NA,"phase_015_subj_7"
12561,76,2,"<p style=""color:white; font-size: 35px;"">能干</p>","positive","ability","能干",2,599,599,"e","true",NA,NA,NA,NA,"phase_015_subj_7"
12562,76,2,"<p style=""color:white; font-size: 35px;"">高效</p>","positive","ability","高效",2,757,757,"e","true",NA,NA,NA,NA,"phase_015_subj_7"
12563,76,2,"<p style=""color:white; font-size: 35px;"">拙笨</p>","negative","ability","拙笨",2,593,593,"i","true",NA,NA,NA,NA,"phase_015_subj_7"
12564,76,2,"<p style=""color:white; font-size: 35px;"">天才</p>","positive","ability","天才",2,799,799,"e","true",NA,NA,NA,NA,"phase_015_subj_7"
12565,76,2,"<p style=""color:white; font-size: 35px;"">蠢笨</p>","negative","ability","蠢笨",2,649,649,"i","true",NA,NA,NA,NA,"phase_015_subj_7"
12566,76,2,"<p style=""color:white; font-size: 35px;"">废物</p>","negative","ability","废物",2,700,700,"i","true",NA,NA,NA,NA,"phase_015_subj_7"
12567,76,2,"<p style=""color:white; font-size: 35px;"">愚钝</p>","negative","ability","愚钝",2,593,593,"i","true",NA,NA,NA,NA,"phase_015_subj_7"
12568,76,2,"<p style=""color:white; font-size: 35px;"">低能</p>","negative","ability","低能",2,599,599,"i","true",NA,NA,NA,NA,"phase_015_subj_7"
12569,76,2,"<p style=""color:white; font-size: 35px;"">精干</p>","positive","ability","精干",2,672,672,"e","true",NA,NA,NA,NA,"phase_015_subj_7"
12570,76,2,"<p style=""color:white; font-size: 35px;"">全能</p>","positive","ability","全能",2,631,631,"e","true",NA,NA,NA,NA,"phase_015_subj_7"
12571,76,3,"<p style=""color:rgb(150, 250, 100); font-size: 35px;"">别人的</p>","other","ability","别人的",3,744,744,"i","true",NA,NA,NA,NA,"phase_015_subj_7"
12572,76,3,"<p style=""color:white; font-size: 35px;"">废物</p>","negative","ability","废物",3,622,622,"i","true",NA,NA,NA,NA,"phase_015_subj_7"
12573,76,3,"<p style=""color:rgb(150, 250, 100); font-size: 35px;"">我的</p>","self","ability","我的",3,701,701,"e","true",NA,NA,NA,NA,"phase_015_subj_7"
12574,76,3,"<p style=""color:white; font-size: 35px;"">精干</p>","positive","ability","精干",3,534,534,"e","true",NA,NA,NA,NA,"phase_015_subj_7"
12575,76,3,"<p style=""color:rgb(150, 250, 100); font-size: 35px;"">他的</p>","other","ability","他的",3,718,718,"i","true",NA,NA,NA,NA,"phase_015_subj_7"
12576,76,3,"<p style=""color:white; font-size: 35px;"">低能</p>","negative","ability","低能",3,608,608,"i","true",NA,NA,NA,NA,"phase_015_subj_7"
12577,76,3,"<p style=""color:rgb(150, 250, 100); font-size: 35px;"">本人的</p>","self","ability","本人的",3,687,687,"e","true",NA,NA,NA,NA,"phase_015_subj_7"
12578,76,3,"<p style=""color:white; font-size: 35px;"">天才</p>","positive","ability","天才",3,536,536,"e","true",NA,NA,NA,NA,"phase_015_subj_7"
12579,76,3,"<p style=""color:rgb(150, 250, 100); font-size: 35px;"">他</p>","other","ability","他",3,706,706,"i","true",NA,NA,NA,NA,"phase_015_subj_7"
12580,76,3,"<p style=""color:white; font-size: 35px;"">全能</p>","positive","ability","全能",3,819,819,"e","true",NA,NA,NA,NA,"phase_015_subj_7"
12581,76,3,"<p style=""color:rgb(150, 250, 100); font-size: 35px;"">自己的</p>","self","ability","自己的",3,768,768,"e","true",NA,NA,NA,NA,"phase_015_subj_7"
12582,76,3,"<p style=""color:white; font-size: 35px;"">无能</p>","negative","ability","无能",3,672,672,"i","true",NA,NA,NA,NA,"phase_015_subj_7"
12583,76,3,"<p style=""color:rgb(150, 250, 100); font-size: 35px;"">他人</p>","other","ability","他人",3,702,702,"i","true",NA,NA,NA,NA,"phase_015_subj_7"
12584,76,3,"<p style=""color:white; font-size: 35px;"">能干</p>","positive","ability","能干",3,803,803,"e","true",NA,NA,NA,NA,"phase_015_subj_7"
12585,76,3,"<p style=""color:rgb(150, 250, 100); font-size: 35px;"">我</p>","self","ability","我",3,615,615,"e","true",NA,NA,NA,NA,"phase_015_subj_7"
12586,76,3,"<p style=""color:white; font-size: 35px;"">蠢笨</p>","negative","ability","蠢笨",3,727,727,"i","true",NA,NA,NA,NA,"phase_015_subj_7"
12587,76,3,"<p style=""color:rgb(150, 250, 100); font-size: 35px;"">自己</p>","self","ability","自己",3,644,644,"e","true",NA,NA,NA,NA,"phase_015_subj_7"
12588,76,3,"<p style=""color:white; font-size: 35px;"">愚钝</p>","negative","ability","愚钝",3,616,616,"i","true",NA,NA,NA,NA,"phase_015_subj_7"
12589,76,3,"<p style=""color:rgb(150, 250, 100); font-size: 35px;"">他人的</p>","other","ability","他人的",3,760,760,"i","true",NA,NA,NA,NA,"phase_015_subj_7"
12590,76,3,"<p style=""color:white; font-size: 35px;"">全才</p>","positive","ability","全才",3,735,735,"e","true",NA,NA,NA,NA,"phase_015_subj_7"
12591,76,3,"<p style=""color:rgb(150, 250, 100); font-size: 35px;"">别人</p>","other","ability","别人",3,772,772,"i","true",NA,NA,NA,NA,"phase_015_subj_7"
12592,76,3,"<p style=""color:white; font-size: 35px;"">高效</p>","positive","ability","高效",3,887,887,"e","true",NA,NA,NA,NA,"phase_015_subj_7"
12593,76,3,"<p style=""color:rgb(150, 250, 100); font-size: 35px;"">本人</p>","self","ability","本人",3,588,588,"e","true",NA,NA,NA,NA,"phase_015_subj_7"
12594,76,3,"<p style=""color:white; font-size: 35px;"">拙笨</p>","negative","ability","拙笨",3,598,598,"i","true",NA,NA,NA,NA,"phase_015_subj_7"
12595,76,4,"<p style=""color:rgb(150, 250, 100); font-size: 35px;"">别人</p>","other","ability","别人",4,912,912,"i","true",NA,NA,NA,NA,"phase_015_subj_7"
12596,76,4,"<p style=""color:white; font-size: 35px;"">天才</p>","positive","ability","天才",4,779,779,"e","true",NA,NA,NA,NA,"phase_015_subj_7"
12597,76,4,"<p style=""color:rgb(150, 250, 100); font-size: 35px;"">我</p>","self","ability","我",4,643,643,"e","true",NA,NA,NA,NA,"phase_015_subj_7"
12598,76,4,"<p style=""color:white; font-size: 35px;"">愚钝</p>","negative","ability","愚钝",4,741,741,"i","true",NA,NA,NA,NA,"phase_015_subj_7"
12599,76,4,"<p style=""color:rgb(150, 250, 100); font-size: 35px;"">别人</p>","other","ability","别人",4,625,625,"i","true",NA,NA,NA,NA,"phase_015_subj_7"
12600,76,4,"<p style=""color:white; font-size: 35px;"">低能</p>","negative","ability","低能",4,655,655,"i","true",NA,NA,NA,NA,"phase_015_subj_7"
12601,76,4,"<p style=""color:rgb(150, 250, 100); font-size: 35px;"">我</p>","self","ability","我",4,656,656,"e","true",NA,NA,NA,NA,"phase_015_subj_7"
12602,76,4,"<p style=""color:white; font-size: 35px;"">全能</p>","positive","ability","全能",4,576,576,"e","true",NA,NA,NA,NA,"phase_015_subj_7"
12603,76,4,"<p style=""color:rgb(150, 250, 100); font-size: 35px;"">自己</p>","self","ability","自己",4,522,522,"e","true",NA,NA,NA,NA,"phase_015_subj_7"
12604,76,4,"<p style=""color:white; font-size: 35px;"">全能</p>","positive","ability","全能",4,560,560,"e","true",NA,NA,NA,NA,"phase_015_subj_7"
12605,76,4,"<p style=""color:rgb(150, 250, 100); font-size: 35px;"">他</p>","other","ability","他",4,752,752,"i","true",NA,NA,NA,NA,"phase_015_subj_7"
12606,76,4,"<p style=""color:white; font-size: 35px;"">愚钝</p>","negative","ability","愚钝",4,544,544,"i","true",NA,NA,NA,NA,"phase_015_subj_7"
12607,76,4,"<p style=""color:rgb(150, 250, 100); font-size: 35px;"">自己的</p>","self","ability","自己的",4,624,624,"e","true",NA,NA,NA,NA,"phase_015_subj_7"
12608,76,4,"<p style=""color:white; font-size: 35px;"">能干</p>","positive","ability","能干",4,527,527,"e","true",NA,NA,NA,NA,"phase_015_subj_7"
12609,76,4,"<p style=""color:rgb(150, 250, 100); font-size: 35px;"">别人的</p>","other","ability","别人的",4,631,631,"i","true",NA,NA,NA,NA,"phase_015_subj_7"
12610,76,4,"<p style=""color:white; font-size: 35px;"">拙笨</p>","negative","ability","拙笨",4,528,528,"i","true",NA,NA,NA,NA,"phase_015_subj_7"
12611,76,4,"<p style=""color:rgb(150, 250, 100); font-size: 35px;"">他人</p>","other","ability","他人",4,728,728,"i","true",NA,NA,NA,NA,"phase_015_subj_7"
12612,76,4,"<p style=""color:white; font-size: 35px;"">精干</p>","positive","ability","精干",4,568,568,"e","true",NA,NA,NA,NA,"phase_015_subj_7"
12613,76,4,"<p style=""color:rgb(150, 250, 100); font-size: 35px;"">本人</p>","self","ability","本人",4,768,768,"e","true",NA,NA,NA,NA,"phase_015_subj_7"
12614,76,4,"<p style=""color:white; font-size: 35px;"">拙笨</p>","negative","ability","拙笨",4,604,604,"i","true",NA,NA,NA,NA,"phase_015_subj_7"
12615,76,4,"<p style=""color:rgb(150, 250, 100); font-size: 35px;"">本人的</p>","self","ability","本人的",4,782,782,"e","true",NA,NA,NA,NA,"phase_015_subj_7"
12616,76,4,"<p style=""color:white; font-size: 35px;"">低能</p>","negative","ability","低能",4,823,823,"i","true",NA,NA,NA,NA,"phase_015_subj_7"
12617,76,4,"<p style=""color:rgb(150, 250, 100); font-size: 35px;"">别人的</p>","other","ability","别人的",4,936,936,"i","true",NA,NA,NA,NA,"phase_015_subj_7"
12618,76,4,"<p style=""color:white; font-size: 35px;"">能干</p>","positive","ability","能干",4,867,867,"e","true",NA,NA,NA,NA,"phase_015_subj_7"
12619,76,4,"<p style=""color:rgb(150, 250, 100); font-size: 35px;"">我的</p>","self","ability","我的",4,664,664,"e","true",NA,NA,NA,NA,"phase_015_subj_7"
12620,76,4,"<p style=""color:white; font-size: 35px;"">无能</p>","negative","ability","无能",4,591,591,"i","true",NA,NA,NA,NA,"phase_015_subj_7"
12621,76,4,"<p style=""color:rgb(150, 250, 100); font-size: 35px;"">他人的</p>","other","ability","他人的",4,664,664,"i","true",NA,NA,NA,NA,"phase_015_subj_7"
12622,76,4,"<p style=""color:white; font-size: 35px;"">精干</p>","positive","ability","精干",4,556,556,"e","true",NA,NA,NA,NA,"phase_015_subj_7"
12623,76,4,"<p style=""color:rgb(150, 250, 100); font-size: 35px;"">他的</p>","other","ability","他的",4,798,798,"i","true",NA,NA,NA,NA,"phase_015_subj_7"
12624,76,4,"<p style=""color:white; font-size: 35px;"">高效</p>","positive","ability","高效",4,807,807,"e","true",NA,NA,NA,NA,"phase_015_subj_7"
12625,76,4,"<p style=""color:rgb(150, 250, 100); font-size: 35px;"">自己</p>","self","ability","自己",4,870,870,"e","true",NA,NA,NA,NA,"phase_015_subj_7"
12626,76,4,"<p style=""color:white; font-size: 35px;"">无能</p>","negative","ability","无能",4,558,558,"i","true",NA,NA,NA,NA,"phase_015_subj_7"
12627,76,4,"<p style=""color:rgb(150, 250, 100); font-size: 35px;"">本人的</p>","self","ability","本人的",4,640,640,"e","true",NA,NA,NA,NA,"phase_015_subj_7"
12628,76,4,"<p style=""color:white; font-size: 35px;"">全才</p>","positive","ability","全才",4,541,541,"e","true",NA,NA,NA,NA,"phase_015_subj_7"
12629,76,4,"<p style=""color:rgb(150, 250, 100); font-size: 35px;"">他人</p>","other","ability","他人",4,591,591,"i","true",NA,NA,NA,NA,"phase_015_subj_7"
12630,76,4,"<p style=""color:white; font-size: 35px;"">蠢笨</p>","negative","ability","蠢笨",4,531,531,"i","true",NA,NA,NA,NA,"phase_015_subj_7"
12631,76,4,"<p style=""color:rgb(150, 250, 100); font-size: 35px;"">他人的</p>","other","ability","他人的",4,693,693,"i","true",NA,NA,NA,NA,"phase_015_subj_7"
12632,76,4,"<p style=""color:white; font-size: 35px;"">废物</p>","negative","ability","废物",4,640,640,"i","true",NA,NA,NA,NA,"phase_015_subj_7"
12633,76,4,"<p style=""color:rgb(150, 250, 100); font-size: 35px;"">本人</p>","self","ability","本人",4,736,736,"e","true",NA,NA,NA,NA,"phase_015_subj_7"
12634,76,4,"<p style=""color:white; font-size: 35px;"">天才</p>","positive","ability","天才",4,517,517,"e","true",NA,NA,NA,NA,"phase_015_subj_7"
12635,76,4,"<p style=""color:rgb(150, 250, 100); font-size: 35px;"">我的</p>","self","ability","我的",4,615,615,"e","true",NA,NA,NA,NA,"phase_015_subj_7"
12636,76,4,"<p style=""color:white; font-size: 35px;"">高效</p>","positive","ability","高效",4,623,623,"e","true",NA,NA,NA,NA,"phase_015_subj_7"
12637,76,4,"<p style=""color:rgb(150, 250, 100); font-size: 35px;"">他的</p>","other","ability","他的",4,694,694,"i","true",NA,NA,NA,NA,"phase_015_subj_7"
12638,76,4,"<p style=""color:white; font-size: 35px;"">废物</p>","negative","ability","废物",4,525,525,"i","true",NA,NA,NA,NA,"phase_015_subj_7"
12639,76,4,"<p style=""color:rgb(150, 250, 100); font-size: 35px;"">自己的</p>","self","ability","自己的",4,672,672,"e","true",NA,NA,NA,NA,"phase_015_subj_7"
12640,76,4,"<p style=""color:white; font-size: 35px;"">蠢笨</p>","negative","ability","蠢笨",4,624,624,"i","true",NA,NA,NA,NA,"phase_015_subj_7"
12641,76,4,"<p style=""color:rgb(150, 250, 100); font-size: 35px;"">他</p>","other","ability","他",4,790,790,"i","true",NA,NA,NA,NA,"phase_015_subj_7"
12642,76,4,"<p style=""color:white; font-size: 35px;"">全才</p>","positive","ability","全才",4,838,838,"e","true",NA,NA,NA,NA,"phase_015_subj_7"
12643,76,5,"<p style=""color:rgb(150, 250, 100); font-size: 35px;"">自己</p>","self","ability","自己",5,822,822,"i","true",NA,NA,NA,NA,"phase_015_subj_7"
12644,76,5,"<p style=""color:rgb(150, 250, 100); font-size: 35px;"">别人</p>","other","ability","别人",5,982,982,"e","true",NA,NA,NA,NA,"phase_015_subj_7"
12645,76,5,"<p style=""color:rgb(150, 250, 100); font-size: 35px;"">自己</p>","self","ability","自己",5,759,759,"i","true",NA,NA,NA,NA,"phase_015_subj_7"
12646,76,5,"<p style=""color:rgb(150, 250, 100); font-size: 35px;"">他人的</p>","other","ability","他人的",5,672,672,"e","true",NA,NA,NA,NA,"phase_015_subj_7"
12647,76,5,"<p style=""color:rgb(150, 250, 100); font-size: 35px;"">他的</p>","other","ability","他的",5,681,681,"e","true",NA,NA,NA,NA,"phase_015_subj_7"
12648,76,5,"<p style=""color:rgb(150, 250, 100); font-size: 35px;"">别人的</p>","other","ability","别人的",5,729,729,"e","true",NA,NA,NA,NA,"phase_015_subj_7"
12649,76,5,"<p style=""color:rgb(150, 250, 100); font-size: 35px;"">我的</p>","self","ability","我的",5,613,613,"i","true",NA,NA,NA,NA,"phase_015_subj_7"
12650,76,5,"<p style=""color:rgb(150, 250, 100); font-size: 35px;"">本人</p>","self","ability","本人",5,815,815,"i","true",NA,NA,NA,NA,"phase_015_subj_7"
12651,76,5,"<p style=""color:rgb(150, 250, 100); font-size: 35px;"">自己的</p>","self","ability","自己的",5,720,720,"i","true",NA,NA,NA,NA,"phase_015_subj_7"
12652,76,5,"<p style=""color:rgb(150, 250, 100); font-size: 35px;"">他人</p>","other","ability","他人",5,742,742,"e","true",NA,NA,NA,NA,"phase_015_subj_7"
12653,76,5,"<p style=""color:rgb(150, 250, 100); font-size: 35px;"">自己的</p>","self","ability","自己的",5,670,670,"i","true",NA,NA,NA,NA,"phase_015_subj_7"
12654,76,5,"<p style=""color:rgb(150, 250, 100); font-size: 35px;"">他</p>","other","ability","他",5,626,626,"e","true",NA,NA,NA,NA,"phase_015_subj_7"
12655,76,5,"<p style=""color:rgb(150, 250, 100); font-size: 35px;"">我</p>","self","ability","我",5,683,683,"i","true",NA,NA,NA,NA,"phase_015_subj_7"
12656,76,5,"<p style=""color:rgb(150, 250, 100); font-size: 35px;"">本人的</p>","self","ability","本人的",5,656,656,"i","true",NA,NA,NA,NA,"phase_015_subj_7"
12657,76,5,"<p style=""color:rgb(150, 250, 100); font-size: 35px;"">我的</p>","self","ability","我的",5,625,625,"i","true",NA,NA,NA,NA,"phase_015_subj_7"
12658,76,5,"<p style=""color:rgb(150, 250, 100); font-size: 35px;"">他人的</p>","other","ability","他人的",5,710,710,"e","true",NA,NA,NA,NA,"phase_015_subj_7"
12659,76,5,"<p style=""color:rgb(150, 250, 100); font-size: 35px;"">本人</p>","self","ability","本人",5,671,671,"i","true",NA,NA,NA,NA,"phase_015_subj_7"
12660,76,5,"<p style=""color:rgb(150, 250, 100); font-size: 35px;"">别人</p>","other","ability","别人",5,748,748,"e","true",NA,NA,NA,NA,"phase_015_subj_7"
12661,76,5,"<p style=""color:rgb(150, 250, 100); font-size: 35px;"">本人的</p>","self","ability","本人的",5,629,629,"i","true",NA,NA,NA,NA,"phase_015_subj_7"
12662,76,5,"<p style=""color:rgb(150, 250, 100); font-size: 35px;"">我</p>","self","ability","我",5,697,697,"i","true",NA,NA,NA,NA,"phase_015_subj_7"
12663,76,5,"<p style=""color:rgb(150, 250, 100); font-size: 35px;"">他的</p>","other","ability","他的",5,529,529,"e","true",NA,NA,NA,NA,"phase_015_subj_7"
12664,76,5,"<p style=""color:rgb(150, 250, 100); font-size: 35px;"">他人</p>","other","ability","他人",5,634,634,"e","true",NA,NA,NA,NA,"phase_015_subj_7"
12665,76,5,"<p style=""color:rgb(150, 250, 100); font-size: 35px;"">别人的</p>","other","ability","别人的",5,1236,1236,"e","true",NA,NA,NA,NA,"phase_015_subj_7"
12666,76,5,"<p style=""color:rgb(150, 250, 100); font-size: 35px;"">他</p>","other","ability","他",5,670,670,"e","true",NA,NA,NA,NA,"phase_015_subj_7"
12667,76,6,"<p style=""color:white; font-size: 35px;"">全才</p>","positive","ability","全才",6,2251,2251,"e","true",NA,NA,NA,NA,"phase_015_subj_7"
12668,76,6,"<p style=""color:rgb(150, 250, 100); font-size: 35px;"">自己的</p>","self","ability","自己的",6,757,757,"i","true",NA,NA,NA,NA,"phase_015_subj_7"
12669,76,6,"<p style=""color:white; font-size: 35px;"">低能</p>","negative","ability","低能",6,1193,1193,"i","true",NA,NA,NA,NA,"phase_015_subj_7"
12670,76,6,"<p style=""color:rgb(150, 250, 100); font-size: 35px;"">他</p>","other","ability","他",6,664,664,"e","true",NA,NA,NA,NA,"phase_015_subj_7"
12671,76,6,"<p style=""color:white; font-size: 35px;"">蠢笨</p>","negative","ability","蠢笨",6,738,738,"i","true",NA,NA,NA,NA,"phase_015_subj_7"
12672,76,6,"<p style=""color:rgb(150, 250, 100); font-size: 35px;"">他的</p>","other","ability","他的",6,727,727,"e","true",NA,NA,NA,NA,"phase_015_subj_7"
12673,76,6,"<p style=""color:white; font-size: 35px;"">天才</p>","positive","ability","天才",6,600,600,"e","true",NA,NA,NA,NA,"phase_015_subj_7"
12674,76,6,"<p style=""color:rgb(150, 250, 100); font-size: 35px;"">自己</p>","self","ability","自己",6,720,720,"i","true",NA,NA,NA,NA,"phase_015_subj_7"
12675,76,6,"<p style=""color:white; font-size: 35px;"">高效</p>","positive","ability","高效",6,719,719,"e","true",NA,NA,NA,NA,"phase_015_subj_7"
12676,76,6,"<p style=""color:rgb(150, 250, 100); font-size: 35px;"">他人</p>","other","ability","他人",6,646,646,"e","true",NA,NA,NA,NA,"phase_015_subj_7"
12677,76,6,"<p style=""color:white; font-size: 35px;"">拙笨</p>","negative","ability","拙笨",6,622,622,"i","true",NA,NA,NA,NA,"phase_015_subj_7"
12678,76,6,"<p style=""color:rgb(150, 250, 100); font-size: 35px;"">我的</p>","self","ability","我的",6,535,535,"i","true",NA,NA,NA,NA,"phase_015_subj_7"
12679,76,6,"<p style=""color:white; font-size: 35px;"">全能</p>","positive","ability","全能",6,1246,1396.08695652174,"i","false",NA,NA,NA,NA,"phase_015_subj_7"
12680,76,6,"<p style=""color:rgb(150, 250, 100); font-size: 35px;"">本人的</p>","self","ability","本人的",6,961,961,"i","true",NA,NA,NA,NA,"phase_015_subj_7"
12681,76,6,"<p style=""color:white; font-size: 35px;"">废物</p>","negative","ability","废物",6,630,630,"i","true",NA,NA,NA,NA,"phase_015_subj_7"
12682,76,6,"<p style=""color:rgb(150, 250, 100); font-size: 35px;"">他人的</p>","other","ability","他人的",6,614,614,"e","true",NA,NA,NA,NA,"phase_015_subj_7"
12683,76,6,"<p style=""color:white; font-size: 35px;"">无能</p>","negative","ability","无能",6,794,794,"i","true",NA,NA,NA,NA,"phase_015_subj_7"
12684,76,6,"<p style=""color:rgb(150, 250, 100); font-size: 35px;"">本人</p>","self","ability","本人",6,1001,1001,"i","true",NA,NA,NA,NA,"phase_015_subj_7"
12685,76,6,"<p style=""color:white; font-size: 35px;"">能干</p>","positive","ability","能干",6,639,639,"e","true",NA,NA,NA,NA,"phase_015_subj_7"
12686,76,6,"<p style=""color:rgb(150, 250, 100); font-size: 35px;"">别人</p>","other","ability","别人",6,796,796,"e","true",NA,NA,NA,NA,"phase_015_subj_7"
12687,76,6,"<p style=""color:white; font-size: 35px;"">精干</p>","positive","ability","精干",6,785,785,"e","true",NA,NA,NA,NA,"phase_015_subj_7"
12688,76,6,"<p style=""color:rgb(150, 250, 100); font-size: 35px;"">我</p>","self","ability","我",6,701,701,"i","true",NA,NA,NA,NA,"phase_015_subj_7"
12689,76,6,"<p style=""color:white; font-size: 35px;"">愚钝</p>","negative","ability","愚钝",6,521,521,"i","true",NA,NA,NA,NA,"phase_015_subj_7"
12690,76,6,"<p style=""color:rgb(150, 250, 100); font-size: 35px;"">别人的</p>","other","ability","别人的",6,696,696,"e","true",NA,NA,NA,NA,"phase_015_subj_7"
12691,76,7,"<p style=""color:white; font-size: 35px;"">精干</p>","positive","ability","精干",7,710,710,"e","true",NA,NA,NA,NA,"phase_015_subj_7"
12692,76,7,"<p style=""color:rgb(150, 250, 100); font-size: 35px;"">别人</p>","other","ability","别人",7,578,578,"e","true",NA,NA,NA,NA,"phase_015_subj_7"
12693,76,7,"<p style=""color:white; font-size: 35px;"">无能</p>","negative","ability","无能",7,791,791,"i","true",NA,NA,NA,NA,"phase_015_subj_7"
12694,76,7,"<p style=""color:rgb(150, 250, 100); font-size: 35px;"">本人的</p>","self","ability","本人的",7,571,571,"i","true",NA,NA,NA,NA,"phase_015_subj_7"
12695,76,7,"<p style=""color:white; font-size: 35px;"">低能</p>","negative","ability","低能",7,972,972,"i","true",NA,NA,NA,NA,"phase_015_subj_7"
12696,76,7,"<p style=""color:rgb(150, 250, 100); font-size: 35px;"">自己</p>","self","ability","自己",7,555,555,"i","true",NA,NA,NA,NA,"phase_015_subj_7"
12697,76,7,"<p style=""color:white; font-size: 35px;"">天才</p>","positive","ability","天才",7,832,832,"e","true",NA,NA,NA,NA,"phase_015_subj_7"
12698,76,7,"<p style=""color:rgb(150, 250, 100); font-size: 35px;"">他</p>","other","ability","他",7,494,494,"e","true",NA,NA,NA,NA,"phase_015_subj_7"
12699,76,7,"<p style=""color:white; font-size: 35px;"">蠢笨</p>","negative","ability","蠢笨",7,709,709,"i","true",NA,NA,NA,NA,"phase_015_subj_7"
12700,76,7,"<p style=""color:rgb(150, 250, 100); font-size: 35px;"">他人</p>","other","ability","他人",7,664,664,"e","true",NA,NA,NA,NA,"phase_015_subj_7"
12701,76,7,"<p style=""color:white; font-size: 35px;"">全才</p>","positive","ability","全才",7,720,720,"e","true",NA,NA,NA,NA,"phase_015_subj_7"
12702,76,7,"<p style=""color:rgb(150, 250, 100); font-size: 35px;"">我的</p>","self","ability","我的",7,683,683,"i","true",NA,NA,NA,NA,"phase_015_subj_7"
12703,76,7,"<p style=""color:white; font-size: 35px;"">无能</p>","negative","ability","无能",7,549,549,"i","true",NA,NA,NA,NA,"phase_015_subj_7"
12704,76,7,"<p style=""color:rgb(150, 250, 100); font-size: 35px;"">本人的</p>","self","ability","本人的",7,744,744,"i","true",NA,NA,NA,NA,"phase_015_subj_7"
12705,76,7,"<p style=""color:white; font-size: 35px;"">能干</p>","positive","ability","能干",7,622,622,"e","true",NA,NA,NA,NA,"phase_015_subj_7"
12706,76,7,"<p style=""color:rgb(150, 250, 100); font-size: 35px;"">他</p>","other","ability","他",7,696,696,"e","true",NA,NA,NA,NA,"phase_015_subj_7"
12707,76,7,"<p style=""color:white; font-size: 35px;"">拙笨</p>","negative","ability","拙笨",7,674,674,"i","true",NA,NA,NA,NA,"phase_015_subj_7"
12708,76,7,"<p style=""color:rgb(150, 250, 100); font-size: 35px;"">我</p>","self","ability","我",7,476,476,"i","true",NA,NA,NA,NA,"phase_015_subj_7"
12709,76,7,"<p style=""color:white; font-size: 35px;"">全才</p>","positive","ability","全才",7,670,670,"e","true",NA,NA,NA,NA,"phase_015_subj_7"
12710,76,7,"<p style=""color:rgb(150, 250, 100); font-size: 35px;"">他人的</p>","other","ability","他人的",7,673,673,"e","true",NA,NA,NA,NA,"phase_015_subj_7"
12711,76,7,"<p style=""color:white; font-size: 35px;"">高效</p>","positive","ability","高效",7,1583,1583,"e","true",NA,NA,NA,NA,"phase_015_subj_7"
12712,76,7,"<p style=""color:rgb(150, 250, 100); font-size: 35px;"">别人</p>","other","ability","别人",7,700,700,"e","true",NA,NA,NA,NA,"phase_015_subj_7"
12713,76,7,"<p style=""color:white; font-size: 35px;"">拙笨</p>","negative","ability","拙笨",7,709,709,"i","true",NA,NA,NA,NA,"phase_015_subj_7"
12714,76,7,"<p style=""color:rgb(150, 250, 100); font-size: 35px;"">自己</p>","self","ability","自己",7,457,457,"i","true",NA,NA,NA,NA,"phase_015_subj_7"
12715,76,7,"<p style=""color:white; font-size: 35px;"">废物</p>","negative","ability","废物",7,965,965,"i","true",NA,NA,NA,NA,"phase_015_subj_7"
12716,76,7,"<p style=""color:rgb(150, 250, 100); font-size: 35px;"">别人的</p>","other","ability","别人的",7,717,717,"e","true",NA,NA,NA,NA,"phase_015_subj_7"
12717,76,7,"<p style=""color:white; font-size: 35px;"">全能</p>","positive","ability","全能",7,957,957,"e","true",NA,NA,NA,NA,"phase_015_subj_7"
12718,76,7,"<p style=""color:rgb(150, 250, 100); font-size: 35px;"">我的</p>","self","ability","我的",7,695,695,"i","true",NA,NA,NA,NA,"phase_015_subj_7"
12719,76,7,"<p style=""color:white; font-size: 35px;"">全能</p>","positive","ability","全能",7,985,985,"e","true",NA,NA,NA,NA,"phase_015_subj_7"
12720,76,7,"<p style=""color:rgb(150, 250, 100); font-size: 35px;"">本人</p>","self","ability","本人",7,747,747,"i","true",NA,NA,NA,NA,"phase_015_subj_7"
12721,76,7,"<p style=""color:white; font-size: 35px;"">低能</p>","negative","ability","低能",7,1324,1324,"i","true",NA,NA,NA,NA,"phase_015_subj_7"
12722,76,7,"<p style=""color:rgb(150, 250, 100); font-size: 35px;"">别人的</p>","other","ability","别人的",7,552,552,"e","true",NA,NA,NA,NA,"phase_015_subj_7"
12723,76,7,"<p style=""color:white; font-size: 35px;"">精干</p>","positive","ability","精干",7,543,543,"e","true",NA,NA,NA,NA,"phase_015_subj_7"
12724,76,7,"<p style=""color:rgb(150, 250, 100); font-size: 35px;"">他人的</p>","other","ability","他人的",7,576,576,"e","true",NA,NA,NA,NA,"phase_015_subj_7"
12725,76,7,"<p style=""color:white; font-size: 35px;"">蠢笨</p>","negative","ability","蠢笨",7,606,606,"i","true",NA,NA,NA,NA,"phase_015_subj_7"
12726,76,7,"<p style=""color:rgb(150, 250, 100); font-size: 35px;"">自己的</p>","self","ability","自己的",7,688,688,"i","true",NA,NA,NA,NA,"phase_015_subj_7"
12727,76,7,"<p style=""color:white; font-size: 35px;"">高效</p>","positive","ability","高效",7,764,764,"e","true",NA,NA,NA,NA,"phase_015_subj_7"
12728,76,7,"<p style=""color:rgb(150, 250, 100); font-size: 35px;"">本人</p>","self","ability","本人",7,650,650,"i","true",NA,NA,NA,NA,"phase_015_subj_7"
12729,76,7,"<p style=""color:white; font-size: 35px;"">愚钝</p>","negative","ability","愚钝",7,668,668,"i","true",NA,NA,NA,NA,"phase_015_subj_7"
12730,76,7,"<p style=""color:rgb(150, 250, 100); font-size: 35px;"">他的</p>","other","ability","他的",7,623,623,"e","true",NA,NA,NA,NA,"phase_015_subj_7"
12731,76,7,"<p style=""color:white; font-size: 35px;"">能干</p>","positive","ability","能干",7,654,654,"e","true",NA,NA,NA,NA,"phase_015_subj_7"
12732,76,7,"<p style=""color:rgb(150, 250, 100); font-size: 35px;"">他的</p>","other","ability","他的",7,680,680,"e","true",NA,NA,NA,NA,"phase_015_subj_7"
12733,76,7,"<p style=""color:white; font-size: 35px;"">愚钝</p>","negative","ability","愚钝",7,679,679,"i","true",NA,NA,NA,NA,"phase_015_subj_7"
12734,76,7,"<p style=""color:rgb(150, 250, 100); font-size: 35px;"">自己的</p>","self","ability","自己的",7,695,695,"i","true",NA,NA,NA,NA,"phase_015_subj_7"
12735,76,7,"<p style=""color:white; font-size: 35px;"">天才</p>","positive","ability","天才",7,743,743,"e","true",NA,NA,NA,NA,"phase_015_subj_7"
12736,76,7,"<p style=""color:rgb(150, 250, 100); font-size: 35px;"">他人</p>","other","ability","他人",7,688,688,"e","true",NA,NA,NA,NA,"phase_015_subj_7"
12737,76,7,"<p style=""color:white; font-size: 35px;"">废物</p>","negative","ability","废物",7,659,659,"i","true",NA,NA,NA,NA,"phase_015_subj_7"
12738,76,7,"<p style=""color:rgb(150, 250, 100); font-size: 35px;"">我</p>","self","ability","我",7,671,671,"i","true",NA,NA,NA,NA,"phase_015_subj_7"
12739,599,NA,"
    <h3>词语分类任务</h3>
    <p>在接下来的任务中，你需要对一系列词语进行分类。</p>
    <p>请先熟悉这些词语，这有利于你完成接下来的任务。</p>
    <table align=""center"" border=1 cellpadding=3 cellspacing=0>
    <tr> <th>类别</th> <th>词语</th> </tr>
    <tr> <td>&emsp;积极&emsp;</td> <td>&emsp;能干、全能、全才、高效、精干、天才&emsp;</td> </tr>
    <tr> <td>&emsp;消极&emsp;</td> <td>&emsp;无能、低能、废物、拙笨、愚钝、蠢笨&emsp;</td> </tr>
    <tr> <td>&emsp;自我&emsp;</td> <td>&emsp;我、我的、自己、自己的、本人、本人的&emsp;</td> </tr>
    <tr> <td>&emsp;他人&emsp;</td> <td>&emsp;他、他的、别人、别人的、他人、他人的&emsp;</td> </tr>
    </table><br/>","","","",NA,18310,NA,"0","",2,1,NA,NA,"phase_015_subj_40"
12740,599,1,"<p style=""color:rgb(150, 250, 100); font-size: 35px;"">我的</p>","self","ability","我的",1,814,814,"e","true",NA,NA,NA,NA,"phase_015_subj_40"
12741,599,1,"<p style=""color:rgb(150, 250, 100); font-size: 35px;"">他人的</p>","other","ability","他人的",1,561,561,"i","true",NA,NA,NA,NA,"phase_015_subj_40"
12742,599,1,"<p style=""color:rgb(150, 250, 100); font-size: 35px;"">他</p>","other","ability","他",1,573,573,"i","true",NA,NA,NA,NA,"phase_015_subj_40"
12743,599,1,"<p style=""color:rgb(150, 250, 100); font-size: 35px;"">自己的</p>","self","ability","自己的",1,482,482,"e","true",NA,NA,NA,NA,"phase_015_subj_40"
12744,599,1,"<p style=""color:rgb(150, 250, 100); font-size: 35px;"">自己</p>","self","ability","自己",1,450,450,"e","true",NA,NA,NA,NA,"phase_015_subj_40"
12745,599,1,"<p style=""color:rgb(150, 250, 100); font-size: 35px;"">别人的</p>","other","ability","别人的",1,437,437,"i","true",NA,NA,NA,NA,"phase_015_subj_40"
12746,599,1,"<p style=""color:rgb(150, 250, 100); font-size: 35px;"">本人的</p>","self","ability","本人的",1,515,515,"e","true",NA,NA,NA,NA,"phase_015_subj_40"
12747,599,1,"<p style=""color:rgb(150, 250, 100); font-size: 35px;"">他人</p>","other","ability","他人",1,489,489,"i","true",NA,NA,NA,NA,"phase_015_subj_40"
12748,599,1,"<p style=""color:rgb(150, 250, 100); font-size: 35px;"">本人</p>","self","ability","本人",1,407,407,"e","true",NA,NA,NA,NA,"phase_015_subj_40"
12749,599,1,"<p style=""color:rgb(150, 250, 100); font-size: 35px;"">他的</p>","other","ability","他的",1,493,493,"i","true",NA,NA,NA,NA,"phase_015_subj_40"
12750,599,1,"<p style=""color:rgb(150, 250, 100); font-size: 35px;"">我</p>","self","ability","我",1,390,390,"e","true",NA,NA,NA,NA,"phase_015_subj_40"
12751,599,1,"<p style=""color:rgb(150, 250, 100); font-size: 35px;"">别人</p>","other","ability","别人",1,449,449,"i","true",NA,NA,NA,NA,"phase_015_subj_40"
12752,599,2,"<p style=""color:white; font-size: 35px;"">天才</p>","positive","ability","天才",2,1167,1167,"i","true",NA,NA,NA,NA,"phase_015_subj_40"
12753,599,2,"<p style=""color:white; font-size: 35px;"">全能</p>","positive","ability","全能",2,560,560,"i","true",NA,NA,NA,NA,"phase_015_subj_40"
12754,599,2,"<p style=""color:white; font-size: 35px;"">低能</p>","negative","ability","低能",2,469,469,"e","true",NA,NA,NA,NA,"phase_015_subj_40"
12755,599,2,"<p style=""color:white; font-size: 35px;"">精干</p>","positive","ability","精干",2,665,665,"i","true",NA,NA,NA,NA,"phase_015_subj_40"
12756,599,2,"<p style=""color:white; font-size: 35px;"">蠢笨</p>","negative","ability","蠢笨",2,657,657,"e","true",NA,NA,NA,NA,"phase_015_subj_40"
12757,599,2,"<p style=""color:white; font-size: 35px;"">无能</p>","negative","ability","无能",2,697,697,"e","true",NA,NA,NA,NA,"phase_015_subj_40"
12758,599,2,"<p style=""color:white; font-size: 35px;"">能干</p>","positive","ability","能干",2,648,648,"i","true",NA,NA,NA,NA,"phase_015_subj_40"
12759,599,2,"<p style=""color:white; font-size: 35px;"">拙笨</p>","negative","ability","拙笨",2,861,861,"e","true",NA,NA,NA,NA,"phase_015_subj_40"
12760,599,2,"<p style=""color:white; font-size: 35px;"">全才</p>","positive","ability","全才",2,1526,1526,"i","true",NA,NA,NA,NA,"phase_015_subj_40"
12761,599,2,"<p style=""color:white; font-size: 35px;"">高效</p>","positive","ability","高效",2,1726,1726,"i","true",NA,NA,NA,NA,"phase_015_subj_40"
12762,599,2,"<p style=""color:white; font-size: 35px;"">愚钝</p>","negative","ability","愚钝",2,950,950,"e","true",NA,NA,NA,NA,"phase_015_subj_40"
12763,599,2,"<p style=""color:white; font-size: 35px;"">废物</p>","negative","ability","废物",2,606,606,"e","true",NA,NA,NA,NA,"phase_015_subj_40"
12764,599,3,"<p style=""color:rgb(150, 250, 100); font-size: 35px;"">别人</p>","other","ability","别人",3,1060,1060,"i","true",NA,NA,NA,NA,"phase_015_subj_40"
12765,599,3,"<p style=""color:white; font-size: 35px;"">愚钝</p>","negative","ability","愚钝",3,1134,1134,"e","true",NA,NA,NA,NA,"phase_015_subj_40"
12766,599,3,"<p style=""color:rgb(150, 250, 100); font-size: 35px;"">本人</p>","self","ability","本人",3,555,555,"e","true",NA,NA,NA,NA,"phase_015_subj_40"
12767,599,3,"<p style=""color:white; font-size: 35px;"">全能</p>","positive","ability","全能",3,617,617,"i","true",NA,NA,NA,NA,"phase_015_subj_40"
12768,599,3,"<p style=""color:rgb(150, 250, 100); font-size: 35px;"">他的</p>","other","ability","他的",3,597,597,"i","true",NA,NA,NA,NA,"phase_015_subj_40"
12769,599,3,"<p style=""color:white; font-size: 35px;"">拙笨</p>","negative","ability","拙笨",3,505,505,"e","true",NA,NA,NA,NA,"phase_015_subj_40"
12770,599,3,"<p style=""color:rgb(150, 250, 100); font-size: 35px;"">我的</p>","self","ability","我的",3,642,642,"e","true",NA,NA,NA,NA,"phase_015_subj_40"
12771,599,3,"<p style=""color:white; font-size: 35px;"">高效</p>","positive","ability","高效",3,524,524,"i","true",NA,NA,NA,NA,"phase_015_subj_40"
12772,599,3,"<p style=""color:rgb(150, 250, 100); font-size: 35px;"">本人的</p>","self","ability","本人的",3,875,875,"e","true",NA,NA,NA,NA,"phase_015_subj_40"
12773,599,3,"<p style=""color:white; font-size: 35px;"">蠢笨</p>","negative","ability","蠢笨",3,380,380,"e","true",NA,NA,NA,NA,"phase_015_subj_40"
12774,599,3,"<p style=""color:rgb(150, 250, 100); font-size: 35px;"">别人的</p>","other","ability","别人的",3,577,577,"i","true",NA,NA,NA,NA,"phase_015_subj_40"
12775,599,3,"<p style=""color:white; font-size: 35px;"">精干</p>","positive","ability","精干",3,857,857,"i","true",NA,NA,NA,NA,"phase_015_subj_40"
12776,599,3,"<p style=""color:rgb(150, 250, 100); font-size: 35px;"">我</p>","self","ability","我",3,499,1309.68181818182,"i","false",NA,NA,NA,NA,"phase_015_subj_40"
12777,599,3,"<p style=""color:white; font-size: 35px;"">天才</p>","positive","ability","天才",3,798,798,"i","true",NA,NA,NA,NA,"phase_015_subj_40"
12778,599,3,"<p style=""color:rgb(150, 250, 100); font-size: 35px;"">他人的</p>","other","ability","他人的",3,608,608,"i","true",NA,NA,NA,NA,"phase_015_subj_40"
12779,599,3,"<p style=""color:white; font-size: 35px;"">无能</p>","negative","ability","无能",3,854,854,"e","true",NA,NA,NA,NA,"phase_015_subj_40"
12780,599,3,"<p style=""color:rgb(150, 250, 100); font-size: 35px;"">自己</p>","self","ability","自己",3,580,580,"e","true",NA,NA,NA,NA,"phase_015_subj_40"
12781,599,3,"<p style=""color:white; font-size: 35px;"">能干</p>","positive","ability","能干",3,410,410,"i","true",NA,NA,NA,NA,"phase_015_subj_40"
12782,599,3,"<p style=""color:rgb(150, 250, 100); font-size: 35px;"">他</p>","other","ability","他",3,580,580,"i","true",NA,NA,NA,NA,"phase_015_subj_40"
12783,599,3,"<p style=""color:white; font-size: 35px;"">废物</p>","negative","ability","废物",3,555,555,"e","true",NA,NA,NA,NA,"phase_015_subj_40"
12784,599,3,"<p style=""color:rgb(150, 250, 100); font-size: 35px;"">他人</p>","other","ability","他人",3,774,774,"i","true",NA,NA,NA,NA,"phase_015_subj_40"
12785,599,3,"<p style=""color:white; font-size: 35px;"">全才</p>","positive","ability","全才",3,1346,1309.68181818182,"e","false",NA,NA,NA,NA,"phase_015_subj_40"
12786,599,3,"<p style=""color:rgb(150, 250, 100); font-size: 35px;"">自己的</p>","self","ability","自己的",3,800,800,"e","true",NA,NA,NA,NA,"phase_015_subj_40"
12787,599,3,"<p style=""color:white; font-size: 35px;"">低能</p>","negative","ability","低能",3,1331,1331,"e","true",NA,NA,NA,NA,"phase_015_subj_40"
12788,599,4,"<p style=""color:rgb(150, 250, 100); font-size: 35px;"">我</p>","self","ability","我",4,613,613,"e","true",NA,NA,NA,NA,"phase_015_subj_40"
12789,599,4,"<p style=""color:white; font-size: 35px;"">愚钝</p>","negative","ability","愚钝",4,805,805,"e","true",NA,NA,NA,NA,"phase_015_subj_40"
12790,599,4,"<p style=""color:rgb(150, 250, 100); font-size: 35px;"">别人</p>","other","ability","别人",4,507,507,"i","true",NA,NA,NA,NA,"phase_015_subj_40"
12791,599,4,"<p style=""color:white; font-size: 35px;"">能干</p>","positive","ability","能干",4,333,333,"i","true",NA,NA,NA,NA,"phase_015_subj_40"
12792,599,4,"<p style=""color:rgb(150, 250, 100); font-size: 35px;"">他人的</p>","other","ability","他人的",4,496,496,"i","true",NA,NA,NA,NA,"phase_015_subj_40"
12793,599,4,"<p style=""color:white; font-size: 35px;"">低能</p>","negative","ability","低能",4,534,534,"e","true",NA,NA,NA,NA,"phase_015_subj_40"
12794,599,4,"<p style=""color:rgb(150, 250, 100); font-size: 35px;"">我的</p>","self","ability","我的",4,556,556,"e","true",NA,NA,NA,NA,"phase_015_subj_40"
12795,599,4,"<p style=""color:white; font-size: 35px;"">全才</p>","positive","ability","全才",4,609,609,"i","true",NA,NA,NA,NA,"phase_015_subj_40"
12796,599,4,"<p style=""color:rgb(150, 250, 100); font-size: 35px;"">别人的</p>","other","ability","别人的",4,493,493,"i","true",NA,NA,NA,NA,"phase_015_subj_40"
12797,599,4,"<p style=""color:white; font-size: 35px;"">精干</p>","positive","ability","精干",4,417,417,"i","true",NA,NA,NA,NA,"phase_015_subj_40"
12798,599,4,"<p style=""color:rgb(150, 250, 100); font-size: 35px;"">本人</p>","self","ability","本人",4,467,467,"e","true",NA,NA,NA,NA,"phase_015_subj_40"
12799,599,4,"<p style=""color:white; font-size: 35px;"">无能</p>","negative","ability","无能",4,706,706,"e","true",NA,NA,NA,NA,"phase_015_subj_40"
12800,599,4,"<p style=""color:rgb(150, 250, 100); font-size: 35px;"">自己的</p>","self","ability","自己的",4,691,691,"e","true",NA,NA,NA,NA,"phase_015_subj_40"
12801,599,4,"<p style=""color:white; font-size: 35px;"">废物</p>","negative","ability","废物",4,460,460,"e","true",NA,NA,NA,NA,"phase_015_subj_40"
12802,599,4,"<p style=""color:rgb(150, 250, 100); font-size: 35px;"">别人</p>","other","ability","别人",4,598,598,"i","true",NA,NA,NA,NA,"phase_015_subj_40"
12803,599,4,"<p style=""color:white; font-size: 35px;"">全能</p>","positive","ability","全能",4,454,454,"i","true",NA,NA,NA,NA,"phase_015_subj_40"
12804,599,4,"<p style=""color:rgb(150, 250, 100); font-size: 35px;"">自己</p>","self","ability","自己",4,546,546,"e","true",NA,NA,NA,NA,"phase_015_subj_40"
12805,599,4,"<p style=""color:white; font-size: 35px;"">精干</p>","positive","ability","精干",4,537,537,"i","true",NA,NA,NA,NA,"phase_015_subj_40"
12806,599,4,"<p style=""color:rgb(150, 250, 100); font-size: 35px;"">他人</p>","other","ability","他人",4,693,693,"i","true",NA,NA,NA,NA,"phase_015_subj_40"
12807,599,4,"<p style=""color:white; font-size: 35px;"">废物</p>","negative","ability","废物",4,794,794,"e","true",NA,NA,NA,NA,"phase_015_subj_40"
12808,599,4,"<p style=""color:rgb(150, 250, 100); font-size: 35px;"">本人的</p>","self","ability","本人的",4,541,1285.53191489362,"i","false",NA,NA,NA,NA,"phase_015_subj_40"
12809,599,4,"<p style=""color:white; font-size: 35px;"">天才</p>","positive","ability","天才",4,758,758,"i","true",NA,NA,NA,NA,"phase_015_subj_40"
12810,599,4,"<p style=""color:rgb(150, 250, 100); font-size: 35px;"">他的</p>","other","ability","他的",4,824,824,"i","true",NA,NA,NA,NA,"phase_015_subj_40"
12811,599,4,"<p style=""color:white; font-size: 35px;"">蠢笨</p>","negative","ability","蠢笨",4,672,672,"e","true",NA,NA,NA,NA,"phase_015_subj_40"
12812,599,4,"<p style=""color:rgb(150, 250, 100); font-size: 35px;"">我的</p>","self","ability","我的",4,1397,1397,"e","true",NA,NA,NA,NA,"phase_015_subj_40"
12813,599,4,"<p style=""color:white; font-size: 35px;"">无能</p>","negative","ability","无能",4,768,768,"e","true",NA,NA,NA,NA,"phase_015_subj_40"
12814,599,4,"<p style=""color:rgb(150, 250, 100); font-size: 35px;"">他人的</p>","other","ability","他人的",4,563,563,"i","true",NA,NA,NA,NA,"phase_015_subj_40"
12815,599,4,"<p style=""color:white; font-size: 35px;"">高效</p>","positive","ability","高效",4,1444,1444,"i","true",NA,NA,NA,NA,"phase_015_subj_40"
12816,599,4,"<p style=""color:rgb(150, 250, 100); font-size: 35px;"">自己的</p>","self","ability","自己的",4,1723,1723,"e","true",NA,NA,NA,NA,"phase_015_subj_40"
12817,599,4,"<p style=""color:white; font-size: 35px;"">全才</p>","positive","ability","全才",4,981,981,"i","true",NA,NA,NA,NA,"phase_015_subj_40"
12818,599,4,"<p style=""color:rgb(150, 250, 100); font-size: 35px;"">他的</p>","other","ability","他的",4,676,676,"i","true",NA,NA,NA,NA,"phase_015_subj_40"
12819,599,4,"<p style=""color:white; font-size: 35px;"">拙笨</p>","negative","ability","拙笨",4,1558,1558,"e","true",NA,NA,NA,NA,"phase_015_subj_40"
12820,599,4,"<p style=""color:rgb(150, 250, 100); font-size: 35px;"">他</p>","other","ability","他",4,602,602,"i","true",NA,NA,NA,NA,"phase_015_subj_40"
12821,599,4,"<p style=""color:white; font-size: 35px;"">全能</p>","positive","ability","全能",4,2147,2147,"i","true",NA,NA,NA,NA,"phase_015_subj_40"
12822,599,4,"<p style=""color:rgb(150, 250, 100); font-size: 35px;"">本人</p>","self","ability","本人",4,686,686,"e","true",NA,NA,NA,NA,"phase_015_subj_40"
12823,599,4,"<p style=""color:white; font-size: 35px;"">拙笨</p>","negative","ability","拙笨",4,383,383,"e","true",NA,NA,NA,NA,"phase_015_subj_40"
12824,599,4,"<p style=""color:rgb(150, 250, 100); font-size: 35px;"">本人的</p>","self","ability","本人的",4,502,502,"e","true",NA,NA,NA,NA,"phase_015_subj_40"
12825,599,4,"<p style=""color:white; font-size: 35px;"">能干</p>","positive","ability","能干",4,478,478,"i","true",NA,NA,NA,NA,"phase_015_subj_40"
12826,599,4,"<p style=""color:rgb(150, 250, 100); font-size: 35px;"">他人</p>","other","ability","他人",4,463,463,"i","true",NA,NA,NA,NA,"phase_015_subj_40"
12827,599,4,"<p style=""color:white; font-size: 35px;"">低能</p>","negative","ability","低能",4,580,580,"e","true",NA,NA,NA,NA,"phase_015_subj_40"
12828,599,4,"<p style=""color:rgb(150, 250, 100); font-size: 35px;"">他</p>","other","ability","他",4,439,439,"i","true",NA,NA,NA,NA,"phase_015_subj_40"
12829,599,4,"<p style=""color:white; font-size: 35px;"">天才</p>","positive","ability","天才",4,591,591,"i","true",NA,NA,NA,NA,"phase_015_subj_40"
12830,599,4,"<p style=""color:rgb(150, 250, 100); font-size: 35px;"">自己</p>","self","ability","自己",4,465,465,"e","true",NA,NA,NA,NA,"phase_015_subj_40"
12831,599,4,"<p style=""color:white; font-size: 35px;"">愚钝</p>","negative","ability","愚钝",4,368,368,"e","true",NA,NA,NA,NA,"phase_015_subj_40"
12832,599,4,"<p style=""color:rgb(150, 250, 100); font-size: 35px;"">别人的</p>","other","ability","别人的",4,494,494,"i","true",NA,NA,NA,NA,"phase_015_subj_40"
12833,599,4,"<p style=""color:white; font-size: 35px;"">蠢笨</p>","negative","ability","蠢笨",4,487,487,"e","true",NA,NA,NA,NA,"phase_015_subj_40"
12834,599,4,"<p style=""color:rgb(150, 250, 100); font-size: 35px;"">我</p>","self","ability","我",4,373,373,"e","true",NA,NA,NA,NA,"phase_015_subj_40"
12835,599,4,"<p style=""color:white; font-size: 35px;"">高效</p>","positive","ability","高效",4,489,489,"i","true",NA,NA,NA,NA,"phase_015_subj_40"
12836,599,5,"<p style=""color:rgb(150, 250, 100); font-size: 35px;"">本人</p>","self","ability","本人",5,1114,1114,"i","true",NA,NA,NA,NA,"phase_015_subj_40"
12837,599,5,"<p style=""color:rgb(150, 250, 100); font-size: 35px;"">我</p>","self","ability","我",5,424,424,"i","true",NA,NA,NA,NA,"phase_015_subj_40"
12838,599,5,"<p style=""color:rgb(150, 250, 100); font-size: 35px;"">他的</p>","other","ability","他的",5,615,615,"e","true",NA,NA,NA,NA,"phase_015_subj_40"
12839,599,5,"<p style=""color:rgb(150, 250, 100); font-size: 35px;"">他人</p>","other","ability","他人",5,329,329,"e","true",NA,NA,NA,NA,"phase_015_subj_40"
12840,599,5,"<p style=""color:rgb(150, 250, 100); font-size: 35px;"">他的</p>","other","ability","他的",5,419,419,"e","true",NA,NA,NA,NA,"phase_015_subj_40"
12841,599,5,"<p style=""color:rgb(150, 250, 100); font-size: 35px;"">我的</p>","self","ability","我的",5,635,635,"i","true",NA,NA,NA,NA,"phase_015_subj_40"
12842,599,5,"<p style=""color:rgb(150, 250, 100); font-size: 35px;"">别人的</p>","other","ability","别人的",5,515,515,"e","true",NA,NA,NA,NA,"phase_015_subj_40"
12843,599,5,"<p style=""color:rgb(150, 250, 100); font-size: 35px;"">本人的</p>","self","ability","本人的",5,361,361,"i","true",NA,NA,NA,NA,"phase_015_subj_40"
12844,599,5,"<p style=""color:rgb(150, 250, 100); font-size: 35px;"">我</p>","self","ability","我",5,843,843,"i","true",NA,NA,NA,NA,"phase_015_subj_40"
12845,599,5,"<p style=""color:rgb(150, 250, 100); font-size: 35px;"">别人</p>","other","ability","别人",5,705,705,"e","true",NA,NA,NA,NA,"phase_015_subj_40"
12846,599,5,"<p style=""color:rgb(150, 250, 100); font-size: 35px;"">他人的</p>","other","ability","他人的",5,744,744,"e","true",NA,NA,NA,NA,"phase_015_subj_40"
12847,599,5,"<p style=""color:rgb(150, 250, 100); font-size: 35px;"">自己</p>","self","ability","自己",5,618,618,"i","true",NA,NA,NA,NA,"phase_015_subj_40"
12848,599,5,"<p style=""color:rgb(150, 250, 100); font-size: 35px;"">别人</p>","other","ability","别人",5,567,567,"e","true",NA,NA,NA,NA,"phase_015_subj_40"
12849,599,5,"<p style=""color:rgb(150, 250, 100); font-size: 35px;"">本人</p>","self","ability","本人",5,818,818,"i","true",NA,NA,NA,NA,"phase_015_subj_40"
12850,599,5,"<p style=""color:rgb(150, 250, 100); font-size: 35px;"">他人</p>","other","ability","他人",5,677,677,"e","true",NA,NA,NA,NA,"phase_015_subj_40"
12851,599,5,"<p style=""color:rgb(150, 250, 100); font-size: 35px;"">本人的</p>","self","ability","本人的",5,483,483,"i","true",NA,NA,NA,NA,"phase_015_subj_40"
12852,599,5,"<p style=""color:rgb(150, 250, 100); font-size: 35px;"">我的</p>","self","ability","我的",5,764,764,"i","true",NA,NA,NA,NA,"phase_015_subj_40"
12853,599,5,"<p style=""color:rgb(150, 250, 100); font-size: 35px;"">他</p>","other","ability","他",5,731,731,"e","true",NA,NA,NA,NA,"phase_015_subj_40"
12854,599,5,"<p style=""color:rgb(150, 250, 100); font-size: 35px;"">自己</p>","self","ability","自己",5,483,483,"i","true",NA,NA,NA,NA,"phase_015_subj_40"
12855,599,5,"<p style=""color:rgb(150, 250, 100); font-size: 35px;"">自己的</p>","self","ability","自己的",5,694,694,"i","true",NA,NA,NA,NA,"phase_015_subj_40"
12856,599,5,"<p style=""color:rgb(150, 250, 100); font-size: 35px;"">他人的</p>","other","ability","他人的",5,562,562,"e","true",NA,NA,NA,NA,"phase_015_subj_40"
12857,599,5,"<p style=""color:rgb(150, 250, 100); font-size: 35px;"">自己的</p>","self","ability","自己的",5,467,467,"i","true",NA,NA,NA,NA,"phase_015_subj_40"
12858,599,5,"<p style=""color:rgb(150, 250, 100); font-size: 35px;"">他</p>","other","ability","他",5,582,582,"e","true",NA,NA,NA,NA,"phase_015_subj_40"
12859,599,5,"<p style=""color:rgb(150, 250, 100); font-size: 35px;"">别人的</p>","other","ability","别人的",5,500,500,"i","false",NA,NA,NA,NA,"phase_015_subj_40"
12860,599,6,"<p style=""color:white; font-size: 35px;"">精干</p>","positive","ability","精干",6,940,940,"i","true",NA,NA,NA,NA,"phase_015_subj_40"
12861,599,6,"<p style=""color:rgb(150, 250, 100); font-size: 35px;"">别人</p>","other","ability","别人",6,557,557,"e","true",NA,NA,NA,NA,"phase_015_subj_40"
12862,599,6,"<p style=""color:white; font-size: 35px;"">低能</p>","negative","ability","低能",6,493,493,"e","true",NA,NA,NA,NA,"phase_015_subj_40"
12863,599,6,"<p style=""color:rgb(150, 250, 100); font-size: 35px;"">自己的</p>","self","ability","自己的",6,366,366,"i","true",NA,NA,NA,NA,"phase_015_subj_40"
12864,599,6,"<p style=""color:white; font-size: 35px;"">愚钝</p>","negative","ability","愚钝",6,579,579,"e","true",NA,NA,NA,NA,"phase_015_subj_40"
12865,599,6,"<p style=""color:rgb(150, 250, 100); font-size: 35px;"">别人的</p>","other","ability","别人的",6,391,391,"e","true",NA,NA,NA,NA,"phase_015_subj_40"
12866,599,6,"<p style=""color:white; font-size: 35px;"">高效</p>","positive","ability","高效",6,421,421,"i","true",NA,NA,NA,NA,"phase_015_subj_40"
12867,599,6,"<p style=""color:rgb(150, 250, 100); font-size: 35px;"">本人</p>","self","ability","本人",6,457,457,"i","true",NA,NA,NA,NA,"phase_015_subj_40"
12868,599,6,"<p style=""color:white; font-size: 35px;"">全能</p>","positive","ability","全能",6,374,374,"i","true",NA,NA,NA,NA,"phase_015_subj_40"
12869,599,6,"<p style=""color:rgb(150, 250, 100); font-size: 35px;"">自己</p>","self","ability","自己",6,381,381,"i","true",NA,NA,NA,NA,"phase_015_subj_40"
12870,599,6,"<p style=""color:white; font-size: 35px;"">无能</p>","negative","ability","无能",6,486,486,"e","true",NA,NA,NA,NA,"phase_015_subj_40"
12871,599,6,"<p style=""color:rgb(150, 250, 100); font-size: 35px;"">他的</p>","other","ability","他的",6,585,585,"e","true",NA,NA,NA,NA,"phase_015_subj_40"
12872,599,6,"<p style=""color:white; font-size: 35px;"">能干</p>","positive","ability","能干",6,558,558,"i","true",NA,NA,NA,NA,"phase_015_subj_40"
12873,599,6,"<p style=""color:rgb(150, 250, 100); font-size: 35px;"">他</p>","other","ability","他",6,530,530,"e","true",NA,NA,NA,NA,"phase_015_subj_40"
12874,599,6,"<p style=""color:white; font-size: 35px;"">拙笨</p>","negative","ability","拙笨",6,440,440,"e","true",NA,NA,NA,NA,"phase_015_subj_40"
12875,599,6,"<p style=""color:rgb(150, 250, 100); font-size: 35px;"">我的</p>","self","ability","我的",6,413,413,"i","true",NA,NA,NA,NA,"phase_015_subj_40"
12876,599,6,"<p style=""color:white; font-size: 35px;"">天才</p>","positive","ability","天才",6,377,377,"i","true",NA,NA,NA,NA,"phase_015_subj_40"
12877,599,6,"<p style=""color:rgb(150, 250, 100); font-size: 35px;"">他人</p>","other","ability","他人",6,545,545,"e","true",NA,NA,NA,NA,"phase_015_subj_40"
12878,599,6,"<p style=""color:white; font-size: 35px;"">废物</p>","negative","ability","废物",6,437,437,"e","true",NA,NA,NA,NA,"phase_015_subj_40"
12879,599,6,"<p style=""color:rgb(150, 250, 100); font-size: 35px;"">我</p>","self","ability","我",6,401,401,"i","true",NA,NA,NA,NA,"phase_015_subj_40"
12880,599,6,"<p style=""color:white; font-size: 35px;"">全才</p>","positive","ability","全才",6,402,402,"i","true",NA,NA,NA,NA,"phase_015_subj_40"
12881,599,6,"<p style=""color:rgb(150, 250, 100); font-size: 35px;"">本人的</p>","self","ability","本人的",6,494,494,"i","true",NA,NA,NA,NA,"phase_015_subj_40"
12882,599,6,"<p style=""color:white; font-size: 35px;"">蠢笨</p>","negative","ability","蠢笨",6,461,461,"e","true",NA,NA,NA,NA,"phase_015_subj_40"
12883,599,6,"<p style=""color:rgb(150, 250, 100); font-size: 35px;"">他人的</p>","other","ability","他人的",6,682,682,"e","true",NA,NA,NA,NA,"phase_015_subj_40"
12884,599,7,"<p style=""color:white; font-size: 35px;"">蠢笨</p>","negative","ability","蠢笨",7,1521,1521,"e","true",NA,NA,NA,NA,"phase_015_subj_40"
12885,599,7,"<p style=""color:rgb(150, 250, 100); font-size: 35px;"">自己的</p>","self","ability","自己的",7,665,665,"i","true",NA,NA,NA,NA,"phase_015_subj_40"
12886,599,7,"<p style=""color:white; font-size: 35px;"">能干</p>","positive","ability","能干",7,342,342,"i","true",NA,NA,NA,NA,"phase_015_subj_40"
12887,599,7,"<p style=""color:rgb(150, 250, 100); font-size: 35px;"">他人</p>","other","ability","他人",7,585,585,"e","true",NA,NA,NA,NA,"phase_015_subj_40"
12888,599,7,"<p style=""color:white; font-size: 35px;"">废物</p>","negative","ability","废物",7,396,396,"e","true",NA,NA,NA,NA,"phase_015_subj_40"
12889,599,7,"<p style=""color:rgb(150, 250, 100); font-size: 35px;"">本人</p>","self","ability","本人",7,542,542,"i","true",NA,NA,NA,NA,"phase_015_subj_40"
12890,599,7,"<p style=""color:white; font-size: 35px;"">天才</p>","positive","ability","天才",7,1674,1674,"i","true",NA,NA,NA,NA,"phase_015_subj_40"
12891,599,7,"<p style=""color:rgb(150, 250, 100); font-size: 35px;"">他</p>","other","ability","他",7,588,588,"e","true",NA,NA,NA,NA,"phase_015_subj_40"
12892,599,7,"<p style=""color:white; font-size: 35px;"">蠢笨</p>","negative","ability","蠢笨",7,1192,1192,"e","true",NA,NA,NA,NA,"phase_015_subj_40"
12893,599,7,"<p style=""color:rgb(150, 250, 100); font-size: 35px;"">我的</p>","self","ability","我的",7,584,584,"i","true",NA,NA,NA,NA,"phase_015_subj_40"
12894,599,7,"<p style=""color:white; font-size: 35px;"">高效</p>","positive","ability","高效",7,562,562,"i","true",NA,NA,NA,NA,"phase_015_subj_40"
12895,599,7,"<p style=""color:rgb(150, 250, 100); font-size: 35px;"">别人</p>","other","ability","别人",7,723,723,"e","true",NA,NA,NA,NA,"phase_015_subj_40"
12896,599,7,"<p style=""color:white; font-size: 35px;"">全才</p>","positive","ability","全才",7,754,754,"i","true",NA,NA,NA,NA,"phase_015_subj_40"
12897,599,7,"<p style=""color:rgb(150, 250, 100); font-size: 35px;"">我</p>","self","ability","我",7,518,518,"i","true",NA,NA,NA,NA,"phase_015_subj_40"
12898,599,7,"<p style=""color:white; font-size: 35px;"">低能</p>","negative","ability","低能",7,567,567,"e","true",NA,NA,NA,NA,"phase_015_subj_40"
12899,599,7,"<p style=""color:rgb(150, 250, 100); font-size: 35px;"">他的</p>","other","ability","他的",7,835,835,"e","true",NA,NA,NA,NA,"phase_015_subj_40"
12900,599,7,"<p style=""color:white; font-size: 35px;"">全才</p>","positive","ability","全才",7,539,539,"i","true",NA,NA,NA,NA,"phase_015_subj_40"
12901,599,7,"<p style=""color:rgb(150, 250, 100); font-size: 35px;"">我</p>","self","ability","我",7,471,471,"i","true",NA,NA,NA,NA,"phase_015_subj_40"
12902,599,7,"<p style=""color:white; font-size: 35px;"">无能</p>","negative","ability","无能",7,479,479,"e","true",NA,NA,NA,NA,"phase_015_subj_40"
12903,599,7,"<p style=""color:rgb(150, 250, 100); font-size: 35px;"">别人的</p>","other","ability","别人的",7,446,1223.71739130435,"i","false",NA,NA,NA,NA,"phase_015_subj_40"
12904,599,7,"<p style=""color:white; font-size: 35px;"">全能</p>","positive","ability","全能",7,849,849,"i","true",NA,NA,NA,NA,"phase_015_subj_40"
12905,599,7,"<p style=""color:rgb(150, 250, 100); font-size: 35px;"">本人的</p>","self","ability","本人的",7,966,966,"i","true",NA,NA,NA,NA,"phase_015_subj_40"
12906,599,7,"<p style=""color:white; font-size: 35px;"">愚钝</p>","negative","ability","愚钝",7,587,587,"e","true",NA,NA,NA,NA,"phase_015_subj_40"
12907,599,7,"<p style=""color:rgb(150, 250, 100); font-size: 35px;"">他人的</p>","other","ability","他人的",7,528,528,"e","true",NA,NA,NA,NA,"phase_015_subj_40"
12908,599,7,"<p style=""color:white; font-size: 35px;"">愚钝</p>","negative","ability","愚钝",7,539,539,"e","true",NA,NA,NA,NA,"phase_015_subj_40"
12909,599,7,"<p style=""color:rgb(150, 250, 100); font-size: 35px;"">别人</p>","other","ability","别人",7,619,619,"e","true",NA,NA,NA,NA,"phase_015_subj_40"
12910,599,7,"<p style=""color:white; font-size: 35px;"">精干</p>","positive","ability","精干",7,562,562,"i","true",NA,NA,NA,NA,"phase_015_subj_40"
12911,599,7,"<p style=""color:rgb(150, 250, 100); font-size: 35px;"">自己的</p>","self","ability","自己的",7,430,430,"i","true",NA,NA,NA,NA,"phase_015_subj_40"
12912,599,7,"<p style=""color:white; font-size: 35px;"">低能</p>","negative","ability","低能",7,472,472,"e","true",NA,NA,NA,NA,"phase_015_subj_40"
12913,599,7,"<p style=""color:rgb(150, 250, 100); font-size: 35px;"">他人</p>","other","ability","他人",7,392,392,"e","true",NA,NA,NA,NA,"phase_015_subj_40"
12914,599,7,"<p style=""color:white; font-size: 35px;"">全能</p>","positive","ability","全能",7,449,449,"i","true",NA,NA,NA,NA,"phase_015_subj_40"
12915,599,7,"<p style=""color:rgb(150, 250, 100); font-size: 35px;"">我的</p>","self","ability","我的",7,400,400,"i","true",NA,NA,NA,NA,"phase_015_subj_40"
12916,599,7,"<p style=""color:white; font-size: 35px;"">精干</p>","positive","ability","精干",7,555,555,"i","true",NA,NA,NA,NA,"phase_015_subj_40"
12917,599,7,"<p style=""color:rgb(150, 250, 100); font-size: 35px;"">别人的</p>","other","ability","别人的",7,506,506,"e","true",NA,NA,NA,NA,"phase_015_subj_40"
12918,599,7,"<p style=""color:white; font-size: 35px;"">无能</p>","negative","ability","无能",7,626,626,"e","true",NA,NA,NA,NA,"phase_015_subj_40"
12919,599,7,"<p style=""color:rgb(150, 250, 100); font-size: 35px;"">本人的</p>","self","ability","本人的",7,387,1223.71739130435,"e","false",NA,NA,NA,NA,"phase_015_subj_40"
12920,599,7,"<p style=""color:white; font-size: 35px;"">天才</p>","positive","ability","天才",7,522,522,"i","true",NA,NA,NA,NA,"phase_015_subj_40"
12921,599,7,"<p style=""color:rgb(150, 250, 100); font-size: 35px;"">他人的</p>","other","ability","他人的",7,591,591,"e","true",NA,NA,NA,NA,"phase_015_subj_40"
12922,599,7,"<p style=""color:white; font-size: 35px;"">废物</p>","negative","ability","废物",7,479,479,"e","true",NA,NA,NA,NA,"phase_015_subj_40"
12923,599,7,"<p style=""color:rgb(150, 250, 100); font-size: 35px;"">自己</p>","self","ability","自己",7,441,441,"i","true",NA,NA,NA,NA,"phase_015_subj_40"
12924,599,7,"<p style=""color:white; font-size: 35px;"">能干</p>","positive","ability","能干",7,1299,1299,"i","true",NA,NA,NA,NA,"phase_015_subj_40"
12925,599,7,"<p style=""color:rgb(150, 250, 100); font-size: 35px;"">他</p>","other","ability","他",7,566,566,"e","true",NA,NA,NA,NA,"phase_015_subj_40"
12926,599,7,"<p style=""color:white; font-size: 35px;"">拙笨</p>","negative","ability","拙笨",7,517,517,"e","true",NA,NA,NA,NA,"phase_015_subj_40"
12927,599,7,"<p style=""color:rgb(150, 250, 100); font-size: 35px;"">本人</p>","self","ability","本人",7,517,517,"i","true",NA,NA,NA,NA,"phase_015_subj_40"
12928,599,7,"<p style=""color:white; font-size: 35px;"">高效</p>","positive","ability","高效",7,432,432,"i","true",NA,NA,NA,NA,"phase_015_subj_40"
12929,599,7,"<p style=""color:rgb(150, 250, 100); font-size: 35px;"">他的</p>","other","ability","他的",7,439,439,"e","true",NA,NA,NA,NA,"phase_015_subj_40"
12930,599,7,"<p style=""color:white; font-size: 35px;"">拙笨</p>","negative","ability","拙笨",7,442,442,"e","true",NA,NA,NA,NA,"phase_015_subj_40"
12931,599,7,"<p style=""color:rgb(150, 250, 100); font-size: 35px;"">自己</p>","self","ability","自己",7,429,429,"i","true",NA,NA,NA,NA,"phase_015_subj_40"
12932,599,NA,"
    <h3>词语分类任务</h3>
    <p>在接下来的任务中，你需要对一系列词语进行分类。<p/>
    请先熟悉这些词语，这有利于你完成接下来的任务。</p>
    <table align=""center"" border=1 cellpadding=3 cellspacing=0>
    <tr> <th>类别</th> <th>词语</th> </tr>
    <tr> <td>&emsp;积极&emsp;</td> <td>&emsp;高尚、诚信、善良、君子、廉正、正直&emsp;</td> </tr>
    <tr> <td>&emsp;消极&emsp;</td> <td>&emsp;缺德、卑鄙、不孝、不仁、小人、黑心&emsp;</td> </tr>
    <tr> <td>&emsp;自我&emsp;</td> <td>&emsp;我、我的、自己、自己的、本人、本人的&emsp;</td> </tr>
    <tr> <td>&emsp;他人&emsp;</td> <td>&emsp;他、他的、别人、别人的、他人、他人的&emsp;</td> </tr>
    </table><br/>","","","",NA,12905,NA,"0","",NA,NA,1,1,"phase_015_subj_40"
12933,599,11,"<p style=""color:rgb(150, 250, 100); font-size: 35px;"">自己的</p>","self","moral","自己的",1,670,670,"e","true",NA,NA,NA,NA,"phase_015_subj_40"
12934,599,11,"<p style=""color:rgb(150, 250, 100); font-size: 35px;"">自己</p>","self","moral","自己",1,366,366,"e","true",NA,NA,NA,NA,"phase_015_subj_40"
12935,599,11,"<p style=""color:rgb(150, 250, 100); font-size: 35px;"">别人的</p>","other","moral","别人的",1,358,358,"i","true",NA,NA,NA,NA,"phase_015_subj_40"
12936,599,11,"<p style=""color:rgb(150, 250, 100); font-size: 35px;"">他的</p>","other","moral","他的",1,391,391,"i","true",NA,NA,NA,NA,"phase_015_subj_40"
12937,599,11,"<p style=""color:rgb(150, 250, 100); font-size: 35px;"">我</p>","self","moral","我",1,487,487,"e","true",NA,NA,NA,NA,"phase_015_subj_40"
12938,599,11,"<p style=""color:rgb(150, 250, 100); font-size: 35px;"">他人的</p>","other","moral","他人的",1,507,507,"i","true",NA,NA,NA,NA,"phase_015_subj_40"
12939,599,11,"<p style=""color:rgb(150, 250, 100); font-size: 35px;"">我的</p>","self","moral","我的",1,412,412,"e","true",NA,NA,NA,NA,"phase_015_subj_40"
12940,599,11,"<p style=""color:rgb(150, 250, 100); font-size: 35px;"">别人</p>","other","moral","别人",1,385,385,"i","true",NA,NA,NA,NA,"phase_015_subj_40"
12941,599,11,"<p style=""color:rgb(150, 250, 100); font-size: 35px;"">本人的</p>","self","moral","本人的",1,882,882,"e","true",NA,NA,NA,NA,"phase_015_subj_40"
12942,599,11,"<p style=""color:rgb(150, 250, 100); font-size: 35px;"">本人</p>","self","moral","本人",1,588,588,"e","true",NA,NA,NA,NA,"phase_015_subj_40"
12943,599,11,"<p style=""color:rgb(150, 250, 100); font-size: 35px;"">他人</p>","other","moral","他人",1,420,420,"i","true",NA,NA,NA,NA,"phase_015_subj_40"
12944,599,11,"<p style=""color:rgb(150, 250, 100); font-size: 35px;"">他</p>","other","moral","他",1,352,352,"i","true",NA,NA,NA,NA,"phase_015_subj_40"
12945,599,12,"<p style=""color:white; font-size: 35px;"">缺德</p>","negative","moral","缺德",2,867,867,"i","true",NA,NA,NA,NA,"phase_015_subj_40"
12946,599,12,"<p style=""color:white; font-size: 35px;"">不孝</p>","negative","moral","不孝",2,460,460,"i","true",NA,NA,NA,NA,"phase_015_subj_40"
12947,599,12,"<p style=""color:white; font-size: 35px;"">黑心</p>","negative","moral","黑心",2,560,560,"i","true",NA,NA,NA,NA,"phase_015_subj_40"
12948,599,12,"<p style=""color:white; font-size: 35px;"">卑鄙</p>","negative","moral","卑鄙",2,424,424,"i","true",NA,NA,NA,NA,"phase_015_subj_40"
12949,599,12,"<p style=""color:white; font-size: 35px;"">正直</p>","positive","moral","正直",2,720,720,"e","true",NA,NA,NA,NA,"phase_015_subj_40"
12950,599,12,"<p style=""color:white; font-size: 35px;"">不仁</p>","negative","moral","不仁",2,489,489,"i","true",NA,NA,NA,NA,"phase_015_subj_40"
12951,599,12,"<p style=""color:white; font-size: 35px;"">高尚</p>","positive","moral","高尚",2,1175,1175,"e","true",NA,NA,NA,NA,"phase_015_subj_40"
12952,599,12,"<p style=""color:white; font-size: 35px;"">廉正</p>","positive","moral","廉正",2,479,479,"e","true",NA,NA,NA,NA,"phase_015_subj_40"
12953,599,12,"<p style=""color:white; font-size: 35px;"">诚信</p>","positive","moral","诚信",2,690,690,"e","true",NA,NA,NA,NA,"phase_015_subj_40"
12954,599,12,"<p style=""color:white; font-size: 35px;"">小人</p>","negative","moral","小人",2,543,543,"i","true",NA,NA,NA,NA,"phase_015_subj_40"
12955,599,12,"<p style=""color:white; font-size: 35px;"">君子</p>","positive","moral","君子",2,673,673,"e","true",NA,NA,NA,NA,"phase_015_subj_40"
12956,599,12,"<p style=""color:white; font-size: 35px;"">善良</p>","positive","moral","善良",2,538,538,"e","true",NA,NA,NA,NA,"phase_015_subj_40"
12957,599,13,"<p style=""color:rgb(150, 250, 100); font-size: 35px;"">他人</p>","other","moral","他人",3,833,833,"i","true",NA,NA,NA,NA,"phase_015_subj_40"
12958,599,13,"<p style=""color:white; font-size: 35px;"">不仁</p>","negative","moral","不仁",3,522,522,"i","true",NA,NA,NA,NA,"phase_015_subj_40"
12959,599,13,"<p style=""color:rgb(150, 250, 100); font-size: 35px;"">自己</p>","self","moral","自己",3,441,441,"e","true",NA,NA,NA,NA,"phase_015_subj_40"
12960,599,13,"<p style=""color:white; font-size: 35px;"">正直</p>","positive","moral","正直",3,452,452,"e","true",NA,NA,NA,NA,"phase_015_subj_40"
12961,599,13,"<p style=""color:rgb(150, 250, 100); font-size: 35px;"">他的</p>","other","moral","他的",3,502,502,"i","true",NA,NA,NA,NA,"phase_015_subj_40"
12962,599,13,"<p style=""color:white; font-size: 35px;"">高尚</p>","positive","moral","高尚",3,449,449,"e","true",NA,NA,NA,NA,"phase_015_subj_40"
12963,599,13,"<p style=""color:rgb(150, 250, 100); font-size: 35px;"">自己的</p>","self","moral","自己的",3,400,400,"e","true",NA,NA,NA,NA,"phase_015_subj_40"
12964,599,13,"<p style=""color:white; font-size: 35px;"">黑心</p>","negative","moral","黑心",3,564,564,"i","true",NA,NA,NA,NA,"phase_015_subj_40"
12965,599,13,"<p style=""color:rgb(150, 250, 100); font-size: 35px;"">别人</p>","other","moral","别人",3,542,542,"i","true",NA,NA,NA,NA,"phase_015_subj_40"
12966,599,13,"<p style=""color:white; font-size: 35px;"">卑鄙</p>","negative","moral","卑鄙",3,535,535,"i","true",NA,NA,NA,NA,"phase_015_subj_40"
12967,599,13,"<p style=""color:rgb(150, 250, 100); font-size: 35px;"">我</p>","self","moral","我",3,484,484,"e","true",NA,NA,NA,NA,"phase_015_subj_40"
12968,599,13,"<p style=""color:white; font-size: 35px;"">廉正</p>","positive","moral","廉正",3,667,667,"e","true",NA,NA,NA,NA,"phase_015_subj_40"
12969,599,13,"<p style=""color:rgb(150, 250, 100); font-size: 35px;"">他</p>","other","moral","他",3,642,642,"i","true",NA,NA,NA,NA,"phase_015_subj_40"
12970,599,13,"<p style=""color:white; font-size: 35px;"">诚信</p>","positive","moral","诚信",3,802,802,"e","true",NA,NA,NA,NA,"phase_015_subj_40"
12971,599,13,"<p style=""color:rgb(150, 250, 100); font-size: 35px;"">本人的</p>","self","moral","本人的",3,1419,1419,"e","true",NA,NA,NA,NA,"phase_015_subj_40"
12972,599,13,"<p style=""color:white; font-size: 35px;"">小人</p>","negative","moral","小人",3,891,891,"i","true",NA,NA,NA,NA,"phase_015_subj_40"
12973,599,13,"<p style=""color:rgb(150, 250, 100); font-size: 35px;"">别人的</p>","other","moral","别人的",3,824,824,"i","true",NA,NA,NA,NA,"phase_015_subj_40"
12974,599,13,"<p style=""color:white; font-size: 35px;"">缺德</p>","negative","moral","缺德",3,466,466,"i","true",NA,NA,NA,NA,"phase_015_subj_40"
12975,599,13,"<p style=""color:rgb(150, 250, 100); font-size: 35px;"">本人</p>","self","moral","本人",3,519,519,"e","true",NA,NA,NA,NA,"phase_015_subj_40"
12976,599,13,"<p style=""color:white; font-size: 35px;"">善良</p>","positive","moral","善良",3,344,344,"e","true",NA,NA,NA,NA,"phase_015_subj_40"
12977,599,13,"<p style=""color:rgb(150, 250, 100); font-size: 35px;"">我的</p>","self","moral","我的",3,498,498,"e","true",NA,NA,NA,NA,"phase_015_subj_40"
12978,599,13,"<p style=""color:white; font-size: 35px;"">不孝</p>","negative","moral","不孝",3,447,447,"i","true",NA,NA,NA,NA,"phase_015_subj_40"
12979,599,13,"<p style=""color:rgb(150, 250, 100); font-size: 35px;"">他人的</p>","other","moral","他人的",3,443,443,"i","true",NA,NA,NA,NA,"phase_015_subj_40"
12980,599,13,"<p style=""color:white; font-size: 35px;"">君子</p>","positive","moral","君子",3,540,540,"e","true",NA,NA,NA,NA,"phase_015_subj_40"
12981,599,14,"<p style=""color:rgb(150, 250, 100); font-size: 35px;"">我的</p>","self","moral","我的",4,738,738,"e","true",NA,NA,NA,NA,"phase_015_subj_40"
12982,599,14,"<p style=""color:white; font-size: 35px;"">高尚</p>","positive","moral","高尚",4,462,462,"e","true",NA,NA,NA,NA,"phase_015_subj_40"
12983,599,14,"<p style=""color:rgb(150, 250, 100); font-size: 35px;"">别人</p>","other","moral","别人",4,1023,1023,"i","true",NA,NA,NA,NA,"phase_015_subj_40"
12984,599,14,"<p style=""color:white; font-size: 35px;"">缺德</p>","negative","moral","缺德",4,455,455,"i","true",NA,NA,NA,NA,"phase_015_subj_40"
12985,599,14,"<p style=""color:rgb(150, 250, 100); font-size: 35px;"">他</p>","other","moral","他",4,497,497,"i","true",NA,NA,NA,NA,"phase_015_subj_40"
12986,599,14,"<p style=""color:white; font-size: 35px;"">黑心</p>","negative","moral","黑心",4,396,396,"i","true",NA,NA,NA,NA,"phase_015_subj_40"
12987,599,14,"<p style=""color:rgb(150, 250, 100); font-size: 35px;"">本人</p>","self","moral","本人",4,666,666,"e","true",NA,NA,NA,NA,"phase_015_subj_40"
12988,599,14,"<p style=""color:white; font-size: 35px;"">高尚</p>","positive","moral","高尚",4,562,562,"e","true",NA,NA,NA,NA,"phase_015_subj_40"
12989,599,14,"<p style=""color:rgb(150, 250, 100); font-size: 35px;"">我</p>","self","moral","我",4,587,587,"e","true",NA,NA,NA,NA,"phase_015_subj_40"
12990,599,14,"<p style=""color:white; font-size: 35px;"">善良</p>","positive","moral","善良",4,428,428,"e","true",NA,NA,NA,NA,"phase_015_subj_40"
12991,599,14,"<p style=""color:rgb(150, 250, 100); font-size: 35px;"">别人的</p>","other","moral","别人的",4,644,1163.88888888889,"e","false",NA,NA,NA,NA,"phase_015_subj_40"
12992,599,14,"<p style=""color:white; font-size: 35px;"">不仁</p>","negative","moral","不仁",4,360,360,"i","true",NA,NA,NA,NA,"phase_015_subj_40"
12993,599,14,"<p style=""color:rgb(150, 250, 100); font-size: 35px;"">自己的</p>","self","moral","自己的",4,531,531,"e","true",NA,NA,NA,NA,"phase_015_subj_40"
12994,599,14,"<p style=""color:white; font-size: 35px;"">君子</p>","positive","moral","君子",4,605,605,"e","true",NA,NA,NA,NA,"phase_015_subj_40"
12995,599,14,"<p style=""color:rgb(150, 250, 100); font-size: 35px;"">他人</p>","other","moral","他人",4,381,381,"i","true",NA,NA,NA,NA,"phase_015_subj_40"
12996,599,14,"<p style=""color:white; font-size: 35px;"">小人</p>","negative","moral","小人",4,703,703,"i","true",NA,NA,NA,NA,"phase_015_subj_40"
12997,599,14,"<p style=""color:rgb(150, 250, 100); font-size: 35px;"">本人的</p>","self","moral","本人的",4,515,515,"e","true",NA,NA,NA,NA,"phase_015_subj_40"
12998,599,14,"<p style=""color:white; font-size: 35px;"">善良</p>","positive","moral","善良",4,1037,1037,"e","true",NA,NA,NA,NA,"phase_015_subj_40"
12999,599,14,"<p style=""color:rgb(150, 250, 100); font-size: 35px;"">他人的</p>","other","moral","他人的",4,447,447,"i","true",NA,NA,NA,NA,"phase_015_subj_40"
13000,599,14,"<p style=""color:white; font-size: 35px;"">不孝</p>","negative","moral","不孝",4,422,422,"i","true",NA,NA,NA,NA,"phase_015_subj_40"
13001,599,14,"<p style=""color:rgb(150, 250, 100); font-size: 35px;"">他人的</p>","other","moral","他人的",4,356,356,"i","true",NA,NA,NA,NA,"phase_015_subj_40"
13002,599,14,"<p style=""color:white; font-size: 35px;"">不仁</p>","negative","moral","不仁",4,367,367,"i","true",NA,NA,NA,NA,"phase_015_subj_40"
13003,599,14,"<p style=""color:rgb(150, 250, 100); font-size: 35px;"">自己</p>","self","moral","自己",4,395,395,"e","true",NA,NA,NA,NA,"phase_015_subj_40"
13004,599,14,"<p style=""color:white; font-size: 35px;"">正直</p>","positive","moral","正直",4,409,409,"e","true",NA,NA,NA,NA,"phase_015_subj_40"
13005,599,14,"<p style=""color:rgb(150, 250, 100); font-size: 35px;"">我</p>","self","moral","我",4,364,364,"e","true",NA,NA,NA,NA,"phase_015_subj_40"
13006,599,14,"<p style=""color:white; font-size: 35px;"">正直</p>","positive","moral","正直",4,336,336,"e","true",NA,NA,NA,NA,"phase_015_subj_40"
13007,599,14,"<p style=""color:rgb(150, 250, 100); font-size: 35px;"">他人</p>","other","moral","他人",4,451,1163.88888888889,"e","false",NA,NA,NA,NA,"phase_015_subj_40"
13008,599,14,"<p style=""color:white; font-size: 35px;"">卑鄙</p>","negative","moral","卑鄙",4,1576,1576,"i","true",NA,NA,NA,NA,"phase_015_subj_40"
13009,599,14,"<p style=""color:rgb(150, 250, 100); font-size: 35px;"">本人的</p>","self","moral","本人的",4,421,421,"e","true",NA,NA,NA,NA,"phase_015_subj_40"
13010,599,14,"<p style=""color:white; font-size: 35px;"">小人</p>","negative","moral","小人",4,585,585,"i","true",NA,NA,NA,NA,"phase_015_subj_40"
13011,599,14,"<p style=""color:rgb(150, 250, 100); font-size: 35px;"">他的</p>","other","moral","他的",4,602,602,"i","true",NA,NA,NA,NA,"phase_015_subj_40"
13012,599,14,"<p style=""color:white; font-size: 35px;"">诚信</p>","positive","moral","诚信",4,404,404,"e","true",NA,NA,NA,NA,"phase_015_subj_40"
13013,599,14,"<p style=""color:rgb(150, 250, 100); font-size: 35px;"">他的</p>","other","moral","他的",4,469,469,"i","true",NA,NA,NA,NA,"phase_015_subj_40"
13014,599,14,"<p style=""color:white; font-size: 35px;"">君子</p>","positive","moral","君子",4,710,710,"e","true",NA,NA,NA,NA,"phase_015_subj_40"
13015,599,14,"<p style=""color:rgb(150, 250, 100); font-size: 35px;"">自己</p>","self","moral","自己",4,464,464,"e","true",NA,NA,NA,NA,"phase_015_subj_40"
13016,599,14,"<p style=""color:white; font-size: 35px;"">缺德</p>","negative","moral","缺德",4,506,506,"i","true",NA,NA,NA,NA,"phase_015_subj_40"
13017,599,14,"<p style=""color:rgb(150, 250, 100); font-size: 35px;"">我的</p>","self","moral","我的",4,377,1163.88888888889,"i","false",NA,NA,NA,NA,"phase_015_subj_40"
13018,599,14,"<p style=""color:white; font-size: 35px;"">廉正</p>","positive","moral","廉正",4,504,504,"e","true",NA,NA,NA,NA,"phase_015_subj_40"
13019,599,14,"<p style=""color:rgb(150, 250, 100); font-size: 35px;"">别人</p>","other","moral","别人",4,550,550,"i","true",NA,NA,NA,NA,"phase_015_subj_40"
13020,599,14,"<p style=""color:white; font-size: 35px;"">黑心</p>","negative","moral","黑心",4,438,438,"i","true",NA,NA,NA,NA,"phase_015_subj_40"
13021,599,14,"<p style=""color:rgb(150, 250, 100); font-size: 35px;"">自己的</p>","self","moral","自己的",4,402,402,"e","true",NA,NA,NA,NA,"phase_015_subj_40"
13022,599,14,"<p style=""color:white; font-size: 35px;"">卑鄙</p>","negative","moral","卑鄙",4,1106,1106,"i","true",NA,NA,NA,NA,"phase_015_subj_40"
13023,599,14,"<p style=""color:rgb(150, 250, 100); font-size: 35px;"">别人的</p>","other","moral","别人的",4,529,529,"i","true",NA,NA,NA,NA,"phase_015_subj_40"
13024,599,14,"<p style=""color:white; font-size: 35px;"">廉正</p>","positive","moral","廉正",4,667,667,"e","true",NA,NA,NA,NA,"phase_015_subj_40"
13025,599,14,"<p style=""color:rgb(150, 250, 100); font-size: 35px;"">他</p>","other","moral","他",4,599,599,"i","true",NA,NA,NA,NA,"phase_015_subj_40"
13026,599,14,"<p style=""color:white; font-size: 35px;"">诚信</p>","positive","moral","诚信",4,496,496,"e","true",NA,NA,NA,NA,"phase_015_subj_40"
13027,599,14,"<p style=""color:rgb(150, 250, 100); font-size: 35px;"">本人</p>","self","moral","本人",4,626,626,"e","true",NA,NA,NA,NA,"phase_015_subj_40"
13028,599,14,"<p style=""color:white; font-size: 35px;"">不孝</p>","negative","moral","不孝",4,679,679,"i","true",NA,NA,NA,NA,"phase_015_subj_40"
13029,599,15,"<p style=""color:rgb(150, 250, 100); font-size: 35px;"">本人的</p>","self","moral","本人的",5,1059,1059,"i","true",NA,NA,NA,NA,"phase_015_subj_40"
13030,599,15,"<p style=""color:rgb(150, 250, 100); font-size: 35px;"">本人</p>","self","moral","本人",5,391,391,"i","true",NA,NA,NA,NA,"phase_015_subj_40"
13031,599,15,"<p style=""color:rgb(150, 250, 100); font-size: 35px;"">别人的</p>","other","moral","别人的",5,417,417,"e","true",NA,NA,NA,NA,"phase_015_subj_40"
13032,599,15,"<p style=""color:rgb(150, 250, 100); font-size: 35px;"">他</p>","other","moral","他",5,360,360,"e","true",NA,NA,NA,NA,"phase_015_subj_40"
13033,599,15,"<p style=""color:rgb(150, 250, 100); font-size: 35px;"">别人</p>","other","moral","别人",5,378,378,"e","true",NA,NA,NA,NA,"phase_015_subj_40"
13034,599,15,"<p style=""color:rgb(150, 250, 100); font-size: 35px;"">他</p>","other","moral","他",5,553,553,"e","true",NA,NA,NA,NA,"phase_015_subj_40"
13035,599,15,"<p style=""color:rgb(150, 250, 100); font-size: 35px;"">我</p>","self","moral","我",5,435,435,"i","true",NA,NA,NA,NA,"phase_015_subj_40"
13036,599,15,"<p style=""color:rgb(150, 250, 100); font-size: 35px;"">本人的</p>","self","moral","本人的",5,583,583,"e","false",NA,NA,NA,NA,"phase_015_subj_40"
13037,599,15,"<p style=""color:rgb(150, 250, 100); font-size: 35px;"">自己的</p>","self","moral","自己的",5,326,326,"i","true",NA,NA,NA,NA,"phase_015_subj_40"
13038,599,15,"<p style=""color:rgb(150, 250, 100); font-size: 35px;"">本人</p>","self","moral","本人",5,415,415,"i","true",NA,NA,NA,NA,"phase_015_subj_40"
13039,599,15,"<p style=""color:rgb(150, 250, 100); font-size: 35px;"">他人</p>","other","moral","他人",5,460,460,"e","true",NA,NA,NA,NA,"phase_015_subj_40"
13040,599,15,"<p style=""color:rgb(150, 250, 100); font-size: 35px;"">自己的</p>","self","moral","自己的",5,451,451,"i","true",NA,NA,NA,NA,"phase_015_subj_40"
13041,599,15,"<p style=""color:rgb(150, 250, 100); font-size: 35px;"">他人的</p>","other","moral","他人的",5,516,516,"e","true",NA,NA,NA,NA,"phase_015_subj_40"
13042,599,15,"<p style=""color:rgb(150, 250, 100); font-size: 35px;"">他的</p>","other","moral","他的",5,502,502,"e","true",NA,NA,NA,NA,"phase_015_subj_40"
13043,599,15,"<p style=""color:rgb(150, 250, 100); font-size: 35px;"">自己</p>","self","moral","自己",5,469,469,"i","true",NA,NA,NA,NA,"phase_015_subj_40"
13044,599,15,"<p style=""color:rgb(150, 250, 100); font-size: 35px;"">别人的</p>","other","moral","别人的",5,513,513,"e","true",NA,NA,NA,NA,"phase_015_subj_40"
13045,599,15,"<p style=""color:rgb(150, 250, 100); font-size: 35px;"">他人</p>","other","moral","他人",5,620,620,"e","true",NA,NA,NA,NA,"phase_015_subj_40"
13046,599,15,"<p style=""color:rgb(150, 250, 100); font-size: 35px;"">别人</p>","other","moral","别人",5,342,342,"e","true",NA,NA,NA,NA,"phase_015_subj_40"
13047,599,15,"<p style=""color:rgb(150, 250, 100); font-size: 35px;"">我的</p>","self","moral","我的",5,566,566,"i","true",NA,NA,NA,NA,"phase_015_subj_40"
13048,599,15,"<p style=""color:rgb(150, 250, 100); font-size: 35px;"">他的</p>","other","moral","他的",5,550,550,"e","true",NA,NA,NA,NA,"phase_015_subj_40"
13049,599,15,"<p style=""color:rgb(150, 250, 100); font-size: 35px;"">他人的</p>","other","moral","他人的",5,351,351,"e","true",NA,NA,NA,NA,"phase_015_subj_40"
13050,599,15,"<p style=""color:rgb(150, 250, 100); font-size: 35px;"">我的</p>","self","moral","我的",5,441,441,"i","true",NA,NA,NA,NA,"phase_015_subj_40"
13051,599,15,"<p style=""color:rgb(150, 250, 100); font-size: 35px;"">我</p>","self","moral","我",5,356,356,"i","true",NA,NA,NA,NA,"phase_015_subj_40"
13052,599,15,"<p style=""color:rgb(150, 250, 100); font-size: 35px;"">自己</p>","self","moral","自己",5,1036,1036,"i","true",NA,NA,NA,NA,"phase_015_subj_40"
13053,599,16,"<p style=""color:white; font-size: 35px;"">君子</p>","positive","moral","君子",6,2278,2278,"e","true",NA,NA,NA,NA,"phase_015_subj_40"
13054,599,16,"<p style=""color:rgb(150, 250, 100); font-size: 35px;"">本人的</p>","self","moral","本人的",6,675,675,"i","true",NA,NA,NA,NA,"phase_015_subj_40"
13055,599,16,"<p style=""color:white; font-size: 35px;"">缺德</p>","negative","moral","缺德",6,504,504,"i","true",NA,NA,NA,NA,"phase_015_subj_40"
13056,599,16,"<p style=""color:rgb(150, 250, 100); font-size: 35px;"">他人</p>","other","moral","他人",6,553,553,"e","true",NA,NA,NA,NA,"phase_015_subj_40"
13057,599,16,"<p style=""color:white; font-size: 35px;"">善良</p>","positive","moral","善良",6,396,396,"e","true",NA,NA,NA,NA,"phase_015_subj_40"
13058,599,16,"<p style=""color:rgb(150, 250, 100); font-size: 35px;"">他人的</p>","other","moral","他人的",6,445,445,"e","true",NA,NA,NA,NA,"phase_015_subj_40"
13059,599,16,"<p style=""color:white; font-size: 35px;"">卑鄙</p>","negative","moral","卑鄙",6,562,562,"i","true",NA,NA,NA,NA,"phase_015_subj_40"
13060,599,16,"<p style=""color:rgb(150, 250, 100); font-size: 35px;"">我</p>","self","moral","我",6,346,346,"i","true",NA,NA,NA,NA,"phase_015_subj_40"
13061,599,16,"<p style=""color:white; font-size: 35px;"">廉正</p>","positive","moral","廉正",6,611,611,"e","true",NA,NA,NA,NA,"phase_015_subj_40"
13062,599,16,"<p style=""color:rgb(150, 250, 100); font-size: 35px;"">别人</p>","other","moral","别人",6,1079,1079,"e","true",NA,NA,NA,NA,"phase_015_subj_40"
13063,599,16,"<p style=""color:white; font-size: 35px;"">黑心</p>","negative","moral","黑心",6,579,579,"i","true",NA,NA,NA,NA,"phase_015_subj_40"
13064,599,16,"<p style=""color:rgb(150, 250, 100); font-size: 35px;"">本人</p>","self","moral","本人",6,713,713,"i","true",NA,NA,NA,NA,"phase_015_subj_40"
13065,599,16,"<p style=""color:white; font-size: 35px;"">小人</p>","negative","moral","小人",6,510,510,"i","true",NA,NA,NA,NA,"phase_015_subj_40"
13066,599,16,"<p style=""color:rgb(150, 250, 100); font-size: 35px;"">他的</p>","other","moral","他的",6,478,478,"e","true",NA,NA,NA,NA,"phase_015_subj_40"
13067,599,16,"<p style=""color:white; font-size: 35px;"">诚信</p>","positive","moral","诚信",6,390,390,"e","true",NA,NA,NA,NA,"phase_015_subj_40"
13068,599,16,"<p style=""color:rgb(150, 250, 100); font-size: 35px;"">自己的</p>","self","moral","自己的",6,753,753,"i","true",NA,NA,NA,NA,"phase_015_subj_40"
13069,599,16,"<p style=""color:white; font-size: 35px;"">不孝</p>","negative","moral","不孝",6,398,398,"i","true",NA,NA,NA,NA,"phase_015_subj_40"
13070,599,16,"<p style=""color:rgb(150, 250, 100); font-size: 35px;"">他</p>","other","moral","他",6,832,832,"e","true",NA,NA,NA,NA,"phase_015_subj_40"
13071,599,16,"<p style=""color:white; font-size: 35px;"">高尚</p>","positive","moral","高尚",6,432,432,"e","true",NA,NA,NA,NA,"phase_015_subj_40"
13072,599,16,"<p style=""color:rgb(150, 250, 100); font-size: 35px;"">我的</p>","self","moral","我的",6,554,554,"i","true",NA,NA,NA,NA,"phase_015_subj_40"
13073,599,16,"<p style=""color:white; font-size: 35px;"">正直</p>","positive","moral","正直",6,423,1273.63636363636,"i","false",NA,NA,NA,NA,"phase_015_subj_40"
13074,599,16,"<p style=""color:rgb(150, 250, 100); font-size: 35px;"">自己</p>","self","moral","自己",6,392,1273.63636363636,"e","false",NA,NA,NA,NA,"phase_015_subj_40"
13075,599,16,"<p style=""color:white; font-size: 35px;"">不仁</p>","negative","moral","不仁",6,679,679,"i","true",NA,NA,NA,NA,"phase_015_subj_40"
13076,599,16,"<p style=""color:rgb(150, 250, 100); font-size: 35px;"">别人的</p>","other","moral","别人的",6,1053,1053,"e","true",NA,NA,NA,NA,"phase_015_subj_40"
13077,599,17,"<p style=""color:white; font-size: 35px;"">不仁</p>","negative","moral","不仁",7,2223,2223,"i","true",NA,NA,NA,NA,"phase_015_subj_40"
13078,599,17,"<p style=""color:rgb(150, 250, 100); font-size: 35px;"">本人</p>","self","moral","本人",7,520,520,"i","true",NA,NA,NA,NA,"phase_015_subj_40"
13079,599,17,"<p style=""color:white; font-size: 35px;"">诚信</p>","positive","moral","诚信",7,586,586,"e","true",NA,NA,NA,NA,"phase_015_subj_40"
13080,599,17,"<p style=""color:rgb(150, 250, 100); font-size: 35px;"">他的</p>","other","moral","他的",7,317,317,"e","true",NA,NA,NA,NA,"phase_015_subj_40"
13081,599,17,"<p style=""color:white; font-size: 35px;"">缺德</p>","negative","moral","缺德",7,692,692,"i","true",NA,NA,NA,NA,"phase_015_subj_40"
13082,599,17,"<p style=""color:rgb(150, 250, 100); font-size: 35px;"">自己的</p>","self","moral","自己的",7,565,565,"i","true",NA,NA,NA,NA,"phase_015_subj_40"
13083,599,17,"<p style=""color:white; font-size: 35px;"">廉正</p>","positive","moral","廉正",7,375,1445.62790697674,"i","false",NA,NA,NA,NA,"phase_015_subj_40"
13084,599,17,"<p style=""color:rgb(150, 250, 100); font-size: 35px;"">他人的</p>","other","moral","他人的",7,574,574,"e","true",NA,NA,NA,NA,"phase_015_subj_40"
13085,599,17,"<p style=""color:white; font-size: 35px;"">高尚</p>","positive","moral","高尚",7,1414,1414,"e","true",NA,NA,NA,NA,"phase_015_subj_40"
13086,599,17,"<p style=""color:rgb(150, 250, 100); font-size: 35px;"">别人</p>","other","moral","别人",7,466,466,"e","true",NA,NA,NA,NA,"phase_015_subj_40"
13087,599,17,"<p style=""color:white; font-size: 35px;"">黑心</p>","negative","moral","黑心",7,924,924,"i","true",NA,NA,NA,NA,"phase_015_subj_40"
13088,599,17,"<p style=""color:rgb(150, 250, 100); font-size: 35px;"">本人的</p>","self","moral","本人的",7,435,435,"i","true",NA,NA,NA,NA,"phase_015_subj_40"
13089,599,17,"<p style=""color:white; font-size: 35px;"">君子</p>","positive","moral","君子",7,562,562,"e","true",NA,NA,NA,NA,"phase_015_subj_40"
13090,599,17,"<p style=""color:rgb(150, 250, 100); font-size: 35px;"">他</p>","other","moral","他",7,303,303,"e","true",NA,NA,NA,NA,"phase_015_subj_40"
13091,599,17,"<p style=""color:white; font-size: 35px;"">不孝</p>","negative","moral","不孝",7,615,615,"i","true",NA,NA,NA,NA,"phase_015_subj_40"
13092,599,17,"<p style=""color:rgb(150, 250, 100); font-size: 35px;"">自己的</p>","self","moral","自己的",7,371,371,"i","true",NA,NA,NA,NA,"phase_015_subj_40"
13093,599,17,"<p style=""color:white; font-size: 35px;"">君子</p>","positive","moral","君子",7,497,497,"e","true",NA,NA,NA,NA,"phase_015_subj_40"
13094,599,17,"<p style=""color:rgb(150, 250, 100); font-size: 35px;"">本人</p>","self","moral","本人",7,301,1445.62790697674,"e","false",NA,NA,NA,NA,"phase_015_subj_40"
13095,599,17,"<p style=""color:white; font-size: 35px;"">小人</p>","negative","moral","小人",7,797,797,"i","true",NA,NA,NA,NA,"phase_015_subj_40"
13096,599,17,"<p style=""color:rgb(150, 250, 100); font-size: 35px;"">别人的</p>","other","moral","别人的",7,993,993,"e","true",NA,NA,NA,NA,"phase_015_subj_40"
13097,599,17,"<p style=""color:white; font-size: 35px;"">不仁</p>","negative","moral","不仁",7,888,888,"i","true",NA,NA,NA,NA,"phase_015_subj_40"
13098,599,17,"<p style=""color:rgb(150, 250, 100); font-size: 35px;"">自己</p>","self","moral","自己",7,749,749,"i","true",NA,NA,NA,NA,"phase_015_subj_40"
13099,599,17,"<p style=""color:white; font-size: 35px;"">廉正</p>","positive","moral","廉正",7,664,664,"e","true",NA,NA,NA,NA,"phase_015_subj_40"
13100,599,17,"<p style=""color:rgb(150, 250, 100); font-size: 35px;"">他人的</p>","other","moral","他人的",7,534,534,"e","true",NA,NA,NA,NA,"phase_015_subj_40"
13101,599,17,"<p style=""color:white; font-size: 35px;"">高尚</p>","positive","moral","高尚",7,643,1445.62790697674,"i","false",NA,NA,NA,NA,"phase_015_subj_40"
13102,599,17,"<p style=""color:rgb(150, 250, 100); font-size: 35px;"">自己</p>","self","moral","自己",7,587,587,"i","true",NA,NA,NA,NA,"phase_015_subj_40"
13103,599,17,"<p style=""color:white; font-size: 35px;"">不孝</p>","negative","moral","不孝",7,602,602,"i","true",NA,NA,NA,NA,"phase_015_subj_40"
13104,599,17,"<p style=""color:rgb(150, 250, 100); font-size: 35px;"">他</p>","other","moral","他",7,592,592,"e","true",NA,NA,NA,NA,"phase_015_subj_40"
13105,599,17,"<p style=""color:white; font-size: 35px;"">黑心</p>","negative","moral","黑心",7,572,572,"i","true",NA,NA,NA,NA,"phase_015_subj_40"
13106,599,17,"<p style=""color:rgb(150, 250, 100); font-size: 35px;"">我的</p>","self","moral","我的",7,403,403,"i","true",NA,NA,NA,NA,"phase_015_subj_40"
13107,599,17,"<p style=""color:white; font-size: 35px;"">诚信</p>","positive","moral","诚信",7,731,731,"e","true",NA,NA,NA,NA,"phase_015_subj_40"
13108,599,17,"<p style=""color:rgb(150, 250, 100); font-size: 35px;"">他人</p>","other","moral","他人",7,398,398,"e","true",NA,NA,NA,NA,"phase_015_subj_40"
13109,599,17,"<p style=""color:white; font-size: 35px;"">小人</p>","negative","moral","小人",7,1157,1157,"i","true",NA,NA,NA,NA,"phase_015_subj_40"
13110,599,17,"<p style=""color:rgb(150, 250, 100); font-size: 35px;"">本人的</p>","self","moral","本人的",7,514,514,"i","true",NA,NA,NA,NA,"phase_015_subj_40"
13111,599,17,"<p style=""color:white; font-size: 35px;"">善良</p>","positive","moral","善良",7,518,518,"e","true",NA,NA,NA,NA,"phase_015_subj_40"
13112,599,17,"<p style=""color:rgb(150, 250, 100); font-size: 35px;"">他的</p>","other","moral","他的",7,528,1445.62790697674,"i","false",NA,NA,NA,NA,"phase_015_subj_40"
13113,599,17,"<p style=""color:white; font-size: 35px;"">缺德</p>","negative","moral","缺德",7,649,649,"i","true",NA,NA,NA,NA,"phase_015_subj_40"
13114,599,17,"<p style=""color:rgb(150, 250, 100); font-size: 35px;"">他人</p>","other","moral","他人",7,621,1445.62790697674,"i","false",NA,NA,NA,NA,"phase_015_subj_40"
13115,599,17,"<p style=""color:white; font-size: 35px;"">正直</p>","positive","moral","正直",7,1066,1066,"e","true",NA,NA,NA,NA,"phase_015_subj_40"
13116,599,17,"<p style=""color:rgb(150, 250, 100); font-size: 35px;"">我</p>","self","moral","我",7,772,772,"i","true",NA,NA,NA,NA,"phase_015_subj_40"
13117,599,17,"<p style=""color:white; font-size: 35px;"">正直</p>","positive","moral","正直",7,2526,2526,"e","true",NA,NA,NA,NA,"phase_015_subj_40"
13118,599,17,"<p style=""color:rgb(150, 250, 100); font-size: 35px;"">我</p>","self","moral","我",7,781,781,"i","true",NA,NA,NA,NA,"phase_015_subj_40"
13119,599,17,"<p style=""color:white; font-size: 35px;"">卑鄙</p>","negative","moral","卑鄙",7,1683,1683,"i","true",NA,NA,NA,NA,"phase_015_subj_40"
13120,599,17,"<p style=""color:rgb(150, 250, 100); font-size: 35px;"">别人的</p>","other","moral","别人的",7,1198,1198,"e","true",NA,NA,NA,NA,"phase_015_subj_40"
13121,599,17,"<p style=""color:white; font-size: 35px;"">卑鄙</p>","negative","moral","卑鄙",7,1066,1066,"i","true",NA,NA,NA,NA,"phase_015_subj_40"
13122,599,17,"<p style=""color:rgb(150, 250, 100); font-size: 35px;"">别人</p>","other","moral","别人",7,3676,3676,"e","true",NA,NA,NA,NA,"phase_015_subj_40"
13123,599,17,"<p style=""color:white; font-size: 35px;"">善良</p>","positive","moral","善良",7,666,666,"e","true",NA,NA,NA,NA,"phase_015_subj_40"
13124,599,17,"<p style=""color:rgb(150, 250, 100); font-size: 35px;"">我的</p>","self","moral","我的",7,516,516,"i","true",NA,NA,NA,NA,"phase_015_subj_40"
13125,321,NA,"
    <h3>词语分类任务</h3>
    <p>在接下来的任务中，你需要对一系列词语进行分类。<p/>
    请先熟悉这些词语，这有利于你完成接下来的任务。</p>
    <table align=""center"" border=1 cellpadding=3 cellspacing=0>
    <tr> <th>类别</th> <th>词语</th> </tr>
    <tr> <td>&emsp;积极&emsp;</td> <td>&emsp;高尚、诚信、善良、君子、廉正、正直&emsp;</td> </tr>
    <tr> <td>&emsp;消极&emsp;</td> <td>&emsp;缺德、卑鄙、不孝、不仁、小人、黑心&emsp;</td> </tr>
    <tr> <td>&emsp;自我&emsp;</td> <td>&emsp;我、我的、自己、自己的、本人、本人的&emsp;</td> </tr>
    <tr> <td>&emsp;他人&emsp;</td> <td>&emsp;他、他的、别人、别人的、他人、他人的&emsp;</td> </tr>
    </table><br/>","","","",NA,13673,NA,"0","",NA,NA,2,2,"phase_015_subj_19"
13126,321,11,"<p style=""color:rgb(150, 250, 100); font-size: 35px;"">本人的</p>","self","moral","本人的",1,1023,1023,"i","true",NA,NA,NA,NA,"phase_015_subj_19"
13127,321,11,"<p style=""color:rgb(150, 250, 100); font-size: 35px;"">别人</p>","other","moral","别人",1,553,553,"e","true",NA,NA,NA,NA,"phase_015_subj_19"
13128,321,11,"<p style=""color:rgb(150, 250, 100); font-size: 35px;"">自己</p>","self","moral","自己",1,537,537,"i","true",NA,NA,NA,NA,"phase_015_subj_19"
13129,321,11,"<p style=""color:rgb(150, 250, 100); font-size: 35px;"">我</p>","self","moral","我",1,519,519,"i","true",NA,NA,NA,NA,"phase_015_subj_19"
13130,321,11,"<p style=""color:rgb(150, 250, 100); font-size: 35px;"">我的</p>","self","moral","我的",1,394,394,"i","true",NA,NA,NA,NA,"phase_015_subj_19"
13131,321,11,"<p style=""color:rgb(150, 250, 100); font-size: 35px;"">他的</p>","other","moral","他的",1,530,530,"e","true",NA,NA,NA,NA,"phase_015_subj_19"
13132,321,11,"<p style=""color:rgb(150, 250, 100); font-size: 35px;"">他人的</p>","other","moral","他人的",1,347,347,"e","true",NA,NA,NA,NA,"phase_015_subj_19"
13133,321,11,"<p style=""color:rgb(150, 250, 100); font-size: 35px;"">自己的</p>","self","moral","自己的",1,468,468,"i","true",NA,NA,NA,NA,"phase_015_subj_19"
13134,321,11,"<p style=""color:rgb(150, 250, 100); font-size: 35px;"">别人的</p>","other","moral","别人的",1,586,586,"e","true",NA,NA,NA,NA,"phase_015_subj_19"
13135,321,11,"<p style=""color:rgb(150, 250, 100); font-size: 35px;"">本人</p>","self","moral","本人",1,410,410,"i","true",NA,NA,NA,NA,"phase_015_subj_19"
13136,321,11,"<p style=""color:rgb(150, 250, 100); font-size: 35px;"">他人</p>","other","moral","他人",1,917,917,"e","true",NA,NA,NA,NA,"phase_015_subj_19"
13137,321,11,"<p style=""color:rgb(150, 250, 100); font-size: 35px;"">他</p>","other","moral","他",1,356,356,"i","false",NA,NA,NA,NA,"phase_015_subj_19"
13138,321,12,"<p style=""color:white; font-size: 35px;"">不孝</p>","negative","moral","不孝",2,738,738,"e","true",NA,NA,NA,NA,"phase_015_subj_19"
13139,321,12,"<p style=""color:white; font-size: 35px;"">不仁</p>","negative","moral","不仁",2,463,463,"e","true",NA,NA,NA,NA,"phase_015_subj_19"
13140,321,12,"<p style=""color:white; font-size: 35px;"">缺德</p>","negative","moral","缺德",2,369,369,"e","true",NA,NA,NA,NA,"phase_015_subj_19"
13141,321,12,"<p style=""color:white; font-size: 35px;"">善良</p>","positive","moral","善良",2,487,487,"i","true",NA,NA,NA,NA,"phase_015_subj_19"
13142,321,12,"<p style=""color:white; font-size: 35px;"">诚信</p>","positive","moral","诚信",2,363,363,"i","true",NA,NA,NA,NA,"phase_015_subj_19"
13143,321,12,"<p style=""color:white; font-size: 35px;"">黑心</p>","negative","moral","黑心",2,450,450,"e","true",NA,NA,NA,NA,"phase_015_subj_19"
13144,321,12,"<p style=""color:white; font-size: 35px;"">卑鄙</p>","negative","moral","卑鄙",2,468,468,"e","true",NA,NA,NA,NA,"phase_015_subj_19"
13145,321,12,"<p style=""color:white; font-size: 35px;"">小人</p>","negative","moral","小人",2,460,460,"i","false",NA,NA,NA,NA,"phase_015_subj_19"
13146,321,12,"<p style=""color:white; font-size: 35px;"">正直</p>","positive","moral","正直",2,491,491,"i","true",NA,NA,NA,NA,"phase_015_subj_19"
13147,321,12,"<p style=""color:white; font-size: 35px;"">君子</p>","positive","moral","君子",2,440,440,"i","true",NA,NA,NA,NA,"phase_015_subj_19"
13148,321,12,"<p style=""color:white; font-size: 35px;"">廉正</p>","positive","moral","廉正",2,563,563,"i","true",NA,NA,NA,NA,"phase_015_subj_19"
13149,321,12,"<p style=""color:white; font-size: 35px;"">高尚</p>","positive","moral","高尚",2,519,519,"i","true",NA,NA,NA,NA,"phase_015_subj_19"
13150,321,13,"<p style=""color:rgb(150, 250, 100); font-size: 35px;"">本人</p>","self","moral","本人",3,815,815,"i","true",NA,NA,NA,NA,"phase_015_subj_19"
13151,321,13,"<p style=""color:white; font-size: 35px;"">正直</p>","positive","moral","正直",3,372,372,"i","true",NA,NA,NA,NA,"phase_015_subj_19"
13152,321,13,"<p style=""color:rgb(150, 250, 100); font-size: 35px;"">别人的</p>","other","moral","别人的",3,436,436,"e","true",NA,NA,NA,NA,"phase_015_subj_19"
13153,321,13,"<p style=""color:white; font-size: 35px;"">卑鄙</p>","negative","moral","卑鄙",3,415,415,"e","true",NA,NA,NA,NA,"phase_015_subj_19"
13154,321,13,"<p style=""color:rgb(150, 250, 100); font-size: 35px;"">他人</p>","other","moral","他人",3,497,497,"e","true",NA,NA,NA,NA,"phase_015_subj_19"
13155,321,13,"<p style=""color:white; font-size: 35px;"">不孝</p>","negative","moral","不孝",3,391,391,"e","true",NA,NA,NA,NA,"phase_015_subj_19"
13156,321,13,"<p style=""color:rgb(150, 250, 100); font-size: 35px;"">自己的</p>","self","moral","自己的",3,555,555,"i","true",NA,NA,NA,NA,"phase_015_subj_19"
13157,321,13,"<p style=""color:white; font-size: 35px;"">高尚</p>","positive","moral","高尚",3,423,423,"i","true",NA,NA,NA,NA,"phase_015_subj_19"
13158,321,13,"<p style=""color:rgb(150, 250, 100); font-size: 35px;"">他人的</p>","other","moral","他人的",3,505,505,"e","true",NA,NA,NA,NA,"phase_015_subj_19"
13159,321,13,"<p style=""color:white; font-size: 35px;"">小人</p>","negative","moral","小人",3,516,516,"e","true",NA,NA,NA,NA,"phase_015_subj_19"
13160,321,13,"<p style=""color:rgb(150, 250, 100); font-size: 35px;"">我的</p>","self","moral","我的",3,391,391,"i","true",NA,NA,NA,NA,"phase_015_subj_19"
13161,321,13,"<p style=""color:white; font-size: 35px;"">君子</p>","positive","moral","君子",3,509,509,"i","true",NA,NA,NA,NA,"phase_015_subj_19"
13162,321,13,"<p style=""color:rgb(150, 250, 100); font-size: 35px;"">他的</p>","other","moral","他的",3,544,544,"e","true",NA,NA,NA,NA,"phase_015_subj_19"
13163,321,13,"<p style=""color:white; font-size: 35px;"">黑心</p>","negative","moral","黑心",3,531,531,"e","true",NA,NA,NA,NA,"phase_015_subj_19"
13164,321,13,"<p style=""color:rgb(150, 250, 100); font-size: 35px;"">我</p>","self","moral","我",3,459,459,"i","true",NA,NA,NA,NA,"phase_015_subj_19"
13165,321,13,"<p style=""color:white; font-size: 35px;"">善良</p>","positive","moral","善良",3,512,512,"i","true",NA,NA,NA,NA,"phase_015_subj_19"
13166,321,13,"<p style=""color:rgb(150, 250, 100); font-size: 35px;"">别人</p>","other","moral","别人",3,513,513,"e","true",NA,NA,NA,NA,"phase_015_subj_19"
13167,321,13,"<p style=""color:white; font-size: 35px;"">诚信</p>","positive","moral","诚信",3,413,1109,"e","false",NA,NA,NA,NA,"phase_015_subj_19"
13168,321,13,"<p style=""color:rgb(150, 250, 100); font-size: 35px;"">自己</p>","self","moral","自己",3,434,434,"i","true",NA,NA,NA,NA,"phase_015_subj_19"
13169,321,13,"<p style=""color:white; font-size: 35px;"">不仁</p>","negative","moral","不仁",3,495,495,"e","true",NA,NA,NA,NA,"phase_015_subj_19"
13170,321,13,"<p style=""color:rgb(150, 250, 100); font-size: 35px;"">本人的</p>","self","moral","本人的",3,730,730,"i","true",NA,NA,NA,NA,"phase_015_subj_19"
13171,321,13,"<p style=""color:white; font-size: 35px;"">廉正</p>","positive","moral","廉正",3,612,612,"i","true",NA,NA,NA,NA,"phase_015_subj_19"
13172,321,13,"<p style=""color:rgb(150, 250, 100); font-size: 35px;"">他</p>","other","moral","他",3,541,541,"e","true",NA,NA,NA,NA,"phase_015_subj_19"
13173,321,13,"<p style=""color:white; font-size: 35px;"">缺德</p>","negative","moral","缺德",3,511,511,"e","true",NA,NA,NA,NA,"phase_015_subj_19"
13174,321,14,"<p style=""color:rgb(150, 250, 100); font-size: 35px;"">别人</p>","other","moral","别人",4,549,549,"e","true",NA,NA,NA,NA,"phase_015_subj_19"
13175,321,14,"<p style=""color:white; font-size: 35px;"">善良</p>","positive","moral","善良",4,508,508,"i","true",NA,NA,NA,NA,"phase_015_subj_19"
13176,321,14,"<p style=""color:rgb(150, 250, 100); font-size: 35px;"">我的</p>","self","moral","我的",4,390,390,"i","true",NA,NA,NA,NA,"phase_015_subj_19"
13177,321,14,"<p style=""color:white; font-size: 35px;"">黑心</p>","negative","moral","黑心",4,375,375,"e","true",NA,NA,NA,NA,"phase_015_subj_19"
13178,321,14,"<p style=""color:rgb(150, 250, 100); font-size: 35px;"">本人的</p>","self","moral","本人的",4,473,1076.16666666667,"e","false",NA,NA,NA,NA,"phase_015_subj_19"
13179,321,14,"<p style=""color:white; font-size: 35px;"">正直</p>","positive","moral","正直",4,443,443,"i","true",NA,NA,NA,NA,"phase_015_subj_19"
13180,321,14,"<p style=""color:rgb(150, 250, 100); font-size: 35px;"">他人</p>","other","moral","他人",4,421,421,"e","true",NA,NA,NA,NA,"phase_015_subj_19"
13181,321,14,"<p style=""color:white; font-size: 35px;"">卑鄙</p>","negative","moral","卑鄙",4,452,452,"e","true",NA,NA,NA,NA,"phase_015_subj_19"
13182,321,14,"<p style=""color:rgb(150, 250, 100); font-size: 35px;"">他</p>","other","moral","他",4,407,1076.16666666667,"i","false",NA,NA,NA,NA,"phase_015_subj_19"
13183,321,14,"<p style=""color:white; font-size: 35px;"">高尚</p>","positive","moral","高尚",4,403,1076.16666666667,"e","false",NA,NA,NA,NA,"phase_015_subj_19"
13184,321,14,"<p style=""color:rgb(150, 250, 100); font-size: 35px;"">自己的</p>","self","moral","自己的",4,499,499,"i","true",NA,NA,NA,NA,"phase_015_subj_19"
13185,321,14,"<p style=""color:white; font-size: 35px;"">黑心</p>","negative","moral","黑心",4,422,422,"e","true",NA,NA,NA,NA,"phase_015_subj_19"
13186,321,14,"<p style=""color:rgb(150, 250, 100); font-size: 35px;"">他人的</p>","other","moral","他人的",4,472,472,"e","true",NA,NA,NA,NA,"phase_015_subj_19"
13187,321,14,"<p style=""color:white; font-size: 35px;"">君子</p>","positive","moral","君子",4,402,402,"i","true",NA,NA,NA,NA,"phase_015_subj_19"
13188,321,14,"<p style=""color:rgb(150, 250, 100); font-size: 35px;"">本人</p>","self","moral","本人",4,448,448,"i","true",NA,NA,NA,NA,"phase_015_subj_19"
13189,321,14,"<p style=""color:white; font-size: 35px;"">缺德</p>","negative","moral","缺德",4,377,377,"e","true",NA,NA,NA,NA,"phase_015_subj_19"
13190,321,14,"<p style=""color:rgb(150, 250, 100); font-size: 35px;"">自己的</p>","self","moral","自己的",4,791,791,"i","true",NA,NA,NA,NA,"phase_015_subj_19"
13191,321,14,"<p style=""color:white; font-size: 35px;"">廉正</p>","positive","moral","廉正",4,634,634,"i","true",NA,NA,NA,NA,"phase_015_subj_19"
13192,321,14,"<p style=""color:rgb(150, 250, 100); font-size: 35px;"">他</p>","other","moral","他",4,641,641,"e","true",NA,NA,NA,NA,"phase_015_subj_19"
13193,321,14,"<p style=""color:white; font-size: 35px;"">不孝</p>","negative","moral","不孝",4,484,484,"e","true",NA,NA,NA,NA,"phase_015_subj_19"
13194,321,14,"<p style=""color:rgb(150, 250, 100); font-size: 35px;"">别人的</p>","other","moral","别人的",4,478,478,"e","true",NA,NA,NA,NA,"phase_015_subj_19"
13195,321,14,"<p style=""color:white; font-size: 35px;"">缺德</p>","negative","moral","缺德",4,373,373,"e","true",NA,NA,NA,NA,"phase_015_subj_19"
13196,321,14,"<p style=""color:rgb(150, 250, 100); font-size: 35px;"">自己</p>","self","moral","自己",4,424,424,"i","true",NA,NA,NA,NA,"phase_015_subj_19"
13197,321,14,"<p style=""color:white; font-size: 35px;"">正直</p>","positive","moral","正直",4,382,382,"i","true",NA,NA,NA,NA,"phase_015_subj_19"
13198,321,14,"<p style=""color:rgb(150, 250, 100); font-size: 35px;"">我</p>","self","moral","我",4,398,398,"i","true",NA,NA,NA,NA,"phase_015_subj_19"
13199,321,14,"<p style=""color:white; font-size: 35px;"">不仁</p>","negative","moral","不仁",4,457,1076.16666666667,"i","false",NA,NA,NA,NA,"phase_015_subj_19"
13200,321,14,"<p style=""color:rgb(150, 250, 100); font-size: 35px;"">他的</p>","other","moral","他的",4,468,468,"e","true",NA,NA,NA,NA,"phase_015_subj_19"
13201,321,14,"<p style=""color:white; font-size: 35px;"">廉正</p>","positive","moral","廉正",4,453,453,"i","true",NA,NA,NA,NA,"phase_015_subj_19"
13202,321,14,"<p style=""color:rgb(150, 250, 100); font-size: 35px;"">自己</p>","self","moral","自己",4,377,377,"i","true",NA,NA,NA,NA,"phase_015_subj_19"
13203,321,14,"<p style=""color:white; font-size: 35px;"">诚信</p>","positive","moral","诚信",4,495,495,"i","true",NA,NA,NA,NA,"phase_015_subj_19"
13204,321,14,"<p style=""color:rgb(150, 250, 100); font-size: 35px;"">别人</p>","other","moral","别人",4,606,606,"e","true",NA,NA,NA,NA,"phase_015_subj_19"
13205,321,14,"<p style=""color:white; font-size: 35px;"">不孝</p>","negative","moral","不孝",4,496,496,"e","true",NA,NA,NA,NA,"phase_015_subj_19"
13206,321,14,"<p style=""color:rgb(150, 250, 100); font-size: 35px;"">他人</p>","other","moral","他人",4,492,492,"e","true",NA,NA,NA,NA,"phase_015_subj_19"
13207,321,14,"<p style=""color:white; font-size: 35px;"">不仁</p>","negative","moral","不仁",4,401,401,"e","true",NA,NA,NA,NA,"phase_015_subj_19"
13208,321,14,"<p style=""color:rgb(150, 250, 100); font-size: 35px;"">我</p>","self","moral","我",4,635,635,"i","true",NA,NA,NA,NA,"phase_015_subj_19"
13209,321,14,"<p style=""color:white; font-size: 35px;"">君子</p>","positive","moral","君子",4,415,415,"i","true",NA,NA,NA,NA,"phase_015_subj_19"
13210,321,14,"<p style=""color:rgb(150, 250, 100); font-size: 35px;"">本人</p>","self","moral","本人",4,387,1076.16666666667,"e","false",NA,NA,NA,NA,"phase_015_subj_19"
13211,321,14,"<p style=""color:white; font-size: 35px;"">小人</p>","negative","moral","小人",4,421,1076.16666666667,"i","false",NA,NA,NA,NA,"phase_015_subj_19"
13212,321,14,"<p style=""color:rgb(150, 250, 100); font-size: 35px;"">他人的</p>","other","moral","他人的",4,489,489,"e","true",NA,NA,NA,NA,"phase_015_subj_19"
13213,321,14,"<p style=""color:white; font-size: 35px;"">善良</p>","positive","moral","善良",4,512,512,"i","true",NA,NA,NA,NA,"phase_015_subj_19"
13214,321,14,"<p style=""color:rgb(150, 250, 100); font-size: 35px;"">我的</p>","self","moral","我的",4,367,367,"i","true",NA,NA,NA,NA,"phase_015_subj_19"
13215,321,14,"<p style=""color:white; font-size: 35px;"">高尚</p>","positive","moral","高尚",4,499,499,"i","true",NA,NA,NA,NA,"phase_015_subj_19"
13216,321,14,"<p style=""color:rgb(150, 250, 100); font-size: 35px;"">他的</p>","other","moral","他的",4,628,628,"e","true",NA,NA,NA,NA,"phase_015_subj_19"
13217,321,14,"<p style=""color:white; font-size: 35px;"">小人</p>","negative","moral","小人",4,406,406,"e","true",NA,NA,NA,NA,"phase_015_subj_19"
13218,321,14,"<p style=""color:rgb(150, 250, 100); font-size: 35px;"">本人的</p>","self","moral","本人的",4,689,689,"i","true",NA,NA,NA,NA,"phase_015_subj_19"
13219,321,14,"<p style=""color:white; font-size: 35px;"">诚信</p>","positive","moral","诚信",4,417,417,"i","true",NA,NA,NA,NA,"phase_015_subj_19"
13220,321,14,"<p style=""color:rgb(150, 250, 100); font-size: 35px;"">别人的</p>","other","moral","别人的",4,368,368,"e","true",NA,NA,NA,NA,"phase_015_subj_19"
13221,321,14,"<p style=""color:white; font-size: 35px;"">卑鄙</p>","negative","moral","卑鄙",4,423,423,"e","true",NA,NA,NA,NA,"phase_015_subj_19"
13222,321,15,"<p style=""color:rgb(150, 250, 100); font-size: 35px;"">别人的</p>","other","moral","别人的",5,875,875,"i","true",NA,NA,NA,NA,"phase_015_subj_19"
13223,321,15,"<p style=""color:rgb(150, 250, 100); font-size: 35px;"">他的</p>","other","moral","他的",5,426,426,"i","true",NA,NA,NA,NA,"phase_015_subj_19"
13224,321,15,"<p style=""color:rgb(150, 250, 100); font-size: 35px;"">他人的</p>","other","moral","他人的",5,368,368,"i","true",NA,NA,NA,NA,"phase_015_subj_19"
13225,321,15,"<p style=""color:rgb(150, 250, 100); font-size: 35px;"">别人</p>","other","moral","别人",5,543,543,"e","false",NA,NA,NA,NA,"phase_015_subj_19"
13226,321,15,"<p style=""color:rgb(150, 250, 100); font-size: 35px;"">自己</p>","self","moral","自己",5,400,400,"e","true",NA,NA,NA,NA,"phase_015_subj_19"
13227,321,15,"<p style=""color:rgb(150, 250, 100); font-size: 35px;"">他人的</p>","other","moral","他人的",5,474,474,"i","true",NA,NA,NA,NA,"phase_015_subj_19"
13228,321,15,"<p style=""color:rgb(150, 250, 100); font-size: 35px;"">我</p>","self","moral","我",5,422,422,"e","true",NA,NA,NA,NA,"phase_015_subj_19"
13229,321,15,"<p style=""color:rgb(150, 250, 100); font-size: 35px;"">自己</p>","self","moral","自己",5,437,437,"e","true",NA,NA,NA,NA,"phase_015_subj_19"
13230,321,15,"<p style=""color:rgb(150, 250, 100); font-size: 35px;"">本人</p>","self","moral","本人",5,346,346,"e","true",NA,NA,NA,NA,"phase_015_subj_19"
13231,321,15,"<p style=""color:rgb(150, 250, 100); font-size: 35px;"">自己的</p>","self","moral","自己的",5,351,351,"e","true",NA,NA,NA,NA,"phase_015_subj_19"
13232,321,15,"<p style=""color:rgb(150, 250, 100); font-size: 35px;"">本人的</p>","self","moral","本人的",5,408,408,"e","true",NA,NA,NA,NA,"phase_015_subj_19"
13233,321,15,"<p style=""color:rgb(150, 250, 100); font-size: 35px;"">别人</p>","other","moral","别人",5,394,394,"e","false",NA,NA,NA,NA,"phase_015_subj_19"
13234,321,15,"<p style=""color:rgb(150, 250, 100); font-size: 35px;"">本人</p>","self","moral","本人",5,541,541,"e","true",NA,NA,NA,NA,"phase_015_subj_19"
13235,321,15,"<p style=""color:rgb(150, 250, 100); font-size: 35px;"">本人的</p>","self","moral","本人的",5,370,370,"e","true",NA,NA,NA,NA,"phase_015_subj_19"
13236,321,15,"<p style=""color:rgb(150, 250, 100); font-size: 35px;"">他</p>","other","moral","他",5,413,413,"i","true",NA,NA,NA,NA,"phase_015_subj_19"
13237,321,15,"<p style=""color:rgb(150, 250, 100); font-size: 35px;"">自己的</p>","self","moral","自己的",5,624,624,"e","true",NA,NA,NA,NA,"phase_015_subj_19"
13238,321,15,"<p style=""color:rgb(150, 250, 100); font-size: 35px;"">我</p>","self","moral","我",5,389,389,"e","true",NA,NA,NA,NA,"phase_015_subj_19"
13239,321,15,"<p style=""color:rgb(150, 250, 100); font-size: 35px;"">他人</p>","other","moral","他人",5,461,461,"i","true",NA,NA,NA,NA,"phase_015_subj_19"
13240,321,15,"<p style=""color:rgb(150, 250, 100); font-size: 35px;"">别人的</p>","other","moral","别人的",5,796,796,"e","false",NA,NA,NA,NA,"phase_015_subj_19"
13241,321,15,"<p style=""color:rgb(150, 250, 100); font-size: 35px;"">他人</p>","other","moral","他人",5,472,472,"i","true",NA,NA,NA,NA,"phase_015_subj_19"
13242,321,15,"<p style=""color:rgb(150, 250, 100); font-size: 35px;"">我的</p>","self","moral","我的",5,487,487,"e","true",NA,NA,NA,NA,"phase_015_subj_19"
13243,321,15,"<p style=""color:rgb(150, 250, 100); font-size: 35px;"">他</p>","other","moral","他",5,494,494,"i","true",NA,NA,NA,NA,"phase_015_subj_19"
13244,321,15,"<p style=""color:rgb(150, 250, 100); font-size: 35px;"">他的</p>","other","moral","他的",5,379,379,"i","true",NA,NA,NA,NA,"phase_015_subj_19"
13245,321,15,"<p style=""color:rgb(150, 250, 100); font-size: 35px;"">我的</p>","self","moral","我的",5,404,404,"e","true",NA,NA,NA,NA,"phase_015_subj_19"
13246,321,16,"<p style=""color:white; font-size: 35px;"">君子</p>","positive","moral","君子",6,591,1264.52631578947,"e","false",NA,NA,NA,NA,"phase_015_subj_19"
13247,321,16,"<p style=""color:rgb(150, 250, 100); font-size: 35px;"">自己的</p>","self","moral","自己的",6,492,492,"e","true",NA,NA,NA,NA,"phase_015_subj_19"
13248,321,16,"<p style=""color:white; font-size: 35px;"">缺德</p>","negative","moral","缺德",6,394,394,"e","true",NA,NA,NA,NA,"phase_015_subj_19"
13249,321,16,"<p style=""color:rgb(150, 250, 100); font-size: 35px;"">别人的</p>","other","moral","别人的",6,461,461,"i","true",NA,NA,NA,NA,"phase_015_subj_19"
13250,321,16,"<p style=""color:white; font-size: 35px;"">诚信</p>","positive","moral","诚信",6,433,433,"i","true",NA,NA,NA,NA,"phase_015_subj_19"
13251,321,16,"<p style=""color:rgb(150, 250, 100); font-size: 35px;"">本人的</p>","self","moral","本人的",6,402,1264.52631578947,"i","false",NA,NA,NA,NA,"phase_015_subj_19"
13252,321,16,"<p style=""color:white; font-size: 35px;"">卑鄙</p>","negative","moral","卑鄙",6,600,600,"e","true",NA,NA,NA,NA,"phase_015_subj_19"
13253,321,16,"<p style=""color:rgb(150, 250, 100); font-size: 35px;"">他</p>","other","moral","他",6,621,621,"i","true",NA,NA,NA,NA,"phase_015_subj_19"
13254,321,16,"<p style=""color:white; font-size: 35px;"">正直</p>","positive","moral","正直",6,433,433,"i","true",NA,NA,NA,NA,"phase_015_subj_19"
13255,321,16,"<p style=""color:rgb(150, 250, 100); font-size: 35px;"">我</p>","self","moral","我",6,873,1264.52631578947,"i","false",NA,NA,NA,NA,"phase_015_subj_19"
13256,321,16,"<p style=""color:white; font-size: 35px;"">小人</p>","negative","moral","小人",6,392,392,"e","true",NA,NA,NA,NA,"phase_015_subj_19"
13257,321,16,"<p style=""color:rgb(150, 250, 100); font-size: 35px;"">他的</p>","other","moral","他的",6,616,616,"i","true",NA,NA,NA,NA,"phase_015_subj_19"
13258,321,16,"<p style=""color:white; font-size: 35px;"">善良</p>","positive","moral","善良",6,759,1264.52631578947,"e","false",NA,NA,NA,NA,"phase_015_subj_19"
13259,321,16,"<p style=""color:rgb(150, 250, 100); font-size: 35px;"">自己</p>","self","moral","自己",6,819,819,"e","true",NA,NA,NA,NA,"phase_015_subj_19"
13260,321,16,"<p style=""color:white; font-size: 35px;"">不孝</p>","negative","moral","不孝",6,654,654,"e","true",NA,NA,NA,NA,"phase_015_subj_19"
13261,321,16,"<p style=""color:rgb(150, 250, 100); font-size: 35px;"">他人</p>","other","moral","他人",6,643,643,"i","true",NA,NA,NA,NA,"phase_015_subj_19"
13262,321,16,"<p style=""color:white; font-size: 35px;"">廉正</p>","positive","moral","廉正",6,490,1264.52631578947,"e","false",NA,NA,NA,NA,"phase_015_subj_19"
13263,321,16,"<p style=""color:rgb(150, 250, 100); font-size: 35px;"">别人</p>","other","moral","别人",6,1336,1336,"i","true",NA,NA,NA,NA,"phase_015_subj_19"
13264,321,16,"<p style=""color:white; font-size: 35px;"">不仁</p>","negative","moral","不仁",6,1116,1116,"e","true",NA,NA,NA,NA,"phase_015_subj_19"
13265,321,16,"<p style=""color:rgb(150, 250, 100); font-size: 35px;"">我的</p>","self","moral","我的",6,452,452,"e","true",NA,NA,NA,NA,"phase_015_subj_19"
13266,321,16,"<p style=""color:white; font-size: 35px;"">高尚</p>","positive","moral","高尚",6,601,601,"i","true",NA,NA,NA,NA,"phase_015_subj_19"
13267,321,16,"<p style=""color:rgb(150, 250, 100); font-size: 35px;"">他人的</p>","other","moral","他人的",6,966,966,"i","true",NA,NA,NA,NA,"phase_015_subj_19"
13268,321,16,"<p style=""color:white; font-size: 35px;"">黑心</p>","negative","moral","黑心",6,1126,1126,"e","true",NA,NA,NA,NA,"phase_015_subj_19"
13269,321,16,"<p style=""color:rgb(150, 250, 100); font-size: 35px;"">本人</p>","self","moral","本人",6,471,471,"e","true",NA,NA,NA,NA,"phase_015_subj_19"
13270,321,17,"<p style=""color:white; font-size: 35px;"">诚信</p>","positive","moral","诚信",7,915,915,"i","true",NA,NA,NA,NA,"phase_015_subj_19"
13271,321,17,"<p style=""color:rgb(150, 250, 100); font-size: 35px;"">他人的</p>","other","moral","他人的",7,395,395,"i","true",NA,NA,NA,NA,"phase_015_subj_19"
13272,321,17,"<p style=""color:white; font-size: 35px;"">不孝</p>","negative","moral","不孝",7,643,643,"e","true",NA,NA,NA,NA,"phase_015_subj_19"
13273,321,17,"<p style=""color:rgb(150, 250, 100); font-size: 35px;"">本人</p>","self","moral","本人",7,348,348,"e","true",NA,NA,NA,NA,"phase_015_subj_19"
13274,321,17,"<p style=""color:white; font-size: 35px;"">善良</p>","positive","moral","善良",7,533,533,"i","true",NA,NA,NA,NA,"phase_015_subj_19"
13275,321,17,"<p style=""color:rgb(150, 250, 100); font-size: 35px;"">他人</p>","other","moral","他人",7,419,419,"i","true",NA,NA,NA,NA,"phase_015_subj_19"
13276,321,17,"<p style=""color:white; font-size: 35px;"">不仁</p>","negative","moral","不仁",7,722,722,"e","true",NA,NA,NA,NA,"phase_015_subj_19"
13277,321,17,"<p style=""color:rgb(150, 250, 100); font-size: 35px;"">我</p>","self","moral","我",7,405,405,"e","true",NA,NA,NA,NA,"phase_015_subj_19"
13278,321,17,"<p style=""color:white; font-size: 35px;"">廉正</p>","positive","moral","廉正",7,594,594,"i","true",NA,NA,NA,NA,"phase_015_subj_19"
13279,321,17,"<p style=""color:rgb(150, 250, 100); font-size: 35px;"">我的</p>","self","moral","我的",7,636,636,"e","true",NA,NA,NA,NA,"phase_015_subj_19"
13280,321,17,"<p style=""color:white; font-size: 35px;"">不孝</p>","negative","moral","不孝",7,794,794,"e","true",NA,NA,NA,NA,"phase_015_subj_19"
13281,321,17,"<p style=""color:rgb(150, 250, 100); font-size: 35px;"">他</p>","other","moral","他",7,565,565,"i","true",NA,NA,NA,NA,"phase_015_subj_19"
13282,321,17,"<p style=""color:white; font-size: 35px;"">诚信</p>","positive","moral","诚信",7,484,484,"i","true",NA,NA,NA,NA,"phase_015_subj_19"
13283,321,17,"<p style=""color:rgb(150, 250, 100); font-size: 35px;"">自己</p>","self","moral","自己",7,581,581,"e","true",NA,NA,NA,NA,"phase_015_subj_19"
13284,321,17,"<p style=""color:white; font-size: 35px;"">小人</p>","negative","moral","小人",7,493,1219.27272727273,"i","false",NA,NA,NA,NA,"phase_015_subj_19"
13285,321,17,"<p style=""color:rgb(150, 250, 100); font-size: 35px;"">他的</p>","other","moral","他的",7,743,743,"i","true",NA,NA,NA,NA,"phase_015_subj_19"
13286,321,17,"<p style=""color:white; font-size: 35px;"">高尚</p>","positive","moral","高尚",7,679,679,"i","true",NA,NA,NA,NA,"phase_015_subj_19"
13287,321,17,"<p style=""color:rgb(150, 250, 100); font-size: 35px;"">本人的</p>","self","moral","本人的",7,521,521,"e","true",NA,NA,NA,NA,"phase_015_subj_19"
13288,321,17,"<p style=""color:white; font-size: 35px;"">缺德</p>","negative","moral","缺德",7,409,409,"e","true",NA,NA,NA,NA,"phase_015_subj_19"
13289,321,17,"<p style=""color:rgb(150, 250, 100); font-size: 35px;"">他人的</p>","other","moral","他人的",7,691,691,"i","true",NA,NA,NA,NA,"phase_015_subj_19"
13290,321,17,"<p style=""color:white; font-size: 35px;"">黑心</p>","negative","moral","黑心",7,489,489,"e","true",NA,NA,NA,NA,"phase_015_subj_19"
13291,321,17,"<p style=""color:rgb(150, 250, 100); font-size: 35px;"">本人的</p>","self","moral","本人的",7,475,475,"e","true",NA,NA,NA,NA,"phase_015_subj_19"
13292,321,17,"<p style=""color:white; font-size: 35px;"">君子</p>","positive","moral","君子",7,779,779,"i","true",NA,NA,NA,NA,"phase_015_subj_19"
13293,321,17,"<p style=""color:rgb(150, 250, 100); font-size: 35px;"">他人</p>","other","moral","他人",7,480,480,"i","true",NA,NA,NA,NA,"phase_015_subj_19"
13294,321,17,"<p style=""color:white; font-size: 35px;"">卑鄙</p>","negative","moral","卑鄙",7,1131,1131,"e","true",NA,NA,NA,NA,"phase_015_subj_19"
13295,321,17,"<p style=""color:rgb(150, 250, 100); font-size: 35px;"">自己的</p>","self","moral","自己的",7,470,470,"e","true",NA,NA,NA,NA,"phase_015_subj_19"
13296,321,17,"<p style=""color:white; font-size: 35px;"">正直</p>","positive","moral","正直",7,554,554,"i","true",NA,NA,NA,NA,"phase_015_subj_19"
13297,321,17,"<p style=""color:rgb(150, 250, 100); font-size: 35px;"">别人的</p>","other","moral","别人的",7,679,679,"i","true",NA,NA,NA,NA,"phase_015_subj_19"
13298,321,17,"<p style=""color:white; font-size: 35px;"">善良</p>","positive","moral","善良",7,534,534,"i","true",NA,NA,NA,NA,"phase_015_subj_19"
13299,321,17,"<p style=""color:rgb(150, 250, 100); font-size: 35px;"">他</p>","other","moral","他",7,624,624,"i","true",NA,NA,NA,NA,"phase_015_subj_19"
13300,321,17,"<p style=""color:white; font-size: 35px;"">小人</p>","negative","moral","小人",7,499,499,"e","true",NA,NA,NA,NA,"phase_015_subj_19"
13301,321,17,"<p style=""color:rgb(150, 250, 100); font-size: 35px;"">我的</p>","self","moral","我的",7,400,400,"e","true",NA,NA,NA,NA,"phase_015_subj_19"
13302,321,17,"<p style=""color:white; font-size: 35px;"">正直</p>","positive","moral","正直",7,614,614,"i","true",NA,NA,NA,NA,"phase_015_subj_19"
13303,321,17,"<p style=""color:rgb(150, 250, 100); font-size: 35px;"">自己</p>","self","moral","自己",7,591,1219.27272727273,"i","false",NA,NA,NA,NA,"phase_015_subj_19"
13304,321,17,"<p style=""color:white; font-size: 35px;"">卑鄙</p>","negative","moral","卑鄙",7,633,633,"e","true",NA,NA,NA,NA,"phase_015_subj_19"
13305,321,17,"<p style=""color:rgb(150, 250, 100); font-size: 35px;"">别人</p>","other","moral","别人",7,470,470,"i","true",NA,NA,NA,NA,"phase_015_subj_19"
13306,321,17,"<p style=""color:white; font-size: 35px;"">黑心</p>","negative","moral","黑心",7,458,458,"e","true",NA,NA,NA,NA,"phase_015_subj_19"
13307,321,17,"<p style=""color:rgb(150, 250, 100); font-size: 35px;"">别人的</p>","other","moral","别人的",7,867,867,"i","true",NA,NA,NA,NA,"phase_015_subj_19"
13308,321,17,"<p style=""color:white; font-size: 35px;"">君子</p>","positive","moral","君子",7,423,423,"i","true",NA,NA,NA,NA,"phase_015_subj_19"
13309,321,17,"<p style=""color:rgb(150, 250, 100); font-size: 35px;"">我</p>","self","moral","我",7,770,770,"e","true",NA,NA,NA,NA,"phase_015_subj_19"
13310,321,17,"<p style=""color:white; font-size: 35px;"">不仁</p>","negative","moral","不仁",7,445,445,"e","true",NA,NA,NA,NA,"phase_015_subj_19"
13311,321,17,"<p style=""color:rgb(150, 250, 100); font-size: 35px;"">自己的</p>","self","moral","自己的",7,1048,1048,"e","true",NA,NA,NA,NA,"phase_015_subj_19"
13312,321,17,"<p style=""color:white; font-size: 35px;"">廉正</p>","positive","moral","廉正",7,1026,1026,"i","true",NA,NA,NA,NA,"phase_015_subj_19"
13313,321,17,"<p style=""color:rgb(150, 250, 100); font-size: 35px;"">他的</p>","other","moral","他的",7,512,512,"i","true",NA,NA,NA,NA,"phase_015_subj_19"
13314,321,17,"<p style=""color:white; font-size: 35px;"">高尚</p>","positive","moral","高尚",7,733,1219.27272727273,"e","false",NA,NA,NA,NA,"phase_015_subj_19"
13315,321,17,"<p style=""color:rgb(150, 250, 100); font-size: 35px;"">本人</p>","self","moral","本人",7,665,665,"e","true",NA,NA,NA,NA,"phase_015_subj_19"
13316,321,17,"<p style=""color:white; font-size: 35px;"">缺德</p>","negative","moral","缺德",7,1126,1126,"e","true",NA,NA,NA,NA,"phase_015_subj_19"
13317,321,17,"<p style=""color:rgb(150, 250, 100); font-size: 35px;"">别人</p>","other","moral","别人",7,1086,1219.27272727273,"e","false",NA,NA,NA,NA,"phase_015_subj_19"
13318,321,NA,"
    <h3>词语分类任务</h3>
    <p>在接下来的任务中，你需要对一系列词语进行分类。</p>
    <p>请先熟悉这些词语，这有利于你完成接下来的任务。</p>
    <table align=""center"" border=1 cellpadding=3 cellspacing=0>
    <tr> <th>类别</th> <th>词语</th> </tr>
    <tr> <td>&emsp;积极&emsp;</td> <td>&emsp;能干、全能、全才、高效、精干、天才&emsp;</td> </tr>
    <tr> <td>&emsp;消极&emsp;</td> <td>&emsp;无能、低能、废物、拙笨、愚钝、蠢笨&emsp;</td> </tr>
    <tr> <td>&emsp;自我&emsp;</td> <td>&emsp;我、我的、自己、自己的、本人、本人的&emsp;</td> </tr>
    <tr> <td>&emsp;他人&emsp;</td> <td>&emsp;他、他的、别人、别人的、他人、他人的&emsp;</td> </tr>
    </table><br/>","","","",NA,13171,NA,"0","",2,2,NA,NA,"phase_015_subj_19"
13319,321,1,"<p style=""color:rgb(150, 250, 100); font-size: 35px;"">本人</p>","self","ability","本人",1,1213,1213,"i","true",NA,NA,NA,NA,"phase_015_subj_19"
13320,321,1,"<p style=""color:rgb(150, 250, 100); font-size: 35px;"">自己</p>","self","ability","自己",1,360,360,"i","true",NA,NA,NA,NA,"phase_015_subj_19"
13321,321,1,"<p style=""color:rgb(150, 250, 100); font-size: 35px;"">别人</p>","other","ability","别人",1,976,976,"e","true",NA,NA,NA,NA,"phase_015_subj_19"
13322,321,1,"<p style=""color:rgb(150, 250, 100); font-size: 35px;"">他的</p>","other","ability","他的",1,456,456,"e","true",NA,NA,NA,NA,"phase_015_subj_19"
13323,321,1,"<p style=""color:rgb(150, 250, 100); font-size: 35px;"">别人的</p>","other","ability","别人的",1,536,536,"e","true",NA,NA,NA,NA,"phase_015_subj_19"
13324,321,1,"<p style=""color:rgb(150, 250, 100); font-size: 35px;"">他人</p>","other","ability","他人",1,423,423,"e","true",NA,NA,NA,NA,"phase_015_subj_19"
13325,321,1,"<p style=""color:rgb(150, 250, 100); font-size: 35px;"">我</p>","self","ability","我",1,446,446,"i","true",NA,NA,NA,NA,"phase_015_subj_19"
13326,321,1,"<p style=""color:rgb(150, 250, 100); font-size: 35px;"">本人的</p>","self","ability","本人的",1,430,430,"i","true",NA,NA,NA,NA,"phase_015_subj_19"
13327,321,1,"<p style=""color:rgb(150, 250, 100); font-size: 35px;"">我的</p>","self","ability","我的",1,436,436,"i","true",NA,NA,NA,NA,"phase_015_subj_19"
13328,321,1,"<p style=""color:rgb(150, 250, 100); font-size: 35px;"">他人的</p>","other","ability","他人的",1,434,434,"e","true",NA,NA,NA,NA,"phase_015_subj_19"
13329,321,1,"<p style=""color:rgb(150, 250, 100); font-size: 35px;"">自己的</p>","self","ability","自己的",1,726,726,"i","true",NA,NA,NA,NA,"phase_015_subj_19"
13330,321,1,"<p style=""color:rgb(150, 250, 100); font-size: 35px;"">他</p>","other","ability","他",1,444,444,"e","true",NA,NA,NA,NA,"phase_015_subj_19"
13331,321,2,"<p style=""color:white; font-size: 35px;"">无能</p>","negative","ability","无能",2,764,764,"e","true",NA,NA,NA,NA,"phase_015_subj_19"
13332,321,2,"<p style=""color:white; font-size: 35px;"">精干</p>","positive","ability","精干",2,420,420,"e","false",NA,NA,NA,NA,"phase_015_subj_19"
13333,321,2,"<p style=""color:white; font-size: 35px;"">愚钝</p>","negative","ability","愚钝",2,475,475,"e","true",NA,NA,NA,NA,"phase_015_subj_19"
13334,321,2,"<p style=""color:white; font-size: 35px;"">全才</p>","positive","ability","全才",2,437,437,"i","true",NA,NA,NA,NA,"phase_015_subj_19"
13335,321,2,"<p style=""color:white; font-size: 35px;"">低能</p>","negative","ability","低能",2,491,491,"e","true",NA,NA,NA,NA,"phase_015_subj_19"
13336,321,2,"<p style=""color:white; font-size: 35px;"">废物</p>","negative","ability","废物",2,435,435,"e","true",NA,NA,NA,NA,"phase_015_subj_19"
13337,321,2,"<p style=""color:white; font-size: 35px;"">能干</p>","positive","ability","能干",2,440,440,"i","true",NA,NA,NA,NA,"phase_015_subj_19"
13338,321,2,"<p style=""color:white; font-size: 35px;"">蠢笨</p>","negative","ability","蠢笨",2,507,507,"e","true",NA,NA,NA,NA,"phase_015_subj_19"
13339,321,2,"<p style=""color:white; font-size: 35px;"">拙笨</p>","negative","ability","拙笨",2,433,433,"e","true",NA,NA,NA,NA,"phase_015_subj_19"
13340,321,2,"<p style=""color:white; font-size: 35px;"">天才</p>","positive","ability","天才",2,465,465,"i","true",NA,NA,NA,NA,"phase_015_subj_19"
13341,321,2,"<p style=""color:white; font-size: 35px;"">全能</p>","positive","ability","全能",2,399,399,"i","true",NA,NA,NA,NA,"phase_015_subj_19"
13342,321,2,"<p style=""color:white; font-size: 35px;"">高效</p>","positive","ability","高效",2,402,402,"i","true",NA,NA,NA,NA,"phase_015_subj_19"
13343,321,3,"<p style=""color:rgb(150, 250, 100); font-size: 35px;"">本人</p>","self","ability","本人",3,740,740,"i","true",NA,NA,NA,NA,"phase_015_subj_19"
13344,321,3,"<p style=""color:white; font-size: 35px;"">天才</p>","positive","ability","天才",3,430,430,"i","true",NA,NA,NA,NA,"phase_015_subj_19"
13345,321,3,"<p style=""color:rgb(150, 250, 100); font-size: 35px;"">别人</p>","other","ability","别人",3,502,502,"e","true",NA,NA,NA,NA,"phase_015_subj_19"
13346,321,3,"<p style=""color:white; font-size: 35px;"">拙笨</p>","negative","ability","拙笨",3,316,316,"e","true",NA,NA,NA,NA,"phase_015_subj_19"
13347,321,3,"<p style=""color:rgb(150, 250, 100); font-size: 35px;"">他人</p>","other","ability","他人",3,369,369,"e","true",NA,NA,NA,NA,"phase_015_subj_19"
13348,321,3,"<p style=""color:white; font-size: 35px;"">高效</p>","positive","ability","高效",3,463,463,"i","true",NA,NA,NA,NA,"phase_015_subj_19"
13349,321,3,"<p style=""color:rgb(150, 250, 100); font-size: 35px;"">本人的</p>","self","ability","本人的",3,390,390,"i","true",NA,NA,NA,NA,"phase_015_subj_19"
13350,321,3,"<p style=""color:white; font-size: 35px;"">低能</p>","negative","ability","低能",3,447,447,"e","true",NA,NA,NA,NA,"phase_015_subj_19"
13351,321,3,"<p style=""color:rgb(150, 250, 100); font-size: 35px;"">我的</p>","self","ability","我的",3,615,615,"i","true",NA,NA,NA,NA,"phase_015_subj_19"
13352,321,3,"<p style=""color:white; font-size: 35px;"">全才</p>","positive","ability","全才",3,355,355,"i","true",NA,NA,NA,NA,"phase_015_subj_19"
13353,321,3,"<p style=""color:rgb(150, 250, 100); font-size: 35px;"">别人的</p>","other","ability","别人的",3,438,438,"e","true",NA,NA,NA,NA,"phase_015_subj_19"
13354,321,3,"<p style=""color:white; font-size: 35px;"">无能</p>","negative","ability","无能",3,597,1084.95652173913,"i","false",NA,NA,NA,NA,"phase_015_subj_19"
13355,321,3,"<p style=""color:rgb(150, 250, 100); font-size: 35px;"">自己的</p>","self","ability","自己的",3,430,430,"i","true",NA,NA,NA,NA,"phase_015_subj_19"
13356,321,3,"<p style=""color:white; font-size: 35px;"">能干</p>","positive","ability","能干",3,409,409,"i","true",NA,NA,NA,NA,"phase_015_subj_19"
13357,321,3,"<p style=""color:rgb(150, 250, 100); font-size: 35px;"">他人的</p>","other","ability","他人的",3,416,416,"e","true",NA,NA,NA,NA,"phase_015_subj_19"
13358,321,3,"<p style=""color:white; font-size: 35px;"">废物</p>","negative","ability","废物",3,936,936,"e","true",NA,NA,NA,NA,"phase_015_subj_19"
13359,321,3,"<p style=""color:rgb(150, 250, 100); font-size: 35px;"">我</p>","self","ability","我",3,395,395,"i","true",NA,NA,NA,NA,"phase_015_subj_19"
13360,321,3,"<p style=""color:white; font-size: 35px;"">蠢笨</p>","negative","ability","蠢笨",3,912,912,"e","true",NA,NA,NA,NA,"phase_015_subj_19"
13361,321,3,"<p style=""color:rgb(150, 250, 100); font-size: 35px;"">他的</p>","other","ability","他的",3,514,514,"e","true",NA,NA,NA,NA,"phase_015_subj_19"
13362,321,3,"<p style=""color:white; font-size: 35px;"">精干</p>","positive","ability","精干",3,438,438,"i","true",NA,NA,NA,NA,"phase_015_subj_19"
13363,321,3,"<p style=""color:rgb(150, 250, 100); font-size: 35px;"">自己</p>","self","ability","自己",3,378,378,"i","true",NA,NA,NA,NA,"phase_015_subj_19"
13364,321,3,"<p style=""color:white; font-size: 35px;"">愚钝</p>","negative","ability","愚钝",3,447,447,"e","true",NA,NA,NA,NA,"phase_015_subj_19"
13365,321,3,"<p style=""color:rgb(150, 250, 100); font-size: 35px;"">他</p>","other","ability","他",3,418,418,"e","true",NA,NA,NA,NA,"phase_015_subj_19"
13366,321,3,"<p style=""color:white; font-size: 35px;"">全能</p>","positive","ability","全能",3,396,396,"i","true",NA,NA,NA,NA,"phase_015_subj_19"
13367,321,4,"<p style=""color:rgb(150, 250, 100); font-size: 35px;"">本人的</p>","self","ability","本人的",4,650,650,"i","true",NA,NA,NA,NA,"phase_015_subj_19"
13368,321,4,"<p style=""color:white; font-size: 35px;"">能干</p>","positive","ability","能干",4,343,343,"i","true",NA,NA,NA,NA,"phase_015_subj_19"
13369,321,4,"<p style=""color:rgb(150, 250, 100); font-size: 35px;"">他人的</p>","other","ability","他人的",4,492,492,"e","true",NA,NA,NA,NA,"phase_015_subj_19"
13370,321,4,"<p style=""color:white; font-size: 35px;"">无能</p>","negative","ability","无能",4,350,350,"e","true",NA,NA,NA,NA,"phase_015_subj_19"
13371,321,4,"<p style=""color:rgb(150, 250, 100); font-size: 35px;"">他人</p>","other","ability","他人",4,407,407,"e","true",NA,NA,NA,NA,"phase_015_subj_19"
13372,321,4,"<p style=""color:white; font-size: 35px;"">高效</p>","positive","ability","高效",4,456,456,"i","true",NA,NA,NA,NA,"phase_015_subj_19"
13373,321,4,"<p style=""color:rgb(150, 250, 100); font-size: 35px;"">本人</p>","self","ability","本人",4,451,451,"i","true",NA,NA,NA,NA,"phase_015_subj_19"
13374,321,4,"<p style=""color:white; font-size: 35px;"">愚钝</p>","negative","ability","愚钝",4,416,416,"e","true",NA,NA,NA,NA,"phase_015_subj_19"
13375,321,4,"<p style=""color:rgb(150, 250, 100); font-size: 35px;"">他</p>","other","ability","他",4,388,388,"e","true",NA,NA,NA,NA,"phase_015_subj_19"
13376,321,4,"<p style=""color:white; font-size: 35px;"">天才</p>","positive","ability","天才",4,482,482,"i","true",NA,NA,NA,NA,"phase_015_subj_19"
13377,321,4,"<p style=""color:rgb(150, 250, 100); font-size: 35px;"">本人</p>","self","ability","本人",4,490,490,"i","true",NA,NA,NA,NA,"phase_015_subj_19"
13378,321,4,"<p style=""color:white; font-size: 35px;"">废物</p>","negative","ability","废物",4,589,589,"e","true",NA,NA,NA,NA,"phase_015_subj_19"
13379,321,4,"<p style=""color:rgb(150, 250, 100); font-size: 35px;"">他的</p>","other","ability","他的",4,330,1114.73333333333,"i","false",NA,NA,NA,NA,"phase_015_subj_19"
13380,321,4,"<p style=""color:white; font-size: 35px;"">高效</p>","positive","ability","高效",4,579,579,"i","true",NA,NA,NA,NA,"phase_015_subj_19"
13381,321,4,"<p style=""color:rgb(150, 250, 100); font-size: 35px;"">自己的</p>","self","ability","自己的",4,415,415,"i","true",NA,NA,NA,NA,"phase_015_subj_19"
13382,321,4,"<p style=""color:white; font-size: 35px;"">拙笨</p>","negative","ability","拙笨",4,456,456,"e","true",NA,NA,NA,NA,"phase_015_subj_19"
13383,321,4,"<p style=""color:rgb(150, 250, 100); font-size: 35px;"">别人</p>","other","ability","别人",4,495,495,"e","true",NA,NA,NA,NA,"phase_015_subj_19"
13384,321,4,"<p style=""color:white; font-size: 35px;"">蠢笨</p>","negative","ability","蠢笨",4,415,415,"e","true",NA,NA,NA,NA,"phase_015_subj_19"
13385,321,4,"<p style=""color:rgb(150, 250, 100); font-size: 35px;"">我</p>","self","ability","我",4,399,399,"i","true",NA,NA,NA,NA,"phase_015_subj_19"
13386,321,4,"<p style=""color:white; font-size: 35px;"">天才</p>","positive","ability","天才",4,403,403,"i","true",NA,NA,NA,NA,"phase_015_subj_19"
13387,321,4,"<p style=""color:rgb(150, 250, 100); font-size: 35px;"">自己的</p>","self","ability","自己的",4,454,454,"i","true",NA,NA,NA,NA,"phase_015_subj_19"
13388,321,4,"<p style=""color:white; font-size: 35px;"">拙笨</p>","negative","ability","拙笨",4,437,437,"e","true",NA,NA,NA,NA,"phase_015_subj_19"
13389,321,4,"<p style=""color:rgb(150, 250, 100); font-size: 35px;"">别人</p>","other","ability","别人",4,562,562,"e","true",NA,NA,NA,NA,"phase_015_subj_19"
13390,321,4,"<p style=""color:white; font-size: 35px;"">能干</p>","positive","ability","能干",4,409,409,"i","true",NA,NA,NA,NA,"phase_015_subj_19"
13391,321,4,"<p style=""color:rgb(150, 250, 100); font-size: 35px;"">我的</p>","self","ability","我的",4,379,379,"i","true",NA,NA,NA,NA,"phase_015_subj_19"
13392,321,4,"<p style=""color:white; font-size: 35px;"">愚钝</p>","negative","ability","愚钝",4,461,461,"e","true",NA,NA,NA,NA,"phase_015_subj_19"
13393,321,4,"<p style=""color:rgb(150, 250, 100); font-size: 35px;"">别人的</p>","other","ability","别人的",4,594,594,"e","true",NA,NA,NA,NA,"phase_015_subj_19"
13394,321,4,"<p style=""color:white; font-size: 35px;"">全能</p>","positive","ability","全能",4,575,575,"i","true",NA,NA,NA,NA,"phase_015_subj_19"
13395,321,4,"<p style=""color:rgb(150, 250, 100); font-size: 35px;"">别人的</p>","other","ability","别人的",4,372,1114.73333333333,"i","false",NA,NA,NA,NA,"phase_015_subj_19"
13396,321,4,"<p style=""color:white; font-size: 35px;"">全能</p>","positive","ability","全能",4,1120,1120,"i","true",NA,NA,NA,NA,"phase_015_subj_19"
13397,321,4,"<p style=""color:rgb(150, 250, 100); font-size: 35px;"">自己</p>","self","ability","自己",4,396,396,"i","true",NA,NA,NA,NA,"phase_015_subj_19"
13398,321,4,"<p style=""color:white; font-size: 35px;"">蠢笨</p>","negative","ability","蠢笨",4,471,471,"e","true",NA,NA,NA,NA,"phase_015_subj_19"
13399,321,4,"<p style=""color:rgb(150, 250, 100); font-size: 35px;"">本人的</p>","self","ability","本人的",4,507,507,"i","true",NA,NA,NA,NA,"phase_015_subj_19"
13400,321,4,"<p style=""color:white; font-size: 35px;"">全才</p>","positive","ability","全才",4,441,441,"i","true",NA,NA,NA,NA,"phase_015_subj_19"
13401,321,4,"<p style=""color:rgb(150, 250, 100); font-size: 35px;"">他</p>","other","ability","他",4,546,546,"e","true",NA,NA,NA,NA,"phase_015_subj_19"
13402,321,4,"<p style=""color:white; font-size: 35px;"">废物</p>","negative","ability","废物",4,482,482,"e","true",NA,NA,NA,NA,"phase_015_subj_19"
13403,321,4,"<p style=""color:rgb(150, 250, 100); font-size: 35px;"">我的</p>","self","ability","我的",4,526,526,"i","true",NA,NA,NA,NA,"phase_015_subj_19"
13404,321,4,"<p style=""color:white; font-size: 35px;"">无能</p>","negative","ability","无能",4,563,563,"e","true",NA,NA,NA,NA,"phase_015_subj_19"
13405,321,4,"<p style=""color:rgb(150, 250, 100); font-size: 35px;"">他的</p>","other","ability","他的",4,459,1114.73333333333,"i","false",NA,NA,NA,NA,"phase_015_subj_19"
13406,321,4,"<p style=""color:white; font-size: 35px;"">精干</p>","positive","ability","精干",4,2066,2066,"i","true",NA,NA,NA,NA,"phase_015_subj_19"
13407,321,4,"<p style=""color:rgb(150, 250, 100); font-size: 35px;"">他人的</p>","other","ability","他人的",4,712,712,"e","true",NA,NA,NA,NA,"phase_015_subj_19"
13408,321,4,"<p style=""color:white; font-size: 35px;"">低能</p>","negative","ability","低能",4,372,372,"e","true",NA,NA,NA,NA,"phase_015_subj_19"
13409,321,4,"<p style=""color:rgb(150, 250, 100); font-size: 35px;"">自己</p>","self","ability","自己",4,337,337,"i","true",NA,NA,NA,NA,"phase_015_subj_19"
13410,321,4,"<p style=""color:white; font-size: 35px;"">精干</p>","positive","ability","精干",4,418,418,"i","true",NA,NA,NA,NA,"phase_015_subj_19"
13411,321,4,"<p style=""color:rgb(150, 250, 100); font-size: 35px;"">我</p>","self","ability","我",4,395,395,"i","true",NA,NA,NA,NA,"phase_015_subj_19"
13412,321,4,"<p style=""color:white; font-size: 35px;"">全才</p>","positive","ability","全才",4,430,430,"i","true",NA,NA,NA,NA,"phase_015_subj_19"
13413,321,4,"<p style=""color:rgb(150, 250, 100); font-size: 35px;"">他人</p>","other","ability","他人",4,500,500,"e","true",NA,NA,NA,NA,"phase_015_subj_19"
13414,321,4,"<p style=""color:white; font-size: 35px;"">低能</p>","negative","ability","低能",4,334,334,"e","true",NA,NA,NA,NA,"phase_015_subj_19"
13415,321,5,"<p style=""color:rgb(150, 250, 100); font-size: 35px;"">本人的</p>","self","ability","本人的",5,479,479,"e","true",NA,NA,NA,NA,"phase_015_subj_19"
13416,321,5,"<p style=""color:rgb(150, 250, 100); font-size: 35px;"">别人的</p>","other","ability","别人的",5,426,426,"i","true",NA,NA,NA,NA,"phase_015_subj_19"
13417,321,5,"<p style=""color:rgb(150, 250, 100); font-size: 35px;"">我</p>","self","ability","我",5,449,449,"e","true",NA,NA,NA,NA,"phase_015_subj_19"
13418,321,5,"<p style=""color:rgb(150, 250, 100); font-size: 35px;"">我的</p>","self","ability","我的",5,517,517,"e","true",NA,NA,NA,NA,"phase_015_subj_19"
13419,321,5,"<p style=""color:rgb(150, 250, 100); font-size: 35px;"">自己的</p>","self","ability","自己的",5,396,396,"e","true",NA,NA,NA,NA,"phase_015_subj_19"
13420,321,5,"<p style=""color:rgb(150, 250, 100); font-size: 35px;"">本人</p>","self","ability","本人",5,478,478,"i","false",NA,NA,NA,NA,"phase_015_subj_19"
13421,321,5,"<p style=""color:rgb(150, 250, 100); font-size: 35px;"">别人</p>","other","ability","别人",5,524,524,"i","true",NA,NA,NA,NA,"phase_015_subj_19"
13422,321,5,"<p style=""color:rgb(150, 250, 100); font-size: 35px;"">别人的</p>","other","ability","别人的",5,445,445,"i","true",NA,NA,NA,NA,"phase_015_subj_19"
13423,321,5,"<p style=""color:rgb(150, 250, 100); font-size: 35px;"">他人</p>","other","ability","他人",5,343,343,"i","true",NA,NA,NA,NA,"phase_015_subj_19"
13424,321,5,"<p style=""color:rgb(150, 250, 100); font-size: 35px;"">自己的</p>","self","ability","自己的",5,501,501,"e","true",NA,NA,NA,NA,"phase_015_subj_19"
13425,321,5,"<p style=""color:rgb(150, 250, 100); font-size: 35px;"">我</p>","self","ability","我",5,341,341,"e","true",NA,NA,NA,NA,"phase_015_subj_19"
13426,321,5,"<p style=""color:rgb(150, 250, 100); font-size: 35px;"">他的</p>","other","ability","他的",5,325,325,"e","false",NA,NA,NA,NA,"phase_015_subj_19"
13427,321,5,"<p style=""color:rgb(150, 250, 100); font-size: 35px;"">别人</p>","other","ability","别人",5,335,335,"i","true",NA,NA,NA,NA,"phase_015_subj_19"
13428,321,5,"<p style=""color:rgb(150, 250, 100); font-size: 35px;"">他人的</p>","other","ability","他人的",5,358,358,"i","true",NA,NA,NA,NA,"phase_015_subj_19"
13429,321,5,"<p style=""color:rgb(150, 250, 100); font-size: 35px;"">他</p>","other","ability","他",5,369,369,"i","true",NA,NA,NA,NA,"phase_015_subj_19"
13430,321,5,"<p style=""color:rgb(150, 250, 100); font-size: 35px;"">他人</p>","other","ability","他人",5,353,353,"i","true",NA,NA,NA,NA,"phase_015_subj_19"
13431,321,5,"<p style=""color:rgb(150, 250, 100); font-size: 35px;"">自己</p>","self","ability","自己",5,440,440,"e","true",NA,NA,NA,NA,"phase_015_subj_19"
13432,321,5,"<p style=""color:rgb(150, 250, 100); font-size: 35px;"">他</p>","other","ability","他",5,801,801,"e","false",NA,NA,NA,NA,"phase_015_subj_19"
13433,321,5,"<p style=""color:rgb(150, 250, 100); font-size: 35px;"">自己</p>","self","ability","自己",5,341,341,"i","false",NA,NA,NA,NA,"phase_015_subj_19"
13434,321,5,"<p style=""color:rgb(150, 250, 100); font-size: 35px;"">本人</p>","self","ability","本人",5,515,515,"e","true",NA,NA,NA,NA,"phase_015_subj_19"
13435,321,5,"<p style=""color:rgb(150, 250, 100); font-size: 35px;"">他人的</p>","other","ability","他人的",5,654,654,"i","true",NA,NA,NA,NA,"phase_015_subj_19"
13436,321,5,"<p style=""color:rgb(150, 250, 100); font-size: 35px;"">本人的</p>","self","ability","本人的",5,666,666,"e","true",NA,NA,NA,NA,"phase_015_subj_19"
13437,321,5,"<p style=""color:rgb(150, 250, 100); font-size: 35px;"">我的</p>","self","ability","我的",5,364,364,"e","true",NA,NA,NA,NA,"phase_015_subj_19"
13438,321,5,"<p style=""color:rgb(150, 250, 100); font-size: 35px;"">他的</p>","other","ability","他的",5,574,574,"i","true",NA,NA,NA,NA,"phase_015_subj_19"
13439,321,6,"<p style=""color:white; font-size: 35px;"">高效</p>","positive","ability","高效",6,557,557,"i","true",NA,NA,NA,NA,"phase_015_subj_19"
13440,321,6,"<p style=""color:rgb(150, 250, 100); font-size: 35px;"">我</p>","self","ability","我",6,609,609,"e","true",NA,NA,NA,NA,"phase_015_subj_19"
13441,321,6,"<p style=""color:white; font-size: 35px;"">拙笨</p>","negative","ability","拙笨",6,365,365,"e","true",NA,NA,NA,NA,"phase_015_subj_19"
13442,321,6,"<p style=""color:rgb(150, 250, 100); font-size: 35px;"">他人</p>","other","ability","他人",6,712,712,"i","true",NA,NA,NA,NA,"phase_015_subj_19"
13443,321,6,"<p style=""color:white; font-size: 35px;"">精干</p>","positive","ability","精干",6,329,329,"i","true",NA,NA,NA,NA,"phase_015_subj_19"
13444,321,6,"<p style=""color:rgb(150, 250, 100); font-size: 35px;"">本人的</p>","self","ability","本人的",6,469,469,"e","true",NA,NA,NA,NA,"phase_015_subj_19"
13445,321,6,"<p style=""color:white; font-size: 35px;"">蠢笨</p>","negative","ability","蠢笨",6,435,435,"e","true",NA,NA,NA,NA,"phase_015_subj_19"
13446,321,6,"<p style=""color:rgb(150, 250, 100); font-size: 35px;"">别人的</p>","other","ability","别人的",6,542,542,"i","true",NA,NA,NA,NA,"phase_015_subj_19"
13447,321,6,"<p style=""color:white; font-size: 35px;"">废物</p>","negative","ability","废物",6,493,1116.33333333333,"i","false",NA,NA,NA,NA,"phase_015_subj_19"
13448,321,6,"<p style=""color:rgb(150, 250, 100); font-size: 35px;"">自己的</p>","self","ability","自己的",6,497,497,"e","true",NA,NA,NA,NA,"phase_015_subj_19"
13449,321,6,"<p style=""color:white; font-size: 35px;"">天才</p>","positive","ability","天才",6,491,491,"i","true",NA,NA,NA,NA,"phase_015_subj_19"
13450,321,6,"<p style=""color:rgb(150, 250, 100); font-size: 35px;"">别人</p>","other","ability","别人",6,379,379,"i","true",NA,NA,NA,NA,"phase_015_subj_19"
13451,321,6,"<p style=""color:white; font-size: 35px;"">无能</p>","negative","ability","无能",6,592,592,"e","true",NA,NA,NA,NA,"phase_015_subj_19"
13452,321,6,"<p style=""color:rgb(150, 250, 100); font-size: 35px;"">本人</p>","self","ability","本人",6,458,458,"e","true",NA,NA,NA,NA,"phase_015_subj_19"
13453,321,6,"<p style=""color:white; font-size: 35px;"">全能</p>","positive","ability","全能",6,590,590,"i","true",NA,NA,NA,NA,"phase_015_subj_19"
13454,321,6,"<p style=""color:rgb(150, 250, 100); font-size: 35px;"">他的</p>","other","ability","他的",6,359,359,"i","true",NA,NA,NA,NA,"phase_015_subj_19"
13455,321,6,"<p style=""color:white; font-size: 35px;"">能干</p>","positive","ability","能干",6,622,622,"i","true",NA,NA,NA,NA,"phase_015_subj_19"
13456,321,6,"<p style=""color:rgb(150, 250, 100); font-size: 35px;"">他</p>","other","ability","他",6,419,419,"i","true",NA,NA,NA,NA,"phase_015_subj_19"
13457,321,6,"<p style=""color:white; font-size: 35px;"">低能</p>","negative","ability","低能",6,456,456,"e","true",NA,NA,NA,NA,"phase_015_subj_19"
13458,321,6,"<p style=""color:rgb(150, 250, 100); font-size: 35px;"">我的</p>","self","ability","我的",6,584,584,"e","true",NA,NA,NA,NA,"phase_015_subj_19"
13459,321,6,"<p style=""color:white; font-size: 35px;"">全才</p>","positive","ability","全才",6,487,487,"i","true",NA,NA,NA,NA,"phase_015_subj_19"
13460,321,6,"<p style=""color:rgb(150, 250, 100); font-size: 35px;"">自己</p>","self","ability","自己",6,374,1116.33333333333,"i","false",NA,NA,NA,NA,"phase_015_subj_19"
13461,321,6,"<p style=""color:white; font-size: 35px;"">愚钝</p>","negative","ability","愚钝",6,891,891,"e","true",NA,NA,NA,NA,"phase_015_subj_19"
13462,321,6,"<p style=""color:rgb(150, 250, 100); font-size: 35px;"">他人的</p>","other","ability","他人的",6,420,1116.33333333333,"e","false",NA,NA,NA,NA,"phase_015_subj_19"
13463,321,7,"<p style=""color:white; font-size: 35px;"">废物</p>","negative","ability","废物",7,1062,1147,"i","false",NA,NA,NA,NA,"phase_015_subj_19"
13464,321,7,"<p style=""color:rgb(150, 250, 100); font-size: 35px;"">他人的</p>","other","ability","他人的",7,710,710,"i","true",NA,NA,NA,NA,"phase_015_subj_19"
13465,321,7,"<p style=""color:white; font-size: 35px;"">全才</p>","positive","ability","全才",7,353,353,"i","true",NA,NA,NA,NA,"phase_015_subj_19"
13466,321,7,"<p style=""color:rgb(150, 250, 100); font-size: 35px;"">我的</p>","self","ability","我的",7,581,581,"e","true",NA,NA,NA,NA,"phase_015_subj_19"
13467,321,7,"<p style=""color:white; font-size: 35px;"">无能</p>","negative","ability","无能",7,351,351,"e","true",NA,NA,NA,NA,"phase_015_subj_19"
13468,321,7,"<p style=""color:rgb(150, 250, 100); font-size: 35px;"">本人</p>","self","ability","本人",7,480,480,"e","true",NA,NA,NA,NA,"phase_015_subj_19"
13469,321,7,"<p style=""color:white; font-size: 35px;"">精干</p>","positive","ability","精干",7,431,1147,"e","false",NA,NA,NA,NA,"phase_015_subj_19"
13470,321,7,"<p style=""color:rgb(150, 250, 100); font-size: 35px;"">他人的</p>","other","ability","他人的",7,568,568,"i","true",NA,NA,NA,NA,"phase_015_subj_19"
13471,321,7,"<p style=""color:white; font-size: 35px;"">蠢笨</p>","negative","ability","蠢笨",7,540,540,"e","true",NA,NA,NA,NA,"phase_015_subj_19"
13472,321,7,"<p style=""color:rgb(150, 250, 100); font-size: 35px;"">自己的</p>","self","ability","自己的",7,457,1147,"i","false",NA,NA,NA,NA,"phase_015_subj_19"
13473,321,7,"<p style=""color:white; font-size: 35px;"">精干</p>","positive","ability","精干",7,555,555,"i","true",NA,NA,NA,NA,"phase_015_subj_19"
13474,321,7,"<p style=""color:rgb(150, 250, 100); font-size: 35px;"">他的</p>","other","ability","他的",7,394,394,"i","true",NA,NA,NA,NA,"phase_015_subj_19"
13475,321,7,"<p style=""color:white; font-size: 35px;"">高效</p>","positive","ability","高效",7,613,1147,"e","false",NA,NA,NA,NA,"phase_015_subj_19"
13476,321,7,"<p style=""color:rgb(150, 250, 100); font-size: 35px;"">自己</p>","self","ability","自己",7,450,450,"e","true",NA,NA,NA,NA,"phase_015_subj_19"
13477,321,7,"<p style=""color:white; font-size: 35px;"">低能</p>","negative","ability","低能",7,411,411,"e","true",NA,NA,NA,NA,"phase_015_subj_19"
13478,321,7,"<p style=""color:rgb(150, 250, 100); font-size: 35px;"">他</p>","other","ability","他",7,593,593,"i","true",NA,NA,NA,NA,"phase_015_subj_19"
13479,321,7,"<p style=""color:white; font-size: 35px;"">拙笨</p>","negative","ability","拙笨",7,450,1147,"i","false",NA,NA,NA,NA,"phase_015_subj_19"
13480,321,7,"<p style=""color:rgb(150, 250, 100); font-size: 35px;"">别人的</p>","other","ability","别人的",7,764,764,"i","true",NA,NA,NA,NA,"phase_015_subj_19"
13481,321,7,"<p style=""color:white; font-size: 35px;"">高效</p>","positive","ability","高效",7,376,376,"i","true",NA,NA,NA,NA,"phase_015_subj_19"
13482,321,7,"<p style=""color:rgb(150, 250, 100); font-size: 35px;"">本人的</p>","self","ability","本人的",7,501,1147,"i","false",NA,NA,NA,NA,"phase_015_subj_19"
13483,321,7,"<p style=""color:white; font-size: 35px;"">无能</p>","negative","ability","无能",7,610,610,"e","true",NA,NA,NA,NA,"phase_015_subj_19"
13484,321,7,"<p style=""color:rgb(150, 250, 100); font-size: 35px;"">他人</p>","other","ability","他人",7,529,529,"i","true",NA,NA,NA,NA,"phase_015_subj_19"
13485,321,7,"<p style=""color:white; font-size: 35px;"">全能</p>","positive","ability","全能",7,608,608,"i","true",NA,NA,NA,NA,"phase_015_subj_19"
13486,321,7,"<p style=""color:rgb(150, 250, 100); font-size: 35px;"">本人</p>","self","ability","本人",7,716,716,"e","true",NA,NA,NA,NA,"phase_015_subj_19"
13487,321,7,"<p style=""color:white; font-size: 35px;"">能干</p>","positive","ability","能干",7,561,561,"i","true",NA,NA,NA,NA,"phase_015_subj_19"
13488,321,7,"<p style=""color:rgb(150, 250, 100); font-size: 35px;"">别人</p>","other","ability","别人",7,453,453,"i","true",NA,NA,NA,NA,"phase_015_subj_19"
13489,321,7,"<p style=""color:white; font-size: 35px;"">愚钝</p>","negative","ability","愚钝",7,527,527,"e","true",NA,NA,NA,NA,"phase_015_subj_19"
13490,321,7,"<p style=""color:rgb(150, 250, 100); font-size: 35px;"">本人的</p>","self","ability","本人的",7,576,576,"e","true",NA,NA,NA,NA,"phase_015_subj_19"
13491,321,7,"<p style=""color:white; font-size: 35px;"">愚钝</p>","negative","ability","愚钝",7,535,535,"e","true",NA,NA,NA,NA,"phase_015_subj_19"
13492,321,7,"<p style=""color:rgb(150, 250, 100); font-size: 35px;"">自己的</p>","self","ability","自己的",7,524,524,"e","true",NA,NA,NA,NA,"phase_015_subj_19"
13493,321,7,"<p style=""color:white; font-size: 35px;"">天才</p>","positive","ability","天才",7,521,521,"i","true",NA,NA,NA,NA,"phase_015_subj_19"
13494,321,7,"<p style=""color:rgb(150, 250, 100); font-size: 35px;"">他的</p>","other","ability","他的",7,508,508,"i","true",NA,NA,NA,NA,"phase_015_subj_19"
13495,321,7,"<p style=""color:white; font-size: 35px;"">天才</p>","positive","ability","天才",7,467,467,"i","true",NA,NA,NA,NA,"phase_015_subj_19"
13496,321,7,"<p style=""color:rgb(150, 250, 100); font-size: 35px;"">自己</p>","self","ability","自己",7,484,1147,"i","false",NA,NA,NA,NA,"phase_015_subj_19"
13497,321,7,"<p style=""color:white; font-size: 35px;"">蠢笨</p>","negative","ability","蠢笨",7,703,703,"e","true",NA,NA,NA,NA,"phase_015_subj_19"
13498,321,7,"<p style=""color:rgb(150, 250, 100); font-size: 35px;"">他</p>","other","ability","他",7,548,548,"i","true",NA,NA,NA,NA,"phase_015_subj_19"
13499,321,7,"<p style=""color:white; font-size: 35px;"">全能</p>","positive","ability","全能",7,472,1147,"e","false",NA,NA,NA,NA,"phase_015_subj_19"
13500,321,7,"<p style=""color:rgb(150, 250, 100); font-size: 35px;"">我</p>","self","ability","我",7,661,661,"e","true",NA,NA,NA,NA,"phase_015_subj_19"
13501,321,7,"<p style=""color:white; font-size: 35px;"">低能</p>","negative","ability","低能",7,485,1147,"i","false",NA,NA,NA,NA,"phase_015_subj_19"
13502,321,7,"<p style=""color:rgb(150, 250, 100); font-size: 35px;"">别人的</p>","other","ability","别人的",7,1249,1249,"i","true",NA,NA,NA,NA,"phase_015_subj_19"
13503,321,7,"<p style=""color:white; font-size: 35px;"">拙笨</p>","negative","ability","拙笨",7,531,531,"e","true",NA,NA,NA,NA,"phase_015_subj_19"
13504,321,7,"<p style=""color:rgb(150, 250, 100); font-size: 35px;"">我</p>","self","ability","我",7,380,380,"e","true",NA,NA,NA,NA,"phase_015_subj_19"
13505,321,7,"<p style=""color:white; font-size: 35px;"">能干</p>","positive","ability","能干",7,530,530,"i","true",NA,NA,NA,NA,"phase_015_subj_19"
13506,321,7,"<p style=""color:rgb(150, 250, 100); font-size: 35px;"">他人</p>","other","ability","他人",7,492,492,"i","true",NA,NA,NA,NA,"phase_015_subj_19"
13507,321,7,"<p style=""color:white; font-size: 35px;"">废物</p>","negative","ability","废物",7,432,432,"e","true",NA,NA,NA,NA,"phase_015_subj_19"
13508,321,7,"<p style=""color:rgb(150, 250, 100); font-size: 35px;"">我的</p>","self","ability","我的",7,454,454,"e","true",NA,NA,NA,NA,"phase_015_subj_19"
13509,321,7,"<p style=""color:white; font-size: 35px;"">全才</p>","positive","ability","全才",7,553,553,"i","true",NA,NA,NA,NA,"phase_015_subj_19"
13510,321,7,"<p style=""color:rgb(150, 250, 100); font-size: 35px;"">别人</p>","other","ability","别人",7,539,539,"i","true",NA,NA,NA,NA,"phase_015_subj_19"
13511,513,NA,"
    <h3>词语分类任务</h3>
    <p>在接下来的任务中，你需要对一系列词语进行分类。</p>
    <p>请先熟悉这些词语，这有利于你完成接下来的任务。</p>
    <table align=""center"" border=1 cellpadding=3 cellspacing=0>
    <tr> <th>类别</th> <th>词语</th> </tr>
    <tr> <td>&emsp;积极&emsp;</td> <td>&emsp;能干、全能、全才、高效、精干、天才&emsp;</td> </tr>
    <tr> <td>&emsp;消极&emsp;</td> <td>&emsp;无能、低能、废物、拙笨、愚钝、蠢笨&emsp;</td> </tr>
    <tr> <td>&emsp;自我&emsp;</td> <td>&emsp;我、我的、自己、自己的、本人、本人的&emsp;</td> </tr>
    <tr> <td>&emsp;他人&emsp;</td> <td>&emsp;他、他的、别人、别人的、他人、他人的&emsp;</td> </tr>
    </table><br/>","","","",NA,16648,NA,"0","",2,1,NA,NA,"phase_015_subj_30"
13512,513,1,"<p style=""color:rgb(150, 250, 100); font-size: 35px;"">自己</p>","self","ability","自己",1,1097,1097,"e","true",NA,NA,NA,NA,"phase_015_subj_30"
13513,513,1,"<p style=""color:rgb(150, 250, 100); font-size: 35px;"">本人</p>","self","ability","本人",1,784,784,"e","true",NA,NA,NA,NA,"phase_015_subj_30"
13514,513,1,"<p style=""color:rgb(150, 250, 100); font-size: 35px;"">我</p>","self","ability","我",1,597,597,"e","true",NA,NA,NA,NA,"phase_015_subj_30"
13515,513,1,"<p style=""color:rgb(150, 250, 100); font-size: 35px;"">别人</p>","other","ability","别人",1,557,557,"i","true",NA,NA,NA,NA,"phase_015_subj_30"
13516,513,1,"<p style=""color:rgb(150, 250, 100); font-size: 35px;"">自己的</p>","self","ability","自己的",1,541,541,"e","true",NA,NA,NA,NA,"phase_015_subj_30"
13517,513,1,"<p style=""color:rgb(150, 250, 100); font-size: 35px;"">我的</p>","self","ability","我的",1,570,570,"e","true",NA,NA,NA,NA,"phase_015_subj_30"
13518,513,1,"<p style=""color:rgb(150, 250, 100); font-size: 35px;"">本人的</p>","self","ability","本人的",1,480,480,"e","true",NA,NA,NA,NA,"phase_015_subj_30"
13519,513,1,"<p style=""color:rgb(150, 250, 100); font-size: 35px;"">他</p>","other","ability","他",1,543,543,"i","true",NA,NA,NA,NA,"phase_015_subj_30"
13520,513,1,"<p style=""color:rgb(150, 250, 100); font-size: 35px;"">别人的</p>","other","ability","别人的",1,497,497,"i","true",NA,NA,NA,NA,"phase_015_subj_30"
13521,513,1,"<p style=""color:rgb(150, 250, 100); font-size: 35px;"">他人</p>","other","ability","他人",1,430,430,"i","true",NA,NA,NA,NA,"phase_015_subj_30"
13522,513,1,"<p style=""color:rgb(150, 250, 100); font-size: 35px;"">他人的</p>","other","ability","他人的",1,438,438,"i","true",NA,NA,NA,NA,"phase_015_subj_30"
13523,513,1,"<p style=""color:rgb(150, 250, 100); font-size: 35px;"">他的</p>","other","ability","他的",1,405,405,"i","true",NA,NA,NA,NA,"phase_015_subj_30"
13524,513,2,"<p style=""color:white; font-size: 35px;"">全能</p>","positive","ability","全能",2,843,843,"i","true",NA,NA,NA,NA,"phase_015_subj_30"
13525,513,2,"<p style=""color:white; font-size: 35px;"">低能</p>","negative","ability","低能",2,567,567,"e","true",NA,NA,NA,NA,"phase_015_subj_30"
13526,513,2,"<p style=""color:white; font-size: 35px;"">高效</p>","positive","ability","高效",2,1872,1872,"i","true",NA,NA,NA,NA,"phase_015_subj_30"
13527,513,2,"<p style=""color:white; font-size: 35px;"">全才</p>","positive","ability","全才",2,1360,1360,"i","true",NA,NA,NA,NA,"phase_015_subj_30"
13528,513,2,"<p style=""color:white; font-size: 35px;"">拙笨</p>","negative","ability","拙笨",2,861,861,"e","true",NA,NA,NA,NA,"phase_015_subj_30"
13529,513,2,"<p style=""color:white; font-size: 35px;"">无能</p>","negative","ability","无能",2,570,570,"e","true",NA,NA,NA,NA,"phase_015_subj_30"
13530,513,2,"<p style=""color:white; font-size: 35px;"">精干</p>","positive","ability","精干",2,1000,1000,"i","true",NA,NA,NA,NA,"phase_015_subj_30"
13531,513,2,"<p style=""color:white; font-size: 35px;"">废物</p>","negative","ability","废物",2,579,579,"e","true",NA,NA,NA,NA,"phase_015_subj_30"
13532,513,2,"<p style=""color:white; font-size: 35px;"">天才</p>","positive","ability","天才",2,1428,1428,"i","true",NA,NA,NA,NA,"phase_015_subj_30"
13533,513,2,"<p style=""color:white; font-size: 35px;"">蠢笨</p>","negative","ability","蠢笨",2,791,791,"e","true",NA,NA,NA,NA,"phase_015_subj_30"
13534,513,2,"<p style=""color:white; font-size: 35px;"">愚钝</p>","negative","ability","愚钝",2,568,568,"e","true",NA,NA,NA,NA,"phase_015_subj_30"
13535,513,2,"<p style=""color:white; font-size: 35px;"">能干</p>","positive","ability","能干",2,534,534,"i","true",NA,NA,NA,NA,"phase_015_subj_30"
13536,513,3,"<p style=""color:rgb(150, 250, 100); font-size: 35px;"">他</p>","other","ability","他",3,1036,2380.33333333333,"e","false",NA,NA,NA,NA,"phase_015_subj_30"
13537,513,3,"<p style=""color:white; font-size: 35px;"">无能</p>","negative","ability","无能",3,6009,6009,"e","true",NA,NA,NA,NA,"phase_015_subj_30"
13538,513,3,"<p style=""color:rgb(150, 250, 100); font-size: 35px;"">我</p>","self","ability","我",3,1823,1823,"e","true",NA,NA,NA,NA,"phase_015_subj_30"
13539,513,3,"<p style=""color:white; font-size: 35px;"">全才</p>","positive","ability","全才",3,1452,2380.33333333333,"e","false",NA,NA,NA,NA,"phase_015_subj_30"
13540,513,3,"<p style=""color:rgb(150, 250, 100); font-size: 35px;"">本人的</p>","self","ability","本人的",3,1710,1710,"e","true",NA,NA,NA,NA,"phase_015_subj_30"
13541,513,3,"<p style=""color:white; font-size: 35px;"">废物</p>","negative","ability","废物",3,1494,1494,"e","true",NA,NA,NA,NA,"phase_015_subj_30"
13542,513,3,"<p style=""color:rgb(150, 250, 100); font-size: 35px;"">别人的</p>","other","ability","别人的",3,1367,1367,"i","true",NA,NA,NA,NA,"phase_015_subj_30"
13543,513,3,"<p style=""color:white; font-size: 35px;"">天才</p>","positive","ability","天才",3,1765,2380.33333333333,"e","false",NA,NA,NA,NA,"phase_015_subj_30"
13544,513,3,"<p style=""color:rgb(150, 250, 100); font-size: 35px;"">本人</p>","self","ability","本人",3,2802,2802,"e","true",NA,NA,NA,NA,"phase_015_subj_30"
13545,513,3,"<p style=""color:white; font-size: 35px;"">精干</p>","positive","ability","精干",3,1179,1179,"i","true",NA,NA,NA,NA,"phase_015_subj_30"
13546,513,3,"<p style=""color:rgb(150, 250, 100); font-size: 35px;"">他人</p>","other","ability","他人",3,1647,1647,"i","true",NA,NA,NA,NA,"phase_015_subj_30"
13547,513,3,"<p style=""color:white; font-size: 35px;"">低能</p>","negative","ability","低能",3,1299,1299,"e","true",NA,NA,NA,NA,"phase_015_subj_30"
13548,513,3,"<p style=""color:rgb(150, 250, 100); font-size: 35px;"">自己</p>","self","ability","自己",3,1466,1466,"e","true",NA,NA,NA,NA,"phase_015_subj_30"
13549,513,3,"<p style=""color:white; font-size: 35px;"">全能</p>","positive","ability","全能",3,1141,1141,"i","true",NA,NA,NA,NA,"phase_015_subj_30"
13550,513,3,"<p style=""color:rgb(150, 250, 100); font-size: 35px;"">他人的</p>","other","ability","他人的",3,1179,1179,"i","true",NA,NA,NA,NA,"phase_015_subj_30"
13551,513,3,"<p style=""color:white; font-size: 35px;"">愚钝</p>","negative","ability","愚钝",3,1115,1115,"e","true",NA,NA,NA,NA,"phase_015_subj_30"
13552,513,3,"<p style=""color:rgb(150, 250, 100); font-size: 35px;"">自己的</p>","self","ability","自己的",3,1667,1667,"e","true",NA,NA,NA,NA,"phase_015_subj_30"
13553,513,3,"<p style=""color:white; font-size: 35px;"">拙笨</p>","negative","ability","拙笨",3,1337,1337,"e","true",NA,NA,NA,NA,"phase_015_subj_30"
13554,513,3,"<p style=""color:rgb(150, 250, 100); font-size: 35px;"">他的</p>","other","ability","他的",3,2136,2136,"i","true",NA,NA,NA,NA,"phase_015_subj_30"
13555,513,3,"<p style=""color:white; font-size: 35px;"">能干</p>","positive","ability","能干",3,1738,1738,"i","true",NA,NA,NA,NA,"phase_015_subj_30"
13556,513,3,"<p style=""color:rgb(150, 250, 100); font-size: 35px;"">别人</p>","other","ability","别人",3,2237,2237,"i","true",NA,NA,NA,NA,"phase_015_subj_30"
13557,513,3,"<p style=""color:white; font-size: 35px;"">蠢笨</p>","negative","ability","蠢笨",3,1190,1190,"e","true",NA,NA,NA,NA,"phase_015_subj_30"
13558,513,3,"<p style=""color:rgb(150, 250, 100); font-size: 35px;"">我的</p>","self","ability","我的",3,1203,1203,"e","true",NA,NA,NA,NA,"phase_015_subj_30"
13559,513,3,"<p style=""color:white; font-size: 35px;"">高效</p>","positive","ability","高效",3,1648,1648,"i","true",NA,NA,NA,NA,"phase_015_subj_30"
13560,513,4,"<p style=""color:rgb(150, 250, 100); font-size: 35px;"">别人</p>","other","ability","别人",4,1061,1061,"i","true",NA,NA,NA,NA,"phase_015_subj_30"
13561,513,4,"<p style=""color:white; font-size: 35px;"">低能</p>","negative","ability","低能",4,972,972,"e","true",NA,NA,NA,NA,"phase_015_subj_30"
13562,513,4,"<p style=""color:rgb(150, 250, 100); font-size: 35px;"">自己的</p>","self","ability","自己的",4,733,733,"e","true",NA,NA,NA,NA,"phase_015_subj_30"
13563,513,4,"<p style=""color:white; font-size: 35px;"">全才</p>","positive","ability","全才",4,1299,1299,"i","true",NA,NA,NA,NA,"phase_015_subj_30"
13564,513,4,"<p style=""color:rgb(150, 250, 100); font-size: 35px;"">我</p>","self","ability","我",4,1421,1421,"e","true",NA,NA,NA,NA,"phase_015_subj_30"
13565,513,4,"<p style=""color:white; font-size: 35px;"">天才</p>","positive","ability","天才",4,2553,2553,"i","true",NA,NA,NA,NA,"phase_015_subj_30"
13566,513,4,"<p style=""color:rgb(150, 250, 100); font-size: 35px;"">他人</p>","other","ability","他人",4,1340,1340,"i","true",NA,NA,NA,NA,"phase_015_subj_30"
13567,513,4,"<p style=""color:white; font-size: 35px;"">拙笨</p>","negative","ability","拙笨",4,1076,1076,"e","true",NA,NA,NA,NA,"phase_015_subj_30"
13568,513,4,"<p style=""color:rgb(150, 250, 100); font-size: 35px;"">本人</p>","self","ability","本人",4,897,897,"e","true",NA,NA,NA,NA,"phase_015_subj_30"
13569,513,4,"<p style=""color:white; font-size: 35px;"">废物</p>","negative","ability","废物",4,2458,2011.26086956522,"i","false",NA,NA,NA,NA,"phase_015_subj_30"
13570,513,4,"<p style=""color:rgb(150, 250, 100); font-size: 35px;"">别人的</p>","other","ability","别人的",4,1404,1404,"i","true",NA,NA,NA,NA,"phase_015_subj_30"
13571,513,4,"<p style=""color:white; font-size: 35px;"">精干</p>","positive","ability","精干",4,1341,1341,"i","true",NA,NA,NA,NA,"phase_015_subj_30"
13572,513,4,"<p style=""color:rgb(150, 250, 100); font-size: 35px;"">我</p>","self","ability","我",4,2038,2038,"e","true",NA,NA,NA,NA,"phase_015_subj_30"
13573,513,4,"<p style=""color:white; font-size: 35px;"">愚钝</p>","negative","ability","愚钝",4,1909,1909,"e","true",NA,NA,NA,NA,"phase_015_subj_30"
13574,513,4,"<p style=""color:rgb(150, 250, 100); font-size: 35px;"">他的</p>","other","ability","他的",4,1047,1047,"i","true",NA,NA,NA,NA,"phase_015_subj_30"
13575,513,4,"<p style=""color:white; font-size: 35px;"">全能</p>","positive","ability","全能",4,1529,1529,"i","true",NA,NA,NA,NA,"phase_015_subj_30"
13576,513,4,"<p style=""color:rgb(150, 250, 100); font-size: 35px;"">自己</p>","self","ability","自己",4,1315,1315,"e","true",NA,NA,NA,NA,"phase_015_subj_30"
13577,513,4,"<p style=""color:white; font-size: 35px;"">高效</p>","positive","ability","高效",4,1682,1682,"i","true",NA,NA,NA,NA,"phase_015_subj_30"
13578,513,4,"<p style=""color:rgb(150, 250, 100); font-size: 35px;"">别人的</p>","other","ability","别人的",4,946,946,"i","true",NA,NA,NA,NA,"phase_015_subj_30"
13579,513,4,"<p style=""color:white; font-size: 35px;"">无能</p>","negative","ability","无能",4,980,980,"e","true",NA,NA,NA,NA,"phase_015_subj_30"
13580,513,4,"<p style=""color:rgb(150, 250, 100); font-size: 35px;"">他人的</p>","other","ability","他人的",4,875,875,"i","true",NA,NA,NA,NA,"phase_015_subj_30"
13581,513,4,"<p style=""color:white; font-size: 35px;"">愚钝</p>","negative","ability","愚钝",4,3503,3503,"e","true",NA,NA,NA,NA,"phase_015_subj_30"
13582,513,4,"<p style=""color:rgb(150, 250, 100); font-size: 35px;"">本人</p>","self","ability","本人",4,1513,1513,"e","true",NA,NA,NA,NA,"phase_015_subj_30"
13583,513,4,"<p style=""color:white; font-size: 35px;"">能干</p>","positive","ability","能干",4,1168,1168,"i","true",NA,NA,NA,NA,"phase_015_subj_30"
13584,513,4,"<p style=""color:rgb(150, 250, 100); font-size: 35px;"">本人的</p>","self","ability","本人的",4,877,877,"e","true",NA,NA,NA,NA,"phase_015_subj_30"
13585,513,4,"<p style=""color:white; font-size: 35px;"">废物</p>","negative","ability","废物",4,1032,1032,"e","true",NA,NA,NA,NA,"phase_015_subj_30"
13586,513,4,"<p style=""color:rgb(150, 250, 100); font-size: 35px;"">他人</p>","other","ability","他人",4,724,724,"i","true",NA,NA,NA,NA,"phase_015_subj_30"
13587,513,4,"<p style=""color:white; font-size: 35px;"">能干</p>","positive","ability","能干",4,842,2011.26086956522,"e","false",NA,NA,NA,NA,"phase_015_subj_30"
13588,513,4,"<p style=""color:rgb(150, 250, 100); font-size: 35px;"">本人的</p>","self","ability","本人的",4,1112,1112,"e","true",NA,NA,NA,NA,"phase_015_subj_30"
13589,513,4,"<p style=""color:white; font-size: 35px;"">蠢笨</p>","negative","ability","蠢笨",4,1407,1407,"e","true",NA,NA,NA,NA,"phase_015_subj_30"
13590,513,4,"<p style=""color:rgb(150, 250, 100); font-size: 35px;"">他人的</p>","other","ability","他人的",4,2043,2043,"i","true",NA,NA,NA,NA,"phase_015_subj_30"
13591,513,4,"<p style=""color:white; font-size: 35px;"">全才</p>","positive","ability","全才",4,1208,1208,"i","true",NA,NA,NA,NA,"phase_015_subj_30"
13592,513,4,"<p style=""color:rgb(150, 250, 100); font-size: 35px;"">我的</p>","self","ability","我的",4,1450,1450,"e","true",NA,NA,NA,NA,"phase_015_subj_30"
13593,513,4,"<p style=""color:white; font-size: 35px;"">蠢笨</p>","negative","ability","蠢笨",4,2263,2263,"e","true",NA,NA,NA,NA,"phase_015_subj_30"
13594,513,4,"<p style=""color:rgb(150, 250, 100); font-size: 35px;"">他</p>","other","ability","他",4,795,795,"i","true",NA,NA,NA,NA,"phase_015_subj_30"
13595,513,4,"<p style=""color:white; font-size: 35px;"">精干</p>","positive","ability","精干",4,983,983,"i","true",NA,NA,NA,NA,"phase_015_subj_30"
13596,513,4,"<p style=""color:rgb(150, 250, 100); font-size: 35px;"">自己的</p>","self","ability","自己的",4,1345,1345,"e","true",NA,NA,NA,NA,"phase_015_subj_30"
13597,513,4,"<p style=""color:white; font-size: 35px;"">高效</p>","positive","ability","高效",4,872,872,"i","true",NA,NA,NA,NA,"phase_015_subj_30"
13598,513,4,"<p style=""color:rgb(150, 250, 100); font-size: 35px;"">他</p>","other","ability","他",4,1080,1080,"i","true",NA,NA,NA,NA,"phase_015_subj_30"
13599,513,4,"<p style=""color:white; font-size: 35px;"">低能</p>","negative","ability","低能",4,989,989,"e","true",NA,NA,NA,NA,"phase_015_subj_30"
13600,513,4,"<p style=""color:rgb(150, 250, 100); font-size: 35px;"">自己</p>","self","ability","自己",4,1434,1434,"e","true",NA,NA,NA,NA,"phase_015_subj_30"
13601,513,4,"<p style=""color:white; font-size: 35px;"">天才</p>","positive","ability","天才",4,2294,2294,"i","true",NA,NA,NA,NA,"phase_015_subj_30"
13602,513,4,"<p style=""color:rgb(150, 250, 100); font-size: 35px;"">别人</p>","other","ability","别人",4,3009,3009,"i","true",NA,NA,NA,NA,"phase_015_subj_30"
13603,513,4,"<p style=""color:white; font-size: 35px;"">拙笨</p>","negative","ability","拙笨",4,2962,2962,"e","true",NA,NA,NA,NA,"phase_015_subj_30"
13604,513,4,"<p style=""color:rgb(150, 250, 100); font-size: 35px;"">他的</p>","other","ability","他的",4,1047,1047,"i","true",NA,NA,NA,NA,"phase_015_subj_30"
13605,513,4,"<p style=""color:white; font-size: 35px;"">无能</p>","negative","ability","无能",4,1168,1168,"e","true",NA,NA,NA,NA,"phase_015_subj_30"
13606,513,4,"<p style=""color:rgb(150, 250, 100); font-size: 35px;"">我的</p>","self","ability","我的",4,1233,1233,"e","true",NA,NA,NA,NA,"phase_015_subj_30"
13607,513,4,"<p style=""color:white; font-size: 35px;"">全能</p>","positive","ability","全能",4,989,989,"i","true",NA,NA,NA,NA,"phase_015_subj_30"
13608,513,5,"<p style=""color:rgb(150, 250, 100); font-size: 35px;"">我</p>","self","ability","我",5,772,772,"i","true",NA,NA,NA,NA,"phase_015_subj_30"
13609,513,5,"<p style=""color:rgb(150, 250, 100); font-size: 35px;"">自己的</p>","self","ability","自己的",5,557,557,"i","true",NA,NA,NA,NA,"phase_015_subj_30"
13610,513,5,"<p style=""color:rgb(150, 250, 100); font-size: 35px;"">他人的</p>","other","ability","他人的",5,755,755,"e","true",NA,NA,NA,NA,"phase_015_subj_30"
13611,513,5,"<p style=""color:rgb(150, 250, 100); font-size: 35px;"">我的</p>","self","ability","我的",5,500,500,"i","true",NA,NA,NA,NA,"phase_015_subj_30"
13612,513,5,"<p style=""color:rgb(150, 250, 100); font-size: 35px;"">他</p>","other","ability","他",5,922,922,"e","true",NA,NA,NA,NA,"phase_015_subj_30"
13613,513,5,"<p style=""color:rgb(150, 250, 100); font-size: 35px;"">自己</p>","self","ability","自己",5,583,583,"i","true",NA,NA,NA,NA,"phase_015_subj_30"
13614,513,5,"<p style=""color:rgb(150, 250, 100); font-size: 35px;"">别人的</p>","other","ability","别人的",5,793,793,"e","true",NA,NA,NA,NA,"phase_015_subj_30"
13615,513,5,"<p style=""color:rgb(150, 250, 100); font-size: 35px;"">本人的</p>","self","ability","本人的",5,1151,1151,"i","true",NA,NA,NA,NA,"phase_015_subj_30"
13616,513,5,"<p style=""color:rgb(150, 250, 100); font-size: 35px;"">他的</p>","other","ability","他的",5,925,925,"e","true",NA,NA,NA,NA,"phase_015_subj_30"
13617,513,5,"<p style=""color:rgb(150, 250, 100); font-size: 35px;"">别人</p>","other","ability","别人",5,606,606,"i","false",NA,NA,NA,NA,"phase_015_subj_30"
13618,513,5,"<p style=""color:rgb(150, 250, 100); font-size: 35px;"">自己的</p>","self","ability","自己的",5,742,742,"i","true",NA,NA,NA,NA,"phase_015_subj_30"
13619,513,5,"<p style=""color:rgb(150, 250, 100); font-size: 35px;"">他的</p>","other","ability","他的",5,727,727,"e","true",NA,NA,NA,NA,"phase_015_subj_30"
13620,513,5,"<p style=""color:rgb(150, 250, 100); font-size: 35px;"">他</p>","other","ability","他",5,887,887,"e","true",NA,NA,NA,NA,"phase_015_subj_30"
13621,513,5,"<p style=""color:rgb(150, 250, 100); font-size: 35px;"">他人</p>","other","ability","他人",5,495,495,"e","true",NA,NA,NA,NA,"phase_015_subj_30"
13622,513,5,"<p style=""color:rgb(150, 250, 100); font-size: 35px;"">别人的</p>","other","ability","别人的",5,872,872,"e","true",NA,NA,NA,NA,"phase_015_subj_30"
13623,513,5,"<p style=""color:rgb(150, 250, 100); font-size: 35px;"">他人</p>","other","ability","他人",5,505,505,"e","true",NA,NA,NA,NA,"phase_015_subj_30"
13624,513,5,"<p style=""color:rgb(150, 250, 100); font-size: 35px;"">自己</p>","self","ability","自己",5,539,539,"i","true",NA,NA,NA,NA,"phase_015_subj_30"
13625,513,5,"<p style=""color:rgb(150, 250, 100); font-size: 35px;"">本人</p>","self","ability","本人",5,662,662,"i","true",NA,NA,NA,NA,"phase_015_subj_30"
13626,513,5,"<p style=""color:rgb(150, 250, 100); font-size: 35px;"">本人的</p>","self","ability","本人的",5,552,552,"i","true",NA,NA,NA,NA,"phase_015_subj_30"
13627,513,5,"<p style=""color:rgb(150, 250, 100); font-size: 35px;"">我</p>","self","ability","我",5,1573,1573,"i","true",NA,NA,NA,NA,"phase_015_subj_30"
13628,513,5,"<p style=""color:rgb(150, 250, 100); font-size: 35px;"">本人</p>","self","ability","本人",5,760,760,"i","true",NA,NA,NA,NA,"phase_015_subj_30"
13629,513,5,"<p style=""color:rgb(150, 250, 100); font-size: 35px;"">我的</p>","self","ability","我的",5,654,654,"i","true",NA,NA,NA,NA,"phase_015_subj_30"
13630,513,5,"<p style=""color:rgb(150, 250, 100); font-size: 35px;"">他人的</p>","other","ability","他人的",5,784,784,"e","true",NA,NA,NA,NA,"phase_015_subj_30"
13631,513,5,"<p style=""color:rgb(150, 250, 100); font-size: 35px;"">别人</p>","other","ability","别人",5,551,551,"e","true",NA,NA,NA,NA,"phase_015_subj_30"
13632,513,6,"<p style=""color:white; font-size: 35px;"">天才</p>","positive","ability","天才",6,2060,2060,"i","true",NA,NA,NA,NA,"phase_015_subj_30"
13633,513,6,"<p style=""color:rgb(150, 250, 100); font-size: 35px;"">本人的</p>","self","ability","本人的",6,1223,1223,"i","true",NA,NA,NA,NA,"phase_015_subj_30"
13634,513,6,"<p style=""color:white; font-size: 35px;"">无能</p>","negative","ability","无能",6,921,921,"e","true",NA,NA,NA,NA,"phase_015_subj_30"
13635,513,6,"<p style=""color:rgb(150, 250, 100); font-size: 35px;"">他人的</p>","other","ability","他人的",6,785,785,"e","true",NA,NA,NA,NA,"phase_015_subj_30"
13636,513,6,"<p style=""color:white; font-size: 35px;"">低能</p>","negative","ability","低能",6,1023,1023,"e","true",NA,NA,NA,NA,"phase_015_subj_30"
13637,513,6,"<p style=""color:rgb(150, 250, 100); font-size: 35px;"">自己</p>","self","ability","自己",6,1392,1392,"i","true",NA,NA,NA,NA,"phase_015_subj_30"
13638,513,6,"<p style=""color:white; font-size: 35px;"">全才</p>","positive","ability","全才",6,943,943,"i","true",NA,NA,NA,NA,"phase_015_subj_30"
13639,513,6,"<p style=""color:rgb(150, 250, 100); font-size: 35px;"">别人</p>","other","ability","别人",6,1866,1866,"e","true",NA,NA,NA,NA,"phase_015_subj_30"
13640,513,6,"<p style=""color:white; font-size: 35px;"">能干</p>","positive","ability","能干",6,789,789,"i","true",NA,NA,NA,NA,"phase_015_subj_30"
13641,513,6,"<p style=""color:rgb(150, 250, 100); font-size: 35px;"">自己的</p>","self","ability","自己的",6,649,649,"i","true",NA,NA,NA,NA,"phase_015_subj_30"
13642,513,6,"<p style=""color:white; font-size: 35px;"">愚钝</p>","negative","ability","愚钝",6,1139,1139,"e","true",NA,NA,NA,NA,"phase_015_subj_30"
13643,513,6,"<p style=""color:rgb(150, 250, 100); font-size: 35px;"">他的</p>","other","ability","他的",6,552,552,"e","true",NA,NA,NA,NA,"phase_015_subj_30"
13644,513,6,"<p style=""color:white; font-size: 35px;"">蠢笨</p>","negative","ability","蠢笨",6,813,813,"e","true",NA,NA,NA,NA,"phase_015_subj_30"
13645,513,6,"<p style=""color:rgb(150, 250, 100); font-size: 35px;"">别人的</p>","other","ability","别人的",6,590,590,"e","true",NA,NA,NA,NA,"phase_015_subj_30"
13646,513,6,"<p style=""color:white; font-size: 35px;"">精干</p>","positive","ability","精干",6,661,661,"i","true",NA,NA,NA,NA,"phase_015_subj_30"
13647,513,6,"<p style=""color:rgb(150, 250, 100); font-size: 35px;"">我</p>","self","ability","我",6,486,486,"i","true",NA,NA,NA,NA,"phase_015_subj_30"
13648,513,6,"<p style=""color:white; font-size: 35px;"">废物</p>","negative","ability","废物",6,1571,1571,"e","true",NA,NA,NA,NA,"phase_015_subj_30"
13649,513,6,"<p style=""color:rgb(150, 250, 100); font-size: 35px;"">本人</p>","self","ability","本人",6,593,593,"i","true",NA,NA,NA,NA,"phase_015_subj_30"
13650,513,6,"<p style=""color:white; font-size: 35px;"">高效</p>","positive","ability","高效",6,658,658,"i","true",NA,NA,NA,NA,"phase_015_subj_30"
13651,513,6,"<p style=""color:rgb(150, 250, 100); font-size: 35px;"">他人</p>","other","ability","他人",6,611,611,"e","true",NA,NA,NA,NA,"phase_015_subj_30"
13652,513,6,"<p style=""color:white; font-size: 35px;"">全能</p>","positive","ability","全能",6,622,622,"i","true",NA,NA,NA,NA,"phase_015_subj_30"
13653,513,6,"<p style=""color:rgb(150, 250, 100); font-size: 35px;"">他</p>","other","ability","他",6,673,673,"e","true",NA,NA,NA,NA,"phase_015_subj_30"
13654,513,6,"<p style=""color:white; font-size: 35px;"">拙笨</p>","negative","ability","拙笨",6,628,628,"e","true",NA,NA,NA,NA,"phase_015_subj_30"
13655,513,6,"<p style=""color:rgb(150, 250, 100); font-size: 35px;"">我的</p>","self","ability","我的",6,437,437,"i","true",NA,NA,NA,NA,"phase_015_subj_30"
13656,513,7,"<p style=""color:white; font-size: 35px;"">无能</p>","negative","ability","无能",7,849,849,"e","true",NA,NA,NA,NA,"phase_015_subj_30"
13657,513,7,"<p style=""color:rgb(150, 250, 100); font-size: 35px;"">自己</p>","self","ability","自己",7,723,723,"i","true",NA,NA,NA,NA,"phase_015_subj_30"
13658,513,7,"<p style=""color:white; font-size: 35px;"">高效</p>","positive","ability","高效",7,541,541,"i","true",NA,NA,NA,NA,"phase_015_subj_30"
13659,513,7,"<p style=""color:rgb(150, 250, 100); font-size: 35px;"">他的</p>","other","ability","他的",7,1252,1252,"e","true",NA,NA,NA,NA,"phase_015_subj_30"
13660,513,7,"<p style=""color:white; font-size: 35px;"">全才</p>","positive","ability","全才",7,835,835,"i","true",NA,NA,NA,NA,"phase_015_subj_30"
13661,513,7,"<p style=""color:rgb(150, 250, 100); font-size: 35px;"">本人的</p>","self","ability","本人的",7,571,571,"i","true",NA,NA,NA,NA,"phase_015_subj_30"
13662,513,7,"<p style=""color:white; font-size: 35px;"">废物</p>","negative","ability","废物",7,1670,1670,"e","true",NA,NA,NA,NA,"phase_015_subj_30"
13663,513,7,"<p style=""color:rgb(150, 250, 100); font-size: 35px;"">别人</p>","other","ability","别人",7,586,586,"e","true",NA,NA,NA,NA,"phase_015_subj_30"
13664,513,7,"<p style=""color:white; font-size: 35px;"">低能</p>","negative","ability","低能",7,666,666,"e","true",NA,NA,NA,NA,"phase_015_subj_30"
13665,513,7,"<p style=""color:rgb(150, 250, 100); font-size: 35px;"">他的</p>","other","ability","他的",7,983,983,"e","true",NA,NA,NA,NA,"phase_015_subj_30"
13666,513,7,"<p style=""color:white; font-size: 35px;"">全能</p>","positive","ability","全能",7,1042,1042,"i","true",NA,NA,NA,NA,"phase_015_subj_30"
13667,513,7,"<p style=""color:rgb(150, 250, 100); font-size: 35px;"">本人</p>","self","ability","本人",7,531,531,"i","true",NA,NA,NA,NA,"phase_015_subj_30"
13668,513,7,"<p style=""color:white; font-size: 35px;"">能干</p>","positive","ability","能干",7,563,563,"i","true",NA,NA,NA,NA,"phase_015_subj_30"
13669,513,7,"<p style=""color:rgb(150, 250, 100); font-size: 35px;"">他</p>","other","ability","他",7,783,783,"e","true",NA,NA,NA,NA,"phase_015_subj_30"
13670,513,7,"<p style=""color:white; font-size: 35px;"">蠢笨</p>","negative","ability","蠢笨",7,524,524,"e","true",NA,NA,NA,NA,"phase_015_subj_30"
13671,513,7,"<p style=""color:rgb(150, 250, 100); font-size: 35px;"">自己</p>","self","ability","自己",7,667,667,"i","true",NA,NA,NA,NA,"phase_015_subj_30"
13672,513,7,"<p style=""color:white; font-size: 35px;"">废物</p>","negative","ability","废物",7,741,741,"e","true",NA,NA,NA,NA,"phase_015_subj_30"
13673,513,7,"<p style=""color:rgb(150, 250, 100); font-size: 35px;"">别人的</p>","other","ability","别人的",7,1120,1120,"e","true",NA,NA,NA,NA,"phase_015_subj_30"
13674,513,7,"<p style=""color:white; font-size: 35px;"">能干</p>","positive","ability","能干",7,599,599,"i","true",NA,NA,NA,NA,"phase_015_subj_30"
13675,513,7,"<p style=""color:rgb(150, 250, 100); font-size: 35px;"">本人的</p>","self","ability","本人的",7,765,765,"i","true",NA,NA,NA,NA,"phase_015_subj_30"
13676,513,7,"<p style=""color:white; font-size: 35px;"">精干</p>","positive","ability","精干",7,621,621,"i","true",NA,NA,NA,NA,"phase_015_subj_30"
13677,513,7,"<p style=""color:rgb(150, 250, 100); font-size: 35px;"">他人</p>","other","ability","他人",7,514,514,"e","true",NA,NA,NA,NA,"phase_015_subj_30"
13678,513,7,"<p style=""color:white; font-size: 35px;"">拙笨</p>","negative","ability","拙笨",7,565,565,"e","true",NA,NA,NA,NA,"phase_015_subj_30"
13679,513,7,"<p style=""color:rgb(150, 250, 100); font-size: 35px;"">我</p>","self","ability","我",7,805,805,"i","true",NA,NA,NA,NA,"phase_015_subj_30"
13680,513,7,"<p style=""color:white; font-size: 35px;"">天才</p>","positive","ability","天才",7,1051,1051,"i","true",NA,NA,NA,NA,"phase_015_subj_30"
13681,513,7,"<p style=""color:rgb(150, 250, 100); font-size: 35px;"">他人的</p>","other","ability","他人的",7,638,638,"e","true",NA,NA,NA,NA,"phase_015_subj_30"
13682,513,7,"<p style=""color:white; font-size: 35px;"">愚钝</p>","negative","ability","愚钝",7,602,602,"e","true",NA,NA,NA,NA,"phase_015_subj_30"
13683,513,7,"<p style=""color:rgb(150, 250, 100); font-size: 35px;"">我的</p>","self","ability","我的",7,451,451,"i","true",NA,NA,NA,NA,"phase_015_subj_30"
13684,513,7,"<p style=""color:white; font-size: 35px;"">高效</p>","positive","ability","高效",7,574,574,"i","true",NA,NA,NA,NA,"phase_015_subj_30"
13685,513,7,"<p style=""color:rgb(150, 250, 100); font-size: 35px;"">他人的</p>","other","ability","他人的",7,713,713,"e","true",NA,NA,NA,NA,"phase_015_subj_30"
13686,513,7,"<p style=""color:white; font-size: 35px;"">蠢笨</p>","negative","ability","蠢笨",7,855,855,"e","true",NA,NA,NA,NA,"phase_015_subj_30"
13687,513,7,"<p style=""color:rgb(150, 250, 100); font-size: 35px;"">自己的</p>","self","ability","自己的",7,534,534,"i","true",NA,NA,NA,NA,"phase_015_subj_30"
13688,513,7,"<p style=""color:white; font-size: 35px;"">全才</p>","positive","ability","全才",7,493,493,"i","true",NA,NA,NA,NA,"phase_015_subj_30"
13689,513,7,"<p style=""color:rgb(150, 250, 100); font-size: 35px;"">本人</p>","self","ability","本人",7,558,558,"i","true",NA,NA,NA,NA,"phase_015_subj_30"
13690,513,7,"<p style=""color:white; font-size: 35px;"">拙笨</p>","negative","ability","拙笨",7,458,458,"e","true",NA,NA,NA,NA,"phase_015_subj_30"
13691,513,7,"<p style=""color:rgb(150, 250, 100); font-size: 35px;"">别人的</p>","other","ability","别人的",7,555,555,"e","true",NA,NA,NA,NA,"phase_015_subj_30"
13692,513,7,"<p style=""color:white; font-size: 35px;"">精干</p>","positive","ability","精干",7,513,513,"i","true",NA,NA,NA,NA,"phase_015_subj_30"
13693,513,7,"<p style=""color:rgb(150, 250, 100); font-size: 35px;"">我</p>","self","ability","我",7,645,645,"i","true",NA,NA,NA,NA,"phase_015_subj_30"
13694,513,7,"<p style=""color:white; font-size: 35px;"">愚钝</p>","negative","ability","愚钝",7,936,936,"e","true",NA,NA,NA,NA,"phase_015_subj_30"
13695,513,7,"<p style=""color:rgb(150, 250, 100); font-size: 35px;"">别人</p>","other","ability","别人",7,1072,1072,"e","true",NA,NA,NA,NA,"phase_015_subj_30"
13696,513,7,"<p style=""color:white; font-size: 35px;"">无能</p>","negative","ability","无能",7,695,695,"e","true",NA,NA,NA,NA,"phase_015_subj_30"
13697,513,7,"<p style=""color:rgb(150, 250, 100); font-size: 35px;"">他人</p>","other","ability","他人",7,479,479,"e","true",NA,NA,NA,NA,"phase_015_subj_30"
13698,513,7,"<p style=""color:white; font-size: 35px;"">天才</p>","positive","ability","天才",7,526,526,"i","true",NA,NA,NA,NA,"phase_015_subj_30"
13699,513,7,"<p style=""color:rgb(150, 250, 100); font-size: 35px;"">我的</p>","self","ability","我的",7,653,653,"i","true",NA,NA,NA,NA,"phase_015_subj_30"
13700,513,7,"<p style=""color:white; font-size: 35px;"">全能</p>","positive","ability","全能",7,455,455,"i","true",NA,NA,NA,NA,"phase_015_subj_30"
13701,513,7,"<p style=""color:rgb(150, 250, 100); font-size: 35px;"">自己的</p>","self","ability","自己的",7,545,545,"i","true",NA,NA,NA,NA,"phase_015_subj_30"
13702,513,7,"<p style=""color:white; font-size: 35px;"">低能</p>","negative","ability","低能",7,529,529,"e","true",NA,NA,NA,NA,"phase_015_subj_30"
13703,513,7,"<p style=""color:rgb(150, 250, 100); font-size: 35px;"">他</p>","other","ability","他",7,513,513,"e","true",NA,NA,NA,NA,"phase_015_subj_30"
13704,513,NA,"
    <h3>词语分类任务</h3>
    <p>在接下来的任务中，你需要对一系列词语进行分类。<p/>
    请先熟悉这些词语，这有利于你完成接下来的任务。</p>
    <table align=""center"" border=1 cellpadding=3 cellspacing=0>
    <tr> <th>类别</th> <th>词语</th> </tr>
    <tr> <td>&emsp;积极&emsp;</td> <td>&emsp;高尚、诚信、善良、君子、廉正、正直&emsp;</td> </tr>
    <tr> <td>&emsp;消极&emsp;</td> <td>&emsp;缺德、卑鄙、不孝、不仁、小人、黑心&emsp;</td> </tr>
    <tr> <td>&emsp;自我&emsp;</td> <td>&emsp;我、我的、自己、自己的、本人、本人的&emsp;</td> </tr>
    <tr> <td>&emsp;他人&emsp;</td> <td>&emsp;他、他的、别人、别人的、他人、他人的&emsp;</td> </tr>
    </table><br/>","","","",NA,18076,NA,"0","",NA,NA,1,1,"phase_015_subj_30"
13705,513,11,"<p style=""color:rgb(150, 250, 100); font-size: 35px;"">本人的</p>","self","moral","本人的",1,599,599,"e","true",NA,NA,NA,NA,"phase_015_subj_30"
13706,513,11,"<p style=""color:rgb(150, 250, 100); font-size: 35px;"">别人的</p>","other","moral","别人的",1,557,557,"i","true",NA,NA,NA,NA,"phase_015_subj_30"
13707,513,11,"<p style=""color:rgb(150, 250, 100); font-size: 35px;"">他</p>","other","moral","他",1,651,651,"i","true",NA,NA,NA,NA,"phase_015_subj_30"
13708,513,11,"<p style=""color:rgb(150, 250, 100); font-size: 35px;"">自己的</p>","self","moral","自己的",1,732,732,"e","true",NA,NA,NA,NA,"phase_015_subj_30"
13709,513,11,"<p style=""color:rgb(150, 250, 100); font-size: 35px;"">我</p>","self","moral","我",1,476,476,"e","true",NA,NA,NA,NA,"phase_015_subj_30"
13710,513,11,"<p style=""color:rgb(150, 250, 100); font-size: 35px;"">他人</p>","other","moral","他人",1,441,441,"i","true",NA,NA,NA,NA,"phase_015_subj_30"
13711,513,11,"<p style=""color:rgb(150, 250, 100); font-size: 35px;"">自己</p>","self","moral","自己",1,522,522,"e","true",NA,NA,NA,NA,"phase_015_subj_30"
13712,513,11,"<p style=""color:rgb(150, 250, 100); font-size: 35px;"">本人</p>","self","moral","本人",1,600,600,"e","true",NA,NA,NA,NA,"phase_015_subj_30"
13713,513,11,"<p style=""color:rgb(150, 250, 100); font-size: 35px;"">他的</p>","other","moral","他的",1,707,707,"i","true",NA,NA,NA,NA,"phase_015_subj_30"
13714,513,11,"<p style=""color:rgb(150, 250, 100); font-size: 35px;"">他人的</p>","other","moral","他人的",1,497,497,"i","true",NA,NA,NA,NA,"phase_015_subj_30"
13715,513,11,"<p style=""color:rgb(150, 250, 100); font-size: 35px;"">别人</p>","other","moral","别人",1,743,743,"i","true",NA,NA,NA,NA,"phase_015_subj_30"
13716,513,11,"<p style=""color:rgb(150, 250, 100); font-size: 35px;"">我的</p>","self","moral","我的",1,702,702,"e","true",NA,NA,NA,NA,"phase_015_subj_30"
13717,513,12,"<p style=""color:white; font-size: 35px;"">小人</p>","negative","moral","小人",2,1838,1838,"i","true",NA,NA,NA,NA,"phase_015_subj_30"
13718,513,12,"<p style=""color:white; font-size: 35px;"">卑鄙</p>","negative","moral","卑鄙",2,483,483,"i","true",NA,NA,NA,NA,"phase_015_subj_30"
13719,513,12,"<p style=""color:white; font-size: 35px;"">不仁</p>","negative","moral","不仁",2,596,596,"i","true",NA,NA,NA,NA,"phase_015_subj_30"
13720,513,12,"<p style=""color:white; font-size: 35px;"">诚信</p>","positive","moral","诚信",2,505,505,"e","true",NA,NA,NA,NA,"phase_015_subj_30"
13721,513,12,"<p style=""color:white; font-size: 35px;"">黑心</p>","negative","moral","黑心",2,760,760,"i","true",NA,NA,NA,NA,"phase_015_subj_30"
13722,513,12,"<p style=""color:white; font-size: 35px;"">高尚</p>","positive","moral","高尚",2,991,991,"e","true",NA,NA,NA,NA,"phase_015_subj_30"
13723,513,12,"<p style=""color:white; font-size: 35px;"">正直</p>","positive","moral","正直",2,550,550,"e","true",NA,NA,NA,NA,"phase_015_subj_30"
13724,513,12,"<p style=""color:white; font-size: 35px;"">缺德</p>","negative","moral","缺德",2,680,680,"i","true",NA,NA,NA,NA,"phase_015_subj_30"
13725,513,12,"<p style=""color:white; font-size: 35px;"">君子</p>","positive","moral","君子",2,833,833,"e","true",NA,NA,NA,NA,"phase_015_subj_30"
13726,513,12,"<p style=""color:white; font-size: 35px;"">廉正</p>","positive","moral","廉正",2,592,592,"e","true",NA,NA,NA,NA,"phase_015_subj_30"
13727,513,12,"<p style=""color:white; font-size: 35px;"">不孝</p>","negative","moral","不孝",2,521,521,"i","true",NA,NA,NA,NA,"phase_015_subj_30"
13728,513,12,"<p style=""color:white; font-size: 35px;"">善良</p>","positive","moral","善良",2,623,623,"e","true",NA,NA,NA,NA,"phase_015_subj_30"
13729,513,13,"<p style=""color:rgb(150, 250, 100); font-size: 35px;"">别人的</p>","other","moral","别人的",3,751,751,"i","true",NA,NA,NA,NA,"phase_015_subj_30"
13730,513,13,"<p style=""color:white; font-size: 35px;"">缺德</p>","negative","moral","缺德",3,497,497,"i","true",NA,NA,NA,NA,"phase_015_subj_30"
13731,513,13,"<p style=""color:rgb(150, 250, 100); font-size: 35px;"">本人的</p>","self","moral","本人的",3,598,598,"e","true",NA,NA,NA,NA,"phase_015_subj_30"
13732,513,13,"<p style=""color:white; font-size: 35px;"">高尚</p>","positive","moral","高尚",3,480,480,"e","true",NA,NA,NA,NA,"phase_015_subj_30"
13733,513,13,"<p style=""color:rgb(150, 250, 100); font-size: 35px;"">本人</p>","self","moral","本人",3,606,606,"e","true",NA,NA,NA,NA,"phase_015_subj_30"
13734,513,13,"<p style=""color:white; font-size: 35px;"">卑鄙</p>","negative","moral","卑鄙",3,816,816,"i","true",NA,NA,NA,NA,"phase_015_subj_30"
13735,513,13,"<p style=""color:rgb(150, 250, 100); font-size: 35px;"">他</p>","other","moral","他",3,597,597,"i","true",NA,NA,NA,NA,"phase_015_subj_30"
13736,513,13,"<p style=""color:white; font-size: 35px;"">正直</p>","positive","moral","正直",3,725,725,"e","true",NA,NA,NA,NA,"phase_015_subj_30"
13737,513,13,"<p style=""color:rgb(150, 250, 100); font-size: 35px;"">别人</p>","other","moral","别人",3,604,604,"i","true",NA,NA,NA,NA,"phase_015_subj_30"
13738,513,13,"<p style=""color:white; font-size: 35px;"">君子</p>","positive","moral","君子",3,1416,1416,"e","true",NA,NA,NA,NA,"phase_015_subj_30"
13739,513,13,"<p style=""color:rgb(150, 250, 100); font-size: 35px;"">我</p>","self","moral","我",3,545,545,"e","true",NA,NA,NA,NA,"phase_015_subj_30"
13740,513,13,"<p style=""color:white; font-size: 35px;"">不孝</p>","negative","moral","不孝",3,587,587,"i","true",NA,NA,NA,NA,"phase_015_subj_30"
13741,513,13,"<p style=""color:rgb(150, 250, 100); font-size: 35px;"">他人的</p>","other","moral","他人的",3,458,458,"i","true",NA,NA,NA,NA,"phase_015_subj_30"
13742,513,13,"<p style=""color:white; font-size: 35px;"">廉正</p>","positive","moral","廉正",3,772,772,"e","true",NA,NA,NA,NA,"phase_015_subj_30"
13743,513,13,"<p style=""color:rgb(150, 250, 100); font-size: 35px;"">我的</p>","self","moral","我的",3,601,601,"e","true",NA,NA,NA,NA,"phase_015_subj_30"
13744,513,13,"<p style=""color:white; font-size: 35px;"">不仁</p>","negative","moral","不仁",3,523,523,"i","true",NA,NA,NA,NA,"phase_015_subj_30"
13745,513,13,"<p style=""color:rgb(150, 250, 100); font-size: 35px;"">自己的</p>","self","moral","自己的",3,850,850,"e","true",NA,NA,NA,NA,"phase_015_subj_30"
13746,513,13,"<p style=""color:white; font-size: 35px;"">诚信</p>","positive","moral","诚信",3,639,639,"e","true",NA,NA,NA,NA,"phase_015_subj_30"
13747,513,13,"<p style=""color:rgb(150, 250, 100); font-size: 35px;"">他的</p>","other","moral","他的",3,651,651,"i","true",NA,NA,NA,NA,"phase_015_subj_30"
13748,513,13,"<p style=""color:white; font-size: 35px;"">小人</p>","negative","moral","小人",3,495,495,"i","true",NA,NA,NA,NA,"phase_015_subj_30"
13749,513,13,"<p style=""color:rgb(150, 250, 100); font-size: 35px;"">自己</p>","self","moral","自己",3,671,671,"e","true",NA,NA,NA,NA,"phase_015_subj_30"
13750,513,13,"<p style=""color:white; font-size: 35px;"">善良</p>","positive","moral","善良",3,929,929,"e","true",NA,NA,NA,NA,"phase_015_subj_30"
13751,513,13,"<p style=""color:rgb(150, 250, 100); font-size: 35px;"">他人</p>","other","moral","他人",3,577,577,"i","true",NA,NA,NA,NA,"phase_015_subj_30"
13752,513,13,"<p style=""color:white; font-size: 35px;"">黑心</p>","negative","moral","黑心",3,940,940,"i","true",NA,NA,NA,NA,"phase_015_subj_30"
13753,513,14,"<p style=""color:rgb(150, 250, 100); font-size: 35px;"">自己</p>","self","moral","自己",4,705,705,"e","true",NA,NA,NA,NA,"phase_015_subj_30"
13754,513,14,"<p style=""color:white; font-size: 35px;"">善良</p>","positive","moral","善良",4,581,581,"e","true",NA,NA,NA,NA,"phase_015_subj_30"
13755,513,14,"<p style=""color:rgb(150, 250, 100); font-size: 35px;"">他的</p>","other","moral","他的",4,619,619,"i","true",NA,NA,NA,NA,"phase_015_subj_30"
13756,513,14,"<p style=""color:white; font-size: 35px;"">卑鄙</p>","negative","moral","卑鄙",4,444,444,"i","true",NA,NA,NA,NA,"phase_015_subj_30"
13757,513,14,"<p style=""color:rgb(150, 250, 100); font-size: 35px;"">别人</p>","other","moral","别人",4,533,533,"i","true",NA,NA,NA,NA,"phase_015_subj_30"
13758,513,14,"<p style=""color:white; font-size: 35px;"">黑心</p>","negative","moral","黑心",4,443,443,"i","true",NA,NA,NA,NA,"phase_015_subj_30"
13759,513,14,"<p style=""color:rgb(150, 250, 100); font-size: 35px;"">我的</p>","self","moral","我的",4,705,705,"e","true",NA,NA,NA,NA,"phase_015_subj_30"
13760,513,14,"<p style=""color:white; font-size: 35px;"">君子</p>","positive","moral","君子",4,764,764,"e","true",NA,NA,NA,NA,"phase_015_subj_30"
13761,513,14,"<p style=""color:rgb(150, 250, 100); font-size: 35px;"">他人</p>","other","moral","他人",4,600,600,"i","true",NA,NA,NA,NA,"phase_015_subj_30"
13762,513,14,"<p style=""color:white; font-size: 35px;"">正直</p>","positive","moral","正直",4,570,570,"e","true",NA,NA,NA,NA,"phase_015_subj_30"
13763,513,14,"<p style=""color:rgb(150, 250, 100); font-size: 35px;"">我</p>","self","moral","我",4,534,534,"e","true",NA,NA,NA,NA,"phase_015_subj_30"
13764,513,14,"<p style=""color:white; font-size: 35px;"">小人</p>","negative","moral","小人",4,664,664,"i","true",NA,NA,NA,NA,"phase_015_subj_30"
13765,513,14,"<p style=""color:rgb(150, 250, 100); font-size: 35px;"">本人的</p>","self","moral","本人的",4,665,665,"e","true",NA,NA,NA,NA,"phase_015_subj_30"
13766,513,14,"<p style=""color:white; font-size: 35px;"">廉正</p>","positive","moral","廉正",4,508,508,"e","true",NA,NA,NA,NA,"phase_015_subj_30"
13767,513,14,"<p style=""color:rgb(150, 250, 100); font-size: 35px;"">他的</p>","other","moral","他的",4,613,613,"i","true",NA,NA,NA,NA,"phase_015_subj_30"
13768,513,14,"<p style=""color:white; font-size: 35px;"">卑鄙</p>","negative","moral","卑鄙",4,668,668,"i","true",NA,NA,NA,NA,"phase_015_subj_30"
13769,513,14,"<p style=""color:rgb(150, 250, 100); font-size: 35px;"">他人的</p>","other","moral","他人的",4,578,578,"i","true",NA,NA,NA,NA,"phase_015_subj_30"
13770,513,14,"<p style=""color:white; font-size: 35px;"">不仁</p>","negative","moral","不仁",4,678,678,"i","true",NA,NA,NA,NA,"phase_015_subj_30"
13771,513,14,"<p style=""color:rgb(150, 250, 100); font-size: 35px;"">自己的</p>","self","moral","自己的",4,886,886,"e","true",NA,NA,NA,NA,"phase_015_subj_30"
13772,513,14,"<p style=""color:white; font-size: 35px;"">善良</p>","positive","moral","善良",4,694,694,"e","true",NA,NA,NA,NA,"phase_015_subj_30"
13773,513,14,"<p style=""color:rgb(150, 250, 100); font-size: 35px;"">他</p>","other","moral","他",4,950,950,"i","true",NA,NA,NA,NA,"phase_015_subj_30"
13774,513,14,"<p style=""color:white; font-size: 35px;"">正直</p>","positive","moral","正直",4,601,601,"e","true",NA,NA,NA,NA,"phase_015_subj_30"
13775,513,14,"<p style=""color:rgb(150, 250, 100); font-size: 35px;"">本人</p>","self","moral","本人",4,845,845,"e","true",NA,NA,NA,NA,"phase_015_subj_30"
13776,513,14,"<p style=""color:white; font-size: 35px;"">缺德</p>","negative","moral","缺德",4,582,582,"i","true",NA,NA,NA,NA,"phase_015_subj_30"
13777,513,14,"<p style=""color:rgb(150, 250, 100); font-size: 35px;"">别人的</p>","other","moral","别人的",4,964,964,"i","true",NA,NA,NA,NA,"phase_015_subj_30"
13778,513,14,"<p style=""color:white; font-size: 35px;"">不仁</p>","negative","moral","不仁",4,657,657,"i","true",NA,NA,NA,NA,"phase_015_subj_30"
13779,513,14,"<p style=""color:rgb(150, 250, 100); font-size: 35px;"">我</p>","self","moral","我",4,581,581,"e","true",NA,NA,NA,NA,"phase_015_subj_30"
13780,513,14,"<p style=""color:white; font-size: 35px;"">高尚</p>","positive","moral","高尚",4,606,606,"e","true",NA,NA,NA,NA,"phase_015_subj_30"
13781,513,14,"<p style=""color:rgb(150, 250, 100); font-size: 35px;"">我的</p>","self","moral","我的",4,628,628,"e","true",NA,NA,NA,NA,"phase_015_subj_30"
13782,513,14,"<p style=""color:white; font-size: 35px;"">缺德</p>","negative","moral","缺德",4,1084,1084,"i","true",NA,NA,NA,NA,"phase_015_subj_30"
13783,513,14,"<p style=""color:rgb(150, 250, 100); font-size: 35px;"">他人的</p>","other","moral","他人的",4,619,619,"i","true",NA,NA,NA,NA,"phase_015_subj_30"
13784,513,14,"<p style=""color:white; font-size: 35px;"">廉正</p>","positive","moral","廉正",4,643,643,"e","true",NA,NA,NA,NA,"phase_015_subj_30"
13785,513,14,"<p style=""color:rgb(150, 250, 100); font-size: 35px;"">他人</p>","other","moral","他人",4,1068,1068,"i","true",NA,NA,NA,NA,"phase_015_subj_30"
13786,513,14,"<p style=""color:white; font-size: 35px;"">不孝</p>","negative","moral","不孝",4,541,541,"i","true",NA,NA,NA,NA,"phase_015_subj_30"
13787,513,14,"<p style=""color:rgb(150, 250, 100); font-size: 35px;"">本人</p>","self","moral","本人",4,622,622,"e","true",NA,NA,NA,NA,"phase_015_subj_30"
13788,513,14,"<p style=""color:white; font-size: 35px;"">诚信</p>","positive","moral","诚信",4,537,537,"e","true",NA,NA,NA,NA,"phase_015_subj_30"
13789,513,14,"<p style=""color:rgb(150, 250, 100); font-size: 35px;"">自己</p>","self","moral","自己",4,622,622,"e","true",NA,NA,NA,NA,"phase_015_subj_30"
13790,513,14,"<p style=""color:white; font-size: 35px;"">黑心</p>","negative","moral","黑心",4,505,505,"i","true",NA,NA,NA,NA,"phase_015_subj_30"
13791,513,14,"<p style=""color:rgb(150, 250, 100); font-size: 35px;"">别人</p>","other","moral","别人",4,628,628,"i","true",NA,NA,NA,NA,"phase_015_subj_30"
13792,513,14,"<p style=""color:white; font-size: 35px;"">君子</p>","positive","moral","君子",4,573,573,"e","true",NA,NA,NA,NA,"phase_015_subj_30"
13793,513,14,"<p style=""color:rgb(150, 250, 100); font-size: 35px;"">别人的</p>","other","moral","别人的",4,646,646,"i","true",NA,NA,NA,NA,"phase_015_subj_30"
13794,513,14,"<p style=""color:white; font-size: 35px;"">诚信</p>","positive","moral","诚信",4,1175,1175,"e","true",NA,NA,NA,NA,"phase_015_subj_30"
13795,513,14,"<p style=""color:rgb(150, 250, 100); font-size: 35px;"">本人的</p>","self","moral","本人的",4,1101,1101,"e","true",NA,NA,NA,NA,"phase_015_subj_30"
13796,513,14,"<p style=""color:white; font-size: 35px;"">不孝</p>","negative","moral","不孝",4,591,591,"i","true",NA,NA,NA,NA,"phase_015_subj_30"
13797,513,14,"<p style=""color:rgb(150, 250, 100); font-size: 35px;"">他</p>","other","moral","他",4,565,565,"i","true",NA,NA,NA,NA,"phase_015_subj_30"
13798,513,14,"<p style=""color:white; font-size: 35px;"">小人</p>","negative","moral","小人",4,586,586,"i","true",NA,NA,NA,NA,"phase_015_subj_30"
13799,513,14,"<p style=""color:rgb(150, 250, 100); font-size: 35px;"">自己的</p>","self","moral","自己的",4,594,594,"e","true",NA,NA,NA,NA,"phase_015_subj_30"
13800,513,14,"<p style=""color:white; font-size: 35px;"">高尚</p>","positive","moral","高尚",4,595,595,"e","true",NA,NA,NA,NA,"phase_015_subj_30"
13801,513,15,"<p style=""color:rgb(150, 250, 100); font-size: 35px;"">我</p>","self","moral","我",5,468,468,"i","true",NA,NA,NA,NA,"phase_015_subj_30"
13802,513,15,"<p style=""color:rgb(150, 250, 100); font-size: 35px;"">本人</p>","self","moral","本人",5,472,472,"i","true",NA,NA,NA,NA,"phase_015_subj_30"
13803,513,15,"<p style=""color:rgb(150, 250, 100); font-size: 35px;"">别人的</p>","other","moral","别人的",5,553,553,"e","true",NA,NA,NA,NA,"phase_015_subj_30"
13804,513,15,"<p style=""color:rgb(150, 250, 100); font-size: 35px;"">别人</p>","other","moral","别人",5,602,602,"e","true",NA,NA,NA,NA,"phase_015_subj_30"
13805,513,15,"<p style=""color:rgb(150, 250, 100); font-size: 35px;"">自己</p>","self","moral","自己",5,960,960,"i","true",NA,NA,NA,NA,"phase_015_subj_30"
13806,513,15,"<p style=""color:rgb(150, 250, 100); font-size: 35px;"">别人</p>","other","moral","别人",5,524,524,"e","true",NA,NA,NA,NA,"phase_015_subj_30"
13807,513,15,"<p style=""color:rgb(150, 250, 100); font-size: 35px;"">他</p>","other","moral","他",5,558,558,"e","true",NA,NA,NA,NA,"phase_015_subj_30"
13808,513,15,"<p style=""color:rgb(150, 250, 100); font-size: 35px;"">他人</p>","other","moral","他人",5,381,381,"e","true",NA,NA,NA,NA,"phase_015_subj_30"
13809,513,15,"<p style=""color:rgb(150, 250, 100); font-size: 35px;"">他人的</p>","other","moral","他人的",5,429,429,"e","true",NA,NA,NA,NA,"phase_015_subj_30"
13810,513,15,"<p style=""color:rgb(150, 250, 100); font-size: 35px;"">他人</p>","other","moral","他人",5,408,408,"e","true",NA,NA,NA,NA,"phase_015_subj_30"
13811,513,15,"<p style=""color:rgb(150, 250, 100); font-size: 35px;"">我</p>","self","moral","我",5,494,494,"i","true",NA,NA,NA,NA,"phase_015_subj_30"
13812,513,15,"<p style=""color:rgb(150, 250, 100); font-size: 35px;"">我的</p>","self","moral","我的",5,425,425,"i","true",NA,NA,NA,NA,"phase_015_subj_30"
13813,513,15,"<p style=""color:rgb(150, 250, 100); font-size: 35px;"">他人的</p>","other","moral","他人的",5,506,506,"e","true",NA,NA,NA,NA,"phase_015_subj_30"
13814,513,15,"<p style=""color:rgb(150, 250, 100); font-size: 35px;"">本人的</p>","self","moral","本人的",5,2048,2048,"i","true",NA,NA,NA,NA,"phase_015_subj_30"
13815,513,15,"<p style=""color:rgb(150, 250, 100); font-size: 35px;"">自己的</p>","self","moral","自己的",5,911,911,"i","true",NA,NA,NA,NA,"phase_015_subj_30"
13816,513,15,"<p style=""color:rgb(150, 250, 100); font-size: 35px;"">本人</p>","self","moral","本人",5,613,613,"i","true",NA,NA,NA,NA,"phase_015_subj_30"
13817,513,15,"<p style=""color:rgb(150, 250, 100); font-size: 35px;"">我的</p>","self","moral","我的",5,647,647,"i","true",NA,NA,NA,NA,"phase_015_subj_30"
13818,513,15,"<p style=""color:rgb(150, 250, 100); font-size: 35px;"">本人的</p>","self","moral","本人的",5,621,621,"i","true",NA,NA,NA,NA,"phase_015_subj_30"
13819,513,15,"<p style=""color:rgb(150, 250, 100); font-size: 35px;"">他的</p>","other","moral","他的",5,731,731,"e","true",NA,NA,NA,NA,"phase_015_subj_30"
13820,513,15,"<p style=""color:rgb(150, 250, 100); font-size: 35px;"">自己的</p>","self","moral","自己的",5,608,608,"i","true",NA,NA,NA,NA,"phase_015_subj_30"
13821,513,15,"<p style=""color:rgb(150, 250, 100); font-size: 35px;"">他的</p>","other","moral","他的",5,978,978,"e","true",NA,NA,NA,NA,"phase_015_subj_30"
13822,513,15,"<p style=""color:rgb(150, 250, 100); font-size: 35px;"">自己</p>","self","moral","自己",5,470,470,"i","true",NA,NA,NA,NA,"phase_015_subj_30"
13823,513,15,"<p style=""color:rgb(150, 250, 100); font-size: 35px;"">他</p>","other","moral","他",5,630,630,"e","true",NA,NA,NA,NA,"phase_015_subj_30"
13824,513,15,"<p style=""color:rgb(150, 250, 100); font-size: 35px;"">别人的</p>","other","moral","别人的",5,586,586,"e","true",NA,NA,NA,NA,"phase_015_subj_30"
13825,513,16,"<p style=""color:white; font-size: 35px;"">卑鄙</p>","negative","moral","卑鄙",6,816,816,"i","true",NA,NA,NA,NA,"phase_015_subj_30"
13826,513,16,"<p style=""color:rgb(150, 250, 100); font-size: 35px;"">别人</p>","other","moral","别人",6,963,963,"e","true",NA,NA,NA,NA,"phase_015_subj_30"
13827,513,16,"<p style=""color:white; font-size: 35px;"">诚信</p>","positive","moral","诚信",6,851,1689.27272727273,"i","false",NA,NA,NA,NA,"phase_015_subj_30"
13828,513,16,"<p style=""color:rgb(150, 250, 100); font-size: 35px;"">本人的</p>","self","moral","本人的",6,1673,1673,"i","true",NA,NA,NA,NA,"phase_015_subj_30"
13829,513,16,"<p style=""color:white; font-size: 35px;"">高尚</p>","positive","moral","高尚",6,1158,1158,"e","true",NA,NA,NA,NA,"phase_015_subj_30"
13830,513,16,"<p style=""color:rgb(150, 250, 100); font-size: 35px;"">自己</p>","self","moral","自己",6,979,979,"i","true",NA,NA,NA,NA,"phase_015_subj_30"
13831,513,16,"<p style=""color:white; font-size: 35px;"">不仁</p>","negative","moral","不仁",6,917,917,"i","true",NA,NA,NA,NA,"phase_015_subj_30"
13832,513,16,"<p style=""color:rgb(150, 250, 100); font-size: 35px;"">别人的</p>","other","moral","别人的",6,1786,1786,"e","true",NA,NA,NA,NA,"phase_015_subj_30"
13833,513,16,"<p style=""color:white; font-size: 35px;"">不孝</p>","negative","moral","不孝",6,1281,1281,"i","true",NA,NA,NA,NA,"phase_015_subj_30"
13834,513,16,"<p style=""color:rgb(150, 250, 100); font-size: 35px;"">他人的</p>","other","moral","他人的",6,753,753,"e","true",NA,NA,NA,NA,"phase_015_subj_30"
13835,513,16,"<p style=""color:white; font-size: 35px;"">君子</p>","positive","moral","君子",6,1522,1522,"e","true",NA,NA,NA,NA,"phase_015_subj_30"
13836,513,16,"<p style=""color:rgb(150, 250, 100); font-size: 35px;"">我</p>","self","moral","我",6,1233,1233,"i","true",NA,NA,NA,NA,"phase_015_subj_30"
13837,513,16,"<p style=""color:white; font-size: 35px;"">廉正</p>","positive","moral","廉正",6,726,1689.27272727273,"i","false",NA,NA,NA,NA,"phase_015_subj_30"
13838,513,16,"<p style=""color:rgb(150, 250, 100); font-size: 35px;"">他</p>","other","moral","他",6,1353,1353,"e","true",NA,NA,NA,NA,"phase_015_subj_30"
13839,513,16,"<p style=""color:white; font-size: 35px;"">黑心</p>","negative","moral","黑心",6,1726,1726,"i","true",NA,NA,NA,NA,"phase_015_subj_30"
13840,513,16,"<p style=""color:rgb(150, 250, 100); font-size: 35px;"">自己的</p>","self","moral","自己的",6,834,834,"i","true",NA,NA,NA,NA,"phase_015_subj_30"
13841,513,16,"<p style=""color:white; font-size: 35px;"">正直</p>","positive","moral","正直",6,717,717,"e","true",NA,NA,NA,NA,"phase_015_subj_30"
13842,513,16,"<p style=""color:rgb(150, 250, 100); font-size: 35px;"">本人</p>","self","moral","本人",6,942,942,"i","true",NA,NA,NA,NA,"phase_015_subj_30"
13843,513,16,"<p style=""color:white; font-size: 35px;"">缺德</p>","negative","moral","缺德",6,732,732,"i","true",NA,NA,NA,NA,"phase_015_subj_30"
13844,513,16,"<p style=""color:rgb(150, 250, 100); font-size: 35px;"">他的</p>","other","moral","他的",6,845,845,"e","true",NA,NA,NA,NA,"phase_015_subj_30"
13845,513,16,"<p style=""color:white; font-size: 35px;"">善良</p>","positive","moral","善良",6,1686,1686,"e","true",NA,NA,NA,NA,"phase_015_subj_30"
13846,513,16,"<p style=""color:rgb(150, 250, 100); font-size: 35px;"">我的</p>","self","moral","我的",6,686,686,"i","true",NA,NA,NA,NA,"phase_015_subj_30"
13847,513,16,"<p style=""color:white; font-size: 35px;"">小人</p>","negative","moral","小人",6,741,741,"i","true",NA,NA,NA,NA,"phase_015_subj_30"
13848,513,16,"<p style=""color:rgb(150, 250, 100); font-size: 35px;"">他人</p>","other","moral","他人",6,621,621,"e","true",NA,NA,NA,NA,"phase_015_subj_30"
13849,513,17,"<p style=""color:white; font-size: 35px;"">君子</p>","positive","moral","君子",7,1746,1746,"e","true",NA,NA,NA,NA,"phase_015_subj_30"
13850,513,17,"<p style=""color:rgb(150, 250, 100); font-size: 35px;"">他人的</p>","other","moral","他人的",7,678,678,"e","true",NA,NA,NA,NA,"phase_015_subj_30"
13851,513,17,"<p style=""color:white; font-size: 35px;"">卑鄙</p>","negative","moral","卑鄙",7,729,729,"i","true",NA,NA,NA,NA,"phase_015_subj_30"
13852,513,17,"<p style=""color:rgb(150, 250, 100); font-size: 35px;"">本人</p>","self","moral","本人",7,586,586,"i","true",NA,NA,NA,NA,"phase_015_subj_30"
13853,513,17,"<p style=""color:white; font-size: 35px;"">缺德</p>","negative","moral","缺德",7,523,523,"i","true",NA,NA,NA,NA,"phase_015_subj_30"
13854,513,17,"<p style=""color:rgb(150, 250, 100); font-size: 35px;"">他人</p>","other","moral","他人",7,591,591,"e","true",NA,NA,NA,NA,"phase_015_subj_30"
13855,513,17,"<p style=""color:white; font-size: 35px;"">君子</p>","positive","moral","君子",7,452,1426.4347826087,"i","false",NA,NA,NA,NA,"phase_015_subj_30"
13856,513,17,"<p style=""color:rgb(150, 250, 100); font-size: 35px;"">我</p>","self","moral","我",7,2364,2364,"i","true",NA,NA,NA,NA,"phase_015_subj_30"
13857,513,17,"<p style=""color:white; font-size: 35px;"">正直</p>","positive","moral","正直",7,1330,1330,"e","true",NA,NA,NA,NA,"phase_015_subj_30"
13858,513,17,"<p style=""color:rgb(150, 250, 100); font-size: 35px;"">别人</p>","other","moral","别人",7,780,780,"e","true",NA,NA,NA,NA,"phase_015_subj_30"
13859,513,17,"<p style=""color:white; font-size: 35px;"">不仁</p>","negative","moral","不仁",7,876,876,"i","true",NA,NA,NA,NA,"phase_015_subj_30"
13860,513,17,"<p style=""color:rgb(150, 250, 100); font-size: 35px;"">我的</p>","self","moral","我的",7,1554,1554,"i","true",NA,NA,NA,NA,"phase_015_subj_30"
13861,513,17,"<p style=""color:white; font-size: 35px;"">善良</p>","positive","moral","善良",7,610,610,"e","true",NA,NA,NA,NA,"phase_015_subj_30"
13862,513,17,"<p style=""color:rgb(150, 250, 100); font-size: 35px;"">自己</p>","self","moral","自己",7,605,605,"i","true",NA,NA,NA,NA,"phase_015_subj_30"
13863,513,17,"<p style=""color:white; font-size: 35px;"">小人</p>","negative","moral","小人",7,605,605,"i","true",NA,NA,NA,NA,"phase_015_subj_30"
13864,513,17,"<p style=""color:rgb(150, 250, 100); font-size: 35px;"">他</p>","other","moral","他",7,571,571,"e","true",NA,NA,NA,NA,"phase_015_subj_30"
13865,513,17,"<p style=""color:white; font-size: 35px;"">正直</p>","positive","moral","正直",7,471,471,"e","true",NA,NA,NA,NA,"phase_015_subj_30"
13866,513,17,"<p style=""color:rgb(150, 250, 100); font-size: 35px;"">别人的</p>","other","moral","别人的",7,580,580,"e","true",NA,NA,NA,NA,"phase_015_subj_30"
13867,513,17,"<p style=""color:white; font-size: 35px;"">不仁</p>","negative","moral","不仁",7,933,933,"i","true",NA,NA,NA,NA,"phase_015_subj_30"
13868,513,17,"<p style=""color:rgb(150, 250, 100); font-size: 35px;"">本人</p>","self","moral","本人",7,1150,1150,"i","true",NA,NA,NA,NA,"phase_015_subj_30"
13869,513,17,"<p style=""color:white; font-size: 35px;"">卑鄙</p>","negative","moral","卑鄙",7,828,828,"i","true",NA,NA,NA,NA,"phase_015_subj_30"
13870,513,17,"<p style=""color:rgb(150, 250, 100); font-size: 35px;"">他人的</p>","other","moral","他人的",7,592,592,"e","true",NA,NA,NA,NA,"phase_015_subj_30"
13871,513,17,"<p style=""color:white; font-size: 35px;"">高尚</p>","positive","moral","高尚",7,1108,1108,"e","true",NA,NA,NA,NA,"phase_015_subj_30"
13872,513,17,"<p style=""color:rgb(150, 250, 100); font-size: 35px;"">自己</p>","self","moral","自己",7,596,596,"i","true",NA,NA,NA,NA,"phase_015_subj_30"
13873,513,17,"<p style=""color:white; font-size: 35px;"">不孝</p>","negative","moral","不孝",7,734,734,"i","true",NA,NA,NA,NA,"phase_015_subj_30"
13874,513,17,"<p style=""color:rgb(150, 250, 100); font-size: 35px;"">别人</p>","other","moral","别人",7,847,847,"e","true",NA,NA,NA,NA,"phase_015_subj_30"
13875,513,17,"<p style=""color:white; font-size: 35px;"">诚信</p>","positive","moral","诚信",7,823,823,"e","true",NA,NA,NA,NA,"phase_015_subj_30"
13876,513,17,"<p style=""color:rgb(150, 250, 100); font-size: 35px;"">我</p>","self","moral","我",7,646,646,"i","true",NA,NA,NA,NA,"phase_015_subj_30"
13877,513,17,"<p style=""color:white; font-size: 35px;"">高尚</p>","positive","moral","高尚",7,660,660,"e","true",NA,NA,NA,NA,"phase_015_subj_30"
13878,513,17,"<p style=""color:rgb(150, 250, 100); font-size: 35px;"">本人的</p>","self","moral","本人的",7,601,601,"i","true",NA,NA,NA,NA,"phase_015_subj_30"
13879,513,17,"<p style=""color:white; font-size: 35px;"">黑心</p>","negative","moral","黑心",7,529,529,"i","true",NA,NA,NA,NA,"phase_015_subj_30"
13880,513,17,"<p style=""color:rgb(150, 250, 100); font-size: 35px;"">他人</p>","other","moral","他人",7,745,745,"e","true",NA,NA,NA,NA,"phase_015_subj_30"
13881,513,17,"<p style=""color:white; font-size: 35px;"">黑心</p>","negative","moral","黑心",7,522,1426.4347826087,"e","false",NA,NA,NA,NA,"phase_015_subj_30"
13882,513,17,"<p style=""color:rgb(150, 250, 100); font-size: 35px;"">本人的</p>","self","moral","本人的",7,684,684,"i","true",NA,NA,NA,NA,"phase_015_subj_30"
13883,513,17,"<p style=""color:white; font-size: 35px;"">诚信</p>","positive","moral","诚信",7,1092,1092,"e","true",NA,NA,NA,NA,"phase_015_subj_30"
13884,513,17,"<p style=""color:rgb(150, 250, 100); font-size: 35px;"">他</p>","other","moral","他",7,1710,1710,"e","true",NA,NA,NA,NA,"phase_015_subj_30"
13885,513,17,"<p style=""color:white; font-size: 35px;"">廉正</p>","positive","moral","廉正",7,1512,1512,"e","true",NA,NA,NA,NA,"phase_015_subj_30"
13886,513,17,"<p style=""color:rgb(150, 250, 100); font-size: 35px;"">他的</p>","other","moral","他的",7,557,557,"e","true",NA,NA,NA,NA,"phase_015_subj_30"
13887,513,17,"<p style=""color:white; font-size: 35px;"">不孝</p>","negative","moral","不孝",7,521,521,"i","true",NA,NA,NA,NA,"phase_015_subj_30"
13888,513,17,"<p style=""color:rgb(150, 250, 100); font-size: 35px;"">自己的</p>","self","moral","自己的",7,609,609,"i","true",NA,NA,NA,NA,"phase_015_subj_30"
13889,513,17,"<p style=""color:white; font-size: 35px;"">缺德</p>","negative","moral","缺德",7,598,598,"i","true",NA,NA,NA,NA,"phase_015_subj_30"
13890,513,17,"<p style=""color:rgb(150, 250, 100); font-size: 35px;"">他的</p>","other","moral","他的",7,753,753,"e","true",NA,NA,NA,NA,"phase_015_subj_30"
13891,513,17,"<p style=""color:white; font-size: 35px;"">善良</p>","positive","moral","善良",7,642,642,"e","true",NA,NA,NA,NA,"phase_015_subj_30"
13892,513,17,"<p style=""color:rgb(150, 250, 100); font-size: 35px;"">我的</p>","self","moral","我的",7,497,497,"i","true",NA,NA,NA,NA,"phase_015_subj_30"
13893,513,17,"<p style=""color:white; font-size: 35px;"">小人</p>","negative","moral","小人",7,659,659,"i","true",NA,NA,NA,NA,"phase_015_subj_30"
13894,513,17,"<p style=""color:rgb(150, 250, 100); font-size: 35px;"">自己的</p>","self","moral","自己的",7,628,628,"i","true",NA,NA,NA,NA,"phase_015_subj_30"
13895,513,17,"<p style=""color:white; font-size: 35px;"">廉正</p>","positive","moral","廉正",7,595,595,"e","true",NA,NA,NA,NA,"phase_015_subj_30"
13896,513,17,"<p style=""color:rgb(150, 250, 100); font-size: 35px;"">别人的</p>","other","moral","别人的",7,968,968,"e","true",NA,NA,NA,NA,"phase_015_subj_30"
13897,369,NA,"
    <h3>词语分类任务</h3>
    <p>在接下来的任务中，你需要对一系列词语进行分类。</p>
    <p>请先熟悉这些词语，这有利于你完成接下来的任务。</p>
    <table align=""center"" border=1 cellpadding=3 cellspacing=0>
    <tr> <th>类别</th> <th>词语</th> </tr>
    <tr> <td>&emsp;积极&emsp;</td> <td>&emsp;能干、全能、全才、高效、精干、天才&emsp;</td> </tr>
    <tr> <td>&emsp;消极&emsp;</td> <td>&emsp;无能、低能、废物、拙笨、愚钝、蠢笨&emsp;</td> </tr>
    <tr> <td>&emsp;自我&emsp;</td> <td>&emsp;我、我的、自己、自己的、本人、本人的&emsp;</td> </tr>
    <tr> <td>&emsp;他人&emsp;</td> <td>&emsp;他、他的、别人、别人的、他人、他人的&emsp;</td> </tr>
    </table><br/>","","","",NA,11813,NA,"0","",1,1,NA,NA,"phase_015_subj_20"
13898,369,1,"<p style=""color:rgb(150, 250, 100); font-size: 35px;"">自己的</p>","self","ability","自己的",1,966,966,"e","true",NA,NA,NA,NA,"phase_015_subj_20"
13899,369,1,"<p style=""color:rgb(150, 250, 100); font-size: 35px;"">我</p>","self","ability","我",1,785,785,"e","true",NA,NA,NA,NA,"phase_015_subj_20"
13900,369,1,"<p style=""color:rgb(150, 250, 100); font-size: 35px;"">他人</p>","other","ability","他人",1,714,714,"i","true",NA,NA,NA,NA,"phase_015_subj_20"
13901,369,1,"<p style=""color:rgb(150, 250, 100); font-size: 35px;"">别人的</p>","other","ability","别人的",1,747,747,"i","true",NA,NA,NA,NA,"phase_015_subj_20"
13902,369,1,"<p style=""color:rgb(150, 250, 100); font-size: 35px;"">本人</p>","self","ability","本人",1,702,702,"e","true",NA,NA,NA,NA,"phase_015_subj_20"
13903,369,1,"<p style=""color:rgb(150, 250, 100); font-size: 35px;"">他的</p>","other","ability","他的",1,621,621,"i","true",NA,NA,NA,NA,"phase_015_subj_20"
13904,369,1,"<p style=""color:rgb(150, 250, 100); font-size: 35px;"">他人的</p>","other","ability","他人的",1,687,687,"i","true",NA,NA,NA,NA,"phase_015_subj_20"
13905,369,1,"<p style=""color:rgb(150, 250, 100); font-size: 35px;"">我的</p>","self","ability","我的",1,654,654,"e","true",NA,NA,NA,NA,"phase_015_subj_20"
13906,369,1,"<p style=""color:rgb(150, 250, 100); font-size: 35px;"">他</p>","other","ability","他",1,936,936,"i","true",NA,NA,NA,NA,"phase_015_subj_20"
13907,369,1,"<p style=""color:rgb(150, 250, 100); font-size: 35px;"">别人</p>","other","ability","别人",1,638,638,"i","true",NA,NA,NA,NA,"phase_015_subj_20"
13908,369,1,"<p style=""color:rgb(150, 250, 100); font-size: 35px;"">本人的</p>","self","ability","本人的",1,600,600,"e","true",NA,NA,NA,NA,"phase_015_subj_20"
13909,369,1,"<p style=""color:rgb(150, 250, 100); font-size: 35px;"">自己</p>","self","ability","自己",1,627,627,"e","true",NA,NA,NA,NA,"phase_015_subj_20"
13910,369,2,"<p style=""color:white; font-size: 35px;"">拙笨</p>","negative","ability","拙笨",2,1169,1169,"i","true",NA,NA,NA,NA,"phase_015_subj_20"
13911,369,2,"<p style=""color:white; font-size: 35px;"">愚钝</p>","negative","ability","愚钝",2,812,812,"i","true",NA,NA,NA,NA,"phase_015_subj_20"
13912,369,2,"<p style=""color:white; font-size: 35px;"">全能</p>","positive","ability","全能",2,888,888,"e","true",NA,NA,NA,NA,"phase_015_subj_20"
13913,369,2,"<p style=""color:white; font-size: 35px;"">低能</p>","negative","ability","低能",2,975,975,"i","true",NA,NA,NA,NA,"phase_015_subj_20"
13914,369,2,"<p style=""color:white; font-size: 35px;"">精干</p>","positive","ability","精干",2,613,613,"e","true",NA,NA,NA,NA,"phase_015_subj_20"
13915,369,2,"<p style=""color:white; font-size: 35px;"">无能</p>","negative","ability","无能",2,900,900,"i","true",NA,NA,NA,NA,"phase_015_subj_20"
13916,369,2,"<p style=""color:white; font-size: 35px;"">天才</p>","positive","ability","天才",2,731,731,"e","true",NA,NA,NA,NA,"phase_015_subj_20"
13917,369,2,"<p style=""color:white; font-size: 35px;"">废物</p>","negative","ability","废物",2,860,860,"i","true",NA,NA,NA,NA,"phase_015_subj_20"
13918,369,2,"<p style=""color:white; font-size: 35px;"">能干</p>","positive","ability","能干",2,699,699,"e","true",NA,NA,NA,NA,"phase_015_subj_20"
13919,369,2,"<p style=""color:white; font-size: 35px;"">蠢笨</p>","negative","ability","蠢笨",2,781,781,"i","true",NA,NA,NA,NA,"phase_015_subj_20"
13920,369,2,"<p style=""color:white; font-size: 35px;"">高效</p>","positive","ability","高效",2,736,736,"e","true",NA,NA,NA,NA,"phase_015_subj_20"
13921,369,2,"<p style=""color:white; font-size: 35px;"">全才</p>","positive","ability","全才",2,754,754,"e","true",NA,NA,NA,NA,"phase_015_subj_20"
13922,369,3,"<p style=""color:rgb(150, 250, 100); font-size: 35px;"">本人</p>","self","ability","本人",3,977,977,"e","true",NA,NA,NA,NA,"phase_015_subj_20"
13923,369,3,"<p style=""color:white; font-size: 35px;"">高效</p>","positive","ability","高效",3,742,742,"e","true",NA,NA,NA,NA,"phase_015_subj_20"
13924,369,3,"<p style=""color:rgb(150, 250, 100); font-size: 35px;"">他人</p>","other","ability","他人",3,709,709,"i","true",NA,NA,NA,NA,"phase_015_subj_20"
13925,369,3,"<p style=""color:white; font-size: 35px;"">低能</p>","negative","ability","低能",3,1381,1381,"i","true",NA,NA,NA,NA,"phase_015_subj_20"
13926,369,3,"<p style=""color:rgb(150, 250, 100); font-size: 35px;"">自己</p>","self","ability","自己",3,940,940,"e","true",NA,NA,NA,NA,"phase_015_subj_20"
13927,369,3,"<p style=""color:white; font-size: 35px;"">全能</p>","positive","ability","全能",3,782,782,"e","true",NA,NA,NA,NA,"phase_015_subj_20"
13928,369,3,"<p style=""color:rgb(150, 250, 100); font-size: 35px;"">他</p>","other","ability","他",3,774,774,"i","true",NA,NA,NA,NA,"phase_015_subj_20"
13929,369,3,"<p style=""color:white; font-size: 35px;"">废物</p>","negative","ability","废物",3,755,755,"i","true",NA,NA,NA,NA,"phase_015_subj_20"
13930,369,3,"<p style=""color:rgb(150, 250, 100); font-size: 35px;"">我的</p>","self","ability","我的",3,688,688,"e","true",NA,NA,NA,NA,"phase_015_subj_20"
13931,369,3,"<p style=""color:white; font-size: 35px;"">无能</p>","negative","ability","无能",3,899,899,"i","true",NA,NA,NA,NA,"phase_015_subj_20"
13932,369,3,"<p style=""color:rgb(150, 250, 100); font-size: 35px;"">别人</p>","other","ability","别人",3,1734,1734,"i","true",NA,NA,NA,NA,"phase_015_subj_20"
13933,369,3,"<p style=""color:white; font-size: 35px;"">天才</p>","positive","ability","天才",3,1329,1329,"e","true",NA,NA,NA,NA,"phase_015_subj_20"
13934,369,3,"<p style=""color:rgb(150, 250, 100); font-size: 35px;"">我</p>","self","ability","我",3,620,620,"e","true",NA,NA,NA,NA,"phase_015_subj_20"
13935,369,3,"<p style=""color:white; font-size: 35px;"">能干</p>","positive","ability","能干",3,732,732,"e","true",NA,NA,NA,NA,"phase_015_subj_20"
13936,369,3,"<p style=""color:rgb(150, 250, 100); font-size: 35px;"">他人的</p>","other","ability","他人的",3,630,630,"i","true",NA,NA,NA,NA,"phase_015_subj_20"
13937,369,3,"<p style=""color:white; font-size: 35px;"">愚钝</p>","negative","ability","愚钝",3,564,564,"i","true",NA,NA,NA,NA,"phase_015_subj_20"
13938,369,3,"<p style=""color:rgb(150, 250, 100); font-size: 35px;"">他的</p>","other","ability","他的",3,696,696,"i","true",NA,NA,NA,NA,"phase_015_subj_20"
13939,369,3,"<p style=""color:white; font-size: 35px;"">精干</p>","positive","ability","精干",3,722,722,"e","true",NA,NA,NA,NA,"phase_015_subj_20"
13940,369,3,"<p style=""color:rgb(150, 250, 100); font-size: 35px;"">本人的</p>","self","ability","本人的",3,845,845,"e","true",NA,NA,NA,NA,"phase_015_subj_20"
13941,369,3,"<p style=""color:white; font-size: 35px;"">蠢笨</p>","negative","ability","蠢笨",3,700,700,"i","true",NA,NA,NA,NA,"phase_015_subj_20"
13942,369,3,"<p style=""color:rgb(150, 250, 100); font-size: 35px;"">自己的</p>","self","ability","自己的",3,975,975,"e","true",NA,NA,NA,NA,"phase_015_subj_20"
13943,369,3,"<p style=""color:white; font-size: 35px;"">全才</p>","positive","ability","全才",3,684,684,"e","true",NA,NA,NA,NA,"phase_015_subj_20"
13944,369,3,"<p style=""color:rgb(150, 250, 100); font-size: 35px;"">别人的</p>","other","ability","别人的",3,1122,1122,"i","true",NA,NA,NA,NA,"phase_015_subj_20"
13945,369,3,"<p style=""color:white; font-size: 35px;"">拙笨</p>","negative","ability","拙笨",3,557,557,"i","true",NA,NA,NA,NA,"phase_015_subj_20"
13946,369,4,"<p style=""color:rgb(150, 250, 100); font-size: 35px;"">本人</p>","self","ability","本人",4,1184,1184,"e","true",NA,NA,NA,NA,"phase_015_subj_20"
13947,369,4,"<p style=""color:white; font-size: 35px;"">天才</p>","positive","ability","天才",4,640,640,"e","true",NA,NA,NA,NA,"phase_015_subj_20"
13948,369,4,"<p style=""color:rgb(150, 250, 100); font-size: 35px;"">他的</p>","other","ability","他的",4,899,899,"i","true",NA,NA,NA,NA,"phase_015_subj_20"
13949,369,4,"<p style=""color:white; font-size: 35px;"">愚钝</p>","negative","ability","愚钝",4,639,639,"i","true",NA,NA,NA,NA,"phase_015_subj_20"
13950,369,4,"<p style=""color:rgb(150, 250, 100); font-size: 35px;"">他人的</p>","other","ability","他人的",4,652,652,"i","true",NA,NA,NA,NA,"phase_015_subj_20"
13951,369,4,"<p style=""color:white; font-size: 35px;"">精干</p>","positive","ability","精干",4,728,728,"e","true",NA,NA,NA,NA,"phase_015_subj_20"
13952,369,4,"<p style=""color:rgb(150, 250, 100); font-size: 35px;"">本人的</p>","self","ability","本人的",4,725,725,"e","true",NA,NA,NA,NA,"phase_015_subj_20"
13953,369,4,"<p style=""color:white; font-size: 35px;"">拙笨</p>","negative","ability","拙笨",4,748,748,"i","true",NA,NA,NA,NA,"phase_015_subj_20"
13954,369,4,"<p style=""color:rgb(150, 250, 100); font-size: 35px;"">本人的</p>","self","ability","本人的",4,1981,1981,"e","true",NA,NA,NA,NA,"phase_015_subj_20"
13955,369,4,"<p style=""color:white; font-size: 35px;"">低能</p>","negative","ability","低能",4,833,833,"i","true",NA,NA,NA,NA,"phase_015_subj_20"
13956,369,4,"<p style=""color:rgb(150, 250, 100); font-size: 35px;"">别人</p>","other","ability","别人",4,701,701,"i","true",NA,NA,NA,NA,"phase_015_subj_20"
13957,369,4,"<p style=""color:white; font-size: 35px;"">全才</p>","positive","ability","全才",4,616,616,"e","true",NA,NA,NA,NA,"phase_015_subj_20"
13958,369,4,"<p style=""color:rgb(150, 250, 100); font-size: 35px;"">别人的</p>","other","ability","别人的",4,670,670,"i","true",NA,NA,NA,NA,"phase_015_subj_20"
13959,369,4,"<p style=""color:white; font-size: 35px;"">蠢笨</p>","negative","ability","蠢笨",4,803,803,"i","true",NA,NA,NA,NA,"phase_015_subj_20"
13960,369,4,"<p style=""color:rgb(150, 250, 100); font-size: 35px;"">自己</p>","self","ability","自己",4,922,922,"e","true",NA,NA,NA,NA,"phase_015_subj_20"
13961,369,4,"<p style=""color:white; font-size: 35px;"">精干</p>","positive","ability","精干",4,594,594,"e","true",NA,NA,NA,NA,"phase_015_subj_20"
13962,369,4,"<p style=""color:rgb(150, 250, 100); font-size: 35px;"">他</p>","other","ability","他",4,627,627,"i","true",NA,NA,NA,NA,"phase_015_subj_20"
13963,369,4,"<p style=""color:white; font-size: 35px;"">废物</p>","negative","ability","废物",4,633,633,"i","true",NA,NA,NA,NA,"phase_015_subj_20"
13964,369,4,"<p style=""color:rgb(150, 250, 100); font-size: 35px;"">我</p>","self","ability","我",4,784,784,"e","true",NA,NA,NA,NA,"phase_015_subj_20"
13965,369,4,"<p style=""color:white; font-size: 35px;"">全能</p>","positive","ability","全能",4,597,597,"e","true",NA,NA,NA,NA,"phase_015_subj_20"
13966,369,4,"<p style=""color:rgb(150, 250, 100); font-size: 35px;"">自己</p>","self","ability","自己",4,622,622,"e","true",NA,NA,NA,NA,"phase_015_subj_20"
13967,369,4,"<p style=""color:white; font-size: 35px;"">高效</p>","positive","ability","高效",4,607,607,"e","true",NA,NA,NA,NA,"phase_015_subj_20"
13968,369,4,"<p style=""color:rgb(150, 250, 100); font-size: 35px;"">他人</p>","other","ability","他人",4,844,844,"i","true",NA,NA,NA,NA,"phase_015_subj_20"
13969,369,4,"<p style=""color:white; font-size: 35px;"">愚钝</p>","negative","ability","愚钝",4,638,638,"i","true",NA,NA,NA,NA,"phase_015_subj_20"
13970,369,4,"<p style=""color:rgb(150, 250, 100); font-size: 35px;"">我的</p>","self","ability","我的",4,645,645,"e","true",NA,NA,NA,NA,"phase_015_subj_20"
13971,369,4,"<p style=""color:white; font-size: 35px;"">废物</p>","negative","ability","废物",4,676,676,"i","true",NA,NA,NA,NA,"phase_015_subj_20"
13972,369,4,"<p style=""color:rgb(150, 250, 100); font-size: 35px;"">他人的</p>","other","ability","他人的",4,738,738,"i","true",NA,NA,NA,NA,"phase_015_subj_20"
13973,369,4,"<p style=""color:white; font-size: 35px;"">能干</p>","positive","ability","能干",4,663,663,"e","true",NA,NA,NA,NA,"phase_015_subj_20"
13974,369,4,"<p style=""color:rgb(150, 250, 100); font-size: 35px;"">别人的</p>","other","ability","别人的",4,628,628,"i","true",NA,NA,NA,NA,"phase_015_subj_20"
13975,369,4,"<p style=""color:white; font-size: 35px;"">无能</p>","negative","ability","无能",4,767,767,"i","true",NA,NA,NA,NA,"phase_015_subj_20"
13976,369,4,"<p style=""color:rgb(150, 250, 100); font-size: 35px;"">自己的</p>","self","ability","自己的",4,568,568,"e","true",NA,NA,NA,NA,"phase_015_subj_20"
13977,369,4,"<p style=""color:white; font-size: 35px;"">能干</p>","positive","ability","能干",4,596,596,"e","true",NA,NA,NA,NA,"phase_015_subj_20"
13978,369,4,"<p style=""color:rgb(150, 250, 100); font-size: 35px;"">我</p>","self","ability","我",4,710,710,"e","true",NA,NA,NA,NA,"phase_015_subj_20"
13979,369,4,"<p style=""color:white; font-size: 35px;"">全能</p>","positive","ability","全能",4,586,586,"e","true",NA,NA,NA,NA,"phase_015_subj_20"
13980,369,4,"<p style=""color:rgb(150, 250, 100); font-size: 35px;"">别人</p>","other","ability","别人",4,737,737,"i","true",NA,NA,NA,NA,"phase_015_subj_20"
13981,369,4,"<p style=""color:white; font-size: 35px;"">低能</p>","negative","ability","低能",4,558,558,"i","true",NA,NA,NA,NA,"phase_015_subj_20"
13982,369,4,"<p style=""color:rgb(150, 250, 100); font-size: 35px;"">我的</p>","self","ability","我的",4,592,592,"e","true",NA,NA,NA,NA,"phase_015_subj_20"
13983,369,4,"<p style=""color:white; font-size: 35px;"">天才</p>","positive","ability","天才",4,685,685,"e","true",NA,NA,NA,NA,"phase_015_subj_20"
13984,369,4,"<p style=""color:rgb(150, 250, 100); font-size: 35px;"">他</p>","other","ability","他",4,428,428,"i","true",NA,NA,NA,NA,"phase_015_subj_20"
13985,369,4,"<p style=""color:white; font-size: 35px;"">拙笨</p>","negative","ability","拙笨",4,494,494,"i","true",NA,NA,NA,NA,"phase_015_subj_20"
13986,369,4,"<p style=""color:rgb(150, 250, 100); font-size: 35px;"">自己的</p>","self","ability","自己的",4,570,570,"e","true",NA,NA,NA,NA,"phase_015_subj_20"
13987,369,4,"<p style=""color:white; font-size: 35px;"">无能</p>","negative","ability","无能",4,676,1321.8085106383,"e","false",NA,NA,NA,NA,"phase_015_subj_20"
13988,369,4,"<p style=""color:rgb(150, 250, 100); font-size: 35px;"">他人</p>","other","ability","他人",4,1152,1152,"i","true",NA,NA,NA,NA,"phase_015_subj_20"
13989,369,4,"<p style=""color:white; font-size: 35px;"">高效</p>","positive","ability","高效",4,654,654,"e","true",NA,NA,NA,NA,"phase_015_subj_20"
13990,369,4,"<p style=""color:rgb(150, 250, 100); font-size: 35px;"">他的</p>","other","ability","他的",4,891,891,"i","true",NA,NA,NA,NA,"phase_015_subj_20"
13991,369,4,"<p style=""color:white; font-size: 35px;"">蠢笨</p>","negative","ability","蠢笨",4,665,665,"i","true",NA,NA,NA,NA,"phase_015_subj_20"
13992,369,4,"<p style=""color:rgb(150, 250, 100); font-size: 35px;"">本人</p>","self","ability","本人",4,612,612,"e","true",NA,NA,NA,NA,"phase_015_subj_20"
13993,369,4,"<p style=""color:white; font-size: 35px;"">全才</p>","positive","ability","全才",4,623,623,"e","true",NA,NA,NA,NA,"phase_015_subj_20"
13994,369,5,"<p style=""color:rgb(150, 250, 100); font-size: 35px;"">他</p>","other","ability","他",5,624,624,"e","true",NA,NA,NA,NA,"phase_015_subj_20"
13995,369,5,"<p style=""color:rgb(150, 250, 100); font-size: 35px;"">他人</p>","other","ability","他人",5,606,606,"e","true",NA,NA,NA,NA,"phase_015_subj_20"
13996,369,5,"<p style=""color:rgb(150, 250, 100); font-size: 35px;"">自己</p>","self","ability","自己",5,1028,1028,"i","true",NA,NA,NA,NA,"phase_015_subj_20"
13997,369,5,"<p style=""color:rgb(150, 250, 100); font-size: 35px;"">我</p>","self","ability","我",5,762,762,"i","true",NA,NA,NA,NA,"phase_015_subj_20"
13998,369,5,"<p style=""color:rgb(150, 250, 100); font-size: 35px;"">自己的</p>","self","ability","自己的",5,604,604,"i","true",NA,NA,NA,NA,"phase_015_subj_20"
13999,369,5,"<p style=""color:rgb(150, 250, 100); font-size: 35px;"">他的</p>","other","ability","他的",5,808,808,"e","true",NA,NA,NA,NA,"phase_015_subj_20"
14000,369,5,"<p style=""color:rgb(150, 250, 100); font-size: 35px;"">本人</p>","self","ability","本人",5,621,621,"i","true",NA,NA,NA,NA,"phase_015_subj_20"
14001,369,5,"<p style=""color:rgb(150, 250, 100); font-size: 35px;"">别人</p>","other","ability","别人",5,963,963,"e","true",NA,NA,NA,NA,"phase_015_subj_20"
14002,369,5,"<p style=""color:rgb(150, 250, 100); font-size: 35px;"">我的</p>","self","ability","我的",5,544,544,"i","true",NA,NA,NA,NA,"phase_015_subj_20"
14003,369,5,"<p style=""color:rgb(150, 250, 100); font-size: 35px;"">他人的</p>","other","ability","他人的",5,600,600,"e","true",NA,NA,NA,NA,"phase_015_subj_20"
14004,369,5,"<p style=""color:rgb(150, 250, 100); font-size: 35px;"">他人</p>","other","ability","他人",5,602,602,"e","true",NA,NA,NA,NA,"phase_015_subj_20"
14005,369,5,"<p style=""color:rgb(150, 250, 100); font-size: 35px;"">本人的</p>","self","ability","本人的",5,603,603,"i","true",NA,NA,NA,NA,"phase_015_subj_20"
14006,369,5,"<p style=""color:rgb(150, 250, 100); font-size: 35px;"">自己的</p>","self","ability","自己的",5,660,660,"i","true",NA,NA,NA,NA,"phase_015_subj_20"
14007,369,5,"<p style=""color:rgb(150, 250, 100); font-size: 35px;"">自己</p>","self","ability","自己",5,555,555,"i","true",NA,NA,NA,NA,"phase_015_subj_20"
14008,369,5,"<p style=""color:rgb(150, 250, 100); font-size: 35px;"">我</p>","self","ability","我",5,467,467,"i","true",NA,NA,NA,NA,"phase_015_subj_20"
14009,369,5,"<p style=""color:rgb(150, 250, 100); font-size: 35px;"">本人的</p>","self","ability","本人的",5,696,696,"i","true",NA,NA,NA,NA,"phase_015_subj_20"
14010,369,5,"<p style=""color:rgb(150, 250, 100); font-size: 35px;"">他</p>","other","ability","他",5,741,741,"e","true",NA,NA,NA,NA,"phase_015_subj_20"
14011,369,5,"<p style=""color:rgb(150, 250, 100); font-size: 35px;"">他人的</p>","other","ability","他人的",5,609,609,"e","true",NA,NA,NA,NA,"phase_015_subj_20"
14012,369,5,"<p style=""color:rgb(150, 250, 100); font-size: 35px;"">本人</p>","self","ability","本人",5,651,651,"i","true",NA,NA,NA,NA,"phase_015_subj_20"
14013,369,5,"<p style=""color:rgb(150, 250, 100); font-size: 35px;"">别人的</p>","other","ability","别人的",5,1073,1073,"e","true",NA,NA,NA,NA,"phase_015_subj_20"
14014,369,5,"<p style=""color:rgb(150, 250, 100); font-size: 35px;"">我的</p>","self","ability","我的",5,541,541,"i","true",NA,NA,NA,NA,"phase_015_subj_20"
14015,369,5,"<p style=""color:rgb(150, 250, 100); font-size: 35px;"">别人的</p>","other","ability","别人的",5,584,584,"e","true",NA,NA,NA,NA,"phase_015_subj_20"
14016,369,5,"<p style=""color:rgb(150, 250, 100); font-size: 35px;"">他的</p>","other","ability","他的",5,668,668,"e","true",NA,NA,NA,NA,"phase_015_subj_20"
14017,369,5,"<p style=""color:rgb(150, 250, 100); font-size: 35px;"">别人</p>","other","ability","别人",5,868,868,"e","true",NA,NA,NA,NA,"phase_015_subj_20"
14018,369,6,"<p style=""color:white; font-size: 35px;"">全才</p>","positive","ability","全才",6,1106,1106,"e","true",NA,NA,NA,NA,"phase_015_subj_20"
14019,369,6,"<p style=""color:rgb(150, 250, 100); font-size: 35px;"">他人</p>","other","ability","他人",6,717,717,"e","true",NA,NA,NA,NA,"phase_015_subj_20"
14020,369,6,"<p style=""color:white; font-size: 35px;"">废物</p>","negative","ability","废物",6,910,910,"i","true",NA,NA,NA,NA,"phase_015_subj_20"
14021,369,6,"<p style=""color:rgb(150, 250, 100); font-size: 35px;"">自己</p>","self","ability","自己",6,1109,1109,"i","true",NA,NA,NA,NA,"phase_015_subj_20"
14022,369,6,"<p style=""color:white; font-size: 35px;"">精干</p>","positive","ability","精干",6,1065,1065,"e","true",NA,NA,NA,NA,"phase_015_subj_20"
14023,369,6,"<p style=""color:rgb(150, 250, 100); font-size: 35px;"">自己的</p>","self","ability","自己的",6,864,864,"i","true",NA,NA,NA,NA,"phase_015_subj_20"
14024,369,6,"<p style=""color:white; font-size: 35px;"">低能</p>","negative","ability","低能",6,980,1673.30434782609,"e","false",NA,NA,NA,NA,"phase_015_subj_20"
14025,369,6,"<p style=""color:rgb(150, 250, 100); font-size: 35px;"">别人</p>","other","ability","别人",6,1492,1492,"e","true",NA,NA,NA,NA,"phase_015_subj_20"
14026,369,6,"<p style=""color:white; font-size: 35px;"">愚钝</p>","negative","ability","愚钝",6,1185,1185,"i","true",NA,NA,NA,NA,"phase_015_subj_20"
14027,369,6,"<p style=""color:rgb(150, 250, 100); font-size: 35px;"">别人的</p>","other","ability","别人的",6,1039,1039,"e","true",NA,NA,NA,NA,"phase_015_subj_20"
14028,369,6,"<p style=""color:white; font-size: 35px;"">天才</p>","positive","ability","天才",6,1134,1134,"e","true",NA,NA,NA,NA,"phase_015_subj_20"
14029,369,6,"<p style=""color:rgb(150, 250, 100); font-size: 35px;"">本人的</p>","self","ability","本人的",6,1034,1034,"i","true",NA,NA,NA,NA,"phase_015_subj_20"
14030,369,6,"<p style=""color:white; font-size: 35px;"">高效</p>","positive","ability","高效",6,993,993,"e","true",NA,NA,NA,NA,"phase_015_subj_20"
14031,369,6,"<p style=""color:rgb(150, 250, 100); font-size: 35px;"">本人</p>","self","ability","本人",6,821,821,"i","true",NA,NA,NA,NA,"phase_015_subj_20"
14032,369,6,"<p style=""color:white; font-size: 35px;"">无能</p>","negative","ability","无能",6,2104,2104,"i","true",NA,NA,NA,NA,"phase_015_subj_20"
14033,369,6,"<p style=""color:rgb(150, 250, 100); font-size: 35px;"">他人的</p>","other","ability","他人的",6,1248,1248,"e","true",NA,NA,NA,NA,"phase_015_subj_20"
14034,369,6,"<p style=""color:white; font-size: 35px;"">蠢笨</p>","negative","ability","蠢笨",6,1042,1042,"i","true",NA,NA,NA,NA,"phase_015_subj_20"
14035,369,6,"<p style=""color:rgb(150, 250, 100); font-size: 35px;"">他</p>","other","ability","他",6,809,809,"e","true",NA,NA,NA,NA,"phase_015_subj_20"
14036,369,6,"<p style=""color:white; font-size: 35px;"">全能</p>","positive","ability","全能",6,1927,1927,"e","true",NA,NA,NA,NA,"phase_015_subj_20"
14037,369,6,"<p style=""color:rgb(150, 250, 100); font-size: 35px;"">我的</p>","self","ability","我的",6,942,942,"i","true",NA,NA,NA,NA,"phase_015_subj_20"
14038,369,6,"<p style=""color:white; font-size: 35px;"">拙笨</p>","negative","ability","拙笨",6,1037,1037,"i","true",NA,NA,NA,NA,"phase_015_subj_20"
14039,369,6,"<p style=""color:rgb(150, 250, 100); font-size: 35px;"">他的</p>","other","ability","他的",6,845,845,"e","true",NA,NA,NA,NA,"phase_015_subj_20"
14040,369,6,"<p style=""color:white; font-size: 35px;"">能干</p>","positive","ability","能干",6,641,641,"e","true",NA,NA,NA,NA,"phase_015_subj_20"
14041,369,6,"<p style=""color:rgb(150, 250, 100); font-size: 35px;"">我</p>","self","ability","我",6,622,622,"i","true",NA,NA,NA,NA,"phase_015_subj_20"
14042,369,7,"<p style=""color:white; font-size: 35px;"">高效</p>","positive","ability","高效",7,1004,1004,"e","true",NA,NA,NA,NA,"phase_015_subj_20"
14043,369,7,"<p style=""color:rgb(150, 250, 100); font-size: 35px;"">他</p>","other","ability","他",7,742,742,"e","true",NA,NA,NA,NA,"phase_015_subj_20"
14044,369,7,"<p style=""color:white; font-size: 35px;"">蠢笨</p>","negative","ability","蠢笨",7,838,838,"i","true",NA,NA,NA,NA,"phase_015_subj_20"
14045,369,7,"<p style=""color:rgb(150, 250, 100); font-size: 35px;"">我的</p>","self","ability","我的",7,495,495,"i","true",NA,NA,NA,NA,"phase_015_subj_20"
14046,369,7,"<p style=""color:white; font-size: 35px;"">拙笨</p>","negative","ability","拙笨",7,683,683,"i","true",NA,NA,NA,NA,"phase_015_subj_20"
14047,369,7,"<p style=""color:rgb(150, 250, 100); font-size: 35px;"">自己</p>","self","ability","自己",7,620,620,"i","true",NA,NA,NA,NA,"phase_015_subj_20"
14048,369,7,"<p style=""color:white; font-size: 35px;"">天才</p>","positive","ability","天才",7,1215,1215,"e","true",NA,NA,NA,NA,"phase_015_subj_20"
14049,369,7,"<p style=""color:rgb(150, 250, 100); font-size: 35px;"">他人</p>","other","ability","他人",7,816,1371.55813953488,"i","false",NA,NA,NA,NA,"phase_015_subj_20"
14050,369,7,"<p style=""color:white; font-size: 35px;"">高效</p>","positive","ability","高效",7,947,947,"e","true",NA,NA,NA,NA,"phase_015_subj_20"
14051,369,7,"<p style=""color:rgb(150, 250, 100); font-size: 35px;"">自己的</p>","self","ability","自己的",7,620,620,"i","true",NA,NA,NA,NA,"phase_015_subj_20"
14052,369,7,"<p style=""color:white; font-size: 35px;"">废物</p>","negative","ability","废物",7,545,545,"i","true",NA,NA,NA,NA,"phase_015_subj_20"
14053,369,7,"<p style=""color:rgb(150, 250, 100); font-size: 35px;"">别人</p>","other","ability","别人",7,709,709,"e","true",NA,NA,NA,NA,"phase_015_subj_20"
14054,369,7,"<p style=""color:white; font-size: 35px;"">天才</p>","positive","ability","天才",7,714,714,"e","true",NA,NA,NA,NA,"phase_015_subj_20"
14055,369,7,"<p style=""color:rgb(150, 250, 100); font-size: 35px;"">我</p>","self","ability","我",7,702,702,"i","true",NA,NA,NA,NA,"phase_015_subj_20"
14056,369,7,"<p style=""color:white; font-size: 35px;"">拙笨</p>","negative","ability","拙笨",7,655,655,"i","true",NA,NA,NA,NA,"phase_015_subj_20"
14057,369,7,"<p style=""color:rgb(150, 250, 100); font-size: 35px;"">别人的</p>","other","ability","别人的",7,669,669,"e","true",NA,NA,NA,NA,"phase_015_subj_20"
14058,369,7,"<p style=""color:white; font-size: 35px;"">全能</p>","positive","ability","全能",7,606,606,"e","true",NA,NA,NA,NA,"phase_015_subj_20"
14059,369,7,"<p style=""color:rgb(150, 250, 100); font-size: 35px;"">他</p>","other","ability","他",7,570,1371.55813953488,"i","false",NA,NA,NA,NA,"phase_015_subj_20"
14060,369,7,"<p style=""color:white; font-size: 35px;"">低能</p>","negative","ability","低能",7,1379,1379,"i","true",NA,NA,NA,NA,"phase_015_subj_20"
14061,369,7,"<p style=""color:rgb(150, 250, 100); font-size: 35px;"">本人的</p>","self","ability","本人的",7,679,679,"i","true",NA,NA,NA,NA,"phase_015_subj_20"
14062,369,7,"<p style=""color:white; font-size: 35px;"">精干</p>","positive","ability","精干",7,825,825,"e","true",NA,NA,NA,NA,"phase_015_subj_20"
14063,369,7,"<p style=""color:rgb(150, 250, 100); font-size: 35px;"">他的</p>","other","ability","他的",7,589,589,"e","true",NA,NA,NA,NA,"phase_015_subj_20"
14064,369,7,"<p style=""color:white; font-size: 35px;"">愚钝</p>","negative","ability","愚钝",7,726,726,"i","true",NA,NA,NA,NA,"phase_015_subj_20"
14065,369,7,"<p style=""color:rgb(150, 250, 100); font-size: 35px;"">自己</p>","self","ability","自己",7,519,519,"i","true",NA,NA,NA,NA,"phase_015_subj_20"
14066,369,7,"<p style=""color:white; font-size: 35px;"">无能</p>","negative","ability","无能",7,905,905,"i","true",NA,NA,NA,NA,"phase_015_subj_20"
14067,369,7,"<p style=""color:rgb(150, 250, 100); font-size: 35px;"">别人</p>","other","ability","别人",7,1088,1088,"e","true",NA,NA,NA,NA,"phase_015_subj_20"
14068,369,7,"<p style=""color:white; font-size: 35px;"">能干</p>","positive","ability","能干",7,1001,1001,"e","true",NA,NA,NA,NA,"phase_015_subj_20"
14069,369,7,"<p style=""color:rgb(150, 250, 100); font-size: 35px;"">我</p>","self","ability","我",7,649,649,"i","true",NA,NA,NA,NA,"phase_015_subj_20"
14070,369,7,"<p style=""color:white; font-size: 35px;"">愚钝</p>","negative","ability","愚钝",7,580,580,"i","true",NA,NA,NA,NA,"phase_015_subj_20"
14071,369,7,"<p style=""color:rgb(150, 250, 100); font-size: 35px;"">他人的</p>","other","ability","他人的",7,708,708,"e","true",NA,NA,NA,NA,"phase_015_subj_20"
14072,369,7,"<p style=""color:white; font-size: 35px;"">能干</p>","positive","ability","能干",7,641,641,"e","true",NA,NA,NA,NA,"phase_015_subj_20"
14073,369,7,"<p style=""color:rgb(150, 250, 100); font-size: 35px;"">本人</p>","self","ability","本人",7,575,575,"i","true",NA,NA,NA,NA,"phase_015_subj_20"
14074,369,7,"<p style=""color:white; font-size: 35px;"">低能</p>","negative","ability","低能",7,632,632,"i","true",NA,NA,NA,NA,"phase_015_subj_20"
14075,369,7,"<p style=""color:rgb(150, 250, 100); font-size: 35px;"">本人</p>","self","ability","本人",7,640,640,"i","true",NA,NA,NA,NA,"phase_015_subj_20"
14076,369,7,"<p style=""color:white; font-size: 35px;"">全能</p>","positive","ability","全能",7,703,703,"e","true",NA,NA,NA,NA,"phase_015_subj_20"
14077,369,7,"<p style=""color:rgb(150, 250, 100); font-size: 35px;"">别人的</p>","other","ability","别人的",7,606,1371.55813953488,"i","false",NA,NA,NA,NA,"phase_015_subj_20"
14078,369,7,"<p style=""color:white; font-size: 35px;"">废物</p>","negative","ability","废物",7,1035,1035,"i","true",NA,NA,NA,NA,"phase_015_subj_20"
14079,369,7,"<p style=""color:rgb(150, 250, 100); font-size: 35px;"">自己的</p>","self","ability","自己的",7,810,1371.55813953488,"e","false",NA,NA,NA,NA,"phase_015_subj_20"
14080,369,7,"<p style=""color:white; font-size: 35px;"">全才</p>","positive","ability","全才",7,1275,1275,"e","true",NA,NA,NA,NA,"phase_015_subj_20"
14081,369,7,"<p style=""color:rgb(150, 250, 100); font-size: 35px;"">他人</p>","other","ability","他人",7,1069,1371.55813953488,"i","false",NA,NA,NA,NA,"phase_015_subj_20"
14082,369,7,"<p style=""color:white; font-size: 35px;"">蠢笨</p>","negative","ability","蠢笨",7,850,850,"i","true",NA,NA,NA,NA,"phase_015_subj_20"
14083,369,7,"<p style=""color:rgb(150, 250, 100); font-size: 35px;"">他人的</p>","other","ability","他人的",7,832,832,"e","true",NA,NA,NA,NA,"phase_015_subj_20"
14084,369,7,"<p style=""color:white; font-size: 35px;"">全才</p>","positive","ability","全才",7,1170,1170,"e","true",NA,NA,NA,NA,"phase_015_subj_20"
14085,369,7,"<p style=""color:rgb(150, 250, 100); font-size: 35px;"">本人的</p>","self","ability","本人的",7,686,686,"i","true",NA,NA,NA,NA,"phase_015_subj_20"
14086,369,7,"<p style=""color:white; font-size: 35px;"">精干</p>","positive","ability","精干",7,738,738,"e","true",NA,NA,NA,NA,"phase_015_subj_20"
14087,369,7,"<p style=""color:rgb(150, 250, 100); font-size: 35px;"">我的</p>","self","ability","我的",7,659,659,"i","true",NA,NA,NA,NA,"phase_015_subj_20"
14088,369,7,"<p style=""color:white; font-size: 35px;"">无能</p>","negative","ability","无能",7,586,586,"i","true",NA,NA,NA,NA,"phase_015_subj_20"
14089,369,7,"<p style=""color:rgb(150, 250, 100); font-size: 35px;"">他的</p>","other","ability","他的",7,743,743,"e","true",NA,NA,NA,NA,"phase_015_subj_20"
14090,369,NA,"
    <h3>词语分类任务</h3>
    <p>在接下来的任务中，你需要对一系列词语进行分类。<p/>
    请先熟悉这些词语，这有利于你完成接下来的任务。</p>
    <table align=""center"" border=1 cellpadding=3 cellspacing=0>
    <tr> <th>类别</th> <th>词语</th> </tr>
    <tr> <td>&emsp;积极&emsp;</td> <td>&emsp;高尚、诚信、善良、君子、廉正、正直&emsp;</td> </tr>
    <tr> <td>&emsp;消极&emsp;</td> <td>&emsp;缺德、卑鄙、不孝、不仁、小人、黑心&emsp;</td> </tr>
    <tr> <td>&emsp;自我&emsp;</td> <td>&emsp;我、我的、自己、自己的、本人、本人的&emsp;</td> </tr>
    <tr> <td>&emsp;他人&emsp;</td> <td>&emsp;他、他的、别人、别人的、他人、他人的&emsp;</td> </tr>
    </table><br/>","","","",NA,12337,NA,"0","",NA,NA,2,2,"phase_015_subj_20"
14091,369,11,"<p style=""color:rgb(150, 250, 100); font-size: 35px;"">我</p>","self","moral","我",1,642,642,"i","true",NA,NA,NA,NA,"phase_015_subj_20"
14092,369,11,"<p style=""color:rgb(150, 250, 100); font-size: 35px;"">他人的</p>","other","moral","他人的",1,605,605,"e","true",NA,NA,NA,NA,"phase_015_subj_20"
14093,369,11,"<p style=""color:rgb(150, 250, 100); font-size: 35px;"">本人的</p>","self","moral","本人的",1,731,731,"i","true",NA,NA,NA,NA,"phase_015_subj_20"
14094,369,11,"<p style=""color:rgb(150, 250, 100); font-size: 35px;"">我的</p>","self","moral","我的",1,531,531,"i","true",NA,NA,NA,NA,"phase_015_subj_20"
14095,369,11,"<p style=""color:rgb(150, 250, 100); font-size: 35px;"">别人</p>","other","moral","别人",1,512,512,"e","true",NA,NA,NA,NA,"phase_015_subj_20"
14096,369,11,"<p style=""color:rgb(150, 250, 100); font-size: 35px;"">他的</p>","other","moral","他的",1,709,709,"e","true",NA,NA,NA,NA,"phase_015_subj_20"
14097,369,11,"<p style=""color:rgb(150, 250, 100); font-size: 35px;"">自己</p>","self","moral","自己",1,480,480,"i","true",NA,NA,NA,NA,"phase_015_subj_20"
14098,369,11,"<p style=""color:rgb(150, 250, 100); font-size: 35px;"">他人</p>","other","moral","他人",1,568,568,"e","true",NA,NA,NA,NA,"phase_015_subj_20"
14099,369,11,"<p style=""color:rgb(150, 250, 100); font-size: 35px;"">他</p>","other","moral","他",1,521,521,"e","true",NA,NA,NA,NA,"phase_015_subj_20"
14100,369,11,"<p style=""color:rgb(150, 250, 100); font-size: 35px;"">自己的</p>","self","moral","自己的",1,471,471,"i","true",NA,NA,NA,NA,"phase_015_subj_20"
14101,369,11,"<p style=""color:rgb(150, 250, 100); font-size: 35px;"">本人</p>","self","moral","本人",1,657,657,"i","true",NA,NA,NA,NA,"phase_015_subj_20"
14102,369,11,"<p style=""color:rgb(150, 250, 100); font-size: 35px;"">别人的</p>","other","moral","别人的",1,883,883,"i","false",NA,NA,NA,NA,"phase_015_subj_20"
14103,369,12,"<p style=""color:white; font-size: 35px;"">廉正</p>","positive","moral","廉正",2,1096,1096,"i","true",NA,NA,NA,NA,"phase_015_subj_20"
14104,369,12,"<p style=""color:white; font-size: 35px;"">不孝</p>","negative","moral","不孝",2,742,742,"e","true",NA,NA,NA,NA,"phase_015_subj_20"
14105,369,12,"<p style=""color:white; font-size: 35px;"">卑鄙</p>","negative","moral","卑鄙",2,845,845,"e","true",NA,NA,NA,NA,"phase_015_subj_20"
14106,369,12,"<p style=""color:white; font-size: 35px;"">诚信</p>","positive","moral","诚信",2,650,650,"i","true",NA,NA,NA,NA,"phase_015_subj_20"
14107,369,12,"<p style=""color:white; font-size: 35px;"">善良</p>","positive","moral","善良",2,567,567,"i","true",NA,NA,NA,NA,"phase_015_subj_20"
14108,369,12,"<p style=""color:white; font-size: 35px;"">黑心</p>","negative","moral","黑心",2,796,796,"e","true",NA,NA,NA,NA,"phase_015_subj_20"
14109,369,12,"<p style=""color:white; font-size: 35px;"">正直</p>","positive","moral","正直",2,540,540,"i","true",NA,NA,NA,NA,"phase_015_subj_20"
14110,369,12,"<p style=""color:white; font-size: 35px;"">高尚</p>","positive","moral","高尚",2,623,623,"i","true",NA,NA,NA,NA,"phase_015_subj_20"
14111,369,12,"<p style=""color:white; font-size: 35px;"">缺德</p>","negative","moral","缺德",2,801,801,"e","true",NA,NA,NA,NA,"phase_015_subj_20"
14112,369,12,"<p style=""color:white; font-size: 35px;"">小人</p>","negative","moral","小人",2,676,676,"e","true",NA,NA,NA,NA,"phase_015_subj_20"
14113,369,12,"<p style=""color:white; font-size: 35px;"">君子</p>","positive","moral","君子",2,648,648,"i","true",NA,NA,NA,NA,"phase_015_subj_20"
14114,369,12,"<p style=""color:white; font-size: 35px;"">不仁</p>","negative","moral","不仁",2,940,940,"e","true",NA,NA,NA,NA,"phase_015_subj_20"
14115,369,13,"<p style=""color:rgb(150, 250, 100); font-size: 35px;"">他的</p>","other","moral","他的",3,650,650,"e","true",NA,NA,NA,NA,"phase_015_subj_20"
14116,369,13,"<p style=""color:white; font-size: 35px;"">不孝</p>","negative","moral","不孝",3,570,570,"e","true",NA,NA,NA,NA,"phase_015_subj_20"
14117,369,13,"<p style=""color:rgb(150, 250, 100); font-size: 35px;"">本人的</p>","self","moral","本人的",3,499,499,"i","true",NA,NA,NA,NA,"phase_015_subj_20"
14118,369,13,"<p style=""color:white; font-size: 35px;"">高尚</p>","positive","moral","高尚",3,589,589,"i","true",NA,NA,NA,NA,"phase_015_subj_20"
14119,369,13,"<p style=""color:rgb(150, 250, 100); font-size: 35px;"">我</p>","self","moral","我",3,595,595,"i","true",NA,NA,NA,NA,"phase_015_subj_20"
14120,369,13,"<p style=""color:white; font-size: 35px;"">廉正</p>","positive","moral","廉正",3,614,614,"i","true",NA,NA,NA,NA,"phase_015_subj_20"
14121,369,13,"<p style=""color:rgb(150, 250, 100); font-size: 35px;"">别人的</p>","other","moral","别人的",3,516,516,"e","true",NA,NA,NA,NA,"phase_015_subj_20"
14122,369,13,"<p style=""color:white; font-size: 35px;"">卑鄙</p>","negative","moral","卑鄙",3,587,587,"e","true",NA,NA,NA,NA,"phase_015_subj_20"
14123,369,13,"<p style=""color:rgb(150, 250, 100); font-size: 35px;"">他</p>","other","moral","他",3,704,704,"e","true",NA,NA,NA,NA,"phase_015_subj_20"
14124,369,13,"<p style=""color:white; font-size: 35px;"">缺德</p>","negative","moral","缺德",3,565,565,"e","true",NA,NA,NA,NA,"phase_015_subj_20"
14125,369,13,"<p style=""color:rgb(150, 250, 100); font-size: 35px;"">自己</p>","self","moral","自己",3,497,497,"i","true",NA,NA,NA,NA,"phase_015_subj_20"
14126,369,13,"<p style=""color:white; font-size: 35px;"">诚信</p>","positive","moral","诚信",3,572,572,"i","true",NA,NA,NA,NA,"phase_015_subj_20"
14127,369,13,"<p style=""color:rgb(150, 250, 100); font-size: 35px;"">别人</p>","other","moral","别人",3,802,802,"e","true",NA,NA,NA,NA,"phase_015_subj_20"
14128,369,13,"<p style=""color:white; font-size: 35px;"">不仁</p>","negative","moral","不仁",3,597,597,"e","true",NA,NA,NA,NA,"phase_015_subj_20"
14129,369,13,"<p style=""color:rgb(150, 250, 100); font-size: 35px;"">自己的</p>","self","moral","自己的",3,460,460,"i","true",NA,NA,NA,NA,"phase_015_subj_20"
14130,369,13,"<p style=""color:white; font-size: 35px;"">君子</p>","positive","moral","君子",3,590,590,"i","true",NA,NA,NA,NA,"phase_015_subj_20"
14131,369,13,"<p style=""color:rgb(150, 250, 100); font-size: 35px;"">他人</p>","other","moral","他人",3,590,590,"e","true",NA,NA,NA,NA,"phase_015_subj_20"
14132,369,13,"<p style=""color:white; font-size: 35px;"">小人</p>","negative","moral","小人",3,568,568,"e","true",NA,NA,NA,NA,"phase_015_subj_20"
14133,369,13,"<p style=""color:rgb(150, 250, 100); font-size: 35px;"">我的</p>","self","moral","我的",3,577,577,"i","true",NA,NA,NA,NA,"phase_015_subj_20"
14134,369,13,"<p style=""color:white; font-size: 35px;"">善良</p>","positive","moral","善良",3,443,443,"i","true",NA,NA,NA,NA,"phase_015_subj_20"
14135,369,13,"<p style=""color:rgb(150, 250, 100); font-size: 35px;"">本人</p>","self","moral","本人",3,729,729,"i","true",NA,NA,NA,NA,"phase_015_subj_20"
14136,369,13,"<p style=""color:white; font-size: 35px;"">正直</p>","positive","moral","正直",3,504,504,"i","true",NA,NA,NA,NA,"phase_015_subj_20"
14137,369,13,"<p style=""color:rgb(150, 250, 100); font-size: 35px;"">他人的</p>","other","moral","他人的",3,563,563,"e","true",NA,NA,NA,NA,"phase_015_subj_20"
14138,369,13,"<p style=""color:white; font-size: 35px;"">黑心</p>","negative","moral","黑心",3,644,644,"e","true",NA,NA,NA,NA,"phase_015_subj_20"
14139,369,14,"<p style=""color:rgb(150, 250, 100); font-size: 35px;"">自己的</p>","self","moral","自己的",4,1032,1032,"i","true",NA,NA,NA,NA,"phase_015_subj_20"
14140,369,14,"<p style=""color:white; font-size: 35px;"">小人</p>","negative","moral","小人",4,693,693,"e","true",NA,NA,NA,NA,"phase_015_subj_20"
14141,369,14,"<p style=""color:rgb(150, 250, 100); font-size: 35px;"">他</p>","other","moral","他",4,705,705,"e","true",NA,NA,NA,NA,"phase_015_subj_20"
14142,369,14,"<p style=""color:white; font-size: 35px;"">廉正</p>","positive","moral","廉正",4,666,666,"i","true",NA,NA,NA,NA,"phase_015_subj_20"
14143,369,14,"<p style=""color:rgb(150, 250, 100); font-size: 35px;"">他的</p>","other","moral","他的",4,686,686,"e","true",NA,NA,NA,NA,"phase_015_subj_20"
14144,369,14,"<p style=""color:white; font-size: 35px;"">不孝</p>","negative","moral","不孝",4,523,523,"e","true",NA,NA,NA,NA,"phase_015_subj_20"
14145,369,14,"<p style=""color:rgb(150, 250, 100); font-size: 35px;"">我的</p>","self","moral","我的",4,455,455,"i","true",NA,NA,NA,NA,"phase_015_subj_20"
14146,369,14,"<p style=""color:white; font-size: 35px;"">诚信</p>","positive","moral","诚信",4,533,533,"i","true",NA,NA,NA,NA,"phase_015_subj_20"
14147,369,14,"<p style=""color:rgb(150, 250, 100); font-size: 35px;"">别人</p>","other","moral","别人",4,540,540,"e","true",NA,NA,NA,NA,"phase_015_subj_20"
14148,369,14,"<p style=""color:white; font-size: 35px;"">君子</p>","positive","moral","君子",4,734,734,"i","true",NA,NA,NA,NA,"phase_015_subj_20"
14149,369,14,"<p style=""color:rgb(150, 250, 100); font-size: 35px;"">自己</p>","self","moral","自己",4,646,646,"i","true",NA,NA,NA,NA,"phase_015_subj_20"
14150,369,14,"<p style=""color:white; font-size: 35px;"">缺德</p>","negative","moral","缺德",4,531,531,"e","true",NA,NA,NA,NA,"phase_015_subj_20"
14151,369,14,"<p style=""color:rgb(150, 250, 100); font-size: 35px;"">他人的</p>","other","moral","他人的",4,776,776,"e","true",NA,NA,NA,NA,"phase_015_subj_20"
14152,369,14,"<p style=""color:white; font-size: 35px;"">诚信</p>","positive","moral","诚信",4,762,762,"i","true",NA,NA,NA,NA,"phase_015_subj_20"
14153,369,14,"<p style=""color:rgb(150, 250, 100); font-size: 35px;"">自己的</p>","self","moral","自己的",4,553,553,"i","true",NA,NA,NA,NA,"phase_015_subj_20"
14154,369,14,"<p style=""color:white; font-size: 35px;"">卑鄙</p>","negative","moral","卑鄙",4,621,621,"e","true",NA,NA,NA,NA,"phase_015_subj_20"
14155,369,14,"<p style=""color:rgb(150, 250, 100); font-size: 35px;"">我的</p>","self","moral","我的",4,611,611,"i","true",NA,NA,NA,NA,"phase_015_subj_20"
14156,369,14,"<p style=""color:white; font-size: 35px;"">正直</p>","positive","moral","正直",4,566,566,"i","true",NA,NA,NA,NA,"phase_015_subj_20"
14157,369,14,"<p style=""color:rgb(150, 250, 100); font-size: 35px;"">他</p>","other","moral","他",4,605,605,"e","true",NA,NA,NA,NA,"phase_015_subj_20"
14158,369,14,"<p style=""color:white; font-size: 35px;"">黑心</p>","negative","moral","黑心",4,688,688,"e","true",NA,NA,NA,NA,"phase_015_subj_20"
14159,369,14,"<p style=""color:rgb(150, 250, 100); font-size: 35px;"">我</p>","self","moral","我",4,629,629,"i","true",NA,NA,NA,NA,"phase_015_subj_20"
14160,369,14,"<p style=""color:white; font-size: 35px;"">卑鄙</p>","negative","moral","卑鄙",4,674,674,"e","true",NA,NA,NA,NA,"phase_015_subj_20"
14161,369,14,"<p style=""color:rgb(150, 250, 100); font-size: 35px;"">他人</p>","other","moral","他人",4,728,728,"e","true",NA,NA,NA,NA,"phase_015_subj_20"
14162,369,14,"<p style=""color:white; font-size: 35px;"">善良</p>","positive","moral","善良",4,517,517,"i","true",NA,NA,NA,NA,"phase_015_subj_20"
14163,369,14,"<p style=""color:rgb(150, 250, 100); font-size: 35px;"">别人</p>","other","moral","别人",4,689,689,"e","true",NA,NA,NA,NA,"phase_015_subj_20"
14164,369,14,"<p style=""color:white; font-size: 35px;"">不孝</p>","negative","moral","不孝",4,1126,1126,"e","true",NA,NA,NA,NA,"phase_015_subj_20"
14165,369,14,"<p style=""color:rgb(150, 250, 100); font-size: 35px;"">我</p>","self","moral","我",4,610,610,"i","true",NA,NA,NA,NA,"phase_015_subj_20"
14166,369,14,"<p style=""color:white; font-size: 35px;"">善良</p>","positive","moral","善良",4,516,516,"i","true",NA,NA,NA,NA,"phase_015_subj_20"
14167,369,14,"<p style=""color:rgb(150, 250, 100); font-size: 35px;"">别人的</p>","other","moral","别人的",4,597,597,"e","true",NA,NA,NA,NA,"phase_015_subj_20"
14168,369,14,"<p style=""color:white; font-size: 35px;"">小人</p>","negative","moral","小人",4,753,753,"e","true",NA,NA,NA,NA,"phase_015_subj_20"
14169,369,14,"<p style=""color:rgb(150, 250, 100); font-size: 35px;"">本人</p>","self","moral","本人",4,779,779,"i","true",NA,NA,NA,NA,"phase_015_subj_20"
14170,369,14,"<p style=""color:white; font-size: 35px;"">正直</p>","positive","moral","正直",4,499,499,"i","true",NA,NA,NA,NA,"phase_015_subj_20"
14171,369,14,"<p style=""color:rgb(150, 250, 100); font-size: 35px;"">他人的</p>","other","moral","他人的",4,589,589,"e","true",NA,NA,NA,NA,"phase_015_subj_20"
14172,369,14,"<p style=""color:white; font-size: 35px;"">高尚</p>","positive","moral","高尚",4,1049,1049,"i","true",NA,NA,NA,NA,"phase_015_subj_20"
14173,369,14,"<p style=""color:rgb(150, 250, 100); font-size: 35px;"">本人</p>","self","moral","本人",4,722,722,"i","true",NA,NA,NA,NA,"phase_015_subj_20"
14174,369,14,"<p style=""color:white; font-size: 35px;"">缺德</p>","negative","moral","缺德",4,582,582,"e","true",NA,NA,NA,NA,"phase_015_subj_20"
14175,369,14,"<p style=""color:rgb(150, 250, 100); font-size: 35px;"">别人的</p>","other","moral","别人的",4,701,701,"e","true",NA,NA,NA,NA,"phase_015_subj_20"
14176,369,14,"<p style=""color:white; font-size: 35px;"">不仁</p>","negative","moral","不仁",4,871,871,"e","true",NA,NA,NA,NA,"phase_015_subj_20"
14177,369,14,"<p style=""color:rgb(150, 250, 100); font-size: 35px;"">本人的</p>","self","moral","本人的",4,646,646,"i","true",NA,NA,NA,NA,"phase_015_subj_20"
14178,369,14,"<p style=""color:white; font-size: 35px;"">廉正</p>","positive","moral","廉正",4,582,582,"i","true",NA,NA,NA,NA,"phase_015_subj_20"
14179,369,14,"<p style=""color:rgb(150, 250, 100); font-size: 35px;"">自己</p>","self","moral","自己",4,548,548,"i","true",NA,NA,NA,NA,"phase_015_subj_20"
14180,369,14,"<p style=""color:white; font-size: 35px;"">高尚</p>","positive","moral","高尚",4,522,522,"i","true",NA,NA,NA,NA,"phase_015_subj_20"
14181,369,14,"<p style=""color:rgb(150, 250, 100); font-size: 35px;"">他人</p>","other","moral","他人",4,642,642,"e","true",NA,NA,NA,NA,"phase_015_subj_20"
14182,369,14,"<p style=""color:white; font-size: 35px;"">黑心</p>","negative","moral","黑心",4,648,648,"e","true",NA,NA,NA,NA,"phase_015_subj_20"
14183,369,14,"<p style=""color:rgb(150, 250, 100); font-size: 35px;"">本人的</p>","self","moral","本人的",4,831,831,"i","true",NA,NA,NA,NA,"phase_015_subj_20"
14184,369,14,"<p style=""color:white; font-size: 35px;"">不仁</p>","negative","moral","不仁",4,683,683,"e","true",NA,NA,NA,NA,"phase_015_subj_20"
14185,369,14,"<p style=""color:rgb(150, 250, 100); font-size: 35px;"">他的</p>","other","moral","他的",4,879,879,"e","true",NA,NA,NA,NA,"phase_015_subj_20"
14186,369,14,"<p style=""color:white; font-size: 35px;"">君子</p>","positive","moral","君子",4,591,591,"i","true",NA,NA,NA,NA,"phase_015_subj_20"
14187,369,15,"<p style=""color:rgb(150, 250, 100); font-size: 35px;"">他</p>","other","moral","他",5,850,850,"i","true",NA,NA,NA,NA,"phase_015_subj_20"
14188,369,15,"<p style=""color:rgb(150, 250, 100); font-size: 35px;"">别人</p>","other","moral","别人",5,855,855,"i","true",NA,NA,NA,NA,"phase_015_subj_20"
14189,369,15,"<p style=""color:rgb(150, 250, 100); font-size: 35px;"">他人的</p>","other","moral","他人的",5,575,575,"i","true",NA,NA,NA,NA,"phase_015_subj_20"
14190,369,15,"<p style=""color:rgb(150, 250, 100); font-size: 35px;"">自己的</p>","self","moral","自己的",5,480,480,"e","true",NA,NA,NA,NA,"phase_015_subj_20"
14191,369,15,"<p style=""color:rgb(150, 250, 100); font-size: 35px;"">我</p>","self","moral","我",5,499,499,"e","true",NA,NA,NA,NA,"phase_015_subj_20"
14192,369,15,"<p style=""color:rgb(150, 250, 100); font-size: 35px;"">别人的</p>","other","moral","别人的",5,597,597,"i","true",NA,NA,NA,NA,"phase_015_subj_20"
14193,369,15,"<p style=""color:rgb(150, 250, 100); font-size: 35px;"">我的</p>","self","moral","我的",5,505,505,"e","true",NA,NA,NA,NA,"phase_015_subj_20"
14194,369,15,"<p style=""color:rgb(150, 250, 100); font-size: 35px;"">他的</p>","other","moral","他的",5,563,563,"i","true",NA,NA,NA,NA,"phase_015_subj_20"
14195,369,15,"<p style=""color:rgb(150, 250, 100); font-size: 35px;"">自己</p>","self","moral","自己",5,581,581,"e","true",NA,NA,NA,NA,"phase_015_subj_20"
14196,369,15,"<p style=""color:rgb(150, 250, 100); font-size: 35px;"">本人的</p>","self","moral","本人的",5,608,608,"e","true",NA,NA,NA,NA,"phase_015_subj_20"
14197,369,15,"<p style=""color:rgb(150, 250, 100); font-size: 35px;"">他人的</p>","other","moral","他人的",5,632,632,"i","true",NA,NA,NA,NA,"phase_015_subj_20"
14198,369,15,"<p style=""color:rgb(150, 250, 100); font-size: 35px;"">别人的</p>","other","moral","别人的",5,2379,2379,"i","true",NA,NA,NA,NA,"phase_015_subj_20"
14199,369,15,"<p style=""color:rgb(150, 250, 100); font-size: 35px;"">别人</p>","other","moral","别人",5,519,519,"i","true",NA,NA,NA,NA,"phase_015_subj_20"
14200,369,15,"<p style=""color:rgb(150, 250, 100); font-size: 35px;"">自己的</p>","self","moral","自己的",5,631,631,"e","true",NA,NA,NA,NA,"phase_015_subj_20"
14201,369,15,"<p style=""color:rgb(150, 250, 100); font-size: 35px;"">我</p>","self","moral","我",5,546,546,"e","true",NA,NA,NA,NA,"phase_015_subj_20"
14202,369,15,"<p style=""color:rgb(150, 250, 100); font-size: 35px;"">本人的</p>","self","moral","本人的",5,593,593,"e","true",NA,NA,NA,NA,"phase_015_subj_20"
14203,369,15,"<p style=""color:rgb(150, 250, 100); font-size: 35px;"">本人</p>","self","moral","本人",5,525,525,"e","true",NA,NA,NA,NA,"phase_015_subj_20"
14204,369,15,"<p style=""color:rgb(150, 250, 100); font-size: 35px;"">他</p>","other","moral","他",5,695,695,"i","true",NA,NA,NA,NA,"phase_015_subj_20"
14205,369,15,"<p style=""color:rgb(150, 250, 100); font-size: 35px;"">他人</p>","other","moral","他人",5,483,483,"i","true",NA,NA,NA,NA,"phase_015_subj_20"
14206,369,15,"<p style=""color:rgb(150, 250, 100); font-size: 35px;"">本人</p>","self","moral","本人",5,618,618,"e","true",NA,NA,NA,NA,"phase_015_subj_20"
14207,369,15,"<p style=""color:rgb(150, 250, 100); font-size: 35px;"">我的</p>","self","moral","我的",5,582,582,"e","true",NA,NA,NA,NA,"phase_015_subj_20"
14208,369,15,"<p style=""color:rgb(150, 250, 100); font-size: 35px;"">他的</p>","other","moral","他的",5,651,651,"i","true",NA,NA,NA,NA,"phase_015_subj_20"
14209,369,15,"<p style=""color:rgb(150, 250, 100); font-size: 35px;"">他人</p>","other","moral","他人",5,531,531,"i","true",NA,NA,NA,NA,"phase_015_subj_20"
14210,369,15,"<p style=""color:rgb(150, 250, 100); font-size: 35px;"">自己</p>","self","moral","自己",5,581,581,"e","true",NA,NA,NA,NA,"phase_015_subj_20"
14211,369,16,"<p style=""color:white; font-size: 35px;"">高尚</p>","positive","moral","高尚",6,1106,1106,"i","true",NA,NA,NA,NA,"phase_015_subj_20"
14212,369,16,"<p style=""color:rgb(150, 250, 100); font-size: 35px;"">他</p>","other","moral","他",6,719,719,"i","true",NA,NA,NA,NA,"phase_015_subj_20"
14213,369,16,"<p style=""color:white; font-size: 35px;"">不孝</p>","negative","moral","不孝",6,862,862,"e","true",NA,NA,NA,NA,"phase_015_subj_20"
14214,369,16,"<p style=""color:rgb(150, 250, 100); font-size: 35px;"">本人</p>","self","moral","本人",6,885,885,"e","true",NA,NA,NA,NA,"phase_015_subj_20"
14215,369,16,"<p style=""color:white; font-size: 35px;"">缺德</p>","negative","moral","缺德",6,916,916,"e","true",NA,NA,NA,NA,"phase_015_subj_20"
14216,369,16,"<p style=""color:rgb(150, 250, 100); font-size: 35px;"">他人的</p>","other","moral","他人的",6,720,720,"i","true",NA,NA,NA,NA,"phase_015_subj_20"
14217,369,16,"<p style=""color:white; font-size: 35px;"">善良</p>","positive","moral","善良",6,1627,1627,"i","true",NA,NA,NA,NA,"phase_015_subj_20"
14218,369,16,"<p style=""color:rgb(150, 250, 100); font-size: 35px;"">本人的</p>","self","moral","本人的",6,830,830,"e","true",NA,NA,NA,NA,"phase_015_subj_20"
14219,369,16,"<p style=""color:white; font-size: 35px;"">不仁</p>","negative","moral","不仁",6,638,638,"e","true",NA,NA,NA,NA,"phase_015_subj_20"
14220,369,16,"<p style=""color:rgb(150, 250, 100); font-size: 35px;"">自己的</p>","self","moral","自己的",6,777,777,"e","true",NA,NA,NA,NA,"phase_015_subj_20"
14221,369,16,"<p style=""color:white; font-size: 35px;"">正直</p>","positive","moral","正直",6,858,858,"i","true",NA,NA,NA,NA,"phase_015_subj_20"
14222,369,16,"<p style=""color:rgb(150, 250, 100); font-size: 35px;"">别人</p>","other","moral","别人",6,1180,1180,"i","true",NA,NA,NA,NA,"phase_015_subj_20"
14223,369,16,"<p style=""color:white; font-size: 35px;"">诚信</p>","positive","moral","诚信",6,966,966,"i","true",NA,NA,NA,NA,"phase_015_subj_20"
14224,369,16,"<p style=""color:rgb(150, 250, 100); font-size: 35px;"">我的</p>","self","moral","我的",6,723,723,"e","true",NA,NA,NA,NA,"phase_015_subj_20"
14225,369,16,"<p style=""color:white; font-size: 35px;"">黑心</p>","negative","moral","黑心",6,715,715,"e","true",NA,NA,NA,NA,"phase_015_subj_20"
14226,369,16,"<p style=""color:rgb(150, 250, 100); font-size: 35px;"">他的</p>","other","moral","他的",6,912,912,"i","true",NA,NA,NA,NA,"phase_015_subj_20"
14227,369,16,"<p style=""color:white; font-size: 35px;"">小人</p>","negative","moral","小人",6,740,740,"e","true",NA,NA,NA,NA,"phase_015_subj_20"
14228,369,16,"<p style=""color:rgb(150, 250, 100); font-size: 35px;"">别人的</p>","other","moral","别人的",6,681,681,"i","true",NA,NA,NA,NA,"phase_015_subj_20"
14229,369,16,"<p style=""color:white; font-size: 35px;"">君子</p>","positive","moral","君子",6,1285,1285,"i","true",NA,NA,NA,NA,"phase_015_subj_20"
14230,369,16,"<p style=""color:rgb(150, 250, 100); font-size: 35px;"">我</p>","self","moral","我",6,755,755,"e","true",NA,NA,NA,NA,"phase_015_subj_20"
14231,369,16,"<p style=""color:white; font-size: 35px;"">廉正</p>","positive","moral","廉正",6,781,781,"i","true",NA,NA,NA,NA,"phase_015_subj_20"
14232,369,16,"<p style=""color:rgb(150, 250, 100); font-size: 35px;"">自己</p>","self","moral","自己",6,1230,1230,"e","true",NA,NA,NA,NA,"phase_015_subj_20"
14233,369,16,"<p style=""color:white; font-size: 35px;"">卑鄙</p>","negative","moral","卑鄙",6,830,830,"e","true",NA,NA,NA,NA,"phase_015_subj_20"
14234,369,16,"<p style=""color:rgb(150, 250, 100); font-size: 35px;"">他人</p>","other","moral","他人",6,607,607,"i","true",NA,NA,NA,NA,"phase_015_subj_20"
14235,369,17,"<p style=""color:white; font-size: 35px;"">廉正</p>","positive","moral","廉正",7,1362,1362,"i","true",NA,NA,NA,NA,"phase_015_subj_20"
14236,369,17,"<p style=""color:rgb(150, 250, 100); font-size: 35px;"">他人</p>","other","moral","他人",7,598,598,"i","true",NA,NA,NA,NA,"phase_015_subj_20"
14237,369,17,"<p style=""color:white; font-size: 35px;"">小人</p>","negative","moral","小人",7,629,629,"e","true",NA,NA,NA,NA,"phase_015_subj_20"
14238,369,17,"<p style=""color:rgb(150, 250, 100); font-size: 35px;"">自己的</p>","self","moral","自己的",7,512,512,"e","true",NA,NA,NA,NA,"phase_015_subj_20"
14239,369,17,"<p style=""color:white; font-size: 35px;"">卑鄙</p>","negative","moral","卑鄙",7,771,771,"e","true",NA,NA,NA,NA,"phase_015_subj_20"
14240,369,17,"<p style=""color:rgb(150, 250, 100); font-size: 35px;"">他</p>","other","moral","他",7,664,664,"i","true",NA,NA,NA,NA,"phase_015_subj_20"
14241,369,17,"<p style=""color:white; font-size: 35px;"">诚信</p>","positive","moral","诚信",7,2044,2044,"i","true",NA,NA,NA,NA,"phase_015_subj_20"
14242,369,17,"<p style=""color:rgb(150, 250, 100); font-size: 35px;"">我</p>","self","moral","我",7,710,710,"e","true",NA,NA,NA,NA,"phase_015_subj_20"
14243,369,17,"<p style=""color:white; font-size: 35px;"">卑鄙</p>","negative","moral","卑鄙",7,471,471,"e","true",NA,NA,NA,NA,"phase_015_subj_20"
14244,369,17,"<p style=""color:rgb(150, 250, 100); font-size: 35px;"">本人的</p>","self","moral","本人的",7,811,811,"e","true",NA,NA,NA,NA,"phase_015_subj_20"
14245,369,17,"<p style=""color:white; font-size: 35px;"">正直</p>","positive","moral","正直",7,880,880,"i","true",NA,NA,NA,NA,"phase_015_subj_20"
14246,369,17,"<p style=""color:rgb(150, 250, 100); font-size: 35px;"">他人的</p>","other","moral","他人的",7,547,1499.79545454545,"e","false",NA,NA,NA,NA,"phase_015_subj_20"
14247,369,17,"<p style=""color:white; font-size: 35px;"">君子</p>","positive","moral","君子",7,912,912,"i","true",NA,NA,NA,NA,"phase_015_subj_20"
14248,369,17,"<p style=""color:rgb(150, 250, 100); font-size: 35px;"">自己</p>","self","moral","自己",7,2056,2056,"e","true",NA,NA,NA,NA,"phase_015_subj_20"
14249,369,17,"<p style=""color:white; font-size: 35px;"">不仁</p>","negative","moral","不仁",7,749,749,"e","true",NA,NA,NA,NA,"phase_015_subj_20"
14250,369,17,"<p style=""color:rgb(150, 250, 100); font-size: 35px;"">他</p>","other","moral","他",7,700,700,"i","true",NA,NA,NA,NA,"phase_015_subj_20"
14251,369,17,"<p style=""color:white; font-size: 35px;"">小人</p>","negative","moral","小人",7,643,643,"e","true",NA,NA,NA,NA,"phase_015_subj_20"
14252,369,17,"<p style=""color:rgb(150, 250, 100); font-size: 35px;"">别人的</p>","other","moral","别人的",7,1031,1499.79545454545,"e","false",NA,NA,NA,NA,"phase_015_subj_20"
14253,369,17,"<p style=""color:white; font-size: 35px;"">高尚</p>","positive","moral","高尚",7,1186,1186,"i","true",NA,NA,NA,NA,"phase_015_subj_20"
14254,369,17,"<p style=""color:rgb(150, 250, 100); font-size: 35px;"">我的</p>","self","moral","我的",7,1888,1888,"e","true",NA,NA,NA,NA,"phase_015_subj_20"
14255,369,17,"<p style=""color:white; font-size: 35px;"">黑心</p>","negative","moral","黑心",7,855,855,"e","true",NA,NA,NA,NA,"phase_015_subj_20"
14256,369,17,"<p style=""color:rgb(150, 250, 100); font-size: 35px;"">本人的</p>","self","moral","本人的",7,1043,1043,"e","true",NA,NA,NA,NA,"phase_015_subj_20"
14257,369,17,"<p style=""color:white; font-size: 35px;"">诚信</p>","positive","moral","诚信",7,1065,1499.79545454545,"e","false",NA,NA,NA,NA,"phase_015_subj_20"
14258,369,17,"<p style=""color:rgb(150, 250, 100); font-size: 35px;"">别人的</p>","other","moral","别人的",7,827,1499.79545454545,"e","false",NA,NA,NA,NA,"phase_015_subj_20"
14259,369,17,"<p style=""color:white; font-size: 35px;"">黑心</p>","negative","moral","黑心",7,1097,1097,"e","true",NA,NA,NA,NA,"phase_015_subj_20"
14260,369,17,"<p style=""color:rgb(150, 250, 100); font-size: 35px;"">别人</p>","other","moral","别人",7,731,731,"i","true",NA,NA,NA,NA,"phase_015_subj_20"
14261,369,17,"<p style=""color:white; font-size: 35px;"">君子</p>","positive","moral","君子",7,1029,1029,"i","true",NA,NA,NA,NA,"phase_015_subj_20"
14262,369,17,"<p style=""color:rgb(150, 250, 100); font-size: 35px;"">我的</p>","self","moral","我的",7,941,941,"e","true",NA,NA,NA,NA,"phase_015_subj_20"
14263,369,17,"<p style=""color:white; font-size: 35px;"">不仁</p>","negative","moral","不仁",7,563,563,"e","true",NA,NA,NA,NA,"phase_015_subj_20"
14264,369,17,"<p style=""color:rgb(150, 250, 100); font-size: 35px;"">他人的</p>","other","moral","他人的",7,707,707,"i","true",NA,NA,NA,NA,"phase_015_subj_20"
14265,369,17,"<p style=""color:white; font-size: 35px;"">善良</p>","positive","moral","善良",7,949,949,"i","true",NA,NA,NA,NA,"phase_015_subj_20"
14266,369,17,"<p style=""color:rgb(150, 250, 100); font-size: 35px;"">本人</p>","self","moral","本人",7,644,644,"e","true",NA,NA,NA,NA,"phase_015_subj_20"
14267,369,17,"<p style=""color:white; font-size: 35px;"">正直</p>","positive","moral","正直",7,1063,1063,"i","true",NA,NA,NA,NA,"phase_015_subj_20"
14268,369,17,"<p style=""color:rgb(150, 250, 100); font-size: 35px;"">他的</p>","other","moral","他的",7,836,836,"i","true",NA,NA,NA,NA,"phase_015_subj_20"
14269,369,17,"<p style=""color:white; font-size: 35px;"">缺德</p>","negative","moral","缺德",7,644,644,"e","true",NA,NA,NA,NA,"phase_015_subj_20"
14270,369,17,"<p style=""color:rgb(150, 250, 100); font-size: 35px;"">自己</p>","self","moral","自己",7,959,959,"e","true",NA,NA,NA,NA,"phase_015_subj_20"
14271,369,17,"<p style=""color:white; font-size: 35px;"">善良</p>","positive","moral","善良",7,2244,2244,"i","true",NA,NA,NA,NA,"phase_015_subj_20"
14272,369,17,"<p style=""color:rgb(150, 250, 100); font-size: 35px;"">我</p>","self","moral","我",7,717,717,"e","true",NA,NA,NA,NA,"phase_015_subj_20"
14273,369,17,"<p style=""color:white; font-size: 35px;"">不孝</p>","negative","moral","不孝",7,1966,1966,"e","true",NA,NA,NA,NA,"phase_015_subj_20"
14274,369,17,"<p style=""color:rgb(150, 250, 100); font-size: 35px;"">他的</p>","other","moral","他的",7,503,503,"i","true",NA,NA,NA,NA,"phase_015_subj_20"
14275,369,17,"<p style=""color:white; font-size: 35px;"">廉正</p>","positive","moral","廉正",7,487,487,"i","true",NA,NA,NA,NA,"phase_015_subj_20"
14276,369,17,"<p style=""color:rgb(150, 250, 100); font-size: 35px;"">本人</p>","self","moral","本人",7,767,767,"e","true",NA,NA,NA,NA,"phase_015_subj_20"
14277,369,17,"<p style=""color:white; font-size: 35px;"">不孝</p>","negative","moral","不孝",7,515,515,"e","true",NA,NA,NA,NA,"phase_015_subj_20"
14278,369,17,"<p style=""color:rgb(150, 250, 100); font-size: 35px;"">别人</p>","other","moral","别人",7,626,626,"i","true",NA,NA,NA,NA,"phase_015_subj_20"
14279,369,17,"<p style=""color:white; font-size: 35px;"">高尚</p>","positive","moral","高尚",7,626,626,"i","true",NA,NA,NA,NA,"phase_015_subj_20"
14280,369,17,"<p style=""color:rgb(150, 250, 100); font-size: 35px;"">自己的</p>","self","moral","自己的",7,547,547,"e","true",NA,NA,NA,NA,"phase_015_subj_20"
14281,369,17,"<p style=""color:white; font-size: 35px;"">缺德</p>","negative","moral","缺德",7,533,533,"e","true",NA,NA,NA,NA,"phase_015_subj_20"
14282,369,17,"<p style=""color:rgb(150, 250, 100); font-size: 35px;"">他人</p>","other","moral","他人",7,413,413,"i","true",NA,NA,NA,NA,"phase_015_subj_20"
14283,568,NA,"
    <h3>词语分类任务</h3>
    <p>在接下来的任务中，你需要对一系列词语进行分类。<p/>
    请先熟悉这些词语，这有利于你完成接下来的任务。</p>
    <table align=""center"" border=1 cellpadding=3 cellspacing=0>
    <tr> <th>类别</th> <th>词语</th> </tr>
    <tr> <td>&emsp;积极&emsp;</td> <td>&emsp;高尚、诚信、善良、君子、廉正、正直&emsp;</td> </tr>
    <tr> <td>&emsp;消极&emsp;</td> <td>&emsp;缺德、卑鄙、不孝、不仁、小人、黑心&emsp;</td> </tr>
    <tr> <td>&emsp;自我&emsp;</td> <td>&emsp;我、我的、自己、自己的、本人、本人的&emsp;</td> </tr>
    <tr> <td>&emsp;他人&emsp;</td> <td>&emsp;他、他的、别人、别人的、他人、他人的&emsp;</td> </tr>
    </table><br/>","","","",NA,10173,NA,"0","",NA,NA,2,1,"phase_015_subj_34"
14284,568,11,"<p style=""color:rgb(150, 250, 100); font-size: 35px;"">他</p>","other","moral","他",1,1141,1141,"i","true",NA,NA,NA,NA,"phase_015_subj_34"
14285,568,11,"<p style=""color:rgb(150, 250, 100); font-size: 35px;"">本人的</p>","self","moral","本人的",1,686,686,"e","true",NA,NA,NA,NA,"phase_015_subj_34"
14286,568,11,"<p style=""color:rgb(150, 250, 100); font-size: 35px;"">他的</p>","other","moral","他的",1,519,519,"i","true",NA,NA,NA,NA,"phase_015_subj_34"
14287,568,11,"<p style=""color:rgb(150, 250, 100); font-size: 35px;"">自己</p>","self","moral","自己",1,593,593,"e","true",NA,NA,NA,NA,"phase_015_subj_34"
14288,568,11,"<p style=""color:rgb(150, 250, 100); font-size: 35px;"">自己的</p>","self","moral","自己的",1,941,941,"e","true",NA,NA,NA,NA,"phase_015_subj_34"
14289,568,11,"<p style=""color:rgb(150, 250, 100); font-size: 35px;"">本人</p>","self","moral","本人",1,712,712,"e","true",NA,NA,NA,NA,"phase_015_subj_34"
14290,568,11,"<p style=""color:rgb(150, 250, 100); font-size: 35px;"">我</p>","self","moral","我",1,667,667,"e","true",NA,NA,NA,NA,"phase_015_subj_34"
14291,568,11,"<p style=""color:rgb(150, 250, 100); font-size: 35px;"">别人的</p>","other","moral","别人的",1,587,587,"i","true",NA,NA,NA,NA,"phase_015_subj_34"
14292,568,11,"<p style=""color:rgb(150, 250, 100); font-size: 35px;"">他人</p>","other","moral","他人",1,629,629,"i","true",NA,NA,NA,NA,"phase_015_subj_34"
14293,568,11,"<p style=""color:rgb(150, 250, 100); font-size: 35px;"">别人</p>","other","moral","别人",1,698,698,"i","true",NA,NA,NA,NA,"phase_015_subj_34"
14294,568,11,"<p style=""color:rgb(150, 250, 100); font-size: 35px;"">他人的</p>","other","moral","他人的",1,780,780,"i","true",NA,NA,NA,NA,"phase_015_subj_34"
14295,568,11,"<p style=""color:rgb(150, 250, 100); font-size: 35px;"">我的</p>","self","moral","我的",1,779,779,"e","true",NA,NA,NA,NA,"phase_015_subj_34"
14296,568,12,"<p style=""color:white; font-size: 35px;"">正直</p>","positive","moral","正直",2,699,699,"i","true",NA,NA,NA,NA,"phase_015_subj_34"
14297,568,12,"<p style=""color:white; font-size: 35px;"">君子</p>","positive","moral","君子",2,679,679,"i","true",NA,NA,NA,NA,"phase_015_subj_34"
14298,568,12,"<p style=""color:white; font-size: 35px;"">廉正</p>","positive","moral","廉正",2,672,672,"i","true",NA,NA,NA,NA,"phase_015_subj_34"
14299,568,12,"<p style=""color:white; font-size: 35px;"">不仁</p>","negative","moral","不仁",2,980,980,"e","true",NA,NA,NA,NA,"phase_015_subj_34"
14300,568,12,"<p style=""color:white; font-size: 35px;"">高尚</p>","positive","moral","高尚",2,982,982,"i","true",NA,NA,NA,NA,"phase_015_subj_34"
14301,568,12,"<p style=""color:white; font-size: 35px;"">善良</p>","positive","moral","善良",2,834,834,"i","true",NA,NA,NA,NA,"phase_015_subj_34"
14302,568,12,"<p style=""color:white; font-size: 35px;"">缺德</p>","negative","moral","缺德",2,678,678,"e","true",NA,NA,NA,NA,"phase_015_subj_34"
14303,568,12,"<p style=""color:white; font-size: 35px;"">小人</p>","negative","moral","小人",2,1083,1083,"e","true",NA,NA,NA,NA,"phase_015_subj_34"
14304,568,12,"<p style=""color:white; font-size: 35px;"">卑鄙</p>","negative","moral","卑鄙",2,641,641,"e","true",NA,NA,NA,NA,"phase_015_subj_34"
14305,568,12,"<p style=""color:white; font-size: 35px;"">不孝</p>","negative","moral","不孝",2,661,661,"e","true",NA,NA,NA,NA,"phase_015_subj_34"
14306,568,12,"<p style=""color:white; font-size: 35px;"">诚信</p>","positive","moral","诚信",2,693,693,"i","true",NA,NA,NA,NA,"phase_015_subj_34"
14307,568,12,"<p style=""color:white; font-size: 35px;"">黑心</p>","negative","moral","黑心",2,760,760,"e","true",NA,NA,NA,NA,"phase_015_subj_34"
14308,568,13,"<p style=""color:rgb(150, 250, 100); font-size: 35px;"">自己</p>","self","moral","自己",3,712,712,"e","true",NA,NA,NA,NA,"phase_015_subj_34"
14309,568,13,"<p style=""color:white; font-size: 35px;"">不孝</p>","negative","moral","不孝",3,610,610,"e","true",NA,NA,NA,NA,"phase_015_subj_34"
14310,568,13,"<p style=""color:rgb(150, 250, 100); font-size: 35px;"">别人</p>","other","moral","别人",3,766,766,"i","true",NA,NA,NA,NA,"phase_015_subj_34"
14311,568,13,"<p style=""color:white; font-size: 35px;"">君子</p>","positive","moral","君子",3,553,553,"i","true",NA,NA,NA,NA,"phase_015_subj_34"
14312,568,13,"<p style=""color:rgb(150, 250, 100); font-size: 35px;"">本人</p>","self","moral","本人",3,791,791,"e","true",NA,NA,NA,NA,"phase_015_subj_34"
14313,568,13,"<p style=""color:white; font-size: 35px;"">黑心</p>","negative","moral","黑心",3,672,672,"e","true",NA,NA,NA,NA,"phase_015_subj_34"
14314,568,13,"<p style=""color:rgb(150, 250, 100); font-size: 35px;"">别人的</p>","other","moral","别人的",3,879,879,"i","true",NA,NA,NA,NA,"phase_015_subj_34"
14315,568,13,"<p style=""color:white; font-size: 35px;"">诚信</p>","positive","moral","诚信",3,984,984,"i","true",NA,NA,NA,NA,"phase_015_subj_34"
14316,568,13,"<p style=""color:rgb(150, 250, 100); font-size: 35px;"">他的</p>","other","moral","他的",3,687,687,"i","true",NA,NA,NA,NA,"phase_015_subj_34"
14317,568,13,"<p style=""color:white; font-size: 35px;"">正直</p>","positive","moral","正直",3,516,516,"i","true",NA,NA,NA,NA,"phase_015_subj_34"
14318,568,13,"<p style=""color:rgb(150, 250, 100); font-size: 35px;"">我的</p>","self","moral","我的",3,679,679,"e","true",NA,NA,NA,NA,"phase_015_subj_34"
14319,568,13,"<p style=""color:white; font-size: 35px;"">不仁</p>","negative","moral","不仁",3,600,600,"e","true",NA,NA,NA,NA,"phase_015_subj_34"
14320,568,13,"<p style=""color:rgb(150, 250, 100); font-size: 35px;"">他</p>","other","moral","他",3,784,784,"i","true",NA,NA,NA,NA,"phase_015_subj_34"
14321,568,13,"<p style=""color:white; font-size: 35px;"">小人</p>","negative","moral","小人",3,742,742,"e","true",NA,NA,NA,NA,"phase_015_subj_34"
14322,568,13,"<p style=""color:rgb(150, 250, 100); font-size: 35px;"">本人的</p>","self","moral","本人的",3,674,674,"e","true",NA,NA,NA,NA,"phase_015_subj_34"
14323,568,13,"<p style=""color:white; font-size: 35px;"">高尚</p>","positive","moral","高尚",3,701,701,"i","true",NA,NA,NA,NA,"phase_015_subj_34"
14324,568,13,"<p style=""color:rgb(150, 250, 100); font-size: 35px;"">他人的</p>","other","moral","他人的",3,777,777,"i","true",NA,NA,NA,NA,"phase_015_subj_34"
14325,568,13,"<p style=""color:white; font-size: 35px;"">廉正</p>","positive","moral","廉正",3,708,708,"i","true",NA,NA,NA,NA,"phase_015_subj_34"
14326,568,13,"<p style=""color:rgb(150, 250, 100); font-size: 35px;"">我</p>","self","moral","我",3,919,919,"e","true",NA,NA,NA,NA,"phase_015_subj_34"
14327,568,13,"<p style=""color:white; font-size: 35px;"">卑鄙</p>","negative","moral","卑鄙",3,776,776,"e","true",NA,NA,NA,NA,"phase_015_subj_34"
14328,568,13,"<p style=""color:rgb(150, 250, 100); font-size: 35px;"">他人</p>","other","moral","他人",3,1752,1752,"i","true",NA,NA,NA,NA,"phase_015_subj_34"
14329,568,13,"<p style=""color:white; font-size: 35px;"">缺德</p>","negative","moral","缺德",3,3471,3471,"e","true",NA,NA,NA,NA,"phase_015_subj_34"
14330,568,13,"<p style=""color:rgb(150, 250, 100); font-size: 35px;"">自己的</p>","self","moral","自己的",3,581,581,"e","true",NA,NA,NA,NA,"phase_015_subj_34"
14331,568,13,"<p style=""color:white; font-size: 35px;"">善良</p>","positive","moral","善良",3,671,671,"i","true",NA,NA,NA,NA,"phase_015_subj_34"
14332,568,14,"<p style=""color:rgb(150, 250, 100); font-size: 35px;"">他人的</p>","other","moral","他人的",4,1161,1161,"i","true",NA,NA,NA,NA,"phase_015_subj_34"
14333,568,14,"<p style=""color:white; font-size: 35px;"">高尚</p>","positive","moral","高尚",4,621,621,"i","true",NA,NA,NA,NA,"phase_015_subj_34"
14334,568,14,"<p style=""color:rgb(150, 250, 100); font-size: 35px;"">我的</p>","self","moral","我的",4,776,776,"e","true",NA,NA,NA,NA,"phase_015_subj_34"
14335,568,14,"<p style=""color:white; font-size: 35px;"">不孝</p>","negative","moral","不孝",4,517,517,"e","true",NA,NA,NA,NA,"phase_015_subj_34"
14336,568,14,"<p style=""color:rgb(150, 250, 100); font-size: 35px;"">自己的</p>","self","moral","自己的",4,824,1452.02127659574,"i","false",NA,NA,NA,NA,"phase_015_subj_34"
14337,568,14,"<p style=""color:white; font-size: 35px;"">不孝</p>","negative","moral","不孝",4,745,745,"e","true",NA,NA,NA,NA,"phase_015_subj_34"
14338,568,14,"<p style=""color:rgb(150, 250, 100); font-size: 35px;"">他的</p>","other","moral","他的",4,608,608,"i","true",NA,NA,NA,NA,"phase_015_subj_34"
14339,568,14,"<p style=""color:white; font-size: 35px;"">廉正</p>","positive","moral","廉正",4,623,623,"i","true",NA,NA,NA,NA,"phase_015_subj_34"
14340,568,14,"<p style=""color:rgb(150, 250, 100); font-size: 35px;"">别人的</p>","other","moral","别人的",4,1033,1033,"i","true",NA,NA,NA,NA,"phase_015_subj_34"
14341,568,14,"<p style=""color:white; font-size: 35px;"">黑心</p>","negative","moral","黑心",4,679,679,"e","true",NA,NA,NA,NA,"phase_015_subj_34"
14342,568,14,"<p style=""color:rgb(150, 250, 100); font-size: 35px;"">我</p>","self","moral","我",4,576,576,"e","true",NA,NA,NA,NA,"phase_015_subj_34"
14343,568,14,"<p style=""color:white; font-size: 35px;"">诚信</p>","positive","moral","诚信",4,818,818,"i","true",NA,NA,NA,NA,"phase_015_subj_34"
14344,568,14,"<p style=""color:rgb(150, 250, 100); font-size: 35px;"">他</p>","other","moral","他",4,519,519,"i","true",NA,NA,NA,NA,"phase_015_subj_34"
14345,568,14,"<p style=""color:white; font-size: 35px;"">不仁</p>","negative","moral","不仁",4,776,776,"e","true",NA,NA,NA,NA,"phase_015_subj_34"
14346,568,14,"<p style=""color:rgb(150, 250, 100); font-size: 35px;"">我</p>","self","moral","我",4,500,500,"e","true",NA,NA,NA,NA,"phase_015_subj_34"
14347,568,14,"<p style=""color:white; font-size: 35px;"">善良</p>","positive","moral","善良",4,721,721,"i","true",NA,NA,NA,NA,"phase_015_subj_34"
14348,568,14,"<p style=""color:rgb(150, 250, 100); font-size: 35px;"">本人的</p>","self","moral","本人的",4,717,717,"e","true",NA,NA,NA,NA,"phase_015_subj_34"
14349,568,14,"<p style=""color:white; font-size: 35px;"">黑心</p>","negative","moral","黑心",4,677,677,"e","true",NA,NA,NA,NA,"phase_015_subj_34"
14350,568,14,"<p style=""color:rgb(150, 250, 100); font-size: 35px;"">他人</p>","other","moral","他人",4,676,676,"i","true",NA,NA,NA,NA,"phase_015_subj_34"
14351,568,14,"<p style=""color:white; font-size: 35px;"">正直</p>","positive","moral","正直",4,680,680,"i","true",NA,NA,NA,NA,"phase_015_subj_34"
14352,568,14,"<p style=""color:rgb(150, 250, 100); font-size: 35px;"">他人</p>","other","moral","他人",4,1164,1164,"i","true",NA,NA,NA,NA,"phase_015_subj_34"
14353,568,14,"<p style=""color:white; font-size: 35px;"">廉正</p>","positive","moral","廉正",4,733,733,"i","true",NA,NA,NA,NA,"phase_015_subj_34"
14354,568,14,"<p style=""color:rgb(150, 250, 100); font-size: 35px;"">我的</p>","self","moral","我的",4,699,699,"e","true",NA,NA,NA,NA,"phase_015_subj_34"
14355,568,14,"<p style=""color:white; font-size: 35px;"">小人</p>","negative","moral","小人",4,575,575,"e","true",NA,NA,NA,NA,"phase_015_subj_34"
14356,568,14,"<p style=""color:rgb(150, 250, 100); font-size: 35px;"">他的</p>","other","moral","他的",4,753,753,"i","true",NA,NA,NA,NA,"phase_015_subj_34"
14357,568,14,"<p style=""color:white; font-size: 35px;"">诚信</p>","positive","moral","诚信",4,530,530,"i","true",NA,NA,NA,NA,"phase_015_subj_34"
14358,568,14,"<p style=""color:rgb(150, 250, 100); font-size: 35px;"">本人</p>","self","moral","本人",4,1015,1015,"e","true",NA,NA,NA,NA,"phase_015_subj_34"
14359,568,14,"<p style=""color:white; font-size: 35px;"">不仁</p>","negative","moral","不仁",4,2318,2318,"e","true",NA,NA,NA,NA,"phase_015_subj_34"
14360,568,14,"<p style=""color:rgb(150, 250, 100); font-size: 35px;"">他人的</p>","other","moral","他人的",4,798,798,"i","true",NA,NA,NA,NA,"phase_015_subj_34"
14361,568,14,"<p style=""color:white; font-size: 35px;"">缺德</p>","negative","moral","缺德",4,1513,1513,"e","true",NA,NA,NA,NA,"phase_015_subj_34"
14362,568,14,"<p style=""color:rgb(150, 250, 100); font-size: 35px;"">自己的</p>","self","moral","自己的",4,797,797,"e","true",NA,NA,NA,NA,"phase_015_subj_34"
14363,568,14,"<p style=""color:white; font-size: 35px;"">正直</p>","positive","moral","正直",4,993,993,"i","true",NA,NA,NA,NA,"phase_015_subj_34"
14364,568,14,"<p style=""color:rgb(150, 250, 100); font-size: 35px;"">别人的</p>","other","moral","别人的",4,636,636,"i","true",NA,NA,NA,NA,"phase_015_subj_34"
14365,568,14,"<p style=""color:white; font-size: 35px;"">高尚</p>","positive","moral","高尚",4,832,832,"i","true",NA,NA,NA,NA,"phase_015_subj_34"
14366,568,14,"<p style=""color:rgb(150, 250, 100); font-size: 35px;"">本人</p>","self","moral","本人",4,1028,1028,"e","true",NA,NA,NA,NA,"phase_015_subj_34"
14367,568,14,"<p style=""color:white; font-size: 35px;"">卑鄙</p>","negative","moral","卑鄙",4,592,592,"e","true",NA,NA,NA,NA,"phase_015_subj_34"
14368,568,14,"<p style=""color:rgb(150, 250, 100); font-size: 35px;"">别人</p>","other","moral","别人",4,2903,2903,"i","true",NA,NA,NA,NA,"phase_015_subj_34"
14369,568,14,"<p style=""color:white; font-size: 35px;"">君子</p>","positive","moral","君子",4,536,536,"i","true",NA,NA,NA,NA,"phase_015_subj_34"
14370,568,14,"<p style=""color:rgb(150, 250, 100); font-size: 35px;"">自己</p>","self","moral","自己",4,818,818,"e","true",NA,NA,NA,NA,"phase_015_subj_34"
14371,568,14,"<p style=""color:white; font-size: 35px;"">小人</p>","negative","moral","小人",4,519,519,"e","true",NA,NA,NA,NA,"phase_015_subj_34"
14372,568,14,"<p style=""color:rgb(150, 250, 100); font-size: 35px;"">别人</p>","other","moral","别人",4,737,737,"i","true",NA,NA,NA,NA,"phase_015_subj_34"
14373,568,14,"<p style=""color:white; font-size: 35px;"">善良</p>","positive","moral","善良",4,513,513,"i","true",NA,NA,NA,NA,"phase_015_subj_34"
14374,568,14,"<p style=""color:rgb(150, 250, 100); font-size: 35px;"">本人的</p>","self","moral","本人的",4,1032,1032,"e","true",NA,NA,NA,NA,"phase_015_subj_34"
14375,568,14,"<p style=""color:white; font-size: 35px;"">缺德</p>","negative","moral","缺德",4,696,696,"e","true",NA,NA,NA,NA,"phase_015_subj_34"
14376,568,14,"<p style=""color:rgb(150, 250, 100); font-size: 35px;"">他</p>","other","moral","他",4,1551,1551,"i","true",NA,NA,NA,NA,"phase_015_subj_34"
14377,568,14,"<p style=""color:white; font-size: 35px;"">卑鄙</p>","negative","moral","卑鄙",4,691,691,"e","true",NA,NA,NA,NA,"phase_015_subj_34"
14378,568,14,"<p style=""color:rgb(150, 250, 100); font-size: 35px;"">自己</p>","self","moral","自己",4,984,984,"e","true",NA,NA,NA,NA,"phase_015_subj_34"
14379,568,14,"<p style=""color:white; font-size: 35px;"">君子</p>","positive","moral","君子",4,666,666,"i","true",NA,NA,NA,NA,"phase_015_subj_34"
14380,568,15,"<p style=""color:rgb(150, 250, 100); font-size: 35px;"">他</p>","other","moral","他",5,614,614,"e","true",NA,NA,NA,NA,"phase_015_subj_34"
14381,568,15,"<p style=""color:rgb(150, 250, 100); font-size: 35px;"">自己的</p>","self","moral","自己的",5,632,632,"i","true",NA,NA,NA,NA,"phase_015_subj_34"
14382,568,15,"<p style=""color:rgb(150, 250, 100); font-size: 35px;"">他人</p>","other","moral","他人",5,576,576,"e","true",NA,NA,NA,NA,"phase_015_subj_34"
14383,568,15,"<p style=""color:rgb(150, 250, 100); font-size: 35px;"">他</p>","other","moral","他",5,1017,1017,"e","true",NA,NA,NA,NA,"phase_015_subj_34"
14384,568,15,"<p style=""color:rgb(150, 250, 100); font-size: 35px;"">本人</p>","self","moral","本人",5,654,654,"i","true",NA,NA,NA,NA,"phase_015_subj_34"
14385,568,15,"<p style=""color:rgb(150, 250, 100); font-size: 35px;"">我</p>","self","moral","我",5,696,696,"i","true",NA,NA,NA,NA,"phase_015_subj_34"
14386,568,15,"<p style=""color:rgb(150, 250, 100); font-size: 35px;"">他的</p>","other","moral","他的",5,685,685,"e","true",NA,NA,NA,NA,"phase_015_subj_34"
14387,568,15,"<p style=""color:rgb(150, 250, 100); font-size: 35px;"">自己</p>","self","moral","自己",5,711,711,"i","true",NA,NA,NA,NA,"phase_015_subj_34"
14388,568,15,"<p style=""color:rgb(150, 250, 100); font-size: 35px;"">别人</p>","other","moral","别人",5,968,968,"e","true",NA,NA,NA,NA,"phase_015_subj_34"
14389,568,15,"<p style=""color:rgb(150, 250, 100); font-size: 35px;"">别人的</p>","other","moral","别人的",5,711,711,"e","true",NA,NA,NA,NA,"phase_015_subj_34"
14390,568,15,"<p style=""color:rgb(150, 250, 100); font-size: 35px;"">他的</p>","other","moral","他的",5,601,601,"e","true",NA,NA,NA,NA,"phase_015_subj_34"
14391,568,15,"<p style=""color:rgb(150, 250, 100); font-size: 35px;"">本人的</p>","self","moral","本人的",5,621,621,"i","true",NA,NA,NA,NA,"phase_015_subj_34"
14392,568,15,"<p style=""color:rgb(150, 250, 100); font-size: 35px;"">本人</p>","self","moral","本人",5,572,572,"i","true",NA,NA,NA,NA,"phase_015_subj_34"
14393,568,15,"<p style=""color:rgb(150, 250, 100); font-size: 35px;"">我的</p>","self","moral","我的",5,573,573,"i","true",NA,NA,NA,NA,"phase_015_subj_34"
14394,568,15,"<p style=""color:rgb(150, 250, 100); font-size: 35px;"">他人的</p>","other","moral","他人的",5,656,656,"e","true",NA,NA,NA,NA,"phase_015_subj_34"
14395,568,15,"<p style=""color:rgb(150, 250, 100); font-size: 35px;"">他人</p>","other","moral","他人",5,649,649,"e","true",NA,NA,NA,NA,"phase_015_subj_34"
14396,568,15,"<p style=""color:rgb(150, 250, 100); font-size: 35px;"">自己的</p>","self","moral","自己的",5,633,633,"i","true",NA,NA,NA,NA,"phase_015_subj_34"
14397,568,15,"<p style=""color:rgb(150, 250, 100); font-size: 35px;"">我的</p>","self","moral","我的",5,720,720,"i","true",NA,NA,NA,NA,"phase_015_subj_34"
14398,568,15,"<p style=""color:rgb(150, 250, 100); font-size: 35px;"">别人的</p>","other","moral","别人的",5,805,805,"e","true",NA,NA,NA,NA,"phase_015_subj_34"
14399,568,15,"<p style=""color:rgb(150, 250, 100); font-size: 35px;"">他人的</p>","other","moral","他人的",5,850,850,"e","true",NA,NA,NA,NA,"phase_015_subj_34"
14400,568,15,"<p style=""color:rgb(150, 250, 100); font-size: 35px;"">本人的</p>","self","moral","本人的",5,621,621,"i","true",NA,NA,NA,NA,"phase_015_subj_34"
14401,568,15,"<p style=""color:rgb(150, 250, 100); font-size: 35px;"">自己</p>","self","moral","自己",5,721,721,"i","true",NA,NA,NA,NA,"phase_015_subj_34"
14402,568,15,"<p style=""color:rgb(150, 250, 100); font-size: 35px;"">我</p>","self","moral","我",5,682,682,"i","true",NA,NA,NA,NA,"phase_015_subj_34"
14403,568,15,"<p style=""color:rgb(150, 250, 100); font-size: 35px;"">别人</p>","other","moral","别人",5,592,592,"e","true",NA,NA,NA,NA,"phase_015_subj_34"
14404,568,16,"<p style=""color:white; font-size: 35px;"">廉正</p>","positive","moral","廉正",6,1121,1121,"i","true",NA,NA,NA,NA,"phase_015_subj_34"
14405,568,16,"<p style=""color:rgb(150, 250, 100); font-size: 35px;"">我</p>","self","moral","我",6,473,473,"i","true",NA,NA,NA,NA,"phase_015_subj_34"
14406,568,16,"<p style=""color:white; font-size: 35px;"">小人</p>","negative","moral","小人",6,647,1274.26086956522,"i","false",NA,NA,NA,NA,"phase_015_subj_34"
14407,568,16,"<p style=""color:rgb(150, 250, 100); font-size: 35px;"">他</p>","other","moral","他",6,523,523,"e","true",NA,NA,NA,NA,"phase_015_subj_34"
14408,568,16,"<p style=""color:white; font-size: 35px;"">正直</p>","positive","moral","正直",6,779,779,"i","true",NA,NA,NA,NA,"phase_015_subj_34"
14409,568,16,"<p style=""color:rgb(150, 250, 100); font-size: 35px;"">自己的</p>","self","moral","自己的",6,592,592,"i","true",NA,NA,NA,NA,"phase_015_subj_34"
14410,568,16,"<p style=""color:white; font-size: 35px;"">黑心</p>","negative","moral","黑心",6,773,773,"e","true",NA,NA,NA,NA,"phase_015_subj_34"
14411,568,16,"<p style=""color:rgb(150, 250, 100); font-size: 35px;"">他人的</p>","other","moral","他人的",6,488,488,"e","true",NA,NA,NA,NA,"phase_015_subj_34"
14412,568,16,"<p style=""color:white; font-size: 35px;"">君子</p>","positive","moral","君子",6,682,682,"i","true",NA,NA,NA,NA,"phase_015_subj_34"
14413,568,16,"<p style=""color:rgb(150, 250, 100); font-size: 35px;"">别人的</p>","other","moral","别人的",6,680,680,"e","true",NA,NA,NA,NA,"phase_015_subj_34"
14414,568,16,"<p style=""color:white; font-size: 35px;"">卑鄙</p>","negative","moral","卑鄙",6,709,709,"e","true",NA,NA,NA,NA,"phase_015_subj_34"
14415,568,16,"<p style=""color:rgb(150, 250, 100); font-size: 35px;"">我的</p>","self","moral","我的",6,490,490,"i","true",NA,NA,NA,NA,"phase_015_subj_34"
14416,568,16,"<p style=""color:white; font-size: 35px;"">缺德</p>","negative","moral","缺德",6,993,993,"e","true",NA,NA,NA,NA,"phase_015_subj_34"
14417,568,16,"<p style=""color:rgb(150, 250, 100); font-size: 35px;"">他人</p>","other","moral","他人",6,776,776,"e","true",NA,NA,NA,NA,"phase_015_subj_34"
14418,568,16,"<p style=""color:white; font-size: 35px;"">诚信</p>","positive","moral","诚信",6,598,598,"i","true",NA,NA,NA,NA,"phase_015_subj_34"
14419,568,16,"<p style=""color:rgb(150, 250, 100); font-size: 35px;"">自己</p>","self","moral","自己",6,522,522,"i","true",NA,NA,NA,NA,"phase_015_subj_34"
14420,568,16,"<p style=""color:white; font-size: 35px;"">不仁</p>","negative","moral","不仁",6,732,732,"e","true",NA,NA,NA,NA,"phase_015_subj_34"
14421,568,16,"<p style=""color:rgb(150, 250, 100); font-size: 35px;"">他的</p>","other","moral","他的",6,476,476,"e","true",NA,NA,NA,NA,"phase_015_subj_34"
14422,568,16,"<p style=""color:white; font-size: 35px;"">高尚</p>","positive","moral","高尚",6,676,676,"i","true",NA,NA,NA,NA,"phase_015_subj_34"
14423,568,16,"<p style=""color:rgb(150, 250, 100); font-size: 35px;"">本人的</p>","self","moral","本人的",6,778,778,"i","true",NA,NA,NA,NA,"phase_015_subj_34"
14424,568,16,"<p style=""color:white; font-size: 35px;"">善良</p>","positive","moral","善良",6,697,697,"i","true",NA,NA,NA,NA,"phase_015_subj_34"
14425,568,16,"<p style=""color:rgb(150, 250, 100); font-size: 35px;"">本人</p>","self","moral","本人",6,694,694,"i","true",NA,NA,NA,NA,"phase_015_subj_34"
14426,568,16,"<p style=""color:white; font-size: 35px;"">不孝</p>","negative","moral","不孝",6,615,615,"e","true",NA,NA,NA,NA,"phase_015_subj_34"
14427,568,16,"<p style=""color:rgb(150, 250, 100); font-size: 35px;"">别人</p>","other","moral","别人",6,641,641,"e","true",NA,NA,NA,NA,"phase_015_subj_34"
14428,568,17,"<p style=""color:white; font-size: 35px;"">君子</p>","positive","moral","君子",7,877,877,"i","true",NA,NA,NA,NA,"phase_015_subj_34"
14429,568,17,"<p style=""color:rgb(150, 250, 100); font-size: 35px;"">本人</p>","self","moral","本人",7,553,553,"i","true",NA,NA,NA,NA,"phase_015_subj_34"
14430,568,17,"<p style=""color:white; font-size: 35px;"">不孝</p>","negative","moral","不孝",7,915,915,"e","true",NA,NA,NA,NA,"phase_015_subj_34"
14431,568,17,"<p style=""color:rgb(150, 250, 100); font-size: 35px;"">他人的</p>","other","moral","他人的",7,493,493,"e","true",NA,NA,NA,NA,"phase_015_subj_34"
14432,568,17,"<p style=""color:white; font-size: 35px;"">正直</p>","positive","moral","正直",7,626,626,"i","true",NA,NA,NA,NA,"phase_015_subj_34"
14433,568,17,"<p style=""color:rgb(150, 250, 100); font-size: 35px;"">他</p>","other","moral","他",7,583,583,"e","true",NA,NA,NA,NA,"phase_015_subj_34"
14434,568,17,"<p style=""color:white; font-size: 35px;"">不仁</p>","negative","moral","不仁",7,781,781,"e","true",NA,NA,NA,NA,"phase_015_subj_34"
14435,568,17,"<p style=""color:rgb(150, 250, 100); font-size: 35px;"">我的</p>","self","moral","我的",7,475,475,"i","true",NA,NA,NA,NA,"phase_015_subj_34"
14436,568,17,"<p style=""color:white; font-size: 35px;"">正直</p>","positive","moral","正直",7,666,666,"i","true",NA,NA,NA,NA,"phase_015_subj_34"
14437,568,17,"<p style=""color:rgb(150, 250, 100); font-size: 35px;"">他人</p>","other","moral","他人",7,585,585,"e","true",NA,NA,NA,NA,"phase_015_subj_34"
14438,568,17,"<p style=""color:white; font-size: 35px;"">卑鄙</p>","negative","moral","卑鄙",7,711,711,"e","true",NA,NA,NA,NA,"phase_015_subj_34"
14439,568,17,"<p style=""color:rgb(150, 250, 100); font-size: 35px;"">本人的</p>","self","moral","本人的",7,736,736,"i","true",NA,NA,NA,NA,"phase_015_subj_34"
14440,568,17,"<p style=""color:white; font-size: 35px;"">君子</p>","positive","moral","君子",7,827,827,"i","true",NA,NA,NA,NA,"phase_015_subj_34"
14441,568,17,"<p style=""color:rgb(150, 250, 100); font-size: 35px;"">他的</p>","other","moral","他的",7,774,774,"e","true",NA,NA,NA,NA,"phase_015_subj_34"
14442,568,17,"<p style=""color:white; font-size: 35px;"">不孝</p>","negative","moral","不孝",7,707,707,"e","true",NA,NA,NA,NA,"phase_015_subj_34"
14443,568,17,"<p style=""color:rgb(150, 250, 100); font-size: 35px;"">自己的</p>","self","moral","自己的",7,537,537,"i","true",NA,NA,NA,NA,"phase_015_subj_34"
14444,568,17,"<p style=""color:white; font-size: 35px;"">善良</p>","positive","moral","善良",7,725,725,"i","true",NA,NA,NA,NA,"phase_015_subj_34"
14445,568,17,"<p style=""color:rgb(150, 250, 100); font-size: 35px;"">别人的</p>","other","moral","别人的",7,647,647,"e","true",NA,NA,NA,NA,"phase_015_subj_34"
14446,568,17,"<p style=""color:white; font-size: 35px;"">黑心</p>","negative","moral","黑心",7,677,677,"e","true",NA,NA,NA,NA,"phase_015_subj_34"
14447,568,17,"<p style=""color:rgb(150, 250, 100); font-size: 35px;"">我</p>","self","moral","我",7,468,468,"i","true",NA,NA,NA,NA,"phase_015_subj_34"
14448,568,17,"<p style=""color:white; font-size: 35px;"">善良</p>","positive","moral","善良",7,755,755,"i","true",NA,NA,NA,NA,"phase_015_subj_34"
14449,568,17,"<p style=""color:rgb(150, 250, 100); font-size: 35px;"">别人的</p>","other","moral","别人的",7,557,557,"e","true",NA,NA,NA,NA,"phase_015_subj_34"
14450,568,17,"<p style=""color:white; font-size: 35px;"">缺德</p>","negative","moral","缺德",7,639,639,"e","true",NA,NA,NA,NA,"phase_015_subj_34"
14451,568,17,"<p style=""color:rgb(150, 250, 100); font-size: 35px;"">我的</p>","self","moral","我的",7,544,544,"i","true",NA,NA,NA,NA,"phase_015_subj_34"
14452,568,17,"<p style=""color:white; font-size: 35px;"">小人</p>","negative","moral","小人",7,981,981,"e","true",NA,NA,NA,NA,"phase_015_subj_34"
14453,568,17,"<p style=""color:rgb(150, 250, 100); font-size: 35px;"">他人</p>","other","moral","他人",7,801,801,"e","true",NA,NA,NA,NA,"phase_015_subj_34"
14454,568,17,"<p style=""color:white; font-size: 35px;"">高尚</p>","positive","moral","高尚",7,685,685,"i","true",NA,NA,NA,NA,"phase_015_subj_34"
14455,568,17,"<p style=""color:rgb(150, 250, 100); font-size: 35px;"">自己的</p>","self","moral","自己的",7,550,550,"i","true",NA,NA,NA,NA,"phase_015_subj_34"
14456,568,17,"<p style=""color:white; font-size: 35px;"">卑鄙</p>","negative","moral","卑鄙",7,645,645,"e","true",NA,NA,NA,NA,"phase_015_subj_34"
14457,568,17,"<p style=""color:rgb(150, 250, 100); font-size: 35px;"">他的</p>","other","moral","他的",7,543,543,"e","true",NA,NA,NA,NA,"phase_015_subj_34"
14458,568,17,"<p style=""color:white; font-size: 35px;"">高尚</p>","positive","moral","高尚",7,801,801,"i","true",NA,NA,NA,NA,"phase_015_subj_34"
14459,568,17,"<p style=""color:rgb(150, 250, 100); font-size: 35px;"">自己</p>","self","moral","自己",7,433,433,"i","true",NA,NA,NA,NA,"phase_015_subj_34"
14460,568,17,"<p style=""color:white; font-size: 35px;"">小人</p>","negative","moral","小人",7,721,721,"e","true",NA,NA,NA,NA,"phase_015_subj_34"
14461,568,17,"<p style=""color:rgb(150, 250, 100); font-size: 35px;"">本人的</p>","self","moral","本人的",7,720,720,"i","true",NA,NA,NA,NA,"phase_015_subj_34"
14462,568,17,"<p style=""color:white; font-size: 35px;"">廉正</p>","positive","moral","廉正",7,711,711,"i","true",NA,NA,NA,NA,"phase_015_subj_34"
14463,568,17,"<p style=""color:rgb(150, 250, 100); font-size: 35px;"">他人的</p>","other","moral","他人的",7,414,414,"e","true",NA,NA,NA,NA,"phase_015_subj_34"
14464,568,17,"<p style=""color:white; font-size: 35px;"">廉正</p>","positive","moral","廉正",7,784,784,"i","true",NA,NA,NA,NA,"phase_015_subj_34"
14465,568,17,"<p style=""color:rgb(150, 250, 100); font-size: 35px;"">他</p>","other","moral","他",7,539,539,"e","true",NA,NA,NA,NA,"phase_015_subj_34"
14466,568,17,"<p style=""color:white; font-size: 35px;"">不仁</p>","negative","moral","不仁",7,712,712,"e","true",NA,NA,NA,NA,"phase_015_subj_34"
14467,568,17,"<p style=""color:rgb(150, 250, 100); font-size: 35px;"">本人</p>","self","moral","本人",7,431,431,"i","true",NA,NA,NA,NA,"phase_015_subj_34"
14468,568,17,"<p style=""color:white; font-size: 35px;"">缺德</p>","negative","moral","缺德",7,803,803,"e","true",NA,NA,NA,NA,"phase_015_subj_34"
14469,568,17,"<p style=""color:rgb(150, 250, 100); font-size: 35px;"">自己</p>","self","moral","自己",7,652,652,"i","true",NA,NA,NA,NA,"phase_015_subj_34"
14470,568,17,"<p style=""color:white; font-size: 35px;"">诚信</p>","positive","moral","诚信",7,703,703,"i","true",NA,NA,NA,NA,"phase_015_subj_34"
14471,568,17,"<p style=""color:rgb(150, 250, 100); font-size: 35px;"">别人</p>","other","moral","别人",7,665,665,"e","true",NA,NA,NA,NA,"phase_015_subj_34"
14472,568,17,"<p style=""color:white; font-size: 35px;"">黑心</p>","negative","moral","黑心",7,718,718,"e","true",NA,NA,NA,NA,"phase_015_subj_34"
14473,568,17,"<p style=""color:rgb(150, 250, 100); font-size: 35px;"">我</p>","self","moral","我",7,679,679,"i","true",NA,NA,NA,NA,"phase_015_subj_34"
14474,568,17,"<p style=""color:white; font-size: 35px;"">诚信</p>","positive","moral","诚信",7,662,662,"i","true",NA,NA,NA,NA,"phase_015_subj_34"
14475,568,17,"<p style=""color:rgb(150, 250, 100); font-size: 35px;"">别人</p>","other","moral","别人",7,512,512,"e","true",NA,NA,NA,NA,"phase_015_subj_34"
14476,568,NA,"
    <h3>词语分类任务</h3>
    <p>在接下来的任务中，你需要对一系列词语进行分类。</p>
    <p>请先熟悉这些词语，这有利于你完成接下来的任务。</p>
    <table align=""center"" border=1 cellpadding=3 cellspacing=0>
    <tr> <th>类别</th> <th>词语</th> </tr>
    <tr> <td>&emsp;积极&emsp;</td> <td>&emsp;能干、全能、全才、高效、精干、天才&emsp;</td> </tr>
    <tr> <td>&emsp;消极&emsp;</td> <td>&emsp;无能、低能、废物、拙笨、愚钝、蠢笨&emsp;</td> </tr>
    <tr> <td>&emsp;自我&emsp;</td> <td>&emsp;我、我的、自己、自己的、本人、本人的&emsp;</td> </tr>
    <tr> <td>&emsp;他人&emsp;</td> <td>&emsp;他、他的、别人、别人的、他人、他人的&emsp;</td> </tr>
    </table><br/>","","","",NA,12395,NA,"0","",2,2,NA,NA,"phase_015_subj_34"
14477,568,1,"<p style=""color:rgb(150, 250, 100); font-size: 35px;"">别人的</p>","other","ability","别人的",1,712,712,"e","true",NA,NA,NA,NA,"phase_015_subj_34"
14478,568,1,"<p style=""color:rgb(150, 250, 100); font-size: 35px;"">他人的</p>","other","ability","他人的",1,555,555,"e","true",NA,NA,NA,NA,"phase_015_subj_34"
14479,568,1,"<p style=""color:rgb(150, 250, 100); font-size: 35px;"">他的</p>","other","ability","他的",1,573,573,"e","true",NA,NA,NA,NA,"phase_015_subj_34"
14480,568,1,"<p style=""color:rgb(150, 250, 100); font-size: 35px;"">自己的</p>","self","ability","自己的",1,477,477,"e","false",NA,NA,NA,NA,"phase_015_subj_34"
14481,568,1,"<p style=""color:rgb(150, 250, 100); font-size: 35px;"">我的</p>","self","ability","我的",1,504,504,"i","true",NA,NA,NA,NA,"phase_015_subj_34"
14482,568,1,"<p style=""color:rgb(150, 250, 100); font-size: 35px;"">本人的</p>","self","ability","本人的",1,471,471,"i","true",NA,NA,NA,NA,"phase_015_subj_34"
14483,568,1,"<p style=""color:rgb(150, 250, 100); font-size: 35px;"">别人</p>","other","ability","别人",1,655,655,"e","true",NA,NA,NA,NA,"phase_015_subj_34"
14484,568,1,"<p style=""color:rgb(150, 250, 100); font-size: 35px;"">他人</p>","other","ability","他人",1,649,649,"e","true",NA,NA,NA,NA,"phase_015_subj_34"
14485,568,1,"<p style=""color:rgb(150, 250, 100); font-size: 35px;"">我</p>","self","ability","我",1,505,505,"i","true",NA,NA,NA,NA,"phase_015_subj_34"
14486,568,1,"<p style=""color:rgb(150, 250, 100); font-size: 35px;"">自己</p>","self","ability","自己",1,584,584,"i","true",NA,NA,NA,NA,"phase_015_subj_34"
14487,568,1,"<p style=""color:rgb(150, 250, 100); font-size: 35px;"">本人</p>","self","ability","本人",1,592,592,"i","true",NA,NA,NA,NA,"phase_015_subj_34"
14488,568,1,"<p style=""color:rgb(150, 250, 100); font-size: 35px;"">他</p>","other","ability","他",1,516,516,"e","true",NA,NA,NA,NA,"phase_015_subj_34"
14489,568,2,"<p style=""color:white; font-size: 35px;"">全能</p>","positive","ability","全能",2,736,736,"i","true",NA,NA,NA,NA,"phase_015_subj_34"
14490,568,2,"<p style=""color:white; font-size: 35px;"">高效</p>","positive","ability","高效",2,841,841,"i","true",NA,NA,NA,NA,"phase_015_subj_34"
14491,568,2,"<p style=""color:white; font-size: 35px;"">精干</p>","positive","ability","精干",2,656,656,"i","true",NA,NA,NA,NA,"phase_015_subj_34"
14492,568,2,"<p style=""color:white; font-size: 35px;"">废物</p>","negative","ability","废物",2,751,751,"e","true",NA,NA,NA,NA,"phase_015_subj_34"
14493,568,2,"<p style=""color:white; font-size: 35px;"">低能</p>","negative","ability","低能",2,1125,1125,"e","true",NA,NA,NA,NA,"phase_015_subj_34"
14494,568,2,"<p style=""color:white; font-size: 35px;"">天才</p>","positive","ability","天才",2,737,737,"i","true",NA,NA,NA,NA,"phase_015_subj_34"
14495,568,2,"<p style=""color:white; font-size: 35px;"">全才</p>","positive","ability","全才",2,770,770,"i","true",NA,NA,NA,NA,"phase_015_subj_34"
14496,568,2,"<p style=""color:white; font-size: 35px;"">拙笨</p>","negative","ability","拙笨",2,727,727,"e","true",NA,NA,NA,NA,"phase_015_subj_34"
14497,568,2,"<p style=""color:white; font-size: 35px;"">蠢笨</p>","negative","ability","蠢笨",2,610,610,"e","true",NA,NA,NA,NA,"phase_015_subj_34"
14498,568,2,"<p style=""color:white; font-size: 35px;"">能干</p>","positive","ability","能干",2,789,789,"i","true",NA,NA,NA,NA,"phase_015_subj_34"
14499,568,2,"<p style=""color:white; font-size: 35px;"">愚钝</p>","negative","ability","愚钝",2,759,759,"e","true",NA,NA,NA,NA,"phase_015_subj_34"
14500,568,2,"<p style=""color:white; font-size: 35px;"">无能</p>","negative","ability","无能",2,858,858,"e","true",NA,NA,NA,NA,"phase_015_subj_34"
14501,568,3,"<p style=""color:rgb(150, 250, 100); font-size: 35px;"">他</p>","other","ability","他",3,533,533,"e","true",NA,NA,NA,NA,"phase_015_subj_34"
14502,568,3,"<p style=""color:white; font-size: 35px;"">废物</p>","negative","ability","废物",3,558,558,"e","true",NA,NA,NA,NA,"phase_015_subj_34"
14503,568,3,"<p style=""color:rgb(150, 250, 100); font-size: 35px;"">本人</p>","self","ability","本人",3,638,638,"i","true",NA,NA,NA,NA,"phase_015_subj_34"
14504,568,3,"<p style=""color:white; font-size: 35px;"">天才</p>","positive","ability","天才",3,494,494,"i","true",NA,NA,NA,NA,"phase_015_subj_34"
14505,568,3,"<p style=""color:rgb(150, 250, 100); font-size: 35px;"">我的</p>","self","ability","我的",3,668,668,"i","true",NA,NA,NA,NA,"phase_015_subj_34"
14506,568,3,"<p style=""color:white; font-size: 35px;"">精干</p>","positive","ability","精干",3,548,548,"i","true",NA,NA,NA,NA,"phase_015_subj_34"
14507,568,3,"<p style=""color:rgb(150, 250, 100); font-size: 35px;"">别人的</p>","other","ability","别人的",3,637,637,"e","true",NA,NA,NA,NA,"phase_015_subj_34"
14508,568,3,"<p style=""color:white; font-size: 35px;"">低能</p>","negative","ability","低能",3,782,782,"e","true",NA,NA,NA,NA,"phase_015_subj_34"
14509,568,3,"<p style=""color:rgb(150, 250, 100); font-size: 35px;"">他人</p>","other","ability","他人",3,744,744,"e","true",NA,NA,NA,NA,"phase_015_subj_34"
14510,568,3,"<p style=""color:white; font-size: 35px;"">蠢笨</p>","negative","ability","蠢笨",3,660,660,"e","true",NA,NA,NA,NA,"phase_015_subj_34"
14511,568,3,"<p style=""color:rgb(150, 250, 100); font-size: 35px;"">本人的</p>","self","ability","本人的",3,601,601,"i","true",NA,NA,NA,NA,"phase_015_subj_34"
14512,568,3,"<p style=""color:white; font-size: 35px;"">全能</p>","positive","ability","全能",3,496,496,"i","true",NA,NA,NA,NA,"phase_015_subj_34"
14513,568,3,"<p style=""color:rgb(150, 250, 100); font-size: 35px;"">他的</p>","other","ability","他的",3,696,696,"e","true",NA,NA,NA,NA,"phase_015_subj_34"
14514,568,3,"<p style=""color:white; font-size: 35px;"">高效</p>","positive","ability","高效",3,770,770,"i","true",NA,NA,NA,NA,"phase_015_subj_34"
14515,568,3,"<p style=""color:rgb(150, 250, 100); font-size: 35px;"">自己</p>","self","ability","自己",3,767,767,"i","true",NA,NA,NA,NA,"phase_015_subj_34"
14516,568,3,"<p style=""color:white; font-size: 35px;"">愚钝</p>","negative","ability","愚钝",3,497,497,"e","true",NA,NA,NA,NA,"phase_015_subj_34"
14517,568,3,"<p style=""color:rgb(150, 250, 100); font-size: 35px;"">我</p>","self","ability","我",3,703,703,"i","true",NA,NA,NA,NA,"phase_015_subj_34"
14518,568,3,"<p style=""color:white; font-size: 35px;"">全才</p>","positive","ability","全才",3,765,765,"i","true",NA,NA,NA,NA,"phase_015_subj_34"
14519,568,3,"<p style=""color:rgb(150, 250, 100); font-size: 35px;"">他人的</p>","other","ability","他人的",3,558,558,"e","true",NA,NA,NA,NA,"phase_015_subj_34"
14520,568,3,"<p style=""color:white; font-size: 35px;"">无能</p>","negative","ability","无能",3,752,752,"e","true",NA,NA,NA,NA,"phase_015_subj_34"
14521,568,3,"<p style=""color:rgb(150, 250, 100); font-size: 35px;"">别人</p>","other","ability","别人",3,889,889,"e","true",NA,NA,NA,NA,"phase_015_subj_34"
14522,568,3,"<p style=""color:white; font-size: 35px;"">能干</p>","positive","ability","能干",3,819,819,"i","true",NA,NA,NA,NA,"phase_015_subj_34"
14523,568,3,"<p style=""color:rgb(150, 250, 100); font-size: 35px;"">自己的</p>","self","ability","自己的",3,557,557,"i","true",NA,NA,NA,NA,"phase_015_subj_34"
14524,568,3,"<p style=""color:white; font-size: 35px;"">拙笨</p>","negative","ability","拙笨",3,725,725,"e","true",NA,NA,NA,NA,"phase_015_subj_34"
14525,568,4,"<p style=""color:rgb(150, 250, 100); font-size: 35px;"">我的</p>","self","ability","我的",4,701,701,"i","true",NA,NA,NA,NA,"phase_015_subj_34"
14526,568,4,"<p style=""color:white; font-size: 35px;"">低能</p>","negative","ability","低能",4,458,1282.91489361702,"i","false",NA,NA,NA,NA,"phase_015_subj_34"
14527,568,4,"<p style=""color:rgb(150, 250, 100); font-size: 35px;"">他人</p>","other","ability","他人",4,707,707,"e","true",NA,NA,NA,NA,"phase_015_subj_34"
14528,568,4,"<p style=""color:white; font-size: 35px;"">全才</p>","positive","ability","全才",4,632,632,"i","true",NA,NA,NA,NA,"phase_015_subj_34"
14529,568,4,"<p style=""color:rgb(150, 250, 100); font-size: 35px;"">别人的</p>","other","ability","别人的",4,629,629,"e","true",NA,NA,NA,NA,"phase_015_subj_34"
14530,568,4,"<p style=""color:white; font-size: 35px;"">精干</p>","positive","ability","精干",4,720,720,"i","true",NA,NA,NA,NA,"phase_015_subj_34"
14531,568,4,"<p style=""color:rgb(150, 250, 100); font-size: 35px;"">自己的</p>","self","ability","自己的",4,697,697,"i","true",NA,NA,NA,NA,"phase_015_subj_34"
14532,568,4,"<p style=""color:white; font-size: 35px;"">愚钝</p>","negative","ability","愚钝",4,531,531,"e","true",NA,NA,NA,NA,"phase_015_subj_34"
14533,568,4,"<p style=""color:rgb(150, 250, 100); font-size: 35px;"">本人的</p>","self","ability","本人的",4,731,731,"i","true",NA,NA,NA,NA,"phase_015_subj_34"
14534,568,4,"<p style=""color:white; font-size: 35px;"">天才</p>","positive","ability","天才",4,717,717,"i","true",NA,NA,NA,NA,"phase_015_subj_34"
14535,568,4,"<p style=""color:rgb(150, 250, 100); font-size: 35px;"">别人</p>","other","ability","别人",4,550,550,"e","true",NA,NA,NA,NA,"phase_015_subj_34"
14536,568,4,"<p style=""color:white; font-size: 35px;"">愚钝</p>","negative","ability","愚钝",4,649,649,"e","true",NA,NA,NA,NA,"phase_015_subj_34"
14537,568,4,"<p style=""color:rgb(150, 250, 100); font-size: 35px;"">他</p>","other","ability","他",4,652,652,"e","true",NA,NA,NA,NA,"phase_015_subj_34"
14538,568,4,"<p style=""color:white; font-size: 35px;"">无能</p>","negative","ability","无能",4,742,742,"e","true",NA,NA,NA,NA,"phase_015_subj_34"
14539,568,4,"<p style=""color:rgb(150, 250, 100); font-size: 35px;"">自己</p>","self","ability","自己",4,985,985,"i","true",NA,NA,NA,NA,"phase_015_subj_34"
14540,568,4,"<p style=""color:white; font-size: 35px;"">高效</p>","positive","ability","高效",4,839,839,"i","true",NA,NA,NA,NA,"phase_015_subj_34"
14541,568,4,"<p style=""color:rgb(150, 250, 100); font-size: 35px;"">自己的</p>","self","ability","自己的",4,606,606,"i","true",NA,NA,NA,NA,"phase_015_subj_34"
14542,568,4,"<p style=""color:white; font-size: 35px;"">低能</p>","negative","ability","低能",4,768,768,"e","true",NA,NA,NA,NA,"phase_015_subj_34"
14543,568,4,"<p style=""color:rgb(150, 250, 100); font-size: 35px;"">别人</p>","other","ability","别人",4,617,617,"e","true",NA,NA,NA,NA,"phase_015_subj_34"
14544,568,4,"<p style=""color:white; font-size: 35px;"">能干</p>","positive","ability","能干",4,1061,1061,"i","true",NA,NA,NA,NA,"phase_015_subj_34"
14545,568,4,"<p style=""color:rgb(150, 250, 100); font-size: 35px;"">他人</p>","other","ability","他人",4,601,601,"e","true",NA,NA,NA,NA,"phase_015_subj_34"
14546,568,4,"<p style=""color:white; font-size: 35px;"">全才</p>","positive","ability","全才",4,704,704,"i","true",NA,NA,NA,NA,"phase_015_subj_34"
14547,568,4,"<p style=""color:rgb(150, 250, 100); font-size: 35px;"">我</p>","self","ability","我",4,604,604,"i","true",NA,NA,NA,NA,"phase_015_subj_34"
14548,568,4,"<p style=""color:white; font-size: 35px;"">无能</p>","negative","ability","无能",4,583,583,"e","true",NA,NA,NA,NA,"phase_015_subj_34"
14549,568,4,"<p style=""color:rgb(150, 250, 100); font-size: 35px;"">他人的</p>","other","ability","他人的",4,814,814,"e","true",NA,NA,NA,NA,"phase_015_subj_34"
14550,568,4,"<p style=""color:white; font-size: 35px;"">拙笨</p>","negative","ability","拙笨",4,712,712,"e","true",NA,NA,NA,NA,"phase_015_subj_34"
14551,568,4,"<p style=""color:rgb(150, 250, 100); font-size: 35px;"">我的</p>","self","ability","我的",4,671,671,"i","true",NA,NA,NA,NA,"phase_015_subj_34"
14552,568,4,"<p style=""color:white; font-size: 35px;"">能干</p>","positive","ability","能干",4,536,536,"i","true",NA,NA,NA,NA,"phase_015_subj_34"
14553,568,4,"<p style=""color:rgb(150, 250, 100); font-size: 35px;"">我</p>","self","ability","我",4,668,668,"i","true",NA,NA,NA,NA,"phase_015_subj_34"
14554,568,4,"<p style=""color:white; font-size: 35px;"">天才</p>","positive","ability","天才",4,651,651,"i","true",NA,NA,NA,NA,"phase_015_subj_34"
14555,568,4,"<p style=""color:rgb(150, 250, 100); font-size: 35px;"">他的</p>","other","ability","他的",4,645,645,"e","true",NA,NA,NA,NA,"phase_015_subj_34"
14556,568,4,"<p style=""color:white; font-size: 35px;"">拙笨</p>","negative","ability","拙笨",4,534,534,"e","true",NA,NA,NA,NA,"phase_015_subj_34"
14557,568,4,"<p style=""color:rgb(150, 250, 100); font-size: 35px;"">本人</p>","self","ability","本人",4,640,640,"i","true",NA,NA,NA,NA,"phase_015_subj_34"
14558,568,4,"<p style=""color:white; font-size: 35px;"">全能</p>","positive","ability","全能",4,536,536,"i","true",NA,NA,NA,NA,"phase_015_subj_34"
14559,568,4,"<p style=""color:rgb(150, 250, 100); font-size: 35px;"">别人的</p>","other","ability","别人的",4,639,639,"e","true",NA,NA,NA,NA,"phase_015_subj_34"
14560,568,4,"<p style=""color:white; font-size: 35px;"">蠢笨</p>","negative","ability","蠢笨",4,564,564,"e","true",NA,NA,NA,NA,"phase_015_subj_34"
14561,568,4,"<p style=""color:rgb(150, 250, 100); font-size: 35px;"">自己</p>","self","ability","自己",4,596,596,"i","true",NA,NA,NA,NA,"phase_015_subj_34"
14562,568,4,"<p style=""color:white; font-size: 35px;"">废物</p>","negative","ability","废物",4,540,540,"e","true",NA,NA,NA,NA,"phase_015_subj_34"
14563,568,4,"<p style=""color:rgb(150, 250, 100); font-size: 35px;"">他人的</p>","other","ability","他人的",4,712,712,"e","true",NA,NA,NA,NA,"phase_015_subj_34"
14564,568,4,"<p style=""color:white; font-size: 35px;"">精干</p>","positive","ability","精干",4,512,512,"i","true",NA,NA,NA,NA,"phase_015_subj_34"
14565,568,4,"<p style=""color:rgb(150, 250, 100); font-size: 35px;"">他</p>","other","ability","他",4,592,592,"e","true",NA,NA,NA,NA,"phase_015_subj_34"
14566,568,4,"<p style=""color:white; font-size: 35px;"">全能</p>","positive","ability","全能",4,816,816,"i","true",NA,NA,NA,NA,"phase_015_subj_34"
14567,568,4,"<p style=""color:rgb(150, 250, 100); font-size: 35px;"">本人的</p>","self","ability","本人的",4,758,758,"i","true",NA,NA,NA,NA,"phase_015_subj_34"
14568,568,4,"<p style=""color:white; font-size: 35px;"">废物</p>","negative","ability","废物",4,639,639,"e","true",NA,NA,NA,NA,"phase_015_subj_34"
14569,568,4,"<p style=""color:rgb(150, 250, 100); font-size: 35px;"">他的</p>","other","ability","他的",4,541,541,"e","true",NA,NA,NA,NA,"phase_015_subj_34"
14570,568,4,"<p style=""color:white; font-size: 35px;"">高效</p>","positive","ability","高效",4,817,817,"i","true",NA,NA,NA,NA,"phase_015_subj_34"
14571,568,4,"<p style=""color:rgb(150, 250, 100); font-size: 35px;"">本人</p>","self","ability","本人",4,1122,1122,"i","true",NA,NA,NA,NA,"phase_015_subj_34"
14572,568,4,"<p style=""color:white; font-size: 35px;"">蠢笨</p>","negative","ability","蠢笨",4,816,816,"e","true",NA,NA,NA,NA,"phase_015_subj_34"
14573,568,5,"<p style=""color:rgb(150, 250, 100); font-size: 35px;"">别人</p>","other","ability","别人",5,1650,1650,"i","true",NA,NA,NA,NA,"phase_015_subj_34"
14574,568,5,"<p style=""color:rgb(150, 250, 100); font-size: 35px;"">他的</p>","other","ability","他的",5,944,944,"i","true",NA,NA,NA,NA,"phase_015_subj_34"
14575,568,5,"<p style=""color:rgb(150, 250, 100); font-size: 35px;"">我</p>","self","ability","我",5,669,669,"e","true",NA,NA,NA,NA,"phase_015_subj_34"
14576,568,5,"<p style=""color:rgb(150, 250, 100); font-size: 35px;"">他</p>","other","ability","他",5,745,745,"i","true",NA,NA,NA,NA,"phase_015_subj_34"
14577,568,5,"<p style=""color:rgb(150, 250, 100); font-size: 35px;"">他人</p>","other","ability","他人",5,707,707,"i","true",NA,NA,NA,NA,"phase_015_subj_34"
14578,568,5,"<p style=""color:rgb(150, 250, 100); font-size: 35px;"">本人</p>","self","ability","本人",5,742,742,"e","true",NA,NA,NA,NA,"phase_015_subj_34"
14579,568,5,"<p style=""color:rgb(150, 250, 100); font-size: 35px;"">自己的</p>","self","ability","自己的",5,696,696,"e","true",NA,NA,NA,NA,"phase_015_subj_34"
14580,568,5,"<p style=""color:rgb(150, 250, 100); font-size: 35px;"">本人的</p>","self","ability","本人的",5,816,816,"e","true",NA,NA,NA,NA,"phase_015_subj_34"
14581,568,5,"<p style=""color:rgb(150, 250, 100); font-size: 35px;"">他人</p>","other","ability","他人",5,660,660,"i","true",NA,NA,NA,NA,"phase_015_subj_34"
14582,568,5,"<p style=""color:rgb(150, 250, 100); font-size: 35px;"">我的</p>","self","ability","我的",5,747,747,"e","true",NA,NA,NA,NA,"phase_015_subj_34"
14583,568,5,"<p style=""color:rgb(150, 250, 100); font-size: 35px;"">别人的</p>","other","ability","别人的",5,736,736,"i","true",NA,NA,NA,NA,"phase_015_subj_34"
14584,568,5,"<p style=""color:rgb(150, 250, 100); font-size: 35px;"">自己</p>","self","ability","自己",5,795,795,"e","true",NA,NA,NA,NA,"phase_015_subj_34"
14585,568,5,"<p style=""color:rgb(150, 250, 100); font-size: 35px;"">本人的</p>","self","ability","本人的",5,769,769,"e","true",NA,NA,NA,NA,"phase_015_subj_34"
14586,568,5,"<p style=""color:rgb(150, 250, 100); font-size: 35px;"">他人的</p>","other","ability","他人的",5,619,619,"i","true",NA,NA,NA,NA,"phase_015_subj_34"
14587,568,5,"<p style=""color:rgb(150, 250, 100); font-size: 35px;"">他的</p>","other","ability","他的",5,755,755,"i","true",NA,NA,NA,NA,"phase_015_subj_34"
14588,568,5,"<p style=""color:rgb(150, 250, 100); font-size: 35px;"">别人</p>","other","ability","别人",5,795,795,"i","true",NA,NA,NA,NA,"phase_015_subj_34"
14589,568,5,"<p style=""color:rgb(150, 250, 100); font-size: 35px;"">本人</p>","self","ability","本人",5,770,770,"e","true",NA,NA,NA,NA,"phase_015_subj_34"
14590,568,5,"<p style=""color:rgb(150, 250, 100); font-size: 35px;"">他</p>","other","ability","他",5,748,748,"i","true",NA,NA,NA,NA,"phase_015_subj_34"
14591,568,5,"<p style=""color:rgb(150, 250, 100); font-size: 35px;"">别人的</p>","other","ability","别人的",5,844,844,"i","true",NA,NA,NA,NA,"phase_015_subj_34"
14592,568,5,"<p style=""color:rgb(150, 250, 100); font-size: 35px;"">他人的</p>","other","ability","他人的",5,552,552,"i","true",NA,NA,NA,NA,"phase_015_subj_34"
14593,568,5,"<p style=""color:rgb(150, 250, 100); font-size: 35px;"">我</p>","self","ability","我",5,565,565,"e","true",NA,NA,NA,NA,"phase_015_subj_34"
14594,568,5,"<p style=""color:rgb(150, 250, 100); font-size: 35px;"">我的</p>","self","ability","我的",5,567,567,"e","true",NA,NA,NA,NA,"phase_015_subj_34"
14595,568,5,"<p style=""color:rgb(150, 250, 100); font-size: 35px;"">自己</p>","self","ability","自己",5,498,498,"e","true",NA,NA,NA,NA,"phase_015_subj_34"
14596,568,5,"<p style=""color:rgb(150, 250, 100); font-size: 35px;"">自己的</p>","self","ability","自己的",5,537,537,"e","true",NA,NA,NA,NA,"phase_015_subj_34"
14597,568,6,"<p style=""color:white; font-size: 35px;"">蠢笨</p>","negative","ability","蠢笨",6,887,887,"e","true",NA,NA,NA,NA,"phase_015_subj_34"
14598,568,6,"<p style=""color:rgb(150, 250, 100); font-size: 35px;"">别人</p>","other","ability","别人",6,893,893,"i","true",NA,NA,NA,NA,"phase_015_subj_34"
14599,568,6,"<p style=""color:white; font-size: 35px;"">高效</p>","positive","ability","高效",6,595,595,"i","true",NA,NA,NA,NA,"phase_015_subj_34"
14600,568,6,"<p style=""color:rgb(150, 250, 100); font-size: 35px;"">我的</p>","self","ability","我的",6,760,760,"e","true",NA,NA,NA,NA,"phase_015_subj_34"
14601,568,6,"<p style=""color:white; font-size: 35px;"">废物</p>","negative","ability","废物",6,614,614,"e","true",NA,NA,NA,NA,"phase_015_subj_34"
14602,568,6,"<p style=""color:rgb(150, 250, 100); font-size: 35px;"">本人</p>","self","ability","本人",6,726,726,"e","true",NA,NA,NA,NA,"phase_015_subj_34"
14603,568,6,"<p style=""color:white; font-size: 35px;"">全能</p>","positive","ability","全能",6,952,952,"i","true",NA,NA,NA,NA,"phase_015_subj_34"
14604,568,6,"<p style=""color:rgb(150, 250, 100); font-size: 35px;"">别人的</p>","other","ability","别人的",6,559,559,"i","true",NA,NA,NA,NA,"phase_015_subj_34"
14605,568,6,"<p style=""color:white; font-size: 35px;"">全才</p>","positive","ability","全才",6,702,702,"i","true",NA,NA,NA,NA,"phase_015_subj_34"
14606,568,6,"<p style=""color:rgb(150, 250, 100); font-size: 35px;"">他</p>","other","ability","他",6,582,582,"i","true",NA,NA,NA,NA,"phase_015_subj_34"
14607,568,6,"<p style=""color:white; font-size: 35px;"">低能</p>","negative","ability","低能",6,661,1354.78260869565,"i","false",NA,NA,NA,NA,"phase_015_subj_34"
14608,568,6,"<p style=""color:rgb(150, 250, 100); font-size: 35px;"">我</p>","self","ability","我",6,999,999,"e","true",NA,NA,NA,NA,"phase_015_subj_34"
14609,568,6,"<p style=""color:white; font-size: 35px;"">拙笨</p>","negative","ability","拙笨",6,621,621,"e","true",NA,NA,NA,NA,"phase_015_subj_34"
14610,568,6,"<p style=""color:rgb(150, 250, 100); font-size: 35px;"">他人</p>","other","ability","他人",6,640,640,"i","true",NA,NA,NA,NA,"phase_015_subj_34"
14611,568,6,"<p style=""color:white; font-size: 35px;"">能干</p>","positive","ability","能干",6,990,990,"i","true",NA,NA,NA,NA,"phase_015_subj_34"
14612,568,6,"<p style=""color:rgb(150, 250, 100); font-size: 35px;"">自己</p>","self","ability","自己",6,767,767,"e","true",NA,NA,NA,NA,"phase_015_subj_34"
14613,568,6,"<p style=""color:white; font-size: 35px;"">天才</p>","positive","ability","天才",6,1183,1183,"i","true",NA,NA,NA,NA,"phase_015_subj_34"
14614,568,6,"<p style=""color:rgb(150, 250, 100); font-size: 35px;"">自己的</p>","self","ability","自己的",6,728,728,"e","true",NA,NA,NA,NA,"phase_015_subj_34"
14615,568,6,"<p style=""color:white; font-size: 35px;"">愚钝</p>","negative","ability","愚钝",6,512,512,"e","true",NA,NA,NA,NA,"phase_015_subj_34"
14616,568,6,"<p style=""color:rgb(150, 250, 100); font-size: 35px;"">他人的</p>","other","ability","他人的",6,710,710,"i","true",NA,NA,NA,NA,"phase_015_subj_34"
14617,568,6,"<p style=""color:white; font-size: 35px;"">无能</p>","negative","ability","无能",6,1044,1044,"e","true",NA,NA,NA,NA,"phase_015_subj_34"
14618,568,6,"<p style=""color:rgb(150, 250, 100); font-size: 35px;"">他的</p>","other","ability","他的",6,639,639,"i","true",NA,NA,NA,NA,"phase_015_subj_34"
14619,568,6,"<p style=""color:white; font-size: 35px;"">精干</p>","positive","ability","精干",6,593,593,"i","true",NA,NA,NA,NA,"phase_015_subj_34"
14620,568,6,"<p style=""color:rgb(150, 250, 100); font-size: 35px;"">本人的</p>","self","ability","本人的",6,664,664,"e","true",NA,NA,NA,NA,"phase_015_subj_34"
14621,568,7,"<p style=""color:white; font-size: 35px;"">精干</p>","positive","ability","精干",7,914,914,"i","true",NA,NA,NA,NA,"phase_015_subj_34"
14622,568,7,"<p style=""color:rgb(150, 250, 100); font-size: 35px;"">本人的</p>","self","ability","本人的",7,744,744,"e","true",NA,NA,NA,NA,"phase_015_subj_34"
14623,568,7,"<p style=""color:white; font-size: 35px;"">蠢笨</p>","negative","ability","蠢笨",7,559,559,"e","true",NA,NA,NA,NA,"phase_015_subj_34"
14624,568,7,"<p style=""color:rgb(150, 250, 100); font-size: 35px;"">他</p>","other","ability","他",7,739,739,"i","true",NA,NA,NA,NA,"phase_015_subj_34"
14625,568,7,"<p style=""color:white; font-size: 35px;"">无能</p>","negative","ability","无能",7,764,764,"e","true",NA,NA,NA,NA,"phase_015_subj_34"
14626,568,7,"<p style=""color:rgb(150, 250, 100); font-size: 35px;"">别人</p>","other","ability","别人",7,921,921,"i","true",NA,NA,NA,NA,"phase_015_subj_34"
14627,568,7,"<p style=""color:white; font-size: 35px;"">全才</p>","positive","ability","全才",7,745,745,"i","true",NA,NA,NA,NA,"phase_015_subj_34"
14628,568,7,"<p style=""color:rgb(150, 250, 100); font-size: 35px;"">我</p>","self","ability","我",7,832,832,"e","true",NA,NA,NA,NA,"phase_015_subj_34"
14629,568,7,"<p style=""color:white; font-size: 35px;"">愚钝</p>","negative","ability","愚钝",7,680,680,"e","true",NA,NA,NA,NA,"phase_015_subj_34"
14630,568,7,"<p style=""color:rgb(150, 250, 100); font-size: 35px;"">本人</p>","self","ability","本人",7,616,616,"e","true",NA,NA,NA,NA,"phase_015_subj_34"
14631,568,7,"<p style=""color:white; font-size: 35px;"">精干</p>","positive","ability","精干",7,660,660,"i","true",NA,NA,NA,NA,"phase_015_subj_34"
14632,568,7,"<p style=""color:rgb(150, 250, 100); font-size: 35px;"">他人的</p>","other","ability","他人的",7,773,773,"i","true",NA,NA,NA,NA,"phase_015_subj_34"
14633,568,7,"<p style=""color:white; font-size: 35px;"">蠢笨</p>","negative","ability","蠢笨",7,776,776,"e","true",NA,NA,NA,NA,"phase_015_subj_34"
14634,568,7,"<p style=""color:rgb(150, 250, 100); font-size: 35px;"">自己</p>","self","ability","自己",7,803,803,"e","true",NA,NA,NA,NA,"phase_015_subj_34"
14635,568,7,"<p style=""color:white; font-size: 35px;"">全能</p>","positive","ability","全能",7,663,663,"i","true",NA,NA,NA,NA,"phase_015_subj_34"
14636,568,7,"<p style=""color:rgb(150, 250, 100); font-size: 35px;"">他</p>","other","ability","他",7,907,907,"i","true",NA,NA,NA,NA,"phase_015_subj_34"
14637,568,7,"<p style=""color:white; font-size: 35px;"">天才</p>","positive","ability","天才",7,556,556,"i","true",NA,NA,NA,NA,"phase_015_subj_34"
14638,568,7,"<p style=""color:rgb(150, 250, 100); font-size: 35px;"">他人</p>","other","ability","他人",7,593,593,"i","true",NA,NA,NA,NA,"phase_015_subj_34"
14639,568,7,"<p style=""color:white; font-size: 35px;"">低能</p>","negative","ability","低能",7,749,749,"e","true",NA,NA,NA,NA,"phase_015_subj_34"
14640,568,7,"<p style=""color:rgb(150, 250, 100); font-size: 35px;"">本人的</p>","self","ability","本人的",7,648,648,"e","true",NA,NA,NA,NA,"phase_015_subj_34"
14641,568,7,"<p style=""color:white; font-size: 35px;"">天才</p>","positive","ability","天才",7,796,796,"i","true",NA,NA,NA,NA,"phase_015_subj_34"
14642,568,7,"<p style=""color:rgb(150, 250, 100); font-size: 35px;"">别人</p>","other","ability","别人",7,919,919,"i","true",NA,NA,NA,NA,"phase_015_subj_34"
14643,568,7,"<p style=""color:white; font-size: 35px;"">废物</p>","negative","ability","废物",7,874,874,"e","true",NA,NA,NA,NA,"phase_015_subj_34"
14644,568,7,"<p style=""color:rgb(150, 250, 100); font-size: 35px;"">自己</p>","self","ability","自己",7,593,593,"e","true",NA,NA,NA,NA,"phase_015_subj_34"
14645,568,7,"<p style=""color:white; font-size: 35px;"">拙笨</p>","negative","ability","拙笨",7,672,672,"e","true",NA,NA,NA,NA,"phase_015_subj_34"
14646,568,7,"<p style=""color:rgb(150, 250, 100); font-size: 35px;"">自己的</p>","self","ability","自己的",7,736,736,"e","true",NA,NA,NA,NA,"phase_015_subj_34"
14647,568,7,"<p style=""color:white; font-size: 35px;"">高效</p>","positive","ability","高效",7,776,776,"i","true",NA,NA,NA,NA,"phase_015_subj_34"
14648,568,7,"<p style=""color:rgb(150, 250, 100); font-size: 35px;"">他人的</p>","other","ability","他人的",7,915,915,"i","true",NA,NA,NA,NA,"phase_015_subj_34"
14649,568,7,"<p style=""color:white; font-size: 35px;"">能干</p>","positive","ability","能干",7,775,775,"i","true",NA,NA,NA,NA,"phase_015_subj_34"
14650,568,7,"<p style=""color:rgb(150, 250, 100); font-size: 35px;"">本人</p>","self","ability","本人",7,692,692,"e","true",NA,NA,NA,NA,"phase_015_subj_34"
14651,568,7,"<p style=""color:white; font-size: 35px;"">低能</p>","negative","ability","低能",7,873,873,"e","true",NA,NA,NA,NA,"phase_015_subj_34"
14652,568,7,"<p style=""color:rgb(150, 250, 100); font-size: 35px;"">他的</p>","other","ability","他的",7,737,737,"i","true",NA,NA,NA,NA,"phase_015_subj_34"
14653,568,7,"<p style=""color:white; font-size: 35px;"">愚钝</p>","negative","ability","愚钝",7,1002,1002,"e","true",NA,NA,NA,NA,"phase_015_subj_34"
14654,568,7,"<p style=""color:rgb(150, 250, 100); font-size: 35px;"">别人的</p>","other","ability","别人的",7,1137,1137,"i","true",NA,NA,NA,NA,"phase_015_subj_34"
14655,568,7,"<p style=""color:white; font-size: 35px;"">能干</p>","positive","ability","能干",7,926,926,"i","true",NA,NA,NA,NA,"phase_015_subj_34"
14656,568,7,"<p style=""color:rgb(150, 250, 100); font-size: 35px;"">自己的</p>","self","ability","自己的",7,665,665,"e","true",NA,NA,NA,NA,"phase_015_subj_34"
14657,568,7,"<p style=""color:white; font-size: 35px;"">拙笨</p>","negative","ability","拙笨",7,552,552,"e","true",NA,NA,NA,NA,"phase_015_subj_34"
14658,568,7,"<p style=""color:rgb(150, 250, 100); font-size: 35px;"">我的</p>","self","ability","我的",7,649,649,"e","true",NA,NA,NA,NA,"phase_015_subj_34"
14659,568,7,"<p style=""color:white; font-size: 35px;"">全才</p>","positive","ability","全才",7,769,769,"i","true",NA,NA,NA,NA,"phase_015_subj_34"
14660,568,7,"<p style=""color:rgb(150, 250, 100); font-size: 35px;"">别人的</p>","other","ability","别人的",7,732,732,"i","true",NA,NA,NA,NA,"phase_015_subj_34"
14661,568,7,"<p style=""color:white; font-size: 35px;"">高效</p>","positive","ability","高效",7,668,668,"i","true",NA,NA,NA,NA,"phase_015_subj_34"
14662,568,7,"<p style=""color:rgb(150, 250, 100); font-size: 35px;"">他人</p>","other","ability","他人",7,815,815,"i","true",NA,NA,NA,NA,"phase_015_subj_34"
14663,568,7,"<p style=""color:white; font-size: 35px;"">无能</p>","negative","ability","无能",7,679,679,"e","true",NA,NA,NA,NA,"phase_015_subj_34"
14664,568,7,"<p style=""color:rgb(150, 250, 100); font-size: 35px;"">我的</p>","self","ability","我的",7,508,508,"e","true",NA,NA,NA,NA,"phase_015_subj_34"
14665,568,7,"<p style=""color:white; font-size: 35px;"">全能</p>","positive","ability","全能",7,641,641,"i","true",NA,NA,NA,NA,"phase_015_subj_34"
14666,568,7,"<p style=""color:rgb(150, 250, 100); font-size: 35px;"">我</p>","self","ability","我",7,592,592,"e","true",NA,NA,NA,NA,"phase_015_subj_34"
14667,568,7,"<p style=""color:white; font-size: 35px;"">废物</p>","negative","ability","废物",7,558,558,"e","true",NA,NA,NA,NA,"phase_015_subj_34"
14668,568,7,"<p style=""color:rgb(150, 250, 100); font-size: 35px;"">他的</p>","other","ability","他的",7,764,764,"i","true",NA,NA,NA,NA,"phase_015_subj_34"
14669,23,NA,"
    <h3>词语分类任务</h3>
    <p>在接下来的任务中，你需要对一系列词语进行分类。<p/>
    请先熟悉这些词语，这有利于你完成接下来的任务。</p>
    <table align=""center"" border=1 cellpadding=3 cellspacing=0>
    <tr> <th>类别</th> <th>词语</th> </tr>
    <tr> <td>&emsp;积极&emsp;</td> <td>&emsp;高尚、诚信、善良、君子、廉正、正直&emsp;</td> </tr>
    <tr> <td>&emsp;消极&emsp;</td> <td>&emsp;缺德、卑鄙、不孝、不仁、小人、黑心&emsp;</td> </tr>
    <tr> <td>&emsp;自我&emsp;</td> <td>&emsp;我、我的、自己、自己的、本人、本人的&emsp;</td> </tr>
    <tr> <td>&emsp;他人&emsp;</td> <td>&emsp;他、他的、别人、别人的、他人、他人的&emsp;</td> </tr>
    </table><br/>","","","",NA,26007,NA,"0","",NA,NA,1,2,"phase_015_subj_4"
14670,23,11,"<p style=""color:rgb(150, 250, 100); font-size: 35px;"">他人的</p>","other","moral","他人的",1,640,640,"e","true",NA,NA,NA,NA,"phase_015_subj_4"
14671,23,11,"<p style=""color:rgb(150, 250, 100); font-size: 35px;"">自己的</p>","self","moral","自己的",1,606,606,"i","true",NA,NA,NA,NA,"phase_015_subj_4"
14672,23,11,"<p style=""color:rgb(150, 250, 100); font-size: 35px;"">自己</p>","self","moral","自己",1,452,452,"i","true",NA,NA,NA,NA,"phase_015_subj_4"
14673,23,11,"<p style=""color:rgb(150, 250, 100); font-size: 35px;"">别人</p>","other","moral","别人",1,465,465,"e","true",NA,NA,NA,NA,"phase_015_subj_4"
14674,23,11,"<p style=""color:rgb(150, 250, 100); font-size: 35px;"">别人的</p>","other","moral","别人的",1,486,486,"e","true",NA,NA,NA,NA,"phase_015_subj_4"
14675,23,11,"<p style=""color:rgb(150, 250, 100); font-size: 35px;"">他</p>","other","moral","他",1,511,511,"e","true",NA,NA,NA,NA,"phase_015_subj_4"
14676,23,11,"<p style=""color:rgb(150, 250, 100); font-size: 35px;"">本人</p>","self","moral","本人",1,427,427,"i","true",NA,NA,NA,NA,"phase_015_subj_4"
14677,23,11,"<p style=""color:rgb(150, 250, 100); font-size: 35px;"">本人的</p>","self","moral","本人的",1,411,411,"i","true",NA,NA,NA,NA,"phase_015_subj_4"
14678,23,11,"<p style=""color:rgb(150, 250, 100); font-size: 35px;"">他人</p>","other","moral","他人",1,461,461,"e","true",NA,NA,NA,NA,"phase_015_subj_4"
14679,23,11,"<p style=""color:rgb(150, 250, 100); font-size: 35px;"">他的</p>","other","moral","他的",1,490,490,"e","true",NA,NA,NA,NA,"phase_015_subj_4"
14680,23,11,"<p style=""color:rgb(150, 250, 100); font-size: 35px;"">我的</p>","self","moral","我的",1,412,412,"i","true",NA,NA,NA,NA,"phase_015_subj_4"
14681,23,11,"<p style=""color:rgb(150, 250, 100); font-size: 35px;"">我</p>","self","moral","我",1,391,391,"i","true",NA,NA,NA,NA,"phase_015_subj_4"
14682,23,12,"<p style=""color:white; font-size: 35px;"">黑心</p>","negative","moral","黑心",2,626,626,"i","true",NA,NA,NA,NA,"phase_015_subj_4"
14683,23,12,"<p style=""color:white; font-size: 35px;"">缺德</p>","negative","moral","缺德",2,480,480,"i","true",NA,NA,NA,NA,"phase_015_subj_4"
14684,23,12,"<p style=""color:white; font-size: 35px;"">高尚</p>","positive","moral","高尚",2,482,482,"e","true",NA,NA,NA,NA,"phase_015_subj_4"
14685,23,12,"<p style=""color:white; font-size: 35px;"">廉正</p>","positive","moral","廉正",2,457,457,"e","true",NA,NA,NA,NA,"phase_015_subj_4"
14686,23,12,"<p style=""color:white; font-size: 35px;"">善良</p>","positive","moral","善良",2,389,389,"e","true",NA,NA,NA,NA,"phase_015_subj_4"
14687,23,12,"<p style=""color:white; font-size: 35px;"">卑鄙</p>","negative","moral","卑鄙",2,452,452,"i","true",NA,NA,NA,NA,"phase_015_subj_4"
14688,23,12,"<p style=""color:white; font-size: 35px;"">不仁</p>","negative","moral","不仁",2,481,481,"e","false",NA,NA,NA,NA,"phase_015_subj_4"
14689,23,12,"<p style=""color:white; font-size: 35px;"">不孝</p>","negative","moral","不孝",2,502,502,"i","true",NA,NA,NA,NA,"phase_015_subj_4"
14690,23,12,"<p style=""color:white; font-size: 35px;"">诚信</p>","positive","moral","诚信",2,418,418,"i","false",NA,NA,NA,NA,"phase_015_subj_4"
14691,23,12,"<p style=""color:white; font-size: 35px;"">君子</p>","positive","moral","君子",2,568,568,"e","true",NA,NA,NA,NA,"phase_015_subj_4"
14692,23,12,"<p style=""color:white; font-size: 35px;"">小人</p>","negative","moral","小人",2,544,544,"i","true",NA,NA,NA,NA,"phase_015_subj_4"
14693,23,12,"<p style=""color:white; font-size: 35px;"">正直</p>","positive","moral","正直",2,699,699,"e","true",NA,NA,NA,NA,"phase_015_subj_4"
14694,23,13,"<p style=""color:rgb(150, 250, 100); font-size: 35px;"">自己的</p>","self","moral","自己的",3,1070,1070,"i","true",NA,NA,NA,NA,"phase_015_subj_4"
14695,23,13,"<p style=""color:white; font-size: 35px;"">不仁</p>","negative","moral","不仁",3,534,534,"i","true",NA,NA,NA,NA,"phase_015_subj_4"
14696,23,13,"<p style=""color:rgb(150, 250, 100); font-size: 35px;"">他</p>","other","moral","他",3,519,519,"e","true",NA,NA,NA,NA,"phase_015_subj_4"
14697,23,13,"<p style=""color:white; font-size: 35px;"">高尚</p>","positive","moral","高尚",3,432,432,"e","true",NA,NA,NA,NA,"phase_015_subj_4"
14698,23,13,"<p style=""color:rgb(150, 250, 100); font-size: 35px;"">本人的</p>","self","moral","本人的",3,673,673,"i","true",NA,NA,NA,NA,"phase_015_subj_4"
14699,23,13,"<p style=""color:white; font-size: 35px;"">卑鄙</p>","negative","moral","卑鄙",3,397,397,"i","true",NA,NA,NA,NA,"phase_015_subj_4"
14700,23,13,"<p style=""color:rgb(150, 250, 100); font-size: 35px;"">他人</p>","other","moral","他人",3,492,492,"e","true",NA,NA,NA,NA,"phase_015_subj_4"
14701,23,13,"<p style=""color:white; font-size: 35px;"">廉正</p>","positive","moral","廉正",3,555,1182.61904761905,"i","false",NA,NA,NA,NA,"phase_015_subj_4"
14702,23,13,"<p style=""color:rgb(150, 250, 100); font-size: 35px;"">别人的</p>","other","moral","别人的",3,743,743,"e","true",NA,NA,NA,NA,"phase_015_subj_4"
14703,23,13,"<p style=""color:white; font-size: 35px;"">不孝</p>","negative","moral","不孝",3,618,618,"i","true",NA,NA,NA,NA,"phase_015_subj_4"
14704,23,13,"<p style=""color:rgb(150, 250, 100); font-size: 35px;"">本人</p>","self","moral","本人",3,669,669,"i","true",NA,NA,NA,NA,"phase_015_subj_4"
14705,23,13,"<p style=""color:white; font-size: 35px;"">君子</p>","positive","moral","君子",3,622,622,"e","true",NA,NA,NA,NA,"phase_015_subj_4"
14706,23,13,"<p style=""color:rgb(150, 250, 100); font-size: 35px;"">自己</p>","self","moral","自己",3,462,1182.61904761905,"e","false",NA,NA,NA,NA,"phase_015_subj_4"
14707,23,13,"<p style=""color:white; font-size: 35px;"">小人</p>","negative","moral","小人",3,576,576,"i","true",NA,NA,NA,NA,"phase_015_subj_4"
14708,23,13,"<p style=""color:rgb(150, 250, 100); font-size: 35px;"">别人</p>","other","moral","别人",3,703,703,"e","true",NA,NA,NA,NA,"phase_015_subj_4"
14709,23,13,"<p style=""color:white; font-size: 35px;"">善良</p>","positive","moral","善良",3,550,550,"e","true",NA,NA,NA,NA,"phase_015_subj_4"
14710,23,13,"<p style=""color:rgb(150, 250, 100); font-size: 35px;"">我</p>","self","moral","我",3,519,519,"i","true",NA,NA,NA,NA,"phase_015_subj_4"
14711,23,13,"<p style=""color:white; font-size: 35px;"">正直</p>","positive","moral","正直",3,563,563,"e","true",NA,NA,NA,NA,"phase_015_subj_4"
14712,23,13,"<p style=""color:rgb(150, 250, 100); font-size: 35px;"">他的</p>","other","moral","他的",3,572,1182.61904761905,"i","false",NA,NA,NA,NA,"phase_015_subj_4"
14713,23,13,"<p style=""color:white; font-size: 35px;"">黑心</p>","negative","moral","黑心",3,667,667,"i","true",NA,NA,NA,NA,"phase_015_subj_4"
14714,23,13,"<p style=""color:rgb(150, 250, 100); font-size: 35px;"">我的</p>","self","moral","我的",3,536,536,"i","true",NA,NA,NA,NA,"phase_015_subj_4"
14715,23,13,"<p style=""color:white; font-size: 35px;"">缺德</p>","negative","moral","缺德",3,471,471,"i","true",NA,NA,NA,NA,"phase_015_subj_4"
14716,23,13,"<p style=""color:rgb(150, 250, 100); font-size: 35px;"">他人的</p>","other","moral","他人的",3,486,486,"e","true",NA,NA,NA,NA,"phase_015_subj_4"
14717,23,13,"<p style=""color:white; font-size: 35px;"">诚信</p>","positive","moral","诚信",3,395,395,"e","true",NA,NA,NA,NA,"phase_015_subj_4"
14718,23,14,"<p style=""color:rgb(150, 250, 100); font-size: 35px;"">本人的</p>","self","moral","本人的",4,716,716,"i","true",NA,NA,NA,NA,"phase_015_subj_4"
14719,23,14,"<p style=""color:white; font-size: 35px;"">正直</p>","positive","moral","正直",4,1341,1341,"e","true",NA,NA,NA,NA,"phase_015_subj_4"
14720,23,14,"<p style=""color:rgb(150, 250, 100); font-size: 35px;"">别人的</p>","other","moral","别人的",4,644,644,"e","true",NA,NA,NA,NA,"phase_015_subj_4"
14721,23,14,"<p style=""color:white; font-size: 35px;"">卑鄙</p>","negative","moral","卑鄙",4,874,874,"i","true",NA,NA,NA,NA,"phase_015_subj_4"
14722,23,14,"<p style=""color:rgb(150, 250, 100); font-size: 35px;"">别人</p>","other","moral","别人",4,614,614,"e","true",NA,NA,NA,NA,"phase_015_subj_4"
14723,23,14,"<p style=""color:white; font-size: 35px;"">小人</p>","negative","moral","小人",4,844,1218.02272727273,"e","false",NA,NA,NA,NA,"phase_015_subj_4"
14724,23,14,"<p style=""color:rgb(150, 250, 100); font-size: 35px;"">自己的</p>","self","moral","自己的",4,492,492,"i","true",NA,NA,NA,NA,"phase_015_subj_4"
14725,23,14,"<p style=""color:white; font-size: 35px;"">正直</p>","positive","moral","正直",4,566,566,"e","true",NA,NA,NA,NA,"phase_015_subj_4"
14726,23,14,"<p style=""color:rgb(150, 250, 100); font-size: 35px;"">别人的</p>","other","moral","别人的",4,521,521,"e","true",NA,NA,NA,NA,"phase_015_subj_4"
14727,23,14,"<p style=""color:white; font-size: 35px;"">卑鄙</p>","negative","moral","卑鄙",4,635,635,"i","true",NA,NA,NA,NA,"phase_015_subj_4"
14728,23,14,"<p style=""color:rgb(150, 250, 100); font-size: 35px;"">我</p>","self","moral","我",4,555,555,"i","true",NA,NA,NA,NA,"phase_015_subj_4"
14729,23,14,"<p style=""color:white; font-size: 35px;"">君子</p>","positive","moral","君子",4,563,563,"e","true",NA,NA,NA,NA,"phase_015_subj_4"
14730,23,14,"<p style=""color:rgb(150, 250, 100); font-size: 35px;"">他人</p>","other","moral","他人",4,487,487,"e","true",NA,NA,NA,NA,"phase_015_subj_4"
14731,23,14,"<p style=""color:white; font-size: 35px;"">黑心</p>","negative","moral","黑心",4,482,482,"i","true",NA,NA,NA,NA,"phase_015_subj_4"
14732,23,14,"<p style=""color:rgb(150, 250, 100); font-size: 35px;"">本人</p>","self","moral","本人",4,532,532,"i","true",NA,NA,NA,NA,"phase_015_subj_4"
14733,23,14,"<p style=""color:white; font-size: 35px;"">诚信</p>","positive","moral","诚信",4,622,622,"e","true",NA,NA,NA,NA,"phase_015_subj_4"
14734,23,14,"<p style=""color:rgb(150, 250, 100); font-size: 35px;"">他的</p>","other","moral","他的",4,500,500,"e","true",NA,NA,NA,NA,"phase_015_subj_4"
14735,23,14,"<p style=""color:white; font-size: 35px;"">小人</p>","negative","moral","小人",4,565,565,"i","true",NA,NA,NA,NA,"phase_015_subj_4"
14736,23,14,"<p style=""color:rgb(150, 250, 100); font-size: 35px;"">我的</p>","self","moral","我的",4,514,514,"i","true",NA,NA,NA,NA,"phase_015_subj_4"
14737,23,14,"<p style=""color:white; font-size: 35px;"">善良</p>","positive","moral","善良",4,509,509,"e","true",NA,NA,NA,NA,"phase_015_subj_4"
14738,23,14,"<p style=""color:rgb(150, 250, 100); font-size: 35px;"">他的</p>","other","moral","他的",4,437,437,"e","true",NA,NA,NA,NA,"phase_015_subj_4"
14739,23,14,"<p style=""color:white; font-size: 35px;"">不孝</p>","negative","moral","不孝",4,675,675,"i","true",NA,NA,NA,NA,"phase_015_subj_4"
14740,23,14,"<p style=""color:rgb(150, 250, 100); font-size: 35px;"">自己</p>","self","moral","自己",4,578,578,"i","true",NA,NA,NA,NA,"phase_015_subj_4"
14741,23,14,"<p style=""color:white; font-size: 35px;"">高尚</p>","positive","moral","高尚",4,666,666,"e","true",NA,NA,NA,NA,"phase_015_subj_4"
14742,23,14,"<p style=""color:rgb(150, 250, 100); font-size: 35px;"">他人</p>","other","moral","他人",4,457,457,"e","true",NA,NA,NA,NA,"phase_015_subj_4"
14743,23,14,"<p style=""color:white; font-size: 35px;"">善良</p>","positive","moral","善良",4,571,571,"e","true",NA,NA,NA,NA,"phase_015_subj_4"
14744,23,14,"<p style=""color:rgb(150, 250, 100); font-size: 35px;"">本人</p>","self","moral","本人",4,464,464,"i","true",NA,NA,NA,NA,"phase_015_subj_4"
14745,23,14,"<p style=""color:white; font-size: 35px;"">缺德</p>","negative","moral","缺德",4,429,429,"i","true",NA,NA,NA,NA,"phase_015_subj_4"
14746,23,14,"<p style=""color:rgb(150, 250, 100); font-size: 35px;"">我</p>","self","moral","我",4,604,604,"i","true",NA,NA,NA,NA,"phase_015_subj_4"
14747,23,14,"<p style=""color:white; font-size: 35px;"">诚信</p>","positive","moral","诚信",4,512,1218.02272727273,"i","false",NA,NA,NA,NA,"phase_015_subj_4"
14748,23,14,"<p style=""color:rgb(150, 250, 100); font-size: 35px;"">他</p>","other","moral","他",4,766,766,"e","true",NA,NA,NA,NA,"phase_015_subj_4"
14749,23,14,"<p style=""color:white; font-size: 35px;"">不孝</p>","negative","moral","不孝",4,630,630,"i","true",NA,NA,NA,NA,"phase_015_subj_4"
14750,23,14,"<p style=""color:rgb(150, 250, 100); font-size: 35px;"">我的</p>","self","moral","我的",4,601,601,"i","true",NA,NA,NA,NA,"phase_015_subj_4"
14751,23,14,"<p style=""color:white; font-size: 35px;"">不仁</p>","negative","moral","不仁",4,520,520,"i","true",NA,NA,NA,NA,"phase_015_subj_4"
14752,23,14,"<p style=""color:rgb(150, 250, 100); font-size: 35px;"">他人的</p>","other","moral","他人的",4,534,1218.02272727273,"i","false",NA,NA,NA,NA,"phase_015_subj_4"
14753,23,14,"<p style=""color:white; font-size: 35px;"">君子</p>","positive","moral","君子",4,1082,1082,"e","true",NA,NA,NA,NA,"phase_015_subj_4"
14754,23,14,"<p style=""color:rgb(150, 250, 100); font-size: 35px;"">别人</p>","other","moral","别人",4,632,632,"e","true",NA,NA,NA,NA,"phase_015_subj_4"
14755,23,14,"<p style=""color:white; font-size: 35px;"">不仁</p>","negative","moral","不仁",4,621,1218.02272727273,"e","false",NA,NA,NA,NA,"phase_015_subj_4"
14756,23,14,"<p style=""color:rgb(150, 250, 100); font-size: 35px;"">自己的</p>","self","moral","自己的",4,496,496,"i","true",NA,NA,NA,NA,"phase_015_subj_4"
14757,23,14,"<p style=""color:white; font-size: 35px;"">廉正</p>","positive","moral","廉正",4,609,609,"e","true",NA,NA,NA,NA,"phase_015_subj_4"
14758,23,14,"<p style=""color:rgb(150, 250, 100); font-size: 35px;"">本人的</p>","self","moral","本人的",4,563,563,"i","true",NA,NA,NA,NA,"phase_015_subj_4"
14759,23,14,"<p style=""color:white; font-size: 35px;"">黑心</p>","negative","moral","黑心",4,659,659,"i","true",NA,NA,NA,NA,"phase_015_subj_4"
14760,23,14,"<p style=""color:rgb(150, 250, 100); font-size: 35px;"">他</p>","other","moral","他",4,672,672,"e","true",NA,NA,NA,NA,"phase_015_subj_4"
14761,23,14,"<p style=""color:white; font-size: 35px;"">高尚</p>","positive","moral","高尚",4,688,688,"e","true",NA,NA,NA,NA,"phase_015_subj_4"
14762,23,14,"<p style=""color:rgb(150, 250, 100); font-size: 35px;"">他人的</p>","other","moral","他人的",4,590,590,"e","true",NA,NA,NA,NA,"phase_015_subj_4"
14763,23,14,"<p style=""color:white; font-size: 35px;"">廉正</p>","positive","moral","廉正",4,811,811,"e","true",NA,NA,NA,NA,"phase_015_subj_4"
14764,23,14,"<p style=""color:rgb(150, 250, 100); font-size: 35px;"">自己</p>","self","moral","自己",4,605,605,"i","true",NA,NA,NA,NA,"phase_015_subj_4"
14765,23,14,"<p style=""color:white; font-size: 35px;"">缺德</p>","negative","moral","缺德",4,656,656,"i","true",NA,NA,NA,NA,"phase_015_subj_4"
14766,23,15,"<p style=""color:rgb(150, 250, 100); font-size: 35px;"">本人</p>","self","moral","本人",5,564,564,"e","true",NA,NA,NA,NA,"phase_015_subj_4"
14767,23,15,"<p style=""color:rgb(150, 250, 100); font-size: 35px;"">他人</p>","other","moral","他人",5,439,439,"i","true",NA,NA,NA,NA,"phase_015_subj_4"
14768,23,15,"<p style=""color:rgb(150, 250, 100); font-size: 35px;"">我的</p>","self","moral","我的",5,408,408,"e","true",NA,NA,NA,NA,"phase_015_subj_4"
14769,23,15,"<p style=""color:rgb(150, 250, 100); font-size: 35px;"">自己</p>","self","moral","自己",5,394,394,"e","true",NA,NA,NA,NA,"phase_015_subj_4"
14770,23,15,"<p style=""color:rgb(150, 250, 100); font-size: 35px;"">我的</p>","self","moral","我的",5,352,352,"e","true",NA,NA,NA,NA,"phase_015_subj_4"
14771,23,15,"<p style=""color:rgb(150, 250, 100); font-size: 35px;"">别人</p>","other","moral","别人",5,402,402,"i","true",NA,NA,NA,NA,"phase_015_subj_4"
14772,23,15,"<p style=""color:rgb(150, 250, 100); font-size: 35px;"">自己的</p>","self","moral","自己的",5,485,485,"e","true",NA,NA,NA,NA,"phase_015_subj_4"
14773,23,15,"<p style=""color:rgb(150, 250, 100); font-size: 35px;"">本人的</p>","self","moral","本人的",5,459,459,"i","false",NA,NA,NA,NA,"phase_015_subj_4"
14774,23,15,"<p style=""color:rgb(150, 250, 100); font-size: 35px;"">他的</p>","other","moral","他的",5,449,449,"i","true",NA,NA,NA,NA,"phase_015_subj_4"
14775,23,15,"<p style=""color:rgb(150, 250, 100); font-size: 35px;"">他人的</p>","other","moral","他人的",5,522,522,"i","true",NA,NA,NA,NA,"phase_015_subj_4"
14776,23,15,"<p style=""color:rgb(150, 250, 100); font-size: 35px;"">本人</p>","self","moral","本人",5,417,417,"e","true",NA,NA,NA,NA,"phase_015_subj_4"
14777,23,15,"<p style=""color:rgb(150, 250, 100); font-size: 35px;"">别人的</p>","other","moral","别人的",5,672,672,"i","true",NA,NA,NA,NA,"phase_015_subj_4"
14778,23,15,"<p style=""color:rgb(150, 250, 100); font-size: 35px;"">他的</p>","other","moral","他的",5,526,526,"i","true",NA,NA,NA,NA,"phase_015_subj_4"
14779,23,15,"<p style=""color:rgb(150, 250, 100); font-size: 35px;"">自己</p>","self","moral","自己",5,477,477,"e","true",NA,NA,NA,NA,"phase_015_subj_4"
14780,23,15,"<p style=""color:rgb(150, 250, 100); font-size: 35px;"">自己的</p>","self","moral","自己的",5,440,440,"e","true",NA,NA,NA,NA,"phase_015_subj_4"
14781,23,15,"<p style=""color:rgb(150, 250, 100); font-size: 35px;"">别人</p>","other","moral","别人",5,470,470,"i","true",NA,NA,NA,NA,"phase_015_subj_4"
14782,23,15,"<p style=""color:rgb(150, 250, 100); font-size: 35px;"">他</p>","other","moral","他",5,503,503,"i","true",NA,NA,NA,NA,"phase_015_subj_4"
14783,23,15,"<p style=""color:rgb(150, 250, 100); font-size: 35px;"">我</p>","self","moral","我",5,414,414,"e","true",NA,NA,NA,NA,"phase_015_subj_4"
14784,23,15,"<p style=""color:rgb(150, 250, 100); font-size: 35px;"">本人的</p>","self","moral","本人的",5,548,548,"e","true",NA,NA,NA,NA,"phase_015_subj_4"
14785,23,15,"<p style=""color:rgb(150, 250, 100); font-size: 35px;"">我</p>","self","moral","我",5,409,409,"e","true",NA,NA,NA,NA,"phase_015_subj_4"
14786,23,15,"<p style=""color:rgb(150, 250, 100); font-size: 35px;"">他人</p>","other","moral","他人",5,492,492,"i","true",NA,NA,NA,NA,"phase_015_subj_4"
14787,23,15,"<p style=""color:rgb(150, 250, 100); font-size: 35px;"">他人的</p>","other","moral","他人的",5,471,471,"i","true",NA,NA,NA,NA,"phase_015_subj_4"
14788,23,15,"<p style=""color:rgb(150, 250, 100); font-size: 35px;"">他</p>","other","moral","他",5,541,541,"i","true",NA,NA,NA,NA,"phase_015_subj_4"
14789,23,15,"<p style=""color:rgb(150, 250, 100); font-size: 35px;"">别人的</p>","other","moral","别人的",5,525,525,"i","true",NA,NA,NA,NA,"phase_015_subj_4"
14790,23,16,"<p style=""color:white; font-size: 35px;"">小人</p>","negative","moral","小人",6,870,870,"i","true",NA,NA,NA,NA,"phase_015_subj_4"
14791,23,16,"<p style=""color:rgb(150, 250, 100); font-size: 35px;"">我</p>","self","moral","我",6,496,496,"e","true",NA,NA,NA,NA,"phase_015_subj_4"
14792,23,16,"<p style=""color:white; font-size: 35px;"">诚信</p>","positive","moral","诚信",6,462,462,"e","true",NA,NA,NA,NA,"phase_015_subj_4"
14793,23,16,"<p style=""color:rgb(150, 250, 100); font-size: 35px;"">他人</p>","other","moral","他人",6,453,453,"i","true",NA,NA,NA,NA,"phase_015_subj_4"
14794,23,16,"<p style=""color:white; font-size: 35px;"">君子</p>","positive","moral","君子",6,576,576,"e","true",NA,NA,NA,NA,"phase_015_subj_4"
14795,23,16,"<p style=""color:rgb(150, 250, 100); font-size: 35px;"">他</p>","other","moral","他",6,403,403,"i","true",NA,NA,NA,NA,"phase_015_subj_4"
14796,23,16,"<p style=""color:white; font-size: 35px;"">不孝</p>","negative","moral","不孝",6,510,510,"i","true",NA,NA,NA,NA,"phase_015_subj_4"
14797,23,16,"<p style=""color:rgb(150, 250, 100); font-size: 35px;"">自己的</p>","self","moral","自己的",6,623,623,"e","true",NA,NA,NA,NA,"phase_015_subj_4"
14798,23,16,"<p style=""color:white; font-size: 35px;"">不仁</p>","negative","moral","不仁",6,592,592,"i","true",NA,NA,NA,NA,"phase_015_subj_4"
14799,23,16,"<p style=""color:rgb(150, 250, 100); font-size: 35px;"">他人的</p>","other","moral","他人的",6,488,488,"i","true",NA,NA,NA,NA,"phase_015_subj_4"
14800,23,16,"<p style=""color:white; font-size: 35px;"">正直</p>","positive","moral","正直",6,595,595,"e","true",NA,NA,NA,NA,"phase_015_subj_4"
14801,23,16,"<p style=""color:rgb(150, 250, 100); font-size: 35px;"">自己</p>","self","moral","自己",6,428,428,"e","true",NA,NA,NA,NA,"phase_015_subj_4"
14802,23,16,"<p style=""color:white; font-size: 35px;"">廉正</p>","positive","moral","廉正",6,461,461,"e","true",NA,NA,NA,NA,"phase_015_subj_4"
14803,23,16,"<p style=""color:rgb(150, 250, 100); font-size: 35px;"">他的</p>","other","moral","他的",6,481,481,"i","true",NA,NA,NA,NA,"phase_015_subj_4"
14804,23,16,"<p style=""color:white; font-size: 35px;"">卑鄙</p>","negative","moral","卑鄙",6,496,496,"i","true",NA,NA,NA,NA,"phase_015_subj_4"
14805,23,16,"<p style=""color:rgb(150, 250, 100); font-size: 35px;"">本人的</p>","self","moral","本人的",6,602,602,"e","true",NA,NA,NA,NA,"phase_015_subj_4"
14806,23,16,"<p style=""color:white; font-size: 35px;"">黑心</p>","negative","moral","黑心",6,480,480,"i","true",NA,NA,NA,NA,"phase_015_subj_4"
14807,23,16,"<p style=""color:rgb(150, 250, 100); font-size: 35px;"">别人的</p>","other","moral","别人的",6,527,527,"i","true",NA,NA,NA,NA,"phase_015_subj_4"
14808,23,16,"<p style=""color:white; font-size: 35px;"">高尚</p>","positive","moral","高尚",6,651,651,"e","true",NA,NA,NA,NA,"phase_015_subj_4"
14809,23,16,"<p style=""color:rgb(150, 250, 100); font-size: 35px;"">本人</p>","self","moral","本人",6,556,556,"e","true",NA,NA,NA,NA,"phase_015_subj_4"
14810,23,16,"<p style=""color:white; font-size: 35px;"">善良</p>","positive","moral","善良",6,461,461,"e","true",NA,NA,NA,NA,"phase_015_subj_4"
14811,23,16,"<p style=""color:rgb(150, 250, 100); font-size: 35px;"">我的</p>","self","moral","我的",6,611,611,"e","true",NA,NA,NA,NA,"phase_015_subj_4"
14812,23,16,"<p style=""color:white; font-size: 35px;"">缺德</p>","negative","moral","缺德",6,599,599,"i","true",NA,NA,NA,NA,"phase_015_subj_4"
14813,23,16,"<p style=""color:rgb(150, 250, 100); font-size: 35px;"">别人</p>","other","moral","别人",6,658,658,"i","true",NA,NA,NA,NA,"phase_015_subj_4"
14814,23,17,"<p style=""color:white; font-size: 35px;"">黑心</p>","negative","moral","黑心",7,779,779,"i","true",NA,NA,NA,NA,"phase_015_subj_4"
14815,23,17,"<p style=""color:rgb(150, 250, 100); font-size: 35px;"">我</p>","self","moral","我",7,441,441,"e","true",NA,NA,NA,NA,"phase_015_subj_4"
14816,23,17,"<p style=""color:white; font-size: 35px;"">廉正</p>","positive","moral","廉正",7,473,473,"e","true",NA,NA,NA,NA,"phase_015_subj_4"
14817,23,17,"<p style=""color:rgb(150, 250, 100); font-size: 35px;"">他人</p>","other","moral","他人",7,462,462,"i","true",NA,NA,NA,NA,"phase_015_subj_4"
14818,23,17,"<p style=""color:white; font-size: 35px;"">不仁</p>","negative","moral","不仁",7,553,553,"i","true",NA,NA,NA,NA,"phase_015_subj_4"
14819,23,17,"<p style=""color:rgb(150, 250, 100); font-size: 35px;"">我</p>","self","moral","我",7,401,401,"e","true",NA,NA,NA,NA,"phase_015_subj_4"
14820,23,17,"<p style=""color:white; font-size: 35px;"">君子</p>","positive","moral","君子",7,585,585,"e","true",NA,NA,NA,NA,"phase_015_subj_4"
14821,23,17,"<p style=""color:rgb(150, 250, 100); font-size: 35px;"">别人</p>","other","moral","别人",7,486,486,"i","true",NA,NA,NA,NA,"phase_015_subj_4"
14822,23,17,"<p style=""color:white; font-size: 35px;"">卑鄙</p>","negative","moral","卑鄙",7,454,454,"i","true",NA,NA,NA,NA,"phase_015_subj_4"
14823,23,17,"<p style=""color:rgb(150, 250, 100); font-size: 35px;"">他的</p>","other","moral","他的",7,480,480,"i","true",NA,NA,NA,NA,"phase_015_subj_4"
14824,23,17,"<p style=""color:white; font-size: 35px;"">诚信</p>","positive","moral","诚信",7,522,522,"e","true",NA,NA,NA,NA,"phase_015_subj_4"
14825,23,17,"<p style=""color:rgb(150, 250, 100); font-size: 35px;"">自己</p>","self","moral","自己",7,453,453,"e","true",NA,NA,NA,NA,"phase_015_subj_4"
14826,23,17,"<p style=""color:white; font-size: 35px;"">高尚</p>","positive","moral","高尚",7,463,463,"e","true",NA,NA,NA,NA,"phase_015_subj_4"
14827,23,17,"<p style=""color:rgb(150, 250, 100); font-size: 35px;"">我的</p>","self","moral","我的",7,458,458,"e","true",NA,NA,NA,NA,"phase_015_subj_4"
14828,23,17,"<p style=""color:white; font-size: 35px;"">不仁</p>","negative","moral","不仁",7,407,407,"i","true",NA,NA,NA,NA,"phase_015_subj_4"
14829,23,17,"<p style=""color:rgb(150, 250, 100); font-size: 35px;"">他</p>","other","moral","他",7,381,381,"i","true",NA,NA,NA,NA,"phase_015_subj_4"
14830,23,17,"<p style=""color:white; font-size: 35px;"">廉正</p>","positive","moral","廉正",7,443,1085.80952380952,"i","false",NA,NA,NA,NA,"phase_015_subj_4"
14831,23,17,"<p style=""color:rgb(150, 250, 100); font-size: 35px;"">本人的</p>","self","moral","本人的",7,437,437,"e","true",NA,NA,NA,NA,"phase_015_subj_4"
14832,23,17,"<p style=""color:white; font-size: 35px;"">黑心</p>","negative","moral","黑心",7,583,583,"i","true",NA,NA,NA,NA,"phase_015_subj_4"
14833,23,17,"<p style=""color:rgb(150, 250, 100); font-size: 35px;"">他人的</p>","other","moral","他人的",7,513,513,"i","true",NA,NA,NA,NA,"phase_015_subj_4"
14834,23,17,"<p style=""color:white; font-size: 35px;"">卑鄙</p>","negative","moral","卑鄙",7,501,501,"i","true",NA,NA,NA,NA,"phase_015_subj_4"
14835,23,17,"<p style=""color:rgb(150, 250, 100); font-size: 35px;"">别人</p>","other","moral","别人",7,412,412,"i","true",NA,NA,NA,NA,"phase_015_subj_4"
14836,23,17,"<p style=""color:white; font-size: 35px;"">善良</p>","positive","moral","善良",7,386,1085.80952380952,"i","false",NA,NA,NA,NA,"phase_015_subj_4"
14837,23,17,"<p style=""color:rgb(150, 250, 100); font-size: 35px;"">本人</p>","self","moral","本人",7,410,1085.80952380952,"i","false",NA,NA,NA,NA,"phase_015_subj_4"
14838,23,17,"<p style=""color:white; font-size: 35px;"">缺德</p>","negative","moral","缺德",7,490,490,"i","true",NA,NA,NA,NA,"phase_015_subj_4"
14839,23,17,"<p style=""color:rgb(150, 250, 100); font-size: 35px;"">他人的</p>","other","moral","他人的",7,519,519,"i","true",NA,NA,NA,NA,"phase_015_subj_4"
14840,23,17,"<p style=""color:white; font-size: 35px;"">诚信</p>","positive","moral","诚信",7,504,504,"e","true",NA,NA,NA,NA,"phase_015_subj_4"
14841,23,17,"<p style=""color:rgb(150, 250, 100); font-size: 35px;"">自己的</p>","self","moral","自己的",7,422,422,"e","true",NA,NA,NA,NA,"phase_015_subj_4"
14842,23,17,"<p style=""color:white; font-size: 35px;"">君子</p>","positive","moral","君子",7,581,581,"e","true",NA,NA,NA,NA,"phase_015_subj_4"
14843,23,17,"<p style=""color:rgb(150, 250, 100); font-size: 35px;"">自己</p>","self","moral","自己",7,401,401,"e","true",NA,NA,NA,NA,"phase_015_subj_4"
14844,23,17,"<p style=""color:white; font-size: 35px;"">不孝</p>","negative","moral","不孝",7,416,416,"i","true",NA,NA,NA,NA,"phase_015_subj_4"
14845,23,17,"<p style=""color:rgb(150, 250, 100); font-size: 35px;"">他人</p>","other","moral","他人",7,426,1085.80952380952,"e","false",NA,NA,NA,NA,"phase_015_subj_4"
14846,23,17,"<p style=""color:white; font-size: 35px;"">高尚</p>","positive","moral","高尚",7,514,514,"e","true",NA,NA,NA,NA,"phase_015_subj_4"
14847,23,17,"<p style=""color:rgb(150, 250, 100); font-size: 35px;"">自己的</p>","self","moral","自己的",7,419,419,"e","true",NA,NA,NA,NA,"phase_015_subj_4"
14848,23,17,"<p style=""color:white; font-size: 35px;"">缺德</p>","negative","moral","缺德",7,493,493,"i","true",NA,NA,NA,NA,"phase_015_subj_4"
14849,23,17,"<p style=""color:rgb(150, 250, 100); font-size: 35px;"">别人的</p>","other","moral","别人的",7,463,463,"i","true",NA,NA,NA,NA,"phase_015_subj_4"
14850,23,17,"<p style=""color:white; font-size: 35px;"">不孝</p>","negative","moral","不孝",7,431,431,"i","true",NA,NA,NA,NA,"phase_015_subj_4"
14851,23,17,"<p style=""color:rgb(150, 250, 100); font-size: 35px;"">他的</p>","other","moral","他的",7,460,460,"i","true",NA,NA,NA,NA,"phase_015_subj_4"
14852,23,17,"<p style=""color:white; font-size: 35px;"">善良</p>","positive","moral","善良",7,612,612,"e","true",NA,NA,NA,NA,"phase_015_subj_4"
14853,23,17,"<p style=""color:rgb(150, 250, 100); font-size: 35px;"">本人</p>","self","moral","本人",7,428,428,"e","true",NA,NA,NA,NA,"phase_015_subj_4"
14854,23,17,"<p style=""color:white; font-size: 35px;"">正直</p>","positive","moral","正直",7,417,417,"e","true",NA,NA,NA,NA,"phase_015_subj_4"
14855,23,17,"<p style=""color:rgb(150, 250, 100); font-size: 35px;"">本人的</p>","self","moral","本人的",7,469,469,"e","true",NA,NA,NA,NA,"phase_015_subj_4"
14856,23,17,"<p style=""color:white; font-size: 35px;"">小人</p>","negative","moral","小人",7,374,1085.80952380952,"e","false",NA,NA,NA,NA,"phase_015_subj_4"
14857,23,17,"<p style=""color:rgb(150, 250, 100); font-size: 35px;"">他</p>","other","moral","他",7,416,1085.80952380952,"e","false",NA,NA,NA,NA,"phase_015_subj_4"
14858,23,17,"<p style=""color:white; font-size: 35px;"">小人</p>","negative","moral","小人",7,541,541,"i","true",NA,NA,NA,NA,"phase_015_subj_4"
14859,23,17,"<p style=""color:rgb(150, 250, 100); font-size: 35px;"">我的</p>","self","moral","我的",7,555,555,"e","true",NA,NA,NA,NA,"phase_015_subj_4"
14860,23,17,"<p style=""color:white; font-size: 35px;"">正直</p>","positive","moral","正直",7,485,485,"e","true",NA,NA,NA,NA,"phase_015_subj_4"
14861,23,17,"<p style=""color:rgb(150, 250, 100); font-size: 35px;"">别人的</p>","other","moral","别人的",7,540,540,"i","true",NA,NA,NA,NA,"phase_015_subj_4"
14862,23,NA,"
    <h3>词语分类任务</h3>
    <p>在接下来的任务中，你需要对一系列词语进行分类。</p>
    <p>请先熟悉这些词语，这有利于你完成接下来的任务。</p>
    <table align=""center"" border=1 cellpadding=3 cellspacing=0>
    <tr> <th>类别</th> <th>词语</th> </tr>
    <tr> <td>&emsp;积极&emsp;</td> <td>&emsp;能干、全能、全才、高效、精干、天才&emsp;</td> </tr>
    <tr> <td>&emsp;消极&emsp;</td> <td>&emsp;无能、低能、废物、拙笨、愚钝、蠢笨&emsp;</td> </tr>
    <tr> <td>&emsp;自我&emsp;</td> <td>&emsp;我、我的、自己、自己的、本人、本人的&emsp;</td> </tr>
    <tr> <td>&emsp;他人&emsp;</td> <td>&emsp;他、他的、别人、别人的、他人、他人的&emsp;</td> </tr>
    </table><br/>","","","",NA,10864,NA,"0","",1,1,NA,NA,"phase_015_subj_4"
14863,23,1,"<p style=""color:rgb(150, 250, 100); font-size: 35px;"">他人的</p>","other","ability","他人的",1,585,585,"i","true",NA,NA,NA,NA,"phase_015_subj_4"
14864,23,1,"<p style=""color:rgb(150, 250, 100); font-size: 35px;"">他的</p>","other","ability","他的",1,444,444,"i","true",NA,NA,NA,NA,"phase_015_subj_4"
14865,23,1,"<p style=""color:rgb(150, 250, 100); font-size: 35px;"">别人</p>","other","ability","别人",1,404,404,"i","true",NA,NA,NA,NA,"phase_015_subj_4"
14866,23,1,"<p style=""color:rgb(150, 250, 100); font-size: 35px;"">他人</p>","other","ability","他人",1,334,334,"i","true",NA,NA,NA,NA,"phase_015_subj_4"
14867,23,1,"<p style=""color:rgb(150, 250, 100); font-size: 35px;"">我</p>","self","ability","我",1,462,462,"e","true",NA,NA,NA,NA,"phase_015_subj_4"
14868,23,1,"<p style=""color:rgb(150, 250, 100); font-size: 35px;"">本人</p>","self","ability","本人",1,452,452,"e","true",NA,NA,NA,NA,"phase_015_subj_4"
14869,23,1,"<p style=""color:rgb(150, 250, 100); font-size: 35px;"">自己</p>","self","ability","自己",1,407,407,"e","true",NA,NA,NA,NA,"phase_015_subj_4"
14870,23,1,"<p style=""color:rgb(150, 250, 100); font-size: 35px;"">本人的</p>","self","ability","本人的",1,366,366,"e","true",NA,NA,NA,NA,"phase_015_subj_4"
14871,23,1,"<p style=""color:rgb(150, 250, 100); font-size: 35px;"">别人的</p>","other","ability","别人的",1,379,379,"e","false",NA,NA,NA,NA,"phase_015_subj_4"
14872,23,1,"<p style=""color:rgb(150, 250, 100); font-size: 35px;"">我的</p>","self","ability","我的",1,465,465,"e","true",NA,NA,NA,NA,"phase_015_subj_4"
14873,23,1,"<p style=""color:rgb(150, 250, 100); font-size: 35px;"">他</p>","other","ability","他",1,455,455,"i","true",NA,NA,NA,NA,"phase_015_subj_4"
14874,23,1,"<p style=""color:rgb(150, 250, 100); font-size: 35px;"">自己的</p>","self","ability","自己的",1,444,444,"e","true",NA,NA,NA,NA,"phase_015_subj_4"
14875,23,2,"<p style=""color:white; font-size: 35px;"">废物</p>","negative","ability","废物",2,711,711,"i","true",NA,NA,NA,NA,"phase_015_subj_4"
14876,23,2,"<p style=""color:white; font-size: 35px;"">全能</p>","positive","ability","全能",2,441,441,"e","true",NA,NA,NA,NA,"phase_015_subj_4"
14877,23,2,"<p style=""color:white; font-size: 35px;"">全才</p>","positive","ability","全才",2,429,429,"e","true",NA,NA,NA,NA,"phase_015_subj_4"
14878,23,2,"<p style=""color:white; font-size: 35px;"">无能</p>","negative","ability","无能",2,503,503,"i","true",NA,NA,NA,NA,"phase_015_subj_4"
14879,23,2,"<p style=""color:white; font-size: 35px;"">天才</p>","positive","ability","天才",2,482,482,"e","true",NA,NA,NA,NA,"phase_015_subj_4"
14880,23,2,"<p style=""color:white; font-size: 35px;"">拙笨</p>","negative","ability","拙笨",2,708,708,"i","true",NA,NA,NA,NA,"phase_015_subj_4"
14881,23,2,"<p style=""color:white; font-size: 35px;"">愚钝</p>","negative","ability","愚钝",2,503,503,"i","true",NA,NA,NA,NA,"phase_015_subj_4"
14882,23,2,"<p style=""color:white; font-size: 35px;"">高效</p>","positive","ability","高效",2,431,431,"i","false",NA,NA,NA,NA,"phase_015_subj_4"
14883,23,2,"<p style=""color:white; font-size: 35px;"">低能</p>","negative","ability","低能",2,661,661,"i","true",NA,NA,NA,NA,"phase_015_subj_4"
14884,23,2,"<p style=""color:white; font-size: 35px;"">精干</p>","positive","ability","精干",2,594,594,"e","true",NA,NA,NA,NA,"phase_015_subj_4"
14885,23,2,"<p style=""color:white; font-size: 35px;"">蠢笨</p>","negative","ability","蠢笨",2,488,488,"i","true",NA,NA,NA,NA,"phase_015_subj_4"
14886,23,2,"<p style=""color:white; font-size: 35px;"">能干</p>","positive","ability","能干",2,534,534,"e","true",NA,NA,NA,NA,"phase_015_subj_4"
14887,23,3,"<p style=""color:rgb(150, 250, 100); font-size: 35px;"">我</p>","self","ability","我",3,436,436,"e","true",NA,NA,NA,NA,"phase_015_subj_4"
14888,23,3,"<p style=""color:white; font-size: 35px;"">天才</p>","positive","ability","天才",3,416,416,"e","true",NA,NA,NA,NA,"phase_015_subj_4"
14889,23,3,"<p style=""color:rgb(150, 250, 100); font-size: 35px;"">别人的</p>","other","ability","别人的",3,510,510,"i","true",NA,NA,NA,NA,"phase_015_subj_4"
14890,23,3,"<p style=""color:white; font-size: 35px;"">无能</p>","negative","ability","无能",3,420,420,"i","true",NA,NA,NA,NA,"phase_015_subj_4"
14891,23,3,"<p style=""color:rgb(150, 250, 100); font-size: 35px;"">本人的</p>","self","ability","本人的",3,543,543,"e","true",NA,NA,NA,NA,"phase_015_subj_4"
14892,23,3,"<p style=""color:white; font-size: 35px;"">愚钝</p>","negative","ability","愚钝",3,497,497,"i","true",NA,NA,NA,NA,"phase_015_subj_4"
14893,23,3,"<p style=""color:rgb(150, 250, 100); font-size: 35px;"">他的</p>","other","ability","他的",3,433,433,"i","true",NA,NA,NA,NA,"phase_015_subj_4"
14894,23,3,"<p style=""color:white; font-size: 35px;"">高效</p>","positive","ability","高效",3,511,511,"e","true",NA,NA,NA,NA,"phase_015_subj_4"
14895,23,3,"<p style=""color:rgb(150, 250, 100); font-size: 35px;"">他人</p>","other","ability","他人",3,432,432,"i","true",NA,NA,NA,NA,"phase_015_subj_4"
14896,23,3,"<p style=""color:white; font-size: 35px;"">拙笨</p>","negative","ability","拙笨",3,616,616,"i","true",NA,NA,NA,NA,"phase_015_subj_4"
14897,23,3,"<p style=""color:rgb(150, 250, 100); font-size: 35px;"">本人</p>","self","ability","本人",3,450,450,"e","true",NA,NA,NA,NA,"phase_015_subj_4"
14898,23,3,"<p style=""color:white; font-size: 35px;"">全能</p>","positive","ability","全能",3,388,388,"e","true",NA,NA,NA,NA,"phase_015_subj_4"
14899,23,3,"<p style=""color:rgb(150, 250, 100); font-size: 35px;"">我的</p>","self","ability","我的",3,484,484,"e","true",NA,NA,NA,NA,"phase_015_subj_4"
14900,23,3,"<p style=""color:white; font-size: 35px;"">能干</p>","positive","ability","能干",3,478,478,"e","true",NA,NA,NA,NA,"phase_015_subj_4"
14901,23,3,"<p style=""color:rgb(150, 250, 100); font-size: 35px;"">别人</p>","other","ability","别人",3,502,502,"i","true",NA,NA,NA,NA,"phase_015_subj_4"
14902,23,3,"<p style=""color:white; font-size: 35px;"">废物</p>","negative","ability","废物",3,432,432,"i","true",NA,NA,NA,NA,"phase_015_subj_4"
14903,23,3,"<p style=""color:rgb(150, 250, 100); font-size: 35px;"">自己的</p>","self","ability","自己的",3,501,501,"e","true",NA,NA,NA,NA,"phase_015_subj_4"
14904,23,3,"<p style=""color:white; font-size: 35px;"">低能</p>","negative","ability","低能",3,531,531,"i","true",NA,NA,NA,NA,"phase_015_subj_4"
14905,23,3,"<p style=""color:rgb(150, 250, 100); font-size: 35px;"">他人的</p>","other","ability","他人的",3,669,669,"i","true",NA,NA,NA,NA,"phase_015_subj_4"
14906,23,3,"<p style=""color:white; font-size: 35px;"">全才</p>","positive","ability","全才",3,480,480,"e","true",NA,NA,NA,NA,"phase_015_subj_4"
14907,23,3,"<p style=""color:rgb(150, 250, 100); font-size: 35px;"">自己</p>","self","ability","自己",3,554,554,"e","true",NA,NA,NA,NA,"phase_015_subj_4"
14908,23,3,"<p style=""color:white; font-size: 35px;"">精干</p>","positive","ability","精干",3,477,477,"e","true",NA,NA,NA,NA,"phase_015_subj_4"
14909,23,3,"<p style=""color:rgb(150, 250, 100); font-size: 35px;"">他</p>","other","ability","他",3,433,433,"i","true",NA,NA,NA,NA,"phase_015_subj_4"
14910,23,3,"<p style=""color:white; font-size: 35px;"">蠢笨</p>","negative","ability","蠢笨",3,617,617,"i","true",NA,NA,NA,NA,"phase_015_subj_4"
14911,23,4,"<p style=""color:rgb(150, 250, 100); font-size: 35px;"">本人</p>","self","ability","本人",4,537,537,"e","true",NA,NA,NA,NA,"phase_015_subj_4"
14912,23,4,"<p style=""color:white; font-size: 35px;"">愚钝</p>","negative","ability","愚钝",4,503,503,"i","true",NA,NA,NA,NA,"phase_015_subj_4"
14913,23,4,"<p style=""color:rgb(150, 250, 100); font-size: 35px;"">别人</p>","other","ability","别人",4,545,545,"i","true",NA,NA,NA,NA,"phase_015_subj_4"
14914,23,4,"<p style=""color:white; font-size: 35px;"">全能</p>","positive","ability","全能",4,578,578,"e","true",NA,NA,NA,NA,"phase_015_subj_4"
14915,23,4,"<p style=""color:rgb(150, 250, 100); font-size: 35px;"">我的</p>","self","ability","我的",4,424,424,"e","true",NA,NA,NA,NA,"phase_015_subj_4"
14916,23,4,"<p style=""color:white; font-size: 35px;"">低能</p>","negative","ability","低能",4,564,564,"i","true",NA,NA,NA,NA,"phase_015_subj_4"
14917,23,4,"<p style=""color:rgb(150, 250, 100); font-size: 35px;"">他的</p>","other","ability","他的",4,527,527,"i","true",NA,NA,NA,NA,"phase_015_subj_4"
14918,23,4,"<p style=""color:white; font-size: 35px;"">天才</p>","positive","ability","天才",4,555,555,"e","true",NA,NA,NA,NA,"phase_015_subj_4"
14919,23,4,"<p style=""color:rgb(150, 250, 100); font-size: 35px;"">我</p>","self","ability","我",4,430,430,"e","true",NA,NA,NA,NA,"phase_015_subj_4"
14920,23,4,"<p style=""color:white; font-size: 35px;"">无能</p>","negative","ability","无能",4,516,516,"i","true",NA,NA,NA,NA,"phase_015_subj_4"
14921,23,4,"<p style=""color:rgb(150, 250, 100); font-size: 35px;"">他人</p>","other","ability","他人",4,635,635,"i","true",NA,NA,NA,NA,"phase_015_subj_4"
14922,23,4,"<p style=""color:white; font-size: 35px;"">精干</p>","positive","ability","精干",4,924,924,"e","true",NA,NA,NA,NA,"phase_015_subj_4"
14923,23,4,"<p style=""color:rgb(150, 250, 100); font-size: 35px;"">本人</p>","self","ability","本人",4,518,518,"e","true",NA,NA,NA,NA,"phase_015_subj_4"
14924,23,4,"<p style=""color:white; font-size: 35px;"">全才</p>","positive","ability","全才",4,507,507,"e","true",NA,NA,NA,NA,"phase_015_subj_4"
14925,23,4,"<p style=""color:rgb(150, 250, 100); font-size: 35px;"">他人</p>","other","ability","他人",4,701,701,"i","true",NA,NA,NA,NA,"phase_015_subj_4"
14926,23,4,"<p style=""color:white; font-size: 35px;"">拙笨</p>","negative","ability","拙笨",4,481,481,"i","true",NA,NA,NA,NA,"phase_015_subj_4"
14927,23,4,"<p style=""color:rgb(150, 250, 100); font-size: 35px;"">自己的</p>","self","ability","自己的",4,562,562,"e","true",NA,NA,NA,NA,"phase_015_subj_4"
14928,23,4,"<p style=""color:white; font-size: 35px;"">无能</p>","negative","ability","无能",4,494,494,"i","true",NA,NA,NA,NA,"phase_015_subj_4"
14929,23,4,"<p style=""color:rgb(150, 250, 100); font-size: 35px;"">他人的</p>","other","ability","他人的",4,500,500,"i","true",NA,NA,NA,NA,"phase_015_subj_4"
14930,23,4,"<p style=""color:white; font-size: 35px;"">高效</p>","positive","ability","高效",4,594,594,"e","true",NA,NA,NA,NA,"phase_015_subj_4"
14931,23,4,"<p style=""color:rgb(150, 250, 100); font-size: 35px;"">自己的</p>","self","ability","自己的",4,413,413,"e","true",NA,NA,NA,NA,"phase_015_subj_4"
14932,23,4,"<p style=""color:white; font-size: 35px;"">能干</p>","positive","ability","能干",4,474,474,"e","true",NA,NA,NA,NA,"phase_015_subj_4"
14933,23,4,"<p style=""color:rgb(150, 250, 100); font-size: 35px;"">他人的</p>","other","ability","他人的",4,392,392,"i","true",NA,NA,NA,NA,"phase_015_subj_4"
14934,23,4,"<p style=""color:white; font-size: 35px;"">蠢笨</p>","negative","ability","蠢笨",4,451,451,"i","true",NA,NA,NA,NA,"phase_015_subj_4"
14935,23,4,"<p style=""color:rgb(150, 250, 100); font-size: 35px;"">别人</p>","other","ability","别人",4,481,1132.55555555556,"e","false",NA,NA,NA,NA,"phase_015_subj_4"
14936,23,4,"<p style=""color:white; font-size: 35px;"">废物</p>","negative","ability","废物",4,446,446,"i","true",NA,NA,NA,NA,"phase_015_subj_4"
14937,23,4,"<p style=""color:rgb(150, 250, 100); font-size: 35px;"">我的</p>","self","ability","我的",4,475,475,"e","true",NA,NA,NA,NA,"phase_015_subj_4"
14938,23,4,"<p style=""color:white; font-size: 35px;"">能干</p>","positive","ability","能干",4,758,758,"e","true",NA,NA,NA,NA,"phase_015_subj_4"
14939,23,4,"<p style=""color:rgb(150, 250, 100); font-size: 35px;"">别人的</p>","other","ability","别人的",4,414,414,"i","true",NA,NA,NA,NA,"phase_015_subj_4"
14940,23,4,"<p style=""color:white; font-size: 35px;"">精干</p>","positive","ability","精干",4,591,591,"e","true",NA,NA,NA,NA,"phase_015_subj_4"
14941,23,4,"<p style=""color:rgb(150, 250, 100); font-size: 35px;"">自己</p>","self","ability","自己",4,542,542,"e","true",NA,NA,NA,NA,"phase_015_subj_4"
14942,23,4,"<p style=""color:white; font-size: 35px;"">废物</p>","negative","ability","废物",4,431,431,"i","true",NA,NA,NA,NA,"phase_015_subj_4"
14943,23,4,"<p style=""color:rgb(150, 250, 100); font-size: 35px;"">他</p>","other","ability","他",4,515,515,"i","true",NA,NA,NA,NA,"phase_015_subj_4"
14944,23,4,"<p style=""color:white; font-size: 35px;"">愚钝</p>","negative","ability","愚钝",4,584,584,"i","true",NA,NA,NA,NA,"phase_015_subj_4"
14945,23,4,"<p style=""color:rgb(150, 250, 100); font-size: 35px;"">自己</p>","self","ability","自己",4,583,583,"e","true",NA,NA,NA,NA,"phase_015_subj_4"
14946,23,4,"<p style=""color:white; font-size: 35px;"">全才</p>","positive","ability","全才",4,638,638,"e","true",NA,NA,NA,NA,"phase_015_subj_4"
14947,23,4,"<p style=""color:rgb(150, 250, 100); font-size: 35px;"">本人的</p>","self","ability","本人的",4,473,473,"e","true",NA,NA,NA,NA,"phase_015_subj_4"
14948,23,4,"<p style=""color:white; font-size: 35px;"">全能</p>","positive","ability","全能",4,391,391,"e","true",NA,NA,NA,NA,"phase_015_subj_4"
14949,23,4,"<p style=""color:rgb(150, 250, 100); font-size: 35px;"">他的</p>","other","ability","他的",4,357,1132.55555555556,"e","false",NA,NA,NA,NA,"phase_015_subj_4"
14950,23,4,"<p style=""color:white; font-size: 35px;"">蠢笨</p>","negative","ability","蠢笨",4,553,553,"i","true",NA,NA,NA,NA,"phase_015_subj_4"
14951,23,4,"<p style=""color:rgb(150, 250, 100); font-size: 35px;"">我</p>","self","ability","我",4,505,505,"e","true",NA,NA,NA,NA,"phase_015_subj_4"
14952,23,4,"<p style=""color:white; font-size: 35px;"">高效</p>","positive","ability","高效",4,598,598,"e","true",NA,NA,NA,NA,"phase_015_subj_4"
14953,23,4,"<p style=""color:rgb(150, 250, 100); font-size: 35px;"">别人的</p>","other","ability","别人的",4,533,533,"i","true",NA,NA,NA,NA,"phase_015_subj_4"
14954,23,4,"<p style=""color:white; font-size: 35px;"">低能</p>","negative","ability","低能",4,494,494,"i","true",NA,NA,NA,NA,"phase_015_subj_4"
14955,23,4,"<p style=""color:rgb(150, 250, 100); font-size: 35px;"">本人的</p>","self","ability","本人的",4,547,547,"e","true",NA,NA,NA,NA,"phase_015_subj_4"
14956,23,4,"<p style=""color:white; font-size: 35px;"">天才</p>","positive","ability","天才",4,412,1132.55555555556,"i","false",NA,NA,NA,NA,"phase_015_subj_4"
14957,23,4,"<p style=""color:rgb(150, 250, 100); font-size: 35px;"">他</p>","other","ability","他",4,481,481,"i","true",NA,NA,NA,NA,"phase_015_subj_4"
14958,23,4,"<p style=""color:white; font-size: 35px;"">拙笨</p>","negative","ability","拙笨",4,588,588,"i","true",NA,NA,NA,NA,"phase_015_subj_4"
14959,23,5,"<p style=""color:rgb(150, 250, 100); font-size: 35px;"">他人的</p>","other","ability","他人的",5,551,551,"e","true",NA,NA,NA,NA,"phase_015_subj_4"
14960,23,5,"<p style=""color:rgb(150, 250, 100); font-size: 35px;"">本人的</p>","self","ability","本人的",5,401,401,"e","false",NA,NA,NA,NA,"phase_015_subj_4"
14961,23,5,"<p style=""color:rgb(150, 250, 100); font-size: 35px;"">自己</p>","self","ability","自己",5,522,522,"i","true",NA,NA,NA,NA,"phase_015_subj_4"
14962,23,5,"<p style=""color:rgb(150, 250, 100); font-size: 35px;"">本人</p>","self","ability","本人",5,599,599,"i","true",NA,NA,NA,NA,"phase_015_subj_4"
14963,23,5,"<p style=""color:rgb(150, 250, 100); font-size: 35px;"">别人的</p>","other","ability","别人的",5,551,551,"e","true",NA,NA,NA,NA,"phase_015_subj_4"
14964,23,5,"<p style=""color:rgb(150, 250, 100); font-size: 35px;"">我的</p>","self","ability","我的",5,456,456,"i","true",NA,NA,NA,NA,"phase_015_subj_4"
14965,23,5,"<p style=""color:rgb(150, 250, 100); font-size: 35px;"">他人</p>","other","ability","他人",5,451,451,"e","true",NA,NA,NA,NA,"phase_015_subj_4"
14966,23,5,"<p style=""color:rgb(150, 250, 100); font-size: 35px;"">本人</p>","self","ability","本人",5,446,446,"i","true",NA,NA,NA,NA,"phase_015_subj_4"
14967,23,5,"<p style=""color:rgb(150, 250, 100); font-size: 35px;"">自己的</p>","self","ability","自己的",5,455,455,"i","true",NA,NA,NA,NA,"phase_015_subj_4"
14968,23,5,"<p style=""color:rgb(150, 250, 100); font-size: 35px;"">别人</p>","other","ability","别人",5,495,495,"e","true",NA,NA,NA,NA,"phase_015_subj_4"
14969,23,5,"<p style=""color:rgb(150, 250, 100); font-size: 35px;"">别人的</p>","other","ability","别人的",5,548,548,"e","true",NA,NA,NA,NA,"phase_015_subj_4"
14970,23,5,"<p style=""color:rgb(150, 250, 100); font-size: 35px;"">他的</p>","other","ability","他的",5,462,462,"e","true",NA,NA,NA,NA,"phase_015_subj_4"
14971,23,5,"<p style=""color:rgb(150, 250, 100); font-size: 35px;"">自己</p>","self","ability","自己",5,462,462,"i","true",NA,NA,NA,NA,"phase_015_subj_4"
14972,23,5,"<p style=""color:rgb(150, 250, 100); font-size: 35px;"">他人的</p>","other","ability","他人的",5,491,491,"e","true",NA,NA,NA,NA,"phase_015_subj_4"
14973,23,5,"<p style=""color:rgb(150, 250, 100); font-size: 35px;"">他</p>","other","ability","他",5,521,521,"e","true",NA,NA,NA,NA,"phase_015_subj_4"
14974,23,5,"<p style=""color:rgb(150, 250, 100); font-size: 35px;"">本人的</p>","self","ability","本人的",5,448,448,"i","true",NA,NA,NA,NA,"phase_015_subj_4"
14975,23,5,"<p style=""color:rgb(150, 250, 100); font-size: 35px;"">我</p>","self","ability","我",5,444,444,"i","true",NA,NA,NA,NA,"phase_015_subj_4"
14976,23,5,"<p style=""color:rgb(150, 250, 100); font-size: 35px;"">他的</p>","other","ability","他的",5,413,413,"i","false",NA,NA,NA,NA,"phase_015_subj_4"
14977,23,5,"<p style=""color:rgb(150, 250, 100); font-size: 35px;"">别人</p>","other","ability","别人",5,733,733,"e","true",NA,NA,NA,NA,"phase_015_subj_4"
14978,23,5,"<p style=""color:rgb(150, 250, 100); font-size: 35px;"">他人</p>","other","ability","他人",5,408,408,"e","true",NA,NA,NA,NA,"phase_015_subj_4"
14979,23,5,"<p style=""color:rgb(150, 250, 100); font-size: 35px;"">自己的</p>","self","ability","自己的",5,496,496,"i","true",NA,NA,NA,NA,"phase_015_subj_4"
14980,23,5,"<p style=""color:rgb(150, 250, 100); font-size: 35px;"">我</p>","self","ability","我",5,481,481,"i","true",NA,NA,NA,NA,"phase_015_subj_4"
14981,23,5,"<p style=""color:rgb(150, 250, 100); font-size: 35px;"">我的</p>","self","ability","我的",5,455,455,"i","true",NA,NA,NA,NA,"phase_015_subj_4"
14982,23,5,"<p style=""color:rgb(150, 250, 100); font-size: 35px;"">他</p>","other","ability","他",5,495,495,"e","true",NA,NA,NA,NA,"phase_015_subj_4"
14983,23,6,"<p style=""color:white; font-size: 35px;"">无能</p>","negative","ability","无能",6,888,888,"i","true",NA,NA,NA,NA,"phase_015_subj_4"
14984,23,6,"<p style=""color:rgb(150, 250, 100); font-size: 35px;"">我的</p>","self","ability","我的",6,408,408,"i","true",NA,NA,NA,NA,"phase_015_subj_4"
14985,23,6,"<p style=""color:white; font-size: 35px;"">天才</p>","positive","ability","天才",6,637,637,"e","true",NA,NA,NA,NA,"phase_015_subj_4"
14986,23,6,"<p style=""color:rgb(150, 250, 100); font-size: 35px;"">别人</p>","other","ability","别人",6,690,690,"e","true",NA,NA,NA,NA,"phase_015_subj_4"
14987,23,6,"<p style=""color:white; font-size: 35px;"">精干</p>","positive","ability","精干",6,655,1163.42857142857,"i","false",NA,NA,NA,NA,"phase_015_subj_4"
14988,23,6,"<p style=""color:rgb(150, 250, 100); font-size: 35px;"">他人的</p>","other","ability","他人的",6,519,519,"e","true",NA,NA,NA,NA,"phase_015_subj_4"
14989,23,6,"<p style=""color:white; font-size: 35px;"">低能</p>","negative","ability","低能",6,524,524,"i","true",NA,NA,NA,NA,"phase_015_subj_4"
14990,23,6,"<p style=""color:rgb(150, 250, 100); font-size: 35px;"">自己</p>","self","ability","自己",6,442,442,"i","true",NA,NA,NA,NA,"phase_015_subj_4"
14991,23,6,"<p style=""color:white; font-size: 35px;"">拙笨</p>","negative","ability","拙笨",6,442,442,"i","true",NA,NA,NA,NA,"phase_015_subj_4"
14992,23,6,"<p style=""color:rgb(150, 250, 100); font-size: 35px;"">本人的</p>","self","ability","本人的",6,581,581,"i","true",NA,NA,NA,NA,"phase_015_subj_4"
14993,23,6,"<p style=""color:white; font-size: 35px;"">全才</p>","positive","ability","全才",6,582,582,"e","true",NA,NA,NA,NA,"phase_015_subj_4"
14994,23,6,"<p style=""color:rgb(150, 250, 100); font-size: 35px;"">别人的</p>","other","ability","别人的",6,511,511,"e","true",NA,NA,NA,NA,"phase_015_subj_4"
14995,23,6,"<p style=""color:white; font-size: 35px;"">蠢笨</p>","negative","ability","蠢笨",6,620,620,"i","true",NA,NA,NA,NA,"phase_015_subj_4"
14996,23,6,"<p style=""color:rgb(150, 250, 100); font-size: 35px;"">他的</p>","other","ability","他的",6,527,1163.42857142857,"i","false",NA,NA,NA,NA,"phase_015_subj_4"
14997,23,6,"<p style=""color:white; font-size: 35px;"">全能</p>","positive","ability","全能",6,517,1163.42857142857,"i","false",NA,NA,NA,NA,"phase_015_subj_4"
14998,23,6,"<p style=""color:rgb(150, 250, 100); font-size: 35px;"">我</p>","self","ability","我",6,482,482,"i","true",NA,NA,NA,NA,"phase_015_subj_4"
14999,23,6,"<p style=""color:white; font-size: 35px;"">高效</p>","positive","ability","高效",6,776,776,"e","true",NA,NA,NA,NA,"phase_015_subj_4"
15000,23,6,"<p style=""color:rgb(150, 250, 100); font-size: 35px;"">他人</p>","other","ability","他人",6,490,490,"e","true",NA,NA,NA,NA,"phase_015_subj_4"
15001,23,6,"<p style=""color:white; font-size: 35px;"">废物</p>","negative","ability","废物",6,634,634,"i","true",NA,NA,NA,NA,"phase_015_subj_4"
15002,23,6,"<p style=""color:rgb(150, 250, 100); font-size: 35px;"">自己的</p>","self","ability","自己的",6,492,492,"i","true",NA,NA,NA,NA,"phase_015_subj_4"
15003,23,6,"<p style=""color:white; font-size: 35px;"">愚钝</p>","negative","ability","愚钝",6,462,462,"i","true",NA,NA,NA,NA,"phase_015_subj_4"
15004,23,6,"<p style=""color:rgb(150, 250, 100); font-size: 35px;"">本人</p>","self","ability","本人",6,557,557,"i","true",NA,NA,NA,NA,"phase_015_subj_4"
15005,23,6,"<p style=""color:white; font-size: 35px;"">能干</p>","positive","ability","能干",6,680,680,"e","true",NA,NA,NA,NA,"phase_015_subj_4"
15006,23,6,"<p style=""color:rgb(150, 250, 100); font-size: 35px;"">他</p>","other","ability","他",6,415,415,"e","true",NA,NA,NA,NA,"phase_015_subj_4"
15007,23,7,"<p style=""color:white; font-size: 35px;"">无能</p>","negative","ability","无能",7,1535,1535,"i","true",NA,NA,NA,NA,"phase_015_subj_4"
15008,23,7,"<p style=""color:rgb(150, 250, 100); font-size: 35px;"">本人的</p>","self","ability","本人的",7,510,510,"i","true",NA,NA,NA,NA,"phase_015_subj_4"
15009,23,7,"<p style=""color:white; font-size: 35px;"">天才</p>","positive","ability","天才",7,573,573,"e","true",NA,NA,NA,NA,"phase_015_subj_4"
15010,23,7,"<p style=""color:rgb(150, 250, 100); font-size: 35px;"">他人的</p>","other","ability","他人的",7,407,407,"e","true",NA,NA,NA,NA,"phase_015_subj_4"
15011,23,7,"<p style=""color:white; font-size: 35px;"">天才</p>","positive","ability","天才",7,568,568,"e","true",NA,NA,NA,NA,"phase_015_subj_4"
15012,23,7,"<p style=""color:rgb(150, 250, 100); font-size: 35px;"">别人的</p>","other","ability","别人的",7,557,557,"e","true",NA,NA,NA,NA,"phase_015_subj_4"
15013,23,7,"<p style=""color:white; font-size: 35px;"">蠢笨</p>","negative","ability","蠢笨",7,511,511,"i","true",NA,NA,NA,NA,"phase_015_subj_4"
15014,23,7,"<p style=""color:rgb(150, 250, 100); font-size: 35px;"">我</p>","self","ability","我",7,455,455,"i","true",NA,NA,NA,NA,"phase_015_subj_4"
15015,23,7,"<p style=""color:white; font-size: 35px;"">低能</p>","negative","ability","低能",7,429,429,"i","true",NA,NA,NA,NA,"phase_015_subj_4"
15016,23,7,"<p style=""color:rgb(150, 250, 100); font-size: 35px;"">他人的</p>","other","ability","他人的",7,555,555,"e","true",NA,NA,NA,NA,"phase_015_subj_4"
15017,23,7,"<p style=""color:white; font-size: 35px;"">能干</p>","positive","ability","能干",7,572,572,"e","true",NA,NA,NA,NA,"phase_015_subj_4"
15018,23,7,"<p style=""color:rgb(150, 250, 100); font-size: 35px;"">自己的</p>","self","ability","自己的",7,443,443,"i","true",NA,NA,NA,NA,"phase_015_subj_4"
15019,23,7,"<p style=""color:white; font-size: 35px;"">蠢笨</p>","negative","ability","蠢笨",7,597,597,"i","true",NA,NA,NA,NA,"phase_015_subj_4"
15020,23,7,"<p style=""color:rgb(150, 250, 100); font-size: 35px;"">我的</p>","self","ability","我的",7,445,445,"i","true",NA,NA,NA,NA,"phase_015_subj_4"
15021,23,7,"<p style=""color:white; font-size: 35px;"">能干</p>","positive","ability","能干",7,605,605,"e","true",NA,NA,NA,NA,"phase_015_subj_4"
15022,23,7,"<p style=""color:rgb(150, 250, 100); font-size: 35px;"">别人</p>","other","ability","别人",7,775,775,"e","true",NA,NA,NA,NA,"phase_015_subj_4"
15023,23,7,"<p style=""color:white; font-size: 35px;"">拙笨</p>","negative","ability","拙笨",7,579,579,"i","true",NA,NA,NA,NA,"phase_015_subj_4"
15024,23,7,"<p style=""color:rgb(150, 250, 100); font-size: 35px;"">他人</p>","other","ability","他人",7,830,830,"e","true",NA,NA,NA,NA,"phase_015_subj_4"
15025,23,7,"<p style=""color:white; font-size: 35px;"">全才</p>","positive","ability","全才",7,658,658,"e","true",NA,NA,NA,NA,"phase_015_subj_4"
15026,23,7,"<p style=""color:rgb(150, 250, 100); font-size: 35px;"">我的</p>","self","ability","我的",7,486,486,"i","true",NA,NA,NA,NA,"phase_015_subj_4"
15027,23,7,"<p style=""color:white; font-size: 35px;"">高效</p>","positive","ability","高效",7,650,650,"e","true",NA,NA,NA,NA,"phase_015_subj_4"
15028,23,7,"<p style=""color:rgb(150, 250, 100); font-size: 35px;"">自己</p>","self","ability","自己",7,603,603,"i","true",NA,NA,NA,NA,"phase_015_subj_4"
15029,23,7,"<p style=""color:white; font-size: 35px;"">废物</p>","negative","ability","废物",7,489,1170.06666666667,"e","false",NA,NA,NA,NA,"phase_015_subj_4"
15030,23,7,"<p style=""color:rgb(150, 250, 100); font-size: 35px;"">他的</p>","other","ability","他的",7,532,532,"e","true",NA,NA,NA,NA,"phase_015_subj_4"
15031,23,7,"<p style=""color:white; font-size: 35px;"">低能</p>","negative","ability","低能",7,462,1170.06666666667,"e","false",NA,NA,NA,NA,"phase_015_subj_4"
15032,23,7,"<p style=""color:rgb(150, 250, 100); font-size: 35px;"">本人的</p>","self","ability","本人的",7,587,587,"i","true",NA,NA,NA,NA,"phase_015_subj_4"
15033,23,7,"<p style=""color:white; font-size: 35px;"">精干</p>","positive","ability","精干",7,574,574,"e","true",NA,NA,NA,NA,"phase_015_subj_4"
15034,23,7,"<p style=""color:rgb(150, 250, 100); font-size: 35px;"">别人</p>","other","ability","别人",7,570,570,"e","true",NA,NA,NA,NA,"phase_015_subj_4"
15035,23,7,"<p style=""color:white; font-size: 35px;"">全才</p>","positive","ability","全才",7,573,573,"e","true",NA,NA,NA,NA,"phase_015_subj_4"
15036,23,7,"<p style=""color:rgb(150, 250, 100); font-size: 35px;"">他</p>","other","ability","他",7,502,502,"e","true",NA,NA,NA,NA,"phase_015_subj_4"
15037,23,7,"<p style=""color:white; font-size: 35px;"">愚钝</p>","negative","ability","愚钝",7,497,1170.06666666667,"e","false",NA,NA,NA,NA,"phase_015_subj_4"
15038,23,7,"<p style=""color:rgb(150, 250, 100); font-size: 35px;"">我</p>","self","ability","我",7,616,616,"i","true",NA,NA,NA,NA,"phase_015_subj_4"
15039,23,7,"<p style=""color:white; font-size: 35px;"">拙笨</p>","negative","ability","拙笨",7,425,425,"i","true",NA,NA,NA,NA,"phase_015_subj_4"
15040,23,7,"<p style=""color:rgb(150, 250, 100); font-size: 35px;"">自己</p>","self","ability","自己",7,414,414,"i","true",NA,NA,NA,NA,"phase_015_subj_4"
15041,23,7,"<p style=""color:white; font-size: 35px;"">全能</p>","positive","ability","全能",7,656,656,"e","true",NA,NA,NA,NA,"phase_015_subj_4"
15042,23,7,"<p style=""color:rgb(150, 250, 100); font-size: 35px;"">别人的</p>","other","ability","别人的",7,564,564,"e","true",NA,NA,NA,NA,"phase_015_subj_4"
15043,23,7,"<p style=""color:white; font-size: 35px;"">愚钝</p>","negative","ability","愚钝",7,658,658,"i","true",NA,NA,NA,NA,"phase_015_subj_4"
15044,23,7,"<p style=""color:rgb(150, 250, 100); font-size: 35px;"">他</p>","other","ability","他",7,472,472,"e","true",NA,NA,NA,NA,"phase_015_subj_4"
15045,23,7,"<p style=""color:white; font-size: 35px;"">高效</p>","positive","ability","高效",7,425,425,"e","true",NA,NA,NA,NA,"phase_015_subj_4"
15046,23,7,"<p style=""color:rgb(150, 250, 100); font-size: 35px;"">本人</p>","self","ability","本人",7,759,759,"i","true",NA,NA,NA,NA,"phase_015_subj_4"
15047,23,7,"<p style=""color:white; font-size: 35px;"">无能</p>","negative","ability","无能",7,429,429,"i","true",NA,NA,NA,NA,"phase_015_subj_4"
15048,23,7,"<p style=""color:rgb(150, 250, 100); font-size: 35px;"">他人</p>","other","ability","他人",7,449,449,"e","true",NA,NA,NA,NA,"phase_015_subj_4"
15049,23,7,"<p style=""color:white; font-size: 35px;"">全能</p>","positive","ability","全能",7,493,493,"e","true",NA,NA,NA,NA,"phase_015_subj_4"
15050,23,7,"<p style=""color:rgb(150, 250, 100); font-size: 35px;"">本人</p>","self","ability","本人",7,638,638,"i","true",NA,NA,NA,NA,"phase_015_subj_4"
15051,23,7,"<p style=""color:white; font-size: 35px;"">废物</p>","negative","ability","废物",7,470,470,"i","true",NA,NA,NA,NA,"phase_015_subj_4"
15052,23,7,"<p style=""color:rgb(150, 250, 100); font-size: 35px;"">他的</p>","other","ability","他的",7,431,431,"e","true",NA,NA,NA,NA,"phase_015_subj_4"
15053,23,7,"<p style=""color:white; font-size: 35px;"">精干</p>","positive","ability","精干",7,588,588,"e","true",NA,NA,NA,NA,"phase_015_subj_4"
15054,23,7,"<p style=""color:rgb(150, 250, 100); font-size: 35px;"">自己的</p>","self","ability","自己的",7,485,485,"i","true",NA,NA,NA,NA,"phase_015_subj_4"
15055,526,NA,"
    <h3>词语分类任务</h3>
    <p>在接下来的任务中，你需要对一系列词语进行分类。</p>
    <p>请先熟悉这些词语，这有利于你完成接下来的任务。</p>
    <table align=""center"" border=1 cellpadding=3 cellspacing=0>
    <tr> <th>类别</th> <th>词语</th> </tr>
    <tr> <td>&emsp;积极&emsp;</td> <td>&emsp;能干、全能、全才、高效、精干、天才&emsp;</td> </tr>
    <tr> <td>&emsp;消极&emsp;</td> <td>&emsp;无能、低能、废物、拙笨、愚钝、蠢笨&emsp;</td> </tr>
    <tr> <td>&emsp;自我&emsp;</td> <td>&emsp;我、我的、自己、自己的、本人、本人的&emsp;</td> </tr>
    <tr> <td>&emsp;他人&emsp;</td> <td>&emsp;他、他的、别人、别人的、他人、他人的&emsp;</td> </tr>
    </table><br/>","","","",NA,10950,NA,"0","",2,1,NA,NA,"phase_015_subj_31"
15056,526,1,"<p style=""color:rgb(150, 250, 100); font-size: 35px;"">我的</p>","self","ability","我的",1,1564,1564,"e","true",NA,NA,NA,NA,"phase_015_subj_31"
15057,526,1,"<p style=""color:rgb(150, 250, 100); font-size: 35px;"">他人</p>","other","ability","他人",1,641,641,"i","true",NA,NA,NA,NA,"phase_015_subj_31"
15058,526,1,"<p style=""color:rgb(150, 250, 100); font-size: 35px;"">自己的</p>","self","ability","自己的",1,703,703,"e","true",NA,NA,NA,NA,"phase_015_subj_31"
15059,526,1,"<p style=""color:rgb(150, 250, 100); font-size: 35px;"">他人的</p>","other","ability","他人的",1,566,566,"i","true",NA,NA,NA,NA,"phase_015_subj_31"
15060,526,1,"<p style=""color:rgb(150, 250, 100); font-size: 35px;"">本人</p>","self","ability","本人",1,582,582,"e","true",NA,NA,NA,NA,"phase_015_subj_31"
15061,526,1,"<p style=""color:rgb(150, 250, 100); font-size: 35px;"">本人的</p>","self","ability","本人的",1,749,749,"e","true",NA,NA,NA,NA,"phase_015_subj_31"
15062,526,1,"<p style=""color:rgb(150, 250, 100); font-size: 35px;"">他的</p>","other","ability","他的",1,598,598,"i","true",NA,NA,NA,NA,"phase_015_subj_31"
15063,526,1,"<p style=""color:rgb(150, 250, 100); font-size: 35px;"">别人的</p>","other","ability","别人的",1,790,790,"i","true",NA,NA,NA,NA,"phase_015_subj_31"
15064,526,1,"<p style=""color:rgb(150, 250, 100); font-size: 35px;"">自己</p>","self","ability","自己",1,528,528,"e","true",NA,NA,NA,NA,"phase_015_subj_31"
15065,526,1,"<p style=""color:rgb(150, 250, 100); font-size: 35px;"">我</p>","self","ability","我",1,518,518,"e","true",NA,NA,NA,NA,"phase_015_subj_31"
15066,526,1,"<p style=""color:rgb(150, 250, 100); font-size: 35px;"">别人</p>","other","ability","别人",1,458,458,"i","true",NA,NA,NA,NA,"phase_015_subj_31"
15067,526,1,"<p style=""color:rgb(150, 250, 100); font-size: 35px;"">他</p>","other","ability","他",1,530,530,"i","true",NA,NA,NA,NA,"phase_015_subj_31"
15068,526,2,"<p style=""color:white; font-size: 35px;"">能干</p>","positive","ability","能干",2,743,743,"i","true",NA,NA,NA,NA,"phase_015_subj_31"
15069,526,2,"<p style=""color:white; font-size: 35px;"">无能</p>","negative","ability","无能",2,627,627,"e","true",NA,NA,NA,NA,"phase_015_subj_31"
15070,526,2,"<p style=""color:white; font-size: 35px;"">蠢笨</p>","negative","ability","蠢笨",2,1192,1192,"e","true",NA,NA,NA,NA,"phase_015_subj_31"
15071,526,2,"<p style=""color:white; font-size: 35px;"">废物</p>","negative","ability","废物",2,582,582,"e","true",NA,NA,NA,NA,"phase_015_subj_31"
15072,526,2,"<p style=""color:white; font-size: 35px;"">愚钝</p>","negative","ability","愚钝",2,715,715,"e","true",NA,NA,NA,NA,"phase_015_subj_31"
15073,526,2,"<p style=""color:white; font-size: 35px;"">全才</p>","positive","ability","全才",2,548,548,"i","true",NA,NA,NA,NA,"phase_015_subj_31"
15074,526,2,"<p style=""color:white; font-size: 35px;"">天才</p>","positive","ability","天才",2,655,655,"i","true",NA,NA,NA,NA,"phase_015_subj_31"
15075,526,2,"<p style=""color:white; font-size: 35px;"">拙笨</p>","negative","ability","拙笨",2,593,593,"e","true",NA,NA,NA,NA,"phase_015_subj_31"
15076,526,2,"<p style=""color:white; font-size: 35px;"">高效</p>","positive","ability","高效",2,672,672,"i","true",NA,NA,NA,NA,"phase_015_subj_31"
15077,526,2,"<p style=""color:white; font-size: 35px;"">全能</p>","positive","ability","全能",2,687,687,"i","true",NA,NA,NA,NA,"phase_015_subj_31"
15078,526,2,"<p style=""color:white; font-size: 35px;"">精干</p>","positive","ability","精干",2,632,632,"i","true",NA,NA,NA,NA,"phase_015_subj_31"
15079,526,2,"<p style=""color:white; font-size: 35px;"">低能</p>","negative","ability","低能",2,484,484,"i","false",NA,NA,NA,NA,"phase_015_subj_31"
15080,526,3,"<p style=""color:rgb(150, 250, 100); font-size: 35px;"">别人的</p>","other","ability","别人的",3,1984,1984,"i","true",NA,NA,NA,NA,"phase_015_subj_31"
15081,526,3,"<p style=""color:white; font-size: 35px;"">低能</p>","negative","ability","低能",3,1216,1216,"e","true",NA,NA,NA,NA,"phase_015_subj_31"
15082,526,3,"<p style=""color:rgb(150, 250, 100); font-size: 35px;"">我的</p>","self","ability","我的",3,1427,1427,"e","true",NA,NA,NA,NA,"phase_015_subj_31"
15083,526,3,"<p style=""color:white; font-size: 35px;"">天才</p>","positive","ability","天才",3,1844,1844,"i","true",NA,NA,NA,NA,"phase_015_subj_31"
15084,526,3,"<p style=""color:rgb(150, 250, 100); font-size: 35px;"">别人</p>","other","ability","别人",3,1118,1118,"i","true",NA,NA,NA,NA,"phase_015_subj_31"
15085,526,3,"<p style=""color:white; font-size: 35px;"">精干</p>","positive","ability","精干",3,2844,2844,"i","true",NA,NA,NA,NA,"phase_015_subj_31"
15086,526,3,"<p style=""color:rgb(150, 250, 100); font-size: 35px;"">自己</p>","self","ability","自己",3,761,761,"e","true",NA,NA,NA,NA,"phase_015_subj_31"
15087,526,3,"<p style=""color:white; font-size: 35px;"">无能</p>","negative","ability","无能",3,513,513,"e","true",NA,NA,NA,NA,"phase_015_subj_31"
15088,526,3,"<p style=""color:rgb(150, 250, 100); font-size: 35px;"">他人的</p>","other","ability","他人的",3,607,607,"i","true",NA,NA,NA,NA,"phase_015_subj_31"
15089,526,3,"<p style=""color:white; font-size: 35px;"">废物</p>","negative","ability","废物",3,1630,1630,"e","true",NA,NA,NA,NA,"phase_015_subj_31"
15090,526,3,"<p style=""color:rgb(150, 250, 100); font-size: 35px;"">自己的</p>","self","ability","自己的",3,741,741,"e","true",NA,NA,NA,NA,"phase_015_subj_31"
15091,526,3,"<p style=""color:white; font-size: 35px;"">能干</p>","positive","ability","能干",3,1115,1115,"i","true",NA,NA,NA,NA,"phase_015_subj_31"
15092,526,3,"<p style=""color:rgb(150, 250, 100); font-size: 35px;"">本人的</p>","self","ability","本人的",3,754,754,"e","true",NA,NA,NA,NA,"phase_015_subj_31"
15093,526,3,"<p style=""color:white; font-size: 35px;"">愚钝</p>","negative","ability","愚钝",3,2405,2405,"e","true",NA,NA,NA,NA,"phase_015_subj_31"
15094,526,3,"<p style=""color:rgb(150, 250, 100); font-size: 35px;"">他人</p>","other","ability","他人",3,1311,1311,"i","true",NA,NA,NA,NA,"phase_015_subj_31"
15095,526,3,"<p style=""color:white; font-size: 35px;"">全能</p>","positive","ability","全能",3,615,615,"i","true",NA,NA,NA,NA,"phase_015_subj_31"
15096,526,3,"<p style=""color:rgb(150, 250, 100); font-size: 35px;"">我</p>","self","ability","我",3,565,565,"e","true",NA,NA,NA,NA,"phase_015_subj_31"
15097,526,3,"<p style=""color:white; font-size: 35px;"">高效</p>","positive","ability","高效",3,2308,2308,"i","true",NA,NA,NA,NA,"phase_015_subj_31"
15098,526,3,"<p style=""color:rgb(150, 250, 100); font-size: 35px;"">他</p>","other","ability","他",3,877,877,"i","true",NA,NA,NA,NA,"phase_015_subj_31"
15099,526,3,"<p style=""color:white; font-size: 35px;"">蠢笨</p>","negative","ability","蠢笨",3,662,662,"e","true",NA,NA,NA,NA,"phase_015_subj_31"
15100,526,3,"<p style=""color:rgb(150, 250, 100); font-size: 35px;"">本人</p>","self","ability","本人",3,660,660,"e","true",NA,NA,NA,NA,"phase_015_subj_31"
15101,526,3,"<p style=""color:white; font-size: 35px;"">拙笨</p>","negative","ability","拙笨",3,622,622,"e","true",NA,NA,NA,NA,"phase_015_subj_31"
15102,526,3,"<p style=""color:rgb(150, 250, 100); font-size: 35px;"">他的</p>","other","ability","他的",3,590,590,"i","true",NA,NA,NA,NA,"phase_015_subj_31"
15103,526,3,"<p style=""color:white; font-size: 35px;"">全才</p>","positive","ability","全才",3,464,464,"i","true",NA,NA,NA,NA,"phase_015_subj_31"
15104,526,4,"<p style=""color:rgb(150, 250, 100); font-size: 35px;"">他人</p>","other","ability","他人",4,1653,1653,"i","true",NA,NA,NA,NA,"phase_015_subj_31"
15105,526,4,"<p style=""color:white; font-size: 35px;"">无能</p>","negative","ability","无能",4,1035,1035,"e","true",NA,NA,NA,NA,"phase_015_subj_31"
15106,526,4,"<p style=""color:rgb(150, 250, 100); font-size: 35px;"">自己的</p>","self","ability","自己的",4,675,675,"e","true",NA,NA,NA,NA,"phase_015_subj_31"
15107,526,4,"<p style=""color:white; font-size: 35px;"">全能</p>","positive","ability","全能",4,494,494,"i","true",NA,NA,NA,NA,"phase_015_subj_31"
15108,526,4,"<p style=""color:rgb(150, 250, 100); font-size: 35px;"">本人</p>","self","ability","本人",4,564,564,"e","true",NA,NA,NA,NA,"phase_015_subj_31"
15109,526,4,"<p style=""color:white; font-size: 35px;"">愚钝</p>","negative","ability","愚钝",4,561,561,"e","true",NA,NA,NA,NA,"phase_015_subj_31"
15110,526,4,"<p style=""color:rgb(150, 250, 100); font-size: 35px;"">别人</p>","other","ability","别人",4,586,586,"i","true",NA,NA,NA,NA,"phase_015_subj_31"
15111,526,4,"<p style=""color:white; font-size: 35px;"">全才</p>","positive","ability","全才",4,536,536,"i","true",NA,NA,NA,NA,"phase_015_subj_31"
15112,526,4,"<p style=""color:rgb(150, 250, 100); font-size: 35px;"">他</p>","other","ability","他",4,488,488,"i","true",NA,NA,NA,NA,"phase_015_subj_31"
15113,526,4,"<p style=""color:white; font-size: 35px;"">全才</p>","positive","ability","全才",4,432,432,"i","true",NA,NA,NA,NA,"phase_015_subj_31"
15114,526,4,"<p style=""color:rgb(150, 250, 100); font-size: 35px;"">我</p>","self","ability","我",4,655,655,"e","true",NA,NA,NA,NA,"phase_015_subj_31"
15115,526,4,"<p style=""color:white; font-size: 35px;"">蠢笨</p>","negative","ability","蠢笨",4,557,557,"e","true",NA,NA,NA,NA,"phase_015_subj_31"
15116,526,4,"<p style=""color:rgb(150, 250, 100); font-size: 35px;"">他</p>","other","ability","他",4,540,540,"i","true",NA,NA,NA,NA,"phase_015_subj_31"
15117,526,4,"<p style=""color:white; font-size: 35px;"">无能</p>","negative","ability","无能",4,782,782,"e","true",NA,NA,NA,NA,"phase_015_subj_31"
15118,526,4,"<p style=""color:rgb(150, 250, 100); font-size: 35px;"">自己</p>","self","ability","自己",4,576,576,"e","true",NA,NA,NA,NA,"phase_015_subj_31"
15119,526,4,"<p style=""color:white; font-size: 35px;"">能干</p>","positive","ability","能干",4,545,545,"i","true",NA,NA,NA,NA,"phase_015_subj_31"
15120,526,4,"<p style=""color:rgb(150, 250, 100); font-size: 35px;"">自己</p>","self","ability","自己",4,594,594,"e","true",NA,NA,NA,NA,"phase_015_subj_31"
15121,526,4,"<p style=""color:white; font-size: 35px;"">天才</p>","positive","ability","天才",4,873,873,"i","true",NA,NA,NA,NA,"phase_015_subj_31"
15122,526,4,"<p style=""color:rgb(150, 250, 100); font-size: 35px;"">他人</p>","other","ability","他人",4,470,470,"i","true",NA,NA,NA,NA,"phase_015_subj_31"
15123,526,4,"<p style=""color:white; font-size: 35px;"">拙笨</p>","negative","ability","拙笨",4,572,572,"e","true",NA,NA,NA,NA,"phase_015_subj_31"
15124,526,4,"<p style=""color:rgb(150, 250, 100); font-size: 35px;"">他的</p>","other","ability","他的",4,1000,1000,"i","true",NA,NA,NA,NA,"phase_015_subj_31"
15125,526,4,"<p style=""color:white; font-size: 35px;"">废物</p>","negative","ability","废物",4,696,1260.70454545455,"i","false",NA,NA,NA,NA,"phase_015_subj_31"
15126,526,4,"<p style=""color:rgb(150, 250, 100); font-size: 35px;"">本人的</p>","self","ability","本人的",4,1105,1105,"e","true",NA,NA,NA,NA,"phase_015_subj_31"
15127,526,4,"<p style=""color:white; font-size: 35px;"">高效</p>","positive","ability","高效",4,359,1260.70454545455,"e","false",NA,NA,NA,NA,"phase_015_subj_31"
15128,526,4,"<p style=""color:rgb(150, 250, 100); font-size: 35px;"">我</p>","self","ability","我",4,186,1260.70454545455,"i","false",NA,NA,NA,NA,"phase_015_subj_31"
15129,526,4,"<p style=""color:white; font-size: 35px;"">天才</p>","positive","ability","天才",4,584,584,"i","true",NA,NA,NA,NA,"phase_015_subj_31"
15130,526,4,"<p style=""color:rgb(150, 250, 100); font-size: 35px;"">别人</p>","other","ability","别人",4,1130,1130,"i","true",NA,NA,NA,NA,"phase_015_subj_31"
15131,526,4,"<p style=""color:white; font-size: 35px;"">拙笨</p>","negative","ability","拙笨",4,511,511,"e","true",NA,NA,NA,NA,"phase_015_subj_31"
15132,526,4,"<p style=""color:rgb(150, 250, 100); font-size: 35px;"">别人的</p>","other","ability","别人的",4,524,524,"i","true",NA,NA,NA,NA,"phase_015_subj_31"
15133,526,4,"<p style=""color:white; font-size: 35px;"">精干</p>","positive","ability","精干",4,469,469,"i","true",NA,NA,NA,NA,"phase_015_subj_31"
15134,526,4,"<p style=""color:rgb(150, 250, 100); font-size: 35px;"">本人的</p>","self","ability","本人的",4,722,722,"e","true",NA,NA,NA,NA,"phase_015_subj_31"
15135,526,4,"<p style=""color:white; font-size: 35px;"">废物</p>","negative","ability","废物",4,596,596,"e","true",NA,NA,NA,NA,"phase_015_subj_31"
15136,526,4,"<p style=""color:rgb(150, 250, 100); font-size: 35px;"">我的</p>","self","ability","我的",4,516,516,"e","true",NA,NA,NA,NA,"phase_015_subj_31"
15137,526,4,"<p style=""color:white; font-size: 35px;"">低能</p>","negative","ability","低能",4,1435,1435,"e","true",NA,NA,NA,NA,"phase_015_subj_31"
15138,526,4,"<p style=""color:rgb(150, 250, 100); font-size: 35px;"">他的</p>","other","ability","他的",4,578,578,"i","true",NA,NA,NA,NA,"phase_015_subj_31"
15139,526,4,"<p style=""color:white; font-size: 35px;"">全能</p>","positive","ability","全能",4,561,561,"i","true",NA,NA,NA,NA,"phase_015_subj_31"
15140,526,4,"<p style=""color:rgb(150, 250, 100); font-size: 35px;"">他人的</p>","other","ability","他人的",4,478,478,"i","true",NA,NA,NA,NA,"phase_015_subj_31"
15141,526,4,"<p style=""color:white; font-size: 35px;"">高效</p>","positive","ability","高效",4,627,627,"i","true",NA,NA,NA,NA,"phase_015_subj_31"
15142,526,4,"<p style=""color:rgb(150, 250, 100); font-size: 35px;"">我的</p>","self","ability","我的",4,667,667,"e","true",NA,NA,NA,NA,"phase_015_subj_31"
15143,526,4,"<p style=""color:white; font-size: 35px;"">蠢笨</p>","negative","ability","蠢笨",4,582,582,"e","true",NA,NA,NA,NA,"phase_015_subj_31"
15144,526,4,"<p style=""color:rgb(150, 250, 100); font-size: 35px;"">自己的</p>","self","ability","自己的",4,493,493,"e","true",NA,NA,NA,NA,"phase_015_subj_31"
15145,526,4,"<p style=""color:white; font-size: 35px;"">愚钝</p>","negative","ability","愚钝",4,436,436,"e","true",NA,NA,NA,NA,"phase_015_subj_31"
15146,526,4,"<p style=""color:rgb(150, 250, 100); font-size: 35px;"">他人的</p>","other","ability","他人的",4,305,1260.70454545455,"e","false",NA,NA,NA,NA,"phase_015_subj_31"
15147,526,4,"<p style=""color:white; font-size: 35px;"">能干</p>","positive","ability","能干",4,558,558,"i","true",NA,NA,NA,NA,"phase_015_subj_31"
15148,526,4,"<p style=""color:rgb(150, 250, 100); font-size: 35px;"">别人的</p>","other","ability","别人的",4,658,658,"i","true",NA,NA,NA,NA,"phase_015_subj_31"
15149,526,4,"<p style=""color:white; font-size: 35px;"">精干</p>","positive","ability","精干",4,589,589,"i","true",NA,NA,NA,NA,"phase_015_subj_31"
15150,526,4,"<p style=""color:rgb(150, 250, 100); font-size: 35px;"">本人</p>","self","ability","本人",4,541,541,"e","true",NA,NA,NA,NA,"phase_015_subj_31"
15151,526,4,"<p style=""color:white; font-size: 35px;"">低能</p>","negative","ability","低能",4,523,523,"e","true",NA,NA,NA,NA,"phase_015_subj_31"
15152,526,5,"<p style=""color:rgb(150, 250, 100); font-size: 35px;"">别人</p>","other","ability","别人",5,1699,1699,"e","true",NA,NA,NA,NA,"phase_015_subj_31"
15153,526,5,"<p style=""color:rgb(150, 250, 100); font-size: 35px;"">自己的</p>","self","ability","自己的",5,1998,1998,"i","true",NA,NA,NA,NA,"phase_015_subj_31"
15154,526,5,"<p style=""color:rgb(150, 250, 100); font-size: 35px;"">他</p>","other","ability","他",5,2091,2091,"e","true",NA,NA,NA,NA,"phase_015_subj_31"
15155,526,5,"<p style=""color:rgb(150, 250, 100); font-size: 35px;"">他人的</p>","other","ability","他人的",5,501,501,"e","true",NA,NA,NA,NA,"phase_015_subj_31"
15156,526,5,"<p style=""color:rgb(150, 250, 100); font-size: 35px;"">自己的</p>","self","ability","自己的",5,408,408,"i","true",NA,NA,NA,NA,"phase_015_subj_31"
15157,526,5,"<p style=""color:rgb(150, 250, 100); font-size: 35px;"">他人</p>","other","ability","他人",5,614,614,"e","true",NA,NA,NA,NA,"phase_015_subj_31"
15158,526,5,"<p style=""color:rgb(150, 250, 100); font-size: 35px;"">我</p>","self","ability","我",5,794,794,"i","true",NA,NA,NA,NA,"phase_015_subj_31"
15159,526,5,"<p style=""color:rgb(150, 250, 100); font-size: 35px;"">自己</p>","self","ability","自己",5,533,533,"i","true",NA,NA,NA,NA,"phase_015_subj_31"
15160,526,5,"<p style=""color:rgb(150, 250, 100); font-size: 35px;"">他人的</p>","other","ability","他人的",5,529,529,"e","true",NA,NA,NA,NA,"phase_015_subj_31"
15161,526,5,"<p style=""color:rgb(150, 250, 100); font-size: 35px;"">自己</p>","self","ability","自己",5,367,367,"i","true",NA,NA,NA,NA,"phase_015_subj_31"
15162,526,5,"<p style=""color:rgb(150, 250, 100); font-size: 35px;"">别人</p>","other","ability","别人",5,594,594,"e","true",NA,NA,NA,NA,"phase_015_subj_31"
15163,526,5,"<p style=""color:rgb(150, 250, 100); font-size: 35px;"">本人的</p>","self","ability","本人的",5,623,623,"i","true",NA,NA,NA,NA,"phase_015_subj_31"
15164,526,5,"<p style=""color:rgb(150, 250, 100); font-size: 35px;"">别人的</p>","other","ability","别人的",5,338,338,"e","true",NA,NA,NA,NA,"phase_015_subj_31"
15165,526,5,"<p style=""color:rgb(150, 250, 100); font-size: 35px;"">他人</p>","other","ability","他人",5,560,560,"e","true",NA,NA,NA,NA,"phase_015_subj_31"
15166,526,5,"<p style=""color:rgb(150, 250, 100); font-size: 35px;"">本人的</p>","self","ability","本人的",5,405,405,"i","true",NA,NA,NA,NA,"phase_015_subj_31"
15167,526,5,"<p style=""color:rgb(150, 250, 100); font-size: 35px;"">本人</p>","self","ability","本人",5,403,403,"i","true",NA,NA,NA,NA,"phase_015_subj_31"
15168,526,5,"<p style=""color:rgb(150, 250, 100); font-size: 35px;"">我的</p>","self","ability","我的",5,480,480,"i","true",NA,NA,NA,NA,"phase_015_subj_31"
15169,526,5,"<p style=""color:rgb(150, 250, 100); font-size: 35px;"">他的</p>","other","ability","他的",5,510,510,"e","true",NA,NA,NA,NA,"phase_015_subj_31"
15170,526,5,"<p style=""color:rgb(150, 250, 100); font-size: 35px;"">他</p>","other","ability","他",5,389,389,"e","true",NA,NA,NA,NA,"phase_015_subj_31"
15171,526,5,"<p style=""color:rgb(150, 250, 100); font-size: 35px;"">他的</p>","other","ability","他的",5,367,367,"e","true",NA,NA,NA,NA,"phase_015_subj_31"
15172,526,5,"<p style=""color:rgb(150, 250, 100); font-size: 35px;"">别人的</p>","other","ability","别人的",5,554,554,"e","true",NA,NA,NA,NA,"phase_015_subj_31"
15173,526,5,"<p style=""color:rgb(150, 250, 100); font-size: 35px;"">我</p>","self","ability","我",5,419,419,"i","true",NA,NA,NA,NA,"phase_015_subj_31"
15174,526,5,"<p style=""color:rgb(150, 250, 100); font-size: 35px;"">本人</p>","self","ability","本人",5,460,460,"i","true",NA,NA,NA,NA,"phase_015_subj_31"
15175,526,5,"<p style=""color:rgb(150, 250, 100); font-size: 35px;"">我的</p>","self","ability","我的",5,437,437,"i","true",NA,NA,NA,NA,"phase_015_subj_31"
15176,526,6,"<p style=""color:white; font-size: 35px;"">能干</p>","positive","ability","能干",6,2510,2510,"i","true",NA,NA,NA,NA,"phase_015_subj_31"
15177,526,6,"<p style=""color:rgb(150, 250, 100); font-size: 35px;"">他人的</p>","other","ability","他人的",6,711,711,"e","true",NA,NA,NA,NA,"phase_015_subj_31"
15178,526,6,"<p style=""color:white; font-size: 35px;"">无能</p>","negative","ability","无能",6,1533,1401.18181818182,"i","false",NA,NA,NA,NA,"phase_015_subj_31"
15179,526,6,"<p style=""color:rgb(150, 250, 100); font-size: 35px;"">本人的</p>","self","ability","本人的",6,1831,1831,"i","true",NA,NA,NA,NA,"phase_015_subj_31"
15180,526,6,"<p style=""color:white; font-size: 35px;"">高效</p>","positive","ability","高效",6,564,564,"i","true",NA,NA,NA,NA,"phase_015_subj_31"
15181,526,6,"<p style=""color:rgb(150, 250, 100); font-size: 35px;"">他</p>","other","ability","他",6,701,701,"e","true",NA,NA,NA,NA,"phase_015_subj_31"
15182,526,6,"<p style=""color:white; font-size: 35px;"">低能</p>","negative","ability","低能",6,499,499,"e","true",NA,NA,NA,NA,"phase_015_subj_31"
15183,526,6,"<p style=""color:rgb(150, 250, 100); font-size: 35px;"">自己的</p>","self","ability","自己的",6,549,549,"i","true",NA,NA,NA,NA,"phase_015_subj_31"
15184,526,6,"<p style=""color:white; font-size: 35px;"">蠢笨</p>","negative","ability","蠢笨",6,868,868,"e","true",NA,NA,NA,NA,"phase_015_subj_31"
15185,526,6,"<p style=""color:rgb(150, 250, 100); font-size: 35px;"">他人</p>","other","ability","他人",6,701,701,"e","true",NA,NA,NA,NA,"phase_015_subj_31"
15186,526,6,"<p style=""color:white; font-size: 35px;"">精干</p>","positive","ability","精干",6,699,699,"i","true",NA,NA,NA,NA,"phase_015_subj_31"
15187,526,6,"<p style=""color:rgb(150, 250, 100); font-size: 35px;"">我</p>","self","ability","我",6,490,490,"i","true",NA,NA,NA,NA,"phase_015_subj_31"
15188,526,6,"<p style=""color:white; font-size: 35px;"">愚钝</p>","negative","ability","愚钝",6,936,936,"e","true",NA,NA,NA,NA,"phase_015_subj_31"
15189,526,6,"<p style=""color:rgb(150, 250, 100); font-size: 35px;"">本人</p>","self","ability","本人",6,680,680,"i","true",NA,NA,NA,NA,"phase_015_subj_31"
15190,526,6,"<p style=""color:white; font-size: 35px;"">全能</p>","positive","ability","全能",6,740,740,"i","true",NA,NA,NA,NA,"phase_015_subj_31"
15191,526,6,"<p style=""color:rgb(150, 250, 100); font-size: 35px;"">别人</p>","other","ability","别人",6,641,641,"e","true",NA,NA,NA,NA,"phase_015_subj_31"
15192,526,6,"<p style=""color:white; font-size: 35px;"">废物</p>","negative","ability","废物",6,879,879,"e","true",NA,NA,NA,NA,"phase_015_subj_31"
15193,526,6,"<p style=""color:rgb(150, 250, 100); font-size: 35px;"">别人的</p>","other","ability","别人的",6,508,1401.18181818182,"i","false",NA,NA,NA,NA,"phase_015_subj_31"
15194,526,6,"<p style=""color:white; font-size: 35px;"">全才</p>","positive","ability","全才",6,1442,1442,"i","true",NA,NA,NA,NA,"phase_015_subj_31"
15195,526,6,"<p style=""color:rgb(150, 250, 100); font-size: 35px;"">我的</p>","self","ability","我的",6,366,366,"i","true",NA,NA,NA,NA,"phase_015_subj_31"
15196,526,6,"<p style=""color:white; font-size: 35px;"">天才</p>","positive","ability","天才",6,459,459,"i","true",NA,NA,NA,NA,"phase_015_subj_31"
15197,526,6,"<p style=""color:rgb(150, 250, 100); font-size: 35px;"">自己</p>","self","ability","自己",6,461,461,"i","true",NA,NA,NA,NA,"phase_015_subj_31"
15198,526,6,"<p style=""color:white; font-size: 35px;"">拙笨</p>","negative","ability","拙笨",6,535,535,"e","true",NA,NA,NA,NA,"phase_015_subj_31"
15199,526,6,"<p style=""color:rgb(150, 250, 100); font-size: 35px;"">他的</p>","other","ability","他的",6,364,364,"e","true",NA,NA,NA,NA,"phase_015_subj_31"
15200,526,7,"<p style=""color:white; font-size: 35px;"">全才</p>","positive","ability","全才",7,3449,3449,"i","true",NA,NA,NA,NA,"phase_015_subj_31"
15201,526,7,"<p style=""color:rgb(150, 250, 100); font-size: 35px;"">本人</p>","self","ability","本人",7,505,505,"i","true",NA,NA,NA,NA,"phase_015_subj_31"
15202,526,7,"<p style=""color:white; font-size: 35px;"">无能</p>","negative","ability","无能",7,547,547,"e","true",NA,NA,NA,NA,"phase_015_subj_31"
15203,526,7,"<p style=""color:rgb(150, 250, 100); font-size: 35px;"">别人的</p>","other","ability","别人的",7,552,552,"e","true",NA,NA,NA,NA,"phase_015_subj_31"
15204,526,7,"<p style=""color:white; font-size: 35px;"">蠢笨</p>","negative","ability","蠢笨",7,825,825,"e","true",NA,NA,NA,NA,"phase_015_subj_31"
15205,526,7,"<p style=""color:rgb(150, 250, 100); font-size: 35px;"">他人</p>","other","ability","他人",7,822,822,"e","true",NA,NA,NA,NA,"phase_015_subj_31"
15206,526,7,"<p style=""color:white; font-size: 35px;"">全才</p>","positive","ability","全才",7,575,575,"i","true",NA,NA,NA,NA,"phase_015_subj_31"
15207,526,7,"<p style=""color:rgb(150, 250, 100); font-size: 35px;"">我的</p>","self","ability","我的",7,354,354,"i","true",NA,NA,NA,NA,"phase_015_subj_31"
15208,526,7,"<p style=""color:white; font-size: 35px;"">低能</p>","negative","ability","低能",7,547,547,"e","true",NA,NA,NA,NA,"phase_015_subj_31"
15209,526,7,"<p style=""color:rgb(150, 250, 100); font-size: 35px;"">自己</p>","self","ability","自己",7,493,493,"i","true",NA,NA,NA,NA,"phase_015_subj_31"
15210,526,7,"<p style=""color:white; font-size: 35px;"">高效</p>","positive","ability","高效",7,1168,1168,"i","true",NA,NA,NA,NA,"phase_015_subj_31"
15211,526,7,"<p style=""color:rgb(150, 250, 100); font-size: 35px;"">他</p>","other","ability","他",7,534,534,"e","true",NA,NA,NA,NA,"phase_015_subj_31"
15212,526,7,"<p style=""color:white; font-size: 35px;"">愚钝</p>","negative","ability","愚钝",7,487,487,"e","true",NA,NA,NA,NA,"phase_015_subj_31"
15213,526,7,"<p style=""color:rgb(150, 250, 100); font-size: 35px;"">别人的</p>","other","ability","别人的",7,935,935,"e","true",NA,NA,NA,NA,"phase_015_subj_31"
15214,526,7,"<p style=""color:white; font-size: 35px;"">天才</p>","positive","ability","天才",7,524,524,"i","true",NA,NA,NA,NA,"phase_015_subj_31"
15215,526,7,"<p style=""color:rgb(150, 250, 100); font-size: 35px;"">自己的</p>","self","ability","自己的",7,440,440,"i","true",NA,NA,NA,NA,"phase_015_subj_31"
15216,526,7,"<p style=""color:white; font-size: 35px;"">废物</p>","negative","ability","废物",7,513,513,"e","true",NA,NA,NA,NA,"phase_015_subj_31"
15217,526,7,"<p style=""color:rgb(150, 250, 100); font-size: 35px;"">我</p>","self","ability","我",7,501,501,"i","true",NA,NA,NA,NA,"phase_015_subj_31"
15218,526,7,"<p style=""color:white; font-size: 35px;"">能干</p>","positive","ability","能干",7,466,466,"i","true",NA,NA,NA,NA,"phase_015_subj_31"
15219,526,7,"<p style=""color:rgb(150, 250, 100); font-size: 35px;"">他人的</p>","other","ability","他人的",7,598,598,"e","true",NA,NA,NA,NA,"phase_015_subj_31"
15220,526,7,"<p style=""color:white; font-size: 35px;"">高效</p>","positive","ability","高效",7,468,468,"i","true",NA,NA,NA,NA,"phase_015_subj_31"
15221,526,7,"<p style=""color:rgb(150, 250, 100); font-size: 35px;"">他的</p>","other","ability","他的",7,663,663,"e","true",NA,NA,NA,NA,"phase_015_subj_31"
15222,526,7,"<p style=""color:white; font-size: 35px;"">低能</p>","negative","ability","低能",7,622,622,"e","true",NA,NA,NA,NA,"phase_015_subj_31"
15223,526,7,"<p style=""color:rgb(150, 250, 100); font-size: 35px;"">自己</p>","self","ability","自己",7,510,510,"i","true",NA,NA,NA,NA,"phase_015_subj_31"
15224,526,7,"<p style=""color:white; font-size: 35px;"">全能</p>","positive","ability","全能",7,592,1245.91111111111,"e","false",NA,NA,NA,NA,"phase_015_subj_31"
15225,526,7,"<p style=""color:rgb(150, 250, 100); font-size: 35px;"">他人的</p>","other","ability","他人的",7,624,624,"e","true",NA,NA,NA,NA,"phase_015_subj_31"
15226,526,7,"<p style=""color:white; font-size: 35px;"">拙笨</p>","negative","ability","拙笨",7,463,463,"e","true",NA,NA,NA,NA,"phase_015_subj_31"
15227,526,7,"<p style=""color:rgb(150, 250, 100); font-size: 35px;"">我的</p>","self","ability","我的",7,477,477,"i","true",NA,NA,NA,NA,"phase_015_subj_31"
15228,526,7,"<p style=""color:white; font-size: 35px;"">精干</p>","positive","ability","精干",7,458,458,"i","true",NA,NA,NA,NA,"phase_015_subj_31"
15229,526,7,"<p style=""color:rgb(150, 250, 100); font-size: 35px;"">他</p>","other","ability","他",7,578,578,"e","true",NA,NA,NA,NA,"phase_015_subj_31"
15230,526,7,"<p style=""color:white; font-size: 35px;"">拙笨</p>","negative","ability","拙笨",7,668,668,"e","true",NA,NA,NA,NA,"phase_015_subj_31"
15231,526,7,"<p style=""color:rgb(150, 250, 100); font-size: 35px;"">我</p>","self","ability","我",7,512,512,"i","true",NA,NA,NA,NA,"phase_015_subj_31"
15232,526,7,"<p style=""color:white; font-size: 35px;"">废物</p>","negative","ability","废物",7,558,558,"e","true",NA,NA,NA,NA,"phase_015_subj_31"
15233,526,7,"<p style=""color:rgb(150, 250, 100); font-size: 35px;"">他人</p>","other","ability","他人",7,499,499,"e","true",NA,NA,NA,NA,"phase_015_subj_31"
15234,526,7,"<p style=""color:white; font-size: 35px;"">能干</p>","positive","ability","能干",7,632,632,"i","true",NA,NA,NA,NA,"phase_015_subj_31"
15235,526,7,"<p style=""color:rgb(150, 250, 100); font-size: 35px;"">本人</p>","self","ability","本人",7,511,511,"i","true",NA,NA,NA,NA,"phase_015_subj_31"
15236,526,7,"<p style=""color:white; font-size: 35px;"">天才</p>","positive","ability","天才",7,487,487,"i","true",NA,NA,NA,NA,"phase_015_subj_31"
15237,526,7,"<p style=""color:rgb(150, 250, 100); font-size: 35px;"">自己的</p>","self","ability","自己的",7,516,516,"i","true",NA,NA,NA,NA,"phase_015_subj_31"
15238,526,7,"<p style=""color:white; font-size: 35px;"">愚钝</p>","negative","ability","愚钝",7,590,590,"e","true",NA,NA,NA,NA,"phase_015_subj_31"
15239,526,7,"<p style=""color:rgb(150, 250, 100); font-size: 35px;"">别人</p>","other","ability","别人",7,671,1245.91111111111,"i","false",NA,NA,NA,NA,"phase_015_subj_31"
15240,526,7,"<p style=""color:white; font-size: 35px;"">无能</p>","negative","ability","无能",7,1131,1131,"e","true",NA,NA,NA,NA,"phase_015_subj_31"
15241,526,7,"<p style=""color:rgb(150, 250, 100); font-size: 35px;"">别人</p>","other","ability","别人",7,356,356,"e","true",NA,NA,NA,NA,"phase_015_subj_31"
15242,526,7,"<p style=""color:white; font-size: 35px;"">全能</p>","positive","ability","全能",7,464,464,"i","true",NA,NA,NA,NA,"phase_015_subj_31"
15243,526,7,"<p style=""color:rgb(150, 250, 100); font-size: 35px;"">本人的</p>","self","ability","本人的",7,760,760,"i","true",NA,NA,NA,NA,"phase_015_subj_31"
15244,526,7,"<p style=""color:white; font-size: 35px;"">精干</p>","positive","ability","精干",7,478,478,"i","true",NA,NA,NA,NA,"phase_015_subj_31"
15245,526,7,"<p style=""color:rgb(150, 250, 100); font-size: 35px;"">他的</p>","other","ability","他的",7,697,697,"e","true",NA,NA,NA,NA,"phase_015_subj_31"
15246,526,7,"<p style=""color:white; font-size: 35px;"">蠢笨</p>","negative","ability","蠢笨",7,509,509,"e","true",NA,NA,NA,NA,"phase_015_subj_31"
15247,526,7,"<p style=""color:rgb(150, 250, 100); font-size: 35px;"">本人的</p>","self","ability","本人的",7,511,1245.91111111111,"e","false",NA,NA,NA,NA,"phase_015_subj_31"
15248,526,NA,"
    <h3>词语分类任务</h3>
    <p>在接下来的任务中，你需要对一系列词语进行分类。<p/>
    请先熟悉这些词语，这有利于你完成接下来的任务。</p>
    <table align=""center"" border=1 cellpadding=3 cellspacing=0>
    <tr> <th>类别</th> <th>词语</th> </tr>
    <tr> <td>&emsp;积极&emsp;</td> <td>&emsp;高尚、诚信、善良、君子、廉正、正直&emsp;</td> </tr>
    <tr> <td>&emsp;消极&emsp;</td> <td>&emsp;缺德、卑鄙、不孝、不仁、小人、黑心&emsp;</td> </tr>
    <tr> <td>&emsp;自我&emsp;</td> <td>&emsp;我、我的、自己、自己的、本人、本人的&emsp;</td> </tr>
    <tr> <td>&emsp;他人&emsp;</td> <td>&emsp;他、他的、别人、别人的、他人、他人的&emsp;</td> </tr>
    </table><br/>","","","",NA,11811,NA,"0","",NA,NA,1,2,"phase_015_subj_31"
15249,526,11,"<p style=""color:rgb(150, 250, 100); font-size: 35px;"">别人的</p>","other","moral","别人的",1,683,683,"e","true",NA,NA,NA,NA,"phase_015_subj_31"
15250,526,11,"<p style=""color:rgb(150, 250, 100); font-size: 35px;"">自己的</p>","self","moral","自己的",1,643,643,"i","true",NA,NA,NA,NA,"phase_015_subj_31"
15251,526,11,"<p style=""color:rgb(150, 250, 100); font-size: 35px;"">自己</p>","self","moral","自己",1,541,541,"i","true",NA,NA,NA,NA,"phase_015_subj_31"
15252,526,11,"<p style=""color:rgb(150, 250, 100); font-size: 35px;"">他</p>","other","moral","他",1,460,460,"e","true",NA,NA,NA,NA,"phase_015_subj_31"
15253,526,11,"<p style=""color:rgb(150, 250, 100); font-size: 35px;"">别人</p>","other","moral","别人",1,460,460,"e","true",NA,NA,NA,NA,"phase_015_subj_31"
15254,526,11,"<p style=""color:rgb(150, 250, 100); font-size: 35px;"">他的</p>","other","moral","他的",1,366,366,"e","true",NA,NA,NA,NA,"phase_015_subj_31"
15255,526,11,"<p style=""color:rgb(150, 250, 100); font-size: 35px;"">本人</p>","self","moral","本人",1,363,363,"e","false",NA,NA,NA,NA,"phase_015_subj_31"
15256,526,11,"<p style=""color:rgb(150, 250, 100); font-size: 35px;"">我</p>","self","moral","我",1,471,471,"i","true",NA,NA,NA,NA,"phase_015_subj_31"
15257,526,11,"<p style=""color:rgb(150, 250, 100); font-size: 35px;"">他人</p>","other","moral","他人",1,440,440,"e","true",NA,NA,NA,NA,"phase_015_subj_31"
15258,526,11,"<p style=""color:rgb(150, 250, 100); font-size: 35px;"">本人的</p>","self","moral","本人的",1,521,521,"e","false",NA,NA,NA,NA,"phase_015_subj_31"
15259,526,11,"<p style=""color:rgb(150, 250, 100); font-size: 35px;"">我的</p>","self","moral","我的",1,315,315,"i","true",NA,NA,NA,NA,"phase_015_subj_31"
15260,526,11,"<p style=""color:rgb(150, 250, 100); font-size: 35px;"">他人的</p>","other","moral","他人的",1,576,576,"e","true",NA,NA,NA,NA,"phase_015_subj_31"
15261,526,12,"<p style=""color:white; font-size: 35px;"">不孝</p>","negative","moral","不孝",2,1569,1569,"i","true",NA,NA,NA,NA,"phase_015_subj_31"
15262,526,12,"<p style=""color:white; font-size: 35px;"">小人</p>","negative","moral","小人",2,554,554,"i","true",NA,NA,NA,NA,"phase_015_subj_31"
15263,526,12,"<p style=""color:white; font-size: 35px;"">正直</p>","positive","moral","正直",2,576,576,"e","true",NA,NA,NA,NA,"phase_015_subj_31"
15264,526,12,"<p style=""color:white; font-size: 35px;"">卑鄙</p>","negative","moral","卑鄙",2,561,561,"i","true",NA,NA,NA,NA,"phase_015_subj_31"
15265,526,12,"<p style=""color:white; font-size: 35px;"">高尚</p>","positive","moral","高尚",2,553,553,"e","true",NA,NA,NA,NA,"phase_015_subj_31"
15266,526,12,"<p style=""color:white; font-size: 35px;"">善良</p>","positive","moral","善良",2,581,581,"e","true",NA,NA,NA,NA,"phase_015_subj_31"
15267,526,12,"<p style=""color:white; font-size: 35px;"">缺德</p>","negative","moral","缺德",2,497,497,"i","true",NA,NA,NA,NA,"phase_015_subj_31"
15268,526,12,"<p style=""color:white; font-size: 35px;"">廉正</p>","positive","moral","廉正",2,563,563,"e","true",NA,NA,NA,NA,"phase_015_subj_31"
15269,526,12,"<p style=""color:white; font-size: 35px;"">不仁</p>","negative","moral","不仁",2,488,488,"e","false",NA,NA,NA,NA,"phase_015_subj_31"
15270,526,12,"<p style=""color:white; font-size: 35px;"">君子</p>","positive","moral","君子",2,671,671,"e","true",NA,NA,NA,NA,"phase_015_subj_31"
15271,526,12,"<p style=""color:white; font-size: 35px;"">黑心</p>","negative","moral","黑心",2,694,694,"e","false",NA,NA,NA,NA,"phase_015_subj_31"
15272,526,12,"<p style=""color:white; font-size: 35px;"">诚信</p>","positive","moral","诚信",2,667,667,"e","true",NA,NA,NA,NA,"phase_015_subj_31"
15273,526,13,"<p style=""color:rgb(150, 250, 100); font-size: 35px;"">我的</p>","self","moral","我的",3,2418,2418,"i","true",NA,NA,NA,NA,"phase_015_subj_31"
15274,526,13,"<p style=""color:white; font-size: 35px;"">黑心</p>","negative","moral","黑心",3,616,616,"i","true",NA,NA,NA,NA,"phase_015_subj_31"
15275,526,13,"<p style=""color:rgb(150, 250, 100); font-size: 35px;"">他人</p>","other","moral","他人",3,882,882,"e","true",NA,NA,NA,NA,"phase_015_subj_31"
15276,526,13,"<p style=""color:white; font-size: 35px;"">君子</p>","positive","moral","君子",3,870,870,"e","true",NA,NA,NA,NA,"phase_015_subj_31"
15277,526,13,"<p style=""color:rgb(150, 250, 100); font-size: 35px;"">我</p>","self","moral","我",3,490,490,"i","true",NA,NA,NA,NA,"phase_015_subj_31"
15278,526,13,"<p style=""color:white; font-size: 35px;"">卑鄙</p>","negative","moral","卑鄙",3,517,517,"i","true",NA,NA,NA,NA,"phase_015_subj_31"
15279,526,13,"<p style=""color:rgb(150, 250, 100); font-size: 35px;"">他</p>","other","moral","他",3,716,716,"e","true",NA,NA,NA,NA,"phase_015_subj_31"
15280,526,13,"<p style=""color:white; font-size: 35px;"">廉正</p>","positive","moral","廉正",3,451,451,"e","true",NA,NA,NA,NA,"phase_015_subj_31"
15281,526,13,"<p style=""color:rgb(150, 250, 100); font-size: 35px;"">别人</p>","other","moral","别人",3,645,645,"e","true",NA,NA,NA,NA,"phase_015_subj_31"
15282,526,13,"<p style=""color:white; font-size: 35px;"">小人</p>","negative","moral","小人",3,559,1364.4347826087,"e","false",NA,NA,NA,NA,"phase_015_subj_31"
15283,526,13,"<p style=""color:rgb(150, 250, 100); font-size: 35px;"">本人</p>","self","moral","本人",3,1272,1272,"i","true",NA,NA,NA,NA,"phase_015_subj_31"
15284,526,13,"<p style=""color:white; font-size: 35px;"">正直</p>","positive","moral","正直",3,632,632,"e","true",NA,NA,NA,NA,"phase_015_subj_31"
15285,526,13,"<p style=""color:rgb(150, 250, 100); font-size: 35px;"">自己的</p>","self","moral","自己的",3,608,608,"i","true",NA,NA,NA,NA,"phase_015_subj_31"
15286,526,13,"<p style=""color:white; font-size: 35px;"">缺德</p>","negative","moral","缺德",3,532,532,"i","true",NA,NA,NA,NA,"phase_015_subj_31"
15287,526,13,"<p style=""color:rgb(150, 250, 100); font-size: 35px;"">他的</p>","other","moral","他的",3,601,601,"e","true",NA,NA,NA,NA,"phase_015_subj_31"
15288,526,13,"<p style=""color:white; font-size: 35px;"">善良</p>","positive","moral","善良",3,559,559,"e","true",NA,NA,NA,NA,"phase_015_subj_31"
15289,526,13,"<p style=""color:rgb(150, 250, 100); font-size: 35px;"">本人的</p>","self","moral","本人的",3,715,715,"i","true",NA,NA,NA,NA,"phase_015_subj_31"
15290,526,13,"<p style=""color:white; font-size: 35px;"">不仁</p>","negative","moral","不仁",3,656,656,"i","true",NA,NA,NA,NA,"phase_015_subj_31"
15291,526,13,"<p style=""color:rgb(150, 250, 100); font-size: 35px;"">他人的</p>","other","moral","他人的",3,553,553,"e","true",NA,NA,NA,NA,"phase_015_subj_31"
15292,526,13,"<p style=""color:white; font-size: 35px;"">诚信</p>","positive","moral","诚信",3,1257,1257,"e","true",NA,NA,NA,NA,"phase_015_subj_31"
15293,526,13,"<p style=""color:rgb(150, 250, 100); font-size: 35px;"">自己</p>","self","moral","自己",3,641,641,"i","true",NA,NA,NA,NA,"phase_015_subj_31"
15294,526,13,"<p style=""color:white; font-size: 35px;"">不孝</p>","negative","moral","不孝",3,552,552,"i","true",NA,NA,NA,NA,"phase_015_subj_31"
15295,526,13,"<p style=""color:rgb(150, 250, 100); font-size: 35px;"">别人的</p>","other","moral","别人的",3,614,614,"e","true",NA,NA,NA,NA,"phase_015_subj_31"
15296,526,13,"<p style=""color:white; font-size: 35px;"">高尚</p>","positive","moral","高尚",3,785,785,"e","true",NA,NA,NA,NA,"phase_015_subj_31"
15297,526,14,"<p style=""color:rgb(150, 250, 100); font-size: 35px;"">本人</p>","self","moral","本人",4,3562,3562,"i","true",NA,NA,NA,NA,"phase_015_subj_31"
15298,526,14,"<p style=""color:white; font-size: 35px;"">不仁</p>","negative","moral","不仁",4,445,445,"i","true",NA,NA,NA,NA,"phase_015_subj_31"
15299,526,14,"<p style=""color:rgb(150, 250, 100); font-size: 35px;"">别人的</p>","other","moral","别人的",4,621,621,"e","true",NA,NA,NA,NA,"phase_015_subj_31"
15300,526,14,"<p style=""color:white; font-size: 35px;"">廉正</p>","positive","moral","廉正",4,593,593,"e","true",NA,NA,NA,NA,"phase_015_subj_31"
15301,526,14,"<p style=""color:rgb(150, 250, 100); font-size: 35px;"">自己的</p>","self","moral","自己的",4,548,548,"i","true",NA,NA,NA,NA,"phase_015_subj_31"
15302,526,14,"<p style=""color:white; font-size: 35px;"">缺德</p>","negative","moral","缺德",4,1168,1168,"i","true",NA,NA,NA,NA,"phase_015_subj_31"
15303,526,14,"<p style=""color:rgb(150, 250, 100); font-size: 35px;"">别人</p>","other","moral","别人",4,1353,1353,"e","true",NA,NA,NA,NA,"phase_015_subj_31"
15304,526,14,"<p style=""color:white; font-size: 35px;"">高尚</p>","positive","moral","高尚",4,301,301,"e","true",NA,NA,NA,NA,"phase_015_subj_31"
15305,526,14,"<p style=""color:rgb(150, 250, 100); font-size: 35px;"">他人的</p>","other","moral","他人的",4,581,581,"e","true",NA,NA,NA,NA,"phase_015_subj_31"
15306,526,14,"<p style=""color:white; font-size: 35px;"">不仁</p>","negative","moral","不仁",4,564,1438,"e","false",NA,NA,NA,NA,"phase_015_subj_31"
15307,526,14,"<p style=""color:rgb(150, 250, 100); font-size: 35px;"">自己</p>","self","moral","自己",4,463,463,"i","true",NA,NA,NA,NA,"phase_015_subj_31"
15308,526,14,"<p style=""color:white; font-size: 35px;"">君子</p>","positive","moral","君子",4,1275,1275,"e","true",NA,NA,NA,NA,"phase_015_subj_31"
15309,526,14,"<p style=""color:rgb(150, 250, 100); font-size: 35px;"">自己</p>","self","moral","自己",4,677,677,"i","true",NA,NA,NA,NA,"phase_015_subj_31"
15310,526,14,"<p style=""color:white; font-size: 35px;"">善良</p>","positive","moral","善良",4,789,1438,"i","false",NA,NA,NA,NA,"phase_015_subj_31"
15311,526,14,"<p style=""color:rgb(150, 250, 100); font-size: 35px;"">别人的</p>","other","moral","别人的",4,1754,1754,"e","true",NA,NA,NA,NA,"phase_015_subj_31"
15312,526,14,"<p style=""color:white; font-size: 35px;"">卑鄙</p>","negative","moral","卑鄙",4,530,530,"i","true",NA,NA,NA,NA,"phase_015_subj_31"
15313,526,14,"<p style=""color:rgb(150, 250, 100); font-size: 35px;"">自己的</p>","self","moral","自己的",4,561,561,"i","true",NA,NA,NA,NA,"phase_015_subj_31"
15314,526,14,"<p style=""color:white; font-size: 35px;"">小人</p>","negative","moral","小人",4,488,488,"i","true",NA,NA,NA,NA,"phase_015_subj_31"
15315,526,14,"<p style=""color:rgb(150, 250, 100); font-size: 35px;"">他的</p>","other","moral","他的",4,456,456,"e","true",NA,NA,NA,NA,"phase_015_subj_31"
15316,526,14,"<p style=""color:white; font-size: 35px;"">正直</p>","positive","moral","正直",4,341,341,"e","true",NA,NA,NA,NA,"phase_015_subj_31"
15317,526,14,"<p style=""color:rgb(150, 250, 100); font-size: 35px;"">本人的</p>","self","moral","本人的",4,641,641,"i","true",NA,NA,NA,NA,"phase_015_subj_31"
15318,526,14,"<p style=""color:white; font-size: 35px;"">黑心</p>","negative","moral","黑心",4,1041,1438,"e","false",NA,NA,NA,NA,"phase_015_subj_31"
15319,526,14,"<p style=""color:rgb(150, 250, 100); font-size: 35px;"">他</p>","other","moral","他",4,607,607,"e","true",NA,NA,NA,NA,"phase_015_subj_31"
15320,526,14,"<p style=""color:white; font-size: 35px;"">诚信</p>","positive","moral","诚信",4,770,770,"e","true",NA,NA,NA,NA,"phase_015_subj_31"
15321,526,14,"<p style=""color:rgb(150, 250, 100); font-size: 35px;"">我的</p>","self","moral","我的",4,592,592,"i","true",NA,NA,NA,NA,"phase_015_subj_31"
15322,526,14,"<p style=""color:white; font-size: 35px;"">不孝</p>","negative","moral","不孝",4,447,447,"i","true",NA,NA,NA,NA,"phase_015_subj_31"
15323,526,14,"<p style=""color:rgb(150, 250, 100); font-size: 35px;"">他的</p>","other","moral","他的",4,669,669,"e","true",NA,NA,NA,NA,"phase_015_subj_31"
15324,526,14,"<p style=""color:white; font-size: 35px;"">正直</p>","positive","moral","正直",4,408,408,"e","true",NA,NA,NA,NA,"phase_015_subj_31"
15325,526,14,"<p style=""color:rgb(150, 250, 100); font-size: 35px;"">我的</p>","self","moral","我的",4,561,561,"i","true",NA,NA,NA,NA,"phase_015_subj_31"
15326,526,14,"<p style=""color:white; font-size: 35px;"">君子</p>","positive","moral","君子",4,569,569,"e","true",NA,NA,NA,NA,"phase_015_subj_31"
15327,526,14,"<p style=""color:rgb(150, 250, 100); font-size: 35px;"">别人</p>","other","moral","别人",4,1136,1136,"e","true",NA,NA,NA,NA,"phase_015_subj_31"
15328,526,14,"<p style=""color:white; font-size: 35px;"">缺德</p>","negative","moral","缺德",4,1159,1159,"i","true",NA,NA,NA,NA,"phase_015_subj_31"
15329,526,14,"<p style=""color:rgb(150, 250, 100); font-size: 35px;"">他人</p>","other","moral","他人",4,669,669,"e","true",NA,NA,NA,NA,"phase_015_subj_31"
15330,526,14,"<p style=""color:white; font-size: 35px;"">廉正</p>","positive","moral","廉正",4,692,692,"e","true",NA,NA,NA,NA,"phase_015_subj_31"
15331,526,14,"<p style=""color:rgb(150, 250, 100); font-size: 35px;"">我</p>","self","moral","我",4,576,576,"i","true",NA,NA,NA,NA,"phase_015_subj_31"
15332,526,14,"<p style=""color:white; font-size: 35px;"">不孝</p>","negative","moral","不孝",4,639,639,"i","true",NA,NA,NA,NA,"phase_015_subj_31"
15333,526,14,"<p style=""color:rgb(150, 250, 100); font-size: 35px;"">本人的</p>","self","moral","本人的",4,1074,1074,"i","true",NA,NA,NA,NA,"phase_015_subj_31"
15334,526,14,"<p style=""color:white; font-size: 35px;"">卑鄙</p>","negative","moral","卑鄙",4,3037,3037,"i","true",NA,NA,NA,NA,"phase_015_subj_31"
15335,526,14,"<p style=""color:rgb(150, 250, 100); font-size: 35px;"">他人</p>","other","moral","他人",4,606,606,"e","true",NA,NA,NA,NA,"phase_015_subj_31"
15336,526,14,"<p style=""color:white; font-size: 35px;"">善良</p>","positive","moral","善良",4,1799,1799,"e","true",NA,NA,NA,NA,"phase_015_subj_31"
15337,526,14,"<p style=""color:rgb(150, 250, 100); font-size: 35px;"">我</p>","self","moral","我",4,551,551,"i","true",NA,NA,NA,NA,"phase_015_subj_31"
15338,526,14,"<p style=""color:white; font-size: 35px;"">小人</p>","negative","moral","小人",4,895,895,"i","true",NA,NA,NA,NA,"phase_015_subj_31"
15339,526,14,"<p style=""color:rgb(150, 250, 100); font-size: 35px;"">他人的</p>","other","moral","他人的",4,719,719,"e","true",NA,NA,NA,NA,"phase_015_subj_31"
15340,526,14,"<p style=""color:white; font-size: 35px;"">高尚</p>","positive","moral","高尚",4,824,824,"e","true",NA,NA,NA,NA,"phase_015_subj_31"
15341,526,14,"<p style=""color:rgb(150, 250, 100); font-size: 35px;"">他</p>","other","moral","他",4,527,527,"e","true",NA,NA,NA,NA,"phase_015_subj_31"
15342,526,14,"<p style=""color:white; font-size: 35px;"">诚信</p>","positive","moral","诚信",4,801,801,"e","true",NA,NA,NA,NA,"phase_015_subj_31"
15343,526,14,"<p style=""color:rgb(150, 250, 100); font-size: 35px;"">本人</p>","self","moral","本人",4,589,589,"i","true",NA,NA,NA,NA,"phase_015_subj_31"
15344,526,14,"<p style=""color:white; font-size: 35px;"">黑心</p>","negative","moral","黑心",4,436,436,"i","true",NA,NA,NA,NA,"phase_015_subj_31"
15345,526,15,"<p style=""color:rgb(150, 250, 100); font-size: 35px;"">我</p>","self","moral","我",5,1614,1614,"e","true",NA,NA,NA,NA,"phase_015_subj_31"
15346,526,15,"<p style=""color:rgb(150, 250, 100); font-size: 35px;"">我的</p>","self","moral","我的",5,512,512,"e","true",NA,NA,NA,NA,"phase_015_subj_31"
15347,526,15,"<p style=""color:rgb(150, 250, 100); font-size: 35px;"">他人</p>","other","moral","他人",5,462,462,"e","false",NA,NA,NA,NA,"phase_015_subj_31"
15348,526,15,"<p style=""color:rgb(150, 250, 100); font-size: 35px;"">我</p>","self","moral","我",5,67,67,"i","false",NA,NA,NA,NA,"phase_015_subj_31"
15349,526,15,"<p style=""color:rgb(150, 250, 100); font-size: 35px;"">他人的</p>","other","moral","他人的",5,531,531,"e","false",NA,NA,NA,NA,"phase_015_subj_31"
15350,526,15,"<p style=""color:rgb(150, 250, 100); font-size: 35px;"">他的</p>","other","moral","他的",5,542,542,"i","true",NA,NA,NA,NA,"phase_015_subj_31"
15351,526,15,"<p style=""color:rgb(150, 250, 100); font-size: 35px;"">自己的</p>","self","moral","自己的",5,530,530,"e","true",NA,NA,NA,NA,"phase_015_subj_31"
15352,526,15,"<p style=""color:rgb(150, 250, 100); font-size: 35px;"">本人的</p>","self","moral","本人的",5,601,601,"e","true",NA,NA,NA,NA,"phase_015_subj_31"
15353,526,15,"<p style=""color:rgb(150, 250, 100); font-size: 35px;"">本人</p>","self","moral","本人",5,523,523,"e","true",NA,NA,NA,NA,"phase_015_subj_31"
15354,526,15,"<p style=""color:rgb(150, 250, 100); font-size: 35px;"">别人</p>","other","moral","别人",5,543,543,"i","true",NA,NA,NA,NA,"phase_015_subj_31"
15355,526,15,"<p style=""color:rgb(150, 250, 100); font-size: 35px;"">他</p>","other","moral","他",5,375,375,"i","true",NA,NA,NA,NA,"phase_015_subj_31"
15356,526,15,"<p style=""color:rgb(150, 250, 100); font-size: 35px;"">自己</p>","self","moral","自己",5,481,481,"e","true",NA,NA,NA,NA,"phase_015_subj_31"
15357,526,15,"<p style=""color:rgb(150, 250, 100); font-size: 35px;"">他人</p>","other","moral","他人",5,497,497,"i","true",NA,NA,NA,NA,"phase_015_subj_31"
15358,526,15,"<p style=""color:rgb(150, 250, 100); font-size: 35px;"">本人的</p>","self","moral","本人的",5,508,508,"e","true",NA,NA,NA,NA,"phase_015_subj_31"
15359,526,15,"<p style=""color:rgb(150, 250, 100); font-size: 35px;"">别人</p>","other","moral","别人",5,421,421,"e","false",NA,NA,NA,NA,"phase_015_subj_31"
15360,526,15,"<p style=""color:rgb(150, 250, 100); font-size: 35px;"">他人的</p>","other","moral","他人的",5,548,548,"i","true",NA,NA,NA,NA,"phase_015_subj_31"
15361,526,15,"<p style=""color:rgb(150, 250, 100); font-size: 35px;"">他的</p>","other","moral","他的",5,467,467,"i","true",NA,NA,NA,NA,"phase_015_subj_31"
15362,526,15,"<p style=""color:rgb(150, 250, 100); font-size: 35px;"">别人的</p>","other","moral","别人的",5,500,500,"i","true",NA,NA,NA,NA,"phase_015_subj_31"
15363,526,15,"<p style=""color:rgb(150, 250, 100); font-size: 35px;"">自己的</p>","self","moral","自己的",5,514,514,"e","true",NA,NA,NA,NA,"phase_015_subj_31"
15364,526,15,"<p style=""color:rgb(150, 250, 100); font-size: 35px;"">本人</p>","self","moral","本人",5,544,544,"e","true",NA,NA,NA,NA,"phase_015_subj_31"
15365,526,15,"<p style=""color:rgb(150, 250, 100); font-size: 35px;"">我的</p>","self","moral","我的",5,552,552,"e","true",NA,NA,NA,NA,"phase_015_subj_31"
15366,526,15,"<p style=""color:rgb(150, 250, 100); font-size: 35px;"">他</p>","other","moral","他",5,610,610,"i","true",NA,NA,NA,NA,"phase_015_subj_31"
15367,526,15,"<p style=""color:rgb(150, 250, 100); font-size: 35px;"">自己</p>","self","moral","自己",5,531,531,"e","true",NA,NA,NA,NA,"phase_015_subj_31"
15368,526,15,"<p style=""color:rgb(150, 250, 100); font-size: 35px;"">别人的</p>","other","moral","别人的",5,797,797,"i","true",NA,NA,NA,NA,"phase_015_subj_31"
15369,526,16,"<p style=""color:white; font-size: 35px;"">不仁</p>","negative","moral","不仁",6,2577,2577,"i","true",NA,NA,NA,NA,"phase_015_subj_31"
15370,526,16,"<p style=""color:rgb(150, 250, 100); font-size: 35px;"">别人</p>","other","moral","别人",6,778,778,"i","true",NA,NA,NA,NA,"phase_015_subj_31"
15371,526,16,"<p style=""color:white; font-size: 35px;"">廉正</p>","positive","moral","廉正",6,619,619,"e","true",NA,NA,NA,NA,"phase_015_subj_31"
15372,526,16,"<p style=""color:rgb(150, 250, 100); font-size: 35px;"">自己</p>","self","moral","自己",6,477,477,"e","true",NA,NA,NA,NA,"phase_015_subj_31"
15373,526,16,"<p style=""color:white; font-size: 35px;"">正直</p>","positive","moral","正直",6,617,617,"e","true",NA,NA,NA,NA,"phase_015_subj_31"
15374,526,16,"<p style=""color:rgb(150, 250, 100); font-size: 35px;"">他</p>","other","moral","他",6,562,562,"i","true",NA,NA,NA,NA,"phase_015_subj_31"
15375,526,16,"<p style=""color:white; font-size: 35px;"">黑心</p>","negative","moral","黑心",6,479,479,"i","true",NA,NA,NA,NA,"phase_015_subj_31"
15376,526,16,"<p style=""color:rgb(150, 250, 100); font-size: 35px;"">我</p>","self","moral","我",6,605,605,"e","true",NA,NA,NA,NA,"phase_015_subj_31"
15377,526,16,"<p style=""color:white; font-size: 35px;"">善良</p>","positive","moral","善良",6,457,457,"e","true",NA,NA,NA,NA,"phase_015_subj_31"
15378,526,16,"<p style=""color:rgb(150, 250, 100); font-size: 35px;"">自己的</p>","self","moral","自己的",6,495,495,"e","true",NA,NA,NA,NA,"phase_015_subj_31"
15379,526,16,"<p style=""color:white; font-size: 35px;"">卑鄙</p>","negative","moral","卑鄙",6,603,603,"i","true",NA,NA,NA,NA,"phase_015_subj_31"
15380,526,16,"<p style=""color:rgb(150, 250, 100); font-size: 35px;"">他人的</p>","other","moral","他人的",6,458,458,"i","true",NA,NA,NA,NA,"phase_015_subj_31"
15381,526,16,"<p style=""color:white; font-size: 35px;"">君子</p>","positive","moral","君子",6,706,706,"e","true",NA,NA,NA,NA,"phase_015_subj_31"
15382,526,16,"<p style=""color:rgb(150, 250, 100); font-size: 35px;"">我的</p>","self","moral","我的",6,627,627,"e","true",NA,NA,NA,NA,"phase_015_subj_31"
15383,526,16,"<p style=""color:white; font-size: 35px;"">缺德</p>","negative","moral","缺德",6,623,623,"i","true",NA,NA,NA,NA,"phase_015_subj_31"
15384,526,16,"<p style=""color:rgb(150, 250, 100); font-size: 35px;"">他人</p>","other","moral","他人",6,668,668,"i","true",NA,NA,NA,NA,"phase_015_subj_31"
15385,526,16,"<p style=""color:white; font-size: 35px;"">不孝</p>","negative","moral","不孝",6,621,621,"i","true",NA,NA,NA,NA,"phase_015_subj_31"
15386,526,16,"<p style=""color:rgb(150, 250, 100); font-size: 35px;"">他的</p>","other","moral","他的",6,569,569,"i","true",NA,NA,NA,NA,"phase_015_subj_31"
15387,526,16,"<p style=""color:white; font-size: 35px;"">诚信</p>","positive","moral","诚信",6,441,441,"e","true",NA,NA,NA,NA,"phase_015_subj_31"
15388,526,16,"<p style=""color:rgb(150, 250, 100); font-size: 35px;"">本人</p>","self","moral","本人",6,485,485,"e","true",NA,NA,NA,NA,"phase_015_subj_31"
15389,526,16,"<p style=""color:white; font-size: 35px;"">小人</p>","negative","moral","小人",6,569,569,"i","true",NA,NA,NA,NA,"phase_015_subj_31"
15390,526,16,"<p style=""color:rgb(150, 250, 100); font-size: 35px;"">本人的</p>","self","moral","本人的",6,758,758,"e","true",NA,NA,NA,NA,"phase_015_subj_31"
15391,526,16,"<p style=""color:white; font-size: 35px;"">高尚</p>","positive","moral","高尚",6,563,563,"e","true",NA,NA,NA,NA,"phase_015_subj_31"
15392,526,16,"<p style=""color:rgb(150, 250, 100); font-size: 35px;"">别人的</p>","other","moral","别人的",6,603,603,"i","true",NA,NA,NA,NA,"phase_015_subj_31"
15393,526,17,"<p style=""color:white; font-size: 35px;"">卑鄙</p>","negative","moral","卑鄙",7,878,878,"i","true",NA,NA,NA,NA,"phase_015_subj_31"
15394,526,17,"<p style=""color:rgb(150, 250, 100); font-size: 35px;"">别人的</p>","other","moral","别人的",7,603,603,"i","true",NA,NA,NA,NA,"phase_015_subj_31"
15395,526,17,"<p style=""color:white; font-size: 35px;"">善良</p>","positive","moral","善良",7,585,585,"e","true",NA,NA,NA,NA,"phase_015_subj_31"
15396,526,17,"<p style=""color:rgb(150, 250, 100); font-size: 35px;"">本人的</p>","self","moral","本人的",7,430,430,"e","true",NA,NA,NA,NA,"phase_015_subj_31"
15397,526,17,"<p style=""color:white; font-size: 35px;"">廉正</p>","positive","moral","廉正",7,848,848,"e","true",NA,NA,NA,NA,"phase_015_subj_31"
15398,526,17,"<p style=""color:rgb(150, 250, 100); font-size: 35px;"">他人的</p>","other","moral","他人的",7,777,777,"i","true",NA,NA,NA,NA,"phase_015_subj_31"
15399,526,17,"<p style=""color:white; font-size: 35px;"">不仁</p>","negative","moral","不仁",7,1473,1473,"i","true",NA,NA,NA,NA,"phase_015_subj_31"
15400,526,17,"<p style=""color:rgb(150, 250, 100); font-size: 35px;"">本人</p>","self","moral","本人",7,516,516,"e","true",NA,NA,NA,NA,"phase_015_subj_31"
15401,526,17,"<p style=""color:white; font-size: 35px;"">不仁</p>","negative","moral","不仁",7,978,978,"i","true",NA,NA,NA,NA,"phase_015_subj_31"
15402,526,17,"<p style=""color:rgb(150, 250, 100); font-size: 35px;"">自己</p>","self","moral","自己",7,514,514,"e","true",NA,NA,NA,NA,"phase_015_subj_31"
15403,526,17,"<p style=""color:white; font-size: 35px;"">诚信</p>","positive","moral","诚信",7,390,390,"e","true",NA,NA,NA,NA,"phase_015_subj_31"
15404,526,17,"<p style=""color:rgb(150, 250, 100); font-size: 35px;"">他的</p>","other","moral","他的",7,555,555,"i","true",NA,NA,NA,NA,"phase_015_subj_31"
15405,526,17,"<p style=""color:white; font-size: 35px;"">君子</p>","positive","moral","君子",7,594,1302.13636363636,"i","false",NA,NA,NA,NA,"phase_015_subj_31"
15406,526,17,"<p style=""color:rgb(150, 250, 100); font-size: 35px;"">他的</p>","other","moral","他的",7,436,1302.13636363636,"e","false",NA,NA,NA,NA,"phase_015_subj_31"
15407,526,17,"<p style=""color:white; font-size: 35px;"">黑心</p>","negative","moral","黑心",7,955,955,"i","true",NA,NA,NA,NA,"phase_015_subj_31"
15408,526,17,"<p style=""color:rgb(150, 250, 100); font-size: 35px;"">我的</p>","self","moral","我的",7,706,706,"e","true",NA,NA,NA,NA,"phase_015_subj_31"
15409,526,17,"<p style=""color:white; font-size: 35px;"">黑心</p>","negative","moral","黑心",7,718,718,"i","true",NA,NA,NA,NA,"phase_015_subj_31"
15410,526,17,"<p style=""color:rgb(150, 250, 100); font-size: 35px;"">别人的</p>","other","moral","别人的",7,1924,1924,"i","true",NA,NA,NA,NA,"phase_015_subj_31"
15411,526,17,"<p style=""color:white; font-size: 35px;"">正直</p>","positive","moral","正直",7,792,792,"e","true",NA,NA,NA,NA,"phase_015_subj_31"
15412,526,17,"<p style=""color:rgb(150, 250, 100); font-size: 35px;"">本人</p>","self","moral","本人",7,612,612,"e","true",NA,NA,NA,NA,"phase_015_subj_31"
15413,526,17,"<p style=""color:white; font-size: 35px;"">高尚</p>","positive","moral","高尚",7,821,821,"e","true",NA,NA,NA,NA,"phase_015_subj_31"
15414,526,17,"<p style=""color:rgb(150, 250, 100); font-size: 35px;"">自己</p>","self","moral","自己",7,640,640,"e","true",NA,NA,NA,NA,"phase_015_subj_31"
15415,526,17,"<p style=""color:white; font-size: 35px;"">小人</p>","negative","moral","小人",7,758,758,"i","true",NA,NA,NA,NA,"phase_015_subj_31"
15416,526,17,"<p style=""color:rgb(150, 250, 100); font-size: 35px;"">他人</p>","other","moral","他人",7,1092,1092,"i","true",NA,NA,NA,NA,"phase_015_subj_31"
15417,526,17,"<p style=""color:white; font-size: 35px;"">小人</p>","negative","moral","小人",7,343,343,"i","true",NA,NA,NA,NA,"phase_015_subj_31"
15418,526,17,"<p style=""color:rgb(150, 250, 100); font-size: 35px;"">他人的</p>","other","moral","他人的",7,431,431,"i","true",NA,NA,NA,NA,"phase_015_subj_31"
15419,526,17,"<p style=""color:white; font-size: 35px;"">君子</p>","positive","moral","君子",7,606,606,"e","true",NA,NA,NA,NA,"phase_015_subj_31"
15420,526,17,"<p style=""color:rgb(150, 250, 100); font-size: 35px;"">我</p>","self","moral","我",7,405,405,"e","true",NA,NA,NA,NA,"phase_015_subj_31"
15421,526,17,"<p style=""color:white; font-size: 35px;"">不孝</p>","negative","moral","不孝",7,891,891,"i","true",NA,NA,NA,NA,"phase_015_subj_31"
15422,526,17,"<p style=""color:rgb(150, 250, 100); font-size: 35px;"">他</p>","other","moral","他",7,368,368,"i","true",NA,NA,NA,NA,"phase_015_subj_31"
15423,526,17,"<p style=""color:white; font-size: 35px;"">善良</p>","positive","moral","善良",7,717,717,"e","true",NA,NA,NA,NA,"phase_015_subj_31"
15424,526,17,"<p style=""color:rgb(150, 250, 100); font-size: 35px;"">我的</p>","self","moral","我的",7,568,568,"e","true",NA,NA,NA,NA,"phase_015_subj_31"
15425,526,17,"<p style=""color:white; font-size: 35px;"">正直</p>","positive","moral","正直",7,628,1302.13636363636,"i","false",NA,NA,NA,NA,"phase_015_subj_31"
15426,526,17,"<p style=""color:rgb(150, 250, 100); font-size: 35px;"">本人的</p>","self","moral","本人的",7,2326,2326,"e","true",NA,NA,NA,NA,"phase_015_subj_31"
15427,526,17,"<p style=""color:white; font-size: 35px;"">卑鄙</p>","negative","moral","卑鄙",7,509,509,"i","true",NA,NA,NA,NA,"phase_015_subj_31"
15428,526,17,"<p style=""color:rgb(150, 250, 100); font-size: 35px;"">他</p>","other","moral","他",7,649,649,"i","true",NA,NA,NA,NA,"phase_015_subj_31"
15429,526,17,"<p style=""color:white; font-size: 35px;"">缺德</p>","negative","moral","缺德",7,423,423,"i","true",NA,NA,NA,NA,"phase_015_subj_31"
15430,526,17,"<p style=""color:rgb(150, 250, 100); font-size: 35px;"">自己的</p>","self","moral","自己的",7,534,534,"e","true",NA,NA,NA,NA,"phase_015_subj_31"
15431,526,17,"<p style=""color:white; font-size: 35px;"">诚信</p>","positive","moral","诚信",7,415,415,"e","true",NA,NA,NA,NA,"phase_015_subj_31"
15432,526,17,"<p style=""color:rgb(150, 250, 100); font-size: 35px;"">他人</p>","other","moral","他人",7,448,448,"i","true",NA,NA,NA,NA,"phase_015_subj_31"
15433,526,17,"<p style=""color:white; font-size: 35px;"">缺德</p>","negative","moral","缺德",7,364,364,"i","true",NA,NA,NA,NA,"phase_015_subj_31"
15434,526,17,"<p style=""color:rgb(150, 250, 100); font-size: 35px;"">别人</p>","other","moral","别人",7,499,499,"i","true",NA,NA,NA,NA,"phase_015_subj_31"
15435,526,17,"<p style=""color:white; font-size: 35px;"">高尚</p>","positive","moral","高尚",7,530,530,"e","true",NA,NA,NA,NA,"phase_015_subj_31"
15436,526,17,"<p style=""color:rgb(150, 250, 100); font-size: 35px;"">我</p>","self","moral","我",7,407,407,"e","true",NA,NA,NA,NA,"phase_015_subj_31"
15437,526,17,"<p style=""color:white; font-size: 35px;"">不孝</p>","negative","moral","不孝",7,659,659,"i","true",NA,NA,NA,NA,"phase_015_subj_31"
15438,526,17,"<p style=""color:rgb(150, 250, 100); font-size: 35px;"">自己的</p>","self","moral","自己的",7,644,644,"e","true",NA,NA,NA,NA,"phase_015_subj_31"
15439,526,17,"<p style=""color:white; font-size: 35px;"">廉正</p>","positive","moral","廉正",7,635,1302.13636363636,"i","false",NA,NA,NA,NA,"phase_015_subj_31"
15440,526,17,"<p style=""color:rgb(150, 250, 100); font-size: 35px;"">别人</p>","other","moral","别人",7,593,593,"i","true",NA,NA,NA,NA,"phase_015_subj_31"
15441,201,NA,"
    <h3>词语分类任务</h3>
    <p>在接下来的任务中，你需要对一系列词语进行分类。</p>
    <p>请先熟悉这些词语，这有利于你完成接下来的任务。</p>
    <table align=""center"" border=1 cellpadding=3 cellspacing=0>
    <tr> <th>类别</th> <th>词语</th> </tr>
    <tr> <td>&emsp;积极&emsp;</td> <td>&emsp;能干、全能、全才、高效、精干、天才&emsp;</td> </tr>
    <tr> <td>&emsp;消极&emsp;</td> <td>&emsp;无能、低能、废物、拙笨、愚钝、蠢笨&emsp;</td> </tr>
    <tr> <td>&emsp;自我&emsp;</td> <td>&emsp;我、我的、自己、自己的、本人、本人的&emsp;</td> </tr>
    <tr> <td>&emsp;他人&emsp;</td> <td>&emsp;他、他的、别人、别人的、他人、他人的&emsp;</td> </tr>
    </table><br/>","","","",NA,12146,NA,"0","",1,1,NA,NA,"phase_015_subj_15"
15442,201,1,"<p style=""color:rgb(150, 250, 100); font-size: 35px;"">他人的</p>","other","ability","他人的",1,528,528,"i","true",NA,NA,NA,NA,"phase_015_subj_15"
15443,201,1,"<p style=""color:rgb(150, 250, 100); font-size: 35px;"">他人</p>","other","ability","他人",1,623,623,"i","true",NA,NA,NA,NA,"phase_015_subj_15"
15444,201,1,"<p style=""color:rgb(150, 250, 100); font-size: 35px;"">他</p>","other","ability","他",1,402,402,"i","true",NA,NA,NA,NA,"phase_015_subj_15"
15445,201,1,"<p style=""color:rgb(150, 250, 100); font-size: 35px;"">别人</p>","other","ability","别人",1,561,561,"i","true",NA,NA,NA,NA,"phase_015_subj_15"
15446,201,1,"<p style=""color:rgb(150, 250, 100); font-size: 35px;"">他的</p>","other","ability","他的",1,438,438,"i","true",NA,NA,NA,NA,"phase_015_subj_15"
15447,201,1,"<p style=""color:rgb(150, 250, 100); font-size: 35px;"">本人的</p>","self","ability","本人的",1,507,507,"e","true",NA,NA,NA,NA,"phase_015_subj_15"
15448,201,1,"<p style=""color:rgb(150, 250, 100); font-size: 35px;"">我的</p>","self","ability","我的",1,410,410,"e","true",NA,NA,NA,NA,"phase_015_subj_15"
15449,201,1,"<p style=""color:rgb(150, 250, 100); font-size: 35px;"">自己的</p>","self","ability","自己的",1,399,399,"e","true",NA,NA,NA,NA,"phase_015_subj_15"
15450,201,1,"<p style=""color:rgb(150, 250, 100); font-size: 35px;"">本人</p>","self","ability","本人",1,385,385,"e","true",NA,NA,NA,NA,"phase_015_subj_15"
15451,201,1,"<p style=""color:rgb(150, 250, 100); font-size: 35px;"">别人的</p>","other","ability","别人的",1,515,515,"i","true",NA,NA,NA,NA,"phase_015_subj_15"
15452,201,1,"<p style=""color:rgb(150, 250, 100); font-size: 35px;"">自己</p>","self","ability","自己",1,577,577,"e","true",NA,NA,NA,NA,"phase_015_subj_15"
15453,201,1,"<p style=""color:rgb(150, 250, 100); font-size: 35px;"">我</p>","self","ability","我",1,440,440,"e","true",NA,NA,NA,NA,"phase_015_subj_15"
15454,201,2,"<p style=""color:white; font-size: 35px;"">全才</p>","positive","ability","全才",2,470,470,"e","true",NA,NA,NA,NA,"phase_015_subj_15"
15455,201,2,"<p style=""color:white; font-size: 35px;"">低能</p>","negative","ability","低能",2,481,481,"i","true",NA,NA,NA,NA,"phase_015_subj_15"
15456,201,2,"<p style=""color:white; font-size: 35px;"">拙笨</p>","negative","ability","拙笨",2,451,451,"i","true",NA,NA,NA,NA,"phase_015_subj_15"
15457,201,2,"<p style=""color:white; font-size: 35px;"">天才</p>","positive","ability","天才",2,718,718,"e","true",NA,NA,NA,NA,"phase_015_subj_15"
15458,201,2,"<p style=""color:white; font-size: 35px;"">精干</p>","positive","ability","精干",2,466,466,"e","true",NA,NA,NA,NA,"phase_015_subj_15"
15459,201,2,"<p style=""color:white; font-size: 35px;"">蠢笨</p>","negative","ability","蠢笨",2,490,490,"i","true",NA,NA,NA,NA,"phase_015_subj_15"
15460,201,2,"<p style=""color:white; font-size: 35px;"">高效</p>","positive","ability","高效",2,626,626,"e","true",NA,NA,NA,NA,"phase_015_subj_15"
15461,201,2,"<p style=""color:white; font-size: 35px;"">无能</p>","negative","ability","无能",2,554,554,"i","true",NA,NA,NA,NA,"phase_015_subj_15"
15462,201,2,"<p style=""color:white; font-size: 35px;"">能干</p>","positive","ability","能干",2,507,507,"e","true",NA,NA,NA,NA,"phase_015_subj_15"
15463,201,2,"<p style=""color:white; font-size: 35px;"">全能</p>","positive","ability","全能",2,456,456,"e","true",NA,NA,NA,NA,"phase_015_subj_15"
15464,201,2,"<p style=""color:white; font-size: 35px;"">废物</p>","negative","ability","废物",2,456,456,"i","true",NA,NA,NA,NA,"phase_015_subj_15"
15465,201,2,"<p style=""color:white; font-size: 35px;"">愚钝</p>","negative","ability","愚钝",2,464,464,"i","true",NA,NA,NA,NA,"phase_015_subj_15"
15466,201,3,"<p style=""color:rgb(150, 250, 100); font-size: 35px;"">本人</p>","self","ability","本人",3,493,493,"e","true",NA,NA,NA,NA,"phase_015_subj_15"
15467,201,3,"<p style=""color:white; font-size: 35px;"">愚钝</p>","negative","ability","愚钝",3,464,464,"i","true",NA,NA,NA,NA,"phase_015_subj_15"
15468,201,3,"<p style=""color:rgb(150, 250, 100); font-size: 35px;"">别人的</p>","other","ability","别人的",3,566,566,"i","true",NA,NA,NA,NA,"phase_015_subj_15"
15469,201,3,"<p style=""color:white; font-size: 35px;"">天才</p>","positive","ability","天才",3,565,565,"e","true",NA,NA,NA,NA,"phase_015_subj_15"
15470,201,3,"<p style=""color:rgb(150, 250, 100); font-size: 35px;"">自己的</p>","self","ability","自己的",3,472,472,"e","true",NA,NA,NA,NA,"phase_015_subj_15"
15471,201,3,"<p style=""color:white; font-size: 35px;"">蠢笨</p>","negative","ability","蠢笨",3,572,572,"i","true",NA,NA,NA,NA,"phase_015_subj_15"
15472,201,3,"<p style=""color:rgb(150, 250, 100); font-size: 35px;"">他人</p>","other","ability","他人",3,559,559,"i","true",NA,NA,NA,NA,"phase_015_subj_15"
15473,201,3,"<p style=""color:white; font-size: 35px;"">精干</p>","positive","ability","精干",3,570,570,"e","true",NA,NA,NA,NA,"phase_015_subj_15"
15474,201,3,"<p style=""color:rgb(150, 250, 100); font-size: 35px;"">我的</p>","self","ability","我的",3,447,447,"e","true",NA,NA,NA,NA,"phase_015_subj_15"
15475,201,3,"<p style=""color:white; font-size: 35px;"">无能</p>","negative","ability","无能",3,632,632,"i","true",NA,NA,NA,NA,"phase_015_subj_15"
15476,201,3,"<p style=""color:rgb(150, 250, 100); font-size: 35px;"">他人的</p>","other","ability","他人的",3,509,509,"i","true",NA,NA,NA,NA,"phase_015_subj_15"
15477,201,3,"<p style=""color:white; font-size: 35px;"">高效</p>","positive","ability","高效",3,542,542,"e","true",NA,NA,NA,NA,"phase_015_subj_15"
15478,201,3,"<p style=""color:rgb(150, 250, 100); font-size: 35px;"">本人的</p>","self","ability","本人的",3,435,435,"e","true",NA,NA,NA,NA,"phase_015_subj_15"
15479,201,3,"<p style=""color:white; font-size: 35px;"">低能</p>","negative","ability","低能",3,504,504,"i","true",NA,NA,NA,NA,"phase_015_subj_15"
15480,201,3,"<p style=""color:rgb(150, 250, 100); font-size: 35px;"">他的</p>","other","ability","他的",3,441,441,"i","true",NA,NA,NA,NA,"phase_015_subj_15"
15481,201,3,"<p style=""color:white; font-size: 35px;"">全才</p>","positive","ability","全才",3,430,430,"e","true",NA,NA,NA,NA,"phase_015_subj_15"
15482,201,3,"<p style=""color:rgb(150, 250, 100); font-size: 35px;"">自己</p>","self","ability","自己",3,460,460,"e","true",NA,NA,NA,NA,"phase_015_subj_15"
15483,201,3,"<p style=""color:white; font-size: 35px;"">全能</p>","positive","ability","全能",3,484,484,"e","true",NA,NA,NA,NA,"phase_015_subj_15"
15484,201,3,"<p style=""color:rgb(150, 250, 100); font-size: 35px;"">他</p>","other","ability","他",3,537,537,"i","true",NA,NA,NA,NA,"phase_015_subj_15"
15485,201,3,"<p style=""color:white; font-size: 35px;"">废物</p>","negative","ability","废物",3,466,466,"i","true",NA,NA,NA,NA,"phase_015_subj_15"
15486,201,3,"<p style=""color:rgb(150, 250, 100); font-size: 35px;"">别人</p>","other","ability","别人",3,621,621,"i","true",NA,NA,NA,NA,"phase_015_subj_15"
15487,201,3,"<p style=""color:white; font-size: 35px;"">能干</p>","positive","ability","能干",3,560,560,"e","true",NA,NA,NA,NA,"phase_015_subj_15"
15488,201,3,"<p style=""color:rgb(150, 250, 100); font-size: 35px;"">我</p>","self","ability","我",3,437,437,"e","true",NA,NA,NA,NA,"phase_015_subj_15"
15489,201,3,"<p style=""color:white; font-size: 35px;"">拙笨</p>","negative","ability","拙笨",3,598,598,"i","true",NA,NA,NA,NA,"phase_015_subj_15"
15490,201,4,"<p style=""color:rgb(150, 250, 100); font-size: 35px;"">自己的</p>","self","ability","自己的",4,585,585,"e","true",NA,NA,NA,NA,"phase_015_subj_15"
15491,201,4,"<p style=""color:white; font-size: 35px;"">全能</p>","positive","ability","全能",4,435,435,"e","true",NA,NA,NA,NA,"phase_015_subj_15"
15492,201,4,"<p style=""color:rgb(150, 250, 100); font-size: 35px;"">他</p>","other","ability","他",4,474,474,"i","true",NA,NA,NA,NA,"phase_015_subj_15"
15493,201,4,"<p style=""color:white; font-size: 35px;"">无能</p>","negative","ability","无能",4,474,474,"i","true",NA,NA,NA,NA,"phase_015_subj_15"
15494,201,4,"<p style=""color:rgb(150, 250, 100); font-size: 35px;"">别人的</p>","other","ability","别人的",4,484,484,"i","true",NA,NA,NA,NA,"phase_015_subj_15"
15495,201,4,"<p style=""color:white; font-size: 35px;"">废物</p>","negative","ability","废物",4,411,411,"i","true",NA,NA,NA,NA,"phase_015_subj_15"
15496,201,4,"<p style=""color:rgb(150, 250, 100); font-size: 35px;"">我的</p>","self","ability","我的",4,415,415,"e","true",NA,NA,NA,NA,"phase_015_subj_15"
15497,201,4,"<p style=""color:white; font-size: 35px;"">全才</p>","positive","ability","全才",4,396,396,"e","true",NA,NA,NA,NA,"phase_015_subj_15"
15498,201,4,"<p style=""color:rgb(150, 250, 100); font-size: 35px;"">自己</p>","self","ability","自己",4,417,417,"e","true",NA,NA,NA,NA,"phase_015_subj_15"
15499,201,4,"<p style=""color:white; font-size: 35px;"">能干</p>","positive","ability","能干",4,499,499,"e","true",NA,NA,NA,NA,"phase_015_subj_15"
15500,201,4,"<p style=""color:rgb(150, 250, 100); font-size: 35px;"">别人</p>","other","ability","别人",4,444,444,"i","true",NA,NA,NA,NA,"phase_015_subj_15"
15501,201,4,"<p style=""color:white; font-size: 35px;"">愚钝</p>","negative","ability","愚钝",4,434,434,"i","true",NA,NA,NA,NA,"phase_015_subj_15"
15502,201,4,"<p style=""color:rgb(150, 250, 100); font-size: 35px;"">他人的</p>","other","ability","他人的",4,436,436,"i","true",NA,NA,NA,NA,"phase_015_subj_15"
15503,201,4,"<p style=""color:white; font-size: 35px;"">废物</p>","negative","ability","废物",4,403,403,"i","true",NA,NA,NA,NA,"phase_015_subj_15"
15504,201,4,"<p style=""color:rgb(150, 250, 100); font-size: 35px;"">自己的</p>","self","ability","自己的",4,433,433,"e","true",NA,NA,NA,NA,"phase_015_subj_15"
15505,201,4,"<p style=""color:white; font-size: 35px;"">天才</p>","positive","ability","天才",4,426,426,"e","true",NA,NA,NA,NA,"phase_015_subj_15"
15506,201,4,"<p style=""color:rgb(150, 250, 100); font-size: 35px;"">本人的</p>","self","ability","本人的",4,542,542,"e","true",NA,NA,NA,NA,"phase_015_subj_15"
15507,201,4,"<p style=""color:white; font-size: 35px;"">精干</p>","positive","ability","精干",4,442,442,"e","true",NA,NA,NA,NA,"phase_015_subj_15"
15508,201,4,"<p style=""color:rgb(150, 250, 100); font-size: 35px;"">他的</p>","other","ability","他的",4,423,423,"i","true",NA,NA,NA,NA,"phase_015_subj_15"
15509,201,4,"<p style=""color:white; font-size: 35px;"">拙笨</p>","negative","ability","拙笨",4,445,445,"i","true",NA,NA,NA,NA,"phase_015_subj_15"
15510,201,4,"<p style=""color:rgb(150, 250, 100); font-size: 35px;"">我的</p>","self","ability","我的",4,479,479,"e","true",NA,NA,NA,NA,"phase_015_subj_15"
15511,201,4,"<p style=""color:white; font-size: 35px;"">全能</p>","positive","ability","全能",4,350,350,"e","true",NA,NA,NA,NA,"phase_015_subj_15"
15512,201,4,"<p style=""color:rgb(150, 250, 100); font-size: 35px;"">他人</p>","other","ability","他人",4,405,405,"i","true",NA,NA,NA,NA,"phase_015_subj_15"
15513,201,4,"<p style=""color:white; font-size: 35px;"">蠢笨</p>","negative","ability","蠢笨",4,456,456,"i","true",NA,NA,NA,NA,"phase_015_subj_15"
15514,201,4,"<p style=""color:rgb(150, 250, 100); font-size: 35px;"">别人的</p>","other","ability","别人的",4,445,445,"i","true",NA,NA,NA,NA,"phase_015_subj_15"
15515,201,4,"<p style=""color:white; font-size: 35px;"">高效</p>","positive","ability","高效",4,440,440,"e","true",NA,NA,NA,NA,"phase_015_subj_15"
15516,201,4,"<p style=""color:rgb(150, 250, 100); font-size: 35px;"">本人</p>","self","ability","本人",4,452,452,"e","true",NA,NA,NA,NA,"phase_015_subj_15"
15517,201,4,"<p style=""color:white; font-size: 35px;"">低能</p>","negative","ability","低能",4,505,505,"i","true",NA,NA,NA,NA,"phase_015_subj_15"
15518,201,4,"<p style=""color:rgb(150, 250, 100); font-size: 35px;"">他的</p>","other","ability","他的",4,518,518,"i","true",NA,NA,NA,NA,"phase_015_subj_15"
15519,201,4,"<p style=""color:white; font-size: 35px;"">全才</p>","positive","ability","全才",4,487,487,"e","true",NA,NA,NA,NA,"phase_015_subj_15"
15520,201,4,"<p style=""color:rgb(150, 250, 100); font-size: 35px;"">我</p>","self","ability","我",4,404,404,"e","true",NA,NA,NA,NA,"phase_015_subj_15"
15521,201,4,"<p style=""color:white; font-size: 35px;"">无能</p>","negative","ability","无能",4,474,474,"i","true",NA,NA,NA,NA,"phase_015_subj_15"
15522,201,4,"<p style=""color:rgb(150, 250, 100); font-size: 35px;"">别人</p>","other","ability","别人",4,427,427,"i","true",NA,NA,NA,NA,"phase_015_subj_15"
15523,201,4,"<p style=""color:white; font-size: 35px;"">天才</p>","positive","ability","天才",4,500,500,"e","true",NA,NA,NA,NA,"phase_015_subj_15"
15524,201,4,"<p style=""color:rgb(150, 250, 100); font-size: 35px;"">我</p>","self","ability","我",4,449,449,"e","true",NA,NA,NA,NA,"phase_015_subj_15"
15525,201,4,"<p style=""color:white; font-size: 35px;"">蠢笨</p>","negative","ability","蠢笨",4,815,815,"i","true",NA,NA,NA,NA,"phase_015_subj_15"
15526,201,4,"<p style=""color:rgb(150, 250, 100); font-size: 35px;"">自己</p>","self","ability","自己",4,446,446,"e","true",NA,NA,NA,NA,"phase_015_subj_15"
15527,201,4,"<p style=""color:white; font-size: 35px;"">精干</p>","positive","ability","精干",4,479,479,"e","true",NA,NA,NA,NA,"phase_015_subj_15"
15528,201,4,"<p style=""color:rgb(150, 250, 100); font-size: 35px;"">他人</p>","other","ability","他人",4,504,504,"i","true",NA,NA,NA,NA,"phase_015_subj_15"
15529,201,4,"<p style=""color:white; font-size: 35px;"">低能</p>","negative","ability","低能",4,535,535,"i","true",NA,NA,NA,NA,"phase_015_subj_15"
15530,201,4,"<p style=""color:rgb(150, 250, 100); font-size: 35px;"">本人</p>","self","ability","本人",4,479,479,"e","true",NA,NA,NA,NA,"phase_015_subj_15"
15531,201,4,"<p style=""color:white; font-size: 35px;"">高效</p>","positive","ability","高效",4,511,511,"e","true",NA,NA,NA,NA,"phase_015_subj_15"
15532,201,4,"<p style=""color:rgb(150, 250, 100); font-size: 35px;"">他</p>","other","ability","他",4,529,529,"i","true",NA,NA,NA,NA,"phase_015_subj_15"
15533,201,4,"<p style=""color:white; font-size: 35px;"">拙笨</p>","negative","ability","拙笨",4,498,498,"i","true",NA,NA,NA,NA,"phase_015_subj_15"
15534,201,4,"<p style=""color:rgb(150, 250, 100); font-size: 35px;"">他人的</p>","other","ability","他人的",4,437,437,"i","true",NA,NA,NA,NA,"phase_015_subj_15"
15535,201,4,"<p style=""color:white; font-size: 35px;"">愚钝</p>","negative","ability","愚钝",4,451,451,"i","true",NA,NA,NA,NA,"phase_015_subj_15"
15536,201,4,"<p style=""color:rgb(150, 250, 100); font-size: 35px;"">本人的</p>","self","ability","本人的",4,572,572,"e","true",NA,NA,NA,NA,"phase_015_subj_15"
15537,201,4,"<p style=""color:white; font-size: 35px;"">能干</p>","positive","ability","能干",4,444,444,"e","true",NA,NA,NA,NA,"phase_015_subj_15"
15538,201,5,"<p style=""color:rgb(150, 250, 100); font-size: 35px;"">他的</p>","other","ability","他的",5,580,580,"e","true",NA,NA,NA,NA,"phase_015_subj_15"
15539,201,5,"<p style=""color:rgb(150, 250, 100); font-size: 35px;"">他</p>","other","ability","他",5,386,386,"e","true",NA,NA,NA,NA,"phase_015_subj_15"
15540,201,5,"<p style=""color:rgb(150, 250, 100); font-size: 35px;"">自己</p>","self","ability","自己",5,453,453,"i","true",NA,NA,NA,NA,"phase_015_subj_15"
15541,201,5,"<p style=""color:rgb(150, 250, 100); font-size: 35px;"">别人</p>","other","ability","别人",5,460,460,"e","true",NA,NA,NA,NA,"phase_015_subj_15"
15542,201,5,"<p style=""color:rgb(150, 250, 100); font-size: 35px;"">我的</p>","self","ability","我的",5,504,504,"i","true",NA,NA,NA,NA,"phase_015_subj_15"
15543,201,5,"<p style=""color:rgb(150, 250, 100); font-size: 35px;"">别人的</p>","other","ability","别人的",5,512,512,"e","true",NA,NA,NA,NA,"phase_015_subj_15"
15544,201,5,"<p style=""color:rgb(150, 250, 100); font-size: 35px;"">他人的</p>","other","ability","他人的",5,427,427,"e","true",NA,NA,NA,NA,"phase_015_subj_15"
15545,201,5,"<p style=""color:rgb(150, 250, 100); font-size: 35px;"">我的</p>","self","ability","我的",5,476,476,"i","true",NA,NA,NA,NA,"phase_015_subj_15"
15546,201,5,"<p style=""color:rgb(150, 250, 100); font-size: 35px;"">别人的</p>","other","ability","别人的",5,407,407,"e","true",NA,NA,NA,NA,"phase_015_subj_15"
15547,201,5,"<p style=""color:rgb(150, 250, 100); font-size: 35px;"">他人</p>","other","ability","他人",5,403,403,"e","true",NA,NA,NA,NA,"phase_015_subj_15"
15548,201,5,"<p style=""color:rgb(150, 250, 100); font-size: 35px;"">本人</p>","self","ability","本人",5,498,498,"i","true",NA,NA,NA,NA,"phase_015_subj_15"
15549,201,5,"<p style=""color:rgb(150, 250, 100); font-size: 35px;"">他的</p>","other","ability","他的",5,428,428,"e","true",NA,NA,NA,NA,"phase_015_subj_15"
15550,201,5,"<p style=""color:rgb(150, 250, 100); font-size: 35px;"">我</p>","self","ability","我",5,442,442,"i","true",NA,NA,NA,NA,"phase_015_subj_15"
15551,201,5,"<p style=""color:rgb(150, 250, 100); font-size: 35px;"">他人</p>","other","ability","他人",5,410,410,"e","true",NA,NA,NA,NA,"phase_015_subj_15"
15552,201,5,"<p style=""color:rgb(150, 250, 100); font-size: 35px;"">本人的</p>","self","ability","本人的",5,426,426,"i","true",NA,NA,NA,NA,"phase_015_subj_15"
15553,201,5,"<p style=""color:rgb(150, 250, 100); font-size: 35px;"">自己的</p>","self","ability","自己的",5,460,460,"i","true",NA,NA,NA,NA,"phase_015_subj_15"
15554,201,5,"<p style=""color:rgb(150, 250, 100); font-size: 35px;"">我</p>","self","ability","我",5,405,405,"i","true",NA,NA,NA,NA,"phase_015_subj_15"
15555,201,5,"<p style=""color:rgb(150, 250, 100); font-size: 35px;"">别人</p>","other","ability","别人",5,456,456,"e","true",NA,NA,NA,NA,"phase_015_subj_15"
15556,201,5,"<p style=""color:rgb(150, 250, 100); font-size: 35px;"">他人的</p>","other","ability","他人的",5,418,418,"e","true",NA,NA,NA,NA,"phase_015_subj_15"
15557,201,5,"<p style=""color:rgb(150, 250, 100); font-size: 35px;"">自己的</p>","self","ability","自己的",5,416,416,"i","true",NA,NA,NA,NA,"phase_015_subj_15"
15558,201,5,"<p style=""color:rgb(150, 250, 100); font-size: 35px;"">自己</p>","self","ability","自己",5,477,477,"e","false",NA,NA,NA,NA,"phase_015_subj_15"
15559,201,5,"<p style=""color:rgb(150, 250, 100); font-size: 35px;"">本人</p>","self","ability","本人",5,470,470,"e","false",NA,NA,NA,NA,"phase_015_subj_15"
15560,201,5,"<p style=""color:rgb(150, 250, 100); font-size: 35px;"">他</p>","other","ability","他",5,657,657,"e","true",NA,NA,NA,NA,"phase_015_subj_15"
15561,201,5,"<p style=""color:rgb(150, 250, 100); font-size: 35px;"">本人的</p>","self","ability","本人的",5,555,555,"i","true",NA,NA,NA,NA,"phase_015_subj_15"
15562,201,6,"<p style=""color:white; font-size: 35px;"">全才</p>","positive","ability","全才",6,682,682,"e","true",NA,NA,NA,NA,"phase_015_subj_15"
15563,201,6,"<p style=""color:rgb(150, 250, 100); font-size: 35px;"">别人的</p>","other","ability","别人的",6,563,563,"e","true",NA,NA,NA,NA,"phase_015_subj_15"
15564,201,6,"<p style=""color:white; font-size: 35px;"">拙笨</p>","negative","ability","拙笨",6,656,656,"i","true",NA,NA,NA,NA,"phase_015_subj_15"
15565,201,6,"<p style=""color:rgb(150, 250, 100); font-size: 35px;"">我</p>","self","ability","我",6,551,551,"i","true",NA,NA,NA,NA,"phase_015_subj_15"
15566,201,6,"<p style=""color:white; font-size: 35px;"">全能</p>","positive","ability","全能",6,654,654,"e","true",NA,NA,NA,NA,"phase_015_subj_15"
15567,201,6,"<p style=""color:rgb(150, 250, 100); font-size: 35px;"">他人的</p>","other","ability","他人的",6,481,481,"e","true",NA,NA,NA,NA,"phase_015_subj_15"
15568,201,6,"<p style=""color:white; font-size: 35px;"">无能</p>","negative","ability","无能",6,753,753,"i","true",NA,NA,NA,NA,"phase_015_subj_15"
15569,201,6,"<p style=""color:rgb(150, 250, 100); font-size: 35px;"">我的</p>","self","ability","我的",6,465,465,"i","true",NA,NA,NA,NA,"phase_015_subj_15"
15570,201,6,"<p style=""color:white; font-size: 35px;"">高效</p>","positive","ability","高效",6,641,641,"e","true",NA,NA,NA,NA,"phase_015_subj_15"
15571,201,6,"<p style=""color:rgb(150, 250, 100); font-size: 35px;"">他人</p>","other","ability","他人",6,808,808,"e","true",NA,NA,NA,NA,"phase_015_subj_15"
15572,201,6,"<p style=""color:white; font-size: 35px;"">低能</p>","negative","ability","低能",6,611,611,"i","true",NA,NA,NA,NA,"phase_015_subj_15"
15573,201,6,"<p style=""color:rgb(150, 250, 100); font-size: 35px;"">自己</p>","self","ability","自己",6,501,501,"i","true",NA,NA,NA,NA,"phase_015_subj_15"
15574,201,6,"<p style=""color:white; font-size: 35px;"">天才</p>","positive","ability","天才",6,758,758,"e","true",NA,NA,NA,NA,"phase_015_subj_15"
15575,201,6,"<p style=""color:rgb(150, 250, 100); font-size: 35px;"">本人的</p>","self","ability","本人的",6,738,738,"i","true",NA,NA,NA,NA,"phase_015_subj_15"
15576,201,6,"<p style=""color:white; font-size: 35px;"">愚钝</p>","negative","ability","愚钝",6,847,847,"i","true",NA,NA,NA,NA,"phase_015_subj_15"
15577,201,6,"<p style=""color:rgb(150, 250, 100); font-size: 35px;"">他</p>","other","ability","他",6,622,622,"e","true",NA,NA,NA,NA,"phase_015_subj_15"
15578,201,6,"<p style=""color:white; font-size: 35px;"">精干</p>","positive","ability","精干",6,479,479,"e","true",NA,NA,NA,NA,"phase_015_subj_15"
15579,201,6,"<p style=""color:rgb(150, 250, 100); font-size: 35px;"">别人</p>","other","ability","别人",6,690,690,"e","true",NA,NA,NA,NA,"phase_015_subj_15"
15580,201,6,"<p style=""color:white; font-size: 35px;"">蠢笨</p>","negative","ability","蠢笨",6,676,676,"i","true",NA,NA,NA,NA,"phase_015_subj_15"
15581,201,6,"<p style=""color:rgb(150, 250, 100); font-size: 35px;"">本人</p>","self","ability","本人",6,606,606,"i","true",NA,NA,NA,NA,"phase_015_subj_15"
15582,201,6,"<p style=""color:white; font-size: 35px;"">能干</p>","positive","ability","能干",6,630,630,"e","true",NA,NA,NA,NA,"phase_015_subj_15"
15583,201,6,"<p style=""color:rgb(150, 250, 100); font-size: 35px;"">他的</p>","other","ability","他的",6,727,727,"e","true",NA,NA,NA,NA,"phase_015_subj_15"
15584,201,6,"<p style=""color:white; font-size: 35px;"">废物</p>","negative","ability","废物",6,581,581,"i","true",NA,NA,NA,NA,"phase_015_subj_15"
15585,201,6,"<p style=""color:rgb(150, 250, 100); font-size: 35px;"">自己的</p>","self","ability","自己的",6,598,598,"i","true",NA,NA,NA,NA,"phase_015_subj_15"
15586,201,7,"<p style=""color:white; font-size: 35px;"">天才</p>","positive","ability","天才",7,671,671,"e","true",NA,NA,NA,NA,"phase_015_subj_15"
15587,201,7,"<p style=""color:rgb(150, 250, 100); font-size: 35px;"">他人</p>","other","ability","他人",7,424,424,"e","true",NA,NA,NA,NA,"phase_015_subj_15"
15588,201,7,"<p style=""color:white; font-size: 35px;"">蠢笨</p>","negative","ability","蠢笨",7,519,519,"i","true",NA,NA,NA,NA,"phase_015_subj_15"
15589,201,7,"<p style=""color:rgb(150, 250, 100); font-size: 35px;"">自己</p>","self","ability","自己",7,577,577,"i","true",NA,NA,NA,NA,"phase_015_subj_15"
15590,201,7,"<p style=""color:white; font-size: 35px;"">拙笨</p>","negative","ability","拙笨",7,542,542,"i","true",NA,NA,NA,NA,"phase_015_subj_15"
15591,201,7,"<p style=""color:rgb(150, 250, 100); font-size: 35px;"">我的</p>","self","ability","我的",7,514,514,"i","true",NA,NA,NA,NA,"phase_015_subj_15"
15592,201,7,"<p style=""color:white; font-size: 35px;"">精干</p>","positive","ability","精干",7,545,545,"e","true",NA,NA,NA,NA,"phase_015_subj_15"
15593,201,7,"<p style=""color:rgb(150, 250, 100); font-size: 35px;"">别人的</p>","other","ability","别人的",7,516,516,"e","true",NA,NA,NA,NA,"phase_015_subj_15"
15594,201,7,"<p style=""color:white; font-size: 35px;"">能干</p>","positive","ability","能干",7,537,537,"e","true",NA,NA,NA,NA,"phase_015_subj_15"
15595,201,7,"<p style=""color:rgb(150, 250, 100); font-size: 35px;"">自己的</p>","self","ability","自己的",7,505,505,"i","true",NA,NA,NA,NA,"phase_015_subj_15"
15596,201,7,"<p style=""color:white; font-size: 35px;"">废物</p>","negative","ability","废物",7,625,625,"i","true",NA,NA,NA,NA,"phase_015_subj_15"
15597,201,7,"<p style=""color:rgb(150, 250, 100); font-size: 35px;"">别人</p>","other","ability","别人",7,922,922,"e","true",NA,NA,NA,NA,"phase_015_subj_15"
15598,201,7,"<p style=""color:white; font-size: 35px;"">低能</p>","negative","ability","低能",7,608,608,"i","true",NA,NA,NA,NA,"phase_015_subj_15"
15599,201,7,"<p style=""color:rgb(150, 250, 100); font-size: 35px;"">自己的</p>","self","ability","自己的",7,1027,1027,"i","true",NA,NA,NA,NA,"phase_015_subj_15"
15600,201,7,"<p style=""color:white; font-size: 35px;"">全才</p>","positive","ability","全才",7,552,552,"e","true",NA,NA,NA,NA,"phase_015_subj_15"
15601,201,7,"<p style=""color:rgb(150, 250, 100); font-size: 35px;"">别人的</p>","other","ability","别人的",7,567,567,"e","true",NA,NA,NA,NA,"phase_015_subj_15"
15602,201,7,"<p style=""color:white; font-size: 35px;"">无能</p>","negative","ability","无能",7,536,536,"i","true",NA,NA,NA,NA,"phase_015_subj_15"
15603,201,7,"<p style=""color:rgb(150, 250, 100); font-size: 35px;"">我</p>","self","ability","我",7,603,603,"i","true",NA,NA,NA,NA,"phase_015_subj_15"
15604,201,7,"<p style=""color:white; font-size: 35px;"">精干</p>","positive","ability","精干",7,480,480,"e","true",NA,NA,NA,NA,"phase_015_subj_15"
15605,201,7,"<p style=""color:rgb(150, 250, 100); font-size: 35px;"">他的</p>","other","ability","他的",7,642,642,"e","true",NA,NA,NA,NA,"phase_015_subj_15"
15606,201,7,"<p style=""color:white; font-size: 35px;"">全能</p>","positive","ability","全能",7,448,448,"e","true",NA,NA,NA,NA,"phase_015_subj_15"
15607,201,7,"<p style=""color:rgb(150, 250, 100); font-size: 35px;"">别人</p>","other","ability","别人",7,594,594,"e","true",NA,NA,NA,NA,"phase_015_subj_15"
15608,201,7,"<p style=""color:white; font-size: 35px;"">拙笨</p>","negative","ability","拙笨",7,588,588,"i","true",NA,NA,NA,NA,"phase_015_subj_15"
15609,201,7,"<p style=""color:rgb(150, 250, 100); font-size: 35px;"">本人的</p>","self","ability","本人的",7,690,690,"i","true",NA,NA,NA,NA,"phase_015_subj_15"
15610,201,7,"<p style=""color:white; font-size: 35px;"">高效</p>","positive","ability","高效",7,563,563,"e","true",NA,NA,NA,NA,"phase_015_subj_15"
15611,201,7,"<p style=""color:rgb(150, 250, 100); font-size: 35px;"">本人</p>","self","ability","本人",7,589,589,"i","true",NA,NA,NA,NA,"phase_015_subj_15"
15612,201,7,"<p style=""color:white; font-size: 35px;"">愚钝</p>","negative","ability","愚钝",7,601,601,"i","true",NA,NA,NA,NA,"phase_015_subj_15"
15613,201,7,"<p style=""color:rgb(150, 250, 100); font-size: 35px;"">他</p>","other","ability","他",7,565,565,"e","true",NA,NA,NA,NA,"phase_015_subj_15"
15614,201,7,"<p style=""color:white; font-size: 35px;"">天才</p>","positive","ability","天才",7,436,436,"e","true",NA,NA,NA,NA,"phase_015_subj_15"
15615,201,7,"<p style=""color:rgb(150, 250, 100); font-size: 35px;"">本人</p>","self","ability","本人",7,516,1193.78260869565,"e","false",NA,NA,NA,NA,"phase_015_subj_15"
15616,201,7,"<p style=""color:white; font-size: 35px;"">废物</p>","negative","ability","废物",7,1119,1119,"i","true",NA,NA,NA,NA,"phase_015_subj_15"
15617,201,7,"<p style=""color:rgb(150, 250, 100); font-size: 35px;"">他</p>","other","ability","他",7,572,572,"e","true",NA,NA,NA,NA,"phase_015_subj_15"
15618,201,7,"<p style=""color:white; font-size: 35px;"">低能</p>","negative","ability","低能",7,560,560,"i","true",NA,NA,NA,NA,"phase_015_subj_15"
15619,201,7,"<p style=""color:rgb(150, 250, 100); font-size: 35px;"">我</p>","self","ability","我",7,533,533,"i","true",NA,NA,NA,NA,"phase_015_subj_15"
15620,201,7,"<p style=""color:white; font-size: 35px;"">能干</p>","positive","ability","能干",7,470,470,"e","true",NA,NA,NA,NA,"phase_015_subj_15"
15621,201,7,"<p style=""color:rgb(150, 250, 100); font-size: 35px;"">他人</p>","other","ability","他人",7,729,729,"e","true",NA,NA,NA,NA,"phase_015_subj_15"
15622,201,7,"<p style=""color:white; font-size: 35px;"">全才</p>","positive","ability","全才",7,499,499,"e","true",NA,NA,NA,NA,"phase_015_subj_15"
15623,201,7,"<p style=""color:rgb(150, 250, 100); font-size: 35px;"">我的</p>","self","ability","我的",7,527,1193.78260869565,"e","false",NA,NA,NA,NA,"phase_015_subj_15"
15624,201,7,"<p style=""color:white; font-size: 35px;"">愚钝</p>","negative","ability","愚钝",7,536,536,"i","true",NA,NA,NA,NA,"phase_015_subj_15"
15625,201,7,"<p style=""color:rgb(150, 250, 100); font-size: 35px;"">他人的</p>","other","ability","他人的",7,601,601,"e","true",NA,NA,NA,NA,"phase_015_subj_15"
15626,201,7,"<p style=""color:white; font-size: 35px;"">蠢笨</p>","negative","ability","蠢笨",7,579,579,"i","true",NA,NA,NA,NA,"phase_015_subj_15"
15627,201,7,"<p style=""color:rgb(150, 250, 100); font-size: 35px;"">他人的</p>","other","ability","他人的",7,606,606,"e","true",NA,NA,NA,NA,"phase_015_subj_15"
15628,201,7,"<p style=""color:white; font-size: 35px;"">全能</p>","positive","ability","全能",7,619,619,"e","true",NA,NA,NA,NA,"phase_015_subj_15"
15629,201,7,"<p style=""color:rgb(150, 250, 100); font-size: 35px;"">自己</p>","self","ability","自己",7,591,591,"i","true",NA,NA,NA,NA,"phase_015_subj_15"
15630,201,7,"<p style=""color:white; font-size: 35px;"">无能</p>","negative","ability","无能",7,477,477,"i","true",NA,NA,NA,NA,"phase_015_subj_15"
15631,201,7,"<p style=""color:rgb(150, 250, 100); font-size: 35px;"">他的</p>","other","ability","他的",7,592,592,"e","true",NA,NA,NA,NA,"phase_015_subj_15"
15632,201,7,"<p style=""color:white; font-size: 35px;"">高效</p>","positive","ability","高效",7,584,584,"e","true",NA,NA,NA,NA,"phase_015_subj_15"
15633,201,7,"<p style=""color:rgb(150, 250, 100); font-size: 35px;"">本人的</p>","self","ability","本人的",7,661,661,"i","true",NA,NA,NA,NA,"phase_015_subj_15"
15634,201,NA,"
    <h3>词语分类任务</h3>
    <p>在接下来的任务中，你需要对一系列词语进行分类。<p/>
    请先熟悉这些词语，这有利于你完成接下来的任务。</p>
    <table align=""center"" border=1 cellpadding=3 cellspacing=0>
    <tr> <th>类别</th> <th>词语</th> </tr>
    <tr> <td>&emsp;积极&emsp;</td> <td>&emsp;高尚、诚信、善良、君子、廉正、正直&emsp;</td> </tr>
    <tr> <td>&emsp;消极&emsp;</td> <td>&emsp;缺德、卑鄙、不孝、不仁、小人、黑心&emsp;</td> </tr>
    <tr> <td>&emsp;自我&emsp;</td> <td>&emsp;我、我的、自己、自己的、本人、本人的&emsp;</td> </tr>
    <tr> <td>&emsp;他人&emsp;</td> <td>&emsp;他、他的、别人、别人的、他人、他人的&emsp;</td> </tr>
    </table><br/>","","","",NA,12044,NA,"0","",NA,NA,1,2,"phase_015_subj_15"
15635,201,11,"<p style=""color:rgb(150, 250, 100); font-size: 35px;"">他</p>","other","moral","他",1,526,526,"e","true",NA,NA,NA,NA,"phase_015_subj_15"
15636,201,11,"<p style=""color:rgb(150, 250, 100); font-size: 35px;"">我的</p>","self","moral","我的",1,448,448,"i","true",NA,NA,NA,NA,"phase_015_subj_15"
15637,201,11,"<p style=""color:rgb(150, 250, 100); font-size: 35px;"">本人</p>","self","moral","本人",1,552,552,"i","true",NA,NA,NA,NA,"phase_015_subj_15"
15638,201,11,"<p style=""color:rgb(150, 250, 100); font-size: 35px;"">本人的</p>","self","moral","本人的",1,418,418,"i","true",NA,NA,NA,NA,"phase_015_subj_15"
15639,201,11,"<p style=""color:rgb(150, 250, 100); font-size: 35px;"">我</p>","self","moral","我",1,426,426,"i","true",NA,NA,NA,NA,"phase_015_subj_15"
15640,201,11,"<p style=""color:rgb(150, 250, 100); font-size: 35px;"">他人</p>","other","moral","他人",1,495,495,"e","true",NA,NA,NA,NA,"phase_015_subj_15"
15641,201,11,"<p style=""color:rgb(150, 250, 100); font-size: 35px;"">别人</p>","other","moral","别人",1,465,465,"e","true",NA,NA,NA,NA,"phase_015_subj_15"
15642,201,11,"<p style=""color:rgb(150, 250, 100); font-size: 35px;"">他的</p>","other","moral","他的",1,359,359,"e","true",NA,NA,NA,NA,"phase_015_subj_15"
15643,201,11,"<p style=""color:rgb(150, 250, 100); font-size: 35px;"">自己的</p>","self","moral","自己的",1,509,509,"i","true",NA,NA,NA,NA,"phase_015_subj_15"
15644,201,11,"<p style=""color:rgb(150, 250, 100); font-size: 35px;"">别人的</p>","other","moral","别人的",1,435,435,"e","true",NA,NA,NA,NA,"phase_015_subj_15"
15645,201,11,"<p style=""color:rgb(150, 250, 100); font-size: 35px;"">自己</p>","self","moral","自己",1,525,525,"i","true",NA,NA,NA,NA,"phase_015_subj_15"
15646,201,11,"<p style=""color:rgb(150, 250, 100); font-size: 35px;"">他人的</p>","other","moral","他人的",1,406,406,"e","true",NA,NA,NA,NA,"phase_015_subj_15"
15647,201,12,"<p style=""color:white; font-size: 35px;"">小人</p>","negative","moral","小人",2,480,480,"i","true",NA,NA,NA,NA,"phase_015_subj_15"
15648,201,12,"<p style=""color:white; font-size: 35px;"">黑心</p>","negative","moral","黑心",2,441,441,"i","true",NA,NA,NA,NA,"phase_015_subj_15"
15649,201,12,"<p style=""color:white; font-size: 35px;"">缺德</p>","negative","moral","缺德",2,437,437,"i","true",NA,NA,NA,NA,"phase_015_subj_15"
15650,201,12,"<p style=""color:white; font-size: 35px;"">廉正</p>","positive","moral","廉正",2,551,551,"e","true",NA,NA,NA,NA,"phase_015_subj_15"
15651,201,12,"<p style=""color:white; font-size: 35px;"">卑鄙</p>","negative","moral","卑鄙",2,444,444,"i","true",NA,NA,NA,NA,"phase_015_subj_15"
15652,201,12,"<p style=""color:white; font-size: 35px;"">不孝</p>","negative","moral","不孝",2,477,477,"i","true",NA,NA,NA,NA,"phase_015_subj_15"
15653,201,12,"<p style=""color:white; font-size: 35px;"">君子</p>","positive","moral","君子",2,501,501,"e","true",NA,NA,NA,NA,"phase_015_subj_15"
15654,201,12,"<p style=""color:white; font-size: 35px;"">善良</p>","positive","moral","善良",2,502,502,"e","true",NA,NA,NA,NA,"phase_015_subj_15"
15655,201,12,"<p style=""color:white; font-size: 35px;"">不仁</p>","negative","moral","不仁",2,840,840,"i","true",NA,NA,NA,NA,"phase_015_subj_15"
15656,201,12,"<p style=""color:white; font-size: 35px;"">高尚</p>","positive","moral","高尚",2,510,510,"e","true",NA,NA,NA,NA,"phase_015_subj_15"
15657,201,12,"<p style=""color:white; font-size: 35px;"">正直</p>","positive","moral","正直",2,456,456,"e","true",NA,NA,NA,NA,"phase_015_subj_15"
15658,201,12,"<p style=""color:white; font-size: 35px;"">诚信</p>","positive","moral","诚信",2,459,459,"e","true",NA,NA,NA,NA,"phase_015_subj_15"
15659,201,13,"<p style=""color:rgb(150, 250, 100); font-size: 35px;"">我</p>","self","moral","我",3,678,678,"i","true",NA,NA,NA,NA,"phase_015_subj_15"
15660,201,13,"<p style=""color:white; font-size: 35px;"">君子</p>","positive","moral","君子",3,505,505,"e","true",NA,NA,NA,NA,"phase_015_subj_15"
15661,201,13,"<p style=""color:rgb(150, 250, 100); font-size: 35px;"">他人的</p>","other","moral","他人的",3,629,629,"e","true",NA,NA,NA,NA,"phase_015_subj_15"
15662,201,13,"<p style=""color:white; font-size: 35px;"">卑鄙</p>","negative","moral","卑鄙",3,506,506,"i","true",NA,NA,NA,NA,"phase_015_subj_15"
15663,201,13,"<p style=""color:rgb(150, 250, 100); font-size: 35px;"">他的</p>","other","moral","他的",3,523,1141.54545454545,"i","false",NA,NA,NA,NA,"phase_015_subj_15"
15664,201,13,"<p style=""color:white; font-size: 35px;"">正直</p>","positive","moral","正直",3,501,501,"e","true",NA,NA,NA,NA,"phase_015_subj_15"
15665,201,13,"<p style=""color:rgb(150, 250, 100); font-size: 35px;"">本人</p>","self","moral","本人",3,441,441,"i","true",NA,NA,NA,NA,"phase_015_subj_15"
15666,201,13,"<p style=""color:white; font-size: 35px;"">不孝</p>","negative","moral","不孝",3,439,439,"i","true",NA,NA,NA,NA,"phase_015_subj_15"
15667,201,13,"<p style=""color:rgb(150, 250, 100); font-size: 35px;"">别人</p>","other","moral","别人",3,673,673,"e","true",NA,NA,NA,NA,"phase_015_subj_15"
15668,201,13,"<p style=""color:white; font-size: 35px;"">不仁</p>","negative","moral","不仁",3,574,574,"i","true",NA,NA,NA,NA,"phase_015_subj_15"
15669,201,13,"<p style=""color:rgb(150, 250, 100); font-size: 35px;"">本人的</p>","self","moral","本人的",3,602,602,"i","true",NA,NA,NA,NA,"phase_015_subj_15"
15670,201,13,"<p style=""color:white; font-size: 35px;"">高尚</p>","positive","moral","高尚",3,506,506,"e","true",NA,NA,NA,NA,"phase_015_subj_15"
15671,201,13,"<p style=""color:rgb(150, 250, 100); font-size: 35px;"">我的</p>","self","moral","我的",3,497,1141.54545454545,"e","false",NA,NA,NA,NA,"phase_015_subj_15"
15672,201,13,"<p style=""color:white; font-size: 35px;"">缺德</p>","negative","moral","缺德",3,673,673,"i","true",NA,NA,NA,NA,"phase_015_subj_15"
15673,201,13,"<p style=""color:rgb(150, 250, 100); font-size: 35px;"">别人的</p>","other","moral","别人的",3,695,695,"e","true",NA,NA,NA,NA,"phase_015_subj_15"
15674,201,13,"<p style=""color:white; font-size: 35px;"">善良</p>","positive","moral","善良",3,456,456,"e","true",NA,NA,NA,NA,"phase_015_subj_15"
15675,201,13,"<p style=""color:rgb(150, 250, 100); font-size: 35px;"">自己</p>","self","moral","自己",3,487,487,"i","true",NA,NA,NA,NA,"phase_015_subj_15"
15676,201,13,"<p style=""color:white; font-size: 35px;"">黑心</p>","negative","moral","黑心",3,432,432,"i","true",NA,NA,NA,NA,"phase_015_subj_15"
15677,201,13,"<p style=""color:rgb(150, 250, 100); font-size: 35px;"">他</p>","other","moral","他",3,509,509,"e","true",NA,NA,NA,NA,"phase_015_subj_15"
15678,201,13,"<p style=""color:white; font-size: 35px;"">廉正</p>","positive","moral","廉正",3,536,536,"e","true",NA,NA,NA,NA,"phase_015_subj_15"
15679,201,13,"<p style=""color:rgb(150, 250, 100); font-size: 35px;"">自己的</p>","self","moral","自己的",3,665,665,"i","true",NA,NA,NA,NA,"phase_015_subj_15"
15680,201,13,"<p style=""color:white; font-size: 35px;"">小人</p>","negative","moral","小人",3,562,562,"i","true",NA,NA,NA,NA,"phase_015_subj_15"
15681,201,13,"<p style=""color:rgb(150, 250, 100); font-size: 35px;"">他人</p>","other","moral","他人",3,421,421,"e","true",NA,NA,NA,NA,"phase_015_subj_15"
15682,201,13,"<p style=""color:white; font-size: 35px;"">诚信</p>","positive","moral","诚信",3,424,424,"e","true",NA,NA,NA,NA,"phase_015_subj_15"
15683,201,14,"<p style=""color:rgb(150, 250, 100); font-size: 35px;"">他的</p>","other","moral","他的",4,678,678,"e","true",NA,NA,NA,NA,"phase_015_subj_15"
15684,201,14,"<p style=""color:white; font-size: 35px;"">卑鄙</p>","negative","moral","卑鄙",4,495,495,"i","true",NA,NA,NA,NA,"phase_015_subj_15"
15685,201,14,"<p style=""color:rgb(150, 250, 100); font-size: 35px;"">自己</p>","self","moral","自己",4,524,524,"i","true",NA,NA,NA,NA,"phase_015_subj_15"
15686,201,14,"<p style=""color:white; font-size: 35px;"">廉正</p>","positive","moral","廉正",4,491,491,"e","true",NA,NA,NA,NA,"phase_015_subj_15"
15687,201,14,"<p style=""color:rgb(150, 250, 100); font-size: 35px;"">他人的</p>","other","moral","他人的",4,496,496,"e","true",NA,NA,NA,NA,"phase_015_subj_15"
15688,201,14,"<p style=""color:white; font-size: 35px;"">诚信</p>","positive","moral","诚信",4,429,429,"e","true",NA,NA,NA,NA,"phase_015_subj_15"
15689,201,14,"<p style=""color:rgb(150, 250, 100); font-size: 35px;"">自己的</p>","self","moral","自己的",4,511,511,"i","true",NA,NA,NA,NA,"phase_015_subj_15"
15690,201,14,"<p style=""color:white; font-size: 35px;"">缺德</p>","negative","moral","缺德",4,424,424,"i","true",NA,NA,NA,NA,"phase_015_subj_15"
15691,201,14,"<p style=""color:rgb(150, 250, 100); font-size: 35px;"">我</p>","self","moral","我",4,518,518,"i","true",NA,NA,NA,NA,"phase_015_subj_15"
15692,201,14,"<p style=""color:white; font-size: 35px;"">廉正</p>","positive","moral","廉正",4,526,526,"e","true",NA,NA,NA,NA,"phase_015_subj_15"
15693,201,14,"<p style=""color:rgb(150, 250, 100); font-size: 35px;"">他</p>","other","moral","他",4,516,516,"e","true",NA,NA,NA,NA,"phase_015_subj_15"
15694,201,14,"<p style=""color:white; font-size: 35px;"">黑心</p>","negative","moral","黑心",4,526,526,"i","true",NA,NA,NA,NA,"phase_015_subj_15"
15695,201,14,"<p style=""color:rgb(150, 250, 100); font-size: 35px;"">别人</p>","other","moral","别人",4,649,649,"e","true",NA,NA,NA,NA,"phase_015_subj_15"
15696,201,14,"<p style=""color:white; font-size: 35px;"">高尚</p>","positive","moral","高尚",4,475,475,"e","true",NA,NA,NA,NA,"phase_015_subj_15"
15697,201,14,"<p style=""color:rgb(150, 250, 100); font-size: 35px;"">我</p>","self","moral","我",4,477,477,"i","true",NA,NA,NA,NA,"phase_015_subj_15"
15698,201,14,"<p style=""color:white; font-size: 35px;"">不孝</p>","negative","moral","不孝",4,519,519,"i","true",NA,NA,NA,NA,"phase_015_subj_15"
15699,201,14,"<p style=""color:rgb(150, 250, 100); font-size: 35px;"">自己的</p>","self","moral","自己的",4,604,604,"i","true",NA,NA,NA,NA,"phase_015_subj_15"
15700,201,14,"<p style=""color:white; font-size: 35px;"">君子</p>","positive","moral","君子",4,455,455,"e","true",NA,NA,NA,NA,"phase_015_subj_15"
15701,201,14,"<p style=""color:rgb(150, 250, 100); font-size: 35px;"">他的</p>","other","moral","他的",4,510,510,"e","true",NA,NA,NA,NA,"phase_015_subj_15"
15702,201,14,"<p style=""color:white; font-size: 35px;"">不仁</p>","negative","moral","不仁",4,554,554,"i","true",NA,NA,NA,NA,"phase_015_subj_15"
15703,201,14,"<p style=""color:rgb(150, 250, 100); font-size: 35px;"">我的</p>","self","moral","我的",4,624,624,"i","true",NA,NA,NA,NA,"phase_015_subj_15"
15704,201,14,"<p style=""color:white; font-size: 35px;"">诚信</p>","positive","moral","诚信",4,497,497,"e","true",NA,NA,NA,NA,"phase_015_subj_15"
15705,201,14,"<p style=""color:rgb(150, 250, 100); font-size: 35px;"">别人的</p>","other","moral","别人的",4,732,732,"e","true",NA,NA,NA,NA,"phase_015_subj_15"
15706,201,14,"<p style=""color:white; font-size: 35px;"">小人</p>","negative","moral","小人",4,479,1154.60869565217,"e","false",NA,NA,NA,NA,"phase_015_subj_15"
15707,201,14,"<p style=""color:rgb(150, 250, 100); font-size: 35px;"">他</p>","other","moral","他",4,472,1154.60869565217,"i","false",NA,NA,NA,NA,"phase_015_subj_15"
15708,201,14,"<p style=""color:white; font-size: 35px;"">正直</p>","positive","moral","正直",4,567,567,"e","true",NA,NA,NA,NA,"phase_015_subj_15"
15709,201,14,"<p style=""color:rgb(150, 250, 100); font-size: 35px;"">本人的</p>","self","moral","本人的",4,539,539,"i","true",NA,NA,NA,NA,"phase_015_subj_15"
15710,201,14,"<p style=""color:white; font-size: 35px;"">不仁</p>","negative","moral","不仁",4,939,939,"i","true",NA,NA,NA,NA,"phase_015_subj_15"
15711,201,14,"<p style=""color:rgb(150, 250, 100); font-size: 35px;"">他人</p>","other","moral","他人",4,495,495,"e","true",NA,NA,NA,NA,"phase_015_subj_15"
15712,201,14,"<p style=""color:white; font-size: 35px;"">正直</p>","positive","moral","正直",4,500,500,"e","true",NA,NA,NA,NA,"phase_015_subj_15"
15713,201,14,"<p style=""color:rgb(150, 250, 100); font-size: 35px;"">我的</p>","self","moral","我的",4,490,490,"i","true",NA,NA,NA,NA,"phase_015_subj_15"
15714,201,14,"<p style=""color:white; font-size: 35px;"">黑心</p>","negative","moral","黑心",4,476,476,"i","true",NA,NA,NA,NA,"phase_015_subj_15"
15715,201,14,"<p style=""color:rgb(150, 250, 100); font-size: 35px;"">自己</p>","self","moral","自己",4,655,655,"i","true",NA,NA,NA,NA,"phase_015_subj_15"
15716,201,14,"<p style=""color:white; font-size: 35px;"">小人</p>","negative","moral","小人",4,445,445,"i","true",NA,NA,NA,NA,"phase_015_subj_15"
15717,201,14,"<p style=""color:rgb(150, 250, 100); font-size: 35px;"">别人的</p>","other","moral","别人的",4,608,608,"e","true",NA,NA,NA,NA,"phase_015_subj_15"
15718,201,14,"<p style=""color:white; font-size: 35px;"">善良</p>","positive","moral","善良",4,474,474,"e","true",NA,NA,NA,NA,"phase_015_subj_15"
15719,201,14,"<p style=""color:rgb(150, 250, 100); font-size: 35px;"">他人的</p>","other","moral","他人的",4,646,646,"e","true",NA,NA,NA,NA,"phase_015_subj_15"
15720,201,14,"<p style=""color:white; font-size: 35px;"">卑鄙</p>","negative","moral","卑鄙",4,529,529,"i","true",NA,NA,NA,NA,"phase_015_subj_15"
15721,201,14,"<p style=""color:rgb(150, 250, 100); font-size: 35px;"">本人的</p>","self","moral","本人的",4,546,546,"i","true",NA,NA,NA,NA,"phase_015_subj_15"
15722,201,14,"<p style=""color:white; font-size: 35px;"">高尚</p>","positive","moral","高尚",4,482,482,"e","true",NA,NA,NA,NA,"phase_015_subj_15"
15723,201,14,"<p style=""color:rgb(150, 250, 100); font-size: 35px;"">本人</p>","self","moral","本人",4,916,916,"i","true",NA,NA,NA,NA,"phase_015_subj_15"
15724,201,14,"<p style=""color:white; font-size: 35px;"">君子</p>","positive","moral","君子",4,566,566,"e","true",NA,NA,NA,NA,"phase_015_subj_15"
15725,201,14,"<p style=""color:rgb(150, 250, 100); font-size: 35px;"">他人</p>","other","moral","他人",4,550,550,"e","true",NA,NA,NA,NA,"phase_015_subj_15"
15726,201,14,"<p style=""color:white; font-size: 35px;"">不孝</p>","negative","moral","不孝",4,614,614,"i","true",NA,NA,NA,NA,"phase_015_subj_15"
15727,201,14,"<p style=""color:rgb(150, 250, 100); font-size: 35px;"">别人</p>","other","moral","别人",4,615,615,"e","true",NA,NA,NA,NA,"phase_015_subj_15"
15728,201,14,"<p style=""color:white; font-size: 35px;"">善良</p>","positive","moral","善良",4,550,550,"e","true",NA,NA,NA,NA,"phase_015_subj_15"
15729,201,14,"<p style=""color:rgb(150, 250, 100); font-size: 35px;"">本人</p>","self","moral","本人",4,524,524,"i","true",NA,NA,NA,NA,"phase_015_subj_15"
15730,201,14,"<p style=""color:white; font-size: 35px;"">缺德</p>","negative","moral","缺德",4,556,556,"i","true",NA,NA,NA,NA,"phase_015_subj_15"
15731,201,15,"<p style=""color:rgb(150, 250, 100); font-size: 35px;"">本人</p>","self","moral","本人",5,525,525,"e","true",NA,NA,NA,NA,"phase_015_subj_15"
15732,201,15,"<p style=""color:rgb(150, 250, 100); font-size: 35px;"">我</p>","self","moral","我",5,410,410,"e","true",NA,NA,NA,NA,"phase_015_subj_15"
15733,201,15,"<p style=""color:rgb(150, 250, 100); font-size: 35px;"">自己的</p>","self","moral","自己的",5,442,442,"e","true",NA,NA,NA,NA,"phase_015_subj_15"
15734,201,15,"<p style=""color:rgb(150, 250, 100); font-size: 35px;"">本人的</p>","self","moral","本人的",5,422,422,"e","true",NA,NA,NA,NA,"phase_015_subj_15"
15735,201,15,"<p style=""color:rgb(150, 250, 100); font-size: 35px;"">他人的</p>","other","moral","他人的",5,458,458,"i","true",NA,NA,NA,NA,"phase_015_subj_15"
15736,201,15,"<p style=""color:rgb(150, 250, 100); font-size: 35px;"">别人</p>","other","moral","别人",5,444,444,"i","true",NA,NA,NA,NA,"phase_015_subj_15"
15737,201,15,"<p style=""color:rgb(150, 250, 100); font-size: 35px;"">别人的</p>","other","moral","别人的",5,566,566,"i","true",NA,NA,NA,NA,"phase_015_subj_15"
15738,201,15,"<p style=""color:rgb(150, 250, 100); font-size: 35px;"">我</p>","self","moral","我",5,468,468,"e","true",NA,NA,NA,NA,"phase_015_subj_15"
15739,201,15,"<p style=""color:rgb(150, 250, 100); font-size: 35px;"">本人的</p>","self","moral","本人的",5,466,466,"e","true",NA,NA,NA,NA,"phase_015_subj_15"
15740,201,15,"<p style=""color:rgb(150, 250, 100); font-size: 35px;"">他的</p>","other","moral","他的",5,525,525,"i","true",NA,NA,NA,NA,"phase_015_subj_15"
15741,201,15,"<p style=""color:rgb(150, 250, 100); font-size: 35px;"">他人的</p>","other","moral","他人的",5,520,520,"i","true",NA,NA,NA,NA,"phase_015_subj_15"
15742,201,15,"<p style=""color:rgb(150, 250, 100); font-size: 35px;"">我的</p>","self","moral","我的",5,437,437,"e","true",NA,NA,NA,NA,"phase_015_subj_15"
15743,201,15,"<p style=""color:rgb(150, 250, 100); font-size: 35px;"">别人</p>","other","moral","别人",5,514,514,"i","true",NA,NA,NA,NA,"phase_015_subj_15"
15744,201,15,"<p style=""color:rgb(150, 250, 100); font-size: 35px;"">自己</p>","self","moral","自己",5,677,677,"e","true",NA,NA,NA,NA,"phase_015_subj_15"
15745,201,15,"<p style=""color:rgb(150, 250, 100); font-size: 35px;"">我的</p>","self","moral","我的",5,414,414,"e","true",NA,NA,NA,NA,"phase_015_subj_15"
15746,201,15,"<p style=""color:rgb(150, 250, 100); font-size: 35px;"">他人</p>","other","moral","他人",5,512,512,"i","true",NA,NA,NA,NA,"phase_015_subj_15"
15747,201,15,"<p style=""color:rgb(150, 250, 100); font-size: 35px;"">他</p>","other","moral","他",5,516,516,"i","true",NA,NA,NA,NA,"phase_015_subj_15"
15748,201,15,"<p style=""color:rgb(150, 250, 100); font-size: 35px;"">自己的</p>","self","moral","自己的",5,497,497,"e","true",NA,NA,NA,NA,"phase_015_subj_15"
15749,201,15,"<p style=""color:rgb(150, 250, 100); font-size: 35px;"">本人</p>","self","moral","本人",5,575,575,"e","true",NA,NA,NA,NA,"phase_015_subj_15"
15750,201,15,"<p style=""color:rgb(150, 250, 100); font-size: 35px;"">他</p>","other","moral","他",5,476,476,"i","true",NA,NA,NA,NA,"phase_015_subj_15"
15751,201,15,"<p style=""color:rgb(150, 250, 100); font-size: 35px;"">自己</p>","self","moral","自己",5,497,497,"e","true",NA,NA,NA,NA,"phase_015_subj_15"
15752,201,15,"<p style=""color:rgb(150, 250, 100); font-size: 35px;"">他的</p>","other","moral","他的",5,465,465,"i","true",NA,NA,NA,NA,"phase_015_subj_15"
15753,201,15,"<p style=""color:rgb(150, 250, 100); font-size: 35px;"">他人</p>","other","moral","他人",5,468,468,"i","true",NA,NA,NA,NA,"phase_015_subj_15"
15754,201,15,"<p style=""color:rgb(150, 250, 100); font-size: 35px;"">别人的</p>","other","moral","别人的",5,531,531,"i","true",NA,NA,NA,NA,"phase_015_subj_15"
15755,201,16,"<p style=""color:white; font-size: 35px;"">小人</p>","negative","moral","小人",6,540,540,"i","true",NA,NA,NA,NA,"phase_015_subj_15"
15756,201,16,"<p style=""color:rgb(150, 250, 100); font-size: 35px;"">本人的</p>","self","moral","本人的",6,468,468,"e","true",NA,NA,NA,NA,"phase_015_subj_15"
15757,201,16,"<p style=""color:white; font-size: 35px;"">善良</p>","positive","moral","善良",6,422,422,"e","true",NA,NA,NA,NA,"phase_015_subj_15"
15758,201,16,"<p style=""color:rgb(150, 250, 100); font-size: 35px;"">别人的</p>","other","moral","别人的",6,515,515,"i","true",NA,NA,NA,NA,"phase_015_subj_15"
15759,201,16,"<p style=""color:white; font-size: 35px;"">正直</p>","positive","moral","正直",6,492,492,"e","true",NA,NA,NA,NA,"phase_015_subj_15"
15760,201,16,"<p style=""color:rgb(150, 250, 100); font-size: 35px;"">他</p>","other","moral","他",6,465,465,"i","true",NA,NA,NA,NA,"phase_015_subj_15"
15761,201,16,"<p style=""color:white; font-size: 35px;"">不孝</p>","negative","moral","不孝",6,511,511,"i","true",NA,NA,NA,NA,"phase_015_subj_15"
15762,201,16,"<p style=""color:rgb(150, 250, 100); font-size: 35px;"">自己</p>","self","moral","自己",6,518,518,"e","true",NA,NA,NA,NA,"phase_015_subj_15"
15763,201,16,"<p style=""color:white; font-size: 35px;"">高尚</p>","positive","moral","高尚",6,510,510,"e","true",NA,NA,NA,NA,"phase_015_subj_15"
15764,201,16,"<p style=""color:rgb(150, 250, 100); font-size: 35px;"">别人</p>","other","moral","别人",6,509,509,"i","true",NA,NA,NA,NA,"phase_015_subj_15"
15765,201,16,"<p style=""color:white; font-size: 35px;"">黑心</p>","negative","moral","黑心",6,743,743,"i","true",NA,NA,NA,NA,"phase_015_subj_15"
15766,201,16,"<p style=""color:rgb(150, 250, 100); font-size: 35px;"">我</p>","self","moral","我",6,472,472,"e","true",NA,NA,NA,NA,"phase_015_subj_15"
15767,201,16,"<p style=""color:white; font-size: 35px;"">卑鄙</p>","negative","moral","卑鄙",6,784,784,"i","true",NA,NA,NA,NA,"phase_015_subj_15"
15768,201,16,"<p style=""color:rgb(150, 250, 100); font-size: 35px;"">他的</p>","other","moral","他的",6,568,568,"i","true",NA,NA,NA,NA,"phase_015_subj_15"
15769,201,16,"<p style=""color:white; font-size: 35px;"">君子</p>","positive","moral","君子",6,521,521,"e","true",NA,NA,NA,NA,"phase_015_subj_15"
15770,201,16,"<p style=""color:rgb(150, 250, 100); font-size: 35px;"">自己的</p>","self","moral","自己的",6,554,554,"e","true",NA,NA,NA,NA,"phase_015_subj_15"
15771,201,16,"<p style=""color:white; font-size: 35px;"">廉正</p>","positive","moral","廉正",6,459,459,"e","true",NA,NA,NA,NA,"phase_015_subj_15"
15772,201,16,"<p style=""color:rgb(150, 250, 100); font-size: 35px;"">他人</p>","other","moral","他人",6,453,453,"i","true",NA,NA,NA,NA,"phase_015_subj_15"
15773,201,16,"<p style=""color:white; font-size: 35px;"">不仁</p>","negative","moral","不仁",6,487,487,"i","true",NA,NA,NA,NA,"phase_015_subj_15"
15774,201,16,"<p style=""color:rgb(150, 250, 100); font-size: 35px;"">我的</p>","self","moral","我的",6,510,510,"e","true",NA,NA,NA,NA,"phase_015_subj_15"
15775,201,16,"<p style=""color:white; font-size: 35px;"">诚信</p>","positive","moral","诚信",6,401,401,"e","true",NA,NA,NA,NA,"phase_015_subj_15"
15776,201,16,"<p style=""color:rgb(150, 250, 100); font-size: 35px;"">他人的</p>","other","moral","他人的",6,427,427,"i","true",NA,NA,NA,NA,"phase_015_subj_15"
15777,201,16,"<p style=""color:white; font-size: 35px;"">缺德</p>","negative","moral","缺德",6,471,471,"i","true",NA,NA,NA,NA,"phase_015_subj_15"
15778,201,16,"<p style=""color:rgb(150, 250, 100); font-size: 35px;"">本人</p>","self","moral","本人",6,496,496,"e","true",NA,NA,NA,NA,"phase_015_subj_15"
15779,201,17,"<p style=""color:white; font-size: 35px;"">君子</p>","positive","moral","君子",7,509,509,"e","true",NA,NA,NA,NA,"phase_015_subj_15"
15780,201,17,"<p style=""color:rgb(150, 250, 100); font-size: 35px;"">自己的</p>","self","moral","自己的",7,388,388,"e","true",NA,NA,NA,NA,"phase_015_subj_15"
15781,201,17,"<p style=""color:white; font-size: 35px;"">不孝</p>","negative","moral","不孝",7,615,615,"i","true",NA,NA,NA,NA,"phase_015_subj_15"
15782,201,17,"<p style=""color:rgb(150, 250, 100); font-size: 35px;"">他人的</p>","other","moral","他人的",7,461,461,"i","true",NA,NA,NA,NA,"phase_015_subj_15"
15783,201,17,"<p style=""color:white; font-size: 35px;"">小人</p>","negative","moral","小人",7,507,507,"i","true",NA,NA,NA,NA,"phase_015_subj_15"
15784,201,17,"<p style=""color:rgb(150, 250, 100); font-size: 35px;"">自己</p>","self","moral","自己",7,484,484,"e","true",NA,NA,NA,NA,"phase_015_subj_15"
15785,201,17,"<p style=""color:white; font-size: 35px;"">正直</p>","positive","moral","正直",7,490,490,"e","true",NA,NA,NA,NA,"phase_015_subj_15"
15786,201,17,"<p style=""color:rgb(150, 250, 100); font-size: 35px;"">他人</p>","other","moral","他人",7,416,416,"i","true",NA,NA,NA,NA,"phase_015_subj_15"
15787,201,17,"<p style=""color:white; font-size: 35px;"">不仁</p>","negative","moral","不仁",7,481,481,"i","true",NA,NA,NA,NA,"phase_015_subj_15"
15788,201,17,"<p style=""color:rgb(150, 250, 100); font-size: 35px;"">别人的</p>","other","moral","别人的",7,515,515,"i","true",NA,NA,NA,NA,"phase_015_subj_15"
15789,201,17,"<p style=""color:white; font-size: 35px;"">廉正</p>","positive","moral","廉正",7,620,620,"e","true",NA,NA,NA,NA,"phase_015_subj_15"
15790,201,17,"<p style=""color:rgb(150, 250, 100); font-size: 35px;"">我的</p>","self","moral","我的",7,614,614,"e","true",NA,NA,NA,NA,"phase_015_subj_15"
15791,201,17,"<p style=""color:white; font-size: 35px;"">缺德</p>","negative","moral","缺德",7,484,484,"i","true",NA,NA,NA,NA,"phase_015_subj_15"
15792,201,17,"<p style=""color:rgb(150, 250, 100); font-size: 35px;"">本人</p>","self","moral","本人",7,567,567,"e","true",NA,NA,NA,NA,"phase_015_subj_15"
15793,201,17,"<p style=""color:white; font-size: 35px;"">善良</p>","positive","moral","善良",7,455,455,"e","true",NA,NA,NA,NA,"phase_015_subj_15"
15794,201,17,"<p style=""color:rgb(150, 250, 100); font-size: 35px;"">他</p>","other","moral","他",7,523,523,"i","true",NA,NA,NA,NA,"phase_015_subj_15"
15795,201,17,"<p style=""color:white; font-size: 35px;"">诚信</p>","positive","moral","诚信",7,476,476,"e","true",NA,NA,NA,NA,"phase_015_subj_15"
15796,201,17,"<p style=""color:rgb(150, 250, 100); font-size: 35px;"">别人</p>","other","moral","别人",7,595,595,"i","true",NA,NA,NA,NA,"phase_015_subj_15"
15797,201,17,"<p style=""color:white; font-size: 35px;"">黑心</p>","negative","moral","黑心",7,600,600,"i","true",NA,NA,NA,NA,"phase_015_subj_15"
15798,201,17,"<p style=""color:rgb(150, 250, 100); font-size: 35px;"">我</p>","self","moral","我",7,493,493,"e","true",NA,NA,NA,NA,"phase_015_subj_15"
15799,201,17,"<p style=""color:white; font-size: 35px;"">卑鄙</p>","negative","moral","卑鄙",7,575,575,"i","true",NA,NA,NA,NA,"phase_015_subj_15"
15800,201,17,"<p style=""color:rgb(150, 250, 100); font-size: 35px;"">他人的</p>","other","moral","他人的",7,587,587,"i","true",NA,NA,NA,NA,"phase_015_subj_15"
15801,201,17,"<p style=""color:white; font-size: 35px;"">高尚</p>","positive","moral","高尚",7,468,468,"e","true",NA,NA,NA,NA,"phase_015_subj_15"
15802,201,17,"<p style=""color:rgb(150, 250, 100); font-size: 35px;"">本人的</p>","self","moral","本人的",7,488,488,"e","true",NA,NA,NA,NA,"phase_015_subj_15"
15803,201,17,"<p style=""color:white; font-size: 35px;"">黑心</p>","negative","moral","黑心",7,495,495,"i","true",NA,NA,NA,NA,"phase_015_subj_15"
15804,201,17,"<p style=""color:rgb(150, 250, 100); font-size: 35px;"">自己的</p>","self","moral","自己的",7,480,480,"e","true",NA,NA,NA,NA,"phase_015_subj_15"
15805,201,17,"<p style=""color:white; font-size: 35px;"">诚信</p>","positive","moral","诚信",7,482,482,"e","true",NA,NA,NA,NA,"phase_015_subj_15"
15806,201,17,"<p style=""color:rgb(150, 250, 100); font-size: 35px;"">他的</p>","other","moral","他的",7,497,497,"i","true",NA,NA,NA,NA,"phase_015_subj_15"
15807,201,17,"<p style=""color:white; font-size: 35px;"">君子</p>","positive","moral","君子",7,501,501,"e","true",NA,NA,NA,NA,"phase_015_subj_15"
15808,201,17,"<p style=""color:rgb(150, 250, 100); font-size: 35px;"">自己</p>","self","moral","自己",7,427,427,"e","true",NA,NA,NA,NA,"phase_015_subj_15"
15809,201,17,"<p style=""color:white; font-size: 35px;"">不仁</p>","negative","moral","不仁",7,555,555,"i","true",NA,NA,NA,NA,"phase_015_subj_15"
15810,201,17,"<p style=""color:rgb(150, 250, 100); font-size: 35px;"">别人的</p>","other","moral","别人的",7,493,493,"i","true",NA,NA,NA,NA,"phase_015_subj_15"
15811,201,17,"<p style=""color:white; font-size: 35px;"">缺德</p>","negative","moral","缺德",7,451,451,"i","true",NA,NA,NA,NA,"phase_015_subj_15"
15812,201,17,"<p style=""color:rgb(150, 250, 100); font-size: 35px;"">他的</p>","other","moral","他的",7,450,450,"i","true",NA,NA,NA,NA,"phase_015_subj_15"
15813,201,17,"<p style=""color:white; font-size: 35px;"">廉正</p>","positive","moral","廉正",7,481,481,"e","true",NA,NA,NA,NA,"phase_015_subj_15"
15814,201,17,"<p style=""color:rgb(150, 250, 100); font-size: 35px;"">本人</p>","self","moral","本人",7,467,467,"e","true",NA,NA,NA,NA,"phase_015_subj_15"
15815,201,17,"<p style=""color:white; font-size: 35px;"">小人</p>","negative","moral","小人",7,431,431,"i","true",NA,NA,NA,NA,"phase_015_subj_15"
15816,201,17,"<p style=""color:rgb(150, 250, 100); font-size: 35px;"">他人</p>","other","moral","他人",7,444,444,"i","true",NA,NA,NA,NA,"phase_015_subj_15"
15817,201,17,"<p style=""color:white; font-size: 35px;"">善良</p>","positive","moral","善良",7,482,482,"e","true",NA,NA,NA,NA,"phase_015_subj_15"
15818,201,17,"<p style=""color:rgb(150, 250, 100); font-size: 35px;"">本人的</p>","self","moral","本人的",7,431,431,"e","true",NA,NA,NA,NA,"phase_015_subj_15"
15819,201,17,"<p style=""color:white; font-size: 35px;"">高尚</p>","positive","moral","高尚",7,468,468,"e","true",NA,NA,NA,NA,"phase_015_subj_15"
15820,201,17,"<p style=""color:rgb(150, 250, 100); font-size: 35px;"">他</p>","other","moral","他",7,411,411,"i","true",NA,NA,NA,NA,"phase_015_subj_15"
15821,201,17,"<p style=""color:white; font-size: 35px;"">卑鄙</p>","negative","moral","卑鄙",7,492,492,"i","true",NA,NA,NA,NA,"phase_015_subj_15"
15822,201,17,"<p style=""color:rgb(150, 250, 100); font-size: 35px;"">我的</p>","self","moral","我的",7,557,557,"e","true",NA,NA,NA,NA,"phase_015_subj_15"
15823,201,17,"<p style=""color:white; font-size: 35px;"">正直</p>","positive","moral","正直",7,465,465,"e","true",NA,NA,NA,NA,"phase_015_subj_15"
15824,201,17,"<p style=""color:rgb(150, 250, 100); font-size: 35px;"">别人</p>","other","moral","别人",7,452,452,"i","true",NA,NA,NA,NA,"phase_015_subj_15"
15825,201,17,"<p style=""color:white; font-size: 35px;"">不孝</p>","negative","moral","不孝",7,505,505,"i","true",NA,NA,NA,NA,"phase_015_subj_15"
15826,201,17,"<p style=""color:rgb(150, 250, 100); font-size: 35px;"">我</p>","self","moral","我",7,391,391,"e","true",NA,NA,NA,NA,"phase_015_subj_15"
15827,6,NA,"
    <h3>词语分类任务</h3>
    <p>在接下来的任务中，你需要对一系列词语进行分类。</p>
    <p>请先熟悉这些词语，这有利于你完成接下来的任务。</p>
    <table align=""center"" border=1 cellpadding=3 cellspacing=0>
    <tr> <th>类别</th> <th>词语</th> </tr>
    <tr> <td>&emsp;积极&emsp;</td> <td>&emsp;能干、全能、全才、高效、精干、天才&emsp;</td> </tr>
    <tr> <td>&emsp;消极&emsp;</td> <td>&emsp;无能、低能、废物、拙笨、愚钝、蠢笨&emsp;</td> </tr>
    <tr> <td>&emsp;自我&emsp;</td> <td>&emsp;我、我的、自己、自己的、本人、本人的&emsp;</td> </tr>
    <tr> <td>&emsp;他人&emsp;</td> <td>&emsp;他、他的、别人、别人的、他人、他人的&emsp;</td> </tr>
    </table><br/>","","","",NA,18705,NA,"0","",1,1,NA,NA,"phase_015_subj_1"
15828,6,1,"<p style=""color:rgb(150, 250, 100); font-size: 35px;"">我的</p>","self","ability","我的",1,668,668,"e","true",NA,NA,NA,NA,"phase_015_subj_1"
15829,6,1,"<p style=""color:rgb(150, 250, 100); font-size: 35px;"">本人</p>","self","ability","本人",1,623,623,"e","true",NA,NA,NA,NA,"phase_015_subj_1"
15830,6,1,"<p style=""color:rgb(150, 250, 100); font-size: 35px;"">别人</p>","other","ability","别人",1,439,439,"i","true",NA,NA,NA,NA,"phase_015_subj_1"
15831,6,1,"<p style=""color:rgb(150, 250, 100); font-size: 35px;"">他人</p>","other","ability","他人",1,1559,1559,"i","true",NA,NA,NA,NA,"phase_015_subj_1"
15832,6,1,"<p style=""color:rgb(150, 250, 100); font-size: 35px;"">别人的</p>","other","ability","别人的",1,1575,1575,"i","true",NA,NA,NA,NA,"phase_015_subj_1"
15833,6,1,"<p style=""color:rgb(150, 250, 100); font-size: 35px;"">本人的</p>","self","ability","本人的",1,839,839,"e","true",NA,NA,NA,NA,"phase_015_subj_1"
15834,6,1,"<p style=""color:rgb(150, 250, 100); font-size: 35px;"">自己的</p>","self","ability","自己的",1,631,631,"e","true",NA,NA,NA,NA,"phase_015_subj_1"
15835,6,1,"<p style=""color:rgb(150, 250, 100); font-size: 35px;"">自己</p>","self","ability","自己",1,526,526,"e","true",NA,NA,NA,NA,"phase_015_subj_1"
15836,6,1,"<p style=""color:rgb(150, 250, 100); font-size: 35px;"">他的</p>","other","ability","他的",1,574,574,"i","true",NA,NA,NA,NA,"phase_015_subj_1"
15837,6,1,"<p style=""color:rgb(150, 250, 100); font-size: 35px;"">他</p>","other","ability","他",1,527,527,"i","true",NA,NA,NA,NA,"phase_015_subj_1"
15838,6,1,"<p style=""color:rgb(150, 250, 100); font-size: 35px;"">他人的</p>","other","ability","他人的",1,518,518,"i","true",NA,NA,NA,NA,"phase_015_subj_1"
15839,6,1,"<p style=""color:rgb(150, 250, 100); font-size: 35px;"">我</p>","self","ability","我",1,519,519,"e","true",NA,NA,NA,NA,"phase_015_subj_1"
15840,6,2,"<p style=""color:white; font-size: 35px;"">无能</p>","negative","ability","无能",2,975,975,"e","false",NA,NA,NA,NA,"phase_015_subj_1"
15841,6,2,"<p style=""color:white; font-size: 35px;"">愚钝</p>","negative","ability","愚钝",2,615,615,"i","true",NA,NA,NA,NA,"phase_015_subj_1"
15842,6,2,"<p style=""color:white; font-size: 35px;"">蠢笨</p>","negative","ability","蠢笨",2,575,575,"i","true",NA,NA,NA,NA,"phase_015_subj_1"
15843,6,2,"<p style=""color:white; font-size: 35px;"">废物</p>","negative","ability","废物",2,760,760,"e","false",NA,NA,NA,NA,"phase_015_subj_1"
15844,6,2,"<p style=""color:white; font-size: 35px;"">天才</p>","positive","ability","天才",2,679,679,"e","true",NA,NA,NA,NA,"phase_015_subj_1"
15845,6,2,"<p style=""color:white; font-size: 35px;"">拙笨</p>","negative","ability","拙笨",2,679,679,"i","true",NA,NA,NA,NA,"phase_015_subj_1"
15846,6,2,"<p style=""color:white; font-size: 35px;"">全能</p>","positive","ability","全能",2,783,783,"e","true",NA,NA,NA,NA,"phase_015_subj_1"
15847,6,2,"<p style=""color:white; font-size: 35px;"">全才</p>","positive","ability","全才",2,543,543,"e","true",NA,NA,NA,NA,"phase_015_subj_1"
15848,6,2,"<p style=""color:white; font-size: 35px;"">低能</p>","negative","ability","低能",2,783,783,"i","true",NA,NA,NA,NA,"phase_015_subj_1"
15849,6,2,"<p style=""color:white; font-size: 35px;"">能干</p>","positive","ability","能干",2,815,815,"i","false",NA,NA,NA,NA,"phase_015_subj_1"
15850,6,2,"<p style=""color:white; font-size: 35px;"">高效</p>","positive","ability","高效",2,695,695,"e","true",NA,NA,NA,NA,"phase_015_subj_1"
15851,6,2,"<p style=""color:white; font-size: 35px;"">精干</p>","positive","ability","精干",2,591,591,"e","true",NA,NA,NA,NA,"phase_015_subj_1"
15852,6,3,"<p style=""color:rgb(150, 250, 100); font-size: 35px;"">他人</p>","other","ability","他人",3,734,734,"i","true",NA,NA,NA,NA,"phase_015_subj_1"
15853,6,3,"<p style=""color:white; font-size: 35px;"">废物</p>","negative","ability","废物",3,766,1246.95454545455,"e","false",NA,NA,NA,NA,"phase_015_subj_1"
15854,6,3,"<p style=""color:rgb(150, 250, 100); font-size: 35px;"">自己</p>","self","ability","自己",3,566,566,"e","true",NA,NA,NA,NA,"phase_015_subj_1"
15855,6,3,"<p style=""color:white; font-size: 35px;"">全才</p>","positive","ability","全才",3,614,614,"e","true",NA,NA,NA,NA,"phase_015_subj_1"
15856,6,3,"<p style=""color:rgb(150, 250, 100); font-size: 35px;"">自己的</p>","self","ability","自己的",3,518,518,"e","true",NA,NA,NA,NA,"phase_015_subj_1"
15857,6,3,"<p style=""color:white; font-size: 35px;"">能干</p>","positive","ability","能干",3,919,919,"e","true",NA,NA,NA,NA,"phase_015_subj_1"
15858,6,3,"<p style=""color:rgb(150, 250, 100); font-size: 35px;"">他</p>","other","ability","他",3,679,679,"i","true",NA,NA,NA,NA,"phase_015_subj_1"
15859,6,3,"<p style=""color:white; font-size: 35px;"">无能</p>","negative","ability","无能",3,599,599,"i","true",NA,NA,NA,NA,"phase_015_subj_1"
15860,6,3,"<p style=""color:rgb(150, 250, 100); font-size: 35px;"">他人的</p>","other","ability","他人的",3,575,575,"i","true",NA,NA,NA,NA,"phase_015_subj_1"
15861,6,3,"<p style=""color:white; font-size: 35px;"">拙笨</p>","negative","ability","拙笨",3,559,559,"i","true",NA,NA,NA,NA,"phase_015_subj_1"
15862,6,3,"<p style=""color:rgb(150, 250, 100); font-size: 35px;"">我的</p>","self","ability","我的",3,575,575,"e","true",NA,NA,NA,NA,"phase_015_subj_1"
15863,6,3,"<p style=""color:white; font-size: 35px;"">全能</p>","positive","ability","全能",3,663,663,"e","true",NA,NA,NA,NA,"phase_015_subj_1"
15864,6,3,"<p style=""color:rgb(150, 250, 100); font-size: 35px;"">本人的</p>","self","ability","本人的",3,543,543,"e","true",NA,NA,NA,NA,"phase_015_subj_1"
15865,6,3,"<p style=""color:white; font-size: 35px;"">蠢笨</p>","negative","ability","蠢笨",3,591,591,"i","true",NA,NA,NA,NA,"phase_015_subj_1"
15866,6,3,"<p style=""color:rgb(150, 250, 100); font-size: 35px;"">别人</p>","other","ability","别人",3,687,1246.95454545455,"e","false",NA,NA,NA,NA,"phase_015_subj_1"
15867,6,3,"<p style=""color:white; font-size: 35px;"">天才</p>","positive","ability","天才",3,695,695,"e","true",NA,NA,NA,NA,"phase_015_subj_1"
15868,6,3,"<p style=""color:rgb(150, 250, 100); font-size: 35px;"">本人</p>","self","ability","本人",3,630,630,"e","true",NA,NA,NA,NA,"phase_015_subj_1"
15869,6,3,"<p style=""color:white; font-size: 35px;"">低能</p>","negative","ability","低能",3,663,663,"i","true",NA,NA,NA,NA,"phase_015_subj_1"
15870,6,3,"<p style=""color:rgb(150, 250, 100); font-size: 35px;"">别人的</p>","other","ability","别人的",3,583,583,"i","true",NA,NA,NA,NA,"phase_015_subj_1"
15871,6,3,"<p style=""color:white; font-size: 35px;"">高效</p>","positive","ability","高效",3,766,766,"e","true",NA,NA,NA,NA,"phase_015_subj_1"
15872,6,3,"<p style=""color:rgb(150, 250, 100); font-size: 35px;"">他的</p>","other","ability","他的",3,766,766,"i","true",NA,NA,NA,NA,"phase_015_subj_1"
15873,6,3,"<p style=""color:white; font-size: 35px;"">精干</p>","positive","ability","精干",3,702,702,"e","true",NA,NA,NA,NA,"phase_015_subj_1"
15874,6,3,"<p style=""color:rgb(150, 250, 100); font-size: 35px;"">我</p>","self","ability","我",3,607,607,"e","true",NA,NA,NA,NA,"phase_015_subj_1"
15875,6,3,"<p style=""color:white; font-size: 35px;"">愚钝</p>","negative","ability","愚钝",3,686,686,"i","true",NA,NA,NA,NA,"phase_015_subj_1"
15876,6,4,"<p style=""color:rgb(150, 250, 100); font-size: 35px;"">自己的</p>","self","ability","自己的",4,541,541,"e","true",NA,NA,NA,NA,"phase_015_subj_1"
15877,6,4,"<p style=""color:white; font-size: 35px;"">废物</p>","negative","ability","废物",4,694,694,"i","true",NA,NA,NA,NA,"phase_015_subj_1"
15878,6,4,"<p style=""color:rgb(150, 250, 100); font-size: 35px;"">他人的</p>","other","ability","他人的",4,942,942,"i","true",NA,NA,NA,NA,"phase_015_subj_1"
15879,6,4,"<p style=""color:white; font-size: 35px;"">高效</p>","positive","ability","高效",4,735,735,"e","true",NA,NA,NA,NA,"phase_015_subj_1"
15880,6,4,"<p style=""color:rgb(150, 250, 100); font-size: 35px;"">本人</p>","self","ability","本人",4,759,759,"e","true",NA,NA,NA,NA,"phase_015_subj_1"
15881,6,4,"<p style=""color:white; font-size: 35px;"">无能</p>","negative","ability","无能",4,591,591,"i","true",NA,NA,NA,NA,"phase_015_subj_1"
15882,6,4,"<p style=""color:rgb(150, 250, 100); font-size: 35px;"">别人的</p>","other","ability","别人的",4,679,679,"i","true",NA,NA,NA,NA,"phase_015_subj_1"
15883,6,4,"<p style=""color:white; font-size: 35px;"">精干</p>","positive","ability","精干",4,599,599,"e","true",NA,NA,NA,NA,"phase_015_subj_1"
15884,6,4,"<p style=""color:rgb(150, 250, 100); font-size: 35px;"">我的</p>","self","ability","我的",4,743,743,"e","true",NA,NA,NA,NA,"phase_015_subj_1"
15885,6,4,"<p style=""color:white; font-size: 35px;"">精干</p>","positive","ability","精干",4,814,1377.28260869565,"i","false",NA,NA,NA,NA,"phase_015_subj_1"
15886,6,4,"<p style=""color:rgb(150, 250, 100); font-size: 35px;"">他</p>","other","ability","他",4,671,671,"i","true",NA,NA,NA,NA,"phase_015_subj_1"
15887,6,4,"<p style=""color:white; font-size: 35px;"">废物</p>","negative","ability","废物",4,750,750,"i","true",NA,NA,NA,NA,"phase_015_subj_1"
15888,6,4,"<p style=""color:rgb(150, 250, 100); font-size: 35px;"">自己的</p>","self","ability","自己的",4,542,542,"e","true",NA,NA,NA,NA,"phase_015_subj_1"
15889,6,4,"<p style=""color:white; font-size: 35px;"">低能</p>","negative","ability","低能",4,1046,1046,"i","true",NA,NA,NA,NA,"phase_015_subj_1"
15890,6,4,"<p style=""color:rgb(150, 250, 100); font-size: 35px;"">别人的</p>","other","ability","别人的",4,910,910,"i","true",NA,NA,NA,NA,"phase_015_subj_1"
15891,6,4,"<p style=""color:white; font-size: 35px;"">全才</p>","positive","ability","全才",4,910,910,"e","true",NA,NA,NA,NA,"phase_015_subj_1"
15892,6,4,"<p style=""color:rgb(150, 250, 100); font-size: 35px;"">别人</p>","other","ability","别人",4,758,758,"i","true",NA,NA,NA,NA,"phase_015_subj_1"
15893,6,4,"<p style=""color:white; font-size: 35px;"">愚钝</p>","negative","ability","愚钝",4,574,574,"i","true",NA,NA,NA,NA,"phase_015_subj_1"
15894,6,4,"<p style=""color:rgb(150, 250, 100); font-size: 35px;"">本人</p>","self","ability","本人",4,623,623,"e","true",NA,NA,NA,NA,"phase_015_subj_1"
15895,6,4,"<p style=""color:white; font-size: 35px;"">天才</p>","positive","ability","天才",4,542,542,"e","true",NA,NA,NA,NA,"phase_015_subj_1"
15896,6,4,"<p style=""color:rgb(150, 250, 100); font-size: 35px;"">他人的</p>","other","ability","他人的",4,758,758,"i","true",NA,NA,NA,NA,"phase_015_subj_1"
15897,6,4,"<p style=""color:white; font-size: 35px;"">无能</p>","negative","ability","无能",4,710,710,"i","true",NA,NA,NA,NA,"phase_015_subj_1"
15898,6,4,"<p style=""color:rgb(150, 250, 100); font-size: 35px;"">我</p>","self","ability","我",4,550,550,"e","true",NA,NA,NA,NA,"phase_015_subj_1"
15899,6,4,"<p style=""color:white; font-size: 35px;"">能干</p>","positive","ability","能干",4,767,767,"e","true",NA,NA,NA,NA,"phase_015_subj_1"
15900,6,4,"<p style=""color:rgb(150, 250, 100); font-size: 35px;"">他人</p>","other","ability","他人",4,623,623,"i","true",NA,NA,NA,NA,"phase_015_subj_1"
15901,6,4,"<p style=""color:white; font-size: 35px;"">全能</p>","positive","ability","全能",4,2167,2167,"e","true",NA,NA,NA,NA,"phase_015_subj_1"
15902,6,4,"<p style=""color:rgb(150, 250, 100); font-size: 35px;"">我的</p>","self","ability","我的",4,543,543,"e","true",NA,NA,NA,NA,"phase_015_subj_1"
15903,6,4,"<p style=""color:white; font-size: 35px;"">蠢笨</p>","negative","ability","蠢笨",4,751,751,"i","true",NA,NA,NA,NA,"phase_015_subj_1"
15904,6,4,"<p style=""color:rgb(150, 250, 100); font-size: 35px;"">他的</p>","other","ability","他的",4,574,574,"i","true",NA,NA,NA,NA,"phase_015_subj_1"
15905,6,4,"<p style=""color:white; font-size: 35px;"">全才</p>","positive","ability","全才",4,974,974,"e","true",NA,NA,NA,NA,"phase_015_subj_1"
15906,6,4,"<p style=""color:rgb(150, 250, 100); font-size: 35px;"">自己</p>","self","ability","自己",4,559,559,"e","true",NA,NA,NA,NA,"phase_015_subj_1"
15907,6,4,"<p style=""color:white; font-size: 35px;"">愚钝</p>","negative","ability","愚钝",4,846,846,"i","true",NA,NA,NA,NA,"phase_015_subj_1"
15908,6,4,"<p style=""color:rgb(150, 250, 100); font-size: 35px;"">本人的</p>","self","ability","本人的",4,702,702,"e","true",NA,NA,NA,NA,"phase_015_subj_1"
15909,6,4,"<p style=""color:white; font-size: 35px;"">拙笨</p>","negative","ability","拙笨",4,1334,1334,"i","true",NA,NA,NA,NA,"phase_015_subj_1"
15910,6,4,"<p style=""color:rgb(150, 250, 100); font-size: 35px;"">他人</p>","other","ability","他人",4,758,758,"i","true",NA,NA,NA,NA,"phase_015_subj_1"
15911,6,4,"<p style=""color:white; font-size: 35px;"">能干</p>","positive","ability","能干",4,926,1377.28260869565,"i","false",NA,NA,NA,NA,"phase_015_subj_1"
15912,6,4,"<p style=""color:rgb(150, 250, 100); font-size: 35px;"">他的</p>","other","ability","他的",4,686,686,"i","true",NA,NA,NA,NA,"phase_015_subj_1"
15913,6,4,"<p style=""color:white; font-size: 35px;"">蠢笨</p>","negative","ability","蠢笨",4,766,766,"i","true",NA,NA,NA,NA,"phase_015_subj_1"
15914,6,4,"<p style=""color:rgb(150, 250, 100); font-size: 35px;"">本人的</p>","self","ability","本人的",4,854,854,"e","true",NA,NA,NA,NA,"phase_015_subj_1"
15915,6,4,"<p style=""color:white; font-size: 35px;"">高效</p>","positive","ability","高效",4,910,910,"e","true",NA,NA,NA,NA,"phase_015_subj_1"
15916,6,4,"<p style=""color:rgb(150, 250, 100); font-size: 35px;"">别人</p>","other","ability","别人",4,910,910,"i","true",NA,NA,NA,NA,"phase_015_subj_1"
15917,6,4,"<p style=""color:white; font-size: 35px;"">拙笨</p>","negative","ability","拙笨",4,1070,1070,"i","true",NA,NA,NA,NA,"phase_015_subj_1"
15918,6,4,"<p style=""color:rgb(150, 250, 100); font-size: 35px;"">我</p>","self","ability","我",4,599,599,"e","true",NA,NA,NA,NA,"phase_015_subj_1"
15919,6,4,"<p style=""color:white; font-size: 35px;"">天才</p>","positive","ability","天才",4,1070,1070,"e","true",NA,NA,NA,NA,"phase_015_subj_1"
15920,6,4,"<p style=""color:rgb(150, 250, 100); font-size: 35px;"">自己</p>","self","ability","自己",4,590,590,"e","true",NA,NA,NA,NA,"phase_015_subj_1"
15921,6,4,"<p style=""color:white; font-size: 35px;"">低能</p>","negative","ability","低能",4,598,598,"i","true",NA,NA,NA,NA,"phase_015_subj_1"
15922,6,4,"<p style=""color:rgb(150, 250, 100); font-size: 35px;"">他</p>","other","ability","他",4,886,886,"i","true",NA,NA,NA,NA,"phase_015_subj_1"
15923,6,4,"<p style=""color:white; font-size: 35px;"">全能</p>","positive","ability","全能",4,591,591,"e","true",NA,NA,NA,NA,"phase_015_subj_1"
15924,6,5,"<p style=""color:rgb(150, 250, 100); font-size: 35px;"">本人</p>","self","ability","本人",5,1013,1013,"i","true",NA,NA,NA,NA,"phase_015_subj_1"
15925,6,5,"<p style=""color:rgb(150, 250, 100); font-size: 35px;"">别人的</p>","other","ability","别人的",5,502,502,"i","false",NA,NA,NA,NA,"phase_015_subj_1"
15926,6,5,"<p style=""color:rgb(150, 250, 100); font-size: 35px;"">他人</p>","other","ability","他人",5,478,478,"e","true",NA,NA,NA,NA,"phase_015_subj_1"
15927,6,5,"<p style=""color:rgb(150, 250, 100); font-size: 35px;"">他的</p>","other","ability","他的",5,502,502,"e","true",NA,NA,NA,NA,"phase_015_subj_1"
15928,6,5,"<p style=""color:rgb(150, 250, 100); font-size: 35px;"">我</p>","self","ability","我",5,606,606,"i","true",NA,NA,NA,NA,"phase_015_subj_1"
15929,6,5,"<p style=""color:rgb(150, 250, 100); font-size: 35px;"">自己的</p>","self","ability","自己的",5,846,846,"i","true",NA,NA,NA,NA,"phase_015_subj_1"
15930,6,5,"<p style=""color:rgb(150, 250, 100); font-size: 35px;"">我的</p>","self","ability","我的",5,1246,1246,"i","true",NA,NA,NA,NA,"phase_015_subj_1"
15931,6,5,"<p style=""color:rgb(150, 250, 100); font-size: 35px;"">他人</p>","other","ability","他人",5,1350,1350,"e","true",NA,NA,NA,NA,"phase_015_subj_1"
15932,6,5,"<p style=""color:rgb(150, 250, 100); font-size: 35px;"">他</p>","other","ability","他",5,622,622,"e","true",NA,NA,NA,NA,"phase_015_subj_1"
15933,6,5,"<p style=""color:rgb(150, 250, 100); font-size: 35px;"">他的</p>","other","ability","他的",5,670,670,"e","true",NA,NA,NA,NA,"phase_015_subj_1"
15934,6,5,"<p style=""color:rgb(150, 250, 100); font-size: 35px;"">他</p>","other","ability","他",5,550,550,"e","true",NA,NA,NA,NA,"phase_015_subj_1"
15935,6,5,"<p style=""color:rgb(150, 250, 100); font-size: 35px;"">自己</p>","self","ability","自己",5,622,622,"i","true",NA,NA,NA,NA,"phase_015_subj_1"
15936,6,5,"<p style=""color:rgb(150, 250, 100); font-size: 35px;"">他人的</p>","other","ability","他人的",5,597,597,"e","true",NA,NA,NA,NA,"phase_015_subj_1"
15937,6,5,"<p style=""color:rgb(150, 250, 100); font-size: 35px;"">别人</p>","other","ability","别人",5,734,734,"e","true",NA,NA,NA,NA,"phase_015_subj_1"
15938,6,5,"<p style=""color:rgb(150, 250, 100); font-size: 35px;"">我的</p>","self","ability","我的",5,573,573,"i","true",NA,NA,NA,NA,"phase_015_subj_1"
15939,6,5,"<p style=""color:rgb(150, 250, 100); font-size: 35px;"">本人</p>","self","ability","本人",5,533,533,"i","true",NA,NA,NA,NA,"phase_015_subj_1"
15940,6,5,"<p style=""color:rgb(150, 250, 100); font-size: 35px;"">自己的</p>","self","ability","自己的",5,709,709,"i","true",NA,NA,NA,NA,"phase_015_subj_1"
15941,6,5,"<p style=""color:rgb(150, 250, 100); font-size: 35px;"">本人的</p>","self","ability","本人的",5,650,650,"i","true",NA,NA,NA,NA,"phase_015_subj_1"
15942,6,5,"<p style=""color:rgb(150, 250, 100); font-size: 35px;"">别人的</p>","other","ability","别人的",5,893,893,"e","true",NA,NA,NA,NA,"phase_015_subj_1"
15943,6,5,"<p style=""color:rgb(150, 250, 100); font-size: 35px;"">别人</p>","other","ability","别人",5,606,606,"e","true",NA,NA,NA,NA,"phase_015_subj_1"
15944,6,5,"<p style=""color:rgb(150, 250, 100); font-size: 35px;"">自己</p>","self","ability","自己",5,590,590,"i","true",NA,NA,NA,NA,"phase_015_subj_1"
15945,6,5,"<p style=""color:rgb(150, 250, 100); font-size: 35px;"">我</p>","self","ability","我",5,527,527,"i","true",NA,NA,NA,NA,"phase_015_subj_1"
15946,6,5,"<p style=""color:rgb(150, 250, 100); font-size: 35px;"">他人的</p>","other","ability","他人的",5,662,662,"e","true",NA,NA,NA,NA,"phase_015_subj_1"
15947,6,5,"<p style=""color:rgb(150, 250, 100); font-size: 35px;"">本人的</p>","self","ability","本人的",5,655,655,"i","true",NA,NA,NA,NA,"phase_015_subj_1"
15948,6,6,"<p style=""color:white; font-size: 35px;"">精干</p>","positive","ability","精干",6,1125,1125,"e","true",NA,NA,NA,NA,"phase_015_subj_1"
15949,6,6,"<p style=""color:rgb(150, 250, 100); font-size: 35px;"">别人</p>","other","ability","别人",6,1094,1094,"e","true",NA,NA,NA,NA,"phase_015_subj_1"
15950,6,6,"<p style=""color:white; font-size: 35px;"">蠢笨</p>","negative","ability","蠢笨",6,678,678,"i","true",NA,NA,NA,NA,"phase_015_subj_1"
15951,6,6,"<p style=""color:rgb(150, 250, 100); font-size: 35px;"">自己</p>","self","ability","自己",6,886,886,"i","true",NA,NA,NA,NA,"phase_015_subj_1"
15952,6,6,"<p style=""color:white; font-size: 35px;"">低能</p>","negative","ability","低能",6,574,574,"i","true",NA,NA,NA,NA,"phase_015_subj_1"
15953,6,6,"<p style=""color:rgb(150, 250, 100); font-size: 35px;"">他</p>","other","ability","他",6,534,534,"e","true",NA,NA,NA,NA,"phase_015_subj_1"
15954,6,6,"<p style=""color:white; font-size: 35px;"">天才</p>","positive","ability","天才",6,686,686,"e","true",NA,NA,NA,NA,"phase_015_subj_1"
15955,6,6,"<p style=""color:rgb(150, 250, 100); font-size: 35px;"">自己的</p>","self","ability","自己的",6,646,646,"i","true",NA,NA,NA,NA,"phase_015_subj_1"
15956,6,6,"<p style=""color:white; font-size: 35px;"">废物</p>","negative","ability","废物",6,718,718,"i","true",NA,NA,NA,NA,"phase_015_subj_1"
15957,6,6,"<p style=""color:rgb(150, 250, 100); font-size: 35px;"">本人的</p>","self","ability","本人的",6,949,949,"i","true",NA,NA,NA,NA,"phase_015_subj_1"
15958,6,6,"<p style=""color:white; font-size: 35px;"">能干</p>","positive","ability","能干",6,557,557,"e","true",NA,NA,NA,NA,"phase_015_subj_1"
15959,6,6,"<p style=""color:rgb(150, 250, 100); font-size: 35px;"">他人</p>","other","ability","他人",6,533,533,"e","true",NA,NA,NA,NA,"phase_015_subj_1"
15960,6,6,"<p style=""color:white; font-size: 35px;"">拙笨</p>","negative","ability","拙笨",6,637,637,"i","true",NA,NA,NA,NA,"phase_015_subj_1"
15961,6,6,"<p style=""color:rgb(150, 250, 100); font-size: 35px;"">他的</p>","other","ability","他的",6,621,621,"e","true",NA,NA,NA,NA,"phase_015_subj_1"
15962,6,6,"<p style=""color:white; font-size: 35px;"">高效</p>","positive","ability","高效",6,909,909,"e","true",NA,NA,NA,NA,"phase_015_subj_1"
15963,6,6,"<p style=""color:rgb(150, 250, 100); font-size: 35px;"">我的</p>","self","ability","我的",6,701,701,"i","true",NA,NA,NA,NA,"phase_015_subj_1"
15964,6,6,"<p style=""color:white; font-size: 35px;"">愚钝</p>","negative","ability","愚钝",6,574,574,"i","true",NA,NA,NA,NA,"phase_015_subj_1"
15965,6,6,"<p style=""color:rgb(150, 250, 100); font-size: 35px;"">别人的</p>","other","ability","别人的",6,598,598,"e","true",NA,NA,NA,NA,"phase_015_subj_1"
15966,6,6,"<p style=""color:white; font-size: 35px;"">全才</p>","positive","ability","全才",6,614,614,"e","true",NA,NA,NA,NA,"phase_015_subj_1"
15967,6,6,"<p style=""color:rgb(150, 250, 100); font-size: 35px;"">本人</p>","self","ability","本人",6,798,798,"i","true",NA,NA,NA,NA,"phase_015_subj_1"
15968,6,6,"<p style=""color:white; font-size: 35px;"">无能</p>","negative","ability","无能",6,590,590,"i","true",NA,NA,NA,NA,"phase_015_subj_1"
15969,6,6,"<p style=""color:rgb(150, 250, 100); font-size: 35px;"">他人的</p>","other","ability","他人的",6,694,694,"e","true",NA,NA,NA,NA,"phase_015_subj_1"
15970,6,6,"<p style=""color:white; font-size: 35px;"">全能</p>","positive","ability","全能",6,638,638,"e","true",NA,NA,NA,NA,"phase_015_subj_1"
15971,6,6,"<p style=""color:rgb(150, 250, 100); font-size: 35px;"">我</p>","self","ability","我",6,526,1311.04347826087,"e","false",NA,NA,NA,NA,"phase_015_subj_1"
15972,6,7,"<p style=""color:white; font-size: 35px;"">废物</p>","negative","ability","废物",7,740,740,"i","true",NA,NA,NA,NA,"phase_015_subj_1"
15973,6,7,"<p style=""color:rgb(150, 250, 100); font-size: 35px;"">别人</p>","other","ability","别人",7,750,750,"e","true",NA,NA,NA,NA,"phase_015_subj_1"
15974,6,7,"<p style=""color:white; font-size: 35px;"">高效</p>","positive","ability","高效",7,822,822,"e","true",NA,NA,NA,NA,"phase_015_subj_1"
15975,6,7,"<p style=""color:rgb(150, 250, 100); font-size: 35px;"">自己</p>","self","ability","自己",7,693,693,"i","true",NA,NA,NA,NA,"phase_015_subj_1"
15976,6,7,"<p style=""color:white; font-size: 35px;"">愚钝</p>","negative","ability","愚钝",7,630,630,"i","true",NA,NA,NA,NA,"phase_015_subj_1"
15977,6,7,"<p style=""color:rgb(150, 250, 100); font-size: 35px;"">本人</p>","self","ability","本人",7,677,677,"i","true",NA,NA,NA,NA,"phase_015_subj_1"
15978,6,7,"<p style=""color:white; font-size: 35px;"">全能</p>","positive","ability","全能",7,614,614,"e","true",NA,NA,NA,NA,"phase_015_subj_1"
15979,6,7,"<p style=""color:rgb(150, 250, 100); font-size: 35px;"">别人</p>","other","ability","别人",7,725,725,"e","true",NA,NA,NA,NA,"phase_015_subj_1"
15980,6,7,"<p style=""color:white; font-size: 35px;"">高效</p>","positive","ability","高效",7,877,877,"e","true",NA,NA,NA,NA,"phase_015_subj_1"
15981,6,7,"<p style=""color:rgb(150, 250, 100); font-size: 35px;"">他人</p>","other","ability","他人",7,637,637,"e","true",NA,NA,NA,NA,"phase_015_subj_1"
15982,6,7,"<p style=""color:white; font-size: 35px;"">低能</p>","negative","ability","低能",7,869,869,"i","true",NA,NA,NA,NA,"phase_015_subj_1"
15983,6,7,"<p style=""color:rgb(150, 250, 100); font-size: 35px;"">自己</p>","self","ability","自己",7,765,765,"i","true",NA,NA,NA,NA,"phase_015_subj_1"
15984,6,7,"<p style=""color:white; font-size: 35px;"">蠢笨</p>","negative","ability","蠢笨",7,694,694,"i","true",NA,NA,NA,NA,"phase_015_subj_1"
15985,6,7,"<p style=""color:rgb(150, 250, 100); font-size: 35px;"">他人的</p>","other","ability","他人的",7,678,678,"e","true",NA,NA,NA,NA,"phase_015_subj_1"
15986,6,7,"<p style=""color:white; font-size: 35px;"">全才</p>","positive","ability","全才",7,750,750,"e","true",NA,NA,NA,NA,"phase_015_subj_1"
15987,6,7,"<p style=""color:rgb(150, 250, 100); font-size: 35px;"">我的</p>","self","ability","我的",7,1246,1246,"i","true",NA,NA,NA,NA,"phase_015_subj_1"
15988,6,7,"<p style=""color:white; font-size: 35px;"">低能</p>","negative","ability","低能",7,678,678,"i","true",NA,NA,NA,NA,"phase_015_subj_1"
15989,6,7,"<p style=""color:rgb(150, 250, 100); font-size: 35px;"">他的</p>","other","ability","他的",7,637,637,"e","true",NA,NA,NA,NA,"phase_015_subj_1"
15990,6,7,"<p style=""color:white; font-size: 35px;"">精干</p>","positive","ability","精干",7,942,942,"e","true",NA,NA,NA,NA,"phase_015_subj_1"
15991,6,7,"<p style=""color:rgb(150, 250, 100); font-size: 35px;"">我</p>","self","ability","我",7,1013,1013,"i","true",NA,NA,NA,NA,"phase_015_subj_1"
15992,6,7,"<p style=""color:white; font-size: 35px;"">天才</p>","positive","ability","天才",7,789,789,"e","true",NA,NA,NA,NA,"phase_015_subj_1"
15993,6,7,"<p style=""color:rgb(150, 250, 100); font-size: 35px;"">他</p>","other","ability","他",7,637,637,"e","true",NA,NA,NA,NA,"phase_015_subj_1"
15994,6,7,"<p style=""color:white; font-size: 35px;"">无能</p>","negative","ability","无能",7,734,734,"i","true",NA,NA,NA,NA,"phase_015_subj_1"
15995,6,7,"<p style=""color:rgb(150, 250, 100); font-size: 35px;"">本人</p>","self","ability","本人",7,1181,1181,"i","true",NA,NA,NA,NA,"phase_015_subj_1"
15996,6,7,"<p style=""color:white; font-size: 35px;"">能干</p>","positive","ability","能干",7,870,870,"e","true",NA,NA,NA,NA,"phase_015_subj_1"
15997,6,7,"<p style=""color:rgb(150, 250, 100); font-size: 35px;"">我的</p>","self","ability","我的",7,813,813,"i","true",NA,NA,NA,NA,"phase_015_subj_1"
15998,6,7,"<p style=""color:white; font-size: 35px;"">蠢笨</p>","negative","ability","蠢笨",7,661,661,"i","true",NA,NA,NA,NA,"phase_015_subj_1"
15999,6,7,"<p style=""color:rgb(150, 250, 100); font-size: 35px;"">别人的</p>","other","ability","别人的",7,837,837,"e","true",NA,NA,NA,NA,"phase_015_subj_1"
16000,6,7,"<p style=""color:white; font-size: 35px;"">拙笨</p>","negative","ability","拙笨",7,1069,1069,"i","true",NA,NA,NA,NA,"phase_015_subj_1"
16001,6,7,"<p style=""color:rgb(150, 250, 100); font-size: 35px;"">我</p>","self","ability","我",7,717,717,"i","true",NA,NA,NA,NA,"phase_015_subj_1"
16002,6,7,"<p style=""color:white; font-size: 35px;"">全才</p>","positive","ability","全才",7,1981,1981,"e","true",NA,NA,NA,NA,"phase_015_subj_1"
16003,6,7,"<p style=""color:rgb(150, 250, 100); font-size: 35px;"">他人</p>","other","ability","他人",7,581,581,"e","true",NA,NA,NA,NA,"phase_015_subj_1"
16004,6,7,"<p style=""color:white; font-size: 35px;"">废物</p>","negative","ability","废物",7,742,742,"i","true",NA,NA,NA,NA,"phase_015_subj_1"
16005,6,7,"<p style=""color:rgb(150, 250, 100); font-size: 35px;"">自己的</p>","self","ability","自己的",7,894,894,"i","true",NA,NA,NA,NA,"phase_015_subj_1"
16006,6,7,"<p style=""color:white; font-size: 35px;"">能干</p>","positive","ability","能干",7,726,726,"e","true",NA,NA,NA,NA,"phase_015_subj_1"
16007,6,7,"<p style=""color:rgb(150, 250, 100); font-size: 35px;"">别人的</p>","other","ability","别人的",7,774,774,"e","true",NA,NA,NA,NA,"phase_015_subj_1"
16008,6,7,"<p style=""color:white; font-size: 35px;"">拙笨</p>","negative","ability","拙笨",7,797,797,"i","true",NA,NA,NA,NA,"phase_015_subj_1"
16009,6,7,"<p style=""color:rgb(150, 250, 100); font-size: 35px;"">本人的</p>","self","ability","本人的",7,1181,1181,"i","true",NA,NA,NA,NA,"phase_015_subj_1"
16010,6,7,"<p style=""color:white; font-size: 35px;"">天才</p>","positive","ability","天才",7,661,661,"e","true",NA,NA,NA,NA,"phase_015_subj_1"
16011,6,7,"<p style=""color:rgb(150, 250, 100); font-size: 35px;"">他人的</p>","other","ability","他人的",7,765,765,"e","true",NA,NA,NA,NA,"phase_015_subj_1"
16012,6,7,"<p style=""color:white; font-size: 35px;"">无能</p>","negative","ability","无能",7,877,877,"i","true",NA,NA,NA,NA,"phase_015_subj_1"
16013,6,7,"<p style=""color:rgb(150, 250, 100); font-size: 35px;"">自己的</p>","self","ability","自己的",7,637,637,"i","true",NA,NA,NA,NA,"phase_015_subj_1"
16014,6,7,"<p style=""color:white; font-size: 35px;"">全能</p>","positive","ability","全能",7,1429,1429,"e","true",NA,NA,NA,NA,"phase_015_subj_1"
16015,6,7,"<p style=""color:rgb(150, 250, 100); font-size: 35px;"">他的</p>","other","ability","他的",7,694,694,"e","true",NA,NA,NA,NA,"phase_015_subj_1"
16016,6,7,"<p style=""color:white; font-size: 35px;"">愚钝</p>","negative","ability","愚钝",7,837,837,"i","true",NA,NA,NA,NA,"phase_015_subj_1"
16017,6,7,"<p style=""color:rgb(150, 250, 100); font-size: 35px;"">本人的</p>","self","ability","本人的",7,733,733,"i","true",NA,NA,NA,NA,"phase_015_subj_1"
16018,6,7,"<p style=""color:white; font-size: 35px;"">精干</p>","positive","ability","精干",7,709,709,"e","true",NA,NA,NA,NA,"phase_015_subj_1"
16019,6,7,"<p style=""color:rgb(150, 250, 100); font-size: 35px;"">他</p>","other","ability","他",7,557,557,"e","true",NA,NA,NA,NA,"phase_015_subj_1"
16020,6,NA,"
    <h3>词语分类任务</h3>
    <p>在接下来的任务中，你需要对一系列词语进行分类。<p/>
    请先熟悉这些词语，这有利于你完成接下来的任务。</p>
    <table align=""center"" border=1 cellpadding=3 cellspacing=0>
    <tr> <th>类别</th> <th>词语</th> </tr>
    <tr> <td>&emsp;积极&emsp;</td> <td>&emsp;高尚、诚信、善良、君子、廉正、正直&emsp;</td> </tr>
    <tr> <td>&emsp;消极&emsp;</td> <td>&emsp;缺德、卑鄙、不孝、不仁、小人、黑心&emsp;</td> </tr>
    <tr> <td>&emsp;自我&emsp;</td> <td>&emsp;我、我的、自己、自己的、本人、本人的&emsp;</td> </tr>
    <tr> <td>&emsp;他人&emsp;</td> <td>&emsp;他、他的、别人、别人的、他人、他人的&emsp;</td> </tr>
    </table><br/>","","","",NA,13958,NA,"0","",NA,NA,1,2,"phase_015_subj_1"
16021,6,11,"<p style=""color:rgb(150, 250, 100); font-size: 35px;"">本人</p>","self","moral","本人",1,45,45,"e","false",NA,NA,NA,NA,"phase_015_subj_1"
16022,6,11,"<p style=""color:rgb(150, 250, 100); font-size: 35px;"">我的</p>","self","moral","我的",1,716,716,"i","true",NA,NA,NA,NA,"phase_015_subj_1"
16023,6,11,"<p style=""color:rgb(150, 250, 100); font-size: 35px;"">本人的</p>","self","moral","本人的",1,533,533,"i","true",NA,NA,NA,NA,"phase_015_subj_1"
16024,6,11,"<p style=""color:rgb(150, 250, 100); font-size: 35px;"">他人的</p>","other","moral","他人的",1,805,805,"e","true",NA,NA,NA,NA,"phase_015_subj_1"
16025,6,11,"<p style=""color:rgb(150, 250, 100); font-size: 35px;"">别人的</p>","other","moral","别人的",1,1181,1181,"e","true",NA,NA,NA,NA,"phase_015_subj_1"
16026,6,11,"<p style=""color:rgb(150, 250, 100); font-size: 35px;"">他人</p>","other","moral","他人",1,597,597,"e","true",NA,NA,NA,NA,"phase_015_subj_1"
16027,6,11,"<p style=""color:rgb(150, 250, 100); font-size: 35px;"">他的</p>","other","moral","他的",1,581,581,"e","true",NA,NA,NA,NA,"phase_015_subj_1"
16028,6,11,"<p style=""color:rgb(150, 250, 100); font-size: 35px;"">他</p>","other","moral","他",1,932,932,"e","true",NA,NA,NA,NA,"phase_015_subj_1"
16029,6,11,"<p style=""color:rgb(150, 250, 100); font-size: 35px;"">自己</p>","self","moral","自己",1,877,877,"i","true",NA,NA,NA,NA,"phase_015_subj_1"
16030,6,11,"<p style=""color:rgb(150, 250, 100); font-size: 35px;"">别人</p>","other","moral","别人",1,702,702,"i","false",NA,NA,NA,NA,"phase_015_subj_1"
16031,6,11,"<p style=""color:rgb(150, 250, 100); font-size: 35px;"">自己的</p>","self","moral","自己的",1,885,885,"i","true",NA,NA,NA,NA,"phase_015_subj_1"
16032,6,11,"<p style=""color:rgb(150, 250, 100); font-size: 35px;"">我</p>","self","moral","我",1,701,701,"i","true",NA,NA,NA,NA,"phase_015_subj_1"
16033,6,12,"<p style=""color:white; font-size: 35px;"">卑鄙</p>","negative","moral","卑鄙",2,852,852,"i","true",NA,NA,NA,NA,"phase_015_subj_1"
16034,6,12,"<p style=""color:white; font-size: 35px;"">善良</p>","positive","moral","善良",2,637,637,"e","true",NA,NA,NA,NA,"phase_015_subj_1"
16035,6,12,"<p style=""color:white; font-size: 35px;"">正直</p>","positive","moral","正直",2,1053,1053,"e","true",NA,NA,NA,NA,"phase_015_subj_1"
16036,6,12,"<p style=""color:white; font-size: 35px;"">缺德</p>","negative","moral","缺德",2,821,821,"i","true",NA,NA,NA,NA,"phase_015_subj_1"
16037,6,12,"<p style=""color:white; font-size: 35px;"">君子</p>","positive","moral","君子",2,901,901,"e","true",NA,NA,NA,NA,"phase_015_subj_1"
16038,6,12,"<p style=""color:white; font-size: 35px;"">高尚</p>","positive","moral","高尚",2,709,709,"e","true",NA,NA,NA,NA,"phase_015_subj_1"
16039,6,12,"<p style=""color:white; font-size: 35px;"">黑心</p>","negative","moral","黑心",2,709,709,"i","true",NA,NA,NA,NA,"phase_015_subj_1"
16040,6,12,"<p style=""color:white; font-size: 35px;"">小人</p>","negative","moral","小人",2,861,861,"i","true",NA,NA,NA,NA,"phase_015_subj_1"
16041,6,12,"<p style=""color:white; font-size: 35px;"">廉正</p>","positive","moral","廉正",2,853,853,"e","true",NA,NA,NA,NA,"phase_015_subj_1"
16042,6,12,"<p style=""color:white; font-size: 35px;"">不仁</p>","negative","moral","不仁",2,821,821,"i","true",NA,NA,NA,NA,"phase_015_subj_1"
16043,6,12,"<p style=""color:white; font-size: 35px;"">不孝</p>","negative","moral","不孝",2,628,628,"i","true",NA,NA,NA,NA,"phase_015_subj_1"
16044,6,12,"<p style=""color:white; font-size: 35px;"">诚信</p>","positive","moral","诚信",2,724,724,"e","true",NA,NA,NA,NA,"phase_015_subj_1"
16045,6,13,"<p style=""color:rgb(150, 250, 100); font-size: 35px;"">他的</p>","other","moral","他的",3,702,702,"e","true",NA,NA,NA,NA,"phase_015_subj_1"
16046,6,13,"<p style=""color:white; font-size: 35px;"">诚信</p>","positive","moral","诚信",3,1028,1028,"e","true",NA,NA,NA,NA,"phase_015_subj_1"
16047,6,13,"<p style=""color:rgb(150, 250, 100); font-size: 35px;"">自己</p>","self","moral","自己",3,2180,2180,"i","true",NA,NA,NA,NA,"phase_015_subj_1"
16048,6,13,"<p style=""color:white; font-size: 35px;"">不仁</p>","negative","moral","不仁",3,660,660,"i","true",NA,NA,NA,NA,"phase_015_subj_1"
16049,6,13,"<p style=""color:rgb(150, 250, 100); font-size: 35px;"">他</p>","other","moral","他",3,500,500,"e","true",NA,NA,NA,NA,"phase_015_subj_1"
16050,6,13,"<p style=""color:white; font-size: 35px;"">正直</p>","positive","moral","正直",3,476,476,"e","true",NA,NA,NA,NA,"phase_015_subj_1"
16051,6,13,"<p style=""color:rgb(150, 250, 100); font-size: 35px;"">本人的</p>","self","moral","本人的",3,508,1394.39130434783,"e","false",NA,NA,NA,NA,"phase_015_subj_1"
16052,6,13,"<p style=""color:white; font-size: 35px;"">黑心</p>","negative","moral","黑心",3,740,740,"i","true",NA,NA,NA,NA,"phase_015_subj_1"
16053,6,13,"<p style=""color:rgb(150, 250, 100); font-size: 35px;"">我</p>","self","moral","我",3,477,477,"i","true",NA,NA,NA,NA,"phase_015_subj_1"
16054,6,13,"<p style=""color:white; font-size: 35px;"">缺德</p>","negative","moral","缺德",3,853,853,"i","true",NA,NA,NA,NA,"phase_015_subj_1"
16055,6,13,"<p style=""color:rgb(150, 250, 100); font-size: 35px;"">他人</p>","other","moral","他人",3,597,597,"e","true",NA,NA,NA,NA,"phase_015_subj_1"
16056,6,13,"<p style=""color:white; font-size: 35px;"">君子</p>","positive","moral","君子",3,613,613,"e","true",NA,NA,NA,NA,"phase_015_subj_1"
16057,6,13,"<p style=""color:rgb(150, 250, 100); font-size: 35px;"">本人</p>","self","moral","本人",3,693,693,"i","true",NA,NA,NA,NA,"phase_015_subj_1"
16058,6,13,"<p style=""color:white; font-size: 35px;"">不孝</p>","negative","moral","不孝",3,620,620,"i","true",NA,NA,NA,NA,"phase_015_subj_1"
16059,6,13,"<p style=""color:rgb(150, 250, 100); font-size: 35px;"">他人的</p>","other","moral","他人的",3,557,557,"e","true",NA,NA,NA,NA,"phase_015_subj_1"
16060,6,13,"<p style=""color:white; font-size: 35px;"">高尚</p>","positive","moral","高尚",3,981,981,"e","true",NA,NA,NA,NA,"phase_015_subj_1"
16061,6,13,"<p style=""color:rgb(150, 250, 100); font-size: 35px;"">自己的</p>","self","moral","自己的",3,797,797,"i","true",NA,NA,NA,NA,"phase_015_subj_1"
16062,6,13,"<p style=""color:white; font-size: 35px;"">小人</p>","negative","moral","小人",3,764,764,"i","true",NA,NA,NA,NA,"phase_015_subj_1"
16063,6,13,"<p style=""color:rgb(150, 250, 100); font-size: 35px;"">别人的</p>","other","moral","别人的",3,644,644,"e","true",NA,NA,NA,NA,"phase_015_subj_1"
16064,6,13,"<p style=""color:white; font-size: 35px;"">廉正</p>","positive","moral","廉正",3,917,917,"e","true",NA,NA,NA,NA,"phase_015_subj_1"
16065,6,13,"<p style=""color:rgb(150, 250, 100); font-size: 35px;"">别人</p>","other","moral","别人",3,924,924,"e","true",NA,NA,NA,NA,"phase_015_subj_1"
16066,6,13,"<p style=""color:white; font-size: 35px;"">卑鄙</p>","negative","moral","卑鄙",3,708,708,"i","true",NA,NA,NA,NA,"phase_015_subj_1"
16067,6,13,"<p style=""color:rgb(150, 250, 100); font-size: 35px;"">我的</p>","self","moral","我的",3,604,604,"i","true",NA,NA,NA,NA,"phase_015_subj_1"
16068,6,13,"<p style=""color:white; font-size: 35px;"">善良</p>","positive","moral","善良",3,1236,1236,"e","true",NA,NA,NA,NA,"phase_015_subj_1"
16069,6,14,"<p style=""color:rgb(150, 250, 100); font-size: 35px;"">本人</p>","self","moral","本人",4,963,963,"i","true",NA,NA,NA,NA,"phase_015_subj_1"
16070,6,14,"<p style=""color:white; font-size: 35px;"">黑心</p>","negative","moral","黑心",4,683,683,"i","true",NA,NA,NA,NA,"phase_015_subj_1"
16071,6,14,"<p style=""color:rgb(150, 250, 100); font-size: 35px;"">别人的</p>","other","moral","别人的",4,660,660,"e","true",NA,NA,NA,NA,"phase_015_subj_1"
16072,6,14,"<p style=""color:white; font-size: 35px;"">廉正</p>","positive","moral","廉正",4,868,868,"e","true",NA,NA,NA,NA,"phase_015_subj_1"
16073,6,14,"<p style=""color:rgb(150, 250, 100); font-size: 35px;"">他人的</p>","other","moral","他人的",4,557,557,"e","true",NA,NA,NA,NA,"phase_015_subj_1"
16074,6,14,"<p style=""color:white; font-size: 35px;"">君子</p>","positive","moral","君子",4,885,885,"e","true",NA,NA,NA,NA,"phase_015_subj_1"
16075,6,14,"<p style=""color:rgb(150, 250, 100); font-size: 35px;"">自己的</p>","self","moral","自己的",4,557,1386.61904761905,"e","false",NA,NA,NA,NA,"phase_015_subj_1"
16076,6,14,"<p style=""color:white; font-size: 35px;"">卑鄙</p>","negative","moral","卑鄙",4,524,524,"i","true",NA,NA,NA,NA,"phase_015_subj_1"
16077,6,14,"<p style=""color:rgb(150, 250, 100); font-size: 35px;"">他</p>","other","moral","他",4,597,597,"e","true",NA,NA,NA,NA,"phase_015_subj_1"
16078,6,14,"<p style=""color:white; font-size: 35px;"">君子</p>","positive","moral","君子",4,716,716,"e","true",NA,NA,NA,NA,"phase_015_subj_1"
16079,6,14,"<p style=""color:rgb(150, 250, 100); font-size: 35px;"">本人的</p>","self","moral","本人的",4,1044,1044,"i","true",NA,NA,NA,NA,"phase_015_subj_1"
16080,6,14,"<p style=""color:white; font-size: 35px;"">小人</p>","negative","moral","小人",4,852,852,"i","true",NA,NA,NA,NA,"phase_015_subj_1"
16081,6,14,"<p style=""color:rgb(150, 250, 100); font-size: 35px;"">我</p>","self","moral","我",4,1196,1196,"i","true",NA,NA,NA,NA,"phase_015_subj_1"
16082,6,14,"<p style=""color:white; font-size: 35px;"">不仁</p>","negative","moral","不仁",4,948,948,"i","true",NA,NA,NA,NA,"phase_015_subj_1"
16083,6,14,"<p style=""color:rgb(150, 250, 100); font-size: 35px;"">别人</p>","other","moral","别人",4,797,797,"e","true",NA,NA,NA,NA,"phase_015_subj_1"
16084,6,14,"<p style=""color:white; font-size: 35px;"">正直</p>","positive","moral","正直",4,900,900,"e","true",NA,NA,NA,NA,"phase_015_subj_1"
16085,6,14,"<p style=""color:rgb(150, 250, 100); font-size: 35px;"">别人的</p>","other","moral","别人的",4,820,1386.61904761905,"i","false",NA,NA,NA,NA,"phase_015_subj_1"
16086,6,14,"<p style=""color:white; font-size: 35px;"">诚信</p>","positive","moral","诚信",4,708,1386.61904761905,"i","false",NA,NA,NA,NA,"phase_015_subj_1"
16087,6,14,"<p style=""color:rgb(150, 250, 100); font-size: 35px;"">我</p>","self","moral","我",4,564,564,"i","true",NA,NA,NA,NA,"phase_015_subj_1"
16088,6,14,"<p style=""color:white; font-size: 35px;"">小人</p>","negative","moral","小人",4,604,604,"i","true",NA,NA,NA,NA,"phase_015_subj_1"
16089,6,14,"<p style=""color:rgb(150, 250, 100); font-size: 35px;"">我的</p>","self","moral","我的",4,524,1386.61904761905,"e","false",NA,NA,NA,NA,"phase_015_subj_1"
16090,6,14,"<p style=""color:white; font-size: 35px;"">廉正</p>","positive","moral","廉正",4,564,564,"e","true",NA,NA,NA,NA,"phase_015_subj_1"
16091,6,14,"<p style=""color:rgb(150, 250, 100); font-size: 35px;"">他人</p>","other","moral","他人",4,516,516,"e","true",NA,NA,NA,NA,"phase_015_subj_1"
16092,6,14,"<p style=""color:white; font-size: 35px;"">不仁</p>","negative","moral","不仁",4,717,717,"i","true",NA,NA,NA,NA,"phase_015_subj_1"
16093,6,14,"<p style=""color:rgb(150, 250, 100); font-size: 35px;"">我的</p>","self","moral","我的",4,628,628,"i","true",NA,NA,NA,NA,"phase_015_subj_1"
16094,6,14,"<p style=""color:white; font-size: 35px;"">不孝</p>","negative","moral","不孝",4,596,596,"i","true",NA,NA,NA,NA,"phase_015_subj_1"
16095,6,14,"<p style=""color:rgb(150, 250, 100); font-size: 35px;"">他人的</p>","other","moral","他人的",4,548,548,"e","true",NA,NA,NA,NA,"phase_015_subj_1"
16096,6,14,"<p style=""color:white; font-size: 35px;"">诚信</p>","positive","moral","诚信",4,620,620,"e","true",NA,NA,NA,NA,"phase_015_subj_1"
16097,6,14,"<p style=""color:rgb(150, 250, 100); font-size: 35px;"">他的</p>","other","moral","他的",4,548,548,"e","true",NA,NA,NA,NA,"phase_015_subj_1"
16098,6,14,"<p style=""color:white; font-size: 35px;"">卑鄙</p>","negative","moral","卑鄙",4,732,732,"i","true",NA,NA,NA,NA,"phase_015_subj_1"
16099,6,14,"<p style=""color:rgb(150, 250, 100); font-size: 35px;"">本人的</p>","self","moral","本人的",4,652,652,"i","true",NA,NA,NA,NA,"phase_015_subj_1"
16100,6,14,"<p style=""color:white; font-size: 35px;"">高尚</p>","positive","moral","高尚",4,612,612,"e","true",NA,NA,NA,NA,"phase_015_subj_1"
16101,6,14,"<p style=""color:rgb(150, 250, 100); font-size: 35px;"">自己</p>","self","moral","自己",4,732,1386.61904761905,"e","false",NA,NA,NA,NA,"phase_015_subj_1"
16102,6,14,"<p style=""color:white; font-size: 35px;"">不孝</p>","negative","moral","不孝",4,708,708,"i","true",NA,NA,NA,NA,"phase_015_subj_1"
16103,6,14,"<p style=""color:rgb(150, 250, 100); font-size: 35px;"">他人</p>","other","moral","他人",4,612,612,"e","true",NA,NA,NA,NA,"phase_015_subj_1"
16104,6,14,"<p style=""color:white; font-size: 35px;"">正直</p>","positive","moral","正直",4,700,700,"e","true",NA,NA,NA,NA,"phase_015_subj_1"
16105,6,14,"<p style=""color:rgb(150, 250, 100); font-size: 35px;"">他</p>","other","moral","他",4,556,556,"e","true",NA,NA,NA,NA,"phase_015_subj_1"
16106,6,14,"<p style=""color:white; font-size: 35px;"">善良</p>","positive","moral","善良",4,852,852,"e","true",NA,NA,NA,NA,"phase_015_subj_1"
16107,6,14,"<p style=""color:rgb(150, 250, 100); font-size: 35px;"">自己</p>","self","moral","自己",4,807,807,"i","true",NA,NA,NA,NA,"phase_015_subj_1"
16108,6,14,"<p style=""color:white; font-size: 35px;"">缺德</p>","negative","moral","缺德",4,659,659,"i","true",NA,NA,NA,NA,"phase_015_subj_1"
16109,6,14,"<p style=""color:rgb(150, 250, 100); font-size: 35px;"">他的</p>","other","moral","他的",4,620,620,"e","true",NA,NA,NA,NA,"phase_015_subj_1"
16110,6,14,"<p style=""color:white; font-size: 35px;"">善良</p>","positive","moral","善良",4,692,1386.61904761905,"i","false",NA,NA,NA,NA,"phase_015_subj_1"
16111,6,14,"<p style=""color:rgb(150, 250, 100); font-size: 35px;"">本人</p>","self","moral","本人",4,1147,1147,"i","true",NA,NA,NA,NA,"phase_015_subj_1"
16112,6,14,"<p style=""color:white; font-size: 35px;"">黑心</p>","negative","moral","黑心",4,820,820,"i","true",NA,NA,NA,NA,"phase_015_subj_1"
16113,6,14,"<p style=""color:rgb(150, 250, 100); font-size: 35px;"">别人</p>","other","moral","别人",4,2341,2341,"e","true",NA,NA,NA,NA,"phase_015_subj_1"
16114,6,14,"<p style=""color:white; font-size: 35px;"">高尚</p>","positive","moral","高尚",4,1557,1557,"e","true",NA,NA,NA,NA,"phase_015_subj_1"
16115,6,14,"<p style=""color:rgb(150, 250, 100); font-size: 35px;"">自己的</p>","self","moral","自己的",4,780,780,"i","true",NA,NA,NA,NA,"phase_015_subj_1"
16116,6,14,"<p style=""color:white; font-size: 35px;"">缺德</p>","negative","moral","缺德",4,788,788,"i","true",NA,NA,NA,NA,"phase_015_subj_1"
16117,6,15,"<p style=""color:rgb(150, 250, 100); font-size: 35px;"">他</p>","other","moral","他",5,875,875,"i","true",NA,NA,NA,NA,"phase_015_subj_1"
16118,6,15,"<p style=""color:rgb(150, 250, 100); font-size: 35px;"">我</p>","self","moral","我",5,708,708,"e","true",NA,NA,NA,NA,"phase_015_subj_1"
16119,6,15,"<p style=""color:rgb(150, 250, 100); font-size: 35px;"">他人的</p>","other","moral","他人的",5,580,580,"i","true",NA,NA,NA,NA,"phase_015_subj_1"
16120,6,15,"<p style=""color:rgb(150, 250, 100); font-size: 35px;"">自己</p>","self","moral","自己",5,724,724,"e","true",NA,NA,NA,NA,"phase_015_subj_1"
16121,6,15,"<p style=""color:rgb(150, 250, 100); font-size: 35px;"">自己的</p>","self","moral","自己的",5,700,700,"e","true",NA,NA,NA,NA,"phase_015_subj_1"
16122,6,15,"<p style=""color:rgb(150, 250, 100); font-size: 35px;"">我的</p>","self","moral","我的",5,588,588,"e","true",NA,NA,NA,NA,"phase_015_subj_1"
16123,6,15,"<p style=""color:rgb(150, 250, 100); font-size: 35px;"">他人</p>","other","moral","他人",5,780,780,"i","true",NA,NA,NA,NA,"phase_015_subj_1"
16124,6,15,"<p style=""color:rgb(150, 250, 100); font-size: 35px;"">别人</p>","other","moral","别人",5,732,732,"i","true",NA,NA,NA,NA,"phase_015_subj_1"
16125,6,15,"<p style=""color:rgb(150, 250, 100); font-size: 35px;"">他</p>","other","moral","他",5,499,499,"i","true",NA,NA,NA,NA,"phase_015_subj_1"
16126,6,15,"<p style=""color:rgb(150, 250, 100); font-size: 35px;"">本人</p>","self","moral","本人",5,1164,1164,"e","true",NA,NA,NA,NA,"phase_015_subj_1"
16127,6,15,"<p style=""color:rgb(150, 250, 100); font-size: 35px;"">别人的</p>","other","moral","别人的",5,659,659,"i","true",NA,NA,NA,NA,"phase_015_subj_1"
16128,6,15,"<p style=""color:rgb(150, 250, 100); font-size: 35px;"">本人的</p>","self","moral","本人的",5,1051,1051,"e","true",NA,NA,NA,NA,"phase_015_subj_1"
16129,6,15,"<p style=""color:rgb(150, 250, 100); font-size: 35px;"">他人的</p>","other","moral","他人的",5,707,707,"i","true",NA,NA,NA,NA,"phase_015_subj_1"
16130,6,15,"<p style=""color:rgb(150, 250, 100); font-size: 35px;"">本人</p>","self","moral","本人",5,764,764,"e","true",NA,NA,NA,NA,"phase_015_subj_1"
16131,6,15,"<p style=""color:rgb(150, 250, 100); font-size: 35px;"">我的</p>","self","moral","我的",5,548,548,"e","true",NA,NA,NA,NA,"phase_015_subj_1"
16132,6,15,"<p style=""color:rgb(150, 250, 100); font-size: 35px;"">自己</p>","self","moral","自己",5,583,583,"e","true",NA,NA,NA,NA,"phase_015_subj_1"
16133,6,15,"<p style=""color:rgb(150, 250, 100); font-size: 35px;"">他的</p>","other","moral","他的",5,580,580,"i","true",NA,NA,NA,NA,"phase_015_subj_1"
16134,6,15,"<p style=""color:rgb(150, 250, 100); font-size: 35px;"">他人</p>","other","moral","他人",5,500,500,"i","true",NA,NA,NA,NA,"phase_015_subj_1"
16135,6,15,"<p style=""color:rgb(150, 250, 100); font-size: 35px;"">别人</p>","other","moral","别人",5,708,708,"i","true",NA,NA,NA,NA,"phase_015_subj_1"
16136,6,15,"<p style=""color:rgb(150, 250, 100); font-size: 35px;"">别人的</p>","other","moral","别人的",5,572,572,"i","true",NA,NA,NA,NA,"phase_015_subj_1"
16137,6,15,"<p style=""color:rgb(150, 250, 100); font-size: 35px;"">我</p>","self","moral","我",5,524,524,"e","true",NA,NA,NA,NA,"phase_015_subj_1"
16138,6,15,"<p style=""color:rgb(150, 250, 100); font-size: 35px;"">自己的</p>","self","moral","自己的",5,524,524,"e","true",NA,NA,NA,NA,"phase_015_subj_1"
16139,6,15,"<p style=""color:rgb(150, 250, 100); font-size: 35px;"">他的</p>","other","moral","他的",5,612,612,"i","true",NA,NA,NA,NA,"phase_015_subj_1"
16140,6,15,"<p style=""color:rgb(150, 250, 100); font-size: 35px;"">本人的</p>","self","moral","本人的",5,604,604,"e","true",NA,NA,NA,NA,"phase_015_subj_1"
16141,6,16,"<p style=""color:white; font-size: 35px;"">卑鄙</p>","negative","moral","卑鄙",6,738,738,"i","true",NA,NA,NA,NA,"phase_015_subj_1"
16142,6,16,"<p style=""color:rgb(150, 250, 100); font-size: 35px;"">本人</p>","self","moral","本人",6,659,659,"e","true",NA,NA,NA,NA,"phase_015_subj_1"
16143,6,16,"<p style=""color:white; font-size: 35px;"">诚信</p>","positive","moral","诚信",6,539,539,"e","true",NA,NA,NA,NA,"phase_015_subj_1"
16144,6,16,"<p style=""color:rgb(150, 250, 100); font-size: 35px;"">他人的</p>","other","moral","他人的",6,571,571,"i","true",NA,NA,NA,NA,"phase_015_subj_1"
16145,6,16,"<p style=""color:white; font-size: 35px;"">正直</p>","positive","moral","正直",6,555,555,"e","true",NA,NA,NA,NA,"phase_015_subj_1"
16146,6,16,"<p style=""color:rgb(150, 250, 100); font-size: 35px;"">别人</p>","other","moral","别人",6,587,1228.73913043478,"e","false",NA,NA,NA,NA,"phase_015_subj_1"
16147,6,16,"<p style=""color:white; font-size: 35px;"">缺德</p>","negative","moral","缺德",6,915,915,"i","true",NA,NA,NA,NA,"phase_015_subj_1"
16148,6,16,"<p style=""color:rgb(150, 250, 100); font-size: 35px;"">我</p>","self","moral","我",6,499,499,"e","true",NA,NA,NA,NA,"phase_015_subj_1"
16149,6,16,"<p style=""color:white; font-size: 35px;"">廉正</p>","positive","moral","廉正",6,491,491,"e","true",NA,NA,NA,NA,"phase_015_subj_1"
16150,6,16,"<p style=""color:rgb(150, 250, 100); font-size: 35px;"">他人</p>","other","moral","他人",6,643,643,"i","true",NA,NA,NA,NA,"phase_015_subj_1"
16151,6,16,"<p style=""color:white; font-size: 35px;"">小人</p>","negative","moral","小人",6,675,675,"i","true",NA,NA,NA,NA,"phase_015_subj_1"
16152,6,16,"<p style=""color:rgb(150, 250, 100); font-size: 35px;"">我的</p>","self","moral","我的",6,547,547,"e","true",NA,NA,NA,NA,"phase_015_subj_1"
16153,6,16,"<p style=""color:white; font-size: 35px;"">不孝</p>","negative","moral","不孝",6,563,563,"i","true",NA,NA,NA,NA,"phase_015_subj_1"
16154,6,16,"<p style=""color:rgb(150, 250, 100); font-size: 35px;"">自己的</p>","self","moral","自己的",6,563,563,"e","true",NA,NA,NA,NA,"phase_015_subj_1"
16155,6,16,"<p style=""color:white; font-size: 35px;"">善良</p>","positive","moral","善良",6,580,580,"e","true",NA,NA,NA,NA,"phase_015_subj_1"
16156,6,16,"<p style=""color:rgb(150, 250, 100); font-size: 35px;"">他的</p>","other","moral","他的",6,588,588,"i","true",NA,NA,NA,NA,"phase_015_subj_1"
16157,6,16,"<p style=""color:white; font-size: 35px;"">不仁</p>","negative","moral","不仁",6,580,580,"i","true",NA,NA,NA,NA,"phase_015_subj_1"
16158,6,16,"<p style=""color:rgb(150, 250, 100); font-size: 35px;"">他</p>","other","moral","他",6,868,868,"i","true",NA,NA,NA,NA,"phase_015_subj_1"
16159,6,16,"<p style=""color:white; font-size: 35px;"">君子</p>","positive","moral","君子",6,627,627,"e","true",NA,NA,NA,NA,"phase_015_subj_1"
16160,6,16,"<p style=""color:rgb(150, 250, 100); font-size: 35px;"">自己</p>","self","moral","自己",6,539,539,"e","true",NA,NA,NA,NA,"phase_015_subj_1"
16161,6,16,"<p style=""color:white; font-size: 35px;"">黑心</p>","negative","moral","黑心",6,675,675,"i","true",NA,NA,NA,NA,"phase_015_subj_1"
16162,6,16,"<p style=""color:rgb(150, 250, 100); font-size: 35px;"">本人的</p>","self","moral","本人的",6,679,679,"e","true",NA,NA,NA,NA,"phase_015_subj_1"
16163,6,16,"<p style=""color:white; font-size: 35px;"">高尚</p>","positive","moral","高尚",6,779,779,"e","true",NA,NA,NA,NA,"phase_015_subj_1"
16164,6,16,"<p style=""color:rgb(150, 250, 100); font-size: 35px;"">别人的</p>","other","moral","别人的",6,588,588,"i","true",NA,NA,NA,NA,"phase_015_subj_1"
16165,6,17,"<p style=""color:white; font-size: 35px;"">正直</p>","positive","moral","正直",7,634,634,"e","true",NA,NA,NA,NA,"phase_015_subj_1"
16166,6,17,"<p style=""color:rgb(150, 250, 100); font-size: 35px;"">他</p>","other","moral","他",7,835,1258.13333333333,"e","false",NA,NA,NA,NA,"phase_015_subj_1"
16167,6,17,"<p style=""color:white; font-size: 35px;"">卑鄙</p>","negative","moral","卑鄙",7,579,579,"i","true",NA,NA,NA,NA,"phase_015_subj_1"
16168,6,17,"<p style=""color:rgb(150, 250, 100); font-size: 35px;"">自己</p>","self","moral","自己",7,539,539,"e","true",NA,NA,NA,NA,"phase_015_subj_1"
16169,6,17,"<p style=""color:white; font-size: 35px;"">不仁</p>","negative","moral","不仁",7,667,667,"i","true",NA,NA,NA,NA,"phase_015_subj_1"
16170,6,17,"<p style=""color:rgb(150, 250, 100); font-size: 35px;"">我的</p>","self","moral","我的",7,571,571,"e","true",NA,NA,NA,NA,"phase_015_subj_1"
16171,6,17,"<p style=""color:white; font-size: 35px;"">诚信</p>","positive","moral","诚信",7,947,947,"e","true",NA,NA,NA,NA,"phase_015_subj_1"
16172,6,17,"<p style=""color:rgb(150, 250, 100); font-size: 35px;"">他人的</p>","other","moral","他人的",7,691,691,"i","true",NA,NA,NA,NA,"phase_015_subj_1"
16173,6,17,"<p style=""color:white; font-size: 35px;"">善良</p>","positive","moral","善良",7,642,642,"e","true",NA,NA,NA,NA,"phase_015_subj_1"
16174,6,17,"<p style=""color:rgb(150, 250, 100); font-size: 35px;"">本人</p>","self","moral","本人",7,811,811,"e","true",NA,NA,NA,NA,"phase_015_subj_1"
16175,6,17,"<p style=""color:white; font-size: 35px;"">缺德</p>","negative","moral","缺德",7,707,707,"i","true",NA,NA,NA,NA,"phase_015_subj_1"
16176,6,17,"<p style=""color:rgb(150, 250, 100); font-size: 35px;"">他的</p>","other","moral","他的",7,635,635,"i","true",NA,NA,NA,NA,"phase_015_subj_1"
16177,6,17,"<p style=""color:white; font-size: 35px;"">小人</p>","negative","moral","小人",7,611,611,"i","true",NA,NA,NA,NA,"phase_015_subj_1"
16178,6,17,"<p style=""color:rgb(150, 250, 100); font-size: 35px;"">我</p>","self","moral","我",7,699,699,"e","true",NA,NA,NA,NA,"phase_015_subj_1"
16179,6,17,"<p style=""color:white; font-size: 35px;"">高尚</p>","positive","moral","高尚",7,723,1258.13333333333,"i","false",NA,NA,NA,NA,"phase_015_subj_1"
16180,6,17,"<p style=""color:rgb(150, 250, 100); font-size: 35px;"">他</p>","other","moral","他",7,627,627,"i","true",NA,NA,NA,NA,"phase_015_subj_1"
16181,6,17,"<p style=""color:white; font-size: 35px;"">诚信</p>","positive","moral","诚信",7,587,587,"e","true",NA,NA,NA,NA,"phase_015_subj_1"
16182,6,17,"<p style=""color:rgb(150, 250, 100); font-size: 35px;"">自己的</p>","self","moral","自己的",7,547,547,"e","true",NA,NA,NA,NA,"phase_015_subj_1"
16183,6,17,"<p style=""color:white; font-size: 35px;"">不孝</p>","negative","moral","不孝",7,587,587,"i","true",NA,NA,NA,NA,"phase_015_subj_1"
16184,6,17,"<p style=""color:rgb(150, 250, 100); font-size: 35px;"">他的</p>","other","moral","他的",7,1035,1035,"i","true",NA,NA,NA,NA,"phase_015_subj_1"
16185,6,17,"<p style=""color:white; font-size: 35px;"">黑心</p>","negative","moral","黑心",7,659,659,"i","true",NA,NA,NA,NA,"phase_015_subj_1"
16186,6,17,"<p style=""color:rgb(150, 250, 100); font-size: 35px;"">自己的</p>","self","moral","自己的",7,547,547,"e","true",NA,NA,NA,NA,"phase_015_subj_1"
16187,6,17,"<p style=""color:white; font-size: 35px;"">君子</p>","positive","moral","君子",7,819,819,"e","true",NA,NA,NA,NA,"phase_015_subj_1"
16188,6,17,"<p style=""color:rgb(150, 250, 100); font-size: 35px;"">别人</p>","other","moral","别人",7,619,619,"i","true",NA,NA,NA,NA,"phase_015_subj_1"
16189,6,17,"<p style=""color:white; font-size: 35px;"">黑心</p>","negative","moral","黑心",7,1039,1258.13333333333,"e","false",NA,NA,NA,NA,"phase_015_subj_1"
16190,6,17,"<p style=""color:rgb(150, 250, 100); font-size: 35px;"">我的</p>","self","moral","我的",7,571,571,"e","true",NA,NA,NA,NA,"phase_015_subj_1"
16191,6,17,"<p style=""color:white; font-size: 35px;"">善良</p>","positive","moral","善良",7,931,931,"e","true",NA,NA,NA,NA,"phase_015_subj_1"
16192,6,17,"<p style=""color:rgb(150, 250, 100); font-size: 35px;"">他人</p>","other","moral","他人",7,563,563,"i","true",NA,NA,NA,NA,"phase_015_subj_1"
16193,6,17,"<p style=""color:white; font-size: 35px;"">正直</p>","positive","moral","正直",7,746,746,"e","true",NA,NA,NA,NA,"phase_015_subj_1"
16194,6,17,"<p style=""color:rgb(150, 250, 100); font-size: 35px;"">别人的</p>","other","moral","别人的",7,643,643,"i","true",NA,NA,NA,NA,"phase_015_subj_1"
16195,6,17,"<p style=""color:white; font-size: 35px;"">缺德</p>","negative","moral","缺德",7,667,667,"i","true",NA,NA,NA,NA,"phase_015_subj_1"
16196,6,17,"<p style=""color:rgb(150, 250, 100); font-size: 35px;"">我</p>","self","moral","我",7,651,651,"e","true",NA,NA,NA,NA,"phase_015_subj_1"
16197,6,17,"<p style=""color:white; font-size: 35px;"">君子</p>","positive","moral","君子",7,1003,1003,"e","true",NA,NA,NA,NA,"phase_015_subj_1"
16198,6,17,"<p style=""color:rgb(150, 250, 100); font-size: 35px;"">自己</p>","self","moral","自己",7,715,715,"e","true",NA,NA,NA,NA,"phase_015_subj_1"
16199,6,17,"<p style=""color:white; font-size: 35px;"">小人</p>","negative","moral","小人",7,571,571,"i","true",NA,NA,NA,NA,"phase_015_subj_1"
16200,6,17,"<p style=""color:rgb(150, 250, 100); font-size: 35px;"">他人的</p>","other","moral","他人的",7,603,603,"i","true",NA,NA,NA,NA,"phase_015_subj_1"
16201,6,17,"<p style=""color:white; font-size: 35px;"">卑鄙</p>","negative","moral","卑鄙",7,551,551,"i","true",NA,NA,NA,NA,"phase_015_subj_1"
16202,6,17,"<p style=""color:rgb(150, 250, 100); font-size: 35px;"">他人</p>","other","moral","他人",7,579,579,"i","true",NA,NA,NA,NA,"phase_015_subj_1"
16203,6,17,"<p style=""color:white; font-size: 35px;"">高尚</p>","positive","moral","高尚",7,639,639,"e","true",NA,NA,NA,NA,"phase_015_subj_1"
16204,6,17,"<p style=""color:rgb(150, 250, 100); font-size: 35px;"">本人</p>","self","moral","本人",7,539,539,"e","true",NA,NA,NA,NA,"phase_015_subj_1"
16205,6,17,"<p style=""color:white; font-size: 35px;"">不孝</p>","negative","moral","不孝",7,635,635,"i","true",NA,NA,NA,NA,"phase_015_subj_1"
16206,6,17,"<p style=""color:rgb(150, 250, 100); font-size: 35px;"">别人的</p>","other","moral","别人的",7,619,619,"i","true",NA,NA,NA,NA,"phase_015_subj_1"
16207,6,17,"<p style=""color:white; font-size: 35px;"">廉正</p>","positive","moral","廉正",7,611,611,"e","true",NA,NA,NA,NA,"phase_015_subj_1"
16208,6,17,"<p style=""color:rgb(150, 250, 100); font-size: 35px;"">本人的</p>","self","moral","本人的",7,663,663,"e","true",NA,NA,NA,NA,"phase_015_subj_1"
16209,6,17,"<p style=""color:white; font-size: 35px;"">不仁</p>","negative","moral","不仁",7,619,619,"i","true",NA,NA,NA,NA,"phase_015_subj_1"
16210,6,17,"<p style=""color:rgb(150, 250, 100); font-size: 35px;"">本人的</p>","self","moral","本人的",7,563,563,"e","true",NA,NA,NA,NA,"phase_015_subj_1"
16211,6,17,"<p style=""color:white; font-size: 35px;"">廉正</p>","positive","moral","廉正",7,555,555,"e","true",NA,NA,NA,NA,"phase_015_subj_1"
16212,6,17,"<p style=""color:rgb(150, 250, 100); font-size: 35px;"">别人</p>","other","moral","别人",7,619,619,"i","true",NA,NA,NA,NA,"phase_015_subj_1"
16599,448,NA,"
    <h3>词语分类任务</h3>
    <p>在接下来的任务中，你需要对一系列词语进行分类。<p/>
    请先熟悉这些词语，这有利于你完成接下来的任务。</p>
    <table align=""center"" border=1 cellpadding=3 cellspacing=0>
    <tr> <th>类别</th> <th>词语</th> </tr>
    <tr> <td>&emsp;积极&emsp;</td> <td>&emsp;高尚、诚信、善良、君子、廉正、正直&emsp;</td> </tr>
    <tr> <td>&emsp;消极&emsp;</td> <td>&emsp;缺德、卑鄙、不孝、不仁、小人、黑心&emsp;</td> </tr>
    <tr> <td>&emsp;自我&emsp;</td> <td>&emsp;我、我的、自己、自己的、本人、本人的&emsp;</td> </tr>
    <tr> <td>&emsp;他人&emsp;</td> <td>&emsp;他、他的、别人、别人的、他人、他人的&emsp;</td> </tr>
    </table><br/>","","","",NA,12234,NA,"0","",NA,NA,1,2,"phase_015_subj_26"
16600,448,11,"<p style=""color:rgb(150, 250, 100); font-size: 35px;"">本人的</p>","self","moral","本人的",1,1177,1177,"i","true",NA,NA,NA,NA,"phase_015_subj_26"
16601,448,11,"<p style=""color:rgb(150, 250, 100); font-size: 35px;"">我的</p>","self","moral","我的",1,811,811,"i","true",NA,NA,NA,NA,"phase_015_subj_26"
16602,448,11,"<p style=""color:rgb(150, 250, 100); font-size: 35px;"">别人的</p>","other","moral","别人的",1,680,680,"e","true",NA,NA,NA,NA,"phase_015_subj_26"
16603,448,11,"<p style=""color:rgb(150, 250, 100); font-size: 35px;"">他的</p>","other","moral","他的",1,824,824,"e","true",NA,NA,NA,NA,"phase_015_subj_26"
16604,448,11,"<p style=""color:rgb(150, 250, 100); font-size: 35px;"">自己的</p>","self","moral","自己的",1,864,864,"i","true",NA,NA,NA,NA,"phase_015_subj_26"
16605,448,11,"<p style=""color:rgb(150, 250, 100); font-size: 35px;"">他人的</p>","other","moral","他人的",1,710,710,"e","true",NA,NA,NA,NA,"phase_015_subj_26"
16606,448,11,"<p style=""color:rgb(150, 250, 100); font-size: 35px;"">我</p>","self","moral","我",1,1112,1112,"i","true",NA,NA,NA,NA,"phase_015_subj_26"
16607,448,11,"<p style=""color:rgb(150, 250, 100); font-size: 35px;"">别人</p>","other","moral","别人",1,951,951,"e","true",NA,NA,NA,NA,"phase_015_subj_26"
16608,448,11,"<p style=""color:rgb(150, 250, 100); font-size: 35px;"">他</p>","other","moral","他",1,857,857,"e","true",NA,NA,NA,NA,"phase_015_subj_26"
16609,448,11,"<p style=""color:rgb(150, 250, 100); font-size: 35px;"">本人</p>","self","moral","本人",1,904,904,"i","true",NA,NA,NA,NA,"phase_015_subj_26"
16610,448,11,"<p style=""color:rgb(150, 250, 100); font-size: 35px;"">自己</p>","self","moral","自己",1,793,793,"i","true",NA,NA,NA,NA,"phase_015_subj_26"
16611,448,11,"<p style=""color:rgb(150, 250, 100); font-size: 35px;"">他人</p>","other","moral","他人",1,988,988,"e","true",NA,NA,NA,NA,"phase_015_subj_26"
16612,448,12,"<p style=""color:white; font-size: 35px;"">廉正</p>","positive","moral","廉正",2,1098,1098,"e","true",NA,NA,NA,NA,"phase_015_subj_26"
16613,448,12,"<p style=""color:white; font-size: 35px;"">正直</p>","positive","moral","正直",2,708,708,"e","true",NA,NA,NA,NA,"phase_015_subj_26"
16614,448,12,"<p style=""color:white; font-size: 35px;"">缺德</p>","negative","moral","缺德",2,914,914,"i","true",NA,NA,NA,NA,"phase_015_subj_26"
16615,448,12,"<p style=""color:white; font-size: 35px;"">君子</p>","positive","moral","君子",2,833,833,"e","true",NA,NA,NA,NA,"phase_015_subj_26"
16616,448,12,"<p style=""color:white; font-size: 35px;"">善良</p>","positive","moral","善良",2,801,801,"e","true",NA,NA,NA,NA,"phase_015_subj_26"
16617,448,12,"<p style=""color:white; font-size: 35px;"">卑鄙</p>","negative","moral","卑鄙",2,823,823,"i","true",NA,NA,NA,NA,"phase_015_subj_26"
16618,448,12,"<p style=""color:white; font-size: 35px;"">诚信</p>","positive","moral","诚信",2,1209,1209,"e","true",NA,NA,NA,NA,"phase_015_subj_26"
16619,448,12,"<p style=""color:white; font-size: 35px;"">不孝</p>","negative","moral","不孝",2,1505,1505,"i","true",NA,NA,NA,NA,"phase_015_subj_26"
16620,448,12,"<p style=""color:white; font-size: 35px;"">小人</p>","negative","moral","小人",2,931,931,"i","true",NA,NA,NA,NA,"phase_015_subj_26"
16621,448,12,"<p style=""color:white; font-size: 35px;"">高尚</p>","positive","moral","高尚",2,843,843,"e","true",NA,NA,NA,NA,"phase_015_subj_26"
16622,448,12,"<p style=""color:white; font-size: 35px;"">黑心</p>","negative","moral","黑心",2,945,945,"i","true",NA,NA,NA,NA,"phase_015_subj_26"
16623,448,12,"<p style=""color:white; font-size: 35px;"">不仁</p>","negative","moral","不仁",2,1130,1130,"i","true",NA,NA,NA,NA,"phase_015_subj_26"
16624,448,13,"<p style=""color:rgb(150, 250, 100); font-size: 35px;"">自己的</p>","self","moral","自己的",3,2275,2275,"i","true",NA,NA,NA,NA,"phase_015_subj_26"
16625,448,13,"<p style=""color:white; font-size: 35px;"">不孝</p>","negative","moral","不孝",3,2129,2129,"i","true",NA,NA,NA,NA,"phase_015_subj_26"
16626,448,13,"<p style=""color:rgb(150, 250, 100); font-size: 35px;"">他人</p>","other","moral","他人",3,1759,1759,"e","true",NA,NA,NA,NA,"phase_015_subj_26"
16627,448,13,"<p style=""color:white; font-size: 35px;"">正直</p>","positive","moral","正直",3,1162,1162,"e","true",NA,NA,NA,NA,"phase_015_subj_26"
16628,448,13,"<p style=""color:rgb(150, 250, 100); font-size: 35px;"">他</p>","other","moral","他",3,786,786,"e","true",NA,NA,NA,NA,"phase_015_subj_26"
16629,448,13,"<p style=""color:white; font-size: 35px;"">黑心</p>","negative","moral","黑心",3,1275,1275,"i","true",NA,NA,NA,NA,"phase_015_subj_26"
16630,448,13,"<p style=""color:rgb(150, 250, 100); font-size: 35px;"">我的</p>","self","moral","我的",3,674,674,"i","true",NA,NA,NA,NA,"phase_015_subj_26"
16631,448,13,"<p style=""color:white; font-size: 35px;"">善良</p>","positive","moral","善良",3,1600,1600,"e","true",NA,NA,NA,NA,"phase_015_subj_26"
16632,448,13,"<p style=""color:rgb(150, 250, 100); font-size: 35px;"">别人的</p>","other","moral","别人的",3,1040,1040,"e","true",NA,NA,NA,NA,"phase_015_subj_26"
16633,448,13,"<p style=""color:white; font-size: 35px;"">缺德</p>","negative","moral","缺德",3,1936,1936,"i","true",NA,NA,NA,NA,"phase_015_subj_26"
16634,448,13,"<p style=""color:rgb(150, 250, 100); font-size: 35px;"">本人的</p>","self","moral","本人的",3,776,776,"i","true",NA,NA,NA,NA,"phase_015_subj_26"
16635,448,13,"<p style=""color:white; font-size: 35px;"">君子</p>","positive","moral","君子",3,1920,1920,"e","true",NA,NA,NA,NA,"phase_015_subj_26"
16636,448,13,"<p style=""color:rgb(150, 250, 100); font-size: 35px;"">他的</p>","other","moral","他的",3,761,761,"e","true",NA,NA,NA,NA,"phase_015_subj_26"
16637,448,13,"<p style=""color:white; font-size: 35px;"">诚信</p>","positive","moral","诚信",3,728,728,"e","true",NA,NA,NA,NA,"phase_015_subj_26"
16638,448,13,"<p style=""color:rgb(150, 250, 100); font-size: 35px;"">本人</p>","self","moral","本人",3,1395,1395,"i","true",NA,NA,NA,NA,"phase_015_subj_26"
16639,448,13,"<p style=""color:white; font-size: 35px;"">不仁</p>","negative","moral","不仁",3,999,999,"i","true",NA,NA,NA,NA,"phase_015_subj_26"
16640,448,13,"<p style=""color:rgb(150, 250, 100); font-size: 35px;"">别人</p>","other","moral","别人",3,2193,2193,"e","true",NA,NA,NA,NA,"phase_015_subj_26"
16641,448,13,"<p style=""color:white; font-size: 35px;"">小人</p>","negative","moral","小人",3,1352,1352,"i","true",NA,NA,NA,NA,"phase_015_subj_26"
16642,448,13,"<p style=""color:rgb(150, 250, 100); font-size: 35px;"">自己</p>","self","moral","自己",3,1554,1554,"i","true",NA,NA,NA,NA,"phase_015_subj_26"
16643,448,13,"<p style=""color:white; font-size: 35px;"">高尚</p>","positive","moral","高尚",3,1186,1186,"e","true",NA,NA,NA,NA,"phase_015_subj_26"
16644,448,13,"<p style=""color:rgb(150, 250, 100); font-size: 35px;"">他人的</p>","other","moral","他人的",3,784,784,"e","true",NA,NA,NA,NA,"phase_015_subj_26"
16645,448,13,"<p style=""color:white; font-size: 35px;"">卑鄙</p>","negative","moral","卑鄙",3,1169,1169,"i","true",NA,NA,NA,NA,"phase_015_subj_26"
16646,448,13,"<p style=""color:rgb(150, 250, 100); font-size: 35px;"">我</p>","self","moral","我",3,1328,1328,"i","true",NA,NA,NA,NA,"phase_015_subj_26"
16647,448,13,"<p style=""color:white; font-size: 35px;"">廉正</p>","positive","moral","廉正",3,1200,1200,"e","true",NA,NA,NA,NA,"phase_015_subj_26"
16648,448,14,"<p style=""color:rgb(150, 250, 100); font-size: 35px;"">我的</p>","self","moral","我的",4,1289,1289,"i","true",NA,NA,NA,NA,"phase_015_subj_26"
16649,448,14,"<p style=""color:white; font-size: 35px;"">不孝</p>","negative","moral","不孝",4,745,745,"i","true",NA,NA,NA,NA,"phase_015_subj_26"
16650,448,14,"<p style=""color:rgb(150, 250, 100); font-size: 35px;"">别人的</p>","other","moral","别人的",4,1122,1122,"e","true",NA,NA,NA,NA,"phase_015_subj_26"
16651,448,14,"<p style=""color:white; font-size: 35px;"">诚信</p>","positive","moral","诚信",4,711,711,"e","true",NA,NA,NA,NA,"phase_015_subj_26"
16652,448,14,"<p style=""color:rgb(150, 250, 100); font-size: 35px;"">他</p>","other","moral","他",4,704,704,"e","true",NA,NA,NA,NA,"phase_015_subj_26"
16653,448,14,"<p style=""color:white; font-size: 35px;"">君子</p>","positive","moral","君子",4,695,695,"e","true",NA,NA,NA,NA,"phase_015_subj_26"
16654,448,14,"<p style=""color:rgb(150, 250, 100); font-size: 35px;"">本人</p>","self","moral","本人",4,977,977,"i","true",NA,NA,NA,NA,"phase_015_subj_26"
16655,448,14,"<p style=""color:white; font-size: 35px;"">黑心</p>","negative","moral","黑心",4,633,633,"i","true",NA,NA,NA,NA,"phase_015_subj_26"
16656,448,14,"<p style=""color:rgb(150, 250, 100); font-size: 35px;"">本人的</p>","self","moral","本人的",4,816,816,"i","true",NA,NA,NA,NA,"phase_015_subj_26"
16657,448,14,"<p style=""color:white; font-size: 35px;"">缺德</p>","negative","moral","缺德",4,920,920,"i","true",NA,NA,NA,NA,"phase_015_subj_26"
16658,448,14,"<p style=""color:rgb(150, 250, 100); font-size: 35px;"">他人</p>","other","moral","他人",4,856,856,"e","true",NA,NA,NA,NA,"phase_015_subj_26"
16659,448,14,"<p style=""color:white; font-size: 35px;"">高尚</p>","positive","moral","高尚",4,720,720,"e","true",NA,NA,NA,NA,"phase_015_subj_26"
16660,448,14,"<p style=""color:rgb(150, 250, 100); font-size: 35px;"">自己</p>","self","moral","自己",4,1239,1239,"i","true",NA,NA,NA,NA,"phase_015_subj_26"
16661,448,14,"<p style=""color:white; font-size: 35px;"">小人</p>","negative","moral","小人",4,759,759,"i","true",NA,NA,NA,NA,"phase_015_subj_26"
16662,448,14,"<p style=""color:rgb(150, 250, 100); font-size: 35px;"">他</p>","other","moral","他",4,810,810,"e","true",NA,NA,NA,NA,"phase_015_subj_26"
16663,448,14,"<p style=""color:white; font-size: 35px;"">廉正</p>","positive","moral","廉正",4,671,671,"e","true",NA,NA,NA,NA,"phase_015_subj_26"
16664,448,14,"<p style=""color:rgb(150, 250, 100); font-size: 35px;"">他的</p>","other","moral","他的",4,705,705,"e","true",NA,NA,NA,NA,"phase_015_subj_26"
16665,448,14,"<p style=""color:white; font-size: 35px;"">不仁</p>","negative","moral","不仁",4,783,783,"i","true",NA,NA,NA,NA,"phase_015_subj_26"
16666,448,14,"<p style=""color:rgb(150, 250, 100); font-size: 35px;"">本人的</p>","self","moral","本人的",4,922,922,"i","true",NA,NA,NA,NA,"phase_015_subj_26"
16667,448,14,"<p style=""color:white; font-size: 35px;"">善良</p>","positive","moral","善良",4,2067,2067,"e","true",NA,NA,NA,NA,"phase_015_subj_26"
16668,448,14,"<p style=""color:rgb(150, 250, 100); font-size: 35px;"">我</p>","self","moral","我",4,1271,1271,"i","true",NA,NA,NA,NA,"phase_015_subj_26"
16669,448,14,"<p style=""color:white; font-size: 35px;"">缺德</p>","negative","moral","缺德",4,1579,1579,"i","true",NA,NA,NA,NA,"phase_015_subj_26"
16670,448,14,"<p style=""color:rgb(150, 250, 100); font-size: 35px;"">别人</p>","other","moral","别人",4,1122,1122,"e","true",NA,NA,NA,NA,"phase_015_subj_26"
16671,448,14,"<p style=""color:white; font-size: 35px;"">正直</p>","positive","moral","正直",4,968,968,"e","true",NA,NA,NA,NA,"phase_015_subj_26"
16672,448,14,"<p style=""color:rgb(150, 250, 100); font-size: 35px;"">自己</p>","self","moral","自己",4,808,808,"i","true",NA,NA,NA,NA,"phase_015_subj_26"
16673,448,14,"<p style=""color:white; font-size: 35px;"">正直</p>","positive","moral","正直",4,1031,1031,"e","true",NA,NA,NA,NA,"phase_015_subj_26"
16674,448,14,"<p style=""color:rgb(150, 250, 100); font-size: 35px;"">别人的</p>","other","moral","别人的",4,1315,1315,"e","true",NA,NA,NA,NA,"phase_015_subj_26"
16675,448,14,"<p style=""color:white; font-size: 35px;"">不仁</p>","negative","moral","不仁",4,1017,1017,"i","true",NA,NA,NA,NA,"phase_015_subj_26"
16676,448,14,"<p style=""color:rgb(150, 250, 100); font-size: 35px;"">他的</p>","other","moral","他的",4,1036,1036,"e","true",NA,NA,NA,NA,"phase_015_subj_26"
16677,448,14,"<p style=""color:white; font-size: 35px;"">君子</p>","positive","moral","君子",4,784,784,"e","true",NA,NA,NA,NA,"phase_015_subj_26"
16678,448,14,"<p style=""color:rgb(150, 250, 100); font-size: 35px;"">我</p>","self","moral","我",4,960,1644.63043478261,"e","false",NA,NA,NA,NA,"phase_015_subj_26"
16679,448,14,"<p style=""color:white; font-size: 35px;"">不孝</p>","negative","moral","不孝",4,2434,2434,"i","true",NA,NA,NA,NA,"phase_015_subj_26"
16680,448,14,"<p style=""color:rgb(150, 250, 100); font-size: 35px;"">他人的</p>","other","moral","他人的",4,955,955,"e","true",NA,NA,NA,NA,"phase_015_subj_26"
16681,448,14,"<p style=""color:white; font-size: 35px;"">高尚</p>","positive","moral","高尚",4,1704,1704,"e","true",NA,NA,NA,NA,"phase_015_subj_26"
16682,448,14,"<p style=""color:rgb(150, 250, 100); font-size: 35px;"">本人</p>","self","moral","本人",4,857,857,"i","true",NA,NA,NA,NA,"phase_015_subj_26"
16683,448,14,"<p style=""color:white; font-size: 35px;"">卑鄙</p>","negative","moral","卑鄙",4,856,856,"i","true",NA,NA,NA,NA,"phase_015_subj_26"
16684,448,14,"<p style=""color:rgb(150, 250, 100); font-size: 35px;"">自己的</p>","self","moral","自己的",4,698,698,"i","true",NA,NA,NA,NA,"phase_015_subj_26"
16685,448,14,"<p style=""color:white; font-size: 35px;"">小人</p>","negative","moral","小人",4,930,930,"i","true",NA,NA,NA,NA,"phase_015_subj_26"
16686,448,14,"<p style=""color:rgb(150, 250, 100); font-size: 35px;"">别人</p>","other","moral","别人",4,889,1644.63043478261,"i","false",NA,NA,NA,NA,"phase_015_subj_26"
16687,448,14,"<p style=""color:white; font-size: 35px;"">廉正</p>","positive","moral","廉正",4,1746,1746,"e","true",NA,NA,NA,NA,"phase_015_subj_26"
16688,448,14,"<p style=""color:rgb(150, 250, 100); font-size: 35px;"">我的</p>","self","moral","我的",4,1002,1002,"i","true",NA,NA,NA,NA,"phase_015_subj_26"
16689,448,14,"<p style=""color:white; font-size: 35px;"">黑心</p>","negative","moral","黑心",4,1075,1075,"i","true",NA,NA,NA,NA,"phase_015_subj_26"
16690,448,14,"<p style=""color:rgb(150, 250, 100); font-size: 35px;"">他人</p>","other","moral","他人",4,928,928,"e","true",NA,NA,NA,NA,"phase_015_subj_26"
16691,448,14,"<p style=""color:white; font-size: 35px;"">诚信</p>","positive","moral","诚信",4,1216,1216,"e","true",NA,NA,NA,NA,"phase_015_subj_26"
16692,448,14,"<p style=""color:rgb(150, 250, 100); font-size: 35px;"">他人的</p>","other","moral","他人的",4,825,825,"e","true",NA,NA,NA,NA,"phase_015_subj_26"
16693,448,14,"<p style=""color:white; font-size: 35px;"">卑鄙</p>","negative","moral","卑鄙",4,1359,1359,"i","true",NA,NA,NA,NA,"phase_015_subj_26"
16694,448,14,"<p style=""color:rgb(150, 250, 100); font-size: 35px;"">自己的</p>","self","moral","自己的",4,842,842,"i","true",NA,NA,NA,NA,"phase_015_subj_26"
16695,448,14,"<p style=""color:white; font-size: 35px;"">善良</p>","positive","moral","善良",4,1551,1551,"e","true",NA,NA,NA,NA,"phase_015_subj_26"
16696,448,15,"<p style=""color:rgb(150, 250, 100); font-size: 35px;"">我的</p>","self","moral","我的",5,1066,1066,"e","true",NA,NA,NA,NA,"phase_015_subj_26"
16697,448,15,"<p style=""color:rgb(150, 250, 100); font-size: 35px;"">自己</p>","self","moral","自己",5,824,824,"e","true",NA,NA,NA,NA,"phase_015_subj_26"
16698,448,15,"<p style=""color:rgb(150, 250, 100); font-size: 35px;"">他人的</p>","other","moral","他人的",5,993,993,"i","true",NA,NA,NA,NA,"phase_015_subj_26"
16699,448,15,"<p style=""color:rgb(150, 250, 100); font-size: 35px;"">自己的</p>","self","moral","自己的",5,907,907,"e","true",NA,NA,NA,NA,"phase_015_subj_26"
16700,448,15,"<p style=""color:rgb(150, 250, 100); font-size: 35px;"">他人的</p>","other","moral","他人的",5,1112,1112,"i","true",NA,NA,NA,NA,"phase_015_subj_26"
16701,448,15,"<p style=""color:rgb(150, 250, 100); font-size: 35px;"">他人</p>","other","moral","他人",5,763,763,"i","true",NA,NA,NA,NA,"phase_015_subj_26"
16702,448,15,"<p style=""color:rgb(150, 250, 100); font-size: 35px;"">本人</p>","self","moral","本人",5,754,754,"e","true",NA,NA,NA,NA,"phase_015_subj_26"
16703,448,15,"<p style=""color:rgb(150, 250, 100); font-size: 35px;"">我</p>","self","moral","我",5,704,704,"e","true",NA,NA,NA,NA,"phase_015_subj_26"
16704,448,15,"<p style=""color:rgb(150, 250, 100); font-size: 35px;"">他</p>","other","moral","他",5,650,650,"i","true",NA,NA,NA,NA,"phase_015_subj_26"
16705,448,15,"<p style=""color:rgb(150, 250, 100); font-size: 35px;"">我的</p>","self","moral","我的",5,706,706,"e","true",NA,NA,NA,NA,"phase_015_subj_26"
16706,448,15,"<p style=""color:rgb(150, 250, 100); font-size: 35px;"">他的</p>","other","moral","他的",5,704,704,"i","true",NA,NA,NA,NA,"phase_015_subj_26"
16707,448,15,"<p style=""color:rgb(150, 250, 100); font-size: 35px;"">别人的</p>","other","moral","别人的",5,1010,1010,"i","true",NA,NA,NA,NA,"phase_015_subj_26"
16708,448,15,"<p style=""color:rgb(150, 250, 100); font-size: 35px;"">别人</p>","other","moral","别人",5,810,810,"i","true",NA,NA,NA,NA,"phase_015_subj_26"
16709,448,15,"<p style=""color:rgb(150, 250, 100); font-size: 35px;"">本人</p>","self","moral","本人",5,704,704,"e","true",NA,NA,NA,NA,"phase_015_subj_26"
16710,448,15,"<p style=""color:rgb(150, 250, 100); font-size: 35px;"">他</p>","other","moral","他",5,744,744,"e","false",NA,NA,NA,NA,"phase_015_subj_26"
16711,448,15,"<p style=""color:rgb(150, 250, 100); font-size: 35px;"">他人</p>","other","moral","他人",5,787,787,"i","true",NA,NA,NA,NA,"phase_015_subj_26"
16712,448,15,"<p style=""color:rgb(150, 250, 100); font-size: 35px;"">自己</p>","self","moral","自己",5,1049,1049,"e","true",NA,NA,NA,NA,"phase_015_subj_26"
16713,448,15,"<p style=""color:rgb(150, 250, 100); font-size: 35px;"">别人的</p>","other","moral","别人的",5,816,816,"i","true",NA,NA,NA,NA,"phase_015_subj_26"
16714,448,15,"<p style=""color:rgb(150, 250, 100); font-size: 35px;"">本人的</p>","self","moral","本人的",5,945,945,"e","true",NA,NA,NA,NA,"phase_015_subj_26"
16715,448,15,"<p style=""color:rgb(150, 250, 100); font-size: 35px;"">我</p>","self","moral","我",5,833,833,"e","true",NA,NA,NA,NA,"phase_015_subj_26"
16716,448,15,"<p style=""color:rgb(150, 250, 100); font-size: 35px;"">本人的</p>","self","moral","本人的",5,834,834,"e","true",NA,NA,NA,NA,"phase_015_subj_26"
16717,448,15,"<p style=""color:rgb(150, 250, 100); font-size: 35px;"">自己的</p>","self","moral","自己的",5,1112,1112,"e","true",NA,NA,NA,NA,"phase_015_subj_26"
16718,448,15,"<p style=""color:rgb(150, 250, 100); font-size: 35px;"">别人</p>","other","moral","别人",5,729,729,"i","true",NA,NA,NA,NA,"phase_015_subj_26"
16719,448,15,"<p style=""color:rgb(150, 250, 100); font-size: 35px;"">他的</p>","other","moral","他的",5,722,722,"i","true",NA,NA,NA,NA,"phase_015_subj_26"
16720,448,16,"<p style=""color:white; font-size: 35px;"">高尚</p>","positive","moral","高尚",6,962,962,"e","true",NA,NA,NA,NA,"phase_015_subj_26"
16721,448,16,"<p style=""color:rgb(150, 250, 100); font-size: 35px;"">别人的</p>","other","moral","别人的",6,1113,1113,"i","true",NA,NA,NA,NA,"phase_015_subj_26"
16722,448,16,"<p style=""color:white; font-size: 35px;"">黑心</p>","negative","moral","黑心",6,729,729,"i","true",NA,NA,NA,NA,"phase_015_subj_26"
16723,448,16,"<p style=""color:rgb(150, 250, 100); font-size: 35px;"">自己的</p>","self","moral","自己的",6,1081,1081,"e","true",NA,NA,NA,NA,"phase_015_subj_26"
16724,448,16,"<p style=""color:white; font-size: 35px;"">缺德</p>","negative","moral","缺德",6,953,953,"i","true",NA,NA,NA,NA,"phase_015_subj_26"
16725,448,16,"<p style=""color:rgb(150, 250, 100); font-size: 35px;"">他人的</p>","other","moral","他人的",6,824,824,"i","true",NA,NA,NA,NA,"phase_015_subj_26"
16726,448,16,"<p style=""color:white; font-size: 35px;"">君子</p>","positive","moral","君子",6,1320,1320,"e","true",NA,NA,NA,NA,"phase_015_subj_26"
16727,448,16,"<p style=""color:rgb(150, 250, 100); font-size: 35px;"">自己</p>","self","moral","自己",6,752,752,"e","true",NA,NA,NA,NA,"phase_015_subj_26"
16728,448,16,"<p style=""color:white; font-size: 35px;"">卑鄙</p>","negative","moral","卑鄙",6,785,785,"i","true",NA,NA,NA,NA,"phase_015_subj_26"
16729,448,16,"<p style=""color:rgb(150, 250, 100); font-size: 35px;"">本人的</p>","self","moral","本人的",6,1464,1464,"e","true",NA,NA,NA,NA,"phase_015_subj_26"
16730,448,16,"<p style=""color:white; font-size: 35px;"">廉正</p>","positive","moral","廉正",6,1067,1067,"e","true",NA,NA,NA,NA,"phase_015_subj_26"
16731,448,16,"<p style=""color:rgb(150, 250, 100); font-size: 35px;"">他人</p>","other","moral","他人",6,1009,1009,"i","true",NA,NA,NA,NA,"phase_015_subj_26"
16732,448,16,"<p style=""color:white; font-size: 35px;"">不仁</p>","negative","moral","不仁",6,834,834,"i","true",NA,NA,NA,NA,"phase_015_subj_26"
16733,448,16,"<p style=""color:rgb(150, 250, 100); font-size: 35px;"">我</p>","self","moral","我",6,824,824,"e","true",NA,NA,NA,NA,"phase_015_subj_26"
16734,448,16,"<p style=""color:white; font-size: 35px;"">善良</p>","positive","moral","善良",6,1240,1240,"e","true",NA,NA,NA,NA,"phase_015_subj_26"
16735,448,16,"<p style=""color:rgb(150, 250, 100); font-size: 35px;"">他的</p>","other","moral","他的",6,1029,1029,"i","true",NA,NA,NA,NA,"phase_015_subj_26"
16736,448,16,"<p style=""color:white; font-size: 35px;"">小人</p>","negative","moral","小人",6,875,875,"i","true",NA,NA,NA,NA,"phase_015_subj_26"
16737,448,16,"<p style=""color:rgb(150, 250, 100); font-size: 35px;"">别人</p>","other","moral","别人",6,1112,1112,"i","true",NA,NA,NA,NA,"phase_015_subj_26"
16738,448,16,"<p style=""color:white; font-size: 35px;"">正直</p>","positive","moral","正直",6,826,826,"e","true",NA,NA,NA,NA,"phase_015_subj_26"
16739,448,16,"<p style=""color:rgb(150, 250, 100); font-size: 35px;"">我的</p>","self","moral","我的",6,706,706,"e","true",NA,NA,NA,NA,"phase_015_subj_26"
16740,448,16,"<p style=""color:white; font-size: 35px;"">诚信</p>","positive","moral","诚信",6,912,912,"e","true",NA,NA,NA,NA,"phase_015_subj_26"
16741,448,16,"<p style=""color:rgb(150, 250, 100); font-size: 35px;"">他</p>","other","moral","他",6,642,1587.30434782609,"e","false",NA,NA,NA,NA,"phase_015_subj_26"
16742,448,16,"<p style=""color:white; font-size: 35px;"">不孝</p>","negative","moral","不孝",6,1179,1179,"i","true",NA,NA,NA,NA,"phase_015_subj_26"
16743,448,16,"<p style=""color:rgb(150, 250, 100); font-size: 35px;"">本人</p>","self","moral","本人",6,1112,1112,"e","true",NA,NA,NA,NA,"phase_015_subj_26"
16744,448,17,"<p style=""color:white; font-size: 35px;"">小人</p>","negative","moral","小人",7,1130,1130,"i","true",NA,NA,NA,NA,"phase_015_subj_26"
16745,448,17,"<p style=""color:rgb(150, 250, 100); font-size: 35px;"">他</p>","other","moral","他",7,616,616,"i","true",NA,NA,NA,NA,"phase_015_subj_26"
16746,448,17,"<p style=""color:white; font-size: 35px;"">诚信</p>","positive","moral","诚信",7,1022,1022,"e","true",NA,NA,NA,NA,"phase_015_subj_26"
16747,448,17,"<p style=""color:rgb(150, 250, 100); font-size: 35px;"">本人的</p>","self","moral","本人的",7,784,784,"e","true",NA,NA,NA,NA,"phase_015_subj_26"
16748,448,17,"<p style=""color:white; font-size: 35px;"">诚信</p>","positive","moral","诚信",7,595,595,"e","true",NA,NA,NA,NA,"phase_015_subj_26"
16749,448,17,"<p style=""color:rgb(150, 250, 100); font-size: 35px;"">本人</p>","self","moral","本人",7,600,600,"e","true",NA,NA,NA,NA,"phase_015_subj_26"
16750,448,17,"<p style=""color:white; font-size: 35px;"">小人</p>","negative","moral","小人",7,832,832,"i","true",NA,NA,NA,NA,"phase_015_subj_26"
16751,448,17,"<p style=""color:rgb(150, 250, 100); font-size: 35px;"">别人</p>","other","moral","别人",7,1081,1081,"i","true",NA,NA,NA,NA,"phase_015_subj_26"
16752,448,17,"<p style=""color:white; font-size: 35px;"">缺德</p>","negative","moral","缺德",7,624,624,"i","true",NA,NA,NA,NA,"phase_015_subj_26"
16753,448,17,"<p style=""color:rgb(150, 250, 100); font-size: 35px;"">我</p>","self","moral","我",7,880,880,"e","true",NA,NA,NA,NA,"phase_015_subj_26"
16754,448,17,"<p style=""color:white; font-size: 35px;"">正直</p>","positive","moral","正直",7,657,657,"e","true",NA,NA,NA,NA,"phase_015_subj_26"
16755,448,17,"<p style=""color:rgb(150, 250, 100); font-size: 35px;"">别人</p>","other","moral","别人",7,736,736,"i","true",NA,NA,NA,NA,"phase_015_subj_26"
16756,448,17,"<p style=""color:white; font-size: 35px;"">君子</p>","positive","moral","君子",7,1283,1283,"e","true",NA,NA,NA,NA,"phase_015_subj_26"
16757,448,17,"<p style=""color:rgb(150, 250, 100); font-size: 35px;"">我</p>","self","moral","我",7,984,984,"e","true",NA,NA,NA,NA,"phase_015_subj_26"
16758,448,17,"<p style=""color:white; font-size: 35px;"">不孝</p>","negative","moral","不孝",7,841,841,"i","true",NA,NA,NA,NA,"phase_015_subj_26"
16759,448,17,"<p style=""color:rgb(150, 250, 100); font-size: 35px;"">别人的</p>","other","moral","别人的",7,1137,1137,"i","true",NA,NA,NA,NA,"phase_015_subj_26"
16760,448,17,"<p style=""color:white; font-size: 35px;"">高尚</p>","positive","moral","高尚",7,922,922,"e","true",NA,NA,NA,NA,"phase_015_subj_26"
16761,448,17,"<p style=""color:rgb(150, 250, 100); font-size: 35px;"">他人</p>","other","moral","他人",7,857,857,"i","true",NA,NA,NA,NA,"phase_015_subj_26"
16762,448,17,"<p style=""color:white; font-size: 35px;"">黑心</p>","negative","moral","黑心",7,834,834,"i","true",NA,NA,NA,NA,"phase_015_subj_26"
16763,448,17,"<p style=""color:rgb(150, 250, 100); font-size: 35px;"">自己</p>","self","moral","自己",7,734,734,"e","true",NA,NA,NA,NA,"phase_015_subj_26"
16764,448,17,"<p style=""color:white; font-size: 35px;"">缺德</p>","negative","moral","缺德",7,840,840,"i","true",NA,NA,NA,NA,"phase_015_subj_26"
16765,448,17,"<p style=""color:rgb(150, 250, 100); font-size: 35px;"">自己的</p>","self","moral","自己的",7,1026,1026,"e","true",NA,NA,NA,NA,"phase_015_subj_26"
16766,448,17,"<p style=""color:white; font-size: 35px;"">高尚</p>","positive","moral","高尚",7,952,952,"e","true",NA,NA,NA,NA,"phase_015_subj_26"
16767,448,17,"<p style=""color:rgb(150, 250, 100); font-size: 35px;"">他人的</p>","other","moral","他人的",7,816,816,"i","true",NA,NA,NA,NA,"phase_015_subj_26"
16768,448,17,"<p style=""color:white; font-size: 35px;"">不孝</p>","negative","moral","不孝",7,849,849,"i","true",NA,NA,NA,NA,"phase_015_subj_26"
16769,448,17,"<p style=""color:rgb(150, 250, 100); font-size: 35px;"">本人的</p>","self","moral","本人的",7,689,689,"e","true",NA,NA,NA,NA,"phase_015_subj_26"
16770,448,17,"<p style=""color:white; font-size: 35px;"">正直</p>","positive","moral","正直",7,1024,1024,"e","true",NA,NA,NA,NA,"phase_015_subj_26"
16771,448,17,"<p style=""color:rgb(150, 250, 100); font-size: 35px;"">他的</p>","other","moral","他的",7,944,944,"i","true",NA,NA,NA,NA,"phase_015_subj_26"
16772,448,17,"<p style=""color:white; font-size: 35px;"">善良</p>","positive","moral","善良",7,1824,1824,"e","true",NA,NA,NA,NA,"phase_015_subj_26"
16773,448,17,"<p style=""color:rgb(150, 250, 100); font-size: 35px;"">他人</p>","other","moral","他人",7,768,768,"i","true",NA,NA,NA,NA,"phase_015_subj_26"
16774,448,17,"<p style=""color:white; font-size: 35px;"">卑鄙</p>","negative","moral","卑鄙",7,633,633,"i","true",NA,NA,NA,NA,"phase_015_subj_26"
16775,448,17,"<p style=""color:rgb(150, 250, 100); font-size: 35px;"">我的</p>","self","moral","我的",7,745,745,"e","true",NA,NA,NA,NA,"phase_015_subj_26"
16776,448,17,"<p style=""color:white; font-size: 35px;"">君子</p>","positive","moral","君子",7,953,953,"e","true",NA,NA,NA,NA,"phase_015_subj_26"
16777,448,17,"<p style=""color:rgb(150, 250, 100); font-size: 35px;"">我的</p>","self","moral","我的",7,523,523,"e","true",NA,NA,NA,NA,"phase_015_subj_26"
16778,448,17,"<p style=""color:white; font-size: 35px;"">不仁</p>","negative","moral","不仁",7,583,583,"i","true",NA,NA,NA,NA,"phase_015_subj_26"
16779,448,17,"<p style=""color:rgb(150, 250, 100); font-size: 35px;"">他人的</p>","other","moral","他人的",7,1120,1120,"i","true",NA,NA,NA,NA,"phase_015_subj_26"
16780,448,17,"<p style=""color:white; font-size: 35px;"">廉正</p>","positive","moral","廉正",7,917,917,"e","true",NA,NA,NA,NA,"phase_015_subj_26"
16781,448,17,"<p style=""color:rgb(150, 250, 100); font-size: 35px;"">他的</p>","other","moral","他的",7,911,911,"i","true",NA,NA,NA,NA,"phase_015_subj_26"
16782,448,17,"<p style=""color:white; font-size: 35px;"">不仁</p>","negative","moral","不仁",7,912,912,"i","true",NA,NA,NA,NA,"phase_015_subj_26"
16783,448,17,"<p style=""color:rgb(150, 250, 100); font-size: 35px;"">本人</p>","self","moral","本人",7,840,840,"e","true",NA,NA,NA,NA,"phase_015_subj_26"
16784,448,17,"<p style=""color:white; font-size: 35px;"">黑心</p>","negative","moral","黑心",7,1032,1032,"i","true",NA,NA,NA,NA,"phase_015_subj_26"
16785,448,17,"<p style=""color:rgb(150, 250, 100); font-size: 35px;"">别人的</p>","other","moral","别人的",7,950,950,"i","true",NA,NA,NA,NA,"phase_015_subj_26"
16786,448,17,"<p style=""color:white; font-size: 35px;"">廉正</p>","positive","moral","廉正",7,986,986,"e","true",NA,NA,NA,NA,"phase_015_subj_26"
16787,448,17,"<p style=""color:rgb(150, 250, 100); font-size: 35px;"">自己的</p>","self","moral","自己的",7,1009,1009,"e","true",NA,NA,NA,NA,"phase_015_subj_26"
16788,448,17,"<p style=""color:white; font-size: 35px;"">善良</p>","positive","moral","善良",7,866,866,"e","true",NA,NA,NA,NA,"phase_015_subj_26"
16789,448,17,"<p style=""color:rgb(150, 250, 100); font-size: 35px;"">自己</p>","self","moral","自己",7,690,690,"e","true",NA,NA,NA,NA,"phase_015_subj_26"
16790,448,17,"<p style=""color:white; font-size: 35px;"">卑鄙</p>","negative","moral","卑鄙",7,544,544,"i","true",NA,NA,NA,NA,"phase_015_subj_26"
16791,448,17,"<p style=""color:rgb(150, 250, 100); font-size: 35px;"">他</p>","other","moral","他",7,936,936,"i","true",NA,NA,NA,NA,"phase_015_subj_26"
16792,448,NA,"
    <h3>词语分类任务</h3>
    <p>在接下来的任务中，你需要对一系列词语进行分类。</p>
    <p>请先熟悉这些词语，这有利于你完成接下来的任务。</p>
    <table align=""center"" border=1 cellpadding=3 cellspacing=0>
    <tr> <th>类别</th> <th>词语</th> </tr>
    <tr> <td>&emsp;积极&emsp;</td> <td>&emsp;能干、全能、全才、高效、精干、天才&emsp;</td> </tr>
    <tr> <td>&emsp;消极&emsp;</td> <td>&emsp;无能、低能、废物、拙笨、愚钝、蠢笨&emsp;</td> </tr>
    <tr> <td>&emsp;自我&emsp;</td> <td>&emsp;我、我的、自己、自己的、本人、本人的&emsp;</td> </tr>
    <tr> <td>&emsp;他人&emsp;</td> <td>&emsp;他、他的、别人、别人的、他人、他人的&emsp;</td> </tr>
    </table><br/>","","","",NA,10734,NA,"0","",1,2,NA,NA,"phase_015_subj_26"
16793,448,1,"<p style=""color:rgb(150, 250, 100); font-size: 35px;"">他人的</p>","other","ability","他人的",1,833,833,"e","true",NA,NA,NA,NA,"phase_015_subj_26"
16794,448,1,"<p style=""color:rgb(150, 250, 100); font-size: 35px;"">自己</p>","self","ability","自己",1,787,787,"i","true",NA,NA,NA,NA,"phase_015_subj_26"
16795,448,1,"<p style=""color:rgb(150, 250, 100); font-size: 35px;"">自己的</p>","self","ability","自己的",1,645,645,"i","true",NA,NA,NA,NA,"phase_015_subj_26"
16796,448,1,"<p style=""color:rgb(150, 250, 100); font-size: 35px;"">本人的</p>","self","ability","本人的",1,754,754,"i","true",NA,NA,NA,NA,"phase_015_subj_26"
16797,448,1,"<p style=""color:rgb(150, 250, 100); font-size: 35px;"">他</p>","other","ability","他",1,665,665,"e","true",NA,NA,NA,NA,"phase_015_subj_26"
16798,448,1,"<p style=""color:rgb(150, 250, 100); font-size: 35px;"">别人的</p>","other","ability","别人的",1,688,688,"i","false",NA,NA,NA,NA,"phase_015_subj_26"
16799,448,1,"<p style=""color:rgb(150, 250, 100); font-size: 35px;"">我</p>","self","ability","我",1,723,723,"i","true",NA,NA,NA,NA,"phase_015_subj_26"
16800,448,1,"<p style=""color:rgb(150, 250, 100); font-size: 35px;"">我的</p>","self","ability","我的",1,569,569,"i","true",NA,NA,NA,NA,"phase_015_subj_26"
16801,448,1,"<p style=""color:rgb(150, 250, 100); font-size: 35px;"">本人</p>","self","ability","本人",1,618,618,"i","true",NA,NA,NA,NA,"phase_015_subj_26"
16802,448,1,"<p style=""color:rgb(150, 250, 100); font-size: 35px;"">他人</p>","other","ability","他人",1,729,729,"e","true",NA,NA,NA,NA,"phase_015_subj_26"
16803,448,1,"<p style=""color:rgb(150, 250, 100); font-size: 35px;"">他的</p>","other","ability","他的",1,545,545,"e","true",NA,NA,NA,NA,"phase_015_subj_26"
16804,448,1,"<p style=""color:rgb(150, 250, 100); font-size: 35px;"">别人</p>","other","ability","别人",1,993,993,"e","true",NA,NA,NA,NA,"phase_015_subj_26"
16805,448,2,"<p style=""color:white; font-size: 35px;"">全能</p>","positive","ability","全能",2,1067,1067,"e","true",NA,NA,NA,NA,"phase_015_subj_26"
16806,448,2,"<p style=""color:white; font-size: 35px;"">低能</p>","negative","ability","低能",2,880,880,"i","true",NA,NA,NA,NA,"phase_015_subj_26"
16807,448,2,"<p style=""color:white; font-size: 35px;"">精干</p>","positive","ability","精干",2,833,833,"e","true",NA,NA,NA,NA,"phase_015_subj_26"
16808,448,2,"<p style=""color:white; font-size: 35px;"">天才</p>","positive","ability","天才",2,970,970,"e","true",NA,NA,NA,NA,"phase_015_subj_26"
16809,448,2,"<p style=""color:white; font-size: 35px;"">全才</p>","positive","ability","全才",2,904,904,"e","true",NA,NA,NA,NA,"phase_015_subj_26"
16810,448,2,"<p style=""color:white; font-size: 35px;"">愚钝</p>","negative","ability","愚钝",2,842,842,"i","true",NA,NA,NA,NA,"phase_015_subj_26"
16811,448,2,"<p style=""color:white; font-size: 35px;"">高效</p>","positive","ability","高效",2,1191,1191,"e","true",NA,NA,NA,NA,"phase_015_subj_26"
16812,448,2,"<p style=""color:white; font-size: 35px;"">废物</p>","negative","ability","废物",2,769,769,"i","true",NA,NA,NA,NA,"phase_015_subj_26"
16813,448,2,"<p style=""color:white; font-size: 35px;"">能干</p>","positive","ability","能干",2,930,930,"e","true",NA,NA,NA,NA,"phase_015_subj_26"
16814,448,2,"<p style=""color:white; font-size: 35px;"">蠢笨</p>","negative","ability","蠢笨",2,658,658,"i","true",NA,NA,NA,NA,"phase_015_subj_26"
16815,448,2,"<p style=""color:white; font-size: 35px;"">无能</p>","negative","ability","无能",2,928,928,"i","true",NA,NA,NA,NA,"phase_015_subj_26"
16816,448,2,"<p style=""color:white; font-size: 35px;"">拙笨</p>","negative","ability","拙笨",2,670,670,"i","true",NA,NA,NA,NA,"phase_015_subj_26"
16817,448,3,"<p style=""color:rgb(150, 250, 100); font-size: 35px;"">我的</p>","self","ability","我的",3,2857,2857,"i","true",NA,NA,NA,NA,"phase_015_subj_26"
16818,448,3,"<p style=""color:white; font-size: 35px;"">全能</p>","positive","ability","全能",3,1304,1304,"e","true",NA,NA,NA,NA,"phase_015_subj_26"
16819,448,3,"<p style=""color:rgb(150, 250, 100); font-size: 35px;"">他的</p>","other","ability","他的",3,705,705,"e","true",NA,NA,NA,NA,"phase_015_subj_26"
16820,448,3,"<p style=""color:white; font-size: 35px;"">拙笨</p>","negative","ability","拙笨",3,2095,2095,"i","true",NA,NA,NA,NA,"phase_015_subj_26"
16821,448,3,"<p style=""color:rgb(150, 250, 100); font-size: 35px;"">别人的</p>","other","ability","别人的",3,1945,1945,"e","true",NA,NA,NA,NA,"phase_015_subj_26"
16822,448,3,"<p style=""color:white; font-size: 35px;"">废物</p>","negative","ability","废物",3,999,999,"i","true",NA,NA,NA,NA,"phase_015_subj_26"
16823,448,3,"<p style=""color:rgb(150, 250, 100); font-size: 35px;"">自己</p>","self","ability","自己",3,1569,1569,"i","true",NA,NA,NA,NA,"phase_015_subj_26"
16824,448,3,"<p style=""color:white; font-size: 35px;"">能干</p>","positive","ability","能干",3,929,929,"e","true",NA,NA,NA,NA,"phase_015_subj_26"
16825,448,3,"<p style=""color:rgb(150, 250, 100); font-size: 35px;"">别人</p>","other","ability","别人",3,1377,1377,"e","true",NA,NA,NA,NA,"phase_015_subj_26"
16826,448,3,"<p style=""color:white; font-size: 35px;"">全才</p>","positive","ability","全才",3,1072,1072,"e","true",NA,NA,NA,NA,"phase_015_subj_26"
16827,448,3,"<p style=""color:rgb(150, 250, 100); font-size: 35px;"">本人</p>","self","ability","本人",3,795,1821.39130434783,"e","false",NA,NA,NA,NA,"phase_015_subj_26"
16828,448,3,"<p style=""color:white; font-size: 35px;"">无能</p>","negative","ability","无能",3,843,843,"i","true",NA,NA,NA,NA,"phase_015_subj_26"
16829,448,3,"<p style=""color:rgb(150, 250, 100); font-size: 35px;"">我</p>","self","ability","我",3,743,743,"i","true",NA,NA,NA,NA,"phase_015_subj_26"
16830,448,3,"<p style=""color:white; font-size: 35px;"">蠢笨</p>","negative","ability","蠢笨",3,793,793,"i","true",NA,NA,NA,NA,"phase_015_subj_26"
16831,448,3,"<p style=""color:rgb(150, 250, 100); font-size: 35px;"">他人</p>","other","ability","他人",3,776,776,"e","true",NA,NA,NA,NA,"phase_015_subj_26"
16832,448,3,"<p style=""color:white; font-size: 35px;"">高效</p>","positive","ability","高效",3,725,725,"e","true",NA,NA,NA,NA,"phase_015_subj_26"
16833,448,3,"<p style=""color:rgb(150, 250, 100); font-size: 35px;"">本人的</p>","self","ability","本人的",3,956,956,"i","true",NA,NA,NA,NA,"phase_015_subj_26"
16834,448,3,"<p style=""color:white; font-size: 35px;"">天才</p>","positive","ability","天才",3,1411,1411,"e","true",NA,NA,NA,NA,"phase_015_subj_26"
16835,448,3,"<p style=""color:rgb(150, 250, 100); font-size: 35px;"">他</p>","other","ability","他",3,961,961,"e","true",NA,NA,NA,NA,"phase_015_subj_26"
16836,448,3,"<p style=""color:white; font-size: 35px;"">愚钝</p>","negative","ability","愚钝",3,993,993,"i","true",NA,NA,NA,NA,"phase_015_subj_26"
16837,448,3,"<p style=""color:rgb(150, 250, 100); font-size: 35px;"">自己的</p>","self","ability","自己的",3,808,808,"i","true",NA,NA,NA,NA,"phase_015_subj_26"
16838,448,3,"<p style=""color:white; font-size: 35px;"">精干</p>","positive","ability","精干",3,1416,1416,"e","true",NA,NA,NA,NA,"phase_015_subj_26"
16839,448,3,"<p style=""color:rgb(150, 250, 100); font-size: 35px;"">他人的</p>","other","ability","他人的",3,871,871,"e","true",NA,NA,NA,NA,"phase_015_subj_26"
16840,448,3,"<p style=""color:white; font-size: 35px;"">低能</p>","negative","ability","低能",3,1944,1944,"i","true",NA,NA,NA,NA,"phase_015_subj_26"
16841,448,4,"<p style=""color:rgb(150, 250, 100); font-size: 35px;"">自己</p>","self","ability","自己",4,1050,1050,"i","true",NA,NA,NA,NA,"phase_015_subj_26"
16842,448,4,"<p style=""color:white; font-size: 35px;"">废物</p>","negative","ability","废物",4,673,673,"i","true",NA,NA,NA,NA,"phase_015_subj_26"
16843,448,4,"<p style=""color:rgb(150, 250, 100); font-size: 35px;"">他的</p>","other","ability","他的",4,1177,1177,"e","true",NA,NA,NA,NA,"phase_015_subj_26"
16844,448,4,"<p style=""color:white; font-size: 35px;"">全才</p>","positive","ability","全才",4,896,896,"e","true",NA,NA,NA,NA,"phase_015_subj_26"
16845,448,4,"<p style=""color:rgb(150, 250, 100); font-size: 35px;"">自己的</p>","self","ability","自己的",4,951,951,"i","true",NA,NA,NA,NA,"phase_015_subj_26"
16846,448,4,"<p style=""color:white; font-size: 35px;"">拙笨</p>","negative","ability","拙笨",4,866,866,"i","true",NA,NA,NA,NA,"phase_015_subj_26"
16847,448,4,"<p style=""color:rgb(150, 250, 100); font-size: 35px;"">别人的</p>","other","ability","别人的",4,691,691,"e","true",NA,NA,NA,NA,"phase_015_subj_26"
16848,448,4,"<p style=""color:white; font-size: 35px;"">能干</p>","positive","ability","能干",4,897,897,"e","true",NA,NA,NA,NA,"phase_015_subj_26"
16849,448,4,"<p style=""color:rgb(150, 250, 100); font-size: 35px;"">他人的</p>","other","ability","他人的",4,746,746,"e","true",NA,NA,NA,NA,"phase_015_subj_26"
16850,448,4,"<p style=""color:white; font-size: 35px;"">废物</p>","negative","ability","废物",4,993,993,"i","true",NA,NA,NA,NA,"phase_015_subj_26"
16851,448,4,"<p style=""color:rgb(150, 250, 100); font-size: 35px;"">我</p>","self","ability","我",4,1248,1248,"i","true",NA,NA,NA,NA,"phase_015_subj_26"
16852,448,4,"<p style=""color:white; font-size: 35px;"">能干</p>","positive","ability","能干",4,864,864,"e","true",NA,NA,NA,NA,"phase_015_subj_26"
16853,448,4,"<p style=""color:rgb(150, 250, 100); font-size: 35px;"">他</p>","other","ability","他",4,703,703,"e","true",NA,NA,NA,NA,"phase_015_subj_26"
16854,448,4,"<p style=""color:white; font-size: 35px;"">精干</p>","positive","ability","精干",4,695,695,"e","true",NA,NA,NA,NA,"phase_015_subj_26"
16855,448,4,"<p style=""color:rgb(150, 250, 100); font-size: 35px;"">我的</p>","self","ability","我的",4,841,841,"i","true",NA,NA,NA,NA,"phase_015_subj_26"
16856,448,4,"<p style=""color:white; font-size: 35px;"">愚钝</p>","negative","ability","愚钝",4,850,850,"i","true",NA,NA,NA,NA,"phase_015_subj_26"
16857,448,4,"<p style=""color:rgb(150, 250, 100); font-size: 35px;"">自己的</p>","self","ability","自己的",4,696,696,"i","true",NA,NA,NA,NA,"phase_015_subj_26"
16858,448,4,"<p style=""color:white; font-size: 35px;"">拙笨</p>","negative","ability","拙笨",4,825,825,"i","true",NA,NA,NA,NA,"phase_015_subj_26"
16859,448,4,"<p style=""color:rgb(150, 250, 100); font-size: 35px;"">他</p>","other","ability","他",4,730,730,"e","true",NA,NA,NA,NA,"phase_015_subj_26"
16860,448,4,"<p style=""color:white; font-size: 35px;"">天才</p>","positive","ability","天才",4,903,903,"e","true",NA,NA,NA,NA,"phase_015_subj_26"
16861,448,4,"<p style=""color:rgb(150, 250, 100); font-size: 35px;"">我</p>","self","ability","我",4,848,848,"i","true",NA,NA,NA,NA,"phase_015_subj_26"
16862,448,4,"<p style=""color:white; font-size: 35px;"">愚钝</p>","negative","ability","愚钝",4,641,641,"i","true",NA,NA,NA,NA,"phase_015_subj_26"
16863,448,4,"<p style=""color:rgb(150, 250, 100); font-size: 35px;"">别人</p>","other","ability","别人",4,1049,1049,"e","true",NA,NA,NA,NA,"phase_015_subj_26"
16864,448,4,"<p style=""color:white; font-size: 35px;"">精干</p>","positive","ability","精干",4,954,954,"e","true",NA,NA,NA,NA,"phase_015_subj_26"
16865,448,4,"<p style=""color:rgb(150, 250, 100); font-size: 35px;"">我的</p>","self","ability","我的",4,681,681,"i","true",NA,NA,NA,NA,"phase_015_subj_26"
16866,448,4,"<p style=""color:white; font-size: 35px;"">高效</p>","positive","ability","高效",4,1056,1056,"e","true",NA,NA,NA,NA,"phase_015_subj_26"
16867,448,4,"<p style=""color:rgb(150, 250, 100); font-size: 35px;"">他的</p>","other","ability","他的",4,863,1522.19565217391,"i","false",NA,NA,NA,NA,"phase_015_subj_26"
16868,448,4,"<p style=""color:white; font-size: 35px;"">蠢笨</p>","negative","ability","蠢笨",4,1540,1540,"i","true",NA,NA,NA,NA,"phase_015_subj_26"
16869,448,4,"<p style=""color:rgb(150, 250, 100); font-size: 35px;"">本人</p>","self","ability","本人",4,768,768,"i","true",NA,NA,NA,NA,"phase_015_subj_26"
16870,448,4,"<p style=""color:white; font-size: 35px;"">无能</p>","negative","ability","无能",4,690,690,"i","true",NA,NA,NA,NA,"phase_015_subj_26"
16871,448,4,"<p style=""color:rgb(150, 250, 100); font-size: 35px;"">别人的</p>","other","ability","别人的",4,840,840,"e","true",NA,NA,NA,NA,"phase_015_subj_26"
16872,448,4,"<p style=""color:white; font-size: 35px;"">全能</p>","positive","ability","全能",4,772,772,"e","true",NA,NA,NA,NA,"phase_015_subj_26"
16873,448,4,"<p style=""color:rgb(150, 250, 100); font-size: 35px;"">本人的</p>","self","ability","本人的",4,889,889,"i","true",NA,NA,NA,NA,"phase_015_subj_26"
16874,448,4,"<p style=""color:white; font-size: 35px;"">低能</p>","negative","ability","低能",4,945,945,"i","true",NA,NA,NA,NA,"phase_015_subj_26"
16875,448,4,"<p style=""color:rgb(150, 250, 100); font-size: 35px;"">别人</p>","other","ability","别人",4,801,801,"e","true",NA,NA,NA,NA,"phase_015_subj_26"
16876,448,4,"<p style=""color:white; font-size: 35px;"">高效</p>","positive","ability","高效",4,904,904,"e","true",NA,NA,NA,NA,"phase_015_subj_26"
16877,448,4,"<p style=""color:rgb(150, 250, 100); font-size: 35px;"">本人</p>","self","ability","本人",4,841,841,"i","true",NA,NA,NA,NA,"phase_015_subj_26"
16878,448,4,"<p style=""color:white; font-size: 35px;"">全才</p>","positive","ability","全才",4,1103,1522.19565217391,"i","false",NA,NA,NA,NA,"phase_015_subj_26"
16879,448,4,"<p style=""color:rgb(150, 250, 100); font-size: 35px;"">他人</p>","other","ability","他人",4,1643,1643,"e","true",NA,NA,NA,NA,"phase_015_subj_26"
16880,448,4,"<p style=""color:white; font-size: 35px;"">无能</p>","negative","ability","无能",4,938,938,"i","true",NA,NA,NA,NA,"phase_015_subj_26"
16881,448,4,"<p style=""color:rgb(150, 250, 100); font-size: 35px;"">他人的</p>","other","ability","他人的",4,974,974,"e","true",NA,NA,NA,NA,"phase_015_subj_26"
16882,448,4,"<p style=""color:white; font-size: 35px;"">低能</p>","negative","ability","低能",4,713,713,"i","true",NA,NA,NA,NA,"phase_015_subj_26"
16883,448,4,"<p style=""color:rgb(150, 250, 100); font-size: 35px;"">自己</p>","self","ability","自己",4,1344,1344,"i","true",NA,NA,NA,NA,"phase_015_subj_26"
16884,448,4,"<p style=""color:white; font-size: 35px;"">全能</p>","positive","ability","全能",4,1391,1391,"e","true",NA,NA,NA,NA,"phase_015_subj_26"
16885,448,4,"<p style=""color:rgb(150, 250, 100); font-size: 35px;"">本人的</p>","self","ability","本人的",4,1001,1001,"i","true",NA,NA,NA,NA,"phase_015_subj_26"
16886,448,4,"<p style=""color:white; font-size: 35px;"">天才</p>","positive","ability","天才",4,1063,1063,"e","true",NA,NA,NA,NA,"phase_015_subj_26"
16887,448,4,"<p style=""color:rgb(150, 250, 100); font-size: 35px;"">他人</p>","other","ability","他人",4,1064,1064,"e","true",NA,NA,NA,NA,"phase_015_subj_26"
16888,448,4,"<p style=""color:white; font-size: 35px;"">蠢笨</p>","negative","ability","蠢笨",4,776,776,"i","true",NA,NA,NA,NA,"phase_015_subj_26"
16889,448,5,"<p style=""color:rgb(150, 250, 100); font-size: 35px;"">别人</p>","other","ability","别人",5,1385,1385,"i","true",NA,NA,NA,NA,"phase_015_subj_26"
16890,448,5,"<p style=""color:rgb(150, 250, 100); font-size: 35px;"">本人</p>","self","ability","本人",5,929,929,"e","true",NA,NA,NA,NA,"phase_015_subj_26"
16891,448,5,"<p style=""color:rgb(150, 250, 100); font-size: 35px;"">他</p>","other","ability","他",5,784,784,"i","true",NA,NA,NA,NA,"phase_015_subj_26"
16892,448,5,"<p style=""color:rgb(150, 250, 100); font-size: 35px;"">自己的</p>","self","ability","自己的",5,792,792,"e","true",NA,NA,NA,NA,"phase_015_subj_26"
16893,448,5,"<p style=""color:rgb(150, 250, 100); font-size: 35px;"">别人</p>","other","ability","别人",5,810,810,"i","true",NA,NA,NA,NA,"phase_015_subj_26"
16894,448,5,"<p style=""color:rgb(150, 250, 100); font-size: 35px;"">他的</p>","other","ability","他的",5,816,816,"i","true",NA,NA,NA,NA,"phase_015_subj_26"
16895,448,5,"<p style=""color:rgb(150, 250, 100); font-size: 35px;"">本人的</p>","self","ability","本人的",5,1712,1712,"e","true",NA,NA,NA,NA,"phase_015_subj_26"
16896,448,5,"<p style=""color:rgb(150, 250, 100); font-size: 35px;"">我</p>","self","ability","我",5,682,682,"e","true",NA,NA,NA,NA,"phase_015_subj_26"
16897,448,5,"<p style=""color:rgb(150, 250, 100); font-size: 35px;"">本人的</p>","self","ability","本人的",5,625,625,"e","true",NA,NA,NA,NA,"phase_015_subj_26"
16898,448,5,"<p style=""color:rgb(150, 250, 100); font-size: 35px;"">我的</p>","self","ability","我的",5,776,776,"e","true",NA,NA,NA,NA,"phase_015_subj_26"
16899,448,5,"<p style=""color:rgb(150, 250, 100); font-size: 35px;"">自己</p>","self","ability","自己",5,821,821,"e","true",NA,NA,NA,NA,"phase_015_subj_26"
16900,448,5,"<p style=""color:rgb(150, 250, 100); font-size: 35px;"">他人</p>","other","ability","他人",5,1040,1040,"i","true",NA,NA,NA,NA,"phase_015_subj_26"
16901,448,5,"<p style=""color:rgb(150, 250, 100); font-size: 35px;"">我的</p>","self","ability","我的",5,808,808,"e","true",NA,NA,NA,NA,"phase_015_subj_26"
16902,448,5,"<p style=""color:rgb(150, 250, 100); font-size: 35px;"">他人</p>","other","ability","他人",5,784,784,"i","true",NA,NA,NA,NA,"phase_015_subj_26"
16903,448,5,"<p style=""color:rgb(150, 250, 100); font-size: 35px;"">我</p>","self","ability","我",5,841,841,"e","true",NA,NA,NA,NA,"phase_015_subj_26"
16904,448,5,"<p style=""color:rgb(150, 250, 100); font-size: 35px;"">自己</p>","self","ability","自己",5,753,753,"e","true",NA,NA,NA,NA,"phase_015_subj_26"
16905,448,5,"<p style=""color:rgb(150, 250, 100); font-size: 35px;"">他人的</p>","other","ability","他人的",5,553,553,"i","true",NA,NA,NA,NA,"phase_015_subj_26"
16906,448,5,"<p style=""color:rgb(150, 250, 100); font-size: 35px;"">别人的</p>","other","ability","别人的",5,778,778,"i","true",NA,NA,NA,NA,"phase_015_subj_26"
16907,448,5,"<p style=""color:rgb(150, 250, 100); font-size: 35px;"">他的</p>","other","ability","他的",5,736,736,"e","false",NA,NA,NA,NA,"phase_015_subj_26"
16908,448,5,"<p style=""color:rgb(150, 250, 100); font-size: 35px;"">他</p>","other","ability","他",5,547,547,"i","true",NA,NA,NA,NA,"phase_015_subj_26"
16909,448,5,"<p style=""color:rgb(150, 250, 100); font-size: 35px;"">他人的</p>","other","ability","他人的",5,534,534,"i","true",NA,NA,NA,NA,"phase_015_subj_26"
16910,448,5,"<p style=""color:rgb(150, 250, 100); font-size: 35px;"">自己的</p>","self","ability","自己的",5,699,699,"e","true",NA,NA,NA,NA,"phase_015_subj_26"
16911,448,5,"<p style=""color:rgb(150, 250, 100); font-size: 35px;"">别人的</p>","other","ability","别人的",5,736,736,"i","true",NA,NA,NA,NA,"phase_015_subj_26"
16912,448,5,"<p style=""color:rgb(150, 250, 100); font-size: 35px;"">本人</p>","self","ability","本人",5,809,809,"e","true",NA,NA,NA,NA,"phase_015_subj_26"
16913,448,6,"<p style=""color:white; font-size: 35px;"">全才</p>","positive","ability","全才",6,1401,1401,"e","true",NA,NA,NA,NA,"phase_015_subj_26"
16914,448,6,"<p style=""color:rgb(150, 250, 100); font-size: 35px;"">他</p>","other","ability","他",6,879,879,"i","true",NA,NA,NA,NA,"phase_015_subj_26"
16915,448,6,"<p style=""color:white; font-size: 35px;"">拙笨</p>","negative","ability","拙笨",6,656,656,"i","true",NA,NA,NA,NA,"phase_015_subj_26"
16916,448,6,"<p style=""color:rgb(150, 250, 100); font-size: 35px;"">自己的</p>","self","ability","自己的",6,768,768,"e","true",NA,NA,NA,NA,"phase_015_subj_26"
16917,448,6,"<p style=""color:white; font-size: 35px;"">废物</p>","negative","ability","废物",6,819,819,"i","true",NA,NA,NA,NA,"phase_015_subj_26"
16918,448,6,"<p style=""color:rgb(150, 250, 100); font-size: 35px;"">我的</p>","self","ability","我的",6,843,843,"e","true",NA,NA,NA,NA,"phase_015_subj_26"
16919,448,6,"<p style=""color:white; font-size: 35px;"">精干</p>","positive","ability","精干",6,792,792,"e","true",NA,NA,NA,NA,"phase_015_subj_26"
16920,448,6,"<p style=""color:rgb(150, 250, 100); font-size: 35px;"">他的</p>","other","ability","他的",6,746,746,"i","true",NA,NA,NA,NA,"phase_015_subj_26"
16921,448,6,"<p style=""color:white; font-size: 35px;"">高效</p>","positive","ability","高效",6,1464,1464,"e","true",NA,NA,NA,NA,"phase_015_subj_26"
16922,448,6,"<p style=""color:rgb(150, 250, 100); font-size: 35px;"">别人的</p>","other","ability","别人的",6,848,848,"i","true",NA,NA,NA,NA,"phase_015_subj_26"
16923,448,6,"<p style=""color:white; font-size: 35px;"">蠢笨</p>","negative","ability","蠢笨",6,561,561,"i","true",NA,NA,NA,NA,"phase_015_subj_26"
16924,448,6,"<p style=""color:rgb(150, 250, 100); font-size: 35px;"">本人</p>","self","ability","本人",6,903,903,"e","true",NA,NA,NA,NA,"phase_015_subj_26"
16925,448,6,"<p style=""color:white; font-size: 35px;"">天才</p>","positive","ability","天才",6,587,587,"e","true",NA,NA,NA,NA,"phase_015_subj_26"
16926,448,6,"<p style=""color:rgb(150, 250, 100); font-size: 35px;"">我</p>","self","ability","我",6,713,713,"e","true",NA,NA,NA,NA,"phase_015_subj_26"
16927,448,6,"<p style=""color:white; font-size: 35px;"">愚钝</p>","negative","ability","愚钝",6,720,720,"i","true",NA,NA,NA,NA,"phase_015_subj_26"
16928,448,6,"<p style=""color:rgb(150, 250, 100); font-size: 35px;"">别人</p>","other","ability","别人",6,736,736,"i","true",NA,NA,NA,NA,"phase_015_subj_26"
16929,448,6,"<p style=""color:white; font-size: 35px;"">低能</p>","negative","ability","低能",6,872,872,"i","true",NA,NA,NA,NA,"phase_015_subj_26"
16930,448,6,"<p style=""color:rgb(150, 250, 100); font-size: 35px;"">他人的</p>","other","ability","他人的",6,651,651,"i","true",NA,NA,NA,NA,"phase_015_subj_26"
16931,448,6,"<p style=""color:white; font-size: 35px;"">全能</p>","positive","ability","全能",6,755,755,"e","true",NA,NA,NA,NA,"phase_015_subj_26"
16932,448,6,"<p style=""color:rgb(150, 250, 100); font-size: 35px;"">自己</p>","self","ability","自己",6,783,783,"e","true",NA,NA,NA,NA,"phase_015_subj_26"
16933,448,6,"<p style=""color:white; font-size: 35px;"">能干</p>","positive","ability","能干",6,936,936,"e","true",NA,NA,NA,NA,"phase_015_subj_26"
16934,448,6,"<p style=""color:rgb(150, 250, 100); font-size: 35px;"">他人</p>","other","ability","他人",6,800,800,"i","true",NA,NA,NA,NA,"phase_015_subj_26"
16935,448,6,"<p style=""color:white; font-size: 35px;"">无能</p>","negative","ability","无能",6,680,680,"i","true",NA,NA,NA,NA,"phase_015_subj_26"
16936,448,6,"<p style=""color:rgb(150, 250, 100); font-size: 35px;"">本人的</p>","self","ability","本人的",6,840,840,"e","true",NA,NA,NA,NA,"phase_015_subj_26"
16937,448,7,"<p style=""color:white; font-size: 35px;"">精干</p>","positive","ability","精干",7,1057,1057,"e","true",NA,NA,NA,NA,"phase_015_subj_26"
16938,448,7,"<p style=""color:rgb(150, 250, 100); font-size: 35px;"">别人的</p>","other","ability","别人的",7,704,704,"i","true",NA,NA,NA,NA,"phase_015_subj_26"
16939,448,7,"<p style=""color:white; font-size: 35px;"">拙笨</p>","negative","ability","拙笨",7,1008,1008,"i","true",NA,NA,NA,NA,"phase_015_subj_26"
16940,448,7,"<p style=""color:rgb(150, 250, 100); font-size: 35px;"">本人</p>","self","ability","本人",7,678,678,"e","true",NA,NA,NA,NA,"phase_015_subj_26"
16941,448,7,"<p style=""color:white; font-size: 35px;"">废物</p>","negative","ability","废物",7,850,850,"i","true",NA,NA,NA,NA,"phase_015_subj_26"
16942,448,7,"<p style=""color:rgb(150, 250, 100); font-size: 35px;"">本人的</p>","self","ability","本人的",7,947,947,"e","true",NA,NA,NA,NA,"phase_015_subj_26"
16943,448,7,"<p style=""color:white; font-size: 35px;"">全能</p>","positive","ability","全能",7,866,866,"e","true",NA,NA,NA,NA,"phase_015_subj_26"
16944,448,7,"<p style=""color:rgb(150, 250, 100); font-size: 35px;"">他</p>","other","ability","他",7,754,754,"i","true",NA,NA,NA,NA,"phase_015_subj_26"
16945,448,7,"<p style=""color:white; font-size: 35px;"">高效</p>","positive","ability","高效",7,769,769,"e","true",NA,NA,NA,NA,"phase_015_subj_26"
16946,448,7,"<p style=""color:rgb(150, 250, 100); font-size: 35px;"">他人</p>","other","ability","他人",7,760,760,"i","true",NA,NA,NA,NA,"phase_015_subj_26"
16947,448,7,"<p style=""color:white; font-size: 35px;"">低能</p>","negative","ability","低能",7,656,656,"i","true",NA,NA,NA,NA,"phase_015_subj_26"
16948,448,7,"<p style=""color:rgb(150, 250, 100); font-size: 35px;"">我的</p>","self","ability","我的",7,743,743,"e","true",NA,NA,NA,NA,"phase_015_subj_26"
16949,448,7,"<p style=""color:white; font-size: 35px;"">天才</p>","positive","ability","天才",7,1427,1427,"e","true",NA,NA,NA,NA,"phase_015_subj_26"
16950,448,7,"<p style=""color:rgb(150, 250, 100); font-size: 35px;"">别人</p>","other","ability","别人",7,1360,1360,"i","true",NA,NA,NA,NA,"phase_015_subj_26"
16951,448,7,"<p style=""color:white; font-size: 35px;"">愚钝</p>","negative","ability","愚钝",7,744,744,"i","true",NA,NA,NA,NA,"phase_015_subj_26"
16952,448,7,"<p style=""color:rgb(150, 250, 100); font-size: 35px;"">自己</p>","self","ability","自己",7,896,896,"e","true",NA,NA,NA,NA,"phase_015_subj_26"
16953,448,7,"<p style=""color:white; font-size: 35px;"">愚钝</p>","negative","ability","愚钝",7,968,968,"i","true",NA,NA,NA,NA,"phase_015_subj_26"
16954,448,7,"<p style=""color:rgb(150, 250, 100); font-size: 35px;"">自己的</p>","self","ability","自己的",7,711,711,"e","true",NA,NA,NA,NA,"phase_015_subj_26"
16955,448,7,"<p style=""color:white; font-size: 35px;"">高效</p>","positive","ability","高效",7,1040,1040,"e","true",NA,NA,NA,NA,"phase_015_subj_26"
16956,448,7,"<p style=""color:rgb(150, 250, 100); font-size: 35px;"">别人的</p>","other","ability","别人的",7,1374,1374,"i","true",NA,NA,NA,NA,"phase_015_subj_26"
16957,448,7,"<p style=""color:white; font-size: 35px;"">天才</p>","positive","ability","天才",7,824,824,"e","true",NA,NA,NA,NA,"phase_015_subj_26"
16958,448,7,"<p style=""color:rgb(150, 250, 100); font-size: 35px;"">他</p>","other","ability","他",7,944,944,"i","true",NA,NA,NA,NA,"phase_015_subj_26"
16959,448,7,"<p style=""color:white; font-size: 35px;"">拙笨</p>","negative","ability","拙笨",7,936,936,"i","true",NA,NA,NA,NA,"phase_015_subj_26"
16960,448,7,"<p style=""color:rgb(150, 250, 100); font-size: 35px;"">自己的</p>","self","ability","自己的",7,1055,1055,"e","true",NA,NA,NA,NA,"phase_015_subj_26"
16961,448,7,"<p style=""color:white; font-size: 35px;"">无能</p>","negative","ability","无能",7,1016,1016,"i","true",NA,NA,NA,NA,"phase_015_subj_26"
16962,448,7,"<p style=""color:rgb(150, 250, 100); font-size: 35px;"">本人的</p>","self","ability","本人的",7,757,757,"e","true",NA,NA,NA,NA,"phase_015_subj_26"
16963,448,7,"<p style=""color:white; font-size: 35px;"">全能</p>","positive","ability","全能",7,552,552,"e","true",NA,NA,NA,NA,"phase_015_subj_26"
16964,448,7,"<p style=""color:rgb(150, 250, 100); font-size: 35px;"">他的</p>","other","ability","他的",7,834,834,"i","true",NA,NA,NA,NA,"phase_015_subj_26"
16965,448,7,"<p style=""color:white; font-size: 35px;"">无能</p>","negative","ability","无能",7,937,937,"i","true",NA,NA,NA,NA,"phase_015_subj_26"
16966,448,7,"<p style=""color:rgb(150, 250, 100); font-size: 35px;"">本人</p>","self","ability","本人",7,779,779,"e","true",NA,NA,NA,NA,"phase_015_subj_26"
16967,448,7,"<p style=""color:white; font-size: 35px;"">全才</p>","positive","ability","全才",7,765,765,"e","true",NA,NA,NA,NA,"phase_015_subj_26"
16968,448,7,"<p style=""color:rgb(150, 250, 100); font-size: 35px;"">别人</p>","other","ability","别人",7,904,904,"i","true",NA,NA,NA,NA,"phase_015_subj_26"
16969,448,7,"<p style=""color:white; font-size: 35px;"">精干</p>","positive","ability","精干",7,1327,1327,"e","true",NA,NA,NA,NA,"phase_015_subj_26"
16970,448,7,"<p style=""color:rgb(150, 250, 100); font-size: 35px;"">我</p>","self","ability","我",7,792,792,"e","true",NA,NA,NA,NA,"phase_015_subj_26"
16971,448,7,"<p style=""color:white; font-size: 35px;"">蠢笨</p>","negative","ability","蠢笨",7,752,752,"i","true",NA,NA,NA,NA,"phase_015_subj_26"
16972,448,7,"<p style=""color:rgb(150, 250, 100); font-size: 35px;"">他人</p>","other","ability","他人",7,1200,1200,"i","true",NA,NA,NA,NA,"phase_015_subj_26"
16973,448,7,"<p style=""color:white; font-size: 35px;"">低能</p>","negative","ability","低能",7,792,792,"i","true",NA,NA,NA,NA,"phase_015_subj_26"
16974,448,7,"<p style=""color:rgb(150, 250, 100); font-size: 35px;"">他人的</p>","other","ability","他人的",7,672,672,"i","true",NA,NA,NA,NA,"phase_015_subj_26"
16975,448,7,"<p style=""color:white; font-size: 35px;"">能干</p>","positive","ability","能干",7,880,880,"e","true",NA,NA,NA,NA,"phase_015_subj_26"
16976,448,7,"<p style=""color:rgb(150, 250, 100); font-size: 35px;"">我</p>","self","ability","我",7,881,881,"e","true",NA,NA,NA,NA,"phase_015_subj_26"
16977,448,7,"<p style=""color:white; font-size: 35px;"">能干</p>","positive","ability","能干",7,635,635,"e","true",NA,NA,NA,NA,"phase_015_subj_26"
16978,448,7,"<p style=""color:rgb(150, 250, 100); font-size: 35px;"">他人的</p>","other","ability","他人的",7,842,842,"i","true",NA,NA,NA,NA,"phase_015_subj_26"
16979,448,7,"<p style=""color:white; font-size: 35px;"">蠢笨</p>","negative","ability","蠢笨",7,599,599,"i","true",NA,NA,NA,NA,"phase_015_subj_26"
16980,448,7,"<p style=""color:rgb(150, 250, 100); font-size: 35px;"">自己</p>","self","ability","自己",7,752,752,"e","true",NA,NA,NA,NA,"phase_015_subj_26"
16981,448,7,"<p style=""color:white; font-size: 35px;"">全才</p>","positive","ability","全才",7,792,792,"e","true",NA,NA,NA,NA,"phase_015_subj_26"
16982,448,7,"<p style=""color:rgb(150, 250, 100); font-size: 35px;"">我的</p>","self","ability","我的",7,699,699,"e","true",NA,NA,NA,NA,"phase_015_subj_26"
16983,448,7,"<p style=""color:white; font-size: 35px;"">废物</p>","negative","ability","废物",7,993,993,"i","true",NA,NA,NA,NA,"phase_015_subj_26"
16984,448,7,"<p style=""color:rgb(150, 250, 100); font-size: 35px;"">他的</p>","other","ability","他的",7,553,553,"i","true",NA,NA,NA,NA,"phase_015_subj_26"
17371,25,NA,"
    <h3>词语分类任务</h3>
    <p>在接下来的任务中，你需要对一系列词语进行分类。</p>
    <p>请先熟悉这些词语，这有利于你完成接下来的任务。</p>
    <table align=""center"" border=1 cellpadding=3 cellspacing=0>
    <tr> <th>类别</th> <th>词语</th> </tr>
    <tr> <td>&emsp;积极&emsp;</td> <td>&emsp;能干、全能、全才、高效、精干、天才&emsp;</td> </tr>
    <tr> <td>&emsp;消极&emsp;</td> <td>&emsp;无能、低能、废物、拙笨、愚钝、蠢笨&emsp;</td> </tr>
    <tr> <td>&emsp;自我&emsp;</td> <td>&emsp;我、我的、自己、自己的、本人、本人的&emsp;</td> </tr>
    <tr> <td>&emsp;他人&emsp;</td> <td>&emsp;他、他的、别人、别人的、他人、他人的&emsp;</td> </tr>
    </table><br/>","","","",NA,52818,NA,"0","",2,1,NA,NA,"phase_015_subj_5"
17372,25,1,"<p style=""color:rgb(150, 250, 100); font-size: 35px;"">本人</p>","self","ability","本人",1,1342,1342,"e","true",NA,NA,NA,NA,"phase_015_subj_5"
17373,25,1,"<p style=""color:rgb(150, 250, 100); font-size: 35px;"">自己</p>","self","ability","自己",1,2302,2302,"e","true",NA,NA,NA,NA,"phase_015_subj_5"
17374,25,1,"<p style=""color:rgb(150, 250, 100); font-size: 35px;"">他的</p>","other","ability","他的",1,708,708,"i","true",NA,NA,NA,NA,"phase_015_subj_5"
17375,25,1,"<p style=""color:rgb(150, 250, 100); font-size: 35px;"">本人的</p>","self","ability","本人的",1,697,697,"e","true",NA,NA,NA,NA,"phase_015_subj_5"
17376,25,1,"<p style=""color:rgb(150, 250, 100); font-size: 35px;"">他人</p>","other","ability","他人",1,633,633,"i","true",NA,NA,NA,NA,"phase_015_subj_5"
17377,25,1,"<p style=""color:rgb(150, 250, 100); font-size: 35px;"">他人的</p>","other","ability","他人的",1,896,896,"i","true",NA,NA,NA,NA,"phase_015_subj_5"
17378,25,1,"<p style=""color:rgb(150, 250, 100); font-size: 35px;"">我</p>","self","ability","我",1,686,686,"e","true",NA,NA,NA,NA,"phase_015_subj_5"
17379,25,1,"<p style=""color:rgb(150, 250, 100); font-size: 35px;"">别人的</p>","other","ability","别人的",1,784,784,"i","true",NA,NA,NA,NA,"phase_015_subj_5"
17380,25,1,"<p style=""color:rgb(150, 250, 100); font-size: 35px;"">他</p>","other","ability","他",1,638,638,"i","true",NA,NA,NA,NA,"phase_015_subj_5"
17381,25,1,"<p style=""color:rgb(150, 250, 100); font-size: 35px;"">自己的</p>","self","ability","自己的",1,695,695,"e","true",NA,NA,NA,NA,"phase_015_subj_5"
17382,25,1,"<p style=""color:rgb(150, 250, 100); font-size: 35px;"">别人</p>","other","ability","别人",1,1537,1537,"i","true",NA,NA,NA,NA,"phase_015_subj_5"
17383,25,1,"<p style=""color:rgb(150, 250, 100); font-size: 35px;"">我的</p>","self","ability","我的",1,765,765,"e","true",NA,NA,NA,NA,"phase_015_subj_5"
17384,25,2,"<p style=""color:white; font-size: 35px;"">天才</p>","positive","ability","天才",2,1948,1948,"i","true",NA,NA,NA,NA,"phase_015_subj_5"
17385,25,2,"<p style=""color:white; font-size: 35px;"">能干</p>","positive","ability","能干",2,1312,1312,"e","false",NA,NA,NA,NA,"phase_015_subj_5"
17386,25,2,"<p style=""color:white; font-size: 35px;"">低能</p>","negative","ability","低能",2,1083,1083,"e","true",NA,NA,NA,NA,"phase_015_subj_5"
17387,25,2,"<p style=""color:white; font-size: 35px;"">愚钝</p>","negative","ability","愚钝",2,804,804,"e","true",NA,NA,NA,NA,"phase_015_subj_5"
17388,25,2,"<p style=""color:white; font-size: 35px;"">全能</p>","positive","ability","全能",2,1183,1183,"i","true",NA,NA,NA,NA,"phase_015_subj_5"
17389,25,2,"<p style=""color:white; font-size: 35px;"">全才</p>","positive","ability","全才",2,906,906,"i","true",NA,NA,NA,NA,"phase_015_subj_5"
17390,25,2,"<p style=""color:white; font-size: 35px;"">精干</p>","positive","ability","精干",2,861,861,"i","true",NA,NA,NA,NA,"phase_015_subj_5"
17391,25,2,"<p style=""color:white; font-size: 35px;"">拙笨</p>","negative","ability","拙笨",2,639,639,"e","true",NA,NA,NA,NA,"phase_015_subj_5"
17392,25,2,"<p style=""color:white; font-size: 35px;"">高效</p>","positive","ability","高效",2,777,777,"i","true",NA,NA,NA,NA,"phase_015_subj_5"
17393,25,2,"<p style=""color:white; font-size: 35px;"">废物</p>","negative","ability","废物",2,1013,1013,"e","true",NA,NA,NA,NA,"phase_015_subj_5"
17394,25,2,"<p style=""color:white; font-size: 35px;"">蠢笨</p>","negative","ability","蠢笨",2,733,733,"e","true",NA,NA,NA,NA,"phase_015_subj_5"
17395,25,2,"<p style=""color:white; font-size: 35px;"">无能</p>","negative","ability","无能",2,1449,1449,"i","false",NA,NA,NA,NA,"phase_015_subj_5"
17396,25,3,"<p style=""color:rgb(150, 250, 100); font-size: 35px;"">他人</p>","other","ability","他人",3,1769,1769,"i","true",NA,NA,NA,NA,"phase_015_subj_5"
17397,25,3,"<p style=""color:white; font-size: 35px;"">能干</p>","positive","ability","能干",3,747,747,"i","true",NA,NA,NA,NA,"phase_015_subj_5"
17398,25,3,"<p style=""color:rgb(150, 250, 100); font-size: 35px;"">本人的</p>","self","ability","本人的",3,711,711,"e","true",NA,NA,NA,NA,"phase_015_subj_5"
17399,25,3,"<p style=""color:white; font-size: 35px;"">废物</p>","negative","ability","废物",3,630,630,"e","true",NA,NA,NA,NA,"phase_015_subj_5"
17400,25,3,"<p style=""color:rgb(150, 250, 100); font-size: 35px;"">他人的</p>","other","ability","他人的",3,636,636,"i","true",NA,NA,NA,NA,"phase_015_subj_5"
17401,25,3,"<p style=""color:white; font-size: 35px;"">全能</p>","positive","ability","全能",3,1030,1030,"i","true",NA,NA,NA,NA,"phase_015_subj_5"
17402,25,3,"<p style=""color:rgb(150, 250, 100); font-size: 35px;"">我</p>","self","ability","我",3,654,654,"e","true",NA,NA,NA,NA,"phase_015_subj_5"
17403,25,3,"<p style=""color:white; font-size: 35px;"">蠢笨</p>","negative","ability","蠢笨",3,796,796,"e","true",NA,NA,NA,NA,"phase_015_subj_5"
17404,25,3,"<p style=""color:rgb(150, 250, 100); font-size: 35px;"">他</p>","other","ability","他",3,661,661,"i","true",NA,NA,NA,NA,"phase_015_subj_5"
17405,25,3,"<p style=""color:white; font-size: 35px;"">拙笨</p>","negative","ability","拙笨",3,1520,1520,"e","true",NA,NA,NA,NA,"phase_015_subj_5"
17406,25,3,"<p style=""color:rgb(150, 250, 100); font-size: 35px;"">自己</p>","self","ability","自己",3,688,688,"e","true",NA,NA,NA,NA,"phase_015_subj_5"
17407,25,3,"<p style=""color:white; font-size: 35px;"">天才</p>","positive","ability","天才",3,744,744,"i","true",NA,NA,NA,NA,"phase_015_subj_5"
17408,25,3,"<p style=""color:rgb(150, 250, 100); font-size: 35px;"">自己的</p>","self","ability","自己的",3,684,684,"e","true",NA,NA,NA,NA,"phase_015_subj_5"
17409,25,3,"<p style=""color:white; font-size: 35px;"">愚钝</p>","negative","ability","愚钝",3,1152,1152,"e","true",NA,NA,NA,NA,"phase_015_subj_5"
17410,25,3,"<p style=""color:rgb(150, 250, 100); font-size: 35px;"">别人</p>","other","ability","别人",3,671,671,"i","true",NA,NA,NA,NA,"phase_015_subj_5"
17411,25,3,"<p style=""color:white; font-size: 35px;"">精干</p>","positive","ability","精干",3,914,914,"i","true",NA,NA,NA,NA,"phase_015_subj_5"
17412,25,3,"<p style=""color:rgb(150, 250, 100); font-size: 35px;"">别人的</p>","other","ability","别人的",3,633,633,"i","true",NA,NA,NA,NA,"phase_015_subj_5"
17413,25,3,"<p style=""color:white; font-size: 35px;"">高效</p>","positive","ability","高效",3,985,985,"i","true",NA,NA,NA,NA,"phase_015_subj_5"
17414,25,3,"<p style=""color:rgb(150, 250, 100); font-size: 35px;"">我的</p>","self","ability","我的",3,638,638,"e","true",NA,NA,NA,NA,"phase_015_subj_5"
17415,25,3,"<p style=""color:white; font-size: 35px;"">低能</p>","negative","ability","低能",3,723,723,"e","true",NA,NA,NA,NA,"phase_015_subj_5"
17416,25,3,"<p style=""color:rgb(150, 250, 100); font-size: 35px;"">他的</p>","other","ability","他的",3,700,700,"i","true",NA,NA,NA,NA,"phase_015_subj_5"
17417,25,3,"<p style=""color:white; font-size: 35px;"">无能</p>","negative","ability","无能",3,1278,1278,"e","true",NA,NA,NA,NA,"phase_015_subj_5"
17418,25,3,"<p style=""color:rgb(150, 250, 100); font-size: 35px;"">本人</p>","self","ability","本人",3,658,658,"e","true",NA,NA,NA,NA,"phase_015_subj_5"
17419,25,3,"<p style=""color:white; font-size: 35px;"">全才</p>","positive","ability","全才",3,813,813,"i","true",NA,NA,NA,NA,"phase_015_subj_5"
17420,25,4,"<p style=""color:rgb(150, 250, 100); font-size: 35px;"">本人的</p>","self","ability","本人的",4,896,896,"e","true",NA,NA,NA,NA,"phase_015_subj_5"
17421,25,4,"<p style=""color:white; font-size: 35px;"">废物</p>","negative","ability","废物",4,811,811,"e","true",NA,NA,NA,NA,"phase_015_subj_5"
17422,25,4,"<p style=""color:rgb(150, 250, 100); font-size: 35px;"">别人</p>","other","ability","别人",4,664,664,"i","true",NA,NA,NA,NA,"phase_015_subj_5"
17423,25,4,"<p style=""color:white; font-size: 35px;"">天才</p>","positive","ability","天才",4,866,866,"i","true",NA,NA,NA,NA,"phase_015_subj_5"
17424,25,4,"<p style=""color:rgb(150, 250, 100); font-size: 35px;"">自己的</p>","self","ability","自己的",4,733,733,"e","true",NA,NA,NA,NA,"phase_015_subj_5"
17425,25,4,"<p style=""color:white; font-size: 35px;"">能干</p>","positive","ability","能干",4,888,888,"i","true",NA,NA,NA,NA,"phase_015_subj_5"
17426,25,4,"<p style=""color:rgb(150, 250, 100); font-size: 35px;"">别人的</p>","other","ability","别人的",4,628,628,"i","true",NA,NA,NA,NA,"phase_015_subj_5"
17427,25,4,"<p style=""color:white; font-size: 35px;"">无能</p>","negative","ability","无能",4,924,924,"e","true",NA,NA,NA,NA,"phase_015_subj_5"
17428,25,4,"<p style=""color:rgb(150, 250, 100); font-size: 35px;"">他人的</p>","other","ability","他人的",4,688,688,"i","true",NA,NA,NA,NA,"phase_015_subj_5"
17429,25,4,"<p style=""color:white; font-size: 35px;"">无能</p>","negative","ability","无能",4,1664,1664,"e","true",NA,NA,NA,NA,"phase_015_subj_5"
17430,25,4,"<p style=""color:rgb(150, 250, 100); font-size: 35px;"">自己</p>","self","ability","自己",4,690,690,"e","true",NA,NA,NA,NA,"phase_015_subj_5"
17431,25,4,"<p style=""color:white; font-size: 35px;"">高效</p>","positive","ability","高效",4,640,640,"i","true",NA,NA,NA,NA,"phase_015_subj_5"
17432,25,4,"<p style=""color:rgb(150, 250, 100); font-size: 35px;"">他人的</p>","other","ability","他人的",4,585,585,"i","true",NA,NA,NA,NA,"phase_015_subj_5"
17433,25,4,"<p style=""color:white; font-size: 35px;"">愚钝</p>","negative","ability","愚钝",4,946,946,"e","true",NA,NA,NA,NA,"phase_015_subj_5"
17434,25,4,"<p style=""color:rgb(150, 250, 100); font-size: 35px;"">自己的</p>","self","ability","自己的",4,642,642,"e","true",NA,NA,NA,NA,"phase_015_subj_5"
17435,25,4,"<p style=""color:white; font-size: 35px;"">精干</p>","positive","ability","精干",4,610,610,"i","true",NA,NA,NA,NA,"phase_015_subj_5"
17436,25,4,"<p style=""color:rgb(150, 250, 100); font-size: 35px;"">我的</p>","self","ability","我的",4,630,630,"e","true",NA,NA,NA,NA,"phase_015_subj_5"
17437,25,4,"<p style=""color:white; font-size: 35px;"">蠢笨</p>","negative","ability","蠢笨",4,636,1428.84782608696,"i","false",NA,NA,NA,NA,"phase_015_subj_5"
17438,25,4,"<p style=""color:rgb(150, 250, 100); font-size: 35px;"">别人</p>","other","ability","别人",4,711,711,"i","true",NA,NA,NA,NA,"phase_015_subj_5"
17439,25,4,"<p style=""color:white; font-size: 35px;"">能干</p>","positive","ability","能干",4,1159,1159,"i","true",NA,NA,NA,NA,"phase_015_subj_5"
17440,25,4,"<p style=""color:rgb(150, 250, 100); font-size: 35px;"">他的</p>","other","ability","他的",4,657,657,"i","true",NA,NA,NA,NA,"phase_015_subj_5"
17441,25,4,"<p style=""color:white; font-size: 35px;"">废物</p>","negative","ability","废物",4,780,780,"e","true",NA,NA,NA,NA,"phase_015_subj_5"
17442,25,4,"<p style=""color:rgb(150, 250, 100); font-size: 35px;"">本人的</p>","self","ability","本人的",4,879,879,"e","true",NA,NA,NA,NA,"phase_015_subj_5"
17443,25,4,"<p style=""color:white; font-size: 35px;"">全才</p>","positive","ability","全才",4,934,934,"i","true",NA,NA,NA,NA,"phase_015_subj_5"
17444,25,4,"<p style=""color:rgb(150, 250, 100); font-size: 35px;"">别人的</p>","other","ability","别人的",4,657,657,"i","true",NA,NA,NA,NA,"phase_015_subj_5"
17445,25,4,"<p style=""color:white; font-size: 35px;"">全能</p>","positive","ability","全能",4,1088,1088,"i","true",NA,NA,NA,NA,"phase_015_subj_5"
17446,25,4,"<p style=""color:rgb(150, 250, 100); font-size: 35px;"">本人</p>","self","ability","本人",4,887,887,"e","true",NA,NA,NA,NA,"phase_015_subj_5"
17447,25,4,"<p style=""color:white; font-size: 35px;"">低能</p>","negative","ability","低能",4,654,654,"e","true",NA,NA,NA,NA,"phase_015_subj_5"
17448,25,4,"<p style=""color:rgb(150, 250, 100); font-size: 35px;"">我</p>","self","ability","我",4,593,593,"e","true",NA,NA,NA,NA,"phase_015_subj_5"
17449,25,4,"<p style=""color:white; font-size: 35px;"">精干</p>","positive","ability","精干",4,580,580,"i","true",NA,NA,NA,NA,"phase_015_subj_5"
17450,25,4,"<p style=""color:rgb(150, 250, 100); font-size: 35px;"">他的</p>","other","ability","他的",4,605,605,"i","true",NA,NA,NA,NA,"phase_015_subj_5"
17451,25,4,"<p style=""color:white; font-size: 35px;"">拙笨</p>","negative","ability","拙笨",4,1003,1003,"e","true",NA,NA,NA,NA,"phase_015_subj_5"
17452,25,4,"<p style=""color:rgb(150, 250, 100); font-size: 35px;"">他</p>","other","ability","他",4,838,838,"i","true",NA,NA,NA,NA,"phase_015_subj_5"
17453,25,4,"<p style=""color:white; font-size: 35px;"">全才</p>","positive","ability","全才",4,1971,1971,"i","true",NA,NA,NA,NA,"phase_015_subj_5"
17454,25,4,"<p style=""color:rgb(150, 250, 100); font-size: 35px;"">本人</p>","self","ability","本人",4,563,563,"e","true",NA,NA,NA,NA,"phase_015_subj_5"
17455,25,4,"<p style=""color:white; font-size: 35px;"">拙笨</p>","negative","ability","拙笨",4,726,726,"e","true",NA,NA,NA,NA,"phase_015_subj_5"
17456,25,4,"<p style=""color:rgb(150, 250, 100); font-size: 35px;"">他人</p>","other","ability","他人",4,580,580,"i","true",NA,NA,NA,NA,"phase_015_subj_5"
17457,25,4,"<p style=""color:white; font-size: 35px;"">天才</p>","positive","ability","天才",4,877,1428.84782608696,"e","false",NA,NA,NA,NA,"phase_015_subj_5"
17458,25,4,"<p style=""color:rgb(150, 250, 100); font-size: 35px;"">我</p>","self","ability","我",4,854,854,"e","true",NA,NA,NA,NA,"phase_015_subj_5"
17459,25,4,"<p style=""color:white; font-size: 35px;"">蠢笨</p>","negative","ability","蠢笨",4,781,781,"e","true",NA,NA,NA,NA,"phase_015_subj_5"
17460,25,4,"<p style=""color:rgb(150, 250, 100); font-size: 35px;"">他</p>","other","ability","他",4,953,953,"i","true",NA,NA,NA,NA,"phase_015_subj_5"
17461,25,4,"<p style=""color:white; font-size: 35px;"">愚钝</p>","negative","ability","愚钝",4,740,740,"e","true",NA,NA,NA,NA,"phase_015_subj_5"
17462,25,4,"<p style=""color:rgb(150, 250, 100); font-size: 35px;"">自己</p>","self","ability","自己",4,1042,1042,"e","true",NA,NA,NA,NA,"phase_015_subj_5"
17463,25,4,"<p style=""color:white; font-size: 35px;"">高效</p>","positive","ability","高效",4,1354,1354,"i","true",NA,NA,NA,NA,"phase_015_subj_5"
17464,25,4,"<p style=""color:rgb(150, 250, 100); font-size: 35px;"">我的</p>","self","ability","我的",4,685,685,"e","true",NA,NA,NA,NA,"phase_015_subj_5"
17465,25,4,"<p style=""color:white; font-size: 35px;"">全能</p>","positive","ability","全能",4,757,757,"i","true",NA,NA,NA,NA,"phase_015_subj_5"
17466,25,4,"<p style=""color:rgb(150, 250, 100); font-size: 35px;"">他人</p>","other","ability","他人",4,914,914,"i","true",NA,NA,NA,NA,"phase_015_subj_5"
17467,25,4,"<p style=""color:white; font-size: 35px;"">低能</p>","negative","ability","低能",4,677,677,"e","true",NA,NA,NA,NA,"phase_015_subj_5"
17468,25,5,"<p style=""color:rgb(150, 250, 100); font-size: 35px;"">本人的</p>","self","ability","本人的",5,586,586,"i","true",NA,NA,NA,NA,"phase_015_subj_5"
17469,25,5,"<p style=""color:rgb(150, 250, 100); font-size: 35px;"">他人的</p>","other","ability","他人的",5,650,650,"e","true",NA,NA,NA,NA,"phase_015_subj_5"
17470,25,5,"<p style=""color:rgb(150, 250, 100); font-size: 35px;"">他的</p>","other","ability","他的",5,681,681,"e","true",NA,NA,NA,NA,"phase_015_subj_5"
17471,25,5,"<p style=""color:rgb(150, 250, 100); font-size: 35px;"">他人</p>","other","ability","他人",5,465,465,"e","true",NA,NA,NA,NA,"phase_015_subj_5"
17472,25,5,"<p style=""color:rgb(150, 250, 100); font-size: 35px;"">他</p>","other","ability","他",5,481,481,"e","true",NA,NA,NA,NA,"phase_015_subj_5"
17473,25,5,"<p style=""color:rgb(150, 250, 100); font-size: 35px;"">自己</p>","self","ability","自己",5,474,474,"i","true",NA,NA,NA,NA,"phase_015_subj_5"
17474,25,5,"<p style=""color:rgb(150, 250, 100); font-size: 35px;"">我</p>","self","ability","我",5,561,561,"i","true",NA,NA,NA,NA,"phase_015_subj_5"
17475,25,5,"<p style=""color:rgb(150, 250, 100); font-size: 35px;"">自己的</p>","self","ability","自己的",5,538,538,"i","true",NA,NA,NA,NA,"phase_015_subj_5"
17476,25,5,"<p style=""color:rgb(150, 250, 100); font-size: 35px;"">别人的</p>","other","ability","别人的",5,600,600,"e","true",NA,NA,NA,NA,"phase_015_subj_5"
17477,25,5,"<p style=""color:rgb(150, 250, 100); font-size: 35px;"">别人</p>","other","ability","别人",5,521,521,"e","true",NA,NA,NA,NA,"phase_015_subj_5"
17478,25,5,"<p style=""color:rgb(150, 250, 100); font-size: 35px;"">他人</p>","other","ability","他人",5,439,439,"e","true",NA,NA,NA,NA,"phase_015_subj_5"
17479,25,5,"<p style=""color:rgb(150, 250, 100); font-size: 35px;"">本人</p>","self","ability","本人",5,608,608,"i","true",NA,NA,NA,NA,"phase_015_subj_5"
17480,25,5,"<p style=""color:rgb(150, 250, 100); font-size: 35px;"">他的</p>","other","ability","他的",5,554,554,"e","true",NA,NA,NA,NA,"phase_015_subj_5"
17481,25,5,"<p style=""color:rgb(150, 250, 100); font-size: 35px;"">别人的</p>","other","ability","别人的",5,1218,1218,"e","true",NA,NA,NA,NA,"phase_015_subj_5"
17482,25,5,"<p style=""color:rgb(150, 250, 100); font-size: 35px;"">我的</p>","self","ability","我的",5,578,578,"i","true",NA,NA,NA,NA,"phase_015_subj_5"
17483,25,5,"<p style=""color:rgb(150, 250, 100); font-size: 35px;"">自己</p>","self","ability","自己",5,559,559,"i","true",NA,NA,NA,NA,"phase_015_subj_5"
17484,25,5,"<p style=""color:rgb(150, 250, 100); font-size: 35px;"">本人</p>","self","ability","本人",5,522,522,"i","true",NA,NA,NA,NA,"phase_015_subj_5"
17485,25,5,"<p style=""color:rgb(150, 250, 100); font-size: 35px;"">自己的</p>","self","ability","自己的",5,502,502,"i","true",NA,NA,NA,NA,"phase_015_subj_5"
17486,25,5,"<p style=""color:rgb(150, 250, 100); font-size: 35px;"">我</p>","self","ability","我",5,533,533,"i","true",NA,NA,NA,NA,"phase_015_subj_5"
17487,25,5,"<p style=""color:rgb(150, 250, 100); font-size: 35px;"">我的</p>","self","ability","我的",5,542,542,"i","true",NA,NA,NA,NA,"phase_015_subj_5"
17488,25,5,"<p style=""color:rgb(150, 250, 100); font-size: 35px;"">他</p>","other","ability","他",5,617,617,"e","true",NA,NA,NA,NA,"phase_015_subj_5"
17489,25,5,"<p style=""color:rgb(150, 250, 100); font-size: 35px;"">他人的</p>","other","ability","他人的",5,749,749,"e","true",NA,NA,NA,NA,"phase_015_subj_5"
17490,25,5,"<p style=""color:rgb(150, 250, 100); font-size: 35px;"">别人</p>","other","ability","别人",5,798,798,"e","true",NA,NA,NA,NA,"phase_015_subj_5"
17491,25,5,"<p style=""color:rgb(150, 250, 100); font-size: 35px;"">本人的</p>","self","ability","本人的",5,642,642,"i","true",NA,NA,NA,NA,"phase_015_subj_5"
17492,25,6,"<p style=""color:white; font-size: 35px;"">蠢笨</p>","negative","ability","蠢笨",6,896,896,"e","true",NA,NA,NA,NA,"phase_015_subj_5"
17493,25,6,"<p style=""color:rgb(150, 250, 100); font-size: 35px;"">本人</p>","self","ability","本人",6,544,544,"i","true",NA,NA,NA,NA,"phase_015_subj_5"
17494,25,6,"<p style=""color:white; font-size: 35px;"">能干</p>","positive","ability","能干",6,829,829,"i","true",NA,NA,NA,NA,"phase_015_subj_5"
17495,25,6,"<p style=""color:rgb(150, 250, 100); font-size: 35px;"">别人的</p>","other","ability","别人的",6,687,687,"e","true",NA,NA,NA,NA,"phase_015_subj_5"
17496,25,6,"<p style=""color:white; font-size: 35px;"">无能</p>","negative","ability","无能",6,1136,1136,"e","true",NA,NA,NA,NA,"phase_015_subj_5"
17497,25,6,"<p style=""color:rgb(150, 250, 100); font-size: 35px;"">他人</p>","other","ability","他人",6,555,555,"e","true",NA,NA,NA,NA,"phase_015_subj_5"
17498,25,6,"<p style=""color:white; font-size: 35px;"">全能</p>","positive","ability","全能",6,643,1372.34782608696,"e","false",NA,NA,NA,NA,"phase_015_subj_5"
17499,25,6,"<p style=""color:rgb(150, 250, 100); font-size: 35px;"">我</p>","self","ability","我",6,569,569,"i","true",NA,NA,NA,NA,"phase_015_subj_5"
17500,25,6,"<p style=""color:white; font-size: 35px;"">全才</p>","positive","ability","全才",6,727,727,"i","true",NA,NA,NA,NA,"phase_015_subj_5"
17501,25,6,"<p style=""color:rgb(150, 250, 100); font-size: 35px;"">他人的</p>","other","ability","他人的",6,1006,1006,"e","true",NA,NA,NA,NA,"phase_015_subj_5"
17502,25,6,"<p style=""color:white; font-size: 35px;"">低能</p>","negative","ability","低能",6,1456,1456,"e","true",NA,NA,NA,NA,"phase_015_subj_5"
17503,25,6,"<p style=""color:rgb(150, 250, 100); font-size: 35px;"">本人的</p>","self","ability","本人的",6,535,535,"i","true",NA,NA,NA,NA,"phase_015_subj_5"
17504,25,6,"<p style=""color:white; font-size: 35px;"">精干</p>","positive","ability","精干",6,809,809,"i","true",NA,NA,NA,NA,"phase_015_subj_5"
17505,25,6,"<p style=""color:rgb(150, 250, 100); font-size: 35px;"">他</p>","other","ability","他",6,682,682,"e","true",NA,NA,NA,NA,"phase_015_subj_5"
17506,25,6,"<p style=""color:white; font-size: 35px;"">愚钝</p>","negative","ability","愚钝",6,925,925,"e","true",NA,NA,NA,NA,"phase_015_subj_5"
17507,25,6,"<p style=""color:rgb(150, 250, 100); font-size: 35px;"">自己的</p>","self","ability","自己的",6,523,523,"i","true",NA,NA,NA,NA,"phase_015_subj_5"
17508,25,6,"<p style=""color:white; font-size: 35px;"">拙笨</p>","negative","ability","拙笨",6,1234,1234,"e","true",NA,NA,NA,NA,"phase_015_subj_5"
17509,25,6,"<p style=""color:rgb(150, 250, 100); font-size: 35px;"">他的</p>","other","ability","他的",6,809,809,"e","true",NA,NA,NA,NA,"phase_015_subj_5"
17510,25,6,"<p style=""color:white; font-size: 35px;"">天才</p>","positive","ability","天才",6,585,585,"i","true",NA,NA,NA,NA,"phase_015_subj_5"
17511,25,6,"<p style=""color:rgb(150, 250, 100); font-size: 35px;"">自己</p>","self","ability","自己",6,664,664,"i","true",NA,NA,NA,NA,"phase_015_subj_5"
17512,25,6,"<p style=""color:white; font-size: 35px;"">废物</p>","negative","ability","废物",6,593,593,"e","true",NA,NA,NA,NA,"phase_015_subj_5"
17513,25,6,"<p style=""color:rgb(150, 250, 100); font-size: 35px;"">别人</p>","other","ability","别人",6,720,720,"e","true",NA,NA,NA,NA,"phase_015_subj_5"
17514,25,6,"<p style=""color:white; font-size: 35px;"">高效</p>","positive","ability","高效",6,643,643,"i","true",NA,NA,NA,NA,"phase_015_subj_5"
17515,25,6,"<p style=""color:rgb(150, 250, 100); font-size: 35px;"">我的</p>","self","ability","我的",6,637,637,"i","true",NA,NA,NA,NA,"phase_015_subj_5"
17516,25,7,"<p style=""color:white; font-size: 35px;"">无能</p>","negative","ability","无能",7,775,775,"e","true",NA,NA,NA,NA,"phase_015_subj_5"
17517,25,7,"<p style=""color:rgb(150, 250, 100); font-size: 35px;"">本人</p>","self","ability","本人",7,569,569,"i","true",NA,NA,NA,NA,"phase_015_subj_5"
17518,25,7,"<p style=""color:white; font-size: 35px;"">全能</p>","positive","ability","全能",7,790,790,"i","true",NA,NA,NA,NA,"phase_015_subj_5"
17519,25,7,"<p style=""color:rgb(150, 250, 100); font-size: 35px;"">别人的</p>","other","ability","别人的",7,614,614,"e","true",NA,NA,NA,NA,"phase_015_subj_5"
17520,25,7,"<p style=""color:white; font-size: 35px;"">天才</p>","positive","ability","天才",7,1001,1001,"i","true",NA,NA,NA,NA,"phase_015_subj_5"
17521,25,7,"<p style=""color:rgb(150, 250, 100); font-size: 35px;"">我</p>","self","ability","我",7,519,519,"i","true",NA,NA,NA,NA,"phase_015_subj_5"
17522,25,7,"<p style=""color:white; font-size: 35px;"">废物</p>","negative","ability","废物",7,620,620,"e","true",NA,NA,NA,NA,"phase_015_subj_5"
17523,25,7,"<p style=""color:rgb(150, 250, 100); font-size: 35px;"">别人</p>","other","ability","别人",7,1120,1120,"e","true",NA,NA,NA,NA,"phase_015_subj_5"
17524,25,7,"<p style=""color:white; font-size: 35px;"">全才</p>","positive","ability","全才",7,605,605,"i","true",NA,NA,NA,NA,"phase_015_subj_5"
17525,25,7,"<p style=""color:rgb(150, 250, 100); font-size: 35px;"">本人</p>","self","ability","本人",7,610,610,"i","true",NA,NA,NA,NA,"phase_015_subj_5"
17526,25,7,"<p style=""color:white; font-size: 35px;"">蠢笨</p>","negative","ability","蠢笨",7,955,955,"e","true",NA,NA,NA,NA,"phase_015_subj_5"
17527,25,7,"<p style=""color:rgb(150, 250, 100); font-size: 35px;"">别人</p>","other","ability","别人",7,671,671,"e","true",NA,NA,NA,NA,"phase_015_subj_5"
17528,25,7,"<p style=""color:white; font-size: 35px;"">蠢笨</p>","negative","ability","蠢笨",7,1088,1088,"e","true",NA,NA,NA,NA,"phase_015_subj_5"
17529,25,7,"<p style=""color:rgb(150, 250, 100); font-size: 35px;"">本人的</p>","self","ability","本人的",7,518,518,"i","true",NA,NA,NA,NA,"phase_015_subj_5"
17530,25,7,"<p style=""color:white; font-size: 35px;"">全才</p>","positive","ability","全才",7,1183,1183,"i","true",NA,NA,NA,NA,"phase_015_subj_5"
17531,25,7,"<p style=""color:rgb(150, 250, 100); font-size: 35px;"">他</p>","other","ability","他",7,528,528,"e","true",NA,NA,NA,NA,"phase_015_subj_5"
17532,25,7,"<p style=""color:white; font-size: 35px;"">全能</p>","positive","ability","全能",7,639,639,"i","true",NA,NA,NA,NA,"phase_015_subj_5"
17533,25,7,"<p style=""color:rgb(150, 250, 100); font-size: 35px;"">他</p>","other","ability","他",7,476,476,"e","true",NA,NA,NA,NA,"phase_015_subj_5"
17534,25,7,"<p style=""color:white; font-size: 35px;"">无能</p>","negative","ability","无能",7,602,602,"e","true",NA,NA,NA,NA,"phase_015_subj_5"
17535,25,7,"<p style=""color:rgb(150, 250, 100); font-size: 35px;"">自己的</p>","self","ability","自己的",7,505,505,"i","true",NA,NA,NA,NA,"phase_015_subj_5"
17536,25,7,"<p style=""color:white; font-size: 35px;"">天才</p>","positive","ability","天才",7,836,836,"i","true",NA,NA,NA,NA,"phase_015_subj_5"
17537,25,7,"<p style=""color:rgb(150, 250, 100); font-size: 35px;"">自己的</p>","self","ability","自己的",7,604,604,"i","true",NA,NA,NA,NA,"phase_015_subj_5"
17538,25,7,"<p style=""color:white; font-size: 35px;"">低能</p>","negative","ability","低能",7,508,508,"e","true",NA,NA,NA,NA,"phase_015_subj_5"
17539,25,7,"<p style=""color:rgb(150, 250, 100); font-size: 35px;"">他人</p>","other","ability","他人",7,611,611,"e","true",NA,NA,NA,NA,"phase_015_subj_5"
17540,25,7,"<p style=""color:white; font-size: 35px;"">能干</p>","positive","ability","能干",7,570,570,"i","true",NA,NA,NA,NA,"phase_015_subj_5"
17541,25,7,"<p style=""color:rgb(150, 250, 100); font-size: 35px;"">他的</p>","other","ability","他的",7,714,714,"e","true",NA,NA,NA,NA,"phase_015_subj_5"
17542,25,7,"<p style=""color:white; font-size: 35px;"">拙笨</p>","negative","ability","拙笨",7,1000,1000,"e","true",NA,NA,NA,NA,"phase_015_subj_5"
17543,25,7,"<p style=""color:rgb(150, 250, 100); font-size: 35px;"">我</p>","self","ability","我",7,510,510,"i","true",NA,NA,NA,NA,"phase_015_subj_5"
17544,25,7,"<p style=""color:white; font-size: 35px;"">废物</p>","negative","ability","废物",7,796,796,"e","true",NA,NA,NA,NA,"phase_015_subj_5"
17545,25,7,"<p style=""color:rgb(150, 250, 100); font-size: 35px;"">自己</p>","self","ability","自己",7,612,612,"i","true",NA,NA,NA,NA,"phase_015_subj_5"
17546,25,7,"<p style=""color:white; font-size: 35px;"">高效</p>","positive","ability","高效",7,1085,1085,"i","true",NA,NA,NA,NA,"phase_015_subj_5"
17547,25,7,"<p style=""color:rgb(150, 250, 100); font-size: 35px;"">他人的</p>","other","ability","他人的",7,691,691,"e","true",NA,NA,NA,NA,"phase_015_subj_5"
17548,25,7,"<p style=""color:white; font-size: 35px;"">高效</p>","positive","ability","高效",7,873,873,"i","true",NA,NA,NA,NA,"phase_015_subj_5"
17549,25,7,"<p style=""color:rgb(150, 250, 100); font-size: 35px;"">我的</p>","self","ability","我的",7,578,578,"i","true",NA,NA,NA,NA,"phase_015_subj_5"
17550,25,7,"<p style=""color:white; font-size: 35px;"">低能</p>","negative","ability","低能",7,644,644,"e","true",NA,NA,NA,NA,"phase_015_subj_5"
17551,25,7,"<p style=""color:rgb(150, 250, 100); font-size: 35px;"">他人</p>","other","ability","他人",7,570,570,"e","true",NA,NA,NA,NA,"phase_015_subj_5"
17552,25,7,"<p style=""color:white; font-size: 35px;"">愚钝</p>","negative","ability","愚钝",7,650,650,"e","true",NA,NA,NA,NA,"phase_015_subj_5"
17553,25,7,"<p style=""color:rgb(150, 250, 100); font-size: 35px;"">自己</p>","self","ability","自己",7,519,519,"i","true",NA,NA,NA,NA,"phase_015_subj_5"
17554,25,7,"<p style=""color:white; font-size: 35px;"">精干</p>","positive","ability","精干",7,1020,1020,"i","true",NA,NA,NA,NA,"phase_015_subj_5"
17555,25,7,"<p style=""color:rgb(150, 250, 100); font-size: 35px;"">他人的</p>","other","ability","他人的",7,651,651,"e","true",NA,NA,NA,NA,"phase_015_subj_5"
17556,25,7,"<p style=""color:white; font-size: 35px;"">能干</p>","positive","ability","能干",7,665,665,"i","true",NA,NA,NA,NA,"phase_015_subj_5"
17557,25,7,"<p style=""color:rgb(150, 250, 100); font-size: 35px;"">本人的</p>","self","ability","本人的",7,740,740,"i","true",NA,NA,NA,NA,"phase_015_subj_5"
17558,25,7,"<p style=""color:white; font-size: 35px;"">愚钝</p>","negative","ability","愚钝",7,656,656,"e","true",NA,NA,NA,NA,"phase_015_subj_5"
17559,25,7,"<p style=""color:rgb(150, 250, 100); font-size: 35px;"">别人的</p>","other","ability","别人的",7,841,841,"e","true",NA,NA,NA,NA,"phase_015_subj_5"
17560,25,7,"<p style=""color:white; font-size: 35px;"">精干</p>","positive","ability","精干",7,806,806,"i","true",NA,NA,NA,NA,"phase_015_subj_5"
17561,25,7,"<p style=""color:rgb(150, 250, 100); font-size: 35px;"">他的</p>","other","ability","他的",7,589,589,"e","true",NA,NA,NA,NA,"phase_015_subj_5"
17562,25,7,"<p style=""color:white; font-size: 35px;"">拙笨</p>","negative","ability","拙笨",7,1741,1310.6170212766,"i","false",NA,NA,NA,NA,"phase_015_subj_5"
17563,25,7,"<p style=""color:rgb(150, 250, 100); font-size: 35px;"">我的</p>","self","ability","我的",7,672,672,"i","true",NA,NA,NA,NA,"phase_015_subj_5"
17564,25,NA,"
    <h3>词语分类任务</h3>
    <p>在接下来的任务中，你需要对一系列词语进行分类。<p/>
    请先熟悉这些词语，这有利于你完成接下来的任务。</p>
    <table align=""center"" border=1 cellpadding=3 cellspacing=0>
    <tr> <th>类别</th> <th>词语</th> </tr>
    <tr> <td>&emsp;积极&emsp;</td> <td>&emsp;高尚、诚信、善良、君子、廉正、正直&emsp;</td> </tr>
    <tr> <td>&emsp;消极&emsp;</td> <td>&emsp;缺德、卑鄙、不孝、不仁、小人、黑心&emsp;</td> </tr>
    <tr> <td>&emsp;自我&emsp;</td> <td>&emsp;我、我的、自己、自己的、本人、本人的&emsp;</td> </tr>
    <tr> <td>&emsp;他人&emsp;</td> <td>&emsp;他、他的、别人、别人的、他人、他人的&emsp;</td> </tr>
    </table><br/>","","","",NA,35056,NA,"0","",NA,NA,1,1,"phase_015_subj_5"
17565,25,11,"<p style=""color:rgb(150, 250, 100); font-size: 35px;"">本人的</p>","self","moral","本人的",1,1953,1953,"e","true",NA,NA,NA,NA,"phase_015_subj_5"
17566,25,11,"<p style=""color:rgb(150, 250, 100); font-size: 35px;"">自己的</p>","self","moral","自己的",1,661,661,"e","true",NA,NA,NA,NA,"phase_015_subj_5"
17567,25,11,"<p style=""color:rgb(150, 250, 100); font-size: 35px;"">别人</p>","other","moral","别人",1,604,604,"i","true",NA,NA,NA,NA,"phase_015_subj_5"
17568,25,11,"<p style=""color:rgb(150, 250, 100); font-size: 35px;"">别人的</p>","other","moral","别人的",1,676,676,"i","true",NA,NA,NA,NA,"phase_015_subj_5"
17569,25,11,"<p style=""color:rgb(150, 250, 100); font-size: 35px;"">我</p>","self","moral","我",1,493,493,"e","true",NA,NA,NA,NA,"phase_015_subj_5"
17570,25,11,"<p style=""color:rgb(150, 250, 100); font-size: 35px;"">他人</p>","other","moral","他人",1,504,504,"i","true",NA,NA,NA,NA,"phase_015_subj_5"
17571,25,11,"<p style=""color:rgb(150, 250, 100); font-size: 35px;"">我的</p>","self","moral","我的",1,563,563,"e","true",NA,NA,NA,NA,"phase_015_subj_5"
17572,25,11,"<p style=""color:rgb(150, 250, 100); font-size: 35px;"">他人的</p>","other","moral","他人的",1,561,561,"i","true",NA,NA,NA,NA,"phase_015_subj_5"
17573,25,11,"<p style=""color:rgb(150, 250, 100); font-size: 35px;"">本人</p>","self","moral","本人",1,681,681,"e","true",NA,NA,NA,NA,"phase_015_subj_5"
17574,25,11,"<p style=""color:rgb(150, 250, 100); font-size: 35px;"">他的</p>","other","moral","他的",1,506,506,"i","true",NA,NA,NA,NA,"phase_015_subj_5"
17575,25,11,"<p style=""color:rgb(150, 250, 100); font-size: 35px;"">自己</p>","self","moral","自己",1,532,532,"e","true",NA,NA,NA,NA,"phase_015_subj_5"
17576,25,11,"<p style=""color:rgb(150, 250, 100); font-size: 35px;"">他</p>","other","moral","他",1,433,433,"i","true",NA,NA,NA,NA,"phase_015_subj_5"
17577,25,12,"<p style=""color:white; font-size: 35px;"">卑鄙</p>","negative","moral","卑鄙",2,1897,1897,"i","true",NA,NA,NA,NA,"phase_015_subj_5"
17578,25,12,"<p style=""color:white; font-size: 35px;"">诚信</p>","positive","moral","诚信",2,612,612,"e","true",NA,NA,NA,NA,"phase_015_subj_5"
17579,25,12,"<p style=""color:white; font-size: 35px;"">廉正</p>","positive","moral","廉正",2,559,559,"e","true",NA,NA,NA,NA,"phase_015_subj_5"
17580,25,12,"<p style=""color:white; font-size: 35px;"">黑心</p>","negative","moral","黑心",2,602,602,"i","true",NA,NA,NA,NA,"phase_015_subj_5"
17581,25,12,"<p style=""color:white; font-size: 35px;"">善良</p>","positive","moral","善良",2,676,676,"e","true",NA,NA,NA,NA,"phase_015_subj_5"
17582,25,12,"<p style=""color:white; font-size: 35px;"">正直</p>","positive","moral","正直",2,597,597,"e","true",NA,NA,NA,NA,"phase_015_subj_5"
17583,25,12,"<p style=""color:white; font-size: 35px;"">小人</p>","negative","moral","小人",2,569,569,"i","true",NA,NA,NA,NA,"phase_015_subj_5"
17584,25,12,"<p style=""color:white; font-size: 35px;"">不孝</p>","negative","moral","不孝",2,903,903,"i","true",NA,NA,NA,NA,"phase_015_subj_5"
17585,25,12,"<p style=""color:white; font-size: 35px;"">缺德</p>","negative","moral","缺德",2,587,587,"i","true",NA,NA,NA,NA,"phase_015_subj_5"
17586,25,12,"<p style=""color:white; font-size: 35px;"">君子</p>","positive","moral","君子",2,493,493,"e","true",NA,NA,NA,NA,"phase_015_subj_5"
17587,25,12,"<p style=""color:white; font-size: 35px;"">不仁</p>","negative","moral","不仁",2,740,740,"i","true",NA,NA,NA,NA,"phase_015_subj_5"
17588,25,12,"<p style=""color:white; font-size: 35px;"">高尚</p>","positive","moral","高尚",2,585,585,"e","true",NA,NA,NA,NA,"phase_015_subj_5"
17589,25,13,"<p style=""color:rgb(150, 250, 100); font-size: 35px;"">自己的</p>","self","moral","自己的",3,1038,1038,"e","true",NA,NA,NA,NA,"phase_015_subj_5"
17590,25,13,"<p style=""color:white; font-size: 35px;"">缺德</p>","negative","moral","缺德",3,549,549,"i","true",NA,NA,NA,NA,"phase_015_subj_5"
17591,25,13,"<p style=""color:rgb(150, 250, 100); font-size: 35px;"">别人</p>","other","moral","别人",3,613,613,"i","true",NA,NA,NA,NA,"phase_015_subj_5"
17592,25,13,"<p style=""color:white; font-size: 35px;"">善良</p>","positive","moral","善良",3,559,559,"e","true",NA,NA,NA,NA,"phase_015_subj_5"
17593,25,13,"<p style=""color:rgb(150, 250, 100); font-size: 35px;"">他人的</p>","other","moral","他人的",3,561,561,"i","true",NA,NA,NA,NA,"phase_015_subj_5"
17594,25,13,"<p style=""color:white; font-size: 35px;"">不仁</p>","negative","moral","不仁",3,690,690,"i","true",NA,NA,NA,NA,"phase_015_subj_5"
17595,25,13,"<p style=""color:rgb(150, 250, 100); font-size: 35px;"">自己</p>","self","moral","自己",3,599,599,"e","true",NA,NA,NA,NA,"phase_015_subj_5"
17596,25,13,"<p style=""color:white; font-size: 35px;"">诚信</p>","positive","moral","诚信",3,565,565,"e","true",NA,NA,NA,NA,"phase_015_subj_5"
17597,25,13,"<p style=""color:rgb(150, 250, 100); font-size: 35px;"">我</p>","self","moral","我",3,524,524,"e","true",NA,NA,NA,NA,"phase_015_subj_5"
17598,25,13,"<p style=""color:white; font-size: 35px;"">小人</p>","negative","moral","小人",3,599,599,"i","true",NA,NA,NA,NA,"phase_015_subj_5"
17599,25,13,"<p style=""color:rgb(150, 250, 100); font-size: 35px;"">别人的</p>","other","moral","别人的",3,945,945,"i","true",NA,NA,NA,NA,"phase_015_subj_5"
17600,25,13,"<p style=""color:white; font-size: 35px;"">君子</p>","positive","moral","君子",3,633,633,"e","true",NA,NA,NA,NA,"phase_015_subj_5"
17601,25,13,"<p style=""color:rgb(150, 250, 100); font-size: 35px;"">本人</p>","self","moral","本人",3,668,668,"e","true",NA,NA,NA,NA,"phase_015_subj_5"
17602,25,13,"<p style=""color:white; font-size: 35px;"">卑鄙</p>","negative","moral","卑鄙",3,631,631,"i","true",NA,NA,NA,NA,"phase_015_subj_5"
17603,25,13,"<p style=""color:rgb(150, 250, 100); font-size: 35px;"">他人</p>","other","moral","他人",3,636,636,"i","true",NA,NA,NA,NA,"phase_015_subj_5"
17604,25,13,"<p style=""color:white; font-size: 35px;"">正直</p>","positive","moral","正直",3,733,733,"e","true",NA,NA,NA,NA,"phase_015_subj_5"
17605,25,13,"<p style=""color:rgb(150, 250, 100); font-size: 35px;"">我的</p>","self","moral","我的",3,551,551,"e","true",NA,NA,NA,NA,"phase_015_subj_5"
17606,25,13,"<p style=""color:white; font-size: 35px;"">不孝</p>","negative","moral","不孝",3,642,642,"i","true",NA,NA,NA,NA,"phase_015_subj_5"
17607,25,13,"<p style=""color:rgb(150, 250, 100); font-size: 35px;"">他</p>","other","moral","他",3,531,531,"i","true",NA,NA,NA,NA,"phase_015_subj_5"
17608,25,13,"<p style=""color:white; font-size: 35px;"">高尚</p>","positive","moral","高尚",3,1002,1260.26086956522,"i","false",NA,NA,NA,NA,"phase_015_subj_5"
17609,25,13,"<p style=""color:rgb(150, 250, 100); font-size: 35px;"">本人的</p>","self","moral","本人的",3,837,837,"e","true",NA,NA,NA,NA,"phase_015_subj_5"
17610,25,13,"<p style=""color:white; font-size: 35px;"">黑心</p>","negative","moral","黑心",3,628,628,"i","true",NA,NA,NA,NA,"phase_015_subj_5"
17611,25,13,"<p style=""color:rgb(150, 250, 100); font-size: 35px;"">他的</p>","other","moral","他的",3,733,733,"i","true",NA,NA,NA,NA,"phase_015_subj_5"
17612,25,13,"<p style=""color:white; font-size: 35px;"">廉正</p>","positive","moral","廉正",3,721,721,"e","true",NA,NA,NA,NA,"phase_015_subj_5"
17613,25,14,"<p style=""color:rgb(150, 250, 100); font-size: 35px;"">我</p>","self","moral","我",4,506,506,"e","true",NA,NA,NA,NA,"phase_015_subj_5"
17614,25,14,"<p style=""color:white; font-size: 35px;"">正直</p>","positive","moral","正直",4,544,544,"e","true",NA,NA,NA,NA,"phase_015_subj_5"
17615,25,14,"<p style=""color:rgb(150, 250, 100); font-size: 35px;"">他人</p>","other","moral","他人",4,657,657,"i","true",NA,NA,NA,NA,"phase_015_subj_5"
17616,25,14,"<p style=""color:white; font-size: 35px;"">卑鄙</p>","negative","moral","卑鄙",4,478,478,"i","true",NA,NA,NA,NA,"phase_015_subj_5"
17617,25,14,"<p style=""color:rgb(150, 250, 100); font-size: 35px;"">本人</p>","self","moral","本人",4,513,513,"e","true",NA,NA,NA,NA,"phase_015_subj_5"
17618,25,14,"<p style=""color:white; font-size: 35px;"">诚信</p>","positive","moral","诚信",4,691,691,"e","true",NA,NA,NA,NA,"phase_015_subj_5"
17619,25,14,"<p style=""color:rgb(150, 250, 100); font-size: 35px;"">他人的</p>","other","moral","他人的",4,888,888,"i","true",NA,NA,NA,NA,"phase_015_subj_5"
17620,25,14,"<p style=""color:white; font-size: 35px;"">小人</p>","negative","moral","小人",4,627,627,"i","true",NA,NA,NA,NA,"phase_015_subj_5"
17621,25,14,"<p style=""color:rgb(150, 250, 100); font-size: 35px;"">自己的</p>","self","moral","自己的",4,579,579,"e","true",NA,NA,NA,NA,"phase_015_subj_5"
17622,25,14,"<p style=""color:white; font-size: 35px;"">高尚</p>","positive","moral","高尚",4,741,741,"e","true",NA,NA,NA,NA,"phase_015_subj_5"
17623,25,14,"<p style=""color:rgb(150, 250, 100); font-size: 35px;"">别人</p>","other","moral","别人",4,767,767,"i","true",NA,NA,NA,NA,"phase_015_subj_5"
17624,25,14,"<p style=""color:white; font-size: 35px;"">缺德</p>","negative","moral","缺德",4,651,651,"i","true",NA,NA,NA,NA,"phase_015_subj_5"
17625,25,14,"<p style=""color:rgb(150, 250, 100); font-size: 35px;"">他</p>","other","moral","他",4,530,530,"i","true",NA,NA,NA,NA,"phase_015_subj_5"
17626,25,14,"<p style=""color:white; font-size: 35px;"">不仁</p>","negative","moral","不仁",4,622,622,"i","true",NA,NA,NA,NA,"phase_015_subj_5"
17627,25,14,"<p style=""color:rgb(150, 250, 100); font-size: 35px;"">自己</p>","self","moral","自己",4,578,578,"e","true",NA,NA,NA,NA,"phase_015_subj_5"
17628,25,14,"<p style=""color:white; font-size: 35px;"">善良</p>","positive","moral","善良",4,1321,1321,"e","true",NA,NA,NA,NA,"phase_015_subj_5"
17629,25,14,"<p style=""color:rgb(150, 250, 100); font-size: 35px;"">本人的</p>","self","moral","本人的",4,627,627,"e","true",NA,NA,NA,NA,"phase_015_subj_5"
17630,25,14,"<p style=""color:white; font-size: 35px;"">缺德</p>","negative","moral","缺德",4,572,572,"i","true",NA,NA,NA,NA,"phase_015_subj_5"
17631,25,14,"<p style=""color:rgb(150, 250, 100); font-size: 35px;"">他人的</p>","other","moral","他人的",4,557,557,"i","true",NA,NA,NA,NA,"phase_015_subj_5"
17632,25,14,"<p style=""color:white; font-size: 35px;"">君子</p>","positive","moral","君子",4,702,702,"e","true",NA,NA,NA,NA,"phase_015_subj_5"
17633,25,14,"<p style=""color:rgb(150, 250, 100); font-size: 35px;"">他</p>","other","moral","他",4,726,726,"i","true",NA,NA,NA,NA,"phase_015_subj_5"
17634,25,14,"<p style=""color:white; font-size: 35px;"">黑心</p>","negative","moral","黑心",4,673,673,"i","true",NA,NA,NA,NA,"phase_015_subj_5"
17635,25,14,"<p style=""color:rgb(150, 250, 100); font-size: 35px;"">我的</p>","self","moral","我的",4,539,539,"e","true",NA,NA,NA,NA,"phase_015_subj_5"
17636,25,14,"<p style=""color:white; font-size: 35px;"">善良</p>","positive","moral","善良",4,691,691,"e","true",NA,NA,NA,NA,"phase_015_subj_5"
17637,25,14,"<p style=""color:rgb(150, 250, 100); font-size: 35px;"">他人</p>","other","moral","他人",4,499,499,"i","true",NA,NA,NA,NA,"phase_015_subj_5"
17638,25,14,"<p style=""color:white; font-size: 35px;"">黑心</p>","negative","moral","黑心",4,641,641,"i","true",NA,NA,NA,NA,"phase_015_subj_5"
17639,25,14,"<p style=""color:rgb(150, 250, 100); font-size: 35px;"">我</p>","self","moral","我",4,557,557,"e","true",NA,NA,NA,NA,"phase_015_subj_5"
17640,25,14,"<p style=""color:white; font-size: 35px;"">正直</p>","positive","moral","正直",4,832,832,"e","true",NA,NA,NA,NA,"phase_015_subj_5"
17641,25,14,"<p style=""color:rgb(150, 250, 100); font-size: 35px;"">他的</p>","other","moral","他的",4,634,634,"i","true",NA,NA,NA,NA,"phase_015_subj_5"
17642,25,14,"<p style=""color:white; font-size: 35px;"">诚信</p>","positive","moral","诚信",4,1468,1468,"e","true",NA,NA,NA,NA,"phase_015_subj_5"
17643,25,14,"<p style=""color:rgb(150, 250, 100); font-size: 35px;"">我的</p>","self","moral","我的",4,628,628,"e","true",NA,NA,NA,NA,"phase_015_subj_5"
17644,25,14,"<p style=""color:white; font-size: 35px;"">卑鄙</p>","negative","moral","卑鄙",4,829,829,"i","true",NA,NA,NA,NA,"phase_015_subj_5"
17645,25,14,"<p style=""color:rgb(150, 250, 100); font-size: 35px;"">自己的</p>","self","moral","自己的",4,697,697,"e","true",NA,NA,NA,NA,"phase_015_subj_5"
17646,25,14,"<p style=""color:white; font-size: 35px;"">不孝</p>","negative","moral","不孝",4,511,511,"i","true",NA,NA,NA,NA,"phase_015_subj_5"
17647,25,14,"<p style=""color:rgb(150, 250, 100); font-size: 35px;"">他的</p>","other","moral","他的",4,576,576,"i","true",NA,NA,NA,NA,"phase_015_subj_5"
17648,25,14,"<p style=""color:white; font-size: 35px;"">廉正</p>","positive","moral","廉正",4,631,631,"e","true",NA,NA,NA,NA,"phase_015_subj_5"
17649,25,14,"<p style=""color:rgb(150, 250, 100); font-size: 35px;"">本人</p>","self","moral","本人",4,644,644,"e","true",NA,NA,NA,NA,"phase_015_subj_5"
17650,25,14,"<p style=""color:white; font-size: 35px;"">小人</p>","negative","moral","小人",4,746,746,"i","true",NA,NA,NA,NA,"phase_015_subj_5"
17651,25,14,"<p style=""color:rgb(150, 250, 100); font-size: 35px;"">别人的</p>","other","moral","别人的",4,1419,1419,"i","true",NA,NA,NA,NA,"phase_015_subj_5"
17652,25,14,"<p style=""color:white; font-size: 35px;"">高尚</p>","positive","moral","高尚",4,572,572,"e","true",NA,NA,NA,NA,"phase_015_subj_5"
17653,25,14,"<p style=""color:rgb(150, 250, 100); font-size: 35px;"">本人的</p>","self","moral","本人的",4,826,826,"e","true",NA,NA,NA,NA,"phase_015_subj_5"
17654,25,14,"<p style=""color:white; font-size: 35px;"">不仁</p>","negative","moral","不仁",4,1007,1007,"i","true",NA,NA,NA,NA,"phase_015_subj_5"
17655,25,14,"<p style=""color:rgb(150, 250, 100); font-size: 35px;"">别人</p>","other","moral","别人",4,453,453,"i","true",NA,NA,NA,NA,"phase_015_subj_5"
17656,25,14,"<p style=""color:white; font-size: 35px;"">君子</p>","positive","moral","君子",4,588,588,"e","true",NA,NA,NA,NA,"phase_015_subj_5"
17657,25,14,"<p style=""color:rgb(150, 250, 100); font-size: 35px;"">别人的</p>","other","moral","别人的",4,672,672,"i","true",NA,NA,NA,NA,"phase_015_subj_5"
17658,25,14,"<p style=""color:white; font-size: 35px;"">廉正</p>","positive","moral","廉正",4,642,642,"e","true",NA,NA,NA,NA,"phase_015_subj_5"
17659,25,14,"<p style=""color:rgb(150, 250, 100); font-size: 35px;"">自己</p>","self","moral","自己",4,550,550,"e","true",NA,NA,NA,NA,"phase_015_subj_5"
17660,25,14,"<p style=""color:white; font-size: 35px;"">不孝</p>","negative","moral","不孝",4,464,464,"i","true",NA,NA,NA,NA,"phase_015_subj_5"
17661,25,15,"<p style=""color:rgb(150, 250, 100); font-size: 35px;"">本人</p>","self","moral","本人",5,971,971,"i","true",NA,NA,NA,NA,"phase_015_subj_5"
17662,25,15,"<p style=""color:rgb(150, 250, 100); font-size: 35px;"">他的</p>","other","moral","他的",5,562,562,"e","true",NA,NA,NA,NA,"phase_015_subj_5"
17663,25,15,"<p style=""color:rgb(150, 250, 100); font-size: 35px;"">他人</p>","other","moral","他人",5,470,470,"e","true",NA,NA,NA,NA,"phase_015_subj_5"
17664,25,15,"<p style=""color:rgb(150, 250, 100); font-size: 35px;"">他人的</p>","other","moral","他人的",5,475,475,"e","true",NA,NA,NA,NA,"phase_015_subj_5"
17665,25,15,"<p style=""color:rgb(150, 250, 100); font-size: 35px;"">本人的</p>","self","moral","本人的",5,563,563,"i","true",NA,NA,NA,NA,"phase_015_subj_5"
17666,25,15,"<p style=""color:rgb(150, 250, 100); font-size: 35px;"">他</p>","other","moral","他",5,495,495,"e","true",NA,NA,NA,NA,"phase_015_subj_5"
17667,25,15,"<p style=""color:rgb(150, 250, 100); font-size: 35px;"">自己的</p>","self","moral","自己的",5,563,563,"i","true",NA,NA,NA,NA,"phase_015_subj_5"
17668,25,15,"<p style=""color:rgb(150, 250, 100); font-size: 35px;"">本人</p>","self","moral","本人",5,1033,1033,"i","true",NA,NA,NA,NA,"phase_015_subj_5"
17669,25,15,"<p style=""color:rgb(150, 250, 100); font-size: 35px;"">他</p>","other","moral","他",5,504,504,"e","true",NA,NA,NA,NA,"phase_015_subj_5"
17670,25,15,"<p style=""color:rgb(150, 250, 100); font-size: 35px;"">我的</p>","self","moral","我的",5,453,453,"i","true",NA,NA,NA,NA,"phase_015_subj_5"
17671,25,15,"<p style=""color:rgb(150, 250, 100); font-size: 35px;"">自己</p>","self","moral","自己",5,603,603,"i","true",NA,NA,NA,NA,"phase_015_subj_5"
17672,25,15,"<p style=""color:rgb(150, 250, 100); font-size: 35px;"">他人的</p>","other","moral","他人的",5,522,522,"e","true",NA,NA,NA,NA,"phase_015_subj_5"
17673,25,15,"<p style=""color:rgb(150, 250, 100); font-size: 35px;"">别人的</p>","other","moral","别人的",5,430,430,"e","true",NA,NA,NA,NA,"phase_015_subj_5"
17674,25,15,"<p style=""color:rgb(150, 250, 100); font-size: 35px;"">自己</p>","self","moral","自己",5,507,507,"i","true",NA,NA,NA,NA,"phase_015_subj_5"
17675,25,15,"<p style=""color:rgb(150, 250, 100); font-size: 35px;"">别人</p>","other","moral","别人",5,721,721,"e","true",NA,NA,NA,NA,"phase_015_subj_5"
17676,25,15,"<p style=""color:rgb(150, 250, 100); font-size: 35px;"">我</p>","self","moral","我",5,503,503,"i","true",NA,NA,NA,NA,"phase_015_subj_5"
17677,25,15,"<p style=""color:rgb(150, 250, 100); font-size: 35px;"">我的</p>","self","moral","我的",5,468,468,"i","true",NA,NA,NA,NA,"phase_015_subj_5"
17678,25,15,"<p style=""color:rgb(150, 250, 100); font-size: 35px;"">他的</p>","other","moral","他的",5,601,601,"e","true",NA,NA,NA,NA,"phase_015_subj_5"
17679,25,15,"<p style=""color:rgb(150, 250, 100); font-size: 35px;"">本人的</p>","self","moral","本人的",5,532,532,"i","true",NA,NA,NA,NA,"phase_015_subj_5"
17680,25,15,"<p style=""color:rgb(150, 250, 100); font-size: 35px;"">别人的</p>","other","moral","别人的",5,859,859,"e","true",NA,NA,NA,NA,"phase_015_subj_5"
17681,25,15,"<p style=""color:rgb(150, 250, 100); font-size: 35px;"">别人</p>","other","moral","别人",5,569,569,"e","true",NA,NA,NA,NA,"phase_015_subj_5"
17682,25,15,"<p style=""color:rgb(150, 250, 100); font-size: 35px;"">自己的</p>","self","moral","自己的",5,541,541,"i","true",NA,NA,NA,NA,"phase_015_subj_5"
17683,25,15,"<p style=""color:rgb(150, 250, 100); font-size: 35px;"">我</p>","self","moral","我",5,529,529,"i","true",NA,NA,NA,NA,"phase_015_subj_5"
17684,25,15,"<p style=""color:rgb(150, 250, 100); font-size: 35px;"">他人</p>","other","moral","他人",5,536,536,"e","true",NA,NA,NA,NA,"phase_015_subj_5"
17685,25,16,"<p style=""color:white; font-size: 35px;"">不孝</p>","negative","moral","不孝",6,1545,1545,"i","true",NA,NA,NA,NA,"phase_015_subj_5"
17686,25,16,"<p style=""color:rgb(150, 250, 100); font-size: 35px;"">本人</p>","self","moral","本人",6,859,859,"i","true",NA,NA,NA,NA,"phase_015_subj_5"
17687,25,16,"<p style=""color:white; font-size: 35px;"">高尚</p>","positive","moral","高尚",6,1099,1099,"e","true",NA,NA,NA,NA,"phase_015_subj_5"
17688,25,16,"<p style=""color:rgb(150, 250, 100); font-size: 35px;"">别人</p>","other","moral","别人",6,672,672,"e","true",NA,NA,NA,NA,"phase_015_subj_5"
17689,25,16,"<p style=""color:white; font-size: 35px;"">不仁</p>","negative","moral","不仁",6,584,1407.31818181818,"e","false",NA,NA,NA,NA,"phase_015_subj_5"
17690,25,16,"<p style=""color:rgb(150, 250, 100); font-size: 35px;"">我的</p>","self","moral","我的",6,659,659,"i","true",NA,NA,NA,NA,"phase_015_subj_5"
17691,25,16,"<p style=""color:white; font-size: 35px;"">君子</p>","positive","moral","君子",6,1150,1150,"e","true",NA,NA,NA,NA,"phase_015_subj_5"
17692,25,16,"<p style=""color:rgb(150, 250, 100); font-size: 35px;"">他</p>","other","moral","他",6,596,596,"e","true",NA,NA,NA,NA,"phase_015_subj_5"
17693,25,16,"<p style=""color:white; font-size: 35px;"">黑心</p>","negative","moral","黑心",6,659,659,"i","true",NA,NA,NA,NA,"phase_015_subj_5"
17694,25,16,"<p style=""color:rgb(150, 250, 100); font-size: 35px;"">别人的</p>","other","moral","别人的",6,646,646,"e","true",NA,NA,NA,NA,"phase_015_subj_5"
17695,25,16,"<p style=""color:white; font-size: 35px;"">正直</p>","positive","moral","正直",6,702,702,"e","true",NA,NA,NA,NA,"phase_015_subj_5"
17696,25,16,"<p style=""color:rgb(150, 250, 100); font-size: 35px;"">本人的</p>","self","moral","本人的",6,487,487,"i","true",NA,NA,NA,NA,"phase_015_subj_5"
17697,25,16,"<p style=""color:white; font-size: 35px;"">诚信</p>","positive","moral","诚信",6,1450,1450,"e","true",NA,NA,NA,NA,"phase_015_subj_5"
17698,25,16,"<p style=""color:rgb(150, 250, 100); font-size: 35px;"">我</p>","self","moral","我",6,612,612,"i","true",NA,NA,NA,NA,"phase_015_subj_5"
17699,25,16,"<p style=""color:white; font-size: 35px;"">小人</p>","negative","moral","小人",6,742,1407.31818181818,"e","false",NA,NA,NA,NA,"phase_015_subj_5"
17700,25,16,"<p style=""color:rgb(150, 250, 100); font-size: 35px;"">他人</p>","other","moral","他人",6,992,992,"e","true",NA,NA,NA,NA,"phase_015_subj_5"
17701,25,16,"<p style=""color:white; font-size: 35px;"">卑鄙</p>","negative","moral","卑鄙",6,906,906,"i","true",NA,NA,NA,NA,"phase_015_subj_5"
17702,25,16,"<p style=""color:rgb(150, 250, 100); font-size: 35px;"">自己</p>","self","moral","自己",6,733,733,"i","true",NA,NA,NA,NA,"phase_015_subj_5"
17703,25,16,"<p style=""color:white; font-size: 35px;"">廉正</p>","positive","moral","廉正",6,782,782,"e","true",NA,NA,NA,NA,"phase_015_subj_5"
17704,25,16,"<p style=""color:rgb(150, 250, 100); font-size: 35px;"">他的</p>","other","moral","他的",6,713,713,"e","true",NA,NA,NA,NA,"phase_015_subj_5"
17705,25,16,"<p style=""color:white; font-size: 35px;"">善良</p>","positive","moral","善良",6,672,672,"e","true",NA,NA,NA,NA,"phase_015_subj_5"
17706,25,16,"<p style=""color:rgb(150, 250, 100); font-size: 35px;"">他人的</p>","other","moral","他人的",6,631,631,"e","true",NA,NA,NA,NA,"phase_015_subj_5"
17707,25,16,"<p style=""color:white; font-size: 35px;"">缺德</p>","negative","moral","缺德",6,573,573,"i","true",NA,NA,NA,NA,"phase_015_subj_5"
17708,25,16,"<p style=""color:rgb(150, 250, 100); font-size: 35px;"">自己的</p>","self","moral","自己的",6,623,623,"i","true",NA,NA,NA,NA,"phase_015_subj_5"
17709,25,17,"<p style=""color:white; font-size: 35px;"">黑心</p>","negative","moral","黑心",7,2826,2826,"i","true",NA,NA,NA,NA,"phase_015_subj_5"
17710,25,17,"<p style=""color:rgb(150, 250, 100); font-size: 35px;"">别人</p>","other","moral","别人",7,633,633,"e","true",NA,NA,NA,NA,"phase_015_subj_5"
17711,25,17,"<p style=""color:white; font-size: 35px;"">高尚</p>","positive","moral","高尚",7,1141,1141,"e","true",NA,NA,NA,NA,"phase_015_subj_5"
17712,25,17,"<p style=""color:rgb(150, 250, 100); font-size: 35px;"">本人</p>","self","moral","本人",7,601,601,"i","true",NA,NA,NA,NA,"phase_015_subj_5"
17713,25,17,"<p style=""color:white; font-size: 35px;"">卑鄙</p>","negative","moral","卑鄙",7,731,731,"i","true",NA,NA,NA,NA,"phase_015_subj_5"
17714,25,17,"<p style=""color:rgb(150, 250, 100); font-size: 35px;"">自己</p>","self","moral","自己",7,659,659,"i","true",NA,NA,NA,NA,"phase_015_subj_5"
17715,25,17,"<p style=""color:white; font-size: 35px;"">正直</p>","positive","moral","正直",7,714,714,"e","true",NA,NA,NA,NA,"phase_015_subj_5"
17716,25,17,"<p style=""color:rgb(150, 250, 100); font-size: 35px;"">他的</p>","other","moral","他的",7,499,499,"e","true",NA,NA,NA,NA,"phase_015_subj_5"
17717,25,17,"<p style=""color:white; font-size: 35px;"">小人</p>","negative","moral","小人",7,547,547,"i","true",NA,NA,NA,NA,"phase_015_subj_5"
17718,25,17,"<p style=""color:rgb(150, 250, 100); font-size: 35px;"">他的</p>","other","moral","他的",7,534,534,"e","true",NA,NA,NA,NA,"phase_015_subj_5"
17719,25,17,"<p style=""color:white; font-size: 35px;"">廉正</p>","positive","moral","廉正",7,802,1420.55319148936,"i","false",NA,NA,NA,NA,"phase_015_subj_5"
17720,25,17,"<p style=""color:rgb(150, 250, 100); font-size: 35px;"">本人的</p>","self","moral","本人的",7,805,805,"i","true",NA,NA,NA,NA,"phase_015_subj_5"
17721,25,17,"<p style=""color:white; font-size: 35px;"">缺德</p>","negative","moral","缺德",7,1226,1226,"i","true",NA,NA,NA,NA,"phase_015_subj_5"
17722,25,17,"<p style=""color:rgb(150, 250, 100); font-size: 35px;"">本人</p>","self","moral","本人",7,590,590,"i","true",NA,NA,NA,NA,"phase_015_subj_5"
17723,25,17,"<p style=""color:white; font-size: 35px;"">正直</p>","positive","moral","正直",7,711,711,"e","true",NA,NA,NA,NA,"phase_015_subj_5"
17724,25,17,"<p style=""color:rgb(150, 250, 100); font-size: 35px;"">他人的</p>","other","moral","他人的",7,510,510,"e","true",NA,NA,NA,NA,"phase_015_subj_5"
17725,25,17,"<p style=""color:white; font-size: 35px;"">不仁</p>","negative","moral","不仁",7,570,570,"i","true",NA,NA,NA,NA,"phase_015_subj_5"
17726,25,17,"<p style=""color:rgb(150, 250, 100); font-size: 35px;"">我</p>","self","moral","我",7,649,649,"i","true",NA,NA,NA,NA,"phase_015_subj_5"
17727,25,17,"<p style=""color:white; font-size: 35px;"">善良</p>","positive","moral","善良",7,506,506,"e","true",NA,NA,NA,NA,"phase_015_subj_5"
17728,25,17,"<p style=""color:rgb(150, 250, 100); font-size: 35px;"">他人的</p>","other","moral","他人的",7,723,723,"e","true",NA,NA,NA,NA,"phase_015_subj_5"
17729,25,17,"<p style=""color:white; font-size: 35px;"">不孝</p>","negative","moral","不孝",7,1135,1135,"i","true",NA,NA,NA,NA,"phase_015_subj_5"
17730,25,17,"<p style=""color:rgb(150, 250, 100); font-size: 35px;"">别人的</p>","other","moral","别人的",7,477,477,"e","true",NA,NA,NA,NA,"phase_015_subj_5"
17731,25,17,"<p style=""color:white; font-size: 35px;"">诚信</p>","positive","moral","诚信",7,1789,1789,"e","true",NA,NA,NA,NA,"phase_015_subj_5"
17732,25,17,"<p style=""color:rgb(150, 250, 100); font-size: 35px;"">自己的</p>","self","moral","自己的",7,600,600,"i","true",NA,NA,NA,NA,"phase_015_subj_5"
17733,25,17,"<p style=""color:white; font-size: 35px;"">高尚</p>","positive","moral","高尚",7,1182,1182,"e","true",NA,NA,NA,NA,"phase_015_subj_5"
17734,25,17,"<p style=""color:rgb(150, 250, 100); font-size: 35px;"">本人的</p>","self","moral","本人的",7,620,620,"i","true",NA,NA,NA,NA,"phase_015_subj_5"
17735,25,17,"<p style=""color:white; font-size: 35px;"">小人</p>","negative","moral","小人",7,941,941,"i","true",NA,NA,NA,NA,"phase_015_subj_5"
17736,25,17,"<p style=""color:rgb(150, 250, 100); font-size: 35px;"">他人</p>","other","moral","他人",7,611,611,"e","true",NA,NA,NA,NA,"phase_015_subj_5"
17737,25,17,"<p style=""color:white; font-size: 35px;"">卑鄙</p>","negative","moral","卑鄙",7,1166,1166,"i","true",NA,NA,NA,NA,"phase_015_subj_5"
17738,25,17,"<p style=""color:rgb(150, 250, 100); font-size: 35px;"">别人</p>","other","moral","别人",7,624,624,"e","true",NA,NA,NA,NA,"phase_015_subj_5"
17739,25,17,"<p style=""color:white; font-size: 35px;"">君子</p>","positive","moral","君子",7,1295,1295,"e","true",NA,NA,NA,NA,"phase_015_subj_5"
17740,25,17,"<p style=""color:rgb(150, 250, 100); font-size: 35px;"">自己</p>","self","moral","自己",7,708,708,"i","true",NA,NA,NA,NA,"phase_015_subj_5"
17741,25,17,"<p style=""color:white; font-size: 35px;"">君子</p>","positive","moral","君子",7,774,774,"e","true",NA,NA,NA,NA,"phase_015_subj_5"
17742,25,17,"<p style=""color:rgb(150, 250, 100); font-size: 35px;"">他人</p>","other","moral","他人",7,715,715,"e","true",NA,NA,NA,NA,"phase_015_subj_5"
17743,25,17,"<p style=""color:white; font-size: 35px;"">不仁</p>","negative","moral","不仁",7,998,998,"i","true",NA,NA,NA,NA,"phase_015_subj_5"
17744,25,17,"<p style=""color:rgb(150, 250, 100); font-size: 35px;"">自己的</p>","self","moral","自己的",7,648,648,"i","true",NA,NA,NA,NA,"phase_015_subj_5"
17745,25,17,"<p style=""color:white; font-size: 35px;"">诚信</p>","positive","moral","诚信",7,580,580,"e","true",NA,NA,NA,NA,"phase_015_subj_5"
17746,25,17,"<p style=""color:rgb(150, 250, 100); font-size: 35px;"">我的</p>","self","moral","我的",7,545,545,"i","true",NA,NA,NA,NA,"phase_015_subj_5"
17747,25,17,"<p style=""color:white; font-size: 35px;"">不孝</p>","negative","moral","不孝",7,671,671,"i","true",NA,NA,NA,NA,"phase_015_subj_5"
17748,25,17,"<p style=""color:rgb(150, 250, 100); font-size: 35px;"">他</p>","other","moral","他",7,514,514,"e","true",NA,NA,NA,NA,"phase_015_subj_5"
17749,25,17,"<p style=""color:white; font-size: 35px;"">善良</p>","positive","moral","善良",7,1164,1164,"e","true",NA,NA,NA,NA,"phase_015_subj_5"
17750,25,17,"<p style=""color:rgb(150, 250, 100); font-size: 35px;"">我的</p>","self","moral","我的",7,635,635,"i","true",NA,NA,NA,NA,"phase_015_subj_5"
17751,25,17,"<p style=""color:white; font-size: 35px;"">黑心</p>","negative","moral","黑心",7,1080,1080,"i","true",NA,NA,NA,NA,"phase_015_subj_5"
17752,25,17,"<p style=""color:rgb(150, 250, 100); font-size: 35px;"">别人的</p>","other","moral","别人的",7,567,567,"e","true",NA,NA,NA,NA,"phase_015_subj_5"
17753,25,17,"<p style=""color:white; font-size: 35px;"">缺德</p>","negative","moral","缺德",7,1246,1246,"i","true",NA,NA,NA,NA,"phase_015_subj_5"
17754,25,17,"<p style=""color:rgb(150, 250, 100); font-size: 35px;"">他</p>","other","moral","他",7,662,662,"e","true",NA,NA,NA,NA,"phase_015_subj_5"
17755,25,17,"<p style=""color:white; font-size: 35px;"">廉正</p>","positive","moral","廉正",7,981,981,"e","true",NA,NA,NA,NA,"phase_015_subj_5"
17756,25,17,"<p style=""color:rgb(150, 250, 100); font-size: 35px;"">我</p>","self","moral","我",7,463,463,"i","true",NA,NA,NA,NA,"phase_015_subj_5"
