"rt","stimulus","response","trial_type","trial_index","time_elapsed","internal_node_id","swb_1","swb_2","swb_3","swb_4","swb_5","LOT_1","LOT_2","LOT_3","LOT_4","LOT_5","LOT_6","IPC_1","IPC_2","IPC_3","IPC_4","IPC_5","IPC_6","IPC_7","IPC_8","MorIden_1","MorIden_2","MorIden_3","MorIden_4","MorIden_5","MorIden_6","MorIden_7","MorIden_8","MorIden_9","MorIden_10","moralSeImag_1","moralSeImag_2","moralSeImag_3","moralSeImag_4","moralSeImag_5","moralSeImag_6","moralSeImag_7","moralSeImag_8","moralSeImag_9","sde_1","sde_2","sde_3","sde_4","sde_5","sde_6","sde_7","sde_8","sde_9","sde_10","trap2","sde_11","sde_12","sde_13","sde_14","sde_15","sde_16","sde_17","sde_18","sde_19","sde_20","IM_1","IM_2","IM_3","IM_4","IM_5","IM_6","IM_7","IM_8","IM_9","IM_10","IM_11","IM_12","IM_13","IM_14","IM_15","IM_16","IM_17","IM_18","IM_19","IM_20","subj_idx","friend_name","ParticipantID","Sex","Word","Word2","value","success","timeout","failed_images","failed_audio","failed_video","user_agent","responses","item_order","radio_event_ids","radio_event_times","key_event_times","mouse_event_times","straightlining","zigzagging","honeypot","task_id","screen_id","time_stamp","response_type","key_press","avg_frame_time","center_x","center_y","person","word","valence","domain","math","correct_response","correct","status","view_history","identity","duration","Image","condition","question_order","trap2_item"
"4493","
   <p><div style='color:white; font-size: 25px'>您好，欢迎参加本次实验。</div></p>
   <p><div style='color:white; font-size: 25px'>为充分保障您的权利，请确保您已经知晓并同意《参与实验同意书》以及《数据公开知情同意书》。</div></p>
   <p><div style='color:white; font-size: 25px'>如果您未见过上述内容，请咨询实验员。</div></p>
   <p style='color:white; font-size: 25px'>如果您选择继续实验，则表示您已经清楚两份知情同意书的内容并同意。</p>
   <p><div style = ""color: pink;font-size:30px;"">请确保您记得day0的实验编号，您将在本次实验输入该编号，若您忘记，请咨询实验员后作答。</div></p>
   <p><div style = ""color:lightblue;font-size:25px;"">请您尽可能认真地作答，我们将依据您在各问卷和按键任务中的作答质量发放报酬。</div></p>
   <p> <div style = ""color: green""><按空格键至下页></div> </p>
   "," ","html-keyboard-response","0","4500","0.0-0.0","5","2","5","1","1","5","3","4","4","5","5","0","0","1","2","-2","1","1","2","5","4","5","4","2","1","2","3","4","3","4","6","4","8","3","7","6","5","7","5","5","3","3","6","2","5","2","5","5","1","2","2","5","1","1","5","5","4","6","3","1","2","2","1","1","2","6","2","1","7","1","1","1","1","1","2","1","7","1","3","799230569765543938","仲","102","Female","[""坏我"",""好我"",""好她"",""坏她""]","[""弱我"",""强我"",""强她"",""弱她""]","","","","","","","","","","","","","","","","","","","","","","","","","","","","","","","","","","","","","","",""
"","","","call-function","1","4503","0.0-1.0-0.0","5","2","5","1","1","5","3","4","4","5","5","0","0","1","2","-2","1","1","2","5","4","5","4","2","1","2","3","4","3","4","6","4","8","3","7","6","5","7","5","5","3","3","6","2","5","2","5","5","1","2","2","5","1","1","5","5","4","6","3","1","2","2","1","1","2","6","2","1","7","1","1","1","1","1","2","1","7","1","3","799230569765543938","仲","102","Female","[""坏我"",""好我"",""好她"",""坏她""]","[""弱我"",""强我"",""强她"",""弱她""]","","","","","","","","","","","","","","","","","","","","","","","","","","","","","","","","","","","","","","",""
"34801","","[{""name"":""Sex"",""value"":""1""},{""name"":""friend_name"",""value"":""仲""},{""name"":""ParticipantID"",""value"":""102""}]","survey-html-form","2","39314","0.0-1.0-1.0","5","2","5","1","1","5","3","4","4","5","5","0","0","1","2","-2","1","1","2","5","4","5","4","2","1","2","3","4","3","4","6","4","8","3","7","6","5","7","5","5","3","3","6","2","5","2","5","5","1","2","2","5","1","1","5","5","4","6","3","1","2","2","1","1","2","6","2","1","7","1","1","1","1","1","2","1","7","1","3","799230569765543938","仲","102","Female","[""坏我"",""好我"",""好她"",""坏她""]","[""弱我"",""强我"",""强她"",""弱她""]","","","","","","","","","","","","","","","","","","","","","","","","","","","","","","","","","","","","","","",""
"","","","preload","3","39949","0.0-2.0","5","2","5","1","1","5","3","4","4","5","5","0","0","1","2","-2","1","1","2","5","4","5","4","2","1","2","3","4","3","4","6","4","8","3","7","6","5","7","5","5","3","3","6","2","5","2","5","5","1","2","2","5","1","1","5","5","4","6","3","1","2","2","1","1","2","6","2","1","7","1","1","1","1","1","2","1","7","1","3","799230569765543938","仲","102","Female","[""坏我"",""好我"",""好她"",""坏她""]","[""弱我"",""强我"",""强她"",""弱她""]","","true","false","[]","[]","[]","","","","","","","","","","","","","","","","","","","","","","","","","","","","","","","","",""
"","","","fullscreen","4","46805","0.0-3.0","5","2","5","1","1","5","3","4","4","5","5","0","0","1","2","-2","1","1","2","5","4","5","4","2","1","2","3","4","3","4","6","4","8","3","7","6","5","7","5","5","3","3","6","2","5","2","5","5","1","2","2","5","1","1","5","5","4","6","3","1","2","2","1","1","2","6","2","1","7","1","1","1","1","1","2","1","7","1","3","799230569765543938","仲","102","Female","[""坏我"",""好我"",""好她"",""坏她""]","[""弱我"",""强我"",""强她"",""弱她""]","","true","","","","","{}","","","","","","","","","","","","","","","","","","","","","","","","","","","","","","","",""
"29408.599999999977","","{""Q01"":""5"",""Q02"":""2"",""Q03"":""5"",""Q04"":""1"",""Q05"":""1""}","survey-template","5","76219","0.0-4.0","5","2","5","1","1","5","3","4","4","5","5","0","0","1","2","-2","1","1","2","5","4","5","4","2","1","2","3","4","3","4","6","4","8","3","7","6","5","7","5","5","3","3","6","2","5","2","5","5","1","2","2","5","1","1","5","5","4","6","3","1","2","2","1","1","2","6","2","1","7","1","1","1","1","1","2","1","7","1","3","799230569765543938","仲","102","Female","[""坏我"",""好我"",""好她"",""坏她""]","[""弱我"",""强我"",""强她"",""弱她""]","","","","","","","","{""Q01"":""5"",""Q02"":""2"",""Q03"":""5"",""Q04"":""1"",""Q05"":""1""}","[0,1,2,3,4]","[""Q01"",""Q02"",""Q01"",""Q03"",""Q04"",""Q05""]","[12663.599999999977,16919,21575.79999999993,22184.199999999953,26519.599999999977,28399.099999999977]","[]","[12663.599999999977,16919,21575.79999999993,22184.199999999953,26519.599999999977,28399.099999999977,29406.899999999907]","0.4","0","0","","","","","","","","","","","","","","","","","","","","","","",""
"26130.099999999977","","{""Q01"":""5"",""Q02"":""3"",""Q03"":""4"",""Q04"":""4"",""Q05"":""5"",""Q06"":""5""}","survey-template","6","102360","0.0-5.0","5","2","5","1","1","5","3","4","4","5","5","0","0","1","2","-2","1","1","2","5","4","5","4","2","1","2","3","4","3","4","6","4","8","3","7","6","5","7","5","5","3","3","6","2","5","2","5","5","1","2","2","5","1","1","5","5","4","6","3","1","2","2","1","1","2","6","2","1","7","1","1","1","1","1","2","1","7","1","3","799230569765543938","仲","102","Female","[""坏我"",""好我"",""好她"",""坏她""]","[""弱我"",""强我"",""强她"",""弱她""]","","","","","","","","{""Q01"":""5"",""Q02"":""3"",""Q03"":""4"",""Q04"":""4"",""Q05"":""5"",""Q06"":""5""}","[0,1,2,3,4,5]","[""Q01"",""Q02"",""Q03"",""Q04"",""Q05"",""Q06""]","[4806.5,12862.5,14384.5,18478.599999999977,23238.699999999953,25021.400000000023]","[]","[4806.5,10205.400000000023,12222.900000000023,12862.5,14384.5,18478.599999999977,23238.699999999953,25021.400000000023,26127]","0.3333333333333333","0.6","0","","","","","","","","","","","","","","","","","","","","","","",""
"49368.79999999993","","{""Q01"":""0"",""Q02"":""0"",""Q03"":""1"",""Q04"":""2"",""Q05"":""-2"",""Q06"":""1"",""Q07"":""1"",""Q08"":""2""}","survey-template","7","151739","0.0-6.0","5","2","5","1","1","5","3","4","4","5","5","0","0","1","2","-2","1","1","2","5","4","5","4","2","1","2","3","4","3","4","6","4","8","3","7","6","5","7","5","5","3","3","6","2","5","2","5","5","1","2","2","5","1","1","5","5","4","6","3","1","2","2","1","1","2","6","2","1","7","1","1","1","1","1","2","1","7","1","3","799230569765543938","仲","102","Female","[""坏我"",""好我"",""好她"",""坏她""]","[""弱我"",""强我"",""强她"",""弱她""]","","","","","","","","{""Q01"":""0"",""Q02"":""0"",""Q03"":""1"",""Q04"":""2"",""Q05"":""-2"",""Q06"":""1"",""Q07"":""1"",""Q08"":""2""}","[0,1,2,3,4,5,6,7]","[""Q01"",""Q02"",""Q01"",""Q03"",""Q04"",""Q05"",""Q06"",""Q07"",""Q08""]","[6939.199999999953,15884.199999999953,16627.699999999953,18323.199999999953,24260.399999999907,25147.099999999977,28988.699999999953,32227.399999999907,48604.69999999995]","[]","[6939.199999999953,15884.199999999953,16627.699999999953,18323.199999999953,24260.399999999907,25147.099999999977,28988.699999999953,32227.399999999907,48604.69999999995,49364]","0.375","0.42857142857142855","0","","","","","","","","","","","","","","","","","","","","","","",""
"14876","
    <p><div style='color:white;font-size:35px; line-height:20px;'>词汇评估任务</div></p><br>
    <p><div style='color:white;font-size:25px; line-height:20px;'>请再次回忆该亲密的朋友，你们至少2年前就认识了，并且最近2年经常见面。</div></p>
    <p><div style='color:white;font-size:25px; line-height:20px;'>在本实验中，您将会看到一些形容词。</div></p>
    <p><div style='color:yellow;font-size:25px; line-height:20px;'>您的任务是判断这些形容词是否符合对您自己或您的朋友的描述。</div></p><p style='font-size:35px'>符合按<span style=""color:lightgreen""> f 键</span>，不符合按<span style=""color:red""> j 键</span></p>","0","html-button-response","8","166622","0.0-7.0-0.0","5","2","5","1","1","5","3","4","4","5","5","0","0","1","2","-2","1","1","2","5","4","5","4","2","1","2","3","4","3","4","6","4","8","3","7","6","5","7","5","5","3","3","6","2","5","2","5","5","1","2","2","5","1","1","5","5","4","6","3","1","2","2","1","1","2","6","2","1","7","1","1","1","1","1","2","1","7","1","3","799230569765543938","仲","102","Female","[""坏我"",""好我"",""好她"",""坏她""]","[""弱我"",""强我"",""强她"",""弱她""]","","","","","","","","","","","","","","","","","SRET_EW","EW_instructions","Fri Jan 19 2024 19:12:01 GMT+0800 (中国标准时间)","","","","","","","","","","","","","","","","","","","",""
"null","","null","psychophysics","9","169632","0.0-7.0-1.0-0.0","5","2","5","1","1","5","3","4","4","5","5","0","0","1","2","-2","1","1","2","5","4","5","4","2","1","2","3","4","3","4","6","4","8","3","7","6","5","7","5","5","3","3","6","2","5","2","5","5","1","2","2","5","1","1","5","5","4","6","3","1","2","2","1","1","2","6","2","1","7","1","1","1","1","1","2","1","7","1","3","799230569765543938","仲","102","Female","[""坏我"",""好我"",""好她"",""坏她""]","[""弱我"",""强我"",""强她"",""弱她""]","","","","","","","","","","","","","","","","","SRET_EW","EW_practice","","key","null","16.572928176795646","683","380","朋友","徇私","Negative","morality","","","","","","","","","","",""
"1304","","j","psychophysics","10","171945","0.0-7.0-1.0-0.1","5","2","5","1","1","5","3","4","4","5","5","0","0","1","2","-2","1","1","2","5","4","5","4","2","1","2","3","4","3","4","6","4","8","3","7","6","5","7","5","5","3","3","6","2","5","2","5","5","1","2","2","5","1","1","5","5","4","6","3","1","2","2","1","1","2","6","2","1","7","1","1","1","1","1","2","1","7","1","3","799230569765543938","仲","102","Female","[""坏我"",""好我"",""好她"",""坏她""]","[""弱我"",""强我"",""强她"",""弱她""]","","","","","","","","no","","","","","","","","","SRET_EW","EW_practice","","key","j","16.665942028985675","683","380","自己","刻板","Negative","ability","","","","","","","","","","",""
"1514","","j","psychophysics","11","174466","0.0-7.0-1.0-0.2","5","2","5","1","1","5","3","4","4","5","5","0","0","1","2","-2","1","1","2","5","4","5","4","2","1","2","3","4","3","4","6","4","8","3","7","6","5","7","5","5","3","3","6","2","5","2","5","5","1","2","2","5","1","1","5","5","4","6","3","1","2","2","1","1","2","6","2","1","7","1","1","1","1","1","2","1","7","1","3","799230569765543938","仲","102","Female","[""坏我"",""好我"",""好她"",""坏她""]","[""弱我"",""强我"",""强她"",""弱她""]","","","","","","","","no","","","","","","","","","SRET_EW","EW_practice","","key","j","16.666000000000157","683","380","自己","严谨","Positive","ability","","","","","","","","","","",""
"966","","f","psychophysics","12","176434","0.0-7.0-1.0-0.3","5","2","5","1","1","5","3","4","4","5","5","0","0","1","2","-2","1","1","2","5","4","5","4","2","1","2","3","4","3","4","6","4","8","3","7","6","5","7","5","5","3","3","6","2","5","2","5","5","1","2","2","5","1","1","5","5","4","6","3","1","2","2","1","1","2","6","2","1","7","1","1","1","1","1","2","1","7","1","3","799230569765543938","仲","102","Female","[""坏我"",""好我"",""好她"",""坏她""]","[""弱我"",""强我"",""强她"",""弱她""]","","","","","","","","yes","","","","","","","","","SRET_EW","EW_practice","","key","f","16.665811965811915","683","380","朋友","忠实","Positive","morality","","","","","","","","","","",""
"8974","
    <p><div style='color:white;font-size:35px; line-height:20px;'>请您再次阅读实验要求</div></p><br>
    <p><div style='color:white;font-size:25px; line-height:20px;'>请回忆某一个亲密的朋友，你们至少2年前就认识了，并且最近2年经常见面。</div></p>
    <p><div style='color:white;font-size:25px; line-height:20px;'>在本实验中，您将会看到一些形容词。</div></p>
    <p><div style='color:yellow;font-size:25px; line-height:20px;'>您的任务是判断这些形容词是否符合对您自己或您的朋友的描述。</div></p>
    <p><div class='footer' style='font-size:25px; line-height:20px;'>如果对本实验还有不清楚之处，请立即向实验员咨询。</p><p style='font-size:25px; line-height:20px;'>如果您明白了规则：</p><p style='font-size:22px; line-height:20px;'>请按 继续 进入正式实验</p>
    </div>
    <p style='font-size:35px'>符合按<span style=""color:lightgreen""> f 键</span>，不符合按<span style=""color:red""> j 键</span></p>","0","html-button-response","13","185411","0.0-7.0-2.0","5","2","5","1","1","5","3","4","4","5","5","0","0","1","2","-2","1","1","2","5","4","5","4","2","1","2","3","4","3","4","6","4","8","3","7","6","5","7","5","5","3","3","6","2","5","2","5","5","1","2","2","5","1","1","5","5","4","6","3","1","2","2","1","1","2","6","2","1","7","1","1","1","1","1","2","1","7","1","3","799230569765543938","仲","102","Female","[""坏我"",""好我"",""好她"",""坏她""]","[""弱我"",""强我"",""强她"",""弱她""]","","","","","","","","","","","","","","","","","SRET_EW","prac_instructions","Fri Jan 19 2024 19:12:01 GMT+0800 (中国标准时间)","","","","","","","","","","","","","","","","","","","",""
"1051","","f","psychophysics","14","187469","0.0-7.0-3.0-0.0","5","2","5","1","1","5","3","4","4","5","5","0","0","1","2","-2","1","1","2","5","4","5","4","2","1","2","3","4","3","4","6","4","8","3","7","6","5","7","5","5","3","3","6","2","5","2","5","5","1","2","2","5","1","1","5","5","4","6","3","1","2","2","1","1","2","6","2","1","7","1","1","1","1","1","2","1","7","1","3","799230569765543938","仲","102","Female","[""坏我"",""好我"",""好她"",""坏她""]","[""弱我"",""强我"",""强她"",""弱她""]","","","","","","","","yes","","","","","","","","","SRET","EW_formal","","key","f","16.66393442622951","683","380","朋友","迷糊","Negative","ability","","","","","","","","","","",""
"1239","","j","psychophysics","15","189710","0.0-7.0-3.0-0.1","5","2","5","1","1","5","3","4","4","5","5","0","0","1","2","-2","1","1","2","5","4","5","4","2","1","2","3","4","3","4","6","4","8","3","7","6","5","7","5","5","3","3","6","2","5","2","5","5","1","2","2","5","1","1","5","5","4","6","3","1","2","2","1","1","2","6","2","1","7","1","1","1","1","1","2","1","7","1","3","799230569765543938","仲","102","Female","[""坏我"",""好我"",""好她"",""坏她""]","[""弱我"",""强我"",""强她"",""弱她""]","","","","","","","","no","","","","","","","","","SRET","EW_formal","","key","j","16.665671641790915","683","380","自己","坚贞","Positive","morality","","","","","","","","","","",""
"1059","","f","psychophysics","16","191776","0.0-7.0-3.0-0.2","5","2","5","1","1","5","3","4","4","5","5","0","0","1","2","-2","1","1","2","5","4","5","4","2","1","2","3","4","3","4","6","4","8","3","7","6","5","7","5","5","3","3","6","2","5","2","5","5","1","2","2","5","1","1","5","5","4","6","3","1","2","2","1","1","2","6","2","1","7","1","1","1","1","1","2","1","7","1","3","799230569765543938","仲","102","Female","[""坏我"",""好我"",""好她"",""坏她""]","[""弱我"",""强我"",""强她"",""弱她""]","","","","","","","","yes","","","","","","","","","SRET","EW_formal","","key","f","16.665040650406645","683","380","朋友","务实","Positive","ability","","","","","","","","","","",""
"1611","","j","psychophysics","17","194394","0.0-7.0-3.0-0.3","5","2","5","1","1","5","3","4","4","5","5","0","0","1","2","-2","1","1","2","5","4","5","4","2","1","2","3","4","3","4","6","4","8","3","7","6","5","7","5","5","3","3","6","2","5","2","5","5","1","2","2","5","1","1","5","5","4","6","3","1","2","2","1","1","2","6","2","1","7","1","1","1","1","1","2","1","7","1","3","799230569765543938","仲","102","Female","[""坏我"",""好我"",""好她"",""坏她""]","[""弱我"",""强我"",""强她"",""弱她""]","","","","","","","","no","","","","","","","","","SRET","EW_formal","","key","j","16.66538461538454","683","380","自己","说谎","Negative","morality","","","","","","","","","","",""
"1459","","j","psychophysics","18","196860","0.0-7.0-3.0-0.4","5","2","5","1","1","5","3","4","4","5","5","0","0","1","2","-2","1","1","2","5","4","5","4","2","1","2","3","4","3","4","6","4","8","3","7","6","5","7","5","5","3","3","6","2","5","2","5","5","1","2","2","5","1","1","5","5","4","6","3","1","2","2","1","1","2","6","2","1","7","1","1","1","1","1","2","1","7","1","3","799230569765543938","仲","102","Female","[""坏我"",""好我"",""好她"",""坏她""]","[""弱我"",""强我"",""强她"",""弱她""]","","","","","","","","no","","","","","","","","","SRET","EW_formal","","key","j","16.665986394557784","683","380","朋友","利己","Negative","morality","","","","","","","","","","",""
"870","","j","psychophysics","19","198737","0.0-7.0-3.0-0.5","5","2","5","1","1","5","3","4","4","5","5","0","0","1","2","-2","1","1","2","5","4","5","4","2","1","2","3","4","3","4","6","4","8","3","7","6","5","7","5","5","3","3","6","2","5","2","5","5","1","2","2","5","1","1","5","5","4","6","3","1","2","2","1","1","2","6","2","1","7","1","1","1","1","1","2","1","7","1","3","799230569765543938","仲","102","Female","[""坏我"",""好我"",""好她"",""坏她""]","[""弱我"",""强我"",""强她"",""弱她""]","","","","","","","","no","","","","","","","","","SRET","EW_formal","","key","j","16.665765765765713","683","380","朋友","混账","Negative","morality","","","","","","","","","","",""
"956","","f","psychophysics","20","200695","0.0-7.0-3.0-0.6","5","2","5","1","1","5","3","4","4","5","5","0","0","1","2","-2","1","1","2","5","4","5","4","2","1","2","3","4","3","4","6","4","8","3","7","6","5","7","5","5","3","3","6","2","5","2","5","5","1","2","2","5","1","1","5","5","4","6","3","1","2","2","1","1","2","6","2","1","7","1","1","1","1","1","2","1","7","1","3","799230569765543938","仲","102","Female","[""坏我"",""好我"",""好她"",""坏她""]","[""弱我"",""强我"",""强她"",""弱她""]","","","","","","","","yes","","","","","","","","","SRET","EW_formal","","key","f","16.665811965811915","683","380","自己","清廉","Positive","morality","","","","","","","","","","",""
"716","","f","psychophysics","21","202415","0.0-7.0-3.0-0.7","5","2","5","1","1","5","3","4","4","5","5","0","0","1","2","-2","1","1","2","5","4","5","4","2","1","2","3","4","3","4","6","4","8","3","7","6","5","7","5","5","3","3","6","2","5","2","5","5","1","2","2","5","1","1","5","5","4","6","3","1","2","2","1","1","2","6","2","1","7","1","1","1","1","1","2","1","7","1","3","799230569765543938","仲","102","Female","[""坏我"",""好我"",""好她"",""坏她""]","[""弱我"",""强我"",""强她"",""弱她""]","","","","","","","","yes","","","","","","","","","SRET","EW_formal","","key","f","16.664705882352827","683","380","自己","仁厚","Positive","morality","","","","","","","","","","",""
"789","","j","psychophysics","22","204211","0.0-7.0-3.0-0.8","5","2","5","1","1","5","3","4","4","5","5","0","0","1","2","-2","1","1","2","5","4","5","4","2","1","2","3","4","3","4","6","4","8","3","7","6","5","7","5","5","3","3","6","2","5","2","5","5","1","2","2","5","1","1","5","5","4","6","3","1","2","2","1","1","2","6","2","1","7","1","1","1","1","1","2","1","7","1","3","799230569765543938","仲","102","Female","[""坏我"",""好我"",""好她"",""坏她""]","[""弱我"",""强我"",""强她"",""弱她""]","","","","","","","","no","","","","","","","","","SRET","EW_formal","","key","j","16.666355140186806","683","380","朋友","博学","Positive","ability","","","","","","","","","","",""
"1199","","j","psychophysics","23","206417","0.0-7.0-3.0-0.9","5","2","5","1","1","5","3","4","4","5","5","0","0","1","2","-2","1","1","2","5","4","5","4","2","1","2","3","4","3","4","6","4","8","3","7","6","5","7","5","5","3","3","6","2","5","2","5","5","1","2","2","5","1","1","5","5","4","6","3","1","2","2","1","1","2","6","2","1","7","1","1","1","1","1","2","1","7","1","3","799230569765543938","仲","102","Female","[""坏我"",""好我"",""好她"",""坏她""]","[""弱我"",""强我"",""强她"",""弱她""]","","","","","","","","no","","","","","","","","","SRET","EW_formal","","key","j","16.665648854961923","683","380","自己","娴熟","Positive","ability","","","","","","","","","","",""
"911","","j","psychophysics","24","208333","0.0-7.0-3.0-0.10","5","2","5","1","1","5","3","4","4","5","5","0","0","1","2","-2","1","1","2","5","4","5","4","2","1","2","3","4","3","4","6","4","8","3","7","6","5","7","5","5","3","3","6","2","5","2","5","5","1","2","2","5","1","1","5","5","4","6","3","1","2","2","1","1","2","6","2","1","7","1","1","1","1","1","2","1","7","1","3","799230569765543938","仲","102","Female","[""坏我"",""好我"",""好她"",""坏她""]","[""弱我"",""强我"",""强她"",""弱她""]","","","","","","","","no","","","","","","","","","SRET","EW_formal","","key","j","16.66578947368416","683","380","自己","坦荡","Positive","morality","","","","","","","","","","",""
"763","","j","psychophysics","25","210102","0.0-7.0-3.0-0.11","5","2","5","1","1","5","3","4","4","5","5","0","0","1","2","-2","1","1","2","5","4","5","4","2","1","2","3","4","3","4","6","4","8","3","7","6","5","7","5","5","3","3","6","2","5","2","5","5","1","2","2","5","1","1","5","5","4","6","3","1","2","2","1","1","2","6","2","1","7","1","1","1","1","1","2","1","7","1","3","799230569765543938","仲","102","Female","[""坏我"",""好我"",""好她"",""坏她""]","[""弱我"",""强我"",""强她"",""弱她""]","","","","","","","","no","","","","","","","","","SRET","EW_formal","","key","j","16.664761904761793","683","380","朋友","小人","Negative","morality","","","","","","","","","","",""
"779","","j","psychophysics","26","211884","0.0-7.0-3.0-0.12","5","2","5","1","1","5","3","4","4","5","5","0","0","1","2","-2","1","1","2","5","4","5","4","2","1","2","3","4","3","4","6","4","8","3","7","6","5","7","5","5","3","3","6","2","5","2","5","5","1","2","2","5","1","1","5","5","4","6","3","1","2","2","1","1","2","6","2","1","7","1","1","1","1","1","2","1","7","1","3","799230569765543938","仲","102","Female","[""坏我"",""好我"",""好她"",""坏她""]","[""弱我"",""强我"",""强她"",""弱她""]","","","","","","","","no","","","","","","","","","SRET","EW_formal","","key","j","16.666037735849113","683","380","朋友","全才","Positive","ability","","","","","","","","","","",""
"858","","f","psychophysics","27","213747","0.0-7.0-3.0-0.13","5","2","5","1","1","5","3","4","4","5","5","0","0","1","2","-2","1","1","2","5","4","5","4","2","1","2","3","4","3","4","6","4","8","3","7","6","5","7","5","5","3","3","6","2","5","2","5","5","1","2","2","5","1","1","5","5","4","6","3","1","2","2","1","1","2","6","2","1","7","1","1","1","1","1","2","1","7","1","3","799230569765543938","仲","102","Female","[""坏我"",""好我"",""好她"",""坏她""]","[""弱我"",""强我"",""强她"",""弱她""]","","","","","","","","yes","","","","","","","","","SRET","EW_formal","","key","f","16.664864864865024","683","380","朋友","精干","Positive","ability","","","","","","","","","","",""
"1025","","f","psychophysics","28","215775","0.0-7.0-3.0-0.14","5","2","5","1","1","5","3","4","4","5","5","0","0","1","2","-2","1","1","2","5","4","5","4","2","1","2","3","4","3","4","6","4","8","3","7","6","5","7","5","5","3","3","6","2","5","2","5","5","1","2","2","5","1","1","5","5","4","6","3","1","2","2","1","1","2","6","2","1","7","1","1","1","1","1","2","1","7","1","3","799230569765543938","仲","102","Female","[""坏我"",""好我"",""好她"",""坏她""]","[""弱我"",""强我"",""强她"",""弱她""]","","","","","","","","yes","","","","","","","","","SRET","EW_formal","","key","f","16.665289256198346","683","380","朋友","无私","Positive","morality","","","","","","","","","","",""
"798","","f","psychophysics","29","217579","0.0-7.0-3.0-0.15","5","2","5","1","1","5","3","4","4","5","5","0","0","1","2","-2","1","1","2","5","4","5","4","2","1","2","3","4","3","4","6","4","8","3","7","6","5","7","5","5","3","3","6","2","5","2","5","5","1","2","2","5","1","1","5","5","4","6","3","1","2","2","1","1","2","6","2","1","7","1","1","1","1","1","2","1","7","1","3","799230569765543938","仲","102","Female","[""坏我"",""好我"",""好她"",""坏她""]","[""弱我"",""强我"",""强她"",""弱她""]","","","","","","","","yes","","","","","","","","","SRET","EW_formal","","key","f","16.664485981308466","683","380","朋友","守法","Positive","morality","","","","","","","","","","",""
"879","","j","psychophysics","30","219462","0.0-7.0-3.0-0.16","5","2","5","1","1","5","3","4","4","5","5","0","0","1","2","-2","1","1","2","5","4","5","4","2","1","2","3","4","3","4","6","4","8","3","7","6","5","7","5","5","3","3","6","2","5","2","5","5","1","2","2","5","1","1","5","5","4","6","3","1","2","2","1","1","2","6","2","1","7","1","1","1","1","1","2","1","7","1","3","799230569765543938","仲","102","Female","[""坏我"",""好我"",""好她"",""坏她""]","[""弱我"",""强我"",""强她"",""弱她""]","","","","","","","","no","","","","","","","","","SRET","EW_formal","","key","j","16.665178571428573","683","380","自己","独断","Negative","ability","","","","","","","","","","",""
"1318","","f","psychophysics","31","221783","0.0-7.0-3.0-0.17","5","2","5","1","1","5","3","4","4","5","5","0","0","1","2","-2","1","1","2","5","4","5","4","2","1","2","3","4","3","4","6","4","8","3","7","6","5","7","5","5","3","3","6","2","5","2","5","5","1","2","2","5","1","1","5","5","4","6","3","1","2","2","1","1","2","6","2","1","7","1","1","1","1","1","2","1","7","1","3","799230569765543938","仲","102","Female","[""坏我"",""好我"",""好她"",""坏她""]","[""弱我"",""强我"",""强她"",""弱她""]","","","","","","","","yes","","","","","","","","","SRET","EW_formal","","key","f","16.665217391304264","683","380","自己","忠勇","Positive","morality","","","","","","","","","","",""
"933","","f","psychophysics","32","223719","0.0-7.0-3.0-0.18","5","2","5","1","1","5","3","4","4","5","5","0","0","1","2","-2","1","1","2","5","4","5","4","2","1","2","3","4","3","4","6","4","8","3","7","6","5","7","5","5","3","3","6","2","5","2","5","5","1","2","2","5","1","1","5","5","4","6","3","1","2","2","1","1","2","6","2","1","7","1","1","1","1","1","2","1","7","1","3","799230569765543938","仲","102","Female","[""坏我"",""好我"",""好她"",""坏她""]","[""弱我"",""强我"",""强她"",""弱她""]","","","","","","","","yes","","","","","","","","","SRET","EW_formal","","key","f","16.666086956521536","683","380","朋友","奉献","Positive","morality","","","","","","","","","","",""
"744","","j","psychophysics","33","225469","0.0-7.0-3.0-0.19","5","2","5","1","1","5","3","4","4","5","5","0","0","1","2","-2","1","1","2","5","4","5","4","2","1","2","3","4","3","4","6","4","8","3","7","6","5","7","5","5","3","3","6","2","5","2","5","5","1","2","2","5","1","1","5","5","4","6","3","1","2","2","1","1","2","6","2","1","7","1","1","1","1","1","2","1","7","1","3","799230569765543938","仲","102","Female","[""坏我"",""好我"",""好她"",""坏她""]","[""弱我"",""强我"",""强她"",""弱她""]","","","","","","","","no","","","","","","","","","SRET","EW_formal","","key","j","16.665384615384728","683","380","自己","弱智","Negative","ability","","","","","","","","","","",""
"709","","f","psychophysics","34","227181","0.0-7.0-3.0-0.20","5","2","5","1","1","5","3","4","4","5","5","0","0","1","2","-2","1","1","2","5","4","5","4","2","1","2","3","4","3","4","6","4","8","3","7","6","5","7","5","5","3","3","6","2","5","2","5","5","1","2","2","5","1","1","5","5","4","6","3","1","2","2","1","1","2","6","2","1","7","1","1","1","1","1","2","1","7","1","3","799230569765543938","仲","102","Female","[""坏我"",""好我"",""好她"",""坏她""]","[""弱我"",""强我"",""强她"",""弱她""]","","","","","","","","yes","","","","","","","","","SRET","EW_formal","","key","f","16.66470588235311","683","380","自己","上进","Positive","ability","","","","","","","","","","",""
"722","","j","psychophysics","35","228910","0.0-7.0-3.0-0.21","5","2","5","1","1","5","3","4","4","5","5","0","0","1","2","-2","1","1","2","5","4","5","4","2","1","2","3","4","3","4","6","4","8","3","7","6","5","7","5","5","3","3","6","2","5","2","5","5","1","2","2","5","1","1","5","5","4","6","3","1","2","2","1","1","2","6","2","1","7","1","1","1","1","1","2","1","7","1","3","799230569765543938","仲","102","Female","[""坏我"",""好我"",""好她"",""坏她""]","[""弱我"",""强我"",""强她"",""弱她""]","","","","","","","","no","","","","","","","","","SRET","EW_formal","","key","j","16.66504854368932","683","380","自己","虚假","Negative","morality","","","","","","","","","","",""
"642","","j","psychophysics","36","230559","0.0-7.0-3.0-0.22","5","2","5","1","1","5","3","4","4","5","5","0","0","1","2","-2","1","1","2","5","4","5","4","2","1","2","3","4","3","4","6","4","8","3","7","6","5","7","5","5","3","3","6","2","5","2","5","5","1","2","2","5","1","1","5","5","4","6","3","1","2","2","1","1","2","6","2","1","7","1","1","1","1","1","2","1","7","1","3","799230569765543938","仲","102","Female","[""坏我"",""好我"",""好她"",""坏她""]","[""弱我"",""强我"",""强她"",""弱她""]","","","","","","","","no","","","","","","","","","SRET","EW_formal","","key","j","16.6653061224488","683","380","自己","伪善","Negative","morality","","","","","","","","","","",""
"880","","j","psychophysics","37","232444","0.0-7.0-3.0-0.23","5","2","5","1","1","5","3","4","4","5","5","0","0","1","2","-2","1","1","2","5","4","5","4","2","1","2","3","4","3","4","6","4","8","3","7","6","5","7","5","5","3","3","6","2","5","2","5","5","1","2","2","5","1","1","5","5","4","6","3","1","2","2","1","1","2","6","2","1","7","1","1","1","1","1","2","1","7","1","3","799230569765543938","仲","102","Female","[""坏我"",""好我"",""好她"",""坏她""]","[""弱我"",""强我"",""强她"",""弱她""]","","","","","","","","no","","","","","","","","","SRET","EW_formal","","key","j","16.66607142857148","683","380","自己","刻薄","Negative","morality","","","","","","","","","","",""
"736","","j","psychophysics","38","234185","0.0-7.0-3.0-0.24","5","2","5","1","1","5","3","4","4","5","5","0","0","1","2","-2","1","1","2","5","4","5","4","2","1","2","3","4","3","4","6","4","8","3","7","6","5","7","5","5","3","3","6","2","5","2","5","5","1","2","2","5","1","1","5","5","4","6","3","1","2","2","1","1","2","6","2","1","7","1","1","1","1","1","2","1","7","1","3","799230569765543938","仲","102","Female","[""坏我"",""好我"",""好她"",""坏她""]","[""弱我"",""强我"",""强她"",""弱她""]","","","","","","","","no","","","","","","","","","SRET","EW_formal","","key","j","16.666019417475503","683","380","自己","窝囊","Negative","ability","","","","","","","","","","",""
"864","","f","psychophysics","39","236052","0.0-7.0-3.0-0.25","5","2","5","1","1","5","3","4","4","5","5","0","0","1","2","-2","1","1","2","5","4","5","4","2","1","2","3","4","3","4","6","4","8","3","7","6","5","7","5","5","3","3","6","2","5","2","5","5","1","2","2","5","1","1","5","5","4","6","3","1","2","2","1","1","2","6","2","1","7","1","1","1","1","1","2","1","7","1","3","799230569765543938","仲","102","Female","[""坏我"",""好我"",""好她"",""坏她""]","[""弱我"",""强我"",""强她"",""弱她""]","","","","","","","","yes","","","","","","","","","SRET","EW_formal","","key","f","16.66486486486476","683","380","自己","新手","Negative","ability","","","","","","","","","","",""
"751","","f","psychophysics","40","237805","0.0-7.0-3.0-0.26","5","2","5","1","1","5","3","4","4","5","5","0","0","1","2","-2","1","1","2","5","4","5","4","2","1","2","3","4","3","4","6","4","8","3","7","6","5","7","5","5","3","3","6","2","5","2","5","5","1","2","2","5","1","1","5","5","4","6","3","1","2","2","1","1","2","6","2","1","7","1","1","1","1","1","2","1","7","1","3","799230569765543938","仲","102","Female","[""坏我"",""好我"",""好她"",""坏她""]","[""弱我"",""强我"",""强她"",""弱她""]","","","","","","","","yes","","","","","","","","","SRET","EW_formal","","key","f","16.664423076923132","683","380","自己","善心","Positive","morality","","","","","","","","","","",""
"833","","f","psychophysics","41","239640","0.0-7.0-3.0-0.27","5","2","5","1","1","5","3","4","4","5","5","0","0","1","2","-2","1","1","2","5","4","5","4","2","1","2","3","4","3","4","6","4","8","3","7","6","5","7","5","5","3","3","6","2","5","2","5","5","1","2","2","5","1","1","5","5","4","6","3","1","2","2","1","1","2","6","2","1","7","1","1","1","1","1","2","1","7","1","3","799230569765543938","仲","102","Female","[""坏我"",""好我"",""好她"",""坏她""]","[""弱我"",""强我"",""强她"",""弱她""]","","","","","","","","yes","","","","","","","","","SRET","EW_formal","","key","f","16.666363636363794","683","380","朋友","利落","Positive","ability","","","","","","","","","","",""
"762","","j","psychophysics","42","241411","0.0-7.0-3.0-0.28","5","2","5","1","1","5","3","4","4","5","5","0","0","1","2","-2","1","1","2","5","4","5","4","2","1","2","3","4","3","4","6","4","8","3","7","6","5","7","5","5","3","3","6","2","5","2","5","5","1","2","2","5","1","1","5","5","4","6","3","1","2","2","1","1","2","6","2","1","7","1","1","1","1","1","2","1","7","1","3","799230569765543938","仲","102","Female","[""坏我"",""好我"",""好她"",""坏她""]","[""弱我"",""强我"",""强她"",""弱她""]","","","","","","","","no","","","","","","","","","SRET","EW_formal","","key","j","16.665714285714508","683","380","自己","狡诈","Negative","morality","","","","","","","","","","",""
"907","","f","psychophysics","43","243326","0.0-7.0-3.0-0.29","5","2","5","1","1","5","3","4","4","5","5","0","0","1","2","-2","1","1","2","5","4","5","4","2","1","2","3","4","3","4","6","4","8","3","7","6","5","7","5","5","3","3","6","2","5","2","5","5","1","2","2","5","1","1","5","5","4","6","3","1","2","2","1","1","2","6","2","1","7","1","1","1","1","1","2","1","7","1","3","799230569765543938","仲","102","Female","[""坏我"",""好我"",""好她"",""坏她""]","[""弱我"",""强我"",""强她"",""弱她""]","","","","","","","","yes","","","","","","","","","SRET","EW_formal","","key","f","16.665789473684416","683","380","自己","马虎","Negative","ability","","","","","","","","","","",""
"678","","j","psychophysics","44","245010","0.0-7.0-3.0-0.30","5","2","5","1","1","5","3","4","4","5","5","0","0","1","2","-2","1","1","2","5","4","5","4","2","1","2","3","4","3","4","6","4","8","3","7","6","5","7","5","5","3","3","6","2","5","2","5","5","1","2","2","5","1","1","5","5","4","6","3","1","2","2","1","1","2","6","2","1","7","1","1","1","1","1","2","1","7","1","3","799230569765543938","仲","102","Female","[""坏我"",""好我"",""好她"",""坏她""]","[""弱我"",""强我"",""强她"",""弱她""]","","","","","","","","no","","","","","","","","","SRET","EW_formal","","key","j","16.665","683","380","朋友","邪恶","Negative","morality","","","","","","","","","","",""
"956","","f","psychophysics","45","246970","0.0-7.0-3.0-0.31","5","2","5","1","1","5","3","4","4","5","5","0","0","1","2","-2","1","1","2","5","4","5","4","2","1","2","3","4","3","4","6","4","8","3","7","6","5","7","5","5","3","3","6","2","5","2","5","5","1","2","2","5","1","1","5","5","4","6","3","1","2","2","1","1","2","6","2","1","7","1","1","1","1","1","2","1","7","1","3","799230569765543938","仲","102","Female","[""坏我"",""好我"",""好她"",""坏她""]","[""弱我"",""强我"",""强她"",""弱她""]","","","","","","","","yes","","","","","","","","","SRET","EW_formal","","key","f","16.664655172413593","683","380","自己","干练","Positive","ability","","","","","","","","","","",""
"1164","","j","psychophysics","46","249143","0.0-7.0-3.0-0.32","5","2","5","1","1","5","3","4","4","5","5","0","0","1","2","-2","1","1","2","5","4","5","4","2","1","2","3","4","3","4","6","4","8","3","7","6","5","7","5","5","3","3","6","2","5","2","5","5","1","2","2","5","1","1","5","5","4","6","3","1","2","2","1","1","2","6","2","1","7","1","1","1","1","1","2","1","7","1","3","799230569765543938","仲","102","Female","[""坏我"",""好我"",""好她"",""坏她""]","[""弱我"",""强我"",""强她"",""弱她""]","","","","","","","","no","","","","","","","","","SRET","EW_formal","","key","j","16.66615384615389","683","380","朋友","远见","Positive","ability","","","","","","","","","","",""
"653","","j","psychophysics","47","250803","0.0-7.0-3.0-0.33","5","2","5","1","1","5","3","4","4","5","5","0","0","1","2","-2","1","1","2","5","4","5","4","2","1","2","3","4","3","4","6","4","8","3","7","6","5","7","5","5","3","3","6","2","5","2","5","5","1","2","2","5","1","1","5","5","4","6","3","1","2","2","1","1","2","6","2","1","7","1","1","1","1","1","2","1","7","1","3","799230569765543938","仲","102","Female","[""坏我"",""好我"",""好她"",""坏她""]","[""弱我"",""强我"",""强她"",""弱她""]","","","","","","","","no","","","","","","","","","SRET","EW_formal","","key","j","16.666326530612125","683","380","朋友","黑心","Negative","morality","","","","","","","","","","",""
"1038","","j","psychophysics","48","252844","0.0-7.0-3.0-0.34","5","2","5","1","1","5","3","4","4","5","5","0","0","1","2","-2","1","1","2","5","4","5","4","2","1","2","3","4","3","4","6","4","8","3","7","6","5","7","5","5","3","3","6","2","5","2","5","5","1","2","2","5","1","1","5","5","4","6","3","1","2","2","1","1","2","6","2","1","7","1","1","1","1","1","2","1","7","1","3","799230569765543938","仲","102","Female","[""坏我"",""好我"",""好她"",""坏她""]","[""弱我"",""强我"",""强她"",""弱她""]","","","","","","","","no","","","","","","","","","SRET","EW_formal","","key","j","16.66557377049166","683","380","朋友","逞强","Negative","ability","","","","","","","","","","",""
"736","","j","psychophysics","49","254585","0.0-7.0-3.0-0.35","5","2","5","1","1","5","3","4","4","5","5","0","0","1","2","-2","1","1","2","5","4","5","4","2","1","2","3","4","3","4","6","4","8","3","7","6","5","7","5","5","3","3","6","2","5","2","5","5","1","2","2","5","1","1","5","5","4","6","3","1","2","2","1","1","2","6","2","1","7","1","1","1","1","1","2","1","7","1","3","799230569765543938","仲","102","Female","[""坏我"",""好我"",""好她"",""坏她""]","[""弱我"",""强我"",""强她"",""弱她""]","","","","","","","","no","","","","","","","","","SRET","EW_formal","","key","j","16.666019417475784","683","380","朋友","诡诈","Negative","morality","","","","","","","","","","",""
"902","","f","psychophysics","50","256491","0.0-7.0-3.0-0.36","5","2","5","1","1","5","3","4","4","5","5","0","0","1","2","-2","1","1","2","5","4","5","4","2","1","2","3","4","3","4","6","4","8","3","7","6","5","7","5","5","3","3","6","2","5","2","5","5","1","2","2","5","1","1","5","5","4","6","3","1","2","2","1","1","2","6","2","1","7","1","1","1","1","1","2","1","7","1","3","799230569765543938","仲","102","Female","[""坏我"",""好我"",""好她"",""坏她""]","[""弱我"",""强我"",""强她"",""弱她""]","","","","","","","","yes","","","","","","","","","SRET","EW_formal","","key","f","16.66578947368416","683","380","朋友","礼貌","Positive","morality","","","","","","","","","","",""
"979","","j","psychophysics","51","258475","0.0-7.0-3.0-0.37","5","2","5","1","1","5","3","4","4","5","5","0","0","1","2","-2","1","1","2","5","4","5","4","2","1","2","3","4","3","4","6","4","8","3","7","6","5","7","5","5","3","3","6","2","5","2","5","5","1","2","2","5","1","1","5","5","4","6","3","1","2","2","1","1","2","6","2","1","7","1","1","1","1","1","2","1","7","1","3","799230569765543938","仲","102","Female","[""坏我"",""好我"",""好她"",""坏她""]","[""弱我"",""强我"",""强她"",""弱她""]","","","","","","","","no","","","","","","","","","SRET","EW_formal","","key","j","16.665254237288135","683","380","朋友","怠惰","Negative","ability","","","","","","","","","","",""
"644","","j","psychophysics","52","260125","0.0-7.0-3.0-0.38","5","2","5","1","1","5","3","4","4","5","5","0","0","1","2","-2","1","1","2","5","4","5","4","2","1","2","3","4","3","4","6","4","8","3","7","6","5","7","5","5","3","3","6","2","5","2","5","5","1","2","2","5","1","1","5","5","4","6","3","1","2","2","1","1","2","6","2","1","7","1","1","1","1","1","2","1","7","1","3","799230569765543938","仲","102","Female","[""坏我"",""好我"",""好她"",""坏她""]","[""弱我"",""强我"",""强她"",""弱她""]","","","","","","","","no","","","","","","","","","SRET","EW_formal","","key","j","16.6653061224491","683","380","自己","无耻","Negative","morality","","","","","","","","","","",""
"802","","j","psychophysics","53","261930","0.0-7.0-3.0-0.39","5","2","5","1","1","5","3","4","4","5","5","0","0","1","2","-2","1","1","2","5","4","5","4","2","1","2","3","4","3","4","6","4","8","3","7","6","5","7","5","5","3","3","6","2","5","2","5","5","1","2","2","5","1","1","5","5","4","6","3","1","2","2","1","1","2","6","2","1","7","1","1","1","1","1","2","1","7","1","3","799230569765543938","仲","102","Female","[""坏我"",""好我"",""好她"",""坏她""]","[""弱我"",""强我"",""强她"",""弱她""]","","","","","","","","no","","","","","","","","","SRET","EW_formal","","key","j","16.66542056074723","683","380","朋友","愚痴","Negative","ability","","","","","","","","","","",""
"577","","j","psychophysics","54","263513","0.0-7.0-3.0-0.40","5","2","5","1","1","5","3","4","4","5","5","0","0","1","2","-2","1","1","2","5","4","5","4","2","1","2","3","4","3","4","6","4","8","3","7","6","5","7","5","5","3","3","6","2","5","2","5","5","1","2","2","5","1","1","5","5","4","6","3","1","2","2","1","1","2","6","2","1","7","1","1","1","1","1","2","1","7","1","3","799230569765543938","仲","102","Female","[""坏我"",""好我"",""好她"",""坏她""]","[""弱我"",""强我"",""强她"",""弱她""]","","","","","","","","no","","","","","","","","","SRET","EW_formal","","key","j","16.665957446808264","683","380","自己","废物","Negative","ability","","","","","","","","","","",""
"885","","f","psychophysics","55","265403","0.0-7.0-3.0-0.41","5","2","5","1","1","5","3","4","4","5","5","0","0","1","2","-2","1","1","2","5","4","5","4","2","1","2","3","4","3","4","6","4","8","3","7","6","5","7","5","5","3","3","6","2","5","2","5","5","1","2","2","5","1","1","5","5","4","6","3","1","2","2","1","1","2","6","2","1","7","1","1","1","1","1","2","1","7","1","3","799230569765543938","仲","102","Female","[""坏我"",""好我"",""好她"",""坏她""]","[""弱我"",""强我"",""强她"",""弱她""]","","","","","","","","yes","","","","","","","","","SRET","EW_formal","","key","f","16.665178571428573","683","380","自己","思辨","Positive","ability","","","","","","","","","","",""
"768","","f","psychophysics","56","267175","0.0-7.0-3.0-0.42","5","2","5","1","1","5","3","4","4","5","5","0","0","1","2","-2","1","1","2","5","4","5","4","2","1","2","3","4","3","4","6","4","8","3","7","6","5","7","5","5","3","3","6","2","5","2","5","5","1","2","2","5","1","1","5","5","4","6","3","1","2","2","1","1","2","6","2","1","7","1","1","1","1","1","2","1","7","1","3","799230569765543938","仲","102","Female","[""坏我"",""好我"",""好她"",""坏她""]","[""弱我"",""强我"",""强她"",""弱她""]","","","","","","","","yes","","","","","","","","","SRET","EW_formal","","key","f","16.66509433962264","683","380","朋友","才尽","Negative","ability","","","","","","","","","","",""
"666","","j","psychophysics","57","268845","0.0-7.0-3.0-0.43","5","2","5","1","1","5","3","4","4","5","5","0","0","1","2","-2","1","1","2","5","4","5","4","2","1","2","3","4","3","4","6","4","8","3","7","6","5","7","5","5","3","3","6","2","5","2","5","5","1","2","2","5","1","1","5","5","4","6","3","1","2","2","1","1","2","6","2","1","7","1","1","1","1","1","2","1","7","1","3","799230569765543938","仲","102","Female","[""坏我"",""好我"",""好她"",""坏她""]","[""弱我"",""强我"",""强她"",""弱她""]","","","","","","","","no","","","","","","","","","SRET","EW_formal","","key","j","16.664646464646346","683","380","朋友","昏庸","Negative","ability","","","","","","","","","","",""
"848","","j","psychophysics","58","270701","0.0-7.0-3.0-0.44","5","2","5","1","1","5","3","4","4","5","5","0","0","1","2","-2","1","1","2","5","4","5","4","2","1","2","3","4","3","4","6","4","8","3","7","6","5","7","5","5","3","3","6","2","5","2","5","5","1","2","2","5","1","1","5","5","4","6","3","1","2","2","1","1","2","6","2","1","7","1","1","1","1","1","2","1","7","1","3","799230569765543938","仲","102","Female","[""坏我"",""好我"",""好她"",""坏她""]","[""弱我"",""强我"",""强她"",""弱她""]","","","","","","","","no","","","","","","","","","SRET","EW_formal","","key","j","16.66545454545465","683","380","自己","背叛","Negative","morality","","","","","","","","","","",""
"958","","j","psychophysics","59","272662","0.0-7.0-3.0-0.45","5","2","5","1","1","5","3","4","4","5","5","0","0","1","2","-2","1","1","2","5","4","5","4","2","1","2","3","4","3","4","6","4","8","3","7","6","5","7","5","5","3","3","6","2","5","2","5","5","1","2","2","5","1","1","5","5","4","6","3","1","2","2","1","1","2","6","2","1","7","1","1","1","1","1","2","1","7","1","3","799230569765543938","仲","102","Female","[""坏我"",""好我"",""好她"",""坏她""]","[""弱我"",""强我"",""强她"",""弱她""]","","","","","","","","no","","","","","","","","","SRET","EW_formal","","key","j","16.664957264957167","683","380","朋友","中用","Positive","ability","","","","","","","","","","",""
"886","","j","psychophysics","60","274555","0.0-7.0-3.0-0.46","5","2","5","1","1","5","3","4","4","5","5","0","0","1","2","-2","1","1","2","5","4","5","4","2","1","2","3","4","3","4","6","4","8","3","7","6","5","7","5","5","3","3","6","2","5","2","5","5","1","2","2","5","1","1","5","5","4","6","3","1","2","2","1","1","2","6","2","1","7","1","1","1","1","1","2","1","7","1","3","799230569765543938","仲","102","Female","[""坏我"",""好我"",""好她"",""坏她""]","[""弱我"",""强我"",""强她"",""弱她""]","","","","","","","","no","","","","","","","","","SRET","EW_formal","","key","j","16.664601769911297","683","380","朋友","浅薄","Negative","ability","","","","","","","","","","",""
"905","","j","psychophysics","61","276464","0.0-7.0-3.0-0.47","5","2","5","1","1","5","3","4","4","5","5","0","0","1","2","-2","1","1","2","5","4","5","4","2","1","2","3","4","3","4","6","4","8","3","7","6","5","7","5","5","3","3","6","2","5","2","5","5","1","2","2","5","1","1","5","5","4","6","3","1","2","2","1","1","2","6","2","1","7","1","1","1","1","1","2","1","7","1","3","799230569765543938","仲","102","Female","[""坏我"",""好我"",""好她"",""坏她""]","[""弱我"",""强我"",""强她"",""弱她""]","","","","","","","","no","","","","","","","","","SRET","EW_formal","","key","j","16.665486725663303","683","380","朋友","罪恶","Negative","morality","","","","","","","","","","",""
"720","","j","psychophysics","62","278190","0.0-7.0-3.0-0.48","5","2","5","1","1","5","3","4","4","5","5","0","0","1","2","-2","1","1","2","5","4","5","4","2","1","2","3","4","3","4","6","4","8","3","7","6","5","7","5","5","3","3","6","2","5","2","5","5","1","2","2","5","1","1","5","5","4","6","3","1","2","2","1","1","2","6","2","1","7","1","1","1","1","1","2","1","7","1","3","799230569765543938","仲","102","Female","[""坏我"",""好我"",""好她"",""坏她""]","[""弱我"",""强我"",""强她"",""弱她""]","","","","","","","","no","","","","","","","","","SRET","EW_formal","","key","j","16.666019417475503","683","380","自己","贪污","Negative","morality","","","","","","","","","","",""
"808","","f","psychophysics","63","280007","0.0-7.0-3.0-0.49","5","2","5","1","1","5","3","4","4","5","5","0","0","1","2","-2","1","1","2","5","4","5","4","2","1","2","3","4","3","4","6","4","8","3","7","6","5","7","5","5","3","3","6","2","5","2","5","5","1","2","2","5","1","1","5","5","4","6","3","1","2","2","1","1","2","6","2","1","7","1","1","1","1","1","2","1","7","1","3","799230569765543938","仲","102","Female","[""坏我"",""好我"",""好她"",""坏她""]","[""弱我"",""强我"",""强她"",""弱她""]","","","","","","","","yes","","","","","","","","","SRET","EW_formal","","key","f","16.667592592592378","683","380","自己","周到","Positive","ability","","","","","","","","","","",""
"670","","f","psychophysics","64","281684","0.0-7.0-3.0-0.50","5","2","5","1","1","5","3","4","4","5","5","0","0","1","2","-2","1","1","2","5","4","5","4","2","1","2","3","4","3","4","6","4","8","3","7","6","5","7","5","5","3","3","6","2","5","2","5","5","1","2","2","5","1","1","5","5","4","6","3","1","2","2","1","1","2","6","2","1","7","1","1","1","1","1","2","1","7","1","3","799230569765543938","仲","102","Female","[""坏我"",""好我"",""好她"",""坏她""]","[""弱我"",""强我"",""强她"",""弱她""]","","","","","","","","yes","","","","","","","","","SRET","EW_formal","","key","f","16.664646464646935","683","380","朋友","智慧","Positive","ability","","","","","","","","","","",""
"947","","f","psychophysics","65","283637","0.0-7.0-3.0-0.51","5","2","5","1","1","5","3","4","4","5","5","0","0","1","2","-2","1","1","2","5","4","5","4","2","1","2","3","4","3","4","6","4","8","3","7","6","5","7","5","5","3","3","6","2","5","2","5","5","1","2","2","5","1","1","5","5","4","6","3","1","2","2","1","1","2","6","2","1","7","1","1","1","1","1","2","1","7","1","3","799230569765543938","仲","102","Female","[""坏我"",""好我"",""好她"",""坏她""]","[""弱我"",""强我"",""强她"",""弱她""]","","","","","","","","yes","","","","","","","","","SRET","EW_formal","","key","f","16.665517241379412","683","380","朋友","廉明","Positive","morality","","","","","","","","","","",""
"786","","j","psychophysics","66","285430","0.0-7.0-3.0-0.52","5","2","5","1","1","5","3","4","4","5","5","0","0","1","2","-2","1","1","2","5","4","5","4","2","1","2","3","4","3","4","6","4","8","3","7","6","5","7","5","5","3","3","6","2","5","2","5","5","1","2","2","5","1","1","5","5","4","6","3","1","2","2","1","1","2","6","2","1","7","1","1","1","1","1","2","1","7","1","3","799230569765543938","仲","102","Female","[""坏我"",""好我"",""好她"",""坏她""]","[""弱我"",""强我"",""强她"",""弱她""]","","","","","","","","no","","","","","","","","","SRET","EW_formal","","key","j","16.665420560747773","683","380","朋友","迟钝","Negative","ability","","","","","","","","","","",""
"872","","j","psychophysics","67","287307","0.0-7.0-3.0-0.53","5","2","5","1","1","5","3","4","4","5","5","0","0","1","2","-2","1","1","2","5","4","5","4","2","1","2","3","4","3","4","6","4","8","3","7","6","5","7","5","5","3","3","6","2","5","2","5","5","1","2","2","5","1","1","5","5","4","6","3","1","2","2","1","1","2","6","2","1","7","1","1","1","1","1","2","1","7","1","3","799230569765543938","仲","102","Female","[""坏我"",""好我"",""好她"",""坏她""]","[""弱我"",""强我"",""强她"",""弱她""]","","","","","","","","no","","","","","","","","","SRET","EW_formal","","key","j","16.665178571428573","683","380","朋友","高明","Positive","ability","","","","","","","","","","",""
"697","","j","psychophysics","68","289008","0.0-7.0-3.0-0.54","5","2","5","1","1","5","3","4","4","5","5","0","0","1","2","-2","1","1","2","5","4","5","4","2","1","2","3","4","3","4","6","4","8","3","7","6","5","7","5","5","3","3","6","2","5","2","5","5","1","2","2","5","1","1","5","5","4","6","3","1","2","2","1","1","2","6","2","1","7","1","1","1","1","1","2","1","7","1","3","799230569765543938","仲","102","Female","[""坏我"",""好我"",""好她"",""坏她""]","[""弱我"",""强我"",""强她"",""弱她""]","","","","","","","","no","","","","","","","","","SRET","EW_formal","","key","j","16.66435643564391","683","380","自己","不仁","Negative","morality","","","","","","","","","","",""
"734","","f","psychophysics","69","290745","0.0-7.0-3.0-0.55","5","2","5","1","1","5","3","4","4","5","5","0","0","1","2","-2","1","1","2","5","4","5","4","2","1","2","3","4","3","4","6","4","8","3","7","6","5","7","5","5","3","3","6","2","5","2","5","5","1","2","2","5","1","1","5","5","4","6","3","1","2","2","1","1","2","6","2","1","7","1","1","1","1","1","2","1","7","1","3","799230569765543938","仲","102","Female","[""坏我"",""好我"",""好她"",""坏她""]","[""弱我"",""强我"",""强她"",""弱她""]","","","","","","","","yes","","","","","","","","","SRET","EW_formal","","key","f","16.666019417475503","683","380","朋友","廉正","Positive","morality","","","","","","","","","","",""
"1251","","f","psychophysics","70","293003","0.0-7.0-3.0-0.56","5","2","5","1","1","5","3","4","4","5","5","0","0","1","2","-2","1","1","2","5","4","5","4","2","1","2","3","4","3","4","6","4","8","3","7","6","5","7","5","5","3","3","6","2","5","2","5","5","1","2","2","5","1","1","5","5","4","6","3","1","2","2","1","1","2","6","2","1","7","1","1","1","1","1","2","1","7","1","3","799230569765543938","仲","102","Female","[""坏我"",""好我"",""好她"",""坏她""]","[""弱我"",""强我"",""强她"",""弱她""]","","","","","","","","yes","","","","","","","","","SRET","EW_formal","","key","f","16.665671641791132","683","380","朋友","懂行","Positive","ability","","","","","","","","","","",""
"717","","f","psychophysics","71","294725","0.0-7.0-3.0-0.57","5","2","5","1","1","5","3","4","4","5","5","0","0","1","2","-2","1","1","2","5","4","5","4","2","1","2","3","4","3","4","6","4","8","3","7","6","5","7","5","5","3","3","6","2","5","2","5","5","1","2","2","5","1","1","5","5","4","6","3","1","2","2","1","1","2","6","2","1","7","1","1","1","1","1","2","1","7","1","3","799230569765543938","仲","102","Female","[""坏我"",""好我"",""好她"",""坏她""]","[""弱我"",""强我"",""强她"",""弱她""]","","","","","","","","yes","","","","","","","","","SRET","EW_formal","","key","f","16.66699029126225","683","380","自己","刚正","Positive","morality","","","","","","","","","","",""
"633","","j","psychophysics","72","296361","0.0-7.0-3.0-0.58","5","2","5","1","1","5","3","4","4","5","5","0","0","1","2","-2","1","1","2","5","4","5","4","2","1","2","3","4","3","4","6","4","8","3","7","6","5","7","5","5","3","3","6","2","5","2","5","5","1","2","2","5","1","1","5","5","4","6","3","1","2","2","1","1","2","6","2","1","7","1","1","1","1","1","2","1","7","1","3","799230569765543938","仲","102","Female","[""坏我"",""好我"",""好她"",""坏她""]","[""弱我"",""强我"",""强她"",""弱她""]","","","","","","","","no","","","","","","","","","SRET","EW_formal","","key","j","16.66597938144366","683","380","朋友","驽钝","Negative","ability","","","","","","","","","","",""
"702","","f","psychophysics","73","298069","0.0-7.0-3.0-0.59","5","2","5","1","1","5","3","4","4","5","5","0","0","1","2","-2","1","1","2","5","4","5","4","2","1","2","3","4","3","4","6","4","8","3","7","6","5","7","5","5","3","3","6","2","5","2","5","5","1","2","2","5","1","1","5","5","4","6","3","1","2","2","1","1","2","6","2","1","7","1","1","1","1","1","2","1","7","1","3","799230569765543938","仲","102","Female","[""坏我"",""好我"",""好她"",""坏她""]","[""弱我"",""强我"",""强她"",""弱她""]","","","","","","","","yes","","","","","","","","","SRET","EW_formal","","key","f","16.666336633663253","683","380","自己","努力","Positive","ability","","","","","","","","","","",""
"821","","f","psychophysics","74","299899","0.0-7.0-3.0-0.60","5","2","5","1","1","5","3","4","4","5","5","0","0","1","2","-2","1","1","2","5","4","5","4","2","1","2","3","4","3","4","6","4","8","3","7","6","5","7","5","5","3","3","6","2","5","2","5","5","1","2","2","5","1","1","5","5","4","6","3","1","2","2","1","1","2","6","2","1","7","1","1","1","1","1","2","1","7","1","3","799230569765543938","仲","102","Female","[""坏我"",""好我"",""好她"",""坏她""]","[""弱我"",""强我"",""强她"",""弱她""]","","","","","","","","yes","","","","","","","","","SRET","EW_formal","","key","f","16.666055045871346","683","380","自己","细心","Positive","ability","","","","","","","","","","",""
"1086","","j","psychophysics","75","301987","0.0-7.0-3.0-0.61","5","2","5","1","1","5","3","4","4","5","5","0","0","1","2","-2","1","1","2","5","4","5","4","2","1","2","3","4","3","4","6","4","8","3","7","6","5","7","5","5","3","3","6","2","5","2","5","5","1","2","2","5","1","1","5","5","4","6","3","1","2","2","1","1","2","6","2","1","7","1","1","1","1","1","2","1","7","1","3","799230569765543938","仲","102","Female","[""坏我"",""好我"",""好她"",""坏她""]","[""弱我"",""强我"",""强她"",""弱她""]","","","","","","","","no","","","","","","","","","SRET","EW_formal","","key","j","16.66532258064516","683","380","朋友","外行","Negative","ability","","","","","","","","","","",""
"858","","f","psychophysics","76","303853","0.0-7.0-3.0-0.62","5","2","5","1","1","5","3","4","4","5","5","0","0","1","2","-2","1","1","2","5","4","5","4","2","1","2","3","4","3","4","6","4","8","3","7","6","5","7","5","5","3","3","6","2","5","2","5","5","1","2","2","5","1","1","5","5","4","6","3","1","2","2","1","1","2","6","2","1","7","1","1","1","1","1","2","1","7","1","3","799230569765543938","仲","102","Female","[""坏我"",""好我"",""好她"",""坏她""]","[""弱我"",""强我"",""强她"",""弱她""]","","","","","","","","yes","","","","","","","","","SRET","EW_formal","","key","f","16.66576576576545","683","380","自己","忠良","Positive","morality","","","","","","","","","","",""
"826","","f","psychophysics","77","305686","0.0-7.0-3.0-0.63","5","2","5","1","1","5","3","4","4","5","5","0","0","1","2","-2","1","1","2","5","4","5","4","2","1","2","3","4","3","4","6","4","8","3","7","6","5","7","5","5","3","3","6","2","5","2","5","5","1","2","2","5","1","1","5","5","4","6","3","1","2","2","1","1","2","6","2","1","7","1","1","1","1","1","2","1","7","1","3","799230569765543938","仲","102","Female","[""坏我"",""好我"",""好她"",""坏她""]","[""弱我"",""强我"",""强她"",""弱她""]","","","","","","","","yes","","","","","","","","","SRET","EW_formal","","key","f","16.666055045871346","683","380","朋友","守信","Positive","morality","","","","","","","","","","",""
"869","","f","psychophysics","78","307563","0.0-7.0-3.0-0.64","5","2","5","1","1","5","3","4","4","5","5","0","0","1","2","-2","1","1","2","5","4","5","4","2","1","2","3","4","3","4","6","4","8","3","7","6","5","7","5","5","3","3","6","2","5","2","5","5","1","2","2","5","1","1","5","5","4","6","3","1","2","2","1","1","2","6","2","1","7","1","1","1","1","1","2","1","7","1","3","799230569765543938","仲","102","Female","[""坏我"",""好我"",""好她"",""坏她""]","[""弱我"",""强我"",""强她"",""弱她""]","","","","","","","","yes","","","","","","","","","SRET","EW_formal","","key","f","16.66607142857174","683","380","自己","骁勇","Positive","ability","","","","","","","","","","",""
"665","","f","psychophysics","79","309232","0.0-7.0-3.0-0.65","5","2","5","1","1","5","3","4","4","5","5","0","0","1","2","-2","1","1","2","5","4","5","4","2","1","2","3","4","3","4","6","4","8","3","7","6","5","7","5","5","3","3","6","2","5","2","5","5","1","2","2","5","1","1","5","5","4","6","3","1","2","2","1","1","2","6","2","1","7","1","1","1","1","1","2","1","7","1","3","799230569765543938","仲","102","Female","[""坏我"",""好我"",""好她"",""坏她""]","[""弱我"",""强我"",""强她"",""弱她""]","","","","","","","","yes","","","","","","","","","SRET","EW_formal","","key","f","16.665656565656214","683","380","朋友","义气","Positive","morality","","","","","","","","","","",""
"677","","f","psychophysics","80","310912","0.0-7.0-3.0-0.66","5","2","5","1","1","5","3","4","4","5","5","0","0","1","2","-2","1","1","2","5","4","5","4","2","1","2","3","4","3","4","6","4","8","3","7","6","5","7","5","5","3","3","6","2","5","2","5","5","1","2","2","5","1","1","5","5","4","6","3","1","2","2","1","1","2","6","2","1","7","1","1","1","1","1","2","1","7","1","3","799230569765543938","仲","102","Female","[""坏我"",""好我"",""好她"",""坏她""]","[""弱我"",""强我"",""强她"",""弱她""]","","","","","","","","yes","","","","","","","","","SRET","EW_formal","","key","f","16.665","683","380","朋友","守时","Positive","morality","","","","","","","","","","",""
"749","","j","psychophysics","81","312666","0.0-7.0-3.0-0.67","5","2","5","1","1","5","3","4","4","5","5","0","0","1","2","-2","1","1","2","5","4","5","4","2","1","2","3","4","3","4","6","4","8","3","7","6","5","7","5","5","3","3","6","2","5","2","5","5","1","2","2","5","1","1","5","5","4","6","3","1","2","2","1","1","2","6","2","1","7","1","1","1","1","1","2","1","7","1","3","799230569765543938","仲","102","Female","[""坏我"",""好我"",""好她"",""坏她""]","[""弱我"",""强我"",""强她"",""弱她""]","","","","","","","","no","","","","","","","","","SRET","EW_formal","","key","j","16.665384615384728","683","380","朋友","龌龊","Negative","morality","","","","","","","","","","",""
"621","","j","psychophysics","82","314290","0.0-7.0-3.0-0.68","5","2","5","1","1","5","3","4","4","5","5","0","0","1","2","-2","1","1","2","5","4","5","4","2","1","2","3","4","3","4","6","4","8","3","7","6","5","7","5","5","3","3","6","2","5","2","5","5","1","2","2","5","1","1","5","5","4","6","3","1","2","2","1","1","2","6","2","1","7","1","1","1","1","1","2","1","7","1","3","799230569765543938","仲","102","Female","[""坏我"",""好我"",""好她"",""坏她""]","[""弱我"",""强我"",""强她"",""弱她""]","","","","","","","","no","","","","","","","","","SRET","EW_formal","","key","j","16.66597938144306","683","380","朋友","恶劣","Negative","morality","","","","","","","","","","",""
"871","","j","psychophysics","83","316165","0.0-7.0-3.0-0.69","5","2","5","1","1","5","3","4","4","5","5","0","0","1","2","-2","1","1","2","5","4","5","4","2","1","2","3","4","3","4","6","4","8","3","7","6","5","7","5","5","3","3","6","2","5","2","5","5","1","2","2","5","1","1","5","5","4","6","3","1","2","2","1","1","2","6","2","1","7","1","1","1","1","1","2","1","7","1","3","799230569765543938","仲","102","Female","[""坏我"",""好我"",""好她"",""坏她""]","[""弱我"",""强我"",""强她"",""弱她""]","","","","","","","","no","","","","","","","","","SRET","EW_formal","","key","j","16.66486486486476","683","380","自己","博识","Positive","ability","","","","","","","","","","",""
"913","","j","psychophysics","84","318085","0.0-7.0-3.0-0.70","5","2","5","1","1","5","3","4","4","5","5","0","0","1","2","-2","1","1","2","5","4","5","4","2","1","2","3","4","3","4","6","4","8","3","7","6","5","7","5","5","3","3","6","2","5","2","5","5","1","2","2","5","1","1","5","5","4","6","3","1","2","2","1","1","2","6","2","1","7","1","1","1","1","1","2","1","7","1","3","799230569765543938","仲","102","Female","[""坏我"",""好我"",""好她"",""坏她""]","[""弱我"",""强我"",""强她"",""弱她""]","","","","","","","","no","","","","","","","","","SRET","EW_formal","","key","j","16.664912280701653","683","380","朋友","无助","Negative","ability","","","","","","","","","","",""
"695","","f","psychophysics","85","319784","0.0-7.0-3.0-0.71","5","2","5","1","1","5","3","4","4","5","5","0","0","1","2","-2","1","1","2","5","4","5","4","2","1","2","3","4","3","4","6","4","8","3","7","6","5","7","5","5","3","3","6","2","5","2","5","5","1","2","2","5","1","1","5","5","4","6","3","1","2","2","1","1","2","6","2","1","7","1","1","1","1","1","2","1","7","1","3","799230569765543938","仲","102","Female","[""坏我"",""好我"",""好她"",""坏她""]","[""弱我"",""强我"",""强她"",""弱她""]","","","","","","","","yes","","","","","","","","","SRET","EW_formal","","key","f","16.665346534653004","683","380","自己","慈悲","Positive","morality","","","","","","","","","","",""
"651","","f","psychophysics","86","321446","0.0-7.0-3.0-0.72","5","2","5","1","1","5","3","4","4","5","5","0","0","1","2","-2","1","1","2","5","4","5","4","2","1","2","3","4","3","4","6","4","8","3","7","6","5","7","5","5","3","3","6","2","5","2","5","5","1","2","2","5","1","1","5","5","4","6","3","1","2","2","1","1","2","6","2","1","7","1","1","1","1","1","2","1","7","1","3","799230569765543938","仲","102","Female","[""坏我"",""好我"",""好她"",""坏她""]","[""弱我"",""强我"",""强她"",""弱她""]","","","","","","","","yes","","","","","","","","","SRET","EW_formal","","key","f","16.6656565656568","683","380","自己","文明","Positive","morality","","","","","","","","","","",""
"774","","j","psychophysics","87","323224","0.0-7.0-3.0-0.73","5","2","5","1","1","5","3","4","4","5","5","0","0","1","2","-2","1","1","2","5","4","5","4","2","1","2","3","4","3","4","6","4","8","3","7","6","5","7","5","5","3","3","6","2","5","2","5","5","1","2","2","5","1","1","5","5","4","6","3","1","2","2","1","1","2","6","2","1","7","1","1","1","1","1","2","1","7","1","3","799230569765543938","仲","102","Female","[""坏我"",""好我"",""好她"",""坏她""]","[""弱我"",""强我"",""强她"",""弱她""]","","","","","","","","no","","","","","","","","","SRET","EW_formal","","key","j","16.666037735848835","683","380","朋友","失信","Negative","morality","","","","","","","","","","",""
"1014","","f","psychophysics","88","325241","0.0-7.0-3.0-0.74","5","2","5","1","1","5","3","4","4","5","5","0","0","1","2","-2","1","1","2","5","4","5","4","2","1","2","3","4","3","4","6","4","8","3","7","6","5","7","5","5","3","3","6","2","5","2","5","5","1","2","2","5","1","1","5","5","4","6","3","1","2","2","1","1","2","6","2","1","7","1","1","1","1","1","2","1","7","1","3","799230569765543938","仲","102","Female","[""坏我"",""好我"",""好她"",""坏她""]","[""弱我"",""强我"",""强她"",""弱她""]","","","","","","","","yes","","","","","","","","","SRET","EW_formal","","key","f","16.664999999999903","683","380","自己","诚信","Positive","morality","","","","","","","","","","",""
"611","","j","psychophysics","89","326860","0.0-7.0-3.0-0.75","5","2","5","1","1","5","3","4","4","5","5","0","0","1","2","-2","1","1","2","5","4","5","4","2","1","2","3","4","3","4","6","4","8","3","7","6","5","7","5","5","3","3","6","2","5","2","5","5","1","2","2","5","1","1","5","5","4","6","3","1","2","2","1","1","2","6","2","1","7","1","1","1","1","1","2","1","7","1","3","799230569765543938","仲","102","Female","[""坏我"",""好我"",""好她"",""坏她""]","[""弱我"",""强我"",""强她"",""弱她""]","","","","","","","","no","","","","","","","","","SRET","EW_formal","","key","j","16.666666666666668","683","380","自己","愚蠢","Negative","ability","","","","","","","","","","",""
"622","","j","psychophysics","90","328487","0.0-7.0-3.0-0.76","5","2","5","1","1","5","3","4","4","5","5","0","0","1","2","-2","1","1","2","5","4","5","4","2","1","2","3","4","3","4","6","4","8","3","7","6","5","7","5","5","3","3","6","2","5","2","5","5","1","2","2","5","1","1","5","5","4","6","3","1","2","2","1","1","2","6","2","1","7","1","1","1","1","1","2","1","7","1","3","799230569765543938","仲","102","Female","[""坏我"",""好我"",""好她"",""坏她""]","[""弱我"",""强我"",""强她"",""弱她""]","","","","","","","","no","","","","","","","","","SRET","EW_formal","","key","j","16.66597938144306","683","380","自己","缺德","Negative","morality","","","","","","","","","","",""
"651","","j","psychophysics","91","330145","0.0-7.0-3.0-0.77","5","2","5","1","1","5","3","4","4","5","5","0","0","1","2","-2","1","1","2","5","4","5","4","2","1","2","3","4","3","4","6","4","8","3","7","6","5","7","5","5","3","3","6","2","5","2","5","5","1","2","2","5","1","1","5","5","4","6","3","1","2","2","1","1","2","6","2","1","7","1","1","1","1","1","2","1","7","1","3","799230569765543938","仲","102","Female","[""坏我"",""好我"",""好她"",""坏她""]","[""弱我"",""强我"",""强她"",""弱她""]","","","","","","","","no","","","","","","","","","SRET","EW_formal","","key","j","16.6653061224491","683","380","自己","业余","Negative","ability","","","","","","","","","","",""
"640","","j","psychophysics","92","331789","0.0-7.0-3.0-0.78","5","2","5","1","1","5","3","4","4","5","5","0","0","1","2","-2","1","1","2","5","4","5","4","2","1","2","3","4","3","4","6","4","8","3","7","6","5","7","5","5","3","3","6","2","5","2","5","5","1","2","2","5","1","1","5","5","4","6","3","1","2","2","1","1","2","6","2","1","7","1","1","1","1","1","2","1","7","1","3","799230569765543938","仲","102","Female","[""坏我"",""好我"",""好她"",""坏她""]","[""弱我"",""强我"",""强她"",""弱她""]","","","","","","","","no","","","","","","","","","SRET","EW_formal","","key","j","16.665306122448506","683","380","自己","犹豫","Negative","ability","","","","","","","","","","",""
"702","","f","psychophysics","93","333495","0.0-7.0-3.0-0.79","5","2","5","1","1","5","3","4","4","5","5","0","0","1","2","-2","1","1","2","5","4","5","4","2","1","2","3","4","3","4","6","4","8","3","7","6","5","7","5","5","3","3","6","2","5","2","5","5","1","2","2","5","1","1","5","5","4","6","3","1","2","2","1","1","2","6","2","1","7","1","1","1","1","1","2","1","7","1","3","799230569765543938","仲","102","Female","[""坏我"",""好我"",""好她"",""坏她""]","[""弱我"",""强我"",""强她"",""弱她""]","","","","","","","","yes","","","","","","","","","SRET","EW_formal","","key","f","16.66435643564391","683","380","朋友","勤恳","Positive","morality","","","","","","","","","","",""
"865","","j","psychophysics","94","335363","0.0-7.0-3.0-0.80","5","2","5","1","1","5","3","4","4","5","5","0","0","1","2","-2","1","1","2","5","4","5","4","2","1","2","3","4","3","4","6","4","8","3","7","6","5","7","5","5","3","3","6","2","5","2","5","5","1","2","2","5","1","1","5","5","4","6","3","1","2","2","1","1","2","6","2","1","7","1","1","1","1","1","2","1","7","1","3","799230569765543938","仲","102","Female","[""坏我"",""好我"",""好她"",""坏她""]","[""弱我"",""强我"",""强她"",""弱她""]","","","","","","","","no","","","","","","","","","SRET","EW_formal","","key","j","16.66486486486476","683","380","自己","毛糙","Negative","ability","","","","","","","","","","",""
"1196","","j","psychophysics","95","337561","0.0-7.0-3.0-0.81","5","2","5","1","1","5","3","4","4","5","5","0","0","1","2","-2","1","1","2","5","4","5","4","2","1","2","3","4","3","4","6","4","8","3","7","6","5","7","5","5","3","3","6","2","5","2","5","5","1","2","2","5","1","1","5","5","4","6","3","1","2","2","1","1","2","6","2","1","7","1","1","1","1","1","2","1","7","1","3","799230569765543938","仲","102","Female","[""坏我"",""好我"",""好她"",""坏她""]","[""弱我"",""强我"",""强她"",""弱她""]","","","","","","","","no","","","","","","","","","SRET","EW_formal","","key","j","16.664885496183473","683","380","朋友","自律","Positive","ability","","","","","","","","","","",""
"895","","f","psychophysics","96","339461","0.0-7.0-3.0-0.82","5","2","5","1","1","5","3","4","4","5","5","0","0","1","2","-2","1","1","2","5","4","5","4","2","1","2","3","4","3","4","6","4","8","3","7","6","5","7","5","5","3","3","6","2","5","2","5","5","1","2","2","5","1","1","5","5","4","6","3","1","2","2","1","1","2","6","2","1","7","1","1","1","1","1","2","1","7","1","3","799230569765543938","仲","102","Female","[""坏我"",""好我"",""好她"",""坏她""]","[""弱我"",""强我"",""强她"",""弱她""]","","","","","","","","yes","","","","","","","","","SRET","EW_formal","","key","f","16.664601769911812","683","380","自己","勤奋","Positive","ability","","","","","","","","","","",""
"615","","j","psychophysics","97","341080","0.0-7.0-3.0-0.83","5","2","5","1","1","5","3","4","4","5","5","0","0","1","2","-2","1","1","2","5","4","5","4","2","1","2","3","4","3","4","6","4","8","3","7","6","5","7","5","5","3","3","6","2","5","2","5","5","1","2","2","5","1","1","5","5","4","6","3","1","2","2","1","1","2","6","2","1","7","1","1","1","1","1","2","1","7","1","3","799230569765543938","仲","102","Female","[""坏我"",""好我"",""好她"",""坏她""]","[""弱我"",""强我"",""强她"",""弱她""]","","","","","","","","no","","","","","","","","","SRET","EW_formal","","key","j","16.664583333333212","683","380","自己","卑鄙","Negative","morality","","","","","","","","","","",""
"863","","j","psychophysics","98","342947","0.0-7.0-3.0-0.84","5","2","5","1","1","5","3","4","4","5","5","0","0","1","2","-2","1","1","2","5","4","5","4","2","1","2","3","4","3","4","6","4","8","3","7","6","5","7","5","5","3","3","6","2","5","2","5","5","1","2","2","5","1","1","5","5","4","6","3","1","2","2","1","1","2","6","2","1","7","1","1","1","1","1","2","1","7","1","3","799230569765543938","仲","102","Female","[""坏我"",""好我"",""好她"",""坏她""]","[""弱我"",""强我"",""强她"",""弱她""]","","","","","","","","no","","","","","","","","","SRET","EW_formal","","key","j","16.665765765765975","683","380","朋友","低俗","Negative","morality","","","","","","","","","","",""
"771","","f","psychophysics","99","344720","0.0-7.0-3.0-0.85","5","2","5","1","1","5","3","4","4","5","5","0","0","1","2","-2","1","1","2","5","4","5","4","2","1","2","3","4","3","4","6","4","8","3","7","6","5","7","5","5","3","3","6","2","5","2","5","5","1","2","2","5","1","1","5","5","4","6","3","1","2","2","1","1","2","6","2","1","7","1","1","1","1","1","2","1","7","1","3","799230569765543938","仲","102","Female","[""坏我"",""好我"",""好她"",""坏她""]","[""弱我"",""强我"",""强她"",""弱她""]","","","","","","","","yes","","","","","","","","","SRET","EW_formal","","key","f","16.666037735849386","683","380","朋友","素养","Positive","morality","","","","","","","","","","",""
"903","","f","psychophysics","100","346627","0.0-7.0-3.0-0.86","5","2","5","1","1","5","3","4","4","5","5","0","0","1","2","-2","1","1","2","5","4","5","4","2","1","2","3","4","3","4","6","4","8","3","7","6","5","7","5","5","3","3","6","2","5","2","5","5","1","2","2","5","1","1","5","5","4","6","3","1","2","2","1","1","2","6","2","1","7","1","1","1","1","1","2","1","7","1","3","799230569765543938","仲","102","Female","[""坏我"",""好我"",""好她"",""坏她""]","[""弱我"",""强我"",""强她"",""弱她""]","","","","","","","","yes","","","","","","","","","SRET","EW_formal","","key","f","16.66548672566382","683","380","自己","缓慢","Negative","ability","","","","","","","","","","",""
"939","","f","psychophysics","101","348571","0.0-7.0-3.0-0.87","5","2","5","1","1","5","3","4","4","5","5","0","0","1","2","-2","1","1","2","5","4","5","4","2","1","2","3","4","3","4","6","4","8","3","7","6","5","7","5","5","3","3","6","2","5","2","5","5","1","2","2","5","1","1","5","5","4","6","3","1","2","2","1","1","2","6","2","1","7","1","1","1","1","1","2","1","7","1","3","799230569765543938","仲","102","Female","[""坏我"",""好我"",""好她"",""坏她""]","[""弱我"",""强我"",""强她"",""弱她""]","","","","","","","","yes","","","","","","","","","SRET","EW_formal","","key","f","16.665517241379412","683","380","自己","主见","Positive","ability","","","","","","","","","","",""
"10702","
    <p><div style='color:white;font-size:35px; line-height:20px;'>计算任务</div></p><br>
    <p><div style='color:red;font-size:25px; line-height:20px;'>接下来，您将看到一些四则运算题，<b>请从键盘选择 0-9 进行反应。</b></div></p>
    <p><div style='color:red;font-size:25px; line-height:20px;'>请尽可能快地进行计算，计算的速度和正确率将影响报酬的发放。</div></p>
    <p><div class='footer' style='color:white;font-size:25px; line-height:20px;'>如果对本实验还有不清楚之处，请立即向实验员咨询。</p><p style='color:white;font-size:25px; line-height:20px;'>如果您明白了规则：</p><p style='color:white;font-size:22px; line-height:20px;'>请按 继续 进入练习</p>
    </div>
    ","0","html-button-response","102","359275","0.0-7.0-4.0","5","2","5","1","1","5","3","4","4","5","5","0","0","1","2","-2","1","1","2","5","4","5","4","2","1","2","3","4","3","4","6","4","8","3","7","6","5","7","5","5","3","3","6","2","5","2","5","5","1","2","2","5","1","1","5","5","4","6","3","1","2","2","1","1","2","6","2","1","7","1","1","1","1","1","2","1","7","1","3","799230569765543938","仲","102","Female","[""坏我"",""好我"",""好她"",""坏她""]","[""弱我"",""强我"",""强她"",""弱她""]","","","","","","","","","","","","","","","","","SRET_math","math_instructions","Fri Jan 19 2024 19:12:01 GMT+0800 (中国标准时间)","","","","","","","","","","","","","","","","","","","",""
"2245","","8","psychophysics","103","361532","0.0-7.0-5.0-0.0","5","2","5","1","1","5","3","4","4","5","5","0","0","1","2","-2","1","1","2","5","4","5","4","2","1","2","3","4","3","4","6","4","8","3","7","6","5","7","5","5","3","3","6","2","5","2","5","5","1","2","2","5","1","1","5","5","4","6","3","1","2","2","1","1","2","6","2","1","7","1","1","1","1","1","2","1","7","1","3","799230569765543938","仲","102","Female","[""坏我"",""好我"",""好她"",""坏她""]","[""弱我"",""强我"",""强她"",""弱她""]","","","","","","","","8","","","","","","","","","SRET","SRET_math_calculate","","key","8","16.6659259259261","683","380","","","","","5+3= ?","8","1","","","","","","","",""
"1945","","4","psychophysics","104","363485","0.0-7.0-5.0-0.1","5","2","5","1","1","5","3","4","4","5","5","0","0","1","2","-2","1","1","2","5","4","5","4","2","1","2","3","4","3","4","6","4","8","3","7","6","5","7","5","5","3","3","6","2","5","2","5","5","1","2","2","5","1","1","5","5","4","6","3","1","2","2","1","1","2","6","2","1","7","1","1","1","1","1","2","1","7","1","3","799230569765543938","仲","102","Female","[""坏我"",""好我"",""好她"",""坏她""]","[""弱我"",""强我"",""强她"",""弱她""]","","","","","","","","4","","","","","","","","","SRET","SRET_math_calculate","","key","4","16.665811965812164","683","380","","","","","2+2= ?","4","1","","","","","","","",""
"2057","","7","psychophysics","105","365547","0.0-7.0-5.0-0.2","5","2","5","1","1","5","3","4","4","5","5","0","0","1","2","-2","1","1","2","5","4","5","4","2","1","2","3","4","3","4","6","4","8","3","7","6","5","7","5","5","3","3","6","2","5","2","5","5","1","2","2","5","1","1","5","5","4","6","3","1","2","2","1","1","2","6","2","1","7","1","1","1","1","1","2","1","7","1","3","799230569765543938","仲","102","Female","[""坏我"",""好我"",""好她"",""坏她""]","[""弱我"",""强我"",""强她"",""弱她""]","","","","","","","","7","","","","","","","","","SRET","SRET_math_calculate","","key","7","16.66557377049142","683","380","","","","","12-5= ?","7","1","","","","","","","",""
"2448","","4","psychophysics","106","368002","0.0-7.0-5.0-0.3","5","2","5","1","1","5","3","4","4","5","5","0","0","1","2","-2","1","1","2","5","4","5","4","2","1","2","3","4","3","4","6","4","8","3","7","6","5","7","5","5","3","3","6","2","5","2","5","5","1","2","2","5","1","1","5","5","4","6","3","1","2","2","1","1","2","6","2","1","7","1","1","1","1","1","2","1","7","1","3","799230569765543938","仲","102","Female","[""坏我"",""好我"",""好她"",""坏她""]","[""弱我"",""强我"",""强她"",""弱她""]","","","","","","","","4","","","","","","","","","SRET","SRET_math_calculate","","key","4","16.665986394557585","683","380","","","","","4*1= ?","4","1","","","","","","","",""
"2411","","9","psychophysics","107","370421","0.0-7.0-5.0-0.4","5","2","5","1","1","5","3","4","4","5","5","0","0","1","2","-2","1","1","2","5","4","5","4","2","1","2","3","4","3","4","6","4","8","3","7","6","5","7","5","5","3","3","6","2","5","2","5","5","1","2","2","5","1","1","5","5","4","6","3","1","2","2","1","1","2","6","2","1","7","1","1","1","1","1","2","1","7","1","3","799230569765543938","仲","102","Female","[""坏我"",""好我"",""好她"",""坏她""]","[""弱我"",""强我"",""强她"",""弱她""]","","","","","","","","9","","","","","","","","","SRET","SRET_math_calculate","","key","9","16.666666666666668","683","380","","","","","18/2= ?","9","1","","","","","","","",""
"1725","","9","psychophysics","108","372150","0.0-7.0-5.0-0.5","5","2","5","1","1","5","3","4","4","5","5","0","0","1","2","-2","1","1","2","5","4","5","4","2","1","2","3","4","3","4","6","4","8","3","7","6","5","7","5","5","3","3","6","2","5","2","5","5","1","2","2","5","1","1","5","5","4","6","3","1","2","2","1","1","2","6","2","1","7","1","1","1","1","1","2","1","7","1","3","799230569765543938","仲","102","Female","[""坏我"",""好我"",""好她"",""坏她""]","[""弱我"",""强我"",""强她"",""弱她""]","","","","","","","","9","","","","","","","","","SRET","SRET_math_calculate","","key","9","16.66504854368932","683","380","","","","","5+4= ?","9","1","","","","","","","",""
"2045","","0","psychophysics","109","374201","0.0-7.0-5.0-0.6","5","2","5","1","1","5","3","4","4","5","5","0","0","1","2","-2","1","1","2","5","4","5","4","2","1","2","3","4","3","4","6","4","8","3","7","6","5","7","5","5","3","3","6","2","5","2","5","5","1","2","2","5","1","1","5","5","4","6","3","1","2","2","1","1","2","6","2","1","7","1","1","1","1","1","2","1","7","1","3","799230569765543938","仲","102","Female","[""坏我"",""好我"",""好她"",""坏她""]","[""弱我"",""强我"",""强她"",""弱她""]","","","","","","","","0","","","","","","","","","SRET","SRET_math_calculate","","key","0","16.6655737704919","683","380","","","","","12-12= ?","0","1","","","","","","","",""
"2009","","8","psychophysics","110","376216","0.0-7.0-5.0-0.7","5","2","5","1","1","5","3","4","4","5","5","0","0","1","2","-2","1","1","2","5","4","5","4","2","1","2","3","4","3","4","6","4","8","3","7","6","5","7","5","5","3","3","6","2","5","2","5","5","1","2","2","5","1","1","5","5","4","6","3","1","2","2","1","1","2","6","2","1","7","1","1","1","1","1","2","1","7","1","3","799230569765543938","仲","102","Female","[""坏我"",""好我"",""好她"",""坏她""]","[""弱我"",""强我"",""强她"",""弱她""]","","","","","","","","8","","","","","","","","","SRET","SRET_math_calculate","","key","8","16.665833333333527","683","380","","","","","2+6= ?","8","1","","","","","","","",""
"5133","","8","psychophysics","111","381353","0.0-7.0-5.0-0.8","5","2","5","1","1","5","3","4","4","5","5","0","0","1","2","-2","1","1","2","5","4","5","4","2","1","2","3","4","3","4","6","4","8","3","7","6","5","7","5","5","3","3","6","2","5","2","5","5","1","2","2","5","1","1","5","5","4","6","3","1","2","2","1","1","2","6","2","1","7","1","1","1","1","1","2","1","7","1","3","799230569765543938","仲","102","Female","[""坏我"",""好我"",""好她"",""坏她""]","[""弱我"",""强我"",""强她"",""弱她""]","","","","","","","","8","","","","","","","","","SRET","SRET_math_calculate","","key","8","16.665472312703546","683","380","","","","","72/9= ?","8","1","","","","","","","",""
"2177","","0","psychophysics","112","383533","0.0-7.0-5.0-0.9","5","2","5","1","1","5","3","4","4","5","5","0","0","1","2","-2","1","1","2","5","4","5","4","2","1","2","3","4","3","4","6","4","8","3","7","6","5","7","5","5","3","3","6","2","5","2","5","5","1","2","2","5","1","1","5","5","4","6","3","1","2","2","1","1","2","6","2","1","7","1","1","1","1","1","2","1","7","1","3","799230569765543938","仲","102","Female","[""坏我"",""好我"",""好她"",""坏她""]","[""弱我"",""强我"",""强她"",""弱她""]","","","","","","","","0","","","","","","","","","SRET","SRET_math_calculate","","key","0","16.665384615384614","683","380","","","","","9-9= ?","0","1","","","","","","","",""
"2334","","8","psychophysics","113","385871","0.0-7.0-5.0-0.10","5","2","5","1","1","5","3","4","4","5","5","0","0","1","2","-2","1","1","2","5","4","5","4","2","1","2","3","4","3","4","6","4","8","3","7","6","5","7","5","5","3","3","6","2","5","2","5","5","1","2","2","5","1","1","5","5","4","6","3","1","2","2","1","1","2","6","2","1","7","1","1","1","1","1","2","1","7","1","3","799230569765543938","仲","102","Female","[""坏我"",""好我"",""好她"",""坏她""]","[""弱我"",""强我"",""强她"",""弱她""]","","","","","","","","8","","","","","","","","","SRET","SRET_math_calculate","","key","8","16.6647482014386","683","380","","","","","50-42= ?","8","1","","","","","","","",""
"2020","","9","psychophysics","114","387894","0.0-7.0-5.0-0.11","5","2","5","1","1","5","3","4","4","5","5","0","0","1","2","-2","1","1","2","5","4","5","4","2","1","2","3","4","3","4","6","4","8","3","7","6","5","7","5","5","3","3","6","2","5","2","5","5","1","2","2","5","1","1","5","5","4","6","3","1","2","2","1","1","2","6","2","1","7","1","1","1","1","1","2","1","7","1","3","799230569765543938","仲","102","Female","[""坏我"",""好我"",""好她"",""坏她""]","[""弱我"",""强我"",""强她"",""弱她""]","","","","","","","","9","","","","","","","","","SRET","SRET_math_calculate","","key","9","16.665833333333527","683","380","","","","","2+7= ?","9","1","","","","","","","",""
"2031","","6","psychophysics","115","389933","0.0-7.0-5.0-0.12","5","2","5","1","1","5","3","4","4","5","5","0","0","1","2","-2","1","1","2","5","4","5","4","2","1","2","3","4","3","4","6","4","8","3","7","6","5","7","5","5","3","3","6","2","5","2","5","5","1","2","2","5","1","1","5","5","4","6","3","1","2","2","1","1","2","6","2","1","7","1","1","1","1","1","2","1","7","1","3","799230569765543938","仲","102","Female","[""坏我"",""好我"",""好她"",""坏她""]","[""弱我"",""强我"",""强她"",""弱她""]","","","","","","","","6","","","","","","","","","SRET","SRET_math_calculate","","key","6","16.66557377049142","683","380","","","","","9-3= ?","6","1","","","","","","","",""
"2126","","3","psychophysics","116","392063","0.0-7.0-5.0-0.13","5","2","5","1","1","5","3","4","4","5","5","0","0","1","2","-2","1","1","2","5","4","5","4","2","1","2","3","4","3","4","6","4","8","3","7","6","5","7","5","5","3","3","6","2","5","2","5","5","1","2","2","5","1","1","5","5","4","6","3","1","2","2","1","1","2","6","2","1","7","1","1","1","1","1","2","1","7","1","3","799230569765543938","仲","102","Female","[""坏我"",""好我"",""好她"",""坏她""]","[""弱我"",""强我"",""强她"",""弱她""]","","","","","","","","3","","","","","","","","","SRET","SRET_math_calculate","","key","3","16.66614173228374","683","380","","","","","3*1= ?","3","1","","","","","","","",""
"2479","","2","psychophysics","117","394546","0.0-7.0-5.0-0.14","5","2","5","1","1","5","3","4","4","5","5","0","0","1","2","-2","1","1","2","5","4","5","4","2","1","2","3","4","3","4","6","4","8","3","7","6","5","7","5","5","3","3","6","2","5","2","5","5","1","2","2","5","1","1","5","5","4","6","3","1","2","2","1","1","2","6","2","1","7","1","1","1","1","1","2","1","7","1","3","799230569765543938","仲","102","Female","[""坏我"",""好我"",""好她"",""坏她""]","[""弱我"",""强我"",""强她"",""弱她""]","","","","","","","","2","","","","","","","","","SRET","SRET_math_calculate","","key","2","16.66554054054054","683","380","","","","","12/6= ?","2","1","","","","","","","",""
"2032","","7","psychophysics","118","396583","0.0-7.0-5.0-0.15","5","2","5","1","1","5","3","4","4","5","5","0","0","1","2","-2","1","1","2","5","4","5","4","2","1","2","3","4","3","4","6","4","8","3","7","6","5","7","5","5","3","3","6","2","5","2","5","5","1","2","2","5","1","1","5","5","4","6","3","1","2","2","1","1","2","6","2","1","7","1","1","1","1","1","2","1","7","1","3","799230569765543938","仲","102","Female","[""坏我"",""好我"",""好她"",""坏她""]","[""弱我"",""强我"",""强她"",""弱她""]","","","","","","","","7","","","","","","","","","SRET","SRET_math_calculate","","key","7","16.665289256198346","683","380","","","","","5+2= ?","7","1","","","","","","","",""
"1963","","0","psychophysics","119","398550","0.0-7.0-5.0-0.16","5","2","5","1","1","5","3","4","4","5","5","0","0","1","2","-2","1","1","2","5","4","5","4","2","1","2","3","4","3","4","6","4","8","3","7","6","5","7","5","5","3","3","6","2","5","2","5","5","1","2","2","5","1","1","5","5","4","6","3","1","2","2","1","1","2","6","2","1","7","1","1","1","1","1","2","1","7","1","3","799230569765543938","仲","102","Female","[""坏我"",""好我"",""好她"",""坏她""]","[""弱我"",""强我"",""强她"",""弱她""]","","","","","","","","0","","","","","","","","","SRET","SRET_math_calculate","","key","0","16.665811965811667","683","380","","","","","1-1= ?","0","1","","","","","","","",""
"2221","","5","psychophysics","120","400777","0.0-7.0-5.0-0.17","5","2","5","1","1","5","3","4","4","5","5","0","0","1","2","-2","1","1","2","5","4","5","4","2","1","2","3","4","3","4","6","4","8","3","7","6","5","7","5","5","3","3","6","2","5","2","5","5","1","2","2","5","1","1","5","5","4","6","3","1","2","2","1","1","2","6","2","1","7","1","1","1","1","1","2","1","7","1","3","799230569765543938","仲","102","Female","[""坏我"",""好我"",""好她"",""坏她""]","[""弱我"",""强我"",""强她"",""弱她""]","","","","","","","","5","","","","","","","","","SRET","SRET_math_calculate","","key","5","16.665151515151425","683","380","","","","","16-11= ?","5","1","","","","","","","",""
"1896","","7","psychophysics","121","402681","0.0-7.0-5.0-0.18","5","2","5","1","1","5","3","4","4","5","5","0","0","1","2","-2","1","1","2","5","4","5","4","2","1","2","3","4","3","4","6","4","8","3","7","6","5","7","5","5","3","3","6","2","5","2","5","5","1","2","2","5","1","1","5","5","4","6","3","1","2","2","1","1","2","6","2","1","7","1","1","1","1","1","2","1","7","1","3","799230569765543938","仲","102","Female","[""坏我"",""好我"",""好她"",""坏她""]","[""弱我"",""强我"",""强她"",""弱她""]","","","","","","","","7","","","","","","","","","SRET","SRET_math_calculate","","key","7","16.665789473684416","683","380","","","","","8-1= ?","7","1","","","","","","","",""
"1866","","4","psychophysics","122","404553","0.0-7.0-5.0-0.19","5","2","5","1","1","5","3","4","4","5","5","0","0","1","2","-2","1","1","2","5","4","5","4","2","1","2","3","4","3","4","6","4","8","3","7","6","5","7","5","5","3","3","6","2","5","2","5","5","1","2","2","5","1","1","5","5","4","6","3","1","2","2","1","1","2","6","2","1","7","1","1","1","1","1","2","1","7","1","3","799230569765543938","仲","102","Female","[""坏我"",""好我"",""好她"",""坏她""]","[""弱我"",""强我"",""强她"",""弱她""]","","","","","","","","4","","","","","","","","","SRET","SRET_math_calculate","","key","4","16.666666666666668","683","380","","","","","3+1= ?","4","1","","","","","","","",""
"1994","","7","psychophysics","123","406552","0.0-7.0-5.0-0.20","5","2","5","1","1","5","3","4","4","5","5","0","0","1","2","-2","1","1","2","5","4","5","4","2","1","2","3","4","3","4","6","4","8","3","7","6","5","7","5","5","3","3","6","2","5","2","5","5","1","2","2","5","1","1","5","5","4","6","3","1","2","2","1","1","2","6","2","1","7","1","1","1","1","1","2","1","7","1","3","799230569765543938","仲","102","Female","[""坏我"",""好我"",""好她"",""坏她""]","[""弱我"",""强我"",""强她"",""弱她""]","","","","","","","","7","","","","","","","","","SRET","SRET_math_calculate","","key","7","16.665546218487492","683","380","","","","","2+5= ?","7","1","","","","","","","",""
"2032","","9","psychophysics","124","408588","0.0-7.0-5.0-0.21","5","2","5","1","1","5","3","4","4","5","5","0","0","1","2","-2","1","1","2","5","4","5","4","2","1","2","3","4","3","4","6","4","8","3","7","6","5","7","5","5","3","3","6","2","5","2","5","5","1","2","2","5","1","1","5","5","4","6","3","1","2","2","1","1","2","6","2","1","7","1","1","1","1","1","2","1","7","1","3","799230569765543938","仲","102","Female","[""坏我"",""好我"",""好她"",""坏她""]","[""弱我"",""强我"",""强她"",""弱她""]","","","","","","","","9","","","","","","","","","SRET","SRET_math_calculate","","key","9","16.666115702479146","683","380","","","","","1*9= ?","9","1","","","","","","","",""
"2018","","0","psychophysics","125","410615","0.0-7.0-5.0-0.22","5","2","5","1","1","5","3","4","4","5","5","0","0","1","2","-2","1","1","2","5","4","5","4","2","1","2","3","4","3","4","6","4","8","3","7","6","5","7","5","5","3","3","6","2","5","2","5","5","1","2","2","5","1","1","5","5","4","6","3","1","2","2","1","1","2","6","2","1","7","1","1","1","1","1","2","1","7","1","3","799230569765543938","仲","102","Female","[""坏我"",""好我"",""好她"",""坏她""]","[""弱我"",""强我"",""强她"",""弱她""]","","","","","","","","0","","","","","","","","","SRET","SRET_math_calculate","","key","0","16.666115702479146","683","380","","","","","7*0= ?","0","1","","","","","","","",""
"3333","","3","psychophysics","126","413982","0.0-7.0-5.0-0.23","5","2","5","1","1","5","3","4","4","5","5","0","0","1","2","-2","1","1","2","5","4","5","4","2","1","2","3","4","3","4","6","4","8","3","7","6","5","7","5","5","3","3","6","2","5","2","5","5","1","2","2","5","1","1","5","5","4","6","3","1","2","2","1","1","2","6","2","1","7","1","1","1","1","1","2","1","7","1","3","799230569765543938","仲","102","Female","[""坏我"",""好我"",""好她"",""坏她""]","[""弱我"",""强我"",""强她"",""弱她""]","","","","","","","","3","","","","","","","","","SRET","SRET_math_calculate","","key","3","16.665174129353","683","380","","","","","11-8= ?","3","1","","","","","","","",""
"2017","","3","psychophysics","127","416003","0.0-7.0-5.0-0.24","5","2","5","1","1","5","3","4","4","5","5","0","0","1","2","-2","1","1","2","5","4","5","4","2","1","2","3","4","3","4","6","4","8","3","7","6","5","7","5","5","3","3","6","2","5","2","5","5","1","2","2","5","1","1","5","5","4","6","3","1","2","2","1","1","2","6","2","1","7","1","1","1","1","1","2","1","7","1","3","799230569765543938","仲","102","Female","[""坏我"",""好我"",""好她"",""坏她""]","[""弱我"",""强我"",""强她"",""弱她""]","","","","","","","","3","","","","","","","","","SRET","SRET_math_calculate","","key","3","16.665833333333044","683","380","","","","","2+1= ?","3","1","","","","","","","",""
"1971","","9","psychophysics","128","417978","0.0-7.0-5.0-0.25","5","2","5","1","1","5","3","4","4","5","5","0","0","1","2","-2","1","1","2","5","4","5","4","2","1","2","3","4","3","4","6","4","8","3","7","6","5","7","5","5","3","3","6","2","5","2","5","5","1","2","2","5","1","1","5","5","4","6","3","1","2","2","1","1","2","6","2","1","7","1","1","1","1","1","2","1","7","1","3","799230569765543938","仲","102","Female","[""坏我"",""好我"",""好她"",""坏她""]","[""弱我"",""强我"",""强她"",""弱她""]","","","","","","","","9","","","","","","","","","SRET","SRET_math_calculate","","key","9","16.664406779661213","683","380","","","","","8+1= ?","9","1","","","","","","","",""
"1946","","4","psychophysics","129","419929","0.0-7.0-5.0-0.26","5","2","5","1","1","5","3","4","4","5","5","0","0","1","2","-2","1","1","2","5","4","5","4","2","1","2","3","4","3","4","6","4","8","3","7","6","5","7","5","5","3","3","6","2","5","2","5","5","1","2","2","5","1","1","5","5","4","6","3","1","2","2","1","1","2","6","2","1","7","1","1","1","1","1","2","1","7","1","3","799230569765543938","仲","102","Female","[""坏我"",""好我"",""好她"",""坏她""]","[""弱我"",""强我"",""强她"",""弱她""]","","","","","","","","4","","","","","","","","","SRET","SRET_math_calculate","","key","4","16.665517241379412","683","380","","","","","9-5= ?","4","1","","","","","","","",""
"2033","","3","psychophysics","130","421966","0.0-7.0-5.0-0.27","5","2","5","1","1","5","3","4","4","5","5","0","0","1","2","-2","1","1","2","5","4","5","4","2","1","2","3","4","3","4","6","4","8","3","7","6","5","7","5","5","3","3","6","2","5","2","5","5","1","2","2","5","1","1","5","5","4","6","3","1","2","2","1","1","2","6","2","1","7","1","1","1","1","1","2","1","7","1","3","799230569765543938","仲","102","Female","[""坏我"",""好我"",""好她"",""坏她""]","[""弱我"",""强我"",""强她"",""弱她""]","","","","","","","","3","","","","","","","","","SRET","SRET_math_calculate","","key","3","16.66446280991755","683","380","","","","","1+2= ?","3","1","","","","","","","",""
"2223","","9","psychophysics","131","424193","0.0-7.0-5.0-0.28","5","2","5","1","1","5","3","4","4","5","5","0","0","1","2","-2","1","1","2","5","4","5","4","2","1","2","3","4","3","4","6","4","8","3","7","6","5","7","5","5","3","3","6","2","5","2","5","5","1","2","2","5","1","1","5","5","4","6","3","1","2","2","1","1","2","6","2","1","7","1","1","1","1","1","2","1","7","1","3","799230569765543938","仲","102","Female","[""坏我"",""好我"",""好她"",""坏她""]","[""弱我"",""强我"",""强她"",""弱她""]","","","","","","","","9","","","","","","","","","SRET","SRET_math_calculate","","key","9","16.665909090908826","683","380","","","","","81/9= ?","9","1","","","","","","","",""
"2767","","8","psychophysics","132","426969","0.0-7.0-5.0-0.29","5","2","5","1","1","5","3","4","4","5","5","0","0","1","2","-2","1","1","2","5","4","5","4","2","1","2","3","4","3","4","6","4","8","3","7","6","5","7","5","5","3","3","6","2","5","2","5","5","1","2","2","5","1","1","5","5","4","6","3","1","2","2","1","1","2","6","2","1","7","1","1","1","1","1","2","1","7","1","3","799230569765543938","仲","102","Female","[""坏我"",""好我"",""好她"",""坏她""]","[""弱我"",""强我"",""强她"",""弱她""]","","","","","","","","8","","","","","","","","","SRET","SRET_math_calculate","","key","8","16.666265060240825","683","380","","","","","4*2= ?","8","1","","","","","","","",""
"1854","","2","psychophysics","133","428827","0.0-7.0-5.0-0.30","5","2","5","1","1","5","3","4","4","5","5","0","0","1","2","-2","1","1","2","5","4","5","4","2","1","2","3","4","3","4","6","4","8","3","7","6","5","7","5","5","3","3","6","2","5","2","5","5","1","2","2","5","1","1","5","5","4","6","3","1","2","2","1","1","2","6","2","1","7","1","1","1","1","1","2","1","7","1","3","799230569765543938","仲","102","Female","[""坏我"",""好我"",""好她"",""坏她""]","[""弱我"",""强我"",""强她"",""弱她""]","","","","","","","","2","","","","","","","","","SRET","SRET_math_calculate","","key","2","16.66486486486476","683","380","","","","","1+1= ?","2","1","","","","","","","",""
"2279","","3","psychophysics","134","431112","0.0-7.0-5.0-0.31","5","2","5","1","1","5","3","4","4","5","5","0","0","1","2","-2","1","1","2","5","4","5","4","2","1","2","3","4","3","4","6","4","8","3","7","6","5","7","5","5","3","3","6","2","5","2","5","5","1","2","2","5","1","1","5","5","4","6","3","1","2","2","1","1","2","6","2","1","7","1","1","1","1","1","2","1","7","1","3","799230569765543938","仲","102","Female","[""坏我"",""好我"",""好她"",""坏她""]","[""弱我"",""强我"",""强她"",""弱她""]","","","","","","","","3","","","","","","","","","SRET","SRET_math_calculate","","key","3","16.665441176470587","683","380","","","","","3+0= ?","3","1","","","","","","","",""
"2001","","5","psychophysics","135","433119","0.0-7.0-5.0-0.32","5","2","5","1","1","5","3","4","4","5","5","0","0","1","2","-2","1","1","2","5","4","5","4","2","1","2","3","4","3","4","6","4","8","3","7","6","5","7","5","5","3","3","6","2","5","2","5","5","1","2","2","5","1","1","5","5","4","6","3","1","2","2","1","1","2","6","2","1","7","1","1","1","1","1","2","1","7","1","3","799230569765543938","仲","102","Female","[""坏我"",""好我"",""好她"",""坏她""]","[""弱我"",""强我"",""强她"",""弱她""]","","","","","","","","5","","","","","","","","","SRET","SRET_math_calculate","","key","5","16.665546218487492","683","380","","","","","10-5= ?","5","1","","","","","","","",""
"2256","","9","psychophysics","136","435379","0.0-7.0-5.0-0.33","5","2","5","1","1","5","3","4","4","5","5","0","0","1","2","-2","1","1","2","5","4","5","4","2","1","2","3","4","3","4","6","4","8","3","7","6","5","7","5","5","3","3","6","2","5","2","5","5","1","2","2","5","1","1","5","5","4","6","3","1","2","2","1","1","2","6","2","1","7","1","1","1","1","1","2","1","7","1","3","799230569765543938","仲","102","Female","[""坏我"",""好我"",""好她"",""坏她""]","[""弱我"",""强我"",""强她"",""弱她""]","","","","","","","","9","","","","","","","","","SRET","SRET_math_calculate","","key","9","16.66518518518553","683","380","","","","","6+3= ?","9","1","","","","","","","",""
"1965","","0","psychophysics","137","437348","0.0-7.0-5.0-0.34","5","2","5","1","1","5","3","4","4","5","5","0","0","1","2","-2","1","1","2","5","4","5","4","2","1","2","3","4","3","4","6","4","8","3","7","6","5","7","5","5","3","3","6","2","5","2","5","5","1","2","2","5","1","1","5","5","4","6","3","1","2","2","1","1","2","6","2","1","7","1","1","1","1","1","2","1","7","1","3","799230569765543938","仲","102","Female","[""坏我"",""好我"",""好她"",""坏她""]","[""弱我"",""强我"",""强她"",""弱她""]","","","","","","","","0","","","","","","","","","SRET","SRET_math_calculate","","key","0","16.665811965812164","683","380","","","","","32-32= ?","0","1","","","","","","","",""
"2294","","5","psychophysics","138","439646","0.0-7.0-5.0-0.35","5","2","5","1","1","5","3","4","4","5","5","0","0","1","2","-2","1","1","2","5","4","5","4","2","1","2","3","4","3","4","6","4","8","3","7","6","5","7","5","5","3","3","6","2","5","2","5","5","1","2","2","5","1","1","5","5","4","6","3","1","2","2","1","1","2","6","2","1","7","1","1","1","1","1","2","1","7","1","3","799230569765543938","仲","102","Female","[""坏我"",""好我"",""好她"",""坏她""]","[""弱我"",""强我"",""强她"",""弱她""]","","","","","","","","5","","","","","","","","","SRET","SRET_math_calculate","","key","5","16.66569343065702","683","380","","","","","3+2= ?","5","1","","","","","","","",""
"1933","","6","psychophysics","139","441583","0.0-7.0-5.0-0.36","5","2","5","1","1","5","3","4","4","5","5","0","0","1","2","-2","1","1","2","5","4","5","4","2","1","2","3","4","3","4","6","4","8","3","7","6","5","7","5","5","3","3","6","2","5","2","5","5","1","2","2","5","1","1","5","5","4","6","3","1","2","2","1","1","2","6","2","1","7","1","1","1","1","1","2","1","7","1","3","799230569765543938","仲","102","Female","[""坏我"",""好我"",""好她"",""坏她""]","[""弱我"",""强我"",""强她"",""弱她""]","","","","","","","","6","","","","","","","","","SRET","SRET_math_calculate","","key","6","16.66521739130435","683","380","","","","","5+1= ?","6","1","","","","","","","",""
"6031","","8","psychophysics","140","447616","0.0-7.0-5.0-0.37","5","2","5","1","1","5","3","4","4","5","5","0","0","1","2","-2","1","1","2","5","4","5","4","2","1","2","3","4","3","4","6","4","8","3","7","6","5","7","5","5","3","3","6","2","5","2","5","5","1","2","2","5","1","1","5","5","4","6","3","1","2","2","1","1","2","6","2","1","7","1","1","1","1","1","2","1","7","1","3","799230569765543938","仲","102","Female","[""坏我"",""好我"",""好她"",""坏她""]","[""弱我"",""强我"",""强她"",""弱她""]","","","","","","","","8","","","","","","","","","SRET","SRET_math_calculate","","key","8","16.665650969529054","683","380","","","","","32-23= ?","9","0","","","","","","","",""
"3041","","7","psychophysics","141","450662","0.0-7.0-5.0-0.38","5","2","5","1","1","5","3","4","4","5","5","0","0","1","2","-2","1","1","2","5","4","5","4","2","1","2","3","4","3","4","6","4","8","3","7","6","5","7","5","5","3","3","6","2","5","2","5","5","1","2","2","5","1","1","5","5","4","6","3","1","2","2","1","1","2","6","2","1","7","1","1","1","1","1","2","1","7","1","3","799230569765543938","仲","102","Female","[""坏我"",""好我"",""好她"",""坏她""]","[""弱我"",""强我"",""强她"",""弱她""]","","","","","","","","7","","","","","","","","","SRET","SRET_math_calculate","","key","7","16.665384615384486","683","380","","","","","49/7 = ?","7","1","","","","","","","",""
"1936","","0","psychophysics","142","452603","0.0-7.0-5.0-0.39","5","2","5","1","1","5","3","4","4","5","5","0","0","1","2","-2","1","1","2","5","4","5","4","2","1","2","3","4","3","4","6","4","8","3","7","6","5","7","5","5","3","3","6","2","5","2","5","5","1","2","2","5","1","1","5","5","4","6","3","1","2","2","1","1","2","6","2","1","7","1","1","1","1","1","2","1","7","1","3","799230569765543938","仲","102","Female","[""坏我"",""好我"",""好她"",""坏她""]","[""弱我"",""强我"",""强她"",""弱她""]","","","","","","","","0","","","","","","","","","SRET","SRET_math_calculate","","key","0","16.66521739130435","683","380","","","","","5*0= ?","0","1","","","","","","","",""
"2289","","7","psychophysics","143","454920","0.0-7.0-5.0-0.40","5","2","5","1","1","5","3","4","4","5","5","0","0","1","2","-2","1","1","2","5","4","5","4","2","1","2","3","4","3","4","6","4","8","3","7","6","5","7","5","5","3","3","6","2","5","2","5","5","1","2","2","5","1","1","5","5","4","6","3","1","2","2","1","1","2","6","2","1","7","1","1","1","1","1","2","1","7","1","3","799230569765543938","仲","102","Female","[""坏我"",""好我"",""好她"",""坏她""]","[""弱我"",""强我"",""强她"",""弱她""]","","","","","","","","7","","","","","","","","","SRET","SRET_math_calculate","","key","7","16.666666666666668","683","380","","","","","7*1=  ?","7","1","","","","","","","",""
"2324","","5","psychophysics","144","457251","0.0-7.0-5.0-0.41","5","2","5","1","1","5","3","4","4","5","5","0","0","1","2","-2","1","1","2","5","4","5","4","2","1","2","3","4","3","4","6","4","8","3","7","6","5","7","5","5","3","3","6","2","5","2","5","5","1","2","2","5","1","1","5","5","4","6","3","1","2","2","1","1","2","6","2","1","7","1","1","1","1","1","2","1","7","1","3","799230569765543938","仲","102","Female","[""坏我"",""好我"",""好她"",""坏她""]","[""弱我"",""强我"",""强她"",""弱她""]","","","","","","","","5","","","","","","","","","SRET","SRET_math_calculate","","key","5","16.665467625899282","683","380","","","","","17-12= ? ","5","1","","","","","","","",""
"2213","","3","psychophysics","145","459473","0.0-7.0-5.0-0.42","5","2","5","1","1","5","3","4","4","5","5","0","0","1","2","-2","1","1","2","5","4","5","4","2","1","2","3","4","3","4","6","4","8","3","7","6","5","7","5","5","3","3","6","2","5","2","5","5","1","2","2","5","1","1","5","5","4","6","3","1","2","2","1","1","2","6","2","1","7","1","1","1","1","1","2","1","7","1","3","799230569765543938","仲","102","Female","[""坏我"",""好我"",""好她"",""坏她""]","[""弱我"",""强我"",""强她"",""弱她""]","","","","","","","","3","","","","","","","","","SRET","SRET_math_calculate","","key","3","16.665151515151425","683","380","","","","","12/4= ?","3","1","","","","","","","",""
"2520","","1","psychophysics","146","462002","0.0-7.0-5.0-0.43","5","2","5","1","1","5","3","4","4","5","5","0","0","1","2","-2","1","1","2","5","4","5","4","2","1","2","3","4","3","4","6","4","8","3","7","6","5","7","5","5","3","3","6","2","5","2","5","5","1","2","2","5","1","1","5","5","4","6","3","1","2","2","1","1","2","6","2","1","7","1","1","1","1","1","2","1","7","1","3","799230569765543938","仲","102","Female","[""坏我"",""好我"",""好她"",""坏她""]","[""弱我"",""强我"",""强她"",""弱她""]","","","","","","","","1","","","","","","","","","SRET","SRET_math_calculate","","key","1","16.665562913907284","683","380","","","","","10-9= ?","1","1","","","","","","","",""
"2438","","3","psychophysics","147","464449","0.0-7.0-5.0-0.44","5","2","5","1","1","5","3","4","4","5","5","0","0","1","2","-2","1","1","2","5","4","5","4","2","1","2","3","4","3","4","6","4","8","3","7","6","5","7","5","5","3","3","6","2","5","2","5","5","1","2","2","5","1","1","5","5","4","6","3","1","2","2","1","1","2","6","2","1","7","1","1","1","1","1","2","1","7","1","3","799230569765543938","仲","102","Female","[""坏我"",""好我"",""好她"",""坏她""]","[""弱我"",""强我"",""强她"",""弱她""]","","","","","","","","3","","","","","","","","","SRET","SRET_math_calculate","","key","3","16.665068493150525","683","380","","","","","21/7=  ?","3","1","","","","","","","",""
"2419","","4","psychophysics","148","466878","0.0-7.0-5.0-0.45","5","2","5","1","1","5","3","4","4","5","5","0","0","1","2","-2","1","1","2","5","4","5","4","2","1","2","3","4","3","4","6","4","8","3","7","6","5","7","5","5","3","3","6","2","5","2","5","5","1","2","2","5","1","1","5","5","4","6","3","1","2","2","1","1","2","6","2","1","7","1","1","1","1","1","2","1","7","1","3","799230569765543938","仲","102","Female","[""坏我"",""好我"",""好她"",""坏她""]","[""弱我"",""强我"",""强她"",""弱她""]","","","","","","","","4","","","","","","","","","SRET","SRET_math_calculate","","key","4","16.664827586207057","683","380","","","","","8-4= ?","4","1","","","","","","","",""
"2911","","2","psychophysics","149","469795","0.0-7.0-5.0-0.46","5","2","5","1","1","5","3","4","4","5","5","0","0","1","2","-2","1","1","2","5","4","5","4","2","1","2","3","4","3","4","6","4","8","3","7","6","5","7","5","5","3","3","6","2","5","2","5","5","1","2","2","5","1","1","5","5","4","6","3","1","2","2","1","1","2","6","2","1","7","1","1","1","1","1","2","1","7","1","3","799230569765543938","仲","102","Female","[""坏我"",""好我"",""好她"",""坏她""]","[""弱我"",""强我"",""强她"",""弱她""]","","","","","","","","2","","","","","","","","","SRET","SRET_math_calculate","","key","2","16.665517241379245","683","380","","","","","22/11= ?","2","1","","","","","","","",""
"2419","","3","psychophysics","150","472219","0.0-7.0-5.0-0.47","5","2","5","1","1","5","3","4","4","5","5","0","0","1","2","-2","1","1","2","5","4","5","4","2","1","2","3","4","3","4","6","4","8","3","7","6","5","7","5","5","3","3","6","2","5","2","5","5","1","2","2","5","1","1","5","5","4","6","3","1","2","2","1","1","2","6","2","1","7","1","1","1","1","1","2","1","7","1","3","799230569765543938","仲","102","Female","[""坏我"",""好我"",""好她"",""坏她""]","[""弱我"",""强我"",""强她"",""弱她""]","","","","","","","","3","","","","","","","","","SRET","SRET_math_calculate","","key","3","16.66597222222198","683","380","","","","","9/3= ?","3","1","","","","","","","",""
"2286","","6","psychophysics","151","474513","0.0-7.0-5.0-0.48","5","2","5","1","1","5","3","4","4","5","5","0","0","1","2","-2","1","1","2","5","4","5","4","2","1","2","3","4","3","4","6","4","8","3","7","6","5","7","5","5","3","3","6","2","5","2","5","5","1","2","2","5","1","1","5","5","4","6","3","1","2","2","1","1","2","6","2","1","7","1","1","1","1","1","2","1","7","1","3","799230569765543938","仲","102","Female","[""坏我"",""好我"",""好她"",""坏她""]","[""弱我"",""强我"",""强她"",""弱她""]","","","","","","","","6","","","","","","","","","SRET","SRET_math_calculate","","key","6","16.66569343065702","683","380","","","","","3*2= ?","6","1","","","","","","","",""
"2274","","5","psychophysics","152","476792","0.0-7.0-5.0-0.49","5","2","5","1","1","5","3","4","4","5","5","0","0","1","2","-2","1","1","2","5","4","5","4","2","1","2","3","4","3","4","6","4","8","3","7","6","5","7","5","5","3","3","6","2","5","2","5","5","1","2","2","5","1","1","5","5","4","6","3","1","2","2","1","1","2","6","2","1","7","1","1","1","1","1","2","1","7","1","3","799230569765543938","仲","102","Female","[""坏我"",""好我"",""好她"",""坏她""]","[""弱我"",""强我"",""强她"",""弱她""]","","","","","","","","5","","","","","","","","","SRET","SRET_math_calculate","","key","5","16.666176470588493","683","380","","","","","15-10= ?","5","1","","","","","","","",""
"2080","","8","psychophysics","153","478876","0.0-7.0-5.0-0.50","5","2","5","1","1","5","3","4","4","5","5","0","0","1","2","-2","1","1","2","5","4","5","4","2","1","2","3","4","3","4","6","4","8","3","7","6","5","7","5","5","3","3","6","2","5","2","5","5","1","2","2","5","1","1","5","5","4","6","3","1","2","2","1","1","2","6","2","1","7","1","1","1","1","1","2","1","7","1","3","799230569765543938","仲","102","Female","[""坏我"",""好我"",""好她"",""坏她""]","[""弱我"",""强我"",""强她"",""弱她""]","","","","","","","","8","","","","","","","","","SRET","SRET_math_calculate","","key","8","16.666129032258347","683","380","","","","","4+4= ?","8","1","","","","","","","",""
"2269","","4","psychophysics","154","481149","0.0-7.0-5.0-0.51","5","2","5","1","1","5","3","4","4","5","5","0","0","1","2","-2","1","1","2","5","4","5","4","2","1","2","3","4","3","4","6","4","8","3","7","6","5","7","5","5","3","3","6","2","5","2","5","5","1","2","2","5","1","1","5","5","4","6","3","1","2","2","1","1","2","6","2","1","7","1","1","1","1","1","2","1","7","1","3","799230569765543938","仲","102","Female","[""坏我"",""好我"",""好她"",""坏她""]","[""弱我"",""强我"",""强她"",""弱她""]","","","","","","","","4","","","","","","","","","SRET","SRET_math_calculate","","key","4","16.66518518518553","683","380","","","","","20/5= ?","4","1","","","","","","","",""
"2135","","2","psychophysics","155","483289","0.0-7.0-5.0-0.52","5","2","5","1","1","5","3","4","4","5","5","0","0","1","2","-2","1","1","2","5","4","5","4","2","1","2","3","4","3","4","6","4","8","3","7","6","5","7","5","5","3","3","6","2","5","2","5","5","1","2","2","5","1","1","5","5","4","6","3","1","2","2","1","1","2","6","2","1","7","1","1","1","1","1","2","1","7","1","3","799230569765543938","仲","102","Female","[""坏我"",""好我"",""好她"",""坏她""]","[""弱我"",""强我"",""强她"",""弱她""]","","","","","","","","2","","","","","","","","","SRET","SRET_math_calculate","","key","2","16.666141732283283","683","380","","","","","5-3= ?","2","1","","","","","","","",""
"2000","","0","psychophysics","156","485297","0.0-7.0-5.0-0.53","5","2","5","1","1","5","3","4","4","5","5","0","0","1","2","-2","1","1","2","5","4","5","4","2","1","2","3","4","3","4","6","4","8","3","7","6","5","7","5","5","3","3","6","2","5","2","5","5","1","2","2","5","1","1","5","5","4","6","3","1","2","2","1","1","2","6","2","1","7","1","1","1","1","1","2","1","7","1","3","799230569765543938","仲","102","Female","[""坏我"",""好我"",""好她"",""坏她""]","[""弱我"",""强我"",""强她"",""弱她""]","","","","","","","","0","","","","","","","","","SRET","SRET_math_calculate","","key","0","16.665833333333044","683","380","","","","","6*0= ?","0","1","","","","","","","",""
"1891","","5","psychophysics","157","487192","0.0-7.0-5.0-0.54","5","2","5","1","1","5","3","4","4","5","5","0","0","1","2","-2","1","1","2","5","4","5","4","2","1","2","3","4","3","4","6","4","8","3","7","6","5","7","5","5","3","3","6","2","5","2","5","5","1","2","2","5","1","1","5","5","4","6","3","1","2","2","1","1","2","6","2","1","7","1","1","1","1","1","2","1","7","1","3","799230569765543938","仲","102","Female","[""坏我"",""好我"",""好她"",""坏她""]","[""弱我"",""强我"",""强她"",""弱她""]","","","","","","","","5","","","","","","","","","SRET","SRET_math_calculate","","key","5","16.66548672566382","683","380","","","","","9-4= ?","5","1","","","","","","","",""
"2285","","7","psychophysics","158","489482","0.0-7.0-5.0-0.55","5","2","5","1","1","5","3","4","4","5","5","0","0","1","2","-2","1","1","2","5","4","5","4","2","1","2","3","4","3","4","6","4","8","3","7","6","5","7","5","5","3","3","6","2","5","2","5","5","1","2","2","5","1","1","5","5","4","6","3","1","2","2","1","1","2","6","2","1","7","1","1","1","1","1","2","1","7","1","3","799230569765543938","仲","102","Female","[""坏我"",""好我"",""好她"",""坏她""]","[""弱我"",""强我"",""强她"",""弱她""]","","","","","","","","7","","","","","","","","","SRET","SRET_math_calculate","","key","7","16.665441176470587","683","380","","","","","4+3= ?","7","1","","","","","","","",""
"2559","","5","psychophysics","159","492052","0.0-7.0-5.0-0.56","5","2","5","1","1","5","3","4","4","5","5","0","0","1","2","-2","1","1","2","5","4","5","4","2","1","2","3","4","3","4","6","4","8","3","7","6","5","7","5","5","3","3","6","2","5","2","5","5","1","2","2","5","1","1","5","5","4","6","3","1","2","2","1","1","2","6","2","1","7","1","1","1","1","1","2","1","7","1","3","799230569765543938","仲","102","Female","[""坏我"",""好我"",""好她"",""坏她""]","[""弱我"",""强我"",""强她"",""弱她""]","","","","","","","","5","","","","","","","","","SRET","SRET_math_calculate","","key","5","16.666013071895577","683","380","","","","","14-9= ?","5","1","","","","","","","",""
"2279","","7","psychophysics","160","494341","0.0-7.0-5.0-0.57","5","2","5","1","1","5","3","4","4","5","5","0","0","1","2","-2","1","1","2","5","4","5","4","2","1","2","3","4","3","4","6","4","8","3","7","6","5","7","5","5","3","3","6","2","5","2","5","5","1","2","2","5","1","1","5","5","4","6","3","1","2","2","1","1","2","6","2","1","7","1","1","1","1","1","2","1","7","1","3","799230569765543938","仲","102","Female","[""坏我"",""好我"",""好她"",""坏她""]","[""弱我"",""强我"",""强她"",""弱她""]","","","","","","","","7","","","","","","","","","SRET","SRET_math_calculate","","key","7","16.665693430656596","683","380","","","","","13-6= ?","7","1","","","","","","","",""
"2078","","9","psychophysics","161","496425","0.0-7.0-5.0-0.58","5","2","5","1","1","5","3","4","4","5","5","0","0","1","2","-2","1","1","2","5","4","5","4","2","1","2","3","4","3","4","6","4","8","3","7","6","5","7","5","5","3","3","6","2","5","2","5","5","1","2","2","5","1","1","5","5","4","6","3","1","2","2","1","1","2","6","2","1","7","1","1","1","1","1","2","1","7","1","3","799230569765543938","仲","102","Female","[""坏我"",""好我"",""好她"",""坏她""]","[""弱我"",""强我"",""强她"",""弱她""]","","","","","","","","9","","","","","","","","","SRET","SRET_math_calculate","","key","9","16.66532258064516","683","380","","","","","7+2= ?","9","1","","","","","","","",""
"2014","","5","psychophysics","162","498443","0.0-7.0-5.0-0.59","5","2","5","1","1","5","3","4","4","5","5","0","0","1","2","-2","1","1","2","5","4","5","4","2","1","2","3","4","3","4","6","4","8","3","7","6","5","7","5","5","3","3","6","2","5","2","5","5","1","2","2","5","1","1","5","5","4","6","3","1","2","2","1","1","2","6","2","1","7","1","1","1","1","1","2","1","7","1","3","799230569765543938","仲","102","Female","[""坏我"",""好我"",""好她"",""坏她""]","[""弱我"",""强我"",""强她"",""弱她""]","","","","","","","","5","","","","","","","","","SRET","SRET_math_calculate","","key","5","16.665833333333044","683","380","","","","","12-7= ?","5","1","","","","","","","",""
"2046","","6","psychophysics","163","500494","0.0-7.0-5.0-0.60","5","2","5","1","1","5","3","4","4","5","5","0","0","1","2","-2","1","1","2","5","4","5","4","2","1","2","3","4","3","4","6","4","8","3","7","6","5","7","5","5","3","3","6","2","5","2","5","5","1","2","2","5","1","1","5","5","4","6","3","1","2","2","1","1","2","6","2","1","7","1","1","1","1","1","2","1","7","1","3","799230569765543938","仲","102","Female","[""坏我"",""好我"",""好她"",""坏她""]","[""弱我"",""强我"",""强她"",""弱她""]","","","","","","","","6","","","","","","","","","SRET","SRET_math_calculate","","key","6","16.6655737704919","683","380","","","","","3+3= ?","6","1","","","","","","","",""
"2158","","1","psychophysics","164","502656","0.0-7.0-5.0-0.61","5","2","5","1","1","5","3","4","4","5","5","0","0","1","2","-2","1","1","2","5","4","5","4","2","1","2","3","4","3","4","6","4","8","3","7","6","5","7","5","5","3","3","6","2","5","2","5","5","1","2","2","5","1","1","5","5","4","6","3","1","2","2","1","1","2","6","2","1","7","1","1","1","1","1","2","1","7","1","3","799230569765543938","仲","102","Female","[""坏我"",""好我"",""好她"",""坏她""]","[""弱我"",""强我"",""强她"",""弱她""]","","","","","","","","1","","","","","","","","","SRET","SRET_math_calculate","","key","1","16.665891472867948","683","380","","","","","4/4= ?","1","1","","","","","","","",""
"2943","","2","psychophysics","165","505604","0.0-7.0-5.0-0.62","5","2","5","1","1","5","3","4","4","5","5","0","0","1","2","-2","1","1","2","5","4","5","4","2","1","2","3","4","3","4","6","4","8","3","7","6","5","7","5","5","3","3","6","2","5","2","5","5","1","2","2","5","1","1","5","5","4","6","3","1","2","2","1","1","2","6","2","1","7","1","1","1","1","1","2","1","7","1","3","799230569765543938","仲","102","Female","[""坏我"",""好我"",""好她"",""坏她""]","[""弱我"",""强我"",""强她"",""弱她""]","","","","","","","","2","","","","","","","","","SRET","SRET_math_calculate","","key","2","16.665714285714287","683","380","","","","","90/45= ?","2","1","","","","","","","",""
"2206","","7","psychophysics","166","507820","0.0-7.0-5.0-0.63","5","2","5","1","1","5","3","4","4","5","5","0","0","1","2","-2","1","1","2","5","4","5","4","2","1","2","3","4","3","4","6","4","8","3","7","6","5","7","5","5","3","3","6","2","5","2","5","5","1","2","2","5","1","1","5","5","4","6","3","1","2","2","1","1","2","6","2","1","7","1","1","1","1","1","2","1","7","1","3","799230569765543938","仲","102","Female","[""坏我"",""好我"",""好她"",""坏她""]","[""弱我"",""强我"",""强她"",""弱她""]","","","","","","","","7","","","","","","","","","SRET","SRET_math_calculate","","key","7","16.66515151515187","683","380","","","","","6+1= ?","7","1","","","","","","","",""
"1867","","2","psychophysics","167","509695","0.0-7.0-5.0-0.64","5","2","5","1","1","5","3","4","4","5","5","0","0","1","2","-2","1","1","2","5","4","5","4","2","1","2","3","4","3","4","6","4","8","3","7","6","5","7","5","5","3","3","6","2","5","2","5","5","1","2","2","5","1","1","5","5","4","6","3","1","2","2","1","1","2","6","2","1","7","1","1","1","1","1","2","1","7","1","3","799230569765543938","仲","102","Female","[""坏我"",""好我"",""好她"",""坏她""]","[""弱我"",""强我"",""强她"",""弱她""]","","","","","","","","2","","","","","","","","","SRET","SRET_math_calculate","","key","2","16.66607142857174","683","380","","","","","8/4= ?","2","1","","","","","","","",""
"3676","","8","psychophysics","168","513374","0.0-7.0-5.0-0.65","5","2","5","1","1","5","3","4","4","5","5","0","0","1","2","-2","1","1","2","5","4","5","4","2","1","2","3","4","3","4","6","4","8","3","7","6","5","7","5","5","3","3","6","2","5","2","5","5","1","2","2","5","1","1","5","5","4","6","3","1","2","2","1","1","2","6","2","1","7","1","1","1","1","1","2","1","7","1","3","799230569765543938","仲","102","Female","[""坏我"",""好我"",""好她"",""坏她""]","[""弱我"",""强我"",""强她"",""弱她""]","","","","","","","","8","","","","","","","","","SRET","SRET_math_calculate","","key","8","16.66545454545465","683","380","","","","","11-3= ?","8","1","","","","","","","",""
"2440","","9","psychophysics","169","515824","0.0-7.0-5.0-0.66","5","2","5","1","1","5","3","4","4","5","5","0","0","1","2","-2","1","1","2","5","4","5","4","2","1","2","3","4","3","4","6","4","8","3","7","6","5","7","5","5","3","3","6","2","5","2","5","5","1","2","2","5","1","1","5","5","4","6","3","1","2","2","1","1","2","6","2","1","7","1","1","1","1","1","2","1","7","1","3","799230569765543938","仲","102","Female","[""坏我"",""好我"",""好她"",""坏她""]","[""弱我"",""强我"",""强她"",""弱她""]","","","","","","","","9","","","","","","","","","SRET","SRET_math_calculate","","key","9","16.665753424657215","683","380","","","","","3+6= ?","9","1","","","","","","","",""
"4162","","2","psychophysics","170","519991","0.0-7.0-5.0-0.67","5","2","5","1","1","5","3","4","4","5","5","0","0","1","2","-2","1","1","2","5","4","5","4","2","1","2","3","4","3","4","6","4","8","3","7","6","5","7","5","5","3","3","6","2","5","2","5","5","1","2","2","5","1","1","5","5","4","6","3","1","2","2","1","1","2","6","2","1","7","1","1","1","1","1","2","1","7","1","3","799230569765543938","仲","102","Female","[""坏我"",""好我"",""好她"",""坏她""]","[""弱我"",""强我"",""强她"",""弱她""]","","","","","","","","2","","","","","","","","","SRET","SRET_math_calculate","","key","2","16.665461847389604","683","380","","","","","13-9= ?","4","0","","","","","","","",""
"2699","","2","psychophysics","171","522696","0.0-7.0-5.0-0.68","5","2","5","1","1","5","3","4","4","5","5","0","0","1","2","-2","1","1","2","5","4","5","4","2","1","2","3","4","3","4","6","4","8","3","7","6","5","7","5","5","3","3","6","2","5","2","5","5","1","2","2","5","1","1","5","5","4","6","3","1","2","2","1","1","2","6","2","1","7","1","1","1","1","1","2","1","7","1","3","799230569765543938","仲","102","Female","[""坏我"",""好我"",""好她"",""坏她""]","[""弱我"",""强我"",""强她"",""弱她""]","","","","","","","","2","","","","","","","","","SRET","SRET_math_calculate","","key","2","16.665838509316842","683","380","","","","","8-6= ?","2","1","","","","","","","",""
"1744","","2","psychophysics","172","524444","0.0-7.0-5.0-0.69","5","2","5","1","1","5","3","4","4","5","5","0","0","1","2","-2","1","1","2","5","4","5","4","2","1","2","3","4","3","4","6","4","8","3","7","6","5","7","5","5","3","3","6","2","5","2","5","5","1","2","2","5","1","1","5","5","4","6","3","1","2","2","1","1","2","6","2","1","7","1","1","1","1","1","2","1","7","1","3","799230569765543938","仲","102","Female","[""坏我"",""好我"",""好她"",""坏她""]","[""弱我"",""强我"",""强她"",""弱她""]","","","","","","","","2","","","","","","","","","SRET","SRET_math_calculate","","key","2","16.66442307692285","683","380","","","","","9-7= ?","2","1","","","","","","","",""
"1866","","3","psychophysics","173","526314","0.0-7.0-5.0-0.70","5","2","5","1","1","5","3","4","4","5","5","0","0","1","2","-2","1","1","2","5","4","5","4","2","1","2","3","4","3","4","6","4","8","3","7","6","5","7","5","5","3","3","6","2","5","2","5","5","1","2","2","5","1","1","5","5","4","6","3","1","2","2","1","1","2","6","2","1","7","1","1","1","1","1","2","1","7","1","3","799230569765543938","仲","102","Female","[""坏我"",""好我"",""好她"",""坏她""]","[""弱我"",""强我"",""强她"",""弱她""]","","","","","","","","3","","","","","","","","","SRET","SRET_math_calculate","","key","3","16.665765765765975","683","380","","","","","9-6= ?","3","1","","","","","","","",""
"2163","","7","psychophysics","174","528490","0.0-7.0-5.0-0.71","5","2","5","1","1","5","3","4","4","5","5","0","0","1","2","-2","1","1","2","5","4","5","4","2","1","2","3","4","3","4","6","4","8","3","7","6","5","7","5","5","3","3","6","2","5","2","5","5","1","2","2","5","1","1","5","5","4","6","3","1","2","2","1","1","2","6","2","1","7","1","1","1","1","1","2","1","7","1","3","799230569765543938","仲","102","Female","[""坏我"",""好我"",""好她"",""坏她""]","[""弱我"",""强我"",""强她"",""弱她""]","","","","","","","","7","","","","","","","","","SRET","SRET_math_calculate","","key","7","16.664615384615562","683","380","","","","","3+4= ?","7","1","","","","","","","",""
"2322","","8","psychophysics","175","530815","0.0-7.0-5.0-0.72","5","2","5","1","1","5","3","4","4","5","5","0","0","1","2","-2","1","1","2","5","4","5","4","2","1","2","3","4","3","4","6","4","8","3","7","6","5","7","5","5","3","3","6","2","5","2","5","5","1","2","2","5","1","1","5","5","4","6","3","1","2","2","1","1","2","6","2","1","7","1","1","1","1","1","2","1","7","1","3","799230569765543938","仲","102","Female","[""坏我"",""好我"",""好她"",""坏她""]","[""弱我"",""强我"",""强她"",""弱她""]","","","","","","","","8","","","","","","","","","SRET","SRET_math_calculate","","key","8","16.665217391304687","683","380","","","","","3+5= ?","8","1","","","","","","","",""
"2011","","3","psychophysics","176","532829","0.0-7.0-5.0-0.73","5","2","5","1","1","5","3","4","4","5","5","0","0","1","2","-2","1","1","2","5","4","5","4","2","1","2","3","4","3","4","6","4","8","3","7","6","5","7","5","5","3","3","6","2","5","2","5","5","1","2","2","5","1","1","5","5","4","6","3","1","2","2","1","1","2","6","2","1","7","1","1","1","1","1","2","1","7","1","3","799230569765543938","仲","102","Female","[""坏我"",""好我"",""好她"",""坏她""]","[""弱我"",""强我"",""强她"",""弱她""]","","","","","","","","3","","","","","","","","","SRET","SRET_math_calculate","","key","3","16.665833333332557","683","380","","","","","8-5= ?","3","1","","","","","","","",""
"1951","","2","psychophysics","177","534783","0.0-7.0-5.0-0.74","5","2","5","1","1","5","3","4","4","5","5","0","0","1","2","-2","1","1","2","5","4","5","4","2","1","2","3","4","3","4","6","4","8","3","7","6","5","7","5","5","3","3","6","2","5","2","5","5","1","2","2","5","1","1","5","5","4","6","3","1","2","2","1","1","2","6","2","1","7","1","1","1","1","1","2","1","7","1","3","799230569765543938","仲","102","Female","[""坏我"",""好我"",""好她"",""坏她""]","[""弱我"",""强我"",""强她"",""弱她""]","","","","","","","","2","","","","","","","","","SRET","SRET_math_calculate","","key","2","16.665517241378907","683","380","","","","","18/9= ?","2","1","","","","","","","",""
"2035","","8","psychophysics","178","536825","0.0-7.0-5.0-0.75","5","2","5","1","1","5","3","4","4","5","5","0","0","1","2","-2","1","1","2","5","4","5","4","2","1","2","3","4","3","4","6","4","8","3","7","6","5","7","5","5","3","3","6","2","5","2","5","5","1","2","2","5","1","1","5","5","4","6","3","1","2","2","1","1","2","6","2","1","7","1","1","1","1","1","2","1","7","1","3","799230569765543938","仲","102","Female","[""坏我"",""好我"",""好她"",""坏她""]","[""弱我"",""强我"",""强她"",""弱她""]","","","","","","","","8","","","","","","","","","SRET","SRET_math_calculate","","key","8","16.665573770492376","683","380","","","","","7+1= ?","8","1","","","","","","","",""
"2050","","5","psychophysics","179","538879","0.0-7.0-5.0-0.76","5","2","5","1","1","5","3","4","4","5","5","0","0","1","2","-2","1","1","2","5","4","5","4","2","1","2","3","4","3","4","6","4","8","3","7","6","5","7","5","5","3","3","6","2","5","2","5","5","1","2","2","5","1","1","5","5","4","6","3","1","2","2","1","1","2","6","2","1","7","1","1","1","1","1","2","1","7","1","3","799230569765543938","仲","102","Female","[""坏我"",""好我"",""好她"",""坏她""]","[""弱我"",""强我"",""强她"",""弱她""]","","","","","","","","5","","","","","","","","","SRET","SRET_math_calculate","","key","5","16.66639344262333","683","380","","","","","4+1= ?","5","1","","","","","","","",""
"","","","psychophysics","180","539281","0.0-7.0-5.0-0.77","5","2","5","1","1","5","3","4","4","5","5","0","0","1","2","-2","1","1","2","5","4","5","4","2","1","2","3","4","3","4","6","4","8","3","7","6","5","7","5","5","3","3","6","2","5","2","5","5","1","2","2","5","1","1","5","5","4","6","3","1","2","2","1","1","2","6","2","1","7","1","1","1","1","1","2","1","7","1","3","799230569765543938","仲","102","Female","[""坏我"",""好我"",""好她"",""坏她""]","[""弱我"",""强我"",""强她"",""弱她""]","","","","","","","","","","","","","","","","","SRET","SRET_math_calculate","","","","","","","","","","","13-5= ?","8","0","ended early","","","","","","",""
"38146","","","instructions","181","577430","0.0-7.0-6.0","5","2","5","1","1","5","3","4","4","5","5","0","0","1","2","-2","1","1","2","5","4","5","4","2","1","2","3","4","3","4","6","4","8","3","7","6","5","7","5","5","3","3","6","2","5","2","5","5","1","2","2","5","1","1","5","5","4","6","3","1","2","2","1","1","2","6","2","1","7","1","1","1","1","1","2","1","7","1","3","799230569765543938","仲","102","Female","[""坏我"",""好我"",""好她"",""坏她""]","[""弱我"",""强我"",""强她"",""弱她""]","","","","","","","","","","","","","","","","","SRET_RJ","RJ_instruct_practice","Fri Jan 19 2024 19:12:01 GMT+0800 (中国标准时间)","","","","","","","","","","","","","","[{""page_index"":0,""viewing_time"":21096},{""page_index"":1,""viewing_time"":17049}]","","","","","",""
"null","<div style=""color:white;font-size:80px;line-height:5px;position:absolute;top:calc(50%); transform: translate(-50%, -50%)"">+</div>","null","html-keyboard-response","182","577937","0.0-7.0-7.0-0.0","5","2","5","1","1","5","3","4","4","5","5","0","0","1","2","-2","1","1","2","5","4","5","4","2","1","2","3","4","3","4","6","4","8","3","7","6","5","7","5","5","3","3","6","2","5","2","5","5","1","2","2","5","1","1","5","5","4","6","3","1","2","2","1","1","2","6","2","1","7","1","1","1","1","1","2","1","7","1","3","799230569765543938","仲","102","Female","[""坏我"",""好我"",""好她"",""坏她""]","[""弱我"",""强我"",""强她"",""弱她""]","","","","","","","","","","","","","","","","","","","","","","","","","","","","","","","","","","","","","","",""
"49972","","2","html-keyboard-response","183","588857","0.0-7.0-7.0-1.0","5","2","5","1","1","5","3","4","4","5","5","0","0","1","2","-2","1","1","2","5","4","5","4","2","1","2","3","4","3","4","6","4","8","3","7","6","5","7","5","5","3","3","6","2","5","2","5","5","1","2","2","5","1","1","5","5","4","6","3","1","2","2","1","1","2","6","2","1","7","1","1","1","1","1","2","1","7","1","3","799230569765543938","仲","102","Female","[""坏我"",""好我"",""好她"",""坏她""]","[""弱我"",""强我"",""强她"",""弱她""]","","","","","","","","familiar","","","","","","","","","SRET","RJ_formal1","Fri Jan 19 2024 19:12:01 GMT+0800 (中国标准时间)","key","2","16.66564376250833","683","380","朋友","认真","Positive","ability","","","0","","","new","","","","",""
"10922","<p style=""position: absolute; top:calc(45%);;transform: translate(-50%, -50%);text-align: center; color: white; font-size: 60px;"">认真</p><p style=""position:absolute; text-align: center;color:	#D3D3D3;font-size: 25px;top:calc(50% + 35%);transform: translate(-50%)"">新词按 “1” ，熟悉按 “2” ，旧词按 “3”</p>","2","html-keyboard-response","184","588860","0.0-7.0-7.0-2.0-0.0","5","2","5","1","1","5","3","4","4","5","5","0","0","1","2","-2","1","1","2","5","4","5","4","2","1","2","3","4","3","4","6","4","8","3","7","6","5","7","5","5","3","3","6","2","5","2","5","5","1","2","2","5","1","1","5","5","4","6","3","1","2","2","1","1","2","6","2","1","7","1","1","1","1","1","2","1","7","1","3","799230569765543938","仲","102","Female","[""坏我"",""好我"",""好她"",""坏她""]","[""弱我"",""强我"",""强她"",""弱她""]","","","","","","","","","","","","","","","","","SRET","RJ_formal_2","Fri Jan 19 2024 19:12:01 GMT+0800 (中国标准时间)","","","","","","","认真","Positive","ability","","","","","","朋友","","","","",""
"null","<div style=""color:white;font-size:80px;line-height:5px;position:absolute;top:calc(50%); transform: translate(-50%, -50%)"">+</div>","null","html-keyboard-response","185","589364","0.0-7.0-7.0-0.1","5","2","5","1","1","5","3","4","4","5","5","0","0","1","2","-2","1","1","2","5","4","5","4","2","1","2","3","4","3","4","6","4","8","3","7","6","5","7","5","5","3","3","6","2","5","2","5","5","1","2","2","5","1","1","5","5","4","6","3","1","2","2","1","1","2","6","2","1","7","1","1","1","1","1","2","1","7","1","3","799230569765543938","仲","102","Female","[""坏我"",""好我"",""好她"",""坏她""]","[""弱我"",""强我"",""强她"",""弱她""]","","","","","","","","","","","","","","","","","","","","","","","","","","","","","","","","","","","","","","",""
"1687","<p style=""position: absolute; top:calc(45%);;transform: translate(-50%, -50%);text-align: center; color: white; font-size: 60px;"">白痴</p><p style=""position:absolute; text-align: center;color:	#D3D3D3;font-size: 25px;top:calc(50% + 35%);transform: translate(-50%)"">新词按 “1” ，熟悉按 “2” ，旧词按 “3”</p>","1","html-keyboard-response","186","591052","0.0-7.0-7.0-1.1","5","2","5","1","1","5","3","4","4","5","5","0","0","1","2","-2","1","1","2","5","4","5","4","2","1","2","3","4","3","4","6","4","8","3","7","6","5","7","5","5","3","3","6","2","5","2","5","5","1","2","2","5","1","1","5","5","4","6","3","1","2","2","1","1","2","6","2","1","7","1","1","1","1","1","2","1","7","1","3","799230569765543938","仲","102","Female","[""坏我"",""好我"",""好她"",""坏她""]","[""弱我"",""强我"",""强她"",""弱她""]","","","","","","","","new","","","","","","","","","SRET","RJ_formal1","Fri Jan 19 2024 19:12:01 GMT+0800 (中国标准时间)","","","","","","朋友","白痴","Negative","ability","","","1","","","new","","","","",""
"null","<div style=""color:white;font-size:80px;line-height:5px;position:absolute;top:calc(50%); transform: translate(-50%, -50%)"">+</div>","null","html-keyboard-response","187","591561","0.0-7.0-7.0-0.2","5","2","5","1","1","5","3","4","4","5","5","0","0","1","2","-2","1","1","2","5","4","5","4","2","1","2","3","4","3","4","6","4","8","3","7","6","5","7","5","5","3","3","6","2","5","2","5","5","1","2","2","5","1","1","5","5","4","6","3","1","2","2","1","1","2","6","2","1","7","1","1","1","1","1","2","1","7","1","3","799230569765543938","仲","102","Female","[""坏我"",""好我"",""好她"",""坏她""]","[""弱我"",""强我"",""强她"",""弱她""]","","","","","","","","","","","","","","","","","","","","","","","","","","","","","","","","","","","","","","",""
"2394","<p style=""position: absolute; top:calc(45%);;transform: translate(-50%, -50%);text-align: center; color: white; font-size: 60px;"">忠实</p><p style=""position:absolute; text-align: center;color:	#D3D3D3;font-size: 25px;top:calc(50% + 35%);transform: translate(-50%)"">新词按 “1” ，熟悉按 “2” ，旧词按 “3”</p>","3","html-keyboard-response","188","593956","0.0-7.0-7.0-1.2","5","2","5","1","1","5","3","4","4","5","5","0","0","1","2","-2","1","1","2","5","4","5","4","2","1","2","3","4","3","4","6","4","8","3","7","6","5","7","5","5","3","3","6","2","5","2","5","5","1","2","2","5","1","1","5","5","4","6","3","1","2","2","1","1","2","6","2","1","7","1","1","1","1","1","2","1","7","1","3","799230569765543938","仲","102","Female","[""坏我"",""好我"",""好她"",""坏她""]","[""弱我"",""强我"",""强她"",""弱她""]","","","","","","","","old","","","","","","","","","SRET","RJ_formal1","Fri Jan 19 2024 19:12:01 GMT+0800 (中国标准时间)","","","","","","自己","忠实","Positive","morality","","","1","","","old","","","","",""
"9821","<p style=""position: absolute; top:calc(45%);transform: translate(-50%, -50%);text-align: center; color: white; font-size: 60px;"">认真</p><p style=""position:absolute; text-align: center;font-size: 25px;color:	#D3D3D3;top:calc(50% + 35%);transform: translate(-50%)"">自己按 f 键 ，朋友按 j 键</p>","f","html-keyboard-response","189","598681","0.0-7.0-7.0-2.2-0.2","5","2","5","1","1","5","3","4","4","5","5","0","0","1","2","-2","1","1","2","5","4","5","4","2","1","2","3","4","3","4","6","4","8","3","7","6","5","7","5","5","3","3","6","2","5","2","5","5","1","2","2","5","1","1","5","5","4","6","3","1","2","2","1","1","2","6","2","1","7","1","1","1","1","1","2","1","7","1","3","799230569765543938","仲","102","Female","[""坏我"",""好我"",""好她"",""坏她""]","[""弱我"",""强我"",""强她"",""弱她""]","","","","","","","","self","","","","","","","","","SRET","RJ_formal_2","Fri Jan 19 2024 19:12:01 GMT+0800 (中国标准时间)","","","","","","","忠实","Positive","morality","","","","","","自己","","","","",""
"4724","<p style=""position: absolute; top:calc(45%);transform: translate(-50%, -50%);text-align: center; color: white; font-size: 60px;"">忠实</p><p style=""position:absolute; text-align: center;font-size: 25px;color:	#D3D3D3;top:calc(50% + 35%);transform: translate(-50%)"">自己按 f 键 ，朋友按 j 键</p>","f","html-keyboard-response","190","598682","0.0-7.0-7.0-0.3","5","2","5","1","1","5","3","4","4","5","5","0","0","1","2","-2","1","1","2","5","4","5","4","2","1","2","3","4","3","4","6","4","8","3","7","6","5","7","5","5","3","3","6","2","5","2","5","5","1","2","2","5","1","1","5","5","4","6","3","1","2","2","1","1","2","6","2","1","7","1","1","1","1","1","2","1","7","1","3","799230569765543938","仲","102","Female","[""坏我"",""好我"",""好她"",""坏她""]","[""弱我"",""强我"",""强她"",""弱她""]","","","","","","","","","","","","","","","","","","","","","","","","","","","","","","","","","","","","","","",""
"2650","<p style=""position: absolute; top:calc(45%);;transform: translate(-50%, -50%);text-align: center; color: white; font-size: 60px;"">徇私</p><p style=""position:absolute; text-align: center;color:	#D3D3D3;font-size: 25px;top:calc(50% + 35%);transform: translate(-50%)"">新词按 “1” ，熟悉按 “2” ，旧词按 “3”</p>","3","html-keyboard-response","191","601333","0.0-7.0-7.0-1.3","5","2","5","1","1","5","3","4","4","5","5","0","0","1","2","-2","1","1","2","5","4","5","4","2","1","2","3","4","3","4","6","4","8","3","7","6","5","7","5","5","3","3","6","2","5","2","5","5","1","2","2","5","1","1","5","5","4","6","3","1","2","2","1","1","2","6","2","1","7","1","1","1","1","1","2","1","7","1","3","799230569765543938","仲","102","Female","[""坏我"",""好我"",""好她"",""坏她""]","[""弱我"",""强我"",""强她"",""弱她""]","","","","","","","","old","","","","","","","","","SRET","RJ_formal1","Fri Jan 19 2024 19:12:01 GMT+0800 (中国标准时间)","","","","","","自己","徇私","Negative","morality","","","1","","","old","","","","",""
"2676","<p style=""position: absolute; top:calc(45%);transform: translate(-50%, -50%);text-align: center; color: white; font-size: 60px;"">徇私</p><p style=""position:absolute; text-align: center;font-size: 25px;color:	#D3D3D3;top:calc(50% + 35%);transform: translate(-50%)"">自己按 f 键 ，朋友按 j 键</p>","j","html-keyboard-response","192","604010","0.0-7.0-7.0-2.3-0.3","5","2","5","1","1","5","3","4","4","5","5","0","0","1","2","-2","1","1","2","5","4","5","4","2","1","2","3","4","3","4","6","4","8","3","7","6","5","7","5","5","3","3","6","2","5","2","5","5","1","2","2","5","1","1","5","5","4","6","3","1","2","2","1","1","2","6","2","1","7","1","1","1","1","1","2","1","7","1","3","799230569765543938","仲","102","Female","[""坏我"",""好我"",""好她"",""坏她""]","[""弱我"",""强我"",""强她"",""弱她""]","","","","","","","","friend","","","","","","","","","SRET","RJ_formal_2","Fri Jan 19 2024 19:12:01 GMT+0800 (中国标准时间)","","","","","","","徇私","Negative","morality","","","","","","自己","","","","",""
"null","<div style=""color:white;font-size:80px;line-height:5px;position:absolute;top:calc(50%); transform: translate(-50%, -50%)"">+</div>","null","html-keyboard-response","193","604512","0.0-7.0-7.0-0.4","5","2","5","1","1","5","3","4","4","5","5","0","0","1","2","-2","1","1","2","5","4","5","4","2","1","2","3","4","3","4","6","4","8","3","7","6","5","7","5","5","3","3","6","2","5","2","5","5","1","2","2","5","1","1","5","5","4","6","3","1","2","2","1","1","2","6","2","1","7","1","1","1","1","1","2","1","7","1","3","799230569765543938","仲","102","Female","[""坏我"",""好我"",""好她"",""坏她""]","[""弱我"",""强我"",""强她"",""弱她""]","","","","","","","","","","","","","","","","","","","","","","","","","","","","","","","","","","","","","","",""
"3515","<p style=""position: absolute; top:calc(45%);;transform: translate(-50%, -50%);text-align: center; color: white; font-size: 60px;"">严谨</p><p style=""position:absolute; text-align: center;color:	#D3D3D3;font-size: 25px;top:calc(50% + 35%);transform: translate(-50%)"">新词按 “1” ，熟悉按 “2” ，旧词按 “3”</p>","3","html-keyboard-response","194","608028","0.0-7.0-7.0-1.4","5","2","5","1","1","5","3","4","4","5","5","0","0","1","2","-2","1","1","2","5","4","5","4","2","1","2","3","4","3","4","6","4","8","3","7","6","5","7","5","5","3","3","6","2","5","2","5","5","1","2","2","5","1","1","5","5","4","6","3","1","2","2","1","1","2","6","2","1","7","1","1","1","1","1","2","1","7","1","3","799230569765543938","仲","102","Female","[""坏我"",""好我"",""好她"",""坏她""]","[""弱我"",""强我"",""强她"",""弱她""]","","","","","","","","old","","","","","","","","","SRET","RJ_formal1","Fri Jan 19 2024 19:12:01 GMT+0800 (中国标准时间)","","","","","","自己","严谨","Positive","ability","","","1","","","old","","","","",""
"1985","<p style=""position: absolute; top:calc(45%);transform: translate(-50%, -50%);text-align: center; color: white; font-size: 60px;"">严谨</p><p style=""position:absolute; text-align: center;font-size: 25px;color:	#D3D3D3;top:calc(50% + 35%);transform: translate(-50%)"">自己按 f 键 ，朋友按 j 键</p>","f","html-keyboard-response","195","610015","0.0-7.0-7.0-2.4-0.4","5","2","5","1","1","5","3","4","4","5","5","0","0","1","2","-2","1","1","2","5","4","5","4","2","1","2","3","4","3","4","6","4","8","3","7","6","5","7","5","5","3","3","6","2","5","2","5","5","1","2","2","5","1","1","5","5","4","6","3","1","2","2","1","1","2","6","2","1","7","1","1","1","1","1","2","1","7","1","3","799230569765543938","仲","102","Female","[""坏我"",""好我"",""好她"",""坏她""]","[""弱我"",""强我"",""强她"",""弱她""]","","","","","","","","self","","","","","","","","","SRET","RJ_formal_2","Fri Jan 19 2024 19:12:01 GMT+0800 (中国标准时间)","","","","","","","严谨","Positive","ability","","","","","","自己","","","","",""
"null","<div style=""color:white;font-size:80px;line-height:5px;position:absolute;top:calc(50%); transform: translate(-50%, -50%)"">+</div>","null","html-keyboard-response","196","610520","0.0-7.0-7.0-0.5","5","2","5","1","1","5","3","4","4","5","5","0","0","1","2","-2","1","1","2","5","4","5","4","2","1","2","3","4","3","4","6","4","8","3","7","6","5","7","5","5","3","3","6","2","5","2","5","5","1","2","2","5","1","1","5","5","4","6","3","1","2","2","1","1","2","6","2","1","7","1","1","1","1","1","2","1","7","1","3","799230569765543938","仲","102","Female","[""坏我"",""好我"",""好她"",""坏她""]","[""弱我"",""强我"",""强她"",""弱她""]","","","","","","","","","","","","","","","","","","","","","","","","","","","","","","","","","","","","","","",""
"4061","<p style=""position: absolute; top:calc(45%);;transform: translate(-50%, -50%);text-align: center; color: white; font-size: 60px;"">刻板</p><p style=""position:absolute; text-align: center;color:	#D3D3D3;font-size: 25px;top:calc(50% + 35%);transform: translate(-50%)"">新词按 “1” ，熟悉按 “2” ，旧词按 “3”</p>","3","html-keyboard-response","197","614581","0.0-7.0-7.0-1.5","5","2","5","1","1","5","3","4","4","5","5","0","0","1","2","-2","1","1","2","5","4","5","4","2","1","2","3","4","3","4","6","4","8","3","7","6","5","7","5","5","3","3","6","2","5","2","5","5","1","2","2","5","1","1","5","5","4","6","3","1","2","2","1","1","2","6","2","1","7","1","1","1","1","1","2","1","7","1","3","799230569765543938","仲","102","Female","[""坏我"",""好我"",""好她"",""坏她""]","[""弱我"",""强我"",""强她"",""弱她""]","","","","","","","","old","","","","","","","","","SRET","RJ_formal1","Fri Jan 19 2024 19:12:01 GMT+0800 (中国标准时间)","","","","","","自己","刻板","Negative","ability","","","1","","","old","","","","",""
"3813","<p style=""position: absolute; top:calc(45%);transform: translate(-50%, -50%);text-align: center; color: white; font-size: 60px;"">刻板</p><p style=""position:absolute; text-align: center;font-size: 25px;color:	#D3D3D3;top:calc(50% + 35%);transform: translate(-50%)"">自己按 f 键 ，朋友按 j 键</p>","j","html-keyboard-response","198","618396","0.0-7.0-7.0-2.5-0.5","5","2","5","1","1","5","3","4","4","5","5","0","0","1","2","-2","1","1","2","5","4","5","4","2","1","2","3","4","3","4","6","4","8","3","7","6","5","7","5","5","3","3","6","2","5","2","5","5","1","2","2","5","1","1","5","5","4","6","3","1","2","2","1","1","2","6","2","1","7","1","1","1","1","1","2","1","7","1","3","799230569765543938","仲","102","Female","[""坏我"",""好我"",""好她"",""坏她""]","[""弱我"",""强我"",""强她"",""弱她""]","","","","","","","","friend","","","","","","","","","SRET","RJ_formal_2","Fri Jan 19 2024 19:12:01 GMT+0800 (中国标准时间)","","","","","","","刻板","Negative","ability","","","","","","自己","","","","",""
"null","<div style=""color:white;font-size:80px;line-height:5px;position:absolute;top:calc(50%); transform: translate(-50%, -50%)"">+</div>","null","html-keyboard-response","199","618900","0.0-7.0-7.0-0.6","5","2","5","1","1","5","3","4","4","5","5","0","0","1","2","-2","1","1","2","5","4","5","4","2","1","2","3","4","3","4","6","4","8","3","7","6","5","7","5","5","3","3","6","2","5","2","5","5","1","2","2","5","1","1","5","5","4","6","3","1","2","2","1","1","2","6","2","1","7","1","1","1","1","1","2","1","7","1","3","799230569765543938","仲","102","Female","[""坏我"",""好我"",""好她"",""坏她""]","[""弱我"",""强我"",""强她"",""弱她""]","","","","","","","","","","","","","","","","","","","","","","","","","","","","","","","","","","","","","","",""
"1480","<p style=""position: absolute; top:calc(45%);;transform: translate(-50%, -50%);text-align: center; color: white; font-size: 60px;"">宽宏</p><p style=""position:absolute; text-align: center;color:	#D3D3D3;font-size: 25px;top:calc(50% + 35%);transform: translate(-50%)"">新词按 “1” ，熟悉按 “2” ，旧词按 “3”</p>","1","html-keyboard-response","200","620381","0.0-7.0-7.0-1.6","5","2","5","1","1","5","3","4","4","5","5","0","0","1","2","-2","1","1","2","5","4","5","4","2","1","2","3","4","3","4","6","4","8","3","7","6","5","7","5","5","3","3","6","2","5","2","5","5","1","2","2","5","1","1","5","5","4","6","3","1","2","2","1","1","2","6","2","1","7","1","1","1","1","1","2","1","7","1","3","799230569765543938","仲","102","Female","[""坏我"",""好我"",""好她"",""坏她""]","[""弱我"",""强我"",""强她"",""弱她""]","","","","","","","","new","","","","","","","","","SRET","RJ_formal1","Fri Jan 19 2024 19:12:01 GMT+0800 (中国标准时间)","","","","","","朋友","宽宏","Positive","morality","","","1","","","new","","","","",""
"null","<div style=""color:white;font-size:80px;line-height:5px;position:absolute;top:calc(50%); transform: translate(-50%, -50%)"">+</div>","null","html-keyboard-response","201","620884","0.0-7.0-7.0-0.7","5","2","5","1","1","5","3","4","4","5","5","0","0","1","2","-2","1","1","2","5","4","5","4","2","1","2","3","4","3","4","6","4","8","3","7","6","5","7","5","5","3","3","6","2","5","2","5","5","1","2","2","5","1","1","5","5","4","6","3","1","2","2","1","1","2","6","2","1","7","1","1","1","1","1","2","1","7","1","3","799230569765543938","仲","102","Female","[""坏我"",""好我"",""好她"",""坏她""]","[""弱我"",""强我"",""强她"",""弱她""]","","","","","","","","","","","","","","","","","","","","","","","","","","","","","","","","","","","","","","",""
"1498","<p style=""position: absolute; top:calc(45%);;transform: translate(-50%, -50%);text-align: center; color: white; font-size: 60px;"">可鄙</p><p style=""position:absolute; text-align: center;color:	#D3D3D3;font-size: 25px;top:calc(50% + 35%);transform: translate(-50%)"">新词按 “1” ，熟悉按 “2” ，旧词按 “3”</p>","1","html-keyboard-response","202","622383","0.0-7.0-7.0-1.7","5","2","5","1","1","5","3","4","4","5","5","0","0","1","2","-2","1","1","2","5","4","5","4","2","1","2","3","4","3","4","6","4","8","3","7","6","5","7","5","5","3","3","6","2","5","2","5","5","1","2","2","5","1","1","5","5","4","6","3","1","2","2","1","1","2","6","2","1","7","1","1","1","1","1","2","1","7","1","3","799230569765543938","仲","102","Female","[""坏我"",""好我"",""好她"",""坏她""]","[""弱我"",""强我"",""强她"",""弱她""]","","","","","","","","new","","","","","","","","","SRET","RJ_formal1","Fri Jan 19 2024 19:12:01 GMT+0800 (中国标准时间)","","","","","","朋友","可鄙","Negative","morality","","","1","","","new","","","","",""
"14190","","","instructions","203","636577","0.0-7.0-8.0","5","2","5","1","1","5","3","4","4","5","5","0","0","1","2","-2","1","1","2","5","4","5","4","2","1","2","3","4","3","4","6","4","8","3","7","6","5","7","5","5","3","3","6","2","5","2","5","5","1","2","2","5","1","1","5","5","4","6","3","1","2","2","1","1","2","6","2","1","7","1","1","1","1","1","2","1","7","1","3","799230569765543938","仲","102","Female","[""坏我"",""好我"",""好她"",""坏她""]","[""弱我"",""强我"",""强她"",""弱她""]","","","","","","","","","","","","","","","","","SRET_RJ","RJ_instruct","Fri Jan 19 2024 19:12:01 GMT+0800 (中国标准时间)","","","","","","","","","","","","","","[{""page_index"":0,""viewing_time"":4203},{""page_index"":1,""viewing_time"":9987}]","","","","","",""
"null","<div style=""color:white;font-size:80px;line-height:5px;position:absolute;top:calc(50%); transform: translate(-50%, -50%)"">+</div>","null","html-keyboard-response","204","637081","0.0-7.0-9.0-0.0","5","2","5","1","1","5","3","4","4","5","5","0","0","1","2","-2","1","1","2","5","4","5","4","2","1","2","3","4","3","4","6","4","8","3","7","6","5","7","5","5","3","3","6","2","5","2","5","5","1","2","2","5","1","1","5","5","4","6","3","1","2","2","1","1","2","6","2","1","7","1","1","1","1","1","2","1","7","1","3","799230569765543938","仲","102","Female","[""坏我"",""好我"",""好她"",""坏她""]","[""弱我"",""强我"",""强她"",""弱她""]","","","","","","","","","","","","","","","","","","","","","","","","","","","","","","","","","","","","","","",""
"4845","<p style=""position: absolute; top:calc(45%);;transform: translate(-50%, -50%);text-align: center; color: white; font-size: 60px;"">果断</p><p style=""position:absolute; text-align: center;color:	#D3D3D3;font-size: 25px;top:calc(50% + 35%);transform: translate(-50%)"">新词按 “1” ，熟悉按 “2” ，旧词按 “3”</p>","3","html-keyboard-response","205","641927","0.0-7.0-9.0-1.0","5","2","5","1","1","5","3","4","4","5","5","0","0","1","2","-2","1","1","2","5","4","5","4","2","1","2","3","4","3","4","6","4","8","3","7","6","5","7","5","5","3","3","6","2","5","2","5","5","1","2","2","5","1","1","5","5","4","6","3","1","2","2","1","1","2","6","2","1","7","1","1","1","1","1","2","1","7","1","3","799230569765543938","仲","102","Female","[""坏我"",""好我"",""好她"",""坏她""]","[""弱我"",""强我"",""强她"",""弱她""]","","","","","","","","old","","","","","","","","","SRET","RJ_formal1","Fri Jan 19 2024 19:12:01 GMT+0800 (中国标准时间)","","","","","","NA","果断","Positive","ability","","","0","","","new","","","","",""
"1543","<p style=""position: absolute; top:calc(45%);transform: translate(-50%, -50%);text-align: center; color: white; font-size: 60px;"">果断</p><p style=""position:absolute; text-align: center;font-size: 25px;color:	#D3D3D3;top:calc(50% + 35%);transform: translate(-50%)"">自己按 f 键 ，朋友按 j 键</p>","f","html-keyboard-response","206","643472","0.0-7.0-9.0-2.0-0.0","5","2","5","1","1","5","3","4","4","5","5","0","0","1","2","-2","1","1","2","5","4","5","4","2","1","2","3","4","3","4","6","4","8","3","7","6","5","7","5","5","3","3","6","2","5","2","5","5","1","2","2","5","1","1","5","5","4","6","3","1","2","2","1","1","2","6","2","1","7","1","1","1","1","1","2","1","7","1","3","799230569765543938","仲","102","Female","[""坏我"",""好我"",""好她"",""坏她""]","[""弱我"",""强我"",""强她"",""弱她""]","","","","","","","","self","","","","","","","","","SRET","RJ_formal_2","Fri Jan 19 2024 19:12:01 GMT+0800 (中国标准时间)","","","","","","","果断","Positive","ability","","","","","","NA","","","","",""
"null","<div style=""color:white;font-size:80px;line-height:5px;position:absolute;top:calc(50%); transform: translate(-50%, -50%)"">+</div>","null","html-keyboard-response","207","643976","0.0-7.0-9.0-0.1","5","2","5","1","1","5","3","4","4","5","5","0","0","1","2","-2","1","1","2","5","4","5","4","2","1","2","3","4","3","4","6","4","8","3","7","6","5","7","5","5","3","3","6","2","5","2","5","5","1","2","2","5","1","1","5","5","4","6","3","1","2","2","1","1","2","6","2","1","7","1","1","1","1","1","2","1","7","1","3","799230569765543938","仲","102","Female","[""坏我"",""好我"",""好她"",""坏她""]","[""弱我"",""强我"",""强她"",""弱她""]","","","","","","","","","","","","","","","","","","","","","","","","","","","","","","","","","","","","","","",""
"2137","<p style=""position: absolute; top:calc(45%);;transform: translate(-50%, -50%);text-align: center; color: white; font-size: 60px;"">精干</p><p style=""position:absolute; text-align: center;color:	#D3D3D3;font-size: 25px;top:calc(50% + 35%);transform: translate(-50%)"">新词按 “1” ，熟悉按 “2” ，旧词按 “3”</p>","3","html-keyboard-response","208","646114","0.0-7.0-9.0-1.1","5","2","5","1","1","5","3","4","4","5","5","0","0","1","2","-2","1","1","2","5","4","5","4","2","1","2","3","4","3","4","6","4","8","3","7","6","5","7","5","5","3","3","6","2","5","2","5","5","1","2","2","5","1","1","5","5","4","6","3","1","2","2","1","1","2","6","2","1","7","1","1","1","1","1","2","1","7","1","3","799230569765543938","仲","102","Female","[""坏我"",""好我"",""好她"",""坏她""]","[""弱我"",""强我"",""强她"",""弱她""]","","","","","","","","old","","","","","","","","","SRET","RJ_formal1","Fri Jan 19 2024 19:12:01 GMT+0800 (中国标准时间)","","","","","","朋友","精干","Positive","ability","","","1","","","old","","","","",""
"2528","<p style=""position: absolute; top:calc(45%);transform: translate(-50%, -50%);text-align: center; color: white; font-size: 60px;"">精干</p><p style=""position:absolute; text-align: center;font-size: 25px;color:	#D3D3D3;top:calc(50% + 35%);transform: translate(-50%)"">自己按 f 键 ，朋友按 j 键</p>","f","html-keyboard-response","209","648643","0.0-7.0-9.0-2.1-0.1","5","2","5","1","1","5","3","4","4","5","5","0","0","1","2","-2","1","1","2","5","4","5","4","2","1","2","3","4","3","4","6","4","8","3","7","6","5","7","5","5","3","3","6","2","5","2","5","5","1","2","2","5","1","1","5","5","4","6","3","1","2","2","1","1","2","6","2","1","7","1","1","1","1","1","2","1","7","1","3","799230569765543938","仲","102","Female","[""坏我"",""好我"",""好她"",""坏她""]","[""弱我"",""强我"",""强她"",""弱她""]","","","","","","","","self","","","","","","","","","SRET","RJ_formal_2","Fri Jan 19 2024 19:12:01 GMT+0800 (中国标准时间)","","","","","","","精干","Positive","ability","","","","","","朋友","","","","",""
"null","<div style=""color:white;font-size:80px;line-height:5px;position:absolute;top:calc(50%); transform: translate(-50%, -50%)"">+</div>","null","html-keyboard-response","210","649151","0.0-7.0-9.0-0.2","5","2","5","1","1","5","3","4","4","5","5","0","0","1","2","-2","1","1","2","5","4","5","4","2","1","2","3","4","3","4","6","4","8","3","7","6","5","7","5","5","3","3","6","2","5","2","5","5","1","2","2","5","1","1","5","5","4","6","3","1","2","2","1","1","2","6","2","1","7","1","1","1","1","1","2","1","7","1","3","799230569765543938","仲","102","Female","[""坏我"",""好我"",""好她"",""坏她""]","[""弱我"",""强我"",""强她"",""弱她""]","","","","","","","","","","","","","","","","","","","","","","","","","","","","","","","","","","","","","","",""
"6682","<p style=""position: absolute; top:calc(45%);;transform: translate(-50%, -50%);text-align: center; color: white; font-size: 60px;"">犹豫</p><p style=""position:absolute; text-align: center;color:	#D3D3D3;font-size: 25px;top:calc(50% + 35%);transform: translate(-50%)"">新词按 “1” ，熟悉按 “2” ，旧词按 “3”</p>","3","html-keyboard-response","211","655834","0.0-7.0-9.0-1.2","5","2","5","1","1","5","3","4","4","5","5","0","0","1","2","-2","1","1","2","5","4","5","4","2","1","2","3","4","3","4","6","4","8","3","7","6","5","7","5","5","3","3","6","2","5","2","5","5","1","2","2","5","1","1","5","5","4","6","3","1","2","2","1","1","2","6","2","1","7","1","1","1","1","1","2","1","7","1","3","799230569765543938","仲","102","Female","[""坏我"",""好我"",""好她"",""坏她""]","[""弱我"",""强我"",""强她"",""弱她""]","","","","","","","","old","","","","","","","","","SRET","RJ_formal1","Fri Jan 19 2024 19:12:01 GMT+0800 (中国标准时间)","","","","","","自己","犹豫","Negative","ability","","","1","","","old","","","","",""
"1303","<p style=""position: absolute; top:calc(45%);transform: translate(-50%, -50%);text-align: center; color: white; font-size: 60px;"">犹豫</p><p style=""position:absolute; text-align: center;font-size: 25px;color:	#D3D3D3;top:calc(50% + 35%);transform: translate(-50%)"">自己按 f 键 ，朋友按 j 键</p>","f","html-keyboard-response","212","657138","0.0-7.0-9.0-2.2-0.2","5","2","5","1","1","5","3","4","4","5","5","0","0","1","2","-2","1","1","2","5","4","5","4","2","1","2","3","4","3","4","6","4","8","3","7","6","5","7","5","5","3","3","6","2","5","2","5","5","1","2","2","5","1","1","5","5","4","6","3","1","2","2","1","1","2","6","2","1","7","1","1","1","1","1","2","1","7","1","3","799230569765543938","仲","102","Female","[""坏我"",""好我"",""好她"",""坏她""]","[""弱我"",""强我"",""强她"",""弱她""]","","","","","","","","self","","","","","","","","","SRET","RJ_formal_2","Fri Jan 19 2024 19:12:01 GMT+0800 (中国标准时间)","","","","","","","犹豫","Negative","ability","","","","","","自己","","","","",""
"null","<div style=""color:white;font-size:80px;line-height:5px;position:absolute;top:calc(50%); transform: translate(-50%, -50%)"">+</div>","null","html-keyboard-response","213","657641","0.0-7.0-9.0-0.3","5","2","5","1","1","5","3","4","4","5","5","0","0","1","2","-2","1","1","2","5","4","5","4","2","1","2","3","4","3","4","6","4","8","3","7","6","5","7","5","5","3","3","6","2","5","2","5","5","1","2","2","5","1","1","5","5","4","6","3","1","2","2","1","1","2","6","2","1","7","1","1","1","1","1","2","1","7","1","3","799230569765543938","仲","102","Female","[""坏我"",""好我"",""好她"",""坏她""]","[""弱我"",""强我"",""强她"",""弱她""]","","","","","","","","","","","","","","","","","","","","","","","","","","","","","","","","","","","","","","",""
"2943","<p style=""position: absolute; top:calc(45%);;transform: translate(-50%, -50%);text-align: center; color: white; font-size: 60px;"">混账</p><p style=""position:absolute; text-align: center;color:	#D3D3D3;font-size: 25px;top:calc(50% + 35%);transform: translate(-50%)"">新词按 “1” ，熟悉按 “2” ，旧词按 “3”</p>","2","html-keyboard-response","214","660585","0.0-7.0-9.0-1.3","5","2","5","1","1","5","3","4","4","5","5","0","0","1","2","-2","1","1","2","5","4","5","4","2","1","2","3","4","3","4","6","4","8","3","7","6","5","7","5","5","3","3","6","2","5","2","5","5","1","2","2","5","1","1","5","5","4","6","3","1","2","2","1","1","2","6","2","1","7","1","1","1","1","1","2","1","7","1","3","799230569765543938","仲","102","Female","[""坏我"",""好我"",""好她"",""坏她""]","[""弱我"",""强我"",""强她"",""弱她""]","","","","","","","","familiar","","","","","","","","","SRET","RJ_formal1","Fri Jan 19 2024 19:12:01 GMT+0800 (中国标准时间)","","","","","","朋友","混账","Negative","morality","","","1","","","old","","","","",""
"544","<p style=""position: absolute; top:calc(45%);transform: translate(-50%, -50%);text-align: center; color: white; font-size: 60px;"">混账</p><p style=""position:absolute; text-align: center;font-size: 25px;color:	#D3D3D3;top:calc(50% + 35%);transform: translate(-50%)"">自己按 f 键 ，朋友按 j 键</p>","j","html-keyboard-response","215","661131","0.0-7.0-9.0-2.3-0.3","5","2","5","1","1","5","3","4","4","5","5","0","0","1","2","-2","1","1","2","5","4","5","4","2","1","2","3","4","3","4","6","4","8","3","7","6","5","7","5","5","3","3","6","2","5","2","5","5","1","2","2","5","1","1","5","5","4","6","3","1","2","2","1","1","2","6","2","1","7","1","1","1","1","1","2","1","7","1","3","799230569765543938","仲","102","Female","[""坏我"",""好我"",""好她"",""坏她""]","[""弱我"",""强我"",""强她"",""弱她""]","","","","","","","","friend","","","","","","","","","SRET","RJ_formal_2","Fri Jan 19 2024 19:12:01 GMT+0800 (中国标准时间)","","","","","","","混账","Negative","morality","","","","","","朋友","","","","",""
"null","<div style=""color:white;font-size:80px;line-height:5px;position:absolute;top:calc(50%); transform: translate(-50%, -50%)"">+</div>","null","html-keyboard-response","216","661636","0.0-7.0-9.0-0.4","5","2","5","1","1","5","3","4","4","5","5","0","0","1","2","-2","1","1","2","5","4","5","4","2","1","2","3","4","3","4","6","4","8","3","7","6","5","7","5","5","3","3","6","2","5","2","5","5","1","2","2","5","1","1","5","5","4","6","3","1","2","2","1","1","2","6","2","1","7","1","1","1","1","1","2","1","7","1","3","799230569765543938","仲","102","Female","[""坏我"",""好我"",""好她"",""坏她""]","[""弱我"",""强我"",""强她"",""弱她""]","","","","","","","","","","","","","","","","","","","","","","","","","","","","","","","","","","","","","","",""
"3547","<p style=""position: absolute; top:calc(45%);;transform: translate(-50%, -50%);text-align: center; color: white; font-size: 60px;"">果决</p><p style=""position:absolute; text-align: center;color:	#D3D3D3;font-size: 25px;top:calc(50% + 35%);transform: translate(-50%)"">新词按 “1” ，熟悉按 “2” ，旧词按 “3”</p>","3","html-keyboard-response","217","665184","0.0-7.0-9.0-1.4","5","2","5","1","1","5","3","4","4","5","5","0","0","1","2","-2","1","1","2","5","4","5","4","2","1","2","3","4","3","4","6","4","8","3","7","6","5","7","5","5","3","3","6","2","5","2","5","5","1","2","2","5","1","1","5","5","4","6","3","1","2","2","1","1","2","6","2","1","7","1","1","1","1","1","2","1","7","1","3","799230569765543938","仲","102","Female","[""坏我"",""好我"",""好她"",""坏她""]","[""弱我"",""强我"",""强她"",""弱她""]","","","","","","","","old","","","","","","","","","SRET","RJ_formal1","Fri Jan 19 2024 19:12:01 GMT+0800 (中国标准时间)","","","","","","NA","果决","Positive","ability","","","0","","","new","","","","",""
"620","<p style=""position: absolute; top:calc(45%);transform: translate(-50%, -50%);text-align: center; color: white; font-size: 60px;"">果决</p><p style=""position:absolute; text-align: center;font-size: 25px;color:	#D3D3D3;top:calc(50% + 35%);transform: translate(-50%)"">自己按 f 键 ，朋友按 j 键</p>","f","html-keyboard-response","218","665806","0.0-7.0-9.0-2.4-0.4","5","2","5","1","1","5","3","4","4","5","5","0","0","1","2","-2","1","1","2","5","4","5","4","2","1","2","3","4","3","4","6","4","8","3","7","6","5","7","5","5","3","3","6","2","5","2","5","5","1","2","2","5","1","1","5","5","4","6","3","1","2","2","1","1","2","6","2","1","7","1","1","1","1","1","2","1","7","1","3","799230569765543938","仲","102","Female","[""坏我"",""好我"",""好她"",""坏她""]","[""弱我"",""强我"",""强她"",""弱她""]","","","","","","","","self","","","","","","","","","SRET","RJ_formal_2","Fri Jan 19 2024 19:12:01 GMT+0800 (中国标准时间)","","","","","","","果决","Positive","ability","","","","","","NA","","","","",""
"null","<div style=""color:white;font-size:80px;line-height:5px;position:absolute;top:calc(50%); transform: translate(-50%, -50%)"">+</div>","null","html-keyboard-response","219","666308","0.0-7.0-9.0-0.5","5","2","5","1","1","5","3","4","4","5","5","0","0","1","2","-2","1","1","2","5","4","5","4","2","1","2","3","4","3","4","6","4","8","3","7","6","5","7","5","5","3","3","6","2","5","2","5","5","1","2","2","5","1","1","5","5","4","6","3","1","2","2","1","1","2","6","2","1","7","1","1","1","1","1","2","1","7","1","3","799230569765543938","仲","102","Female","[""坏我"",""好我"",""好她"",""坏她""]","[""弱我"",""强我"",""强她"",""弱她""]","","","","","","","","","","","","","","","","","","","","","","","","","","","","","","","","","","","","","","",""
"1218","<p style=""position: absolute; top:calc(45%);;transform: translate(-50%, -50%);text-align: center; color: white; font-size: 60px;"">淡泊</p><p style=""position:absolute; text-align: center;color:	#D3D3D3;font-size: 25px;top:calc(50% + 35%);transform: translate(-50%)"">新词按 “1” ，熟悉按 “2” ，旧词按 “3”</p>","1","html-keyboard-response","220","667527","0.0-7.0-9.0-1.5","5","2","5","1","1","5","3","4","4","5","5","0","0","1","2","-2","1","1","2","5","4","5","4","2","1","2","3","4","3","4","6","4","8","3","7","6","5","7","5","5","3","3","6","2","5","2","5","5","1","2","2","5","1","1","5","5","4","6","3","1","2","2","1","1","2","6","2","1","7","1","1","1","1","1","2","1","7","1","3","799230569765543938","仲","102","Female","[""坏我"",""好我"",""好她"",""坏她""]","[""弱我"",""强我"",""强她"",""弱她""]","","","","","","","","new","","","","","","","","","SRET","RJ_formal1","Fri Jan 19 2024 19:12:01 GMT+0800 (中国标准时间)","","","","","","NA","淡泊","Positive","morality","","","1","","","new","","","","",""
"null","<div style=""color:white;font-size:80px;line-height:5px;position:absolute;top:calc(50%); transform: translate(-50%, -50%)"">+</div>","null","html-keyboard-response","221","668028","0.0-7.0-9.0-0.6","5","2","5","1","1","5","3","4","4","5","5","0","0","1","2","-2","1","1","2","5","4","5","4","2","1","2","3","4","3","4","6","4","8","3","7","6","5","7","5","5","3","3","6","2","5","2","5","5","1","2","2","5","1","1","5","5","4","6","3","1","2","2","1","1","2","6","2","1","7","1","1","1","1","1","2","1","7","1","3","799230569765543938","仲","102","Female","[""坏我"",""好我"",""好她"",""坏她""]","[""弱我"",""强我"",""强她"",""弱她""]","","","","","","","","","","","","","","","","","","","","","","","","","","","","","","","","","","","","","","",""
"1231","<p style=""position: absolute; top:calc(45%);;transform: translate(-50%, -50%);text-align: center; color: white; font-size: 60px;"">盲目</p><p style=""position:absolute; text-align: center;color:	#D3D3D3;font-size: 25px;top:calc(50% + 35%);transform: translate(-50%)"">新词按 “1” ，熟悉按 “2” ，旧词按 “3”</p>","1","html-keyboard-response","222","669261","0.0-7.0-9.0-1.6","5","2","5","1","1","5","3","4","4","5","5","0","0","1","2","-2","1","1","2","5","4","5","4","2","1","2","3","4","3","4","6","4","8","3","7","6","5","7","5","5","3","3","6","2","5","2","5","5","1","2","2","5","1","1","5","5","4","6","3","1","2","2","1","1","2","6","2","1","7","1","1","1","1","1","2","1","7","1","3","799230569765543938","仲","102","Female","[""坏我"",""好我"",""好她"",""坏她""]","[""弱我"",""强我"",""强她"",""弱她""]","","","","","","","","new","","","","","","","","","SRET","RJ_formal1","Fri Jan 19 2024 19:12:01 GMT+0800 (中国标准时间)","","","","","","NA","盲目","Negative","ability","","","1","","","new","","","","",""
"null","<div style=""color:white;font-size:80px;line-height:5px;position:absolute;top:calc(50%); transform: translate(-50%, -50%)"">+</div>","null","html-keyboard-response","223","669769","0.0-7.0-9.0-0.7","5","2","5","1","1","5","3","4","4","5","5","0","0","1","2","-2","1","1","2","5","4","5","4","2","1","2","3","4","3","4","6","4","8","3","7","6","5","7","5","5","3","3","6","2","5","2","5","5","1","2","2","5","1","1","5","5","4","6","3","1","2","2","1","1","2","6","2","1","7","1","1","1","1","1","2","1","7","1","3","799230569765543938","仲","102","Female","[""坏我"",""好我"",""好她"",""坏她""]","[""弱我"",""强我"",""强她"",""弱她""]","","","","","","","","","","","","","","","","","","","","","","","","","","","","","","","","","","","","","","",""
"2908","<p style=""position: absolute; top:calc(45%);;transform: translate(-50%, -50%);text-align: center; color: white; font-size: 60px;"">低劣</p><p style=""position:absolute; text-align: center;color:	#D3D3D3;font-size: 25px;top:calc(50% + 35%);transform: translate(-50%)"">新词按 “1” ，熟悉按 “2” ，旧词按 “3”</p>","3","html-keyboard-response","224","672679","0.0-7.0-9.0-1.7","5","2","5","1","1","5","3","4","4","5","5","0","0","1","2","-2","1","1","2","5","4","5","4","2","1","2","3","4","3","4","6","4","8","3","7","6","5","7","5","5","3","3","6","2","5","2","5","5","1","2","2","5","1","1","5","5","4","6","3","1","2","2","1","1","2","6","2","1","7","1","1","1","1","1","2","1","7","1","3","799230569765543938","仲","102","Female","[""坏我"",""好我"",""好她"",""坏她""]","[""弱我"",""强我"",""强她"",""弱她""]","","","","","","","","old","","","","","","","","","SRET","RJ_formal1","Fri Jan 19 2024 19:12:01 GMT+0800 (中国标准时间)","","","","","","NA","低劣","Negative","morality","","","0","","","new","","","","",""
"472","<p style=""position: absolute; top:calc(45%);transform: translate(-50%, -50%);text-align: center; color: white; font-size: 60px;"">低劣</p><p style=""position:absolute; text-align: center;font-size: 25px;color:	#D3D3D3;top:calc(50% + 35%);transform: translate(-50%)"">自己按 f 键 ，朋友按 j 键</p>","j","html-keyboard-response","225","673153","0.0-7.0-9.0-2.7-0.7","5","2","5","1","1","5","3","4","4","5","5","0","0","1","2","-2","1","1","2","5","4","5","4","2","1","2","3","4","3","4","6","4","8","3","7","6","5","7","5","5","3","3","6","2","5","2","5","5","1","2","2","5","1","1","5","5","4","6","3","1","2","2","1","1","2","6","2","1","7","1","1","1","1","1","2","1","7","1","3","799230569765543938","仲","102","Female","[""坏我"",""好我"",""好她"",""坏她""]","[""弱我"",""强我"",""强她"",""弱她""]","","","","","","","","friend","","","","","","","","","SRET","RJ_formal_2","Fri Jan 19 2024 19:12:01 GMT+0800 (中国标准时间)","","","","","","","低劣","Negative","morality","","","","","","NA","","","","",""
"null","<div style=""color:white;font-size:80px;line-height:5px;position:absolute;top:calc(50%); transform: translate(-50%, -50%)"">+</div>","null","html-keyboard-response","226","673655","0.0-7.0-9.0-0.8","5","2","5","1","1","5","3","4","4","5","5","0","0","1","2","-2","1","1","2","5","4","5","4","2","1","2","3","4","3","4","6","4","8","3","7","6","5","7","5","5","3","3","6","2","5","2","5","5","1","2","2","5","1","1","5","5","4","6","3","1","2","2","1","1","2","6","2","1","7","1","1","1","1","1","2","1","7","1","3","799230569765543938","仲","102","Female","[""坏我"",""好我"",""好她"",""坏她""]","[""弱我"",""强我"",""强她"",""弱她""]","","","","","","","","","","","","","","","","","","","","","","","","","","","","","","","","","","","","","","",""
"4032","<p style=""position: absolute; top:calc(45%);;transform: translate(-50%, -50%);text-align: center; color: white; font-size: 60px;"">中用</p><p style=""position:absolute; text-align: center;color:	#D3D3D3;font-size: 25px;top:calc(50% + 35%);transform: translate(-50%)"">新词按 “1” ，熟悉按 “2” ，旧词按 “3”</p>","3","html-keyboard-response","227","677688","0.0-7.0-9.0-1.8","5","2","5","1","1","5","3","4","4","5","5","0","0","1","2","-2","1","1","2","5","4","5","4","2","1","2","3","4","3","4","6","4","8","3","7","6","5","7","5","5","3","3","6","2","5","2","5","5","1","2","2","5","1","1","5","5","4","6","3","1","2","2","1","1","2","6","2","1","7","1","1","1","1","1","2","1","7","1","3","799230569765543938","仲","102","Female","[""坏我"",""好我"",""好她"",""坏她""]","[""弱我"",""强我"",""强她"",""弱她""]","","","","","","","","old","","","","","","","","","SRET","RJ_formal1","Fri Jan 19 2024 19:12:01 GMT+0800 (中国标准时间)","","","","","","朋友","中用","Positive","ability","","","1","","","old","","","","",""
"660","<p style=""position: absolute; top:calc(45%);transform: translate(-50%, -50%);text-align: center; color: white; font-size: 60px;"">中用</p><p style=""position:absolute; text-align: center;font-size: 25px;color:	#D3D3D3;top:calc(50% + 35%);transform: translate(-50%)"">自己按 f 键 ，朋友按 j 键</p>","j","html-keyboard-response","228","678349","0.0-7.0-9.0-2.8-0.8","5","2","5","1","1","5","3","4","4","5","5","0","0","1","2","-2","1","1","2","5","4","5","4","2","1","2","3","4","3","4","6","4","8","3","7","6","5","7","5","5","3","3","6","2","5","2","5","5","1","2","2","5","1","1","5","5","4","6","3","1","2","2","1","1","2","6","2","1","7","1","1","1","1","1","2","1","7","1","3","799230569765543938","仲","102","Female","[""坏我"",""好我"",""好她"",""坏她""]","[""弱我"",""强我"",""强她"",""弱她""]","","","","","","","","friend","","","","","","","","","SRET","RJ_formal_2","Fri Jan 19 2024 19:12:01 GMT+0800 (中国标准时间)","","","","","","","中用","Positive","ability","","","","","","朋友","","","","",""
"null","<div style=""color:white;font-size:80px;line-height:5px;position:absolute;top:calc(50%); transform: translate(-50%, -50%)"">+</div>","null","html-keyboard-response","229","678857","0.0-7.0-9.0-0.9","5","2","5","1","1","5","3","4","4","5","5","0","0","1","2","-2","1","1","2","5","4","5","4","2","1","2","3","4","3","4","6","4","8","3","7","6","5","7","5","5","3","3","6","2","5","2","5","5","1","2","2","5","1","1","5","5","4","6","3","1","2","2","1","1","2","6","2","1","7","1","1","1","1","1","2","1","7","1","3","799230569765543938","仲","102","Female","[""坏我"",""好我"",""好她"",""坏她""]","[""弱我"",""强我"",""强她"",""弱她""]","","","","","","","","","","","","","","","","","","","","","","","","","","","","","","","","","","","","","","",""
"1130","<p style=""position: absolute; top:calc(45%);;transform: translate(-50%, -50%);text-align: center; color: white; font-size: 60px;"">忠义</p><p style=""position:absolute; text-align: center;color:	#D3D3D3;font-size: 25px;top:calc(50% + 35%);transform: translate(-50%)"">新词按 “1” ，熟悉按 “2” ，旧词按 “3”</p>","3","html-keyboard-response","230","679988","0.0-7.0-9.0-1.9","5","2","5","1","1","5","3","4","4","5","5","0","0","1","2","-2","1","1","2","5","4","5","4","2","1","2","3","4","3","4","6","4","8","3","7","6","5","7","5","5","3","3","6","2","5","2","5","5","1","2","2","5","1","1","5","5","4","6","3","1","2","2","1","1","2","6","2","1","7","1","1","1","1","1","2","1","7","1","3","799230569765543938","仲","102","Female","[""坏我"",""好我"",""好她"",""坏她""]","[""弱我"",""强我"",""强她"",""弱她""]","","","","","","","","old","","","","","","","","","SRET","RJ_formal1","Fri Jan 19 2024 19:12:01 GMT+0800 (中国标准时间)","","","","","","NA","忠义","Positive","morality","","","0","","","new","","","","",""
"2181","<p style=""position: absolute; top:calc(45%);transform: translate(-50%, -50%);text-align: center; color: white; font-size: 60px;"">忠义</p><p style=""position:absolute; text-align: center;font-size: 25px;color:	#D3D3D3;top:calc(50% + 35%);transform: translate(-50%)"">自己按 f 键 ，朋友按 j 键</p>","f","html-keyboard-response","231","682170","0.0-7.0-9.0-2.9-0.9","5","2","5","1","1","5","3","4","4","5","5","0","0","1","2","-2","1","1","2","5","4","5","4","2","1","2","3","4","3","4","6","4","8","3","7","6","5","7","5","5","3","3","6","2","5","2","5","5","1","2","2","5","1","1","5","5","4","6","3","1","2","2","1","1","2","6","2","1","7","1","1","1","1","1","2","1","7","1","3","799230569765543938","仲","102","Female","[""坏我"",""好我"",""好她"",""坏她""]","[""弱我"",""强我"",""强她"",""弱她""]","","","","","","","","self","","","","","","","","","SRET","RJ_formal_2","Fri Jan 19 2024 19:12:01 GMT+0800 (中国标准时间)","","","","","","","忠义","Positive","morality","","","","","","NA","","","","",""
"null","<div style=""color:white;font-size:80px;line-height:5px;position:absolute;top:calc(50%); transform: translate(-50%, -50%)"">+</div>","null","html-keyboard-response","232","682672","0.0-7.0-9.0-0.10","5","2","5","1","1","5","3","4","4","5","5","0","0","1","2","-2","1","1","2","5","4","5","4","2","1","2","3","4","3","4","6","4","8","3","7","6","5","7","5","5","3","3","6","2","5","2","5","5","1","2","2","5","1","1","5","5","4","6","3","1","2","2","1","1","2","6","2","1","7","1","1","1","1","1","2","1","7","1","3","799230569765543938","仲","102","Female","[""坏我"",""好我"",""好她"",""坏她""]","[""弱我"",""强我"",""强她"",""弱她""]","","","","","","","","","","","","","","","","","","","","","","","","","","","","","","","","","","","","","","",""
"2702","<p style=""position: absolute; top:calc(45%);;transform: translate(-50%, -50%);text-align: center; color: white; font-size: 60px;"">龌龊</p><p style=""position:absolute; text-align: center;color:	#D3D3D3;font-size: 25px;top:calc(50% + 35%);transform: translate(-50%)"">新词按 “1” ，熟悉按 “2” ，旧词按 “3”</p>","3","html-keyboard-response","233","685376","0.0-7.0-9.0-1.10","5","2","5","1","1","5","3","4","4","5","5","0","0","1","2","-2","1","1","2","5","4","5","4","2","1","2","3","4","3","4","6","4","8","3","7","6","5","7","5","5","3","3","6","2","5","2","5","5","1","2","2","5","1","1","5","5","4","6","3","1","2","2","1","1","2","6","2","1","7","1","1","1","1","1","2","1","7","1","3","799230569765543938","仲","102","Female","[""坏我"",""好我"",""好她"",""坏她""]","[""弱我"",""强我"",""强她"",""弱她""]","","","","","","","","old","","","","","","","","","SRET","RJ_formal1","Fri Jan 19 2024 19:12:01 GMT+0800 (中国标准时间)","","","","","","朋友","龌龊","Negative","morality","","","1","","","old","","","","",""
"469","<p style=""position: absolute; top:calc(45%);transform: translate(-50%, -50%);text-align: center; color: white; font-size: 60px;"">龌龊</p><p style=""position:absolute; text-align: center;font-size: 25px;color:	#D3D3D3;top:calc(50% + 35%);transform: translate(-50%)"">自己按 f 键 ，朋友按 j 键</p>","j","html-keyboard-response","234","685846","0.0-7.0-9.0-2.10-0.10","5","2","5","1","1","5","3","4","4","5","5","0","0","1","2","-2","1","1","2","5","4","5","4","2","1","2","3","4","3","4","6","4","8","3","7","6","5","7","5","5","3","3","6","2","5","2","5","5","1","2","2","5","1","1","5","5","4","6","3","1","2","2","1","1","2","6","2","1","7","1","1","1","1","1","2","1","7","1","3","799230569765543938","仲","102","Female","[""坏我"",""好我"",""好她"",""坏她""]","[""弱我"",""强我"",""强她"",""弱她""]","","","","","","","","friend","","","","","","","","","SRET","RJ_formal_2","Fri Jan 19 2024 19:12:01 GMT+0800 (中国标准时间)","","","","","","","龌龊","Negative","morality","","","","","","朋友","","","","",""
"null","<div style=""color:white;font-size:80px;line-height:5px;position:absolute;top:calc(50%); transform: translate(-50%, -50%)"">+</div>","null","html-keyboard-response","235","686354","0.0-7.0-9.0-0.11","5","2","5","1","1","5","3","4","4","5","5","0","0","1","2","-2","1","1","2","5","4","5","4","2","1","2","3","4","3","4","6","4","8","3","7","6","5","7","5","5","3","3","6","2","5","2","5","5","1","2","2","5","1","1","5","5","4","6","3","1","2","2","1","1","2","6","2","1","7","1","1","1","1","1","2","1","7","1","3","799230569765543938","仲","102","Female","[""坏我"",""好我"",""好她"",""坏她""]","[""弱我"",""强我"",""强她"",""弱她""]","","","","","","","","","","","","","","","","","","","","","","","","","","","","","","","","","","","","","","",""
"959","<p style=""position: absolute; top:calc(45%);;transform: translate(-50%, -50%);text-align: center; color: white; font-size: 60px;"">顶事</p><p style=""position:absolute; text-align: center;color:	#D3D3D3;font-size: 25px;top:calc(50% + 35%);transform: translate(-50%)"">新词按 “1” ，熟悉按 “2” ，旧词按 “3”</p>","1","html-keyboard-response","236","687314","0.0-7.0-9.0-1.11","5","2","5","1","1","5","3","4","4","5","5","0","0","1","2","-2","1","1","2","5","4","5","4","2","1","2","3","4","3","4","6","4","8","3","7","6","5","7","5","5","3","3","6","2","5","2","5","5","1","2","2","5","1","1","5","5","4","6","3","1","2","2","1","1","2","6","2","1","7","1","1","1","1","1","2","1","7","1","3","799230569765543938","仲","102","Female","[""坏我"",""好我"",""好她"",""坏她""]","[""弱我"",""强我"",""强她"",""弱她""]","","","","","","","","new","","","","","","","","","SRET","RJ_formal1","Fri Jan 19 2024 19:12:01 GMT+0800 (中国标准时间)","","","","","","NA","顶事","Positive","ability","","","1","","","new","","","","",""
"null","<div style=""color:white;font-size:80px;line-height:5px;position:absolute;top:calc(50%); transform: translate(-50%, -50%)"">+</div>","null","html-keyboard-response","237","687816","0.0-7.0-9.0-0.12","5","2","5","1","1","5","3","4","4","5","5","0","0","1","2","-2","1","1","2","5","4","5","4","2","1","2","3","4","3","4","6","4","8","3","7","6","5","7","5","5","3","3","6","2","5","2","5","5","1","2","2","5","1","1","5","5","4","6","3","1","2","2","1","1","2","6","2","1","7","1","1","1","1","1","2","1","7","1","3","799230569765543938","仲","102","Female","[""坏我"",""好我"",""好她"",""坏她""]","[""弱我"",""强我"",""强她"",""弱她""]","","","","","","","","","","","","","","","","","","","","","","","","","","","","","","","","","","","","","","",""
"934","<p style=""position: absolute; top:calc(45%);;transform: translate(-50%, -50%);text-align: center; color: white; font-size: 60px;"">下流</p><p style=""position:absolute; text-align: center;color:	#D3D3D3;font-size: 25px;top:calc(50% + 35%);transform: translate(-50%)"">新词按 “1” ，熟悉按 “2” ，旧词按 “3”</p>","1","html-keyboard-response","238","688750","0.0-7.0-9.0-1.12","5","2","5","1","1","5","3","4","4","5","5","0","0","1","2","-2","1","1","2","5","4","5","4","2","1","2","3","4","3","4","6","4","8","3","7","6","5","7","5","5","3","3","6","2","5","2","5","5","1","2","2","5","1","1","5","5","4","6","3","1","2","2","1","1","2","6","2","1","7","1","1","1","1","1","2","1","7","1","3","799230569765543938","仲","102","Female","[""坏我"",""好我"",""好她"",""坏她""]","[""弱我"",""强我"",""强她"",""弱她""]","","","","","","","","new","","","","","","","","","SRET","RJ_formal1","Fri Jan 19 2024 19:12:01 GMT+0800 (中国标准时间)","","","","","","NA","下流","Negative","morality","","","1","","","new","","","","",""
"null","<div style=""color:white;font-size:80px;line-height:5px;position:absolute;top:calc(50%); transform: translate(-50%, -50%)"">+</div>","null","html-keyboard-response","239","689259","0.0-7.0-9.0-0.13","5","2","5","1","1","5","3","4","4","5","5","0","0","1","2","-2","1","1","2","5","4","5","4","2","1","2","3","4","3","4","6","4","8","3","7","6","5","7","5","5","3","3","6","2","5","2","5","5","1","2","2","5","1","1","5","5","4","6","3","1","2","2","1","1","2","6","2","1","7","1","1","1","1","1","2","1","7","1","3","799230569765543938","仲","102","Female","[""坏我"",""好我"",""好她"",""坏她""]","[""弱我"",""强我"",""强她"",""弱她""]","","","","","","","","","","","","","","","","","","","","","","","","","","","","","","","","","","","","","","",""
"2195","<p style=""position: absolute; top:calc(45%);;transform: translate(-50%, -50%);text-align: center; color: white; font-size: 60px;"">仗义</p><p style=""position:absolute; text-align: center;color:	#D3D3D3;font-size: 25px;top:calc(50% + 35%);transform: translate(-50%)"">新词按 “1” ，熟悉按 “2” ，旧词按 “3”</p>","1","html-keyboard-response","240","691455","0.0-7.0-9.0-1.13","5","2","5","1","1","5","3","4","4","5","5","0","0","1","2","-2","1","1","2","5","4","5","4","2","1","2","3","4","3","4","6","4","8","3","7","6","5","7","5","5","3","3","6","2","5","2","5","5","1","2","2","5","1","1","5","5","4","6","3","1","2","2","1","1","2","6","2","1","7","1","1","1","1","1","2","1","7","1","3","799230569765543938","仲","102","Female","[""坏我"",""好我"",""好她"",""坏她""]","[""弱我"",""强我"",""强她"",""弱她""]","","","","","","","","new","","","","","","","","","SRET","RJ_formal1","Fri Jan 19 2024 19:12:01 GMT+0800 (中国标准时间)","","","","","","NA","仗义","Positive","morality","","","1","","","new","","","","",""
"null","<div style=""color:white;font-size:80px;line-height:5px;position:absolute;top:calc(50%); transform: translate(-50%, -50%)"">+</div>","null","html-keyboard-response","241","691958","0.0-7.0-9.0-0.14","5","2","5","1","1","5","3","4","4","5","5","0","0","1","2","-2","1","1","2","5","4","5","4","2","1","2","3","4","3","4","6","4","8","3","7","6","5","7","5","5","3","3","6","2","5","2","5","5","1","2","2","5","1","1","5","5","4","6","3","1","2","2","1","1","2","6","2","1","7","1","1","1","1","1","2","1","7","1","3","799230569765543938","仲","102","Female","[""坏我"",""好我"",""好她"",""坏她""]","[""弱我"",""强我"",""强她"",""弱她""]","","","","","","","","","","","","","","","","","","","","","","","","","","","","","","","","","","","","","","",""
"750","<p style=""position: absolute; top:calc(45%);;transform: translate(-50%, -50%);text-align: center; color: white; font-size: 60px;"">阴毒</p><p style=""position:absolute; text-align: center;color:	#D3D3D3;font-size: 25px;top:calc(50% + 35%);transform: translate(-50%)"">新词按 “1” ，熟悉按 “2” ，旧词按 “3”</p>","1","html-keyboard-response","242","692709","0.0-7.0-9.0-1.14","5","2","5","1","1","5","3","4","4","5","5","0","0","1","2","-2","1","1","2","5","4","5","4","2","1","2","3","4","3","4","6","4","8","3","7","6","5","7","5","5","3","3","6","2","5","2","5","5","1","2","2","5","1","1","5","5","4","6","3","1","2","2","1","1","2","6","2","1","7","1","1","1","1","1","2","1","7","1","3","799230569765543938","仲","102","Female","[""坏我"",""好我"",""好她"",""坏她""]","[""弱我"",""强我"",""强她"",""弱她""]","","","","","","","","new","","","","","","","","","SRET","RJ_formal1","Fri Jan 19 2024 19:12:01 GMT+0800 (中国标准时间)","","","","","","NA","阴毒","Negative","morality","","","1","","","new","","","","",""
"null","<div style=""color:white;font-size:80px;line-height:5px;position:absolute;top:calc(50%); transform: translate(-50%, -50%)"">+</div>","null","html-keyboard-response","243","693211","0.0-7.0-9.0-0.15","5","2","5","1","1","5","3","4","4","5","5","0","0","1","2","-2","1","1","2","5","4","5","4","2","1","2","3","4","3","4","6","4","8","3","7","6","5","7","5","5","3","3","6","2","5","2","5","5","1","2","2","5","1","1","5","5","4","6","3","1","2","2","1","1","2","6","2","1","7","1","1","1","1","1","2","1","7","1","3","799230569765543938","仲","102","Female","[""坏我"",""好我"",""好她"",""坏她""]","[""弱我"",""强我"",""强她"",""弱她""]","","","","","","","","","","","","","","","","","","","","","","","","","","","","","","","","","","","","","","",""
"1318","<p style=""position: absolute; top:calc(45%);;transform: translate(-50%, -50%);text-align: center; color: white; font-size: 60px;"">奸险</p><p style=""position:absolute; text-align: center;color:	#D3D3D3;font-size: 25px;top:calc(50% + 35%);transform: translate(-50%)"">新词按 “1” ，熟悉按 “2” ，旧词按 “3”</p>","1","html-keyboard-response","244","694530","0.0-7.0-9.0-1.15","5","2","5","1","1","5","3","4","4","5","5","0","0","1","2","-2","1","1","2","5","4","5","4","2","1","2","3","4","3","4","6","4","8","3","7","6","5","7","5","5","3","3","6","2","5","2","5","5","1","2","2","5","1","1","5","5","4","6","3","1","2","2","1","1","2","6","2","1","7","1","1","1","1","1","2","1","7","1","3","799230569765543938","仲","102","Female","[""坏我"",""好我"",""好她"",""坏她""]","[""弱我"",""强我"",""强她"",""弱她""]","","","","","","","","new","","","","","","","","","SRET","RJ_formal1","Fri Jan 19 2024 19:12:01 GMT+0800 (中国标准时间)","","","","","","NA","奸险","Negative","morality","","","1","","","new","","","","",""
"null","<div style=""color:white;font-size:80px;line-height:5px;position:absolute;top:calc(50%); transform: translate(-50%, -50%)"">+</div>","null","html-keyboard-response","245","695032","0.0-7.0-9.0-0.16","5","2","5","1","1","5","3","4","4","5","5","0","0","1","2","-2","1","1","2","5","4","5","4","2","1","2","3","4","3","4","6","4","8","3","7","6","5","7","5","5","3","3","6","2","5","2","5","5","1","2","2","5","1","1","5","5","4","6","3","1","2","2","1","1","2","6","2","1","7","1","1","1","1","1","2","1","7","1","3","799230569765543938","仲","102","Female","[""坏我"",""好我"",""好她"",""坏她""]","[""弱我"",""强我"",""强她"",""弱她""]","","","","","","","","","","","","","","","","","","","","","","","","","","","","","","","","","","","","","","",""
"2462","<p style=""position: absolute; top:calc(45%);;transform: translate(-50%, -50%);text-align: center; color: white; font-size: 60px;"">努力</p><p style=""position:absolute; text-align: center;color:	#D3D3D3;font-size: 25px;top:calc(50% + 35%);transform: translate(-50%)"">新词按 “1” ，熟悉按 “2” ，旧词按 “3”</p>","3","html-keyboard-response","246","697495","0.0-7.0-9.0-1.16","5","2","5","1","1","5","3","4","4","5","5","0","0","1","2","-2","1","1","2","5","4","5","4","2","1","2","3","4","3","4","6","4","8","3","7","6","5","7","5","5","3","3","6","2","5","2","5","5","1","2","2","5","1","1","5","5","4","6","3","1","2","2","1","1","2","6","2","1","7","1","1","1","1","1","2","1","7","1","3","799230569765543938","仲","102","Female","[""坏我"",""好我"",""好她"",""坏她""]","[""弱我"",""强我"",""强她"",""弱她""]","","","","","","","","old","","","","","","","","","SRET","RJ_formal1","Fri Jan 19 2024 19:12:01 GMT+0800 (中国标准时间)","","","","","","自己","努力","Positive","ability","","","1","","","old","","","","",""
"1458","<p style=""position: absolute; top:calc(45%);transform: translate(-50%, -50%);text-align: center; color: white; font-size: 60px;"">努力</p><p style=""position:absolute; text-align: center;font-size: 25px;color:	#D3D3D3;top:calc(50% + 35%);transform: translate(-50%)"">自己按 f 键 ，朋友按 j 键</p>","f","html-keyboard-response","247","698955","0.0-7.0-9.0-2.16-0.16","5","2","5","1","1","5","3","4","4","5","5","0","0","1","2","-2","1","1","2","5","4","5","4","2","1","2","3","4","3","4","6","4","8","3","7","6","5","7","5","5","3","3","6","2","5","2","5","5","1","2","2","5","1","1","5","5","4","6","3","1","2","2","1","1","2","6","2","1","7","1","1","1","1","1","2","1","7","1","3","799230569765543938","仲","102","Female","[""坏我"",""好我"",""好她"",""坏她""]","[""弱我"",""强我"",""强她"",""弱她""]","","","","","","","","self","","","","","","","","","SRET","RJ_formal_2","Fri Jan 19 2024 19:12:01 GMT+0800 (中国标准时间)","","","","","","","努力","Positive","ability","","","","","","自己","","","","",""
"null","<div style=""color:white;font-size:80px;line-height:5px;position:absolute;top:calc(50%); transform: translate(-50%, -50%)"">+</div>","null","html-keyboard-response","248","699457","0.0-7.0-9.0-0.17","5","2","5","1","1","5","3","4","4","5","5","0","0","1","2","-2","1","1","2","5","4","5","4","2","1","2","3","4","3","4","6","4","8","3","7","6","5","7","5","5","3","3","6","2","5","2","5","5","1","2","2","5","1","1","5","5","4","6","3","1","2","2","1","1","2","6","2","1","7","1","1","1","1","1","2","1","7","1","3","799230569765543938","仲","102","Female","[""坏我"",""好我"",""好她"",""坏她""]","[""弱我"",""强我"",""强她"",""弱她""]","","","","","","","","","","","","","","","","","","","","","","","","","","","","","","","","","","","","","","",""
"814","<p style=""position: absolute; top:calc(45%);;transform: translate(-50%, -50%);text-align: center; color: white; font-size: 60px;"">不良</p><p style=""position:absolute; text-align: center;color:	#D3D3D3;font-size: 25px;top:calc(50% + 35%);transform: translate(-50%)"">新词按 “1” ，熟悉按 “2” ，旧词按 “3”</p>","1","html-keyboard-response","249","700273","0.0-7.0-9.0-1.17","5","2","5","1","1","5","3","4","4","5","5","0","0","1","2","-2","1","1","2","5","4","5","4","2","1","2","3","4","3","4","6","4","8","3","7","6","5","7","5","5","3","3","6","2","5","2","5","5","1","2","2","5","1","1","5","5","4","6","3","1","2","2","1","1","2","6","2","1","7","1","1","1","1","1","2","1","7","1","3","799230569765543938","仲","102","Female","[""坏我"",""好我"",""好她"",""坏她""]","[""弱我"",""强我"",""强她"",""弱她""]","","","","","","","","new","","","","","","","","","SRET","RJ_formal1","Fri Jan 19 2024 19:12:01 GMT+0800 (中国标准时间)","","","","","","NA","不良","Negative","morality","","","1","","","new","","","","",""
"null","<div style=""color:white;font-size:80px;line-height:5px;position:absolute;top:calc(50%); transform: translate(-50%, -50%)"">+</div>","null","html-keyboard-response","250","700775","0.0-7.0-9.0-0.18","5","2","5","1","1","5","3","4","4","5","5","0","0","1","2","-2","1","1","2","5","4","5","4","2","1","2","3","4","3","4","6","4","8","3","7","6","5","7","5","5","3","3","6","2","5","2","5","5","1","2","2","5","1","1","5","5","4","6","3","1","2","2","1","1","2","6","2","1","7","1","1","1","1","1","2","1","7","1","3","799230569765543938","仲","102","Female","[""坏我"",""好我"",""好她"",""坏她""]","[""弱我"",""强我"",""强她"",""弱她""]","","","","","","","","","","","","","","","","","","","","","","","","","","","","","","","","","","","","","","",""
"959","<p style=""position: absolute; top:calc(45%);;transform: translate(-50%, -50%);text-align: center; color: white; font-size: 60px;"">差生</p><p style=""position:absolute; text-align: center;color:	#D3D3D3;font-size: 25px;top:calc(50% + 35%);transform: translate(-50%)"">新词按 “1” ，熟悉按 “2” ，旧词按 “3”</p>","1","html-keyboard-response","251","701734","0.0-7.0-9.0-1.18","5","2","5","1","1","5","3","4","4","5","5","0","0","1","2","-2","1","1","2","5","4","5","4","2","1","2","3","4","3","4","6","4","8","3","7","6","5","7","5","5","3","3","6","2","5","2","5","5","1","2","2","5","1","1","5","5","4","6","3","1","2","2","1","1","2","6","2","1","7","1","1","1","1","1","2","1","7","1","3","799230569765543938","仲","102","Female","[""坏我"",""好我"",""好她"",""坏她""]","[""弱我"",""强我"",""强她"",""弱她""]","","","","","","","","new","","","","","","","","","SRET","RJ_formal1","Fri Jan 19 2024 19:12:01 GMT+0800 (中国标准时间)","","","","","","NA","差生","Negative","ability","","","1","","","new","","","","",""
"null","<div style=""color:white;font-size:80px;line-height:5px;position:absolute;top:calc(50%); transform: translate(-50%, -50%)"">+</div>","null","html-keyboard-response","252","702238","0.0-7.0-9.0-0.19","5","2","5","1","1","5","3","4","4","5","5","0","0","1","2","-2","1","1","2","5","4","5","4","2","1","2","3","4","3","4","6","4","8","3","7","6","5","7","5","5","3","3","6","2","5","2","5","5","1","2","2","5","1","1","5","5","4","6","3","1","2","2","1","1","2","6","2","1","7","1","1","1","1","1","2","1","7","1","3","799230569765543938","仲","102","Female","[""坏我"",""好我"",""好她"",""坏她""]","[""弱我"",""强我"",""强她"",""弱她""]","","","","","","","","","","","","","","","","","","","","","","","","","","","","","","","","","","","","","","",""
"1635","<p style=""position: absolute; top:calc(45%);;transform: translate(-50%, -50%);text-align: center; color: white; font-size: 60px;"">小人</p><p style=""position:absolute; text-align: center;color:	#D3D3D3;font-size: 25px;top:calc(50% + 35%);transform: translate(-50%)"">新词按 “1” ，熟悉按 “2” ，旧词按 “3”</p>","3","html-keyboard-response","253","703874","0.0-7.0-9.0-1.19","5","2","5","1","1","5","3","4","4","5","5","0","0","1","2","-2","1","1","2","5","4","5","4","2","1","2","3","4","3","4","6","4","8","3","7","6","5","7","5","5","3","3","6","2","5","2","5","5","1","2","2","5","1","1","5","5","4","6","3","1","2","2","1","1","2","6","2","1","7","1","1","1","1","1","2","1","7","1","3","799230569765543938","仲","102","Female","[""坏我"",""好我"",""好她"",""坏她""]","[""弱我"",""强我"",""强她"",""弱她""]","","","","","","","","old","","","","","","","","","SRET","RJ_formal1","Fri Jan 19 2024 19:12:01 GMT+0800 (中国标准时间)","","","","","","朋友","小人","Negative","morality","","","1","","","old","","","","",""
"1240","<p style=""position: absolute; top:calc(45%);transform: translate(-50%, -50%);text-align: center; color: white; font-size: 60px;"">小人</p><p style=""position:absolute; text-align: center;font-size: 25px;color:	#D3D3D3;top:calc(50% + 35%);transform: translate(-50%)"">自己按 f 键 ，朋友按 j 键</p>","j","html-keyboard-response","254","705114","0.0-7.0-9.0-2.19-0.19","5","2","5","1","1","5","3","4","4","5","5","0","0","1","2","-2","1","1","2","5","4","5","4","2","1","2","3","4","3","4","6","4","8","3","7","6","5","7","5","5","3","3","6","2","5","2","5","5","1","2","2","5","1","1","5","5","4","6","3","1","2","2","1","1","2","6","2","1","7","1","1","1","1","1","2","1","7","1","3","799230569765543938","仲","102","Female","[""坏我"",""好我"",""好她"",""坏她""]","[""弱我"",""强我"",""强她"",""弱她""]","","","","","","","","friend","","","","","","","","","SRET","RJ_formal_2","Fri Jan 19 2024 19:12:01 GMT+0800 (中国标准时间)","","","","","","","小人","Negative","morality","","","","","","朋友","","","","",""
"null","<div style=""color:white;font-size:80px;line-height:5px;position:absolute;top:calc(50%); transform: translate(-50%, -50%)"">+</div>","null","html-keyboard-response","255","705619","0.0-7.0-9.0-0.20","5","2","5","1","1","5","3","4","4","5","5","0","0","1","2","-2","1","1","2","5","4","5","4","2","1","2","3","4","3","4","6","4","8","3","7","6","5","7","5","5","3","3","6","2","5","2","5","5","1","2","2","5","1","1","5","5","4","6","3","1","2","2","1","1","2","6","2","1","7","1","1","1","1","1","2","1","7","1","3","799230569765543938","仲","102","Female","[""坏我"",""好我"",""好她"",""坏她""]","[""弱我"",""强我"",""强她"",""弱她""]","","","","","","","","","","","","","","","","","","","","","","","","","","","","","","","","","","","","","","",""
"927","<p style=""position: absolute; top:calc(45%);;transform: translate(-50%, -50%);text-align: center; color: white; font-size: 60px;"">笨蛋</p><p style=""position:absolute; text-align: center;color:	#D3D3D3;font-size: 25px;top:calc(50% + 35%);transform: translate(-50%)"">新词按 “1” ，熟悉按 “2” ，旧词按 “3”</p>","1","html-keyboard-response","256","706546","0.0-7.0-9.0-1.20","5","2","5","1","1","5","3","4","4","5","5","0","0","1","2","-2","1","1","2","5","4","5","4","2","1","2","3","4","3","4","6","4","8","3","7","6","5","7","5","5","3","3","6","2","5","2","5","5","1","2","2","5","1","1","5","5","4","6","3","1","2","2","1","1","2","6","2","1","7","1","1","1","1","1","2","1","7","1","3","799230569765543938","仲","102","Female","[""坏我"",""好我"",""好她"",""坏她""]","[""弱我"",""强我"",""强她"",""弱她""]","","","","","","","","new","","","","","","","","","SRET","RJ_formal1","Fri Jan 19 2024 19:12:01 GMT+0800 (中国标准时间)","","","","","","NA","笨蛋","Negative","ability","","","1","","","new","","","","",""
"null","<div style=""color:white;font-size:80px;line-height:5px;position:absolute;top:calc(50%); transform: translate(-50%, -50%)"">+</div>","null","html-keyboard-response","257","707049","0.0-7.0-9.0-0.21","5","2","5","1","1","5","3","4","4","5","5","0","0","1","2","-2","1","1","2","5","4","5","4","2","1","2","3","4","3","4","6","4","8","3","7","6","5","7","5","5","3","3","6","2","5","2","5","5","1","2","2","5","1","1","5","5","4","6","3","1","2","2","1","1","2","6","2","1","7","1","1","1","1","1","2","1","7","1","3","799230569765543938","仲","102","Female","[""坏我"",""好我"",""好她"",""坏她""]","[""弱我"",""强我"",""强她"",""弱她""]","","","","","","","","","","","","","","","","","","","","","","","","","","","","","","","","","","","","","","",""
"1807","<p style=""position: absolute; top:calc(45%);;transform: translate(-50%, -50%);text-align: center; color: white; font-size: 60px;"">文明</p><p style=""position:absolute; text-align: center;color:	#D3D3D3;font-size: 25px;top:calc(50% + 35%);transform: translate(-50%)"">新词按 “1” ，熟悉按 “2” ，旧词按 “3”</p>","3","html-keyboard-response","258","708858","0.0-7.0-9.0-1.21","5","2","5","1","1","5","3","4","4","5","5","0","0","1","2","-2","1","1","2","5","4","5","4","2","1","2","3","4","3","4","6","4","8","3","7","6","5","7","5","5","3","3","6","2","5","2","5","5","1","2","2","5","1","1","5","5","4","6","3","1","2","2","1","1","2","6","2","1","7","1","1","1","1","1","2","1","7","1","3","799230569765543938","仲","102","Female","[""坏我"",""好我"",""好她"",""坏她""]","[""弱我"",""强我"",""强她"",""弱她""]","","","","","","","","old","","","","","","","","","SRET","RJ_formal1","Fri Jan 19 2024 19:12:01 GMT+0800 (中国标准时间)","","","","","","自己","文明","Positive","morality","","","1","","","old","","","","",""
"1140","<p style=""position: absolute; top:calc(45%);transform: translate(-50%, -50%);text-align: center; color: white; font-size: 60px;"">文明</p><p style=""position:absolute; text-align: center;font-size: 25px;color:	#D3D3D3;top:calc(50% + 35%);transform: translate(-50%)"">自己按 f 键 ，朋友按 j 键</p>","f","html-keyboard-response","259","709999","0.0-7.0-9.0-2.21-0.21","5","2","5","1","1","5","3","4","4","5","5","0","0","1","2","-2","1","1","2","5","4","5","4","2","1","2","3","4","3","4","6","4","8","3","7","6","5","7","5","5","3","3","6","2","5","2","5","5","1","2","2","5","1","1","5","5","4","6","3","1","2","2","1","1","2","6","2","1","7","1","1","1","1","1","2","1","7","1","3","799230569765543938","仲","102","Female","[""坏我"",""好我"",""好她"",""坏她""]","[""弱我"",""强我"",""强她"",""弱她""]","","","","","","","","self","","","","","","","","","SRET","RJ_formal_2","Fri Jan 19 2024 19:12:01 GMT+0800 (中国标准时间)","","","","","","","文明","Positive","morality","","","","","","自己","","","","",""
"null","<div style=""color:white;font-size:80px;line-height:5px;position:absolute;top:calc(50%); transform: translate(-50%, -50%)"">+</div>","null","html-keyboard-response","260","710509","0.0-7.0-9.0-0.22","5","2","5","1","1","5","3","4","4","5","5","0","0","1","2","-2","1","1","2","5","4","5","4","2","1","2","3","4","3","4","6","4","8","3","7","6","5","7","5","5","3","3","6","2","5","2","5","5","1","2","2","5","1","1","5","5","4","6","3","1","2","2","1","1","2","6","2","1","7","1","1","1","1","1","2","1","7","1","3","799230569765543938","仲","102","Female","[""坏我"",""好我"",""好她"",""坏她""]","[""弱我"",""强我"",""强她"",""弱她""]","","","","","","","","","","","","","","","","","","","","","","","","","","","","","","","","","","","","","","",""
"4161","<p style=""position: absolute; top:calc(45%);;transform: translate(-50%, -50%);text-align: center; color: white; font-size: 60px;"">马虎</p><p style=""position:absolute; text-align: center;color:	#D3D3D3;font-size: 25px;top:calc(50% + 35%);transform: translate(-50%)"">新词按 “1” ，熟悉按 “2” ，旧词按 “3”</p>","3","html-keyboard-response","261","714670","0.0-7.0-9.0-1.22","5","2","5","1","1","5","3","4","4","5","5","0","0","1","2","-2","1","1","2","5","4","5","4","2","1","2","3","4","3","4","6","4","8","3","7","6","5","7","5","5","3","3","6","2","5","2","5","5","1","2","2","5","1","1","5","5","4","6","3","1","2","2","1","1","2","6","2","1","7","1","1","1","1","1","2","1","7","1","3","799230569765543938","仲","102","Female","[""坏我"",""好我"",""好她"",""坏她""]","[""弱我"",""强我"",""强她"",""弱她""]","","","","","","","","old","","","","","","","","","SRET","RJ_formal1","Fri Jan 19 2024 19:12:01 GMT+0800 (中国标准时间)","","","","","","自己","马虎","Negative","ability","","","1","","","old","","","","",""
"948","<p style=""position: absolute; top:calc(45%);transform: translate(-50%, -50%);text-align: center; color: white; font-size: 60px;"">马虎</p><p style=""position:absolute; text-align: center;font-size: 25px;color:	#D3D3D3;top:calc(50% + 35%);transform: translate(-50%)"">自己按 f 键 ，朋友按 j 键</p>","f","html-keyboard-response","262","715619","0.0-7.0-9.0-2.22-0.22","5","2","5","1","1","5","3","4","4","5","5","0","0","1","2","-2","1","1","2","5","4","5","4","2","1","2","3","4","3","4","6","4","8","3","7","6","5","7","5","5","3","3","6","2","5","2","5","5","1","2","2","5","1","1","5","5","4","6","3","1","2","2","1","1","2","6","2","1","7","1","1","1","1","1","2","1","7","1","3","799230569765543938","仲","102","Female","[""坏我"",""好我"",""好她"",""坏她""]","[""弱我"",""强我"",""强她"",""弱她""]","","","","","","","","self","","","","","","","","","SRET","RJ_formal_2","Fri Jan 19 2024 19:12:01 GMT+0800 (中国标准时间)","","","","","","","马虎","Negative","ability","","","","","","自己","","","","",""
"null","<div style=""color:white;font-size:80px;line-height:5px;position:absolute;top:calc(50%); transform: translate(-50%, -50%)"">+</div>","null","html-keyboard-response","263","716126","0.0-7.0-9.0-0.23","5","2","5","1","1","5","3","4","4","5","5","0","0","1","2","-2","1","1","2","5","4","5","4","2","1","2","3","4","3","4","6","4","8","3","7","6","5","7","5","5","3","3","6","2","5","2","5","5","1","2","2","5","1","1","5","5","4","6","3","1","2","2","1","1","2","6","2","1","7","1","1","1","1","1","2","1","7","1","3","799230569765543938","仲","102","Female","[""坏我"",""好我"",""好她"",""坏她""]","[""弱我"",""强我"",""强她"",""弱她""]","","","","","","","","","","","","","","","","","","","","","","","","","","","","","","","","","","","","","","",""
"2529","<p style=""position: absolute; top:calc(45%);;transform: translate(-50%, -50%);text-align: center; color: white; font-size: 60px;"">能干</p><p style=""position:absolute; text-align: center;color:	#D3D3D3;font-size: 25px;top:calc(50% + 35%);transform: translate(-50%)"">新词按 “1” ，熟悉按 “2” ，旧词按 “3”</p>","3","html-keyboard-response","264","718656","0.0-7.0-9.0-1.23","5","2","5","1","1","5","3","4","4","5","5","0","0","1","2","-2","1","1","2","5","4","5","4","2","1","2","3","4","3","4","6","4","8","3","7","6","5","7","5","5","3","3","6","2","5","2","5","5","1","2","2","5","1","1","5","5","4","6","3","1","2","2","1","1","2","6","2","1","7","1","1","1","1","1","2","1","7","1","3","799230569765543938","仲","102","Female","[""坏我"",""好我"",""好她"",""坏她""]","[""弱我"",""强我"",""强她"",""弱她""]","","","","","","","","old","","","","","","","","","SRET","RJ_formal1","Fri Jan 19 2024 19:12:01 GMT+0800 (中国标准时间)","","","","","","NA","能干","Positive","ability","","","0","","","new","","","","",""
"4570","<p style=""position: absolute; top:calc(45%);transform: translate(-50%, -50%);text-align: center; color: white; font-size: 60px;"">能干</p><p style=""position:absolute; text-align: center;font-size: 25px;color:	#D3D3D3;top:calc(50% + 35%);transform: translate(-50%)"">自己按 f 键 ，朋友按 j 键</p>","j","html-keyboard-response","265","723228","0.0-7.0-9.0-2.23-0.23","5","2","5","1","1","5","3","4","4","5","5","0","0","1","2","-2","1","1","2","5","4","5","4","2","1","2","3","4","3","4","6","4","8","3","7","6","5","7","5","5","3","3","6","2","5","2","5","5","1","2","2","5","1","1","5","5","4","6","3","1","2","2","1","1","2","6","2","1","7","1","1","1","1","1","2","1","7","1","3","799230569765543938","仲","102","Female","[""坏我"",""好我"",""好她"",""坏她""]","[""弱我"",""强我"",""强她"",""弱她""]","","","","","","","","friend","","","","","","","","","SRET","RJ_formal_2","Fri Jan 19 2024 19:12:01 GMT+0800 (中国标准时间)","","","","","","","能干","Positive","ability","","","","","","NA","","","","",""
"null","<div style=""color:white;font-size:80px;line-height:5px;position:absolute;top:calc(50%); transform: translate(-50%, -50%)"">+</div>","null","html-keyboard-response","266","723735","0.0-7.0-9.0-0.24","5","2","5","1","1","5","3","4","4","5","5","0","0","1","2","-2","1","1","2","5","4","5","4","2","1","2","3","4","3","4","6","4","8","3","7","6","5","7","5","5","3","3","6","2","5","2","5","5","1","2","2","5","1","1","5","5","4","6","3","1","2","2","1","1","2","6","2","1","7","1","1","1","1","1","2","1","7","1","3","799230569765543938","仲","102","Female","[""坏我"",""好我"",""好她"",""坏她""]","[""弱我"",""强我"",""强她"",""弱她""]","","","","","","","","","","","","","","","","","","","","","","","","","","","","","","","","","","","","","","",""
"2464","<p style=""position: absolute; top:calc(45%);;transform: translate(-50%, -50%);text-align: center; color: white; font-size: 60px;"">歹毒</p><p style=""position:absolute; text-align: center;color:	#D3D3D3;font-size: 25px;top:calc(50% + 35%);transform: translate(-50%)"">新词按 “1” ，熟悉按 “2” ，旧词按 “3”</p>","3","html-keyboard-response","267","726200","0.0-7.0-9.0-1.24","5","2","5","1","1","5","3","4","4","5","5","0","0","1","2","-2","1","1","2","5","4","5","4","2","1","2","3","4","3","4","6","4","8","3","7","6","5","7","5","5","3","3","6","2","5","2","5","5","1","2","2","5","1","1","5","5","4","6","3","1","2","2","1","1","2","6","2","1","7","1","1","1","1","1","2","1","7","1","3","799230569765543938","仲","102","Female","[""坏我"",""好我"",""好她"",""坏她""]","[""弱我"",""强我"",""强她"",""弱她""]","","","","","","","","old","","","","","","","","","SRET","RJ_formal1","Fri Jan 19 2024 19:12:01 GMT+0800 (中国标准时间)","","","","","","NA","歹毒","Negative","morality","","","0","","","new","","","","",""
"502","<p style=""position: absolute; top:calc(45%);transform: translate(-50%, -50%);text-align: center; color: white; font-size: 60px;"">歹毒</p><p style=""position:absolute; text-align: center;font-size: 25px;color:	#D3D3D3;top:calc(50% + 35%);transform: translate(-50%)"">自己按 f 键 ，朋友按 j 键</p>","j","html-keyboard-response","268","726703","0.0-7.0-9.0-2.24-0.24","5","2","5","1","1","5","3","4","4","5","5","0","0","1","2","-2","1","1","2","5","4","5","4","2","1","2","3","4","3","4","6","4","8","3","7","6","5","7","5","5","3","3","6","2","5","2","5","5","1","2","2","5","1","1","5","5","4","6","3","1","2","2","1","1","2","6","2","1","7","1","1","1","1","1","2","1","7","1","3","799230569765543938","仲","102","Female","[""坏我"",""好我"",""好她"",""坏她""]","[""弱我"",""强我"",""强她"",""弱她""]","","","","","","","","friend","","","","","","","","","SRET","RJ_formal_2","Fri Jan 19 2024 19:12:01 GMT+0800 (中国标准时间)","","","","","","","歹毒","Negative","morality","","","","","","NA","","","","",""
"null","<div style=""color:white;font-size:80px;line-height:5px;position:absolute;top:calc(50%); transform: translate(-50%, -50%)"">+</div>","null","html-keyboard-response","269","727204","0.0-7.0-9.0-0.25","5","2","5","1","1","5","3","4","4","5","5","0","0","1","2","-2","1","1","2","5","4","5","4","2","1","2","3","4","3","4","6","4","8","3","7","6","5","7","5","5","3","3","6","2","5","2","5","5","1","2","2","5","1","1","5","5","4","6","3","1","2","2","1","1","2","6","2","1","7","1","1","1","1","1","2","1","7","1","3","799230569765543938","仲","102","Female","[""坏我"",""好我"",""好她"",""坏她""]","[""弱我"",""强我"",""强她"",""弱她""]","","","","","","","","","","","","","","","","","","","","","","","","","","","","","","","","","","","","","","",""
"2004","<p style=""position: absolute; top:calc(45%);;transform: translate(-50%, -50%);text-align: center; color: white; font-size: 60px;"">娴熟</p><p style=""position:absolute; text-align: center;color:	#D3D3D3;font-size: 25px;top:calc(50% + 35%);transform: translate(-50%)"">新词按 “1” ，熟悉按 “2” ，旧词按 “3”</p>","3","html-keyboard-response","270","729209","0.0-7.0-9.0-1.25","5","2","5","1","1","5","3","4","4","5","5","0","0","1","2","-2","1","1","2","5","4","5","4","2","1","2","3","4","3","4","6","4","8","3","7","6","5","7","5","5","3","3","6","2","5","2","5","5","1","2","2","5","1","1","5","5","4","6","3","1","2","2","1","1","2","6","2","1","7","1","1","1","1","1","2","1","7","1","3","799230569765543938","仲","102","Female","[""坏我"",""好我"",""好她"",""坏她""]","[""弱我"",""强我"",""强她"",""弱她""]","","","","","","","","old","","","","","","","","","SRET","RJ_formal1","Fri Jan 19 2024 19:12:01 GMT+0800 (中国标准时间)","","","","","","自己","娴熟","Positive","ability","","","1","","","old","","","","",""
"497","<p style=""position: absolute; top:calc(45%);transform: translate(-50%, -50%);text-align: center; color: white; font-size: 60px;"">娴熟</p><p style=""position:absolute; text-align: center;font-size: 25px;color:	#D3D3D3;top:calc(50% + 35%);transform: translate(-50%)"">自己按 f 键 ，朋友按 j 键</p>","j","html-keyboard-response","271","729707","0.0-7.0-9.0-2.25-0.25","5","2","5","1","1","5","3","4","4","5","5","0","0","1","2","-2","1","1","2","5","4","5","4","2","1","2","3","4","3","4","6","4","8","3","7","6","5","7","5","5","3","3","6","2","5","2","5","5","1","2","2","5","1","1","5","5","4","6","3","1","2","2","1","1","2","6","2","1","7","1","1","1","1","1","2","1","7","1","3","799230569765543938","仲","102","Female","[""坏我"",""好我"",""好她"",""坏她""]","[""弱我"",""强我"",""强她"",""弱她""]","","","","","","","","friend","","","","","","","","","SRET","RJ_formal_2","Fri Jan 19 2024 19:12:01 GMT+0800 (中国标准时间)","","","","","","","娴熟","Positive","ability","","","","","","自己","","","","",""
"null","<div style=""color:white;font-size:80px;line-height:5px;position:absolute;top:calc(50%); transform: translate(-50%, -50%)"">+</div>","null","html-keyboard-response","272","730212","0.0-7.0-9.0-0.26","5","2","5","1","1","5","3","4","4","5","5","0","0","1","2","-2","1","1","2","5","4","5","4","2","1","2","3","4","3","4","6","4","8","3","7","6","5","7","5","5","3","3","6","2","5","2","5","5","1","2","2","5","1","1","5","5","4","6","3","1","2","2","1","1","2","6","2","1","7","1","1","1","1","1","2","1","7","1","3","799230569765543938","仲","102","Female","[""坏我"",""好我"",""好她"",""坏她""]","[""弱我"",""强我"",""强她"",""弱她""]","","","","","","","","","","","","","","","","","","","","","","","","","","","","","","","","","","","","","","",""
"2597","<p style=""position: absolute; top:calc(45%);;transform: translate(-50%, -50%);text-align: center; color: white; font-size: 60px;"">逞强</p><p style=""position:absolute; text-align: center;color:	#D3D3D3;font-size: 25px;top:calc(50% + 35%);transform: translate(-50%)"">新词按 “1” ，熟悉按 “2” ，旧词按 “3”</p>","2","html-keyboard-response","273","732809","0.0-7.0-9.0-1.26","5","2","5","1","1","5","3","4","4","5","5","0","0","1","2","-2","1","1","2","5","4","5","4","2","1","2","3","4","3","4","6","4","8","3","7","6","5","7","5","5","3","3","6","2","5","2","5","5","1","2","2","5","1","1","5","5","4","6","3","1","2","2","1","1","2","6","2","1","7","1","1","1","1","1","2","1","7","1","3","799230569765543938","仲","102","Female","[""坏我"",""好我"",""好她"",""坏她""]","[""弱我"",""强我"",""强她"",""弱她""]","","","","","","","","familiar","","","","","","","","","SRET","RJ_formal1","Fri Jan 19 2024 19:12:01 GMT+0800 (中国标准时间)","","","","","","朋友","逞强","Negative","ability","","","1","","","old","","","","",""
"5335","<p style=""position: absolute; top:calc(45%);transform: translate(-50%, -50%);text-align: center; color: white; font-size: 60px;"">逞强</p><p style=""position:absolute; text-align: center;font-size: 25px;color:	#D3D3D3;top:calc(50% + 35%);transform: translate(-50%)"">自己按 f 键 ，朋友按 j 键</p>","j","html-keyboard-response","274","738146","0.0-7.0-9.0-2.26-0.26","5","2","5","1","1","5","3","4","4","5","5","0","0","1","2","-2","1","1","2","5","4","5","4","2","1","2","3","4","3","4","6","4","8","3","7","6","5","7","5","5","3","3","6","2","5","2","5","5","1","2","2","5","1","1","5","5","4","6","3","1","2","2","1","1","2","6","2","1","7","1","1","1","1","1","2","1","7","1","3","799230569765543938","仲","102","Female","[""坏我"",""好我"",""好她"",""坏她""]","[""弱我"",""强我"",""强她"",""弱她""]","","","","","","","","friend","","","","","","","","","SRET","RJ_formal_2","Fri Jan 19 2024 19:12:01 GMT+0800 (中国标准时间)","","","","","","","逞强","Negative","ability","","","","","","朋友","","","","",""
"null","<div style=""color:white;font-size:80px;line-height:5px;position:absolute;top:calc(50%); transform: translate(-50%, -50%)"">+</div>","null","html-keyboard-response","275","738651","0.0-7.0-9.0-0.27","5","2","5","1","1","5","3","4","4","5","5","0","0","1","2","-2","1","1","2","5","4","5","4","2","1","2","3","4","3","4","6","4","8","3","7","6","5","7","5","5","3","3","6","2","5","2","5","5","1","2","2","5","1","1","5","5","4","6","3","1","2","2","1","1","2","6","2","1","7","1","1","1","1","1","2","1","7","1","3","799230569765543938","仲","102","Female","[""坏我"",""好我"",""好她"",""坏她""]","[""弱我"",""强我"",""强她"",""弱她""]","","","","","","","","","","","","","","","","","","","","","","","","","","","","","","","","","","","","","","",""
"1025","<p style=""position: absolute; top:calc(45%);;transform: translate(-50%, -50%);text-align: center; color: white; font-size: 60px;"">孝顺</p><p style=""position:absolute; text-align: center;color:	#D3D3D3;font-size: 25px;top:calc(50% + 35%);transform: translate(-50%)"">新词按 “1” ，熟悉按 “2” ，旧词按 “3”</p>","1","html-keyboard-response","276","739677","0.0-7.0-9.0-1.27","5","2","5","1","1","5","3","4","4","5","5","0","0","1","2","-2","1","1","2","5","4","5","4","2","1","2","3","4","3","4","6","4","8","3","7","6","5","7","5","5","3","3","6","2","5","2","5","5","1","2","2","5","1","1","5","5","4","6","3","1","2","2","1","1","2","6","2","1","7","1","1","1","1","1","2","1","7","1","3","799230569765543938","仲","102","Female","[""坏我"",""好我"",""好她"",""坏她""]","[""弱我"",""强我"",""强她"",""弱她""]","","","","","","","","new","","","","","","","","","SRET","RJ_formal1","Fri Jan 19 2024 19:12:01 GMT+0800 (中国标准时间)","","","","","","NA","孝顺","Positive","morality","","","1","","","new","","","","",""
"null","<div style=""color:white;font-size:80px;line-height:5px;position:absolute;top:calc(50%); transform: translate(-50%, -50%)"">+</div>","null","html-keyboard-response","277","740181","0.0-7.0-9.0-0.28","5","2","5","1","1","5","3","4","4","5","5","0","0","1","2","-2","1","1","2","5","4","5","4","2","1","2","3","4","3","4","6","4","8","3","7","6","5","7","5","5","3","3","6","2","5","2","5","5","1","2","2","5","1","1","5","5","4","6","3","1","2","2","1","1","2","6","2","1","7","1","1","1","1","1","2","1","7","1","3","799230569765543938","仲","102","Female","[""坏我"",""好我"",""好她"",""坏她""]","[""弱我"",""强我"",""强她"",""弱她""]","","","","","","","","","","","","","","","","","","","","","","","","","","","","","","","","","","","","","","",""
"1090","<p style=""position: absolute; top:calc(45%);;transform: translate(-50%, -50%);text-align: center; color: white; font-size: 60px;"">不孝</p><p style=""position:absolute; text-align: center;color:	#D3D3D3;font-size: 25px;top:calc(50% + 35%);transform: translate(-50%)"">新词按 “1” ，熟悉按 “2” ，旧词按 “3”</p>","1","html-keyboard-response","278","741271","0.0-7.0-9.0-1.28","5","2","5","1","1","5","3","4","4","5","5","0","0","1","2","-2","1","1","2","5","4","5","4","2","1","2","3","4","3","4","6","4","8","3","7","6","5","7","5","5","3","3","6","2","5","2","5","5","1","2","2","5","1","1","5","5","4","6","3","1","2","2","1","1","2","6","2","1","7","1","1","1","1","1","2","1","7","1","3","799230569765543938","仲","102","Female","[""坏我"",""好我"",""好她"",""坏她""]","[""弱我"",""强我"",""强她"",""弱她""]","","","","","","","","new","","","","","","","","","SRET","RJ_formal1","Fri Jan 19 2024 19:12:01 GMT+0800 (中国标准时间)","","","","","","NA","不孝","Negative","morality","","","1","","","new","","","","",""
"null","<div style=""color:white;font-size:80px;line-height:5px;position:absolute;top:calc(50%); transform: translate(-50%, -50%)"">+</div>","null","html-keyboard-response","279","741774","0.0-7.0-9.0-0.29","5","2","5","1","1","5","3","4","4","5","5","0","0","1","2","-2","1","1","2","5","4","5","4","2","1","2","3","4","3","4","6","4","8","3","7","6","5","7","5","5","3","3","6","2","5","2","5","5","1","2","2","5","1","1","5","5","4","6","3","1","2","2","1","1","2","6","2","1","7","1","1","1","1","1","2","1","7","1","3","799230569765543938","仲","102","Female","[""坏我"",""好我"",""好她"",""坏她""]","[""弱我"",""强我"",""强她"",""弱她""]","","","","","","","","","","","","","","","","","","","","","","","","","","","","","","","","","","","","","","",""
"2025","<p style=""position: absolute; top:calc(45%);;transform: translate(-50%, -50%);text-align: center; color: white; font-size: 60px;"">卑鄙</p><p style=""position:absolute; text-align: center;color:	#D3D3D3;font-size: 25px;top:calc(50% + 35%);transform: translate(-50%)"">新词按 “1” ，熟悉按 “2” ，旧词按 “3”</p>","2","html-keyboard-response","280","743800","0.0-7.0-9.0-1.29","5","2","5","1","1","5","3","4","4","5","5","0","0","1","2","-2","1","1","2","5","4","5","4","2","1","2","3","4","3","4","6","4","8","3","7","6","5","7","5","5","3","3","6","2","5","2","5","5","1","2","2","5","1","1","5","5","4","6","3","1","2","2","1","1","2","6","2","1","7","1","1","1","1","1","2","1","7","1","3","799230569765543938","仲","102","Female","[""坏我"",""好我"",""好她"",""坏她""]","[""弱我"",""强我"",""强她"",""弱她""]","","","","","","","","familiar","","","","","","","","","SRET","RJ_formal1","Fri Jan 19 2024 19:12:01 GMT+0800 (中国标准时间)","","","","","","自己","卑鄙","Negative","morality","","","1","","","old","","","","",""
"1287","<p style=""position: absolute; top:calc(45%);transform: translate(-50%, -50%);text-align: center; color: white; font-size: 60px;"">卑鄙</p><p style=""position:absolute; text-align: center;font-size: 25px;color:	#D3D3D3;top:calc(50% + 35%);transform: translate(-50%)"">自己按 f 键 ，朋友按 j 键</p>","f","html-keyboard-response","281","745087","0.0-7.0-9.0-2.29-0.29","5","2","5","1","1","5","3","4","4","5","5","0","0","1","2","-2","1","1","2","5","4","5","4","2","1","2","3","4","3","4","6","4","8","3","7","6","5","7","5","5","3","3","6","2","5","2","5","5","1","2","2","5","1","1","5","5","4","6","3","1","2","2","1","1","2","6","2","1","7","1","1","1","1","1","2","1","7","1","3","799230569765543938","仲","102","Female","[""坏我"",""好我"",""好她"",""坏她""]","[""弱我"",""强我"",""强她"",""弱她""]","","","","","","","","self","","","","","","","","","SRET","RJ_formal_2","Fri Jan 19 2024 19:12:01 GMT+0800 (中国标准时间)","","","","","","","卑鄙","Negative","morality","","","","","","自己","","","","",""
"null","<div style=""color:white;font-size:80px;line-height:5px;position:absolute;top:calc(50%); transform: translate(-50%, -50%)"">+</div>","null","html-keyboard-response","282","745590","0.0-7.0-9.0-0.30","5","2","5","1","1","5","3","4","4","5","5","0","0","1","2","-2","1","1","2","5","4","5","4","2","1","2","3","4","3","4","6","4","8","3","7","6","5","7","5","5","3","3","6","2","5","2","5","5","1","2","2","5","1","1","5","5","4","6","3","1","2","2","1","1","2","6","2","1","7","1","1","1","1","1","2","1","7","1","3","799230569765543938","仲","102","Female","[""坏我"",""好我"",""好她"",""坏她""]","[""弱我"",""强我"",""强她"",""弱她""]","","","","","","","","","","","","","","","","","","","","","","","","","","","","","","","","","","","","","","",""
"1090","<p style=""position: absolute; top:calc(45%);;transform: translate(-50%, -50%);text-align: center; color: white; font-size: 60px;"">短浅</p><p style=""position:absolute; text-align: center;color:	#D3D3D3;font-size: 25px;top:calc(50% + 35%);transform: translate(-50%)"">新词按 “1” ，熟悉按 “2” ，旧词按 “3”</p>","1","html-keyboard-response","283","746681","0.0-7.0-9.0-1.30","5","2","5","1","1","5","3","4","4","5","5","0","0","1","2","-2","1","1","2","5","4","5","4","2","1","2","3","4","3","4","6","4","8","3","7","6","5","7","5","5","3","3","6","2","5","2","5","5","1","2","2","5","1","1","5","5","4","6","3","1","2","2","1","1","2","6","2","1","7","1","1","1","1","1","2","1","7","1","3","799230569765543938","仲","102","Female","[""坏我"",""好我"",""好她"",""坏她""]","[""弱我"",""强我"",""强她"",""弱她""]","","","","","","","","new","","","","","","","","","SRET","RJ_formal1","Fri Jan 19 2024 19:12:01 GMT+0800 (中国标准时间)","","","","","","NA","短浅","Negative","ability","","","1","","","new","","","","",""
"null","<div style=""color:white;font-size:80px;line-height:5px;position:absolute;top:calc(50%); transform: translate(-50%, -50%)"">+</div>","null","html-keyboard-response","284","747199","0.0-7.0-9.0-0.31","5","2","5","1","1","5","3","4","4","5","5","0","0","1","2","-2","1","1","2","5","4","5","4","2","1","2","3","4","3","4","6","4","8","3","7","6","5","7","5","5","3","3","6","2","5","2","5","5","1","2","2","5","1","1","5","5","4","6","3","1","2","2","1","1","2","6","2","1","7","1","1","1","1","1","2","1","7","1","3","799230569765543938","仲","102","Female","[""坏我"",""好我"",""好她"",""坏她""]","[""弱我"",""强我"",""强她"",""弱她""]","","","","","","","","","","","","","","","","","","","","","","","","","","","","","","","","","","","","","","",""
"1432","<p style=""position: absolute; top:calc(45%);;transform: translate(-50%, -50%);text-align: center; color: white; font-size: 60px;"">背叛</p><p style=""position:absolute; text-align: center;color:	#D3D3D3;font-size: 25px;top:calc(50% + 35%);transform: translate(-50%)"">新词按 “1” ，熟悉按 “2” ，旧词按 “3”</p>","1","html-keyboard-response","285","748632","0.0-7.0-9.0-1.31","5","2","5","1","1","5","3","4","4","5","5","0","0","1","2","-2","1","1","2","5","4","5","4","2","1","2","3","4","3","4","6","4","8","3","7","6","5","7","5","5","3","3","6","2","5","2","5","5","1","2","2","5","1","1","5","5","4","6","3","1","2","2","1","1","2","6","2","1","7","1","1","1","1","1","2","1","7","1","3","799230569765543938","仲","102","Female","[""坏我"",""好我"",""好她"",""坏她""]","[""弱我"",""强我"",""强她"",""弱她""]","","","","","","","","new","","","","","","","","","SRET","RJ_formal1","Fri Jan 19 2024 19:12:01 GMT+0800 (中国标准时间)","","","","","","自己","背叛","Negative","morality","","","0","","","old","","","","",""
"null","<div style=""color:white;font-size:80px;line-height:5px;position:absolute;top:calc(50%); transform: translate(-50%, -50%)"">+</div>","null","html-keyboard-response","286","749138","0.0-7.0-9.0-0.32","5","2","5","1","1","5","3","4","4","5","5","0","0","1","2","-2","1","1","2","5","4","5","4","2","1","2","3","4","3","4","6","4","8","3","7","6","5","7","5","5","3","3","6","2","5","2","5","5","1","2","2","5","1","1","5","5","4","6","3","1","2","2","1","1","2","6","2","1","7","1","1","1","1","1","2","1","7","1","3","799230569765543938","仲","102","Female","[""坏我"",""好我"",""好她"",""坏她""]","[""弱我"",""强我"",""强她"",""弱她""]","","","","","","","","","","","","","","","","","","","","","","","","","","","","","","","","","","","","","","",""
"2438","<p style=""position: absolute; top:calc(45%);;transform: translate(-50%, -50%);text-align: center; color: white; font-size: 60px;"">勤奋</p><p style=""position:absolute; text-align: center;color:	#D3D3D3;font-size: 25px;top:calc(50% + 35%);transform: translate(-50%)"">新词按 “1” ，熟悉按 “2” ，旧词按 “3”</p>","3","html-keyboard-response","287","751577","0.0-7.0-9.0-1.32","5","2","5","1","1","5","3","4","4","5","5","0","0","1","2","-2","1","1","2","5","4","5","4","2","1","2","3","4","3","4","6","4","8","3","7","6","5","7","5","5","3","3","6","2","5","2","5","5","1","2","2","5","1","1","5","5","4","6","3","1","2","2","1","1","2","6","2","1","7","1","1","1","1","1","2","1","7","1","3","799230569765543938","仲","102","Female","[""坏我"",""好我"",""好她"",""坏她""]","[""弱我"",""强我"",""强她"",""弱她""]","","","","","","","","old","","","","","","","","","SRET","RJ_formal1","Fri Jan 19 2024 19:12:01 GMT+0800 (中国标准时间)","","","","","","自己","勤奋","Positive","ability","","","1","","","old","","","","",""
"2407","<p style=""position: absolute; top:calc(45%);transform: translate(-50%, -50%);text-align: center; color: white; font-size: 60px;"">勤奋</p><p style=""position:absolute; text-align: center;font-size: 25px;color:	#D3D3D3;top:calc(50% + 35%);transform: translate(-50%)"">自己按 f 键 ，朋友按 j 键</p>","j","html-keyboard-response","288","753985","0.0-7.0-9.0-2.32-0.32","5","2","5","1","1","5","3","4","4","5","5","0","0","1","2","-2","1","1","2","5","4","5","4","2","1","2","3","4","3","4","6","4","8","3","7","6","5","7","5","5","3","3","6","2","5","2","5","5","1","2","2","5","1","1","5","5","4","6","3","1","2","2","1","1","2","6","2","1","7","1","1","1","1","1","2","1","7","1","3","799230569765543938","仲","102","Female","[""坏我"",""好我"",""好她"",""坏她""]","[""弱我"",""强我"",""强她"",""弱她""]","","","","","","","","friend","","","","","","","","","SRET","RJ_formal_2","Fri Jan 19 2024 19:12:01 GMT+0800 (中国标准时间)","","","","","","","勤奋","Positive","ability","","","","","","自己","","","","",""
"null","<div style=""color:white;font-size:80px;line-height:5px;position:absolute;top:calc(50%); transform: translate(-50%, -50%)"">+</div>","null","html-keyboard-response","289","754492","0.0-7.0-9.0-0.33","5","2","5","1","1","5","3","4","4","5","5","0","0","1","2","-2","1","1","2","5","4","5","4","2","1","2","3","4","3","4","6","4","8","3","7","6","5","7","5","5","3","3","6","2","5","2","5","5","1","2","2","5","1","1","5","5","4","6","3","1","2","2","1","1","2","6","2","1","7","1","1","1","1","1","2","1","7","1","3","799230569765543938","仲","102","Female","[""坏我"",""好我"",""好她"",""坏她""]","[""弱我"",""强我"",""强她"",""弱她""]","","","","","","","","","","","","","","","","","","","","","","","","","","","","","","","","","","","","","","",""
"786","<p style=""position: absolute; top:calc(45%);;transform: translate(-50%, -50%);text-align: center; color: white; font-size: 60px;"">贪污</p><p style=""position:absolute; text-align: center;color:	#D3D3D3;font-size: 25px;top:calc(50% + 35%);transform: translate(-50%)"">新词按 “1” ，熟悉按 “2” ，旧词按 “3”</p>","1","html-keyboard-response","290","755279","0.0-7.0-9.0-1.33","5","2","5","1","1","5","3","4","4","5","5","0","0","1","2","-2","1","1","2","5","4","5","4","2","1","2","3","4","3","4","6","4","8","3","7","6","5","7","5","5","3","3","6","2","5","2","5","5","1","2","2","5","1","1","5","5","4","6","3","1","2","2","1","1","2","6","2","1","7","1","1","1","1","1","2","1","7","1","3","799230569765543938","仲","102","Female","[""坏我"",""好我"",""好她"",""坏她""]","[""弱我"",""强我"",""强她"",""弱她""]","","","","","","","","new","","","","","","","","","SRET","RJ_formal1","Fri Jan 19 2024 19:12:01 GMT+0800 (中国标准时间)","","","","","","自己","贪污","Negative","morality","","","0","","","old","","","","",""
"null","<div style=""color:white;font-size:80px;line-height:5px;position:absolute;top:calc(50%); transform: translate(-50%, -50%)"">+</div>","null","html-keyboard-response","291","755782","0.0-7.0-9.0-0.34","5","2","5","1","1","5","3","4","4","5","5","0","0","1","2","-2","1","1","2","5","4","5","4","2","1","2","3","4","3","4","6","4","8","3","7","6","5","7","5","5","3","3","6","2","5","2","5","5","1","2","2","5","1","1","5","5","4","6","3","1","2","2","1","1","2","6","2","1","7","1","1","1","1","1","2","1","7","1","3","799230569765543938","仲","102","Female","[""坏我"",""好我"",""好她"",""坏她""]","[""弱我"",""强我"",""强她"",""弱她""]","","","","","","","","","","","","","","","","","","","","","","","","","","","","","","","","","","","","","","",""
"3922","<p style=""position: absolute; top:calc(45%);;transform: translate(-50%, -50%);text-align: center; color: white; font-size: 60px;"">窝囊</p><p style=""position:absolute; text-align: center;color:	#D3D3D3;font-size: 25px;top:calc(50% + 35%);transform: translate(-50%)"">新词按 “1” ，熟悉按 “2” ，旧词按 “3”</p>","3","html-keyboard-response","292","759704","0.0-7.0-9.0-1.34","5","2","5","1","1","5","3","4","4","5","5","0","0","1","2","-2","1","1","2","5","4","5","4","2","1","2","3","4","3","4","6","4","8","3","7","6","5","7","5","5","3","3","6","2","5","2","5","5","1","2","2","5","1","1","5","5","4","6","3","1","2","2","1","1","2","6","2","1","7","1","1","1","1","1","2","1","7","1","3","799230569765543938","仲","102","Female","[""坏我"",""好我"",""好她"",""坏她""]","[""弱我"",""强我"",""强她"",""弱她""]","","","","","","","","old","","","","","","","","","SRET","RJ_formal1","Fri Jan 19 2024 19:12:01 GMT+0800 (中国标准时间)","","","","","","自己","窝囊","Negative","ability","","","1","","","old","","","","",""
"343","<p style=""position: absolute; top:calc(45%);transform: translate(-50%, -50%);text-align: center; color: white; font-size: 60px;"">窝囊</p><p style=""position:absolute; text-align: center;font-size: 25px;color:	#D3D3D3;top:calc(50% + 35%);transform: translate(-50%)"">自己按 f 键 ，朋友按 j 键</p>","f","html-keyboard-response","293","760049","0.0-7.0-9.0-2.34-0.34","5","2","5","1","1","5","3","4","4","5","5","0","0","1","2","-2","1","1","2","5","4","5","4","2","1","2","3","4","3","4","6","4","8","3","7","6","5","7","5","5","3","3","6","2","5","2","5","5","1","2","2","5","1","1","5","5","4","6","3","1","2","2","1","1","2","6","2","1","7","1","1","1","1","1","2","1","7","1","3","799230569765543938","仲","102","Female","[""坏我"",""好我"",""好她"",""坏她""]","[""弱我"",""强我"",""强她"",""弱她""]","","","","","","","","self","","","","","","","","","SRET","RJ_formal_2","Fri Jan 19 2024 19:12:01 GMT+0800 (中国标准时间)","","","","","","","窝囊","Negative","ability","","","","","","自己","","","","",""
"null","<div style=""color:white;font-size:80px;line-height:5px;position:absolute;top:calc(50%); transform: translate(-50%, -50%)"">+</div>","null","html-keyboard-response","294","760554","0.0-7.0-9.0-0.35","5","2","5","1","1","5","3","4","4","5","5","0","0","1","2","-2","1","1","2","5","4","5","4","2","1","2","3","4","3","4","6","4","8","3","7","6","5","7","5","5","3","3","6","2","5","2","5","5","1","2","2","5","1","1","5","5","4","6","3","1","2","2","1","1","2","6","2","1","7","1","1","1","1","1","2","1","7","1","3","799230569765543938","仲","102","Female","[""坏我"",""好我"",""好她"",""坏她""]","[""弱我"",""强我"",""强她"",""弱她""]","","","","","","","","","","","","","","","","","","","","","","","","","","","","","","","","","","","","","","",""
"1003","<p style=""position: absolute; top:calc(45%);;transform: translate(-50%, -50%);text-align: center; color: white; font-size: 60px;"">诡诈</p><p style=""position:absolute; text-align: center;color:	#D3D3D3;font-size: 25px;top:calc(50% + 35%);transform: translate(-50%)"">新词按 “1” ，熟悉按 “2” ，旧词按 “3”</p>","1","html-keyboard-response","295","761558","0.0-7.0-9.0-1.35","5","2","5","1","1","5","3","4","4","5","5","0","0","1","2","-2","1","1","2","5","4","5","4","2","1","2","3","4","3","4","6","4","8","3","7","6","5","7","5","5","3","3","6","2","5","2","5","5","1","2","2","5","1","1","5","5","4","6","3","1","2","2","1","1","2","6","2","1","7","1","1","1","1","1","2","1","7","1","3","799230569765543938","仲","102","Female","[""坏我"",""好我"",""好她"",""坏她""]","[""弱我"",""强我"",""强她"",""弱她""]","","","","","","","","new","","","","","","","","","SRET","RJ_formal1","Fri Jan 19 2024 19:12:01 GMT+0800 (中国标准时间)","","","","","","朋友","诡诈","Negative","morality","","","0","","","old","","","","",""
"null","<div style=""color:white;font-size:80px;line-height:5px;position:absolute;top:calc(50%); transform: translate(-50%, -50%)"">+</div>","null","html-keyboard-response","296","762060","0.0-7.0-9.0-0.36","5","2","5","1","1","5","3","4","4","5","5","0","0","1","2","-2","1","1","2","5","4","5","4","2","1","2","3","4","3","4","6","4","8","3","7","6","5","7","5","5","3","3","6","2","5","2","5","5","1","2","2","5","1","1","5","5","4","6","3","1","2","2","1","1","2","6","2","1","7","1","1","1","1","1","2","1","7","1","3","799230569765543938","仲","102","Female","[""坏我"",""好我"",""好她"",""坏她""]","[""弱我"",""强我"",""强她"",""弱她""]","","","","","","","","","","","","","","","","","","","","","","","","","","","","","","","","","","","","","","",""
"686","<p style=""position: absolute; top:calc(45%);;transform: translate(-50%, -50%);text-align: center; color: white; font-size: 60px;"">蛇蝎</p><p style=""position:absolute; text-align: center;color:	#D3D3D3;font-size: 25px;top:calc(50% + 35%);transform: translate(-50%)"">新词按 “1” ，熟悉按 “2” ，旧词按 “3”</p>","1","html-keyboard-response","297","762747","0.0-7.0-9.0-1.36","5","2","5","1","1","5","3","4","4","5","5","0","0","1","2","-2","1","1","2","5","4","5","4","2","1","2","3","4","3","4","6","4","8","3","7","6","5","7","5","5","3","3","6","2","5","2","5","5","1","2","2","5","1","1","5","5","4","6","3","1","2","2","1","1","2","6","2","1","7","1","1","1","1","1","2","1","7","1","3","799230569765543938","仲","102","Female","[""坏我"",""好我"",""好她"",""坏她""]","[""弱我"",""强我"",""强她"",""弱她""]","","","","","","","","new","","","","","","","","","SRET","RJ_formal1","Fri Jan 19 2024 19:12:01 GMT+0800 (中国标准时间)","","","","","","NA","蛇蝎","Negative","morality","","","1","","","new","","","","",""
"null","<div style=""color:white;font-size:80px;line-height:5px;position:absolute;top:calc(50%); transform: translate(-50%, -50%)"">+</div>","null","html-keyboard-response","298","763254","0.0-7.0-9.0-0.37","5","2","5","1","1","5","3","4","4","5","5","0","0","1","2","-2","1","1","2","5","4","5","4","2","1","2","3","4","3","4","6","4","8","3","7","6","5","7","5","5","3","3","6","2","5","2","5","5","1","2","2","5","1","1","5","5","4","6","3","1","2","2","1","1","2","6","2","1","7","1","1","1","1","1","2","1","7","1","3","799230569765543938","仲","102","Female","[""坏我"",""好我"",""好她"",""坏她""]","[""弱我"",""强我"",""强她"",""弱她""]","","","","","","","","","","","","","","","","","","","","","","","","","","","","","","","","","","","","","","",""
"4903","<p style=""position: absolute; top:calc(45%);;transform: translate(-50%, -50%);text-align: center; color: white; font-size: 60px;"">奉献</p><p style=""position:absolute; text-align: center;color:	#D3D3D3;font-size: 25px;top:calc(50% + 35%);transform: translate(-50%)"">新词按 “1” ，熟悉按 “2” ，旧词按 “3”</p>","2","html-keyboard-response","299","768157","0.0-7.0-9.0-1.37","5","2","5","1","1","5","3","4","4","5","5","0","0","1","2","-2","1","1","2","5","4","5","4","2","1","2","3","4","3","4","6","4","8","3","7","6","5","7","5","5","3","3","6","2","5","2","5","5","1","2","2","5","1","1","5","5","4","6","3","1","2","2","1","1","2","6","2","1","7","1","1","1","1","1","2","1","7","1","3","799230569765543938","仲","102","Female","[""坏我"",""好我"",""好她"",""坏她""]","[""弱我"",""强我"",""强她"",""弱她""]","","","","","","","","familiar","","","","","","","","","SRET","RJ_formal1","Fri Jan 19 2024 19:12:01 GMT+0800 (中国标准时间)","","","","","","朋友","奉献","Positive","morality","","","1","","","old","","","","",""
"1065","<p style=""position: absolute; top:calc(45%);transform: translate(-50%, -50%);text-align: center; color: white; font-size: 60px;"">奉献</p><p style=""position:absolute; text-align: center;font-size: 25px;color:	#D3D3D3;top:calc(50% + 35%);transform: translate(-50%)"">自己按 f 键 ，朋友按 j 键</p>","j","html-keyboard-response","300","769223","0.0-7.0-9.0-2.37-0.37","5","2","5","1","1","5","3","4","4","5","5","0","0","1","2","-2","1","1","2","5","4","5","4","2","1","2","3","4","3","4","6","4","8","3","7","6","5","7","5","5","3","3","6","2","5","2","5","5","1","2","2","5","1","1","5","5","4","6","3","1","2","2","1","1","2","6","2","1","7","1","1","1","1","1","2","1","7","1","3","799230569765543938","仲","102","Female","[""坏我"",""好我"",""好她"",""坏她""]","[""弱我"",""强我"",""强她"",""弱她""]","","","","","","","","friend","","","","","","","","","SRET","RJ_formal_2","Fri Jan 19 2024 19:12:01 GMT+0800 (中国标准时间)","","","","","","","奉献","Positive","morality","","","","","","朋友","","","","",""
"null","<div style=""color:white;font-size:80px;line-height:5px;position:absolute;top:calc(50%); transform: translate(-50%, -50%)"">+</div>","null","html-keyboard-response","301","769728","0.0-7.0-9.0-0.38","5","2","5","1","1","5","3","4","4","5","5","0","0","1","2","-2","1","1","2","5","4","5","4","2","1","2","3","4","3","4","6","4","8","3","7","6","5","7","5","5","3","3","6","2","5","2","5","5","1","2","2","5","1","1","5","5","4","6","3","1","2","2","1","1","2","6","2","1","7","1","1","1","1","1","2","1","7","1","3","799230569765543938","仲","102","Female","[""坏我"",""好我"",""好她"",""坏她""]","[""弱我"",""强我"",""强她"",""弱她""]","","","","","","","","","","","","","","","","","","","","","","","","","","","","","","","","","","","","","","",""
"3651","<p style=""position: absolute; top:calc(45%);;transform: translate(-50%, -50%);text-align: center; color: white; font-size: 60px;"">忠诚</p><p style=""position:absolute; text-align: center;color:	#D3D3D3;font-size: 25px;top:calc(50% + 35%);transform: translate(-50%)"">新词按 “1” ，熟悉按 “2” ，旧词按 “3”</p>","1","html-keyboard-response","302","773381","0.0-7.0-9.0-1.38","5","2","5","1","1","5","3","4","4","5","5","0","0","1","2","-2","1","1","2","5","4","5","4","2","1","2","3","4","3","4","6","4","8","3","7","6","5","7","5","5","3","3","6","2","5","2","5","5","1","2","2","5","1","1","5","5","4","6","3","1","2","2","1","1","2","6","2","1","7","1","1","1","1","1","2","1","7","1","3","799230569765543938","仲","102","Female","[""坏我"",""好我"",""好她"",""坏她""]","[""弱我"",""强我"",""强她"",""弱她""]","","","","","","","","new","","","","","","","","","SRET","RJ_formal1","Fri Jan 19 2024 19:12:01 GMT+0800 (中国标准时间)","","","","","","NA","忠诚","Positive","morality","","","1","","","new","","","","",""
"null","<div style=""color:white;font-size:80px;line-height:5px;position:absolute;top:calc(50%); transform: translate(-50%, -50%)"">+</div>","null","html-keyboard-response","303","773887","0.0-7.0-9.0-0.39","5","2","5","1","1","5","3","4","4","5","5","0","0","1","2","-2","1","1","2","5","4","5","4","2","1","2","3","4","3","4","6","4","8","3","7","6","5","7","5","5","3","3","6","2","5","2","5","5","1","2","2","5","1","1","5","5","4","6","3","1","2","2","1","1","2","6","2","1","7","1","1","1","1","1","2","1","7","1","3","799230569765543938","仲","102","Female","[""坏我"",""好我"",""好她"",""坏她""]","[""弱我"",""强我"",""强她"",""弱她""]","","","","","","","","","","","","","","","","","","","","","","","","","","","","","","","","","","","","","","",""
"1785","<p style=""position: absolute; top:calc(45%);;transform: translate(-50%, -50%);text-align: center; color: white; font-size: 60px;"">善良</p><p style=""position:absolute; text-align: center;color:	#D3D3D3;font-size: 25px;top:calc(50% + 35%);transform: translate(-50%)"">新词按 “1” ，熟悉按 “2” ，旧词按 “3”</p>","3","html-keyboard-response","304","775673","0.0-7.0-9.0-1.39","5","2","5","1","1","5","3","4","4","5","5","0","0","1","2","-2","1","1","2","5","4","5","4","2","1","2","3","4","3","4","6","4","8","3","7","6","5","7","5","5","3","3","6","2","5","2","5","5","1","2","2","5","1","1","5","5","4","6","3","1","2","2","1","1","2","6","2","1","7","1","1","1","1","1","2","1","7","1","3","799230569765543938","仲","102","Female","[""坏我"",""好我"",""好她"",""坏她""]","[""弱我"",""强我"",""强她"",""弱她""]","","","","","","","","old","","","","","","","","","SRET","RJ_formal1","Fri Jan 19 2024 19:12:01 GMT+0800 (中国标准时间)","","","","","","NA","善良","Positive","morality","","","0","","","new","","","","",""
"287","<p style=""position: absolute; top:calc(45%);transform: translate(-50%, -50%);text-align: center; color: white; font-size: 60px;"">善良</p><p style=""position:absolute; text-align: center;font-size: 25px;color:	#D3D3D3;top:calc(50% + 35%);transform: translate(-50%)"">自己按 f 键 ，朋友按 j 键</p>","f","html-keyboard-response","305","775961","0.0-7.0-9.0-2.39-0.39","5","2","5","1","1","5","3","4","4","5","5","0","0","1","2","-2","1","1","2","5","4","5","4","2","1","2","3","4","3","4","6","4","8","3","7","6","5","7","5","5","3","3","6","2","5","2","5","5","1","2","2","5","1","1","5","5","4","6","3","1","2","2","1","1","2","6","2","1","7","1","1","1","1","1","2","1","7","1","3","799230569765543938","仲","102","Female","[""坏我"",""好我"",""好她"",""坏她""]","[""弱我"",""强我"",""强她"",""弱她""]","","","","","","","","self","","","","","","","","","SRET","RJ_formal_2","Fri Jan 19 2024 19:12:01 GMT+0800 (中国标准时间)","","","","","","","善良","Positive","morality","","","","","","NA","","","","",""
"null","<div style=""color:white;font-size:80px;line-height:5px;position:absolute;top:calc(50%); transform: translate(-50%, -50%)"">+</div>","null","html-keyboard-response","306","776464","0.0-7.0-9.0-0.40","5","2","5","1","1","5","3","4","4","5","5","0","0","1","2","-2","1","1","2","5","4","5","4","2","1","2","3","4","3","4","6","4","8","3","7","6","5","7","5","5","3","3","6","2","5","2","5","5","1","2","2","5","1","1","5","5","4","6","3","1","2","2","1","1","2","6","2","1","7","1","1","1","1","1","2","1","7","1","3","799230569765543938","仲","102","Female","[""坏我"",""好我"",""好她"",""坏她""]","[""弱我"",""强我"",""强她"",""弱她""]","","","","","","","","","","","","","","","","","","","","","","","","","","","","","","","","","","","","","","",""
"4246","<p style=""position: absolute; top:calc(45%);;transform: translate(-50%, -50%);text-align: center; color: white; font-size: 60px;"">拙笨</p><p style=""position:absolute; text-align: center;color:	#D3D3D3;font-size: 25px;top:calc(50% + 35%);transform: translate(-50%)"">新词按 “1” ，熟悉按 “2” ，旧词按 “3”</p>","3","html-keyboard-response","307","780711","0.0-7.0-9.0-1.40","5","2","5","1","1","5","3","4","4","5","5","0","0","1","2","-2","1","1","2","5","4","5","4","2","1","2","3","4","3","4","6","4","8","3","7","6","5","7","5","5","3","3","6","2","5","2","5","5","1","2","2","5","1","1","5","5","4","6","3","1","2","2","1","1","2","6","2","1","7","1","1","1","1","1","2","1","7","1","3","799230569765543938","仲","102","Female","[""坏我"",""好我"",""好她"",""坏她""]","[""弱我"",""强我"",""强她"",""弱她""]","","","","","","","","old","","","","","","","","","SRET","RJ_formal1","Fri Jan 19 2024 19:12:01 GMT+0800 (中国标准时间)","","","","","","NA","拙笨","Negative","ability","","","0","","","new","","","","",""
"4262","<p style=""position: absolute; top:calc(45%);transform: translate(-50%, -50%);text-align: center; color: white; font-size: 60px;"">拙笨</p><p style=""position:absolute; text-align: center;font-size: 25px;color:	#D3D3D3;top:calc(50% + 35%);transform: translate(-50%)"">自己按 f 键 ，朋友按 j 键</p>","j","html-keyboard-response","308","784974","0.0-7.0-9.0-2.40-0.40","5","2","5","1","1","5","3","4","4","5","5","0","0","1","2","-2","1","1","2","5","4","5","4","2","1","2","3","4","3","4","6","4","8","3","7","6","5","7","5","5","3","3","6","2","5","2","5","5","1","2","2","5","1","1","5","5","4","6","3","1","2","2","1","1","2","6","2","1","7","1","1","1","1","1","2","1","7","1","3","799230569765543938","仲","102","Female","[""坏我"",""好我"",""好她"",""坏她""]","[""弱我"",""强我"",""强她"",""弱她""]","","","","","","","","friend","","","","","","","","","SRET","RJ_formal_2","Fri Jan 19 2024 19:12:01 GMT+0800 (中国标准时间)","","","","","","","拙笨","Negative","ability","","","","","","NA","","","","",""
"null","<div style=""color:white;font-size:80px;line-height:5px;position:absolute;top:calc(50%); transform: translate(-50%, -50%)"">+</div>","null","html-keyboard-response","309","785480","0.0-7.0-9.0-0.41","5","2","5","1","1","5","3","4","4","5","5","0","0","1","2","-2","1","1","2","5","4","5","4","2","1","2","3","4","3","4","6","4","8","3","7","6","5","7","5","5","3","3","6","2","5","2","5","5","1","2","2","5","1","1","5","5","4","6","3","1","2","2","1","1","2","6","2","1","7","1","1","1","1","1","2","1","7","1","3","799230569765543938","仲","102","Female","[""坏我"",""好我"",""好她"",""坏她""]","[""弱我"",""强我"",""强她"",""弱她""]","","","","","","","","","","","","","","","","","","","","","","","","","","","","","","","","","","","","","","",""
"771","<p style=""position: absolute; top:calc(45%);;transform: translate(-50%, -50%);text-align: center; color: white; font-size: 60px;"">细心</p><p style=""position:absolute; text-align: center;color:	#D3D3D3;font-size: 25px;top:calc(50% + 35%);transform: translate(-50%)"">新词按 “1” ，熟悉按 “2” ，旧词按 “3”</p>","1","html-keyboard-response","310","786252","0.0-7.0-9.0-1.41","5","2","5","1","1","5","3","4","4","5","5","0","0","1","2","-2","1","1","2","5","4","5","4","2","1","2","3","4","3","4","6","4","8","3","7","6","5","7","5","5","3","3","6","2","5","2","5","5","1","2","2","5","1","1","5","5","4","6","3","1","2","2","1","1","2","6","2","1","7","1","1","1","1","1","2","1","7","1","3","799230569765543938","仲","102","Female","[""坏我"",""好我"",""好她"",""坏她""]","[""弱我"",""强我"",""强她"",""弱她""]","","","","","","","","new","","","","","","","","","SRET","RJ_formal1","Fri Jan 19 2024 19:12:01 GMT+0800 (中国标准时间)","","","","","","自己","细心","Positive","ability","","","0","","","old","","","","",""
"null","<div style=""color:white;font-size:80px;line-height:5px;position:absolute;top:calc(50%); transform: translate(-50%, -50%)"">+</div>","null","html-keyboard-response","311","786760","0.0-7.0-9.0-0.42","5","2","5","1","1","5","3","4","4","5","5","0","0","1","2","-2","1","1","2","5","4","5","4","2","1","2","3","4","3","4","6","4","8","3","7","6","5","7","5","5","3","3","6","2","5","2","5","5","1","2","2","5","1","1","5","5","4","6","3","1","2","2","1","1","2","6","2","1","7","1","1","1","1","1","2","1","7","1","3","799230569765543938","仲","102","Female","[""坏我"",""好我"",""好她"",""坏她""]","[""弱我"",""强我"",""强她"",""弱她""]","","","","","","","","","","","","","","","","","","","","","","","","","","","","","","","","","","","","","","",""
"704","<p style=""position: absolute; top:calc(45%);;transform: translate(-50%, -50%);text-align: center; color: white; font-size: 60px;"">依靠</p><p style=""position:absolute; text-align: center;color:	#D3D3D3;font-size: 25px;top:calc(50% + 35%);transform: translate(-50%)"">新词按 “1” ，熟悉按 “2” ，旧词按 “3”</p>","1","html-keyboard-response","312","787464","0.0-7.0-9.0-1.42","5","2","5","1","1","5","3","4","4","5","5","0","0","1","2","-2","1","1","2","5","4","5","4","2","1","2","3","4","3","4","6","4","8","3","7","6","5","7","5","5","3","3","6","2","5","2","5","5","1","2","2","5","1","1","5","5","4","6","3","1","2","2","1","1","2","6","2","1","7","1","1","1","1","1","2","1","7","1","3","799230569765543938","仲","102","Female","[""坏我"",""好我"",""好她"",""坏她""]","[""弱我"",""强我"",""强她"",""弱她""]","","","","","","","","new","","","","","","","","","SRET","RJ_formal1","Fri Jan 19 2024 19:12:01 GMT+0800 (中国标准时间)","","","","","","NA","依靠","Negative","ability","","","1","","","new","","","","",""
"null","<div style=""color:white;font-size:80px;line-height:5px;position:absolute;top:calc(50%); transform: translate(-50%, -50%)"">+</div>","null","html-keyboard-response","313","787970","0.0-7.0-9.0-0.43","5","2","5","1","1","5","3","4","4","5","5","0","0","1","2","-2","1","1","2","5","4","5","4","2","1","2","3","4","3","4","6","4","8","3","7","6","5","7","5","5","3","3","6","2","5","2","5","5","1","2","2","5","1","1","5","5","4","6","3","1","2","2","1","1","2","6","2","1","7","1","1","1","1","1","2","1","7","1","3","799230569765543938","仲","102","Female","[""坏我"",""好我"",""好她"",""坏她""]","[""弱我"",""强我"",""强她"",""弱她""]","","","","","","","","","","","","","","","","","","","","","","","","","","","","","","","","","","","","","","",""
"2495","<p style=""position: absolute; top:calc(45%);;transform: translate(-50%, -50%);text-align: center; color: white; font-size: 60px;"">远见</p><p style=""position:absolute; text-align: center;color:	#D3D3D3;font-size: 25px;top:calc(50% + 35%);transform: translate(-50%)"">新词按 “1” ，熟悉按 “2” ，旧词按 “3”</p>","3","html-keyboard-response","314","790465","0.0-7.0-9.0-1.43","5","2","5","1","1","5","3","4","4","5","5","0","0","1","2","-2","1","1","2","5","4","5","4","2","1","2","3","4","3","4","6","4","8","3","7","6","5","7","5","5","3","3","6","2","5","2","5","5","1","2","2","5","1","1","5","5","4","6","3","1","2","2","1","1","2","6","2","1","7","1","1","1","1","1","2","1","7","1","3","799230569765543938","仲","102","Female","[""坏我"",""好我"",""好她"",""坏她""]","[""弱我"",""强我"",""强她"",""弱她""]","","","","","","","","old","","","","","","","","","SRET","RJ_formal1","Fri Jan 19 2024 19:12:01 GMT+0800 (中国标准时间)","","","","","","朋友","远见","Positive","ability","","","1","","","old","","","","",""
"322","<p style=""position: absolute; top:calc(45%);transform: translate(-50%, -50%);text-align: center; color: white; font-size: 60px;"">远见</p><p style=""position:absolute; text-align: center;font-size: 25px;color:	#D3D3D3;top:calc(50% + 35%);transform: translate(-50%)"">自己按 f 键 ，朋友按 j 键</p>","j","html-keyboard-response","315","790790","0.0-7.0-9.0-2.43-0.43","5","2","5","1","1","5","3","4","4","5","5","0","0","1","2","-2","1","1","2","5","4","5","4","2","1","2","3","4","3","4","6","4","8","3","7","6","5","7","5","5","3","3","6","2","5","2","5","5","1","2","2","5","1","1","5","5","4","6","3","1","2","2","1","1","2","6","2","1","7","1","1","1","1","1","2","1","7","1","3","799230569765543938","仲","102","Female","[""坏我"",""好我"",""好她"",""坏她""]","[""弱我"",""强我"",""强她"",""弱她""]","","","","","","","","friend","","","","","","","","","SRET","RJ_formal_2","Fri Jan 19 2024 19:12:01 GMT+0800 (中国标准时间)","","","","","","","远见","Positive","ability","","","","","","朋友","","","","",""
"null","<div style=""color:white;font-size:80px;line-height:5px;position:absolute;top:calc(50%); transform: translate(-50%, -50%)"">+</div>","null","html-keyboard-response","316","791293","0.0-7.0-9.0-0.44","5","2","5","1","1","5","3","4","4","5","5","0","0","1","2","-2","1","1","2","5","4","5","4","2","1","2","3","4","3","4","6","4","8","3","7","6","5","7","5","5","3","3","6","2","5","2","5","5","1","2","2","5","1","1","5","5","4","6","3","1","2","2","1","1","2","6","2","1","7","1","1","1","1","1","2","1","7","1","3","799230569765543938","仲","102","Female","[""坏我"",""好我"",""好她"",""坏她""]","[""弱我"",""强我"",""强她"",""弱她""]","","","","","","","","","","","","","","","","","","","","","","","","","","","","","","","","","","","","","","",""
"1044","<p style=""position: absolute; top:calc(45%);;transform: translate(-50%, -50%);text-align: center; color: white; font-size: 60px;"">粗心</p><p style=""position:absolute; text-align: center;color:	#D3D3D3;font-size: 25px;top:calc(50% + 35%);transform: translate(-50%)"">新词按 “1” ，熟悉按 “2” ，旧词按 “3”</p>","1","html-keyboard-response","317","792338","0.0-7.0-9.0-1.44","5","2","5","1","1","5","3","4","4","5","5","0","0","1","2","-2","1","1","2","5","4","5","4","2","1","2","3","4","3","4","6","4","8","3","7","6","5","7","5","5","3","3","6","2","5","2","5","5","1","2","2","5","1","1","5","5","4","6","3","1","2","2","1","1","2","6","2","1","7","1","1","1","1","1","2","1","7","1","3","799230569765543938","仲","102","Female","[""坏我"",""好我"",""好她"",""坏她""]","[""弱我"",""强我"",""强她"",""弱她""]","","","","","","","","new","","","","","","","","","SRET","RJ_formal1","Fri Jan 19 2024 19:12:01 GMT+0800 (中国标准时间)","","","","","","NA","粗心","Negative","ability","","","1","","","new","","","","",""
"null","<div style=""color:white;font-size:80px;line-height:5px;position:absolute;top:calc(50%); transform: translate(-50%, -50%)"">+</div>","null","html-keyboard-response","318","792840","0.0-7.0-9.0-0.45","5","2","5","1","1","5","3","4","4","5","5","0","0","1","2","-2","1","1","2","5","4","5","4","2","1","2","3","4","3","4","6","4","8","3","7","6","5","7","5","5","3","3","6","2","5","2","5","5","1","2","2","5","1","1","5","5","4","6","3","1","2","2","1","1","2","6","2","1","7","1","1","1","1","1","2","1","7","1","3","799230569765543938","仲","102","Female","[""坏我"",""好我"",""好她"",""坏她""]","[""弱我"",""强我"",""强她"",""弱她""]","","","","","","","","","","","","","","","","","","","","","","","","","","","","","","","","","","","","","","",""
"5012","<p style=""position: absolute; top:calc(45%);;transform: translate(-50%, -50%);text-align: center; color: white; font-size: 60px;"">驽钝</p><p style=""position:absolute; text-align: center;color:	#D3D3D3;font-size: 25px;top:calc(50% + 35%);transform: translate(-50%)"">新词按 “1” ，熟悉按 “2” ，旧词按 “3”</p>","3","html-keyboard-response","319","797853","0.0-7.0-9.0-1.45","5","2","5","1","1","5","3","4","4","5","5","0","0","1","2","-2","1","1","2","5","4","5","4","2","1","2","3","4","3","4","6","4","8","3","7","6","5","7","5","5","3","3","6","2","5","2","5","5","1","2","2","5","1","1","5","5","4","6","3","1","2","2","1","1","2","6","2","1","7","1","1","1","1","1","2","1","7","1","3","799230569765543938","仲","102","Female","[""坏我"",""好我"",""好她"",""坏她""]","[""弱我"",""强我"",""强她"",""弱她""]","","","","","","","","old","","","","","","","","","SRET","RJ_formal1","Fri Jan 19 2024 19:12:01 GMT+0800 (中国标准时间)","","","","","","朋友","驽钝","Negative","ability","","","1","","","old","","","","",""
"263","<p style=""position: absolute; top:calc(45%);transform: translate(-50%, -50%);text-align: center; color: white; font-size: 60px;"">驽钝</p><p style=""position:absolute; text-align: center;font-size: 25px;color:	#D3D3D3;top:calc(50% + 35%);transform: translate(-50%)"">自己按 f 键 ，朋友按 j 键</p>","f","html-keyboard-response","320","798118","0.0-7.0-9.0-2.45-0.45","5","2","5","1","1","5","3","4","4","5","5","0","0","1","2","-2","1","1","2","5","4","5","4","2","1","2","3","4","3","4","6","4","8","3","7","6","5","7","5","5","3","3","6","2","5","2","5","5","1","2","2","5","1","1","5","5","4","6","3","1","2","2","1","1","2","6","2","1","7","1","1","1","1","1","2","1","7","1","3","799230569765543938","仲","102","Female","[""坏我"",""好我"",""好她"",""坏她""]","[""弱我"",""强我"",""强她"",""弱她""]","","","","","","","","self","","","","","","","","","SRET","RJ_formal_2","Fri Jan 19 2024 19:12:01 GMT+0800 (中国标准时间)","","","","","","","驽钝","Negative","ability","","","","","","朋友","","","","",""
"null","<div style=""color:white;font-size:80px;line-height:5px;position:absolute;top:calc(50%); transform: translate(-50%, -50%)"">+</div>","null","html-keyboard-response","321","798623","0.0-7.0-9.0-0.46","5","2","5","1","1","5","3","4","4","5","5","0","0","1","2","-2","1","1","2","5","4","5","4","2","1","2","3","4","3","4","6","4","8","3","7","6","5","7","5","5","3","3","6","2","5","2","5","5","1","2","2","5","1","1","5","5","4","6","3","1","2","2","1","1","2","6","2","1","7","1","1","1","1","1","2","1","7","1","3","799230569765543938","仲","102","Female","[""坏我"",""好我"",""好她"",""坏她""]","[""弱我"",""强我"",""强她"",""弱她""]","","","","","","","","","","","","","","","","","","","","","","","","","","","","","","","","","","","","","","",""
"2413","<p style=""position: absolute; top:calc(45%);;transform: translate(-50%, -50%);text-align: center; color: white; font-size: 60px;"">愚蠢</p><p style=""position:absolute; text-align: center;color:	#D3D3D3;font-size: 25px;top:calc(50% + 35%);transform: translate(-50%)"">新词按 “1” ，熟悉按 “2” ，旧词按 “3”</p>","2","html-keyboard-response","322","801037","0.0-7.0-9.0-1.46","5","2","5","1","1","5","3","4","4","5","5","0","0","1","2","-2","1","1","2","5","4","5","4","2","1","2","3","4","3","4","6","4","8","3","7","6","5","7","5","5","3","3","6","2","5","2","5","5","1","2","2","5","1","1","5","5","4","6","3","1","2","2","1","1","2","6","2","1","7","1","1","1","1","1","2","1","7","1","3","799230569765543938","仲","102","Female","[""坏我"",""好我"",""好她"",""坏她""]","[""弱我"",""强我"",""强她"",""弱她""]","","","","","","","","familiar","","","","","","","","","SRET","RJ_formal1","Fri Jan 19 2024 19:12:01 GMT+0800 (中国标准时间)","","","","","","自己","愚蠢","Negative","ability","","","1","","","old","","","","",""
"1433","<p style=""position: absolute; top:calc(45%);transform: translate(-50%, -50%);text-align: center; color: white; font-size: 60px;"">愚蠢</p><p style=""position:absolute; text-align: center;font-size: 25px;color:	#D3D3D3;top:calc(50% + 35%);transform: translate(-50%)"">自己按 f 键 ，朋友按 j 键</p>","f","html-keyboard-response","323","802472","0.0-7.0-9.0-2.46-0.46","5","2","5","1","1","5","3","4","4","5","5","0","0","1","2","-2","1","1","2","5","4","5","4","2","1","2","3","4","3","4","6","4","8","3","7","6","5","7","5","5","3","3","6","2","5","2","5","5","1","2","2","5","1","1","5","5","4","6","3","1","2","2","1","1","2","6","2","1","7","1","1","1","1","1","2","1","7","1","3","799230569765543938","仲","102","Female","[""坏我"",""好我"",""好她"",""坏她""]","[""弱我"",""强我"",""强她"",""弱她""]","","","","","","","","self","","","","","","","","","SRET","RJ_formal_2","Fri Jan 19 2024 19:12:01 GMT+0800 (中国标准时间)","","","","","","","愚蠢","Negative","ability","","","","","","自己","","","","",""
"null","<div style=""color:white;font-size:80px;line-height:5px;position:absolute;top:calc(50%); transform: translate(-50%, -50%)"">+</div>","null","html-keyboard-response","324","802981","0.0-7.0-9.0-0.47","5","2","5","1","1","5","3","4","4","5","5","0","0","1","2","-2","1","1","2","5","4","5","4","2","1","2","3","4","3","4","6","4","8","3","7","6","5","7","5","5","3","3","6","2","5","2","5","5","1","2","2","5","1","1","5","5","4","6","3","1","2","2","1","1","2","6","2","1","7","1","1","1","1","1","2","1","7","1","3","799230569765543938","仲","102","Female","[""坏我"",""好我"",""好她"",""坏她""]","[""弱我"",""强我"",""强她"",""弱她""]","","","","","","","","","","","","","","","","","","","","","","","","","","","","","","","","","","","","","","",""
"2777","<p style=""position: absolute; top:calc(45%);;transform: translate(-50%, -50%);text-align: center; color: white; font-size: 60px;"">诚信</p><p style=""position:absolute; text-align: center;color:	#D3D3D3;font-size: 25px;top:calc(50% + 35%);transform: translate(-50%)"">新词按 “1” ，熟悉按 “2” ，旧词按 “3”</p>","3","html-keyboard-response","325","805758","0.0-7.0-9.0-1.47","5","2","5","1","1","5","3","4","4","5","5","0","0","1","2","-2","1","1","2","5","4","5","4","2","1","2","3","4","3","4","6","4","8","3","7","6","5","7","5","5","3","3","6","2","5","2","5","5","1","2","2","5","1","1","5","5","4","6","3","1","2","2","1","1","2","6","2","1","7","1","1","1","1","1","2","1","7","1","3","799230569765543938","仲","102","Female","[""坏我"",""好我"",""好她"",""坏她""]","[""弱我"",""强我"",""强她"",""弱她""]","","","","","","","","old","","","","","","","","","SRET","RJ_formal1","Fri Jan 19 2024 19:12:01 GMT+0800 (中国标准时间)","","","","","","自己","诚信","Positive","morality","","","1","","","old","","","","",""
"267","<p style=""position: absolute; top:calc(45%);transform: translate(-50%, -50%);text-align: center; color: white; font-size: 60px;"">诚信</p><p style=""position:absolute; text-align: center;font-size: 25px;color:	#D3D3D3;top:calc(50% + 35%);transform: translate(-50%)"">自己按 f 键 ，朋友按 j 键</p>","f","html-keyboard-response","326","806026","0.0-7.0-9.0-2.47-0.47","5","2","5","1","1","5","3","4","4","5","5","0","0","1","2","-2","1","1","2","5","4","5","4","2","1","2","3","4","3","4","6","4","8","3","7","6","5","7","5","5","3","3","6","2","5","2","5","5","1","2","2","5","1","1","5","5","4","6","3","1","2","2","1","1","2","6","2","1","7","1","1","1","1","1","2","1","7","1","3","799230569765543938","仲","102","Female","[""坏我"",""好我"",""好她"",""坏她""]","[""弱我"",""强我"",""强她"",""弱她""]","","","","","","","","self","","","","","","","","","SRET","RJ_formal_2","Fri Jan 19 2024 19:12:01 GMT+0800 (中国标准时间)","","","","","","","诚信","Positive","morality","","","","","","自己","","","","",""
"null","<div style=""color:white;font-size:80px;line-height:5px;position:absolute;top:calc(50%); transform: translate(-50%, -50%)"">+</div>","null","html-keyboard-response","327","806529","0.0-7.0-9.0-0.48","5","2","5","1","1","5","3","4","4","5","5","0","0","1","2","-2","1","1","2","5","4","5","4","2","1","2","3","4","3","4","6","4","8","3","7","6","5","7","5","5","3","3","6","2","5","2","5","5","1","2","2","5","1","1","5","5","4","6","3","1","2","2","1","1","2","6","2","1","7","1","1","1","1","1","2","1","7","1","3","799230569765543938","仲","102","Female","[""坏我"",""好我"",""好她"",""坏她""]","[""弱我"",""强我"",""强她"",""弱她""]","","","","","","","","","","","","","","","","","","","","","","","","","","","","","","","","","","","","","","",""
"715","<p style=""position: absolute; top:calc(45%);;transform: translate(-50%, -50%);text-align: center; color: white; font-size: 60px;"">迂拙</p><p style=""position:absolute; text-align: center;color:	#D3D3D3;font-size: 25px;top:calc(50% + 35%);transform: translate(-50%)"">新词按 “1” ，熟悉按 “2” ，旧词按 “3”</p>","1","html-keyboard-response","328","807245","0.0-7.0-9.0-1.48","5","2","5","1","1","5","3","4","4","5","5","0","0","1","2","-2","1","1","2","5","4","5","4","2","1","2","3","4","3","4","6","4","8","3","7","6","5","7","5","5","3","3","6","2","5","2","5","5","1","2","2","5","1","1","5","5","4","6","3","1","2","2","1","1","2","6","2","1","7","1","1","1","1","1","2","1","7","1","3","799230569765543938","仲","102","Female","[""坏我"",""好我"",""好她"",""坏她""]","[""弱我"",""强我"",""强她"",""弱她""]","","","","","","","","new","","","","","","","","","SRET","RJ_formal1","Fri Jan 19 2024 19:12:01 GMT+0800 (中国标准时间)","","","","","","NA","迂拙","Negative","ability","","","1","","","new","","","","",""
"null","<div style=""color:white;font-size:80px;line-height:5px;position:absolute;top:calc(50%); transform: translate(-50%, -50%)"">+</div>","null","html-keyboard-response","329","807754","0.0-7.0-9.0-0.49","5","2","5","1","1","5","3","4","4","5","5","0","0","1","2","-2","1","1","2","5","4","5","4","2","1","2","3","4","3","4","6","4","8","3","7","6","5","7","5","5","3","3","6","2","5","2","5","5","1","2","2","5","1","1","5","5","4","6","3","1","2","2","1","1","2","6","2","1","7","1","1","1","1","1","2","1","7","1","3","799230569765543938","仲","102","Female","[""坏我"",""好我"",""好她"",""坏她""]","[""弱我"",""强我"",""强她"",""弱她""]","","","","","","","","","","","","","","","","","","","","","","","","","","","","","","","","","","","","","","",""
"944","<p style=""position: absolute; top:calc(45%);;transform: translate(-50%, -50%);text-align: center; color: white; font-size: 60px;"">庸碌</p><p style=""position:absolute; text-align: center;color:	#D3D3D3;font-size: 25px;top:calc(50% + 35%);transform: translate(-50%)"">新词按 “1” ，熟悉按 “2” ，旧词按 “3”</p>","1","html-keyboard-response","330","808695","0.0-7.0-9.0-1.49","5","2","5","1","1","5","3","4","4","5","5","0","0","1","2","-2","1","1","2","5","4","5","4","2","1","2","3","4","3","4","6","4","8","3","7","6","5","7","5","5","3","3","6","2","5","2","5","5","1","2","2","5","1","1","5","5","4","6","3","1","2","2","1","1","2","6","2","1","7","1","1","1","1","1","2","1","7","1","3","799230569765543938","仲","102","Female","[""坏我"",""好我"",""好她"",""坏她""]","[""弱我"",""强我"",""强她"",""弱她""]","","","","","","","","new","","","","","","","","","SRET","RJ_formal1","Fri Jan 19 2024 19:12:01 GMT+0800 (中国标准时间)","","","","","","NA","庸碌","Negative","ability","","","1","","","new","","","","",""
"null","<div style=""color:white;font-size:80px;line-height:5px;position:absolute;top:calc(50%); transform: translate(-50%, -50%)"">+</div>","null","html-keyboard-response","331","809203","0.0-7.0-9.0-0.50","5","2","5","1","1","5","3","4","4","5","5","0","0","1","2","-2","1","1","2","5","4","5","4","2","1","2","3","4","3","4","6","4","8","3","7","6","5","7","5","5","3","3","6","2","5","2","5","5","1","2","2","5","1","1","5","5","4","6","3","1","2","2","1","1","2","6","2","1","7","1","1","1","1","1","2","1","7","1","3","799230569765543938","仲","102","Female","[""坏我"",""好我"",""好她"",""坏她""]","[""弱我"",""强我"",""强她"",""弱她""]","","","","","","","","","","","","","","","","","","","","","","","","","","","","","","","","","","","","","","",""
"3836","<p style=""position: absolute; top:calc(45%);;transform: translate(-50%, -50%);text-align: center; color: white; font-size: 60px;"">逞能</p><p style=""position:absolute; text-align: center;color:	#D3D3D3;font-size: 25px;top:calc(50% + 35%);transform: translate(-50%)"">新词按 “1” ，熟悉按 “2” ，旧词按 “3”</p>","1","html-keyboard-response","332","813040","0.0-7.0-9.0-1.50","5","2","5","1","1","5","3","4","4","5","5","0","0","1","2","-2","1","1","2","5","4","5","4","2","1","2","3","4","3","4","6","4","8","3","7","6","5","7","5","5","3","3","6","2","5","2","5","5","1","2","2","5","1","1","5","5","4","6","3","1","2","2","1","1","2","6","2","1","7","1","1","1","1","1","2","1","7","1","3","799230569765543938","仲","102","Female","[""坏我"",""好我"",""好她"",""坏她""]","[""弱我"",""强我"",""强她"",""弱她""]","","","","","","","","new","","","","","","","","","SRET","RJ_formal1","Fri Jan 19 2024 19:12:01 GMT+0800 (中国标准时间)","","","","","","NA","逞能","Negative","ability","","","1","","","new","","","","",""
"null","<div style=""color:white;font-size:80px;line-height:5px;position:absolute;top:calc(50%); transform: translate(-50%, -50%)"">+</div>","null","html-keyboard-response","333","813546","0.0-7.0-9.0-0.51","5","2","5","1","1","5","3","4","4","5","5","0","0","1","2","-2","1","1","2","5","4","5","4","2","1","2","3","4","3","4","6","4","8","3","7","6","5","7","5","5","3","3","6","2","5","2","5","5","1","2","2","5","1","1","5","5","4","6","3","1","2","2","1","1","2","6","2","1","7","1","1","1","1","1","2","1","7","1","3","799230569765543938","仲","102","Female","[""坏我"",""好我"",""好她"",""坏她""]","[""弱我"",""强我"",""强她"",""弱她""]","","","","","","","","","","","","","","","","","","","","","","","","","","","","","","","","","","","","","","",""
"716","<p style=""position: absolute; top:calc(45%);;transform: translate(-50%, -50%);text-align: center; color: white; font-size: 60px;"">屈才</p><p style=""position:absolute; text-align: center;color:	#D3D3D3;font-size: 25px;top:calc(50% + 35%);transform: translate(-50%)"">新词按 “1” ，熟悉按 “2” ，旧词按 “3”</p>","1","html-keyboard-response","334","814263","0.0-7.0-9.0-1.51","5","2","5","1","1","5","3","4","4","5","5","0","0","1","2","-2","1","1","2","5","4","5","4","2","1","2","3","4","3","4","6","4","8","3","7","6","5","7","5","5","3","3","6","2","5","2","5","5","1","2","2","5","1","1","5","5","4","6","3","1","2","2","1","1","2","6","2","1","7","1","1","1","1","1","2","1","7","1","3","799230569765543938","仲","102","Female","[""坏我"",""好我"",""好她"",""坏她""]","[""弱我"",""强我"",""强她"",""弱她""]","","","","","","","","new","","","","","","","","","SRET","RJ_formal1","Fri Jan 19 2024 19:12:01 GMT+0800 (中国标准时间)","","","","","","NA","屈才","Negative","ability","","","1","","","new","","","","",""
"null","<div style=""color:white;font-size:80px;line-height:5px;position:absolute;top:calc(50%); transform: translate(-50%, -50%)"">+</div>","null","html-keyboard-response","335","814771","0.0-7.0-9.0-0.52","5","2","5","1","1","5","3","4","4","5","5","0","0","1","2","-2","1","1","2","5","4","5","4","2","1","2","3","4","3","4","6","4","8","3","7","6","5","7","5","5","3","3","6","2","5","2","5","5","1","2","2","5","1","1","5","5","4","6","3","1","2","2","1","1","2","6","2","1","7","1","1","1","1","1","2","1","7","1","3","799230569765543938","仲","102","Female","[""坏我"",""好我"",""好她"",""坏她""]","[""弱我"",""强我"",""强她"",""弱她""]","","","","","","","","","","","","","","","","","","","","","","","","","","","","","","","","","","","","","","",""
"974","<p style=""position: absolute; top:calc(45%);;transform: translate(-50%, -50%);text-align: center; color: white; font-size: 60px;"">不仁</p><p style=""position:absolute; text-align: center;color:	#D3D3D3;font-size: 25px;top:calc(50% + 35%);transform: translate(-50%)"">新词按 “1” ，熟悉按 “2” ，旧词按 “3”</p>","1","html-keyboard-response","336","815746","0.0-7.0-9.0-1.52","5","2","5","1","1","5","3","4","4","5","5","0","0","1","2","-2","1","1","2","5","4","5","4","2","1","2","3","4","3","4","6","4","8","3","7","6","5","7","5","5","3","3","6","2","5","2","5","5","1","2","2","5","1","1","5","5","4","6","3","1","2","2","1","1","2","6","2","1","7","1","1","1","1","1","2","1","7","1","3","799230569765543938","仲","102","Female","[""坏我"",""好我"",""好她"",""坏她""]","[""弱我"",""强我"",""强她"",""弱她""]","","","","","","","","new","","","","","","","","","SRET","RJ_formal1","Fri Jan 19 2024 19:12:01 GMT+0800 (中国标准时间)","","","","","","自己","不仁","Negative","morality","","","0","","","old","","","","",""
"null","<div style=""color:white;font-size:80px;line-height:5px;position:absolute;top:calc(50%); transform: translate(-50%, -50%)"">+</div>","null","html-keyboard-response","337","816254","0.0-7.0-9.0-0.53","5","2","5","1","1","5","3","4","4","5","5","0","0","1","2","-2","1","1","2","5","4","5","4","2","1","2","3","4","3","4","6","4","8","3","7","6","5","7","5","5","3","3","6","2","5","2","5","5","1","2","2","5","1","1","5","5","4","6","3","1","2","2","1","1","2","6","2","1","7","1","1","1","1","1","2","1","7","1","3","799230569765543938","仲","102","Female","[""坏我"",""好我"",""好她"",""坏她""]","[""弱我"",""强我"",""强她"",""弱她""]","","","","","","","","","","","","","","","","","","","","","","","","","","","","","","","","","","","","","","",""
"1377","<p style=""position: absolute; top:calc(45%);;transform: translate(-50%, -50%);text-align: center; color: white; font-size: 60px;"">刻苦</p><p style=""position:absolute; text-align: center;color:	#D3D3D3;font-size: 25px;top:calc(50% + 35%);transform: translate(-50%)"">新词按 “1” ，熟悉按 “2” ，旧词按 “3”</p>","1","html-keyboard-response","338","817632","0.0-7.0-9.0-1.53","5","2","5","1","1","5","3","4","4","5","5","0","0","1","2","-2","1","1","2","5","4","5","4","2","1","2","3","4","3","4","6","4","8","3","7","6","5","7","5","5","3","3","6","2","5","2","5","5","1","2","2","5","1","1","5","5","4","6","3","1","2","2","1","1","2","6","2","1","7","1","1","1","1","1","2","1","7","1","3","799230569765543938","仲","102","Female","[""坏我"",""好我"",""好她"",""坏她""]","[""弱我"",""强我"",""强她"",""弱她""]","","","","","","","","new","","","","","","","","","SRET","RJ_formal1","Fri Jan 19 2024 19:12:01 GMT+0800 (中国标准时间)","","","","","","NA","刻苦","Positive","ability","","","1","","","new","","","","",""
"null","<div style=""color:white;font-size:80px;line-height:5px;position:absolute;top:calc(50%); transform: translate(-50%, -50%)"">+</div>","null","html-keyboard-response","339","818138","0.0-7.0-9.0-0.54","5","2","5","1","1","5","3","4","4","5","5","0","0","1","2","-2","1","1","2","5","4","5","4","2","1","2","3","4","3","4","6","4","8","3","7","6","5","7","5","5","3","3","6","2","5","2","5","5","1","2","2","5","1","1","5","5","4","6","3","1","2","2","1","1","2","6","2","1","7","1","1","1","1","1","2","1","7","1","3","799230569765543938","仲","102","Female","[""坏我"",""好我"",""好她"",""坏她""]","[""弱我"",""强我"",""强她"",""弱她""]","","","","","","","","","","","","","","","","","","","","","","","","","","","","","","","","","","","","","","",""
"1840","<p style=""position: absolute; top:calc(45%);;transform: translate(-50%, -50%);text-align: center; color: white; font-size: 60px;"">伪善</p><p style=""position:absolute; text-align: center;color:	#D3D3D3;font-size: 25px;top:calc(50% + 35%);transform: translate(-50%)"">新词按 “1” ，熟悉按 “2” ，旧词按 “3”</p>","3","html-keyboard-response","340","819979","0.0-7.0-9.0-1.54","5","2","5","1","1","5","3","4","4","5","5","0","0","1","2","-2","1","1","2","5","4","5","4","2","1","2","3","4","3","4","6","4","8","3","7","6","5","7","5","5","3","3","6","2","5","2","5","5","1","2","2","5","1","1","5","5","4","6","3","1","2","2","1","1","2","6","2","1","7","1","1","1","1","1","2","1","7","1","3","799230569765543938","仲","102","Female","[""坏我"",""好我"",""好她"",""坏她""]","[""弱我"",""强我"",""强她"",""弱她""]","","","","","","","","old","","","","","","","","","SRET","RJ_formal1","Fri Jan 19 2024 19:12:01 GMT+0800 (中国标准时间)","","","","","","自己","伪善","Negative","morality","","","1","","","old","","","","",""
"1890","<p style=""position: absolute; top:calc(45%);transform: translate(-50%, -50%);text-align: center; color: white; font-size: 60px;"">伪善</p><p style=""position:absolute; text-align: center;font-size: 25px;color:	#D3D3D3;top:calc(50% + 35%);transform: translate(-50%)"">自己按 f 键 ，朋友按 j 键</p>","f","html-keyboard-response","341","821870","0.0-7.0-9.0-2.54-0.54","5","2","5","1","1","5","3","4","4","5","5","0","0","1","2","-2","1","1","2","5","4","5","4","2","1","2","3","4","3","4","6","4","8","3","7","6","5","7","5","5","3","3","6","2","5","2","5","5","1","2","2","5","1","1","5","5","4","6","3","1","2","2","1","1","2","6","2","1","7","1","1","1","1","1","2","1","7","1","3","799230569765543938","仲","102","Female","[""坏我"",""好我"",""好她"",""坏她""]","[""弱我"",""强我"",""强她"",""弱她""]","","","","","","","","self","","","","","","","","","SRET","RJ_formal_2","Fri Jan 19 2024 19:12:01 GMT+0800 (中国标准时间)","","","","","","","伪善","Negative","morality","","","","","","自己","","","","",""
"null","<div style=""color:white;font-size:80px;line-height:5px;position:absolute;top:calc(50%); transform: translate(-50%, -50%)"">+</div>","null","html-keyboard-response","342","822372","0.0-7.0-9.0-0.55","5","2","5","1","1","5","3","4","4","5","5","0","0","1","2","-2","1","1","2","5","4","5","4","2","1","2","3","4","3","4","6","4","8","3","7","6","5","7","5","5","3","3","6","2","5","2","5","5","1","2","2","5","1","1","5","5","4","6","3","1","2","2","1","1","2","6","2","1","7","1","1","1","1","1","2","1","7","1","3","799230569765543938","仲","102","Female","[""坏我"",""好我"",""好她"",""坏她""]","[""弱我"",""强我"",""强她"",""弱她""]","","","","","","","","","","","","","","","","","","","","","","","","","","","","","","","","","","","","","","",""
"1162","<p style=""position: absolute; top:calc(45%);;transform: translate(-50%, -50%);text-align: center; color: white; font-size: 60px;"">无能</p><p style=""position:absolute; text-align: center;color:	#D3D3D3;font-size: 25px;top:calc(50% + 35%);transform: translate(-50%)"">新词按 “1” ，熟悉按 “2” ，旧词按 “3”</p>","1","html-keyboard-response","343","823534","0.0-7.0-9.0-1.55","5","2","5","1","1","5","3","4","4","5","5","0","0","1","2","-2","1","1","2","5","4","5","4","2","1","2","3","4","3","4","6","4","8","3","7","6","5","7","5","5","3","3","6","2","5","2","5","5","1","2","2","5","1","1","5","5","4","6","3","1","2","2","1","1","2","6","2","1","7","1","1","1","1","1","2","1","7","1","3","799230569765543938","仲","102","Female","[""坏我"",""好我"",""好她"",""坏她""]","[""弱我"",""强我"",""强她"",""弱她""]","","","","","","","","new","","","","","","","","","SRET","RJ_formal1","Fri Jan 19 2024 19:12:01 GMT+0800 (中国标准时间)","","","","","","NA","无能","Negative","ability","","","1","","","new","","","","",""
"null","<div style=""color:white;font-size:80px;line-height:5px;position:absolute;top:calc(50%); transform: translate(-50%, -50%)"">+</div>","null","html-keyboard-response","344","824041","0.0-7.0-9.0-0.56","5","2","5","1","1","5","3","4","4","5","5","0","0","1","2","-2","1","1","2","5","4","5","4","2","1","2","3","4","3","4","6","4","8","3","7","6","5","7","5","5","3","3","6","2","5","2","5","5","1","2","2","5","1","1","5","5","4","6","3","1","2","2","1","1","2","6","2","1","7","1","1","1","1","1","2","1","7","1","3","799230569765543938","仲","102","Female","[""坏我"",""好我"",""好她"",""坏她""]","[""弱我"",""强我"",""强她"",""弱她""]","","","","","","","","","","","","","","","","","","","","","","","","","","","","","","","","","","","","","","",""
"868","<p style=""position: absolute; top:calc(45%);;transform: translate(-50%, -50%);text-align: center; color: white; font-size: 60px;"">守时</p><p style=""position:absolute; text-align: center;color:	#D3D3D3;font-size: 25px;top:calc(50% + 35%);transform: translate(-50%)"">新词按 “1” ，熟悉按 “2” ，旧词按 “3”</p>","1","html-keyboard-response","345","824910","0.0-7.0-9.0-1.56","5","2","5","1","1","5","3","4","4","5","5","0","0","1","2","-2","1","1","2","5","4","5","4","2","1","2","3","4","3","4","6","4","8","3","7","6","5","7","5","5","3","3","6","2","5","2","5","5","1","2","2","5","1","1","5","5","4","6","3","1","2","2","1","1","2","6","2","1","7","1","1","1","1","1","2","1","7","1","3","799230569765543938","仲","102","Female","[""坏我"",""好我"",""好她"",""坏她""]","[""弱我"",""强我"",""强她"",""弱她""]","","","","","","","","new","","","","","","","","","SRET","RJ_formal1","Fri Jan 19 2024 19:12:01 GMT+0800 (中国标准时间)","","","","","","朋友","守时","Positive","morality","","","0","","","old","","","","",""
"null","<div style=""color:white;font-size:80px;line-height:5px;position:absolute;top:calc(50%); transform: translate(-50%, -50%)"">+</div>","null","html-keyboard-response","346","825419","0.0-7.0-9.0-0.57","5","2","5","1","1","5","3","4","4","5","5","0","0","1","2","-2","1","1","2","5","4","5","4","2","1","2","3","4","3","4","6","4","8","3","7","6","5","7","5","5","3","3","6","2","5","2","5","5","1","2","2","5","1","1","5","5","4","6","3","1","2","2","1","1","2","6","2","1","7","1","1","1","1","1","2","1","7","1","3","799230569765543938","仲","102","Female","[""坏我"",""好我"",""好她"",""坏她""]","[""弱我"",""强我"",""强她"",""弱她""]","","","","","","","","","","","","","","","","","","","","","","","","","","","","","","","","","","","","","","",""
"3909","<p style=""position: absolute; top:calc(45%);;transform: translate(-50%, -50%);text-align: center; color: white; font-size: 60px;"">恶劣</p><p style=""position:absolute; text-align: center;color:	#D3D3D3;font-size: 25px;top:calc(50% + 35%);transform: translate(-50%)"">新词按 “1” ，熟悉按 “2” ，旧词按 “3”</p>","2","html-keyboard-response","347","829330","0.0-7.0-9.0-1.57","5","2","5","1","1","5","3","4","4","5","5","0","0","1","2","-2","1","1","2","5","4","5","4","2","1","2","3","4","3","4","6","4","8","3","7","6","5","7","5","5","3","3","6","2","5","2","5","5","1","2","2","5","1","1","5","5","4","6","3","1","2","2","1","1","2","6","2","1","7","1","1","1","1","1","2","1","7","1","3","799230569765543938","仲","102","Female","[""坏我"",""好我"",""好她"",""坏她""]","[""弱我"",""强我"",""强她"",""弱她""]","","","","","","","","familiar","","","","","","","","","SRET","RJ_formal1","Fri Jan 19 2024 19:12:01 GMT+0800 (中国标准时间)","","","","","","朋友","恶劣","Negative","morality","","","1","","","old","","","","",""
"242","<p style=""position: absolute; top:calc(45%);transform: translate(-50%, -50%);text-align: center; color: white; font-size: 60px;"">恶劣</p><p style=""position:absolute; text-align: center;font-size: 25px;color:	#D3D3D3;top:calc(50% + 35%);transform: translate(-50%)"">自己按 f 键 ，朋友按 j 键</p>","f","html-keyboard-response","348","829575","0.0-7.0-9.0-2.57-0.57","5","2","5","1","1","5","3","4","4","5","5","0","0","1","2","-2","1","1","2","5","4","5","4","2","1","2","3","4","3","4","6","4","8","3","7","6","5","7","5","5","3","3","6","2","5","2","5","5","1","2","2","5","1","1","5","5","4","6","3","1","2","2","1","1","2","6","2","1","7","1","1","1","1","1","2","1","7","1","3","799230569765543938","仲","102","Female","[""坏我"",""好我"",""好她"",""坏她""]","[""弱我"",""强我"",""强她"",""弱她""]","","","","","","","","self","","","","","","","","","SRET","RJ_formal_2","Fri Jan 19 2024 19:12:01 GMT+0800 (中国标准时间)","","","","","","","恶劣","Negative","morality","","","","","","朋友","","","","",""
"null","<div style=""color:white;font-size:80px;line-height:5px;position:absolute;top:calc(50%); transform: translate(-50%, -50%)"">+</div>","null","html-keyboard-response","349","830081","0.0-7.0-9.0-0.58","5","2","5","1","1","5","3","4","4","5","5","0","0","1","2","-2","1","1","2","5","4","5","4","2","1","2","3","4","3","4","6","4","8","3","7","6","5","7","5","5","3","3","6","2","5","2","5","5","1","2","2","5","1","1","5","5","4","6","3","1","2","2","1","1","2","6","2","1","7","1","1","1","1","1","2","1","7","1","3","799230569765543938","仲","102","Female","[""坏我"",""好我"",""好她"",""坏她""]","[""弱我"",""强我"",""强她"",""弱她""]","","","","","","","","","","","","","","","","","","","","","","","","","","","","","","","","","","","","","","",""
"2343","<p style=""position: absolute; top:calc(45%);;transform: translate(-50%, -50%);text-align: center; color: white; font-size: 60px;"">清廉</p><p style=""position:absolute; text-align: center;color:	#D3D3D3;font-size: 25px;top:calc(50% + 35%);transform: translate(-50%)"">新词按 “1” ，熟悉按 “2” ，旧词按 “3”</p>","3","html-keyboard-response","350","832426","0.0-7.0-9.0-1.58","5","2","5","1","1","5","3","4","4","5","5","0","0","1","2","-2","1","1","2","5","4","5","4","2","1","2","3","4","3","4","6","4","8","3","7","6","5","7","5","5","3","3","6","2","5","2","5","5","1","2","2","5","1","1","5","5","4","6","3","1","2","2","1","1","2","6","2","1","7","1","1","1","1","1","2","1","7","1","3","799230569765543938","仲","102","Female","[""坏我"",""好我"",""好她"",""坏她""]","[""弱我"",""强我"",""强她"",""弱她""]","","","","","","","","old","","","","","","","","","SRET","RJ_formal1","Fri Jan 19 2024 19:12:01 GMT+0800 (中国标准时间)","","","","","","自己","清廉","Positive","morality","","","1","","","old","","","","",""
"237","<p style=""position: absolute; top:calc(45%);transform: translate(-50%, -50%);text-align: center; color: white; font-size: 60px;"">清廉</p><p style=""position:absolute; text-align: center;font-size: 25px;color:	#D3D3D3;top:calc(50% + 35%);transform: translate(-50%)"">自己按 f 键 ，朋友按 j 键</p>","f","html-keyboard-response","351","832664","0.0-7.0-9.0-2.58-0.58","5","2","5","1","1","5","3","4","4","5","5","0","0","1","2","-2","1","1","2","5","4","5","4","2","1","2","3","4","3","4","6","4","8","3","7","6","5","7","5","5","3","3","6","2","5","2","5","5","1","2","2","5","1","1","5","5","4","6","3","1","2","2","1","1","2","6","2","1","7","1","1","1","1","1","2","1","7","1","3","799230569765543938","仲","102","Female","[""坏我"",""好我"",""好她"",""坏她""]","[""弱我"",""强我"",""强她"",""弱她""]","","","","","","","","self","","","","","","","","","SRET","RJ_formal_2","Fri Jan 19 2024 19:12:01 GMT+0800 (中国标准时间)","","","","","","","清廉","Positive","morality","","","","","","自己","","","","",""
"null","<div style=""color:white;font-size:80px;line-height:5px;position:absolute;top:calc(50%); transform: translate(-50%, -50%)"">+</div>","null","html-keyboard-response","352","833196","0.0-7.0-9.0-0.59","5","2","5","1","1","5","3","4","4","5","5","0","0","1","2","-2","1","1","2","5","4","5","4","2","1","2","3","4","3","4","6","4","8","3","7","6","5","7","5","5","3","3","6","2","5","2","5","5","1","2","2","5","1","1","5","5","4","6","3","1","2","2","1","1","2","6","2","1","7","1","1","1","1","1","2","1","7","1","3","799230569765543938","仲","102","Female","[""坏我"",""好我"",""好她"",""坏她""]","[""弱我"",""强我"",""强她"",""弱她""]","","","","","","","","","","","","","","","","","","","","","","","","","","","","","","","","","","","","","","",""
"814","<p style=""position: absolute; top:calc(45%);;transform: translate(-50%, -50%);text-align: center; color: white; font-size: 60px;"">肯干</p><p style=""position:absolute; text-align: center;color:	#D3D3D3;font-size: 25px;top:calc(50% + 35%);transform: translate(-50%)"">新词按 “1” ，熟悉按 “2” ，旧词按 “3”</p>","1","html-keyboard-response","353","834011","0.0-7.0-9.0-1.59","5","2","5","1","1","5","3","4","4","5","5","0","0","1","2","-2","1","1","2","5","4","5","4","2","1","2","3","4","3","4","6","4","8","3","7","6","5","7","5","5","3","3","6","2","5","2","5","5","1","2","2","5","1","1","5","5","4","6","3","1","2","2","1","1","2","6","2","1","7","1","1","1","1","1","2","1","7","1","3","799230569765543938","仲","102","Female","[""坏我"",""好我"",""好她"",""坏她""]","[""弱我"",""强我"",""强她"",""弱她""]","","","","","","","","new","","","","","","","","","SRET","RJ_formal1","Fri Jan 19 2024 19:12:01 GMT+0800 (中国标准时间)","","","","","","NA","肯干","Positive","ability","","","1","","","new","","","","",""
"null","<div style=""color:white;font-size:80px;line-height:5px;position:absolute;top:calc(50%); transform: translate(-50%, -50%)"">+</div>","null","html-keyboard-response","354","834519","0.0-7.0-9.0-0.60","5","2","5","1","1","5","3","4","4","5","5","0","0","1","2","-2","1","1","2","5","4","5","4","2","1","2","3","4","3","4","6","4","8","3","7","6","5","7","5","5","3","3","6","2","5","2","5","5","1","2","2","5","1","1","5","5","4","6","3","1","2","2","1","1","2","6","2","1","7","1","1","1","1","1","2","1","7","1","3","799230569765543938","仲","102","Female","[""坏我"",""好我"",""好她"",""坏她""]","[""弱我"",""强我"",""强她"",""弱她""]","","","","","","","","","","","","","","","","","","","","","","","","","","","","","","","","","","","","","","",""
"1343","<p style=""position: absolute; top:calc(45%);;transform: translate(-50%, -50%);text-align: center; color: white; font-size: 60px;"">廉正</p><p style=""position:absolute; text-align: center;color:	#D3D3D3;font-size: 25px;top:calc(50% + 35%);transform: translate(-50%)"">新词按 “1” ，熟悉按 “2” ，旧词按 “3”</p>","3","html-keyboard-response","355","835862","0.0-7.0-9.0-1.60","5","2","5","1","1","5","3","4","4","5","5","0","0","1","2","-2","1","1","2","5","4","5","4","2","1","2","3","4","3","4","6","4","8","3","7","6","5","7","5","5","3","3","6","2","5","2","5","5","1","2","2","5","1","1","5","5","4","6","3","1","2","2","1","1","2","6","2","1","7","1","1","1","1","1","2","1","7","1","3","799230569765543938","仲","102","Female","[""坏我"",""好我"",""好她"",""坏她""]","[""弱我"",""强我"",""强她"",""弱她""]","","","","","","","","old","","","","","","","","","SRET","RJ_formal1","Fri Jan 19 2024 19:12:01 GMT+0800 (中国标准时间)","","","","","","朋友","廉正","Positive","morality","","","1","","","old","","","","",""
"301","<p style=""position: absolute; top:calc(45%);transform: translate(-50%, -50%);text-align: center; color: white; font-size: 60px;"">廉正</p><p style=""position:absolute; text-align: center;font-size: 25px;color:	#D3D3D3;top:calc(50% + 35%);transform: translate(-50%)"">自己按 f 键 ，朋友按 j 键</p>","f","html-keyboard-response","356","836166","0.0-7.0-9.0-2.60-0.60","5","2","5","1","1","5","3","4","4","5","5","0","0","1","2","-2","1","1","2","5","4","5","4","2","1","2","3","4","3","4","6","4","8","3","7","6","5","7","5","5","3","3","6","2","5","2","5","5","1","2","2","5","1","1","5","5","4","6","3","1","2","2","1","1","2","6","2","1","7","1","1","1","1","1","2","1","7","1","3","799230569765543938","仲","102","Female","[""坏我"",""好我"",""好她"",""坏她""]","[""弱我"",""强我"",""强她"",""弱她""]","","","","","","","","self","","","","","","","","","SRET","RJ_formal_2","Fri Jan 19 2024 19:12:01 GMT+0800 (中国标准时间)","","","","","","","廉正","Positive","morality","","","","","","朋友","","","","",""
"null","<div style=""color:white;font-size:80px;line-height:5px;position:absolute;top:calc(50%); transform: translate(-50%, -50%)"">+</div>","null","html-keyboard-response","357","836667","0.0-7.0-9.0-0.61","5","2","5","1","1","5","3","4","4","5","5","0","0","1","2","-2","1","1","2","5","4","5","4","2","1","2","3","4","3","4","6","4","8","3","7","6","5","7","5","5","3","3","6","2","5","2","5","5","1","2","2","5","1","1","5","5","4","6","3","1","2","2","1","1","2","6","2","1","7","1","1","1","1","1","2","1","7","1","3","799230569765543938","仲","102","Female","[""坏我"",""好我"",""好她"",""坏她""]","[""弱我"",""强我"",""强她"",""弱她""]","","","","","","","","","","","","","","","","","","","","","","","","","","","","","","","","","","","","","","",""
"760","<p style=""position: absolute; top:calc(45%);;transform: translate(-50%, -50%);text-align: center; color: white; font-size: 60px;"">稳健</p><p style=""position:absolute; text-align: center;color:	#D3D3D3;font-size: 25px;top:calc(50% + 35%);transform: translate(-50%)"">新词按 “1” ，熟悉按 “2” ，旧词按 “3”</p>","1","html-keyboard-response","358","837428","0.0-7.0-9.0-1.61","5","2","5","1","1","5","3","4","4","5","5","0","0","1","2","-2","1","1","2","5","4","5","4","2","1","2","3","4","3","4","6","4","8","3","7","6","5","7","5","5","3","3","6","2","5","2","5","5","1","2","2","5","1","1","5","5","4","6","3","1","2","2","1","1","2","6","2","1","7","1","1","1","1","1","2","1","7","1","3","799230569765543938","仲","102","Female","[""坏我"",""好我"",""好她"",""坏她""]","[""弱我"",""强我"",""强她"",""弱她""]","","","","","","","","new","","","","","","","","","SRET","RJ_formal1","Fri Jan 19 2024 19:12:01 GMT+0800 (中国标准时间)","","","","","","NA","稳健","Positive","ability","","","1","","","new","","","","",""
"null","<div style=""color:white;font-size:80px;line-height:5px;position:absolute;top:calc(50%); transform: translate(-50%, -50%)"">+</div>","null","html-keyboard-response","359","837929","0.0-7.0-9.0-0.62","5","2","5","1","1","5","3","4","4","5","5","0","0","1","2","-2","1","1","2","5","4","5","4","2","1","2","3","4","3","4","6","4","8","3","7","6","5","7","5","5","3","3","6","2","5","2","5","5","1","2","2","5","1","1","5","5","4","6","3","1","2","2","1","1","2","6","2","1","7","1","1","1","1","1","2","1","7","1","3","799230569765543938","仲","102","Female","[""坏我"",""好我"",""好她"",""坏她""]","[""弱我"",""强我"",""强她"",""弱她""]","","","","","","","","","","","","","","","","","","","","","","","","","","","","","","","","","","","","","","",""
"1177","<p style=""position: absolute; top:calc(45%);;transform: translate(-50%, -50%);text-align: center; color: white; font-size: 60px;"">无助</p><p style=""position:absolute; text-align: center;color:	#D3D3D3;font-size: 25px;top:calc(50% + 35%);transform: translate(-50%)"">新词按 “1” ，熟悉按 “2” ，旧词按 “3”</p>","3","html-keyboard-response","360","839107","0.0-7.0-9.0-1.62","5","2","5","1","1","5","3","4","4","5","5","0","0","1","2","-2","1","1","2","5","4","5","4","2","1","2","3","4","3","4","6","4","8","3","7","6","5","7","5","5","3","3","6","2","5","2","5","5","1","2","2","5","1","1","5","5","4","6","3","1","2","2","1","1","2","6","2","1","7","1","1","1","1","1","2","1","7","1","3","799230569765543938","仲","102","Female","[""坏我"",""好我"",""好她"",""坏她""]","[""弱我"",""强我"",""强她"",""弱她""]","","","","","","","","old","","","","","","","","","SRET","RJ_formal1","Fri Jan 19 2024 19:12:01 GMT+0800 (中国标准时间)","","","","","","朋友","无助","Negative","ability","","","1","","","old","","","","",""
"292","<p style=""position: absolute; top:calc(45%);transform: translate(-50%, -50%);text-align: center; color: white; font-size: 60px;"">无助</p><p style=""position:absolute; text-align: center;font-size: 25px;color:	#D3D3D3;top:calc(50% + 35%);transform: translate(-50%)"">自己按 f 键 ，朋友按 j 键</p>","j","html-keyboard-response","361","839400","0.0-7.0-9.0-2.62-0.62","5","2","5","1","1","5","3","4","4","5","5","0","0","1","2","-2","1","1","2","5","4","5","4","2","1","2","3","4","3","4","6","4","8","3","7","6","5","7","5","5","3","3","6","2","5","2","5","5","1","2","2","5","1","1","5","5","4","6","3","1","2","2","1","1","2","6","2","1","7","1","1","1","1","1","2","1","7","1","3","799230569765543938","仲","102","Female","[""坏我"",""好我"",""好她"",""坏她""]","[""弱我"",""强我"",""强她"",""弱她""]","","","","","","","","friend","","","","","","","","","SRET","RJ_formal_2","Fri Jan 19 2024 19:12:01 GMT+0800 (中国标准时间)","","","","","","","无助","Negative","ability","","","","","","朋友","","","","",""
"null","<div style=""color:white;font-size:80px;line-height:5px;position:absolute;top:calc(50%); transform: translate(-50%, -50%)"">+</div>","null","html-keyboard-response","362","839902","0.0-7.0-9.0-0.63","5","2","5","1","1","5","3","4","4","5","5","0","0","1","2","-2","1","1","2","5","4","5","4","2","1","2","3","4","3","4","6","4","8","3","7","6","5","7","5","5","3","3","6","2","5","2","5","5","1","2","2","5","1","1","5","5","4","6","3","1","2","2","1","1","2","6","2","1","7","1","1","1","1","1","2","1","7","1","3","799230569765543938","仲","102","Female","[""坏我"",""好我"",""好她"",""坏她""]","[""弱我"",""强我"",""强她"",""弱她""]","","","","","","","","","","","","","","","","","","","","","","","","","","","","","","","","","","","","","","",""
"861","<p style=""position: absolute; top:calc(45%);;transform: translate(-50%, -50%);text-align: center; color: white; font-size: 60px;"">敬业</p><p style=""position:absolute; text-align: center;color:	#D3D3D3;font-size: 25px;top:calc(50% + 35%);transform: translate(-50%)"">新词按 “1” ，熟悉按 “2” ，旧词按 “3”</p>","1","html-keyboard-response","363","840764","0.0-7.0-9.0-1.63","5","2","5","1","1","5","3","4","4","5","5","0","0","1","2","-2","1","1","2","5","4","5","4","2","1","2","3","4","3","4","6","4","8","3","7","6","5","7","5","5","3","3","6","2","5","2","5","5","1","2","2","5","1","1","5","5","4","6","3","1","2","2","1","1","2","6","2","1","7","1","1","1","1","1","2","1","7","1","3","799230569765543938","仲","102","Female","[""坏我"",""好我"",""好她"",""坏她""]","[""弱我"",""强我"",""强她"",""弱她""]","","","","","","","","new","","","","","","","","","SRET","RJ_formal1","Fri Jan 19 2024 19:12:01 GMT+0800 (中国标准时间)","","","","","","NA","敬业","Positive","morality","","","1","","","new","","","","",""
"null","<div style=""color:white;font-size:80px;line-height:5px;position:absolute;top:calc(50%); transform: translate(-50%, -50%)"">+</div>","null","html-keyboard-response","364","841269","0.0-7.0-9.0-0.64","5","2","5","1","1","5","3","4","4","5","5","0","0","1","2","-2","1","1","2","5","4","5","4","2","1","2","3","4","3","4","6","4","8","3","7","6","5","7","5","5","3","3","6","2","5","2","5","5","1","2","2","5","1","1","5","5","4","6","3","1","2","2","1","1","2","6","2","1","7","1","1","1","1","1","2","1","7","1","3","799230569765543938","仲","102","Female","[""坏我"",""好我"",""好她"",""坏她""]","[""弱我"",""强我"",""强她"",""弱她""]","","","","","","","","","","","","","","","","","","","","","","","","","","","","","","","","","","","","","","",""
"2115","<p style=""position: absolute; top:calc(45%);;transform: translate(-50%, -50%);text-align: center; color: white; font-size: 60px;"">刚正</p><p style=""position:absolute; text-align: center;color:	#D3D3D3;font-size: 25px;top:calc(50% + 35%);transform: translate(-50%)"">新词按 “1” ，熟悉按 “2” ，旧词按 “3”</p>","1","html-keyboard-response","365","843385","0.0-7.0-9.0-1.64","5","2","5","1","1","5","3","4","4","5","5","0","0","1","2","-2","1","1","2","5","4","5","4","2","1","2","3","4","3","4","6","4","8","3","7","6","5","7","5","5","3","3","6","2","5","2","5","5","1","2","2","5","1","1","5","5","4","6","3","1","2","2","1","1","2","6","2","1","7","1","1","1","1","1","2","1","7","1","3","799230569765543938","仲","102","Female","[""坏我"",""好我"",""好她"",""坏她""]","[""弱我"",""强我"",""强她"",""弱她""]","","","","","","","","new","","","","","","","","","SRET","RJ_formal1","Fri Jan 19 2024 19:12:01 GMT+0800 (中国标准时间)","","","","","","自己","刚正","Positive","morality","","","0","","","old","","","","",""
"null","<div style=""color:white;font-size:80px;line-height:5px;position:absolute;top:calc(50%); transform: translate(-50%, -50%)"">+</div>","null","html-keyboard-response","366","843890","0.0-7.0-9.0-0.65","5","2","5","1","1","5","3","4","4","5","5","0","0","1","2","-2","1","1","2","5","4","5","4","2","1","2","3","4","3","4","6","4","8","3","7","6","5","7","5","5","3","3","6","2","5","2","5","5","1","2","2","5","1","1","5","5","4","6","3","1","2","2","1","1","2","6","2","1","7","1","1","1","1","1","2","1","7","1","3","799230569765543938","仲","102","Female","[""坏我"",""好我"",""好她"",""坏她""]","[""弱我"",""强我"",""强她"",""弱她""]","","","","","","","","","","","","","","","","","","","","","","","","","","","","","","","","","","","","","","",""
"1087","<p style=""position: absolute; top:calc(45%);;transform: translate(-50%, -50%);text-align: center; color: white; font-size: 60px;"">勤恳</p><p style=""position:absolute; text-align: center;color:	#D3D3D3;font-size: 25px;top:calc(50% + 35%);transform: translate(-50%)"">新词按 “1” ，熟悉按 “2” ，旧词按 “3”</p>","1","html-keyboard-response","367","844978","0.0-7.0-9.0-1.65","5","2","5","1","1","5","3","4","4","5","5","0","0","1","2","-2","1","1","2","5","4","5","4","2","1","2","3","4","3","4","6","4","8","3","7","6","5","7","5","5","3","3","6","2","5","2","5","5","1","2","2","5","1","1","5","5","4","6","3","1","2","2","1","1","2","6","2","1","7","1","1","1","1","1","2","1","7","1","3","799230569765543938","仲","102","Female","[""坏我"",""好我"",""好她"",""坏她""]","[""弱我"",""强我"",""强她"",""弱她""]","","","","","","","","new","","","","","","","","","SRET","RJ_formal1","Fri Jan 19 2024 19:12:01 GMT+0800 (中国标准时间)","","","","","","朋友","勤恳","Positive","morality","","","0","","","old","","","","",""
"null","<div style=""color:white;font-size:80px;line-height:5px;position:absolute;top:calc(50%); transform: translate(-50%, -50%)"">+</div>","null","html-keyboard-response","368","845483","0.0-7.0-9.0-0.66","5","2","5","1","1","5","3","4","4","5","5","0","0","1","2","-2","1","1","2","5","4","5","4","2","1","2","3","4","3","4","6","4","8","3","7","6","5","7","5","5","3","3","6","2","5","2","5","5","1","2","2","5","1","1","5","5","4","6","3","1","2","2","1","1","2","6","2","1","7","1","1","1","1","1","2","1","7","1","3","799230569765543938","仲","102","Female","[""坏我"",""好我"",""好她"",""坏她""]","[""弱我"",""强我"",""强她"",""弱她""]","","","","","","","","","","","","","","","","","","","","","","","","","","","","","","","","","","","","","","",""
"665","<p style=""position: absolute; top:calc(45%);;transform: translate(-50%, -50%);text-align: center; color: white; font-size: 60px;"">高尚</p><p style=""position:absolute; text-align: center;color:	#D3D3D3;font-size: 25px;top:calc(50% + 35%);transform: translate(-50%)"">新词按 “1” ，熟悉按 “2” ，旧词按 “3”</p>","1","html-keyboard-response","369","846149","0.0-7.0-9.0-1.66","5","2","5","1","1","5","3","4","4","5","5","0","0","1","2","-2","1","1","2","5","4","5","4","2","1","2","3","4","3","4","6","4","8","3","7","6","5","7","5","5","3","3","6","2","5","2","5","5","1","2","2","5","1","1","5","5","4","6","3","1","2","2","1","1","2","6","2","1","7","1","1","1","1","1","2","1","7","1","3","799230569765543938","仲","102","Female","[""坏我"",""好我"",""好她"",""坏她""]","[""弱我"",""强我"",""强她"",""弱她""]","","","","","","","","new","","","","","","","","","SRET","RJ_formal1","Fri Jan 19 2024 19:12:01 GMT+0800 (中国标准时间)","","","","","","NA","高尚","Positive","morality","","","1","","","new","","","","",""
"null","<div style=""color:white;font-size:80px;line-height:5px;position:absolute;top:calc(50%); transform: translate(-50%, -50%)"">+</div>","null","html-keyboard-response","370","846658","0.0-7.0-9.0-0.67","5","2","5","1","1","5","3","4","4","5","5","0","0","1","2","-2","1","1","2","5","4","5","4","2","1","2","3","4","3","4","6","4","8","3","7","6","5","7","5","5","3","3","6","2","5","2","5","5","1","2","2","5","1","1","5","5","4","6","3","1","2","2","1","1","2","6","2","1","7","1","1","1","1","1","2","1","7","1","3","799230569765543938","仲","102","Female","[""坏我"",""好我"",""好她"",""坏她""]","[""弱我"",""强我"",""强她"",""弱她""]","","","","","","","","","","","","","","","","","","","","","","","","","","","","","","","","","","","","","","",""
"3704","<p style=""position: absolute; top:calc(45%);;transform: translate(-50%, -50%);text-align: center; color: white; font-size: 60px;"">博识</p><p style=""position:absolute; text-align: center;color:	#D3D3D3;font-size: 25px;top:calc(50% + 35%);transform: translate(-50%)"">新词按 “1” ，熟悉按 “2” ，旧词按 “3”</p>","3","html-keyboard-response","371","850363","0.0-7.0-9.0-1.67","5","2","5","1","1","5","3","4","4","5","5","0","0","1","2","-2","1","1","2","5","4","5","4","2","1","2","3","4","3","4","6","4","8","3","7","6","5","7","5","5","3","3","6","2","5","2","5","5","1","2","2","5","1","1","5","5","4","6","3","1","2","2","1","1","2","6","2","1","7","1","1","1","1","1","2","1","7","1","3","799230569765543938","仲","102","Female","[""坏我"",""好我"",""好她"",""坏她""]","[""弱我"",""强我"",""强她"",""弱她""]","","","","","","","","old","","","","","","","","","SRET","RJ_formal1","Fri Jan 19 2024 19:12:01 GMT+0800 (中国标准时间)","","","","","","自己","博识","Positive","ability","","","1","","","old","","","","",""
"346","<p style=""position: absolute; top:calc(45%);transform: translate(-50%, -50%);text-align: center; color: white; font-size: 60px;"">博识</p><p style=""position:absolute; text-align: center;font-size: 25px;color:	#D3D3D3;top:calc(50% + 35%);transform: translate(-50%)"">自己按 f 键 ，朋友按 j 键</p>","f","html-keyboard-response","372","850711","0.0-7.0-9.0-2.67-0.67","5","2","5","1","1","5","3","4","4","5","5","0","0","1","2","-2","1","1","2","5","4","5","4","2","1","2","3","4","3","4","6","4","8","3","7","6","5","7","5","5","3","3","6","2","5","2","5","5","1","2","2","5","1","1","5","5","4","6","3","1","2","2","1","1","2","6","2","1","7","1","1","1","1","1","2","1","7","1","3","799230569765543938","仲","102","Female","[""坏我"",""好我"",""好她"",""坏她""]","[""弱我"",""强我"",""强她"",""弱她""]","","","","","","","","self","","","","","","","","","SRET","RJ_formal_2","Fri Jan 19 2024 19:12:01 GMT+0800 (中国标准时间)","","","","","","","博识","Positive","ability","","","","","","自己","","","","",""
"null","<div style=""color:white;font-size:80px;line-height:5px;position:absolute;top:calc(50%); transform: translate(-50%, -50%)"">+</div>","null","html-keyboard-response","373","851219","0.0-7.0-9.0-0.68","5","2","5","1","1","5","3","4","4","5","5","0","0","1","2","-2","1","1","2","5","4","5","4","2","1","2","3","4","3","4","6","4","8","3","7","6","5","7","5","5","3","3","6","2","5","2","5","5","1","2","2","5","1","1","5","5","4","6","3","1","2","2","1","1","2","6","2","1","7","1","1","1","1","1","2","1","7","1","3","799230569765543938","仲","102","Female","[""坏我"",""好我"",""好她"",""坏她""]","[""弱我"",""强我"",""强她"",""弱她""]","","","","","","","","","","","","","","","","","","","","","","","","","","","","","","","","","","","","","","",""
"2284","<p style=""position: absolute; top:calc(45%);;transform: translate(-50%, -50%);text-align: center; color: white; font-size: 60px;"">侠义</p><p style=""position:absolute; text-align: center;color:	#D3D3D3;font-size: 25px;top:calc(50% + 35%);transform: translate(-50%)"">新词按 “1” ，熟悉按 “2” ，旧词按 “3”</p>","2","html-keyboard-response","374","853504","0.0-7.0-9.0-1.68","5","2","5","1","1","5","3","4","4","5","5","0","0","1","2","-2","1","1","2","5","4","5","4","2","1","2","3","4","3","4","6","4","8","3","7","6","5","7","5","5","3","3","6","2","5","2","5","5","1","2","2","5","1","1","5","5","4","6","3","1","2","2","1","1","2","6","2","1","7","1","1","1","1","1","2","1","7","1","3","799230569765543938","仲","102","Female","[""坏我"",""好我"",""好她"",""坏她""]","[""弱我"",""强我"",""强她"",""弱她""]","","","","","","","","familiar","","","","","","","","","SRET","RJ_formal1","Fri Jan 19 2024 19:12:01 GMT+0800 (中国标准时间)","","","","","","NA","侠义","Positive","morality","","","0","","","new","","","","",""
"227","<p style=""position: absolute; top:calc(45%);transform: translate(-50%, -50%);text-align: center; color: white; font-size: 60px;"">侠义</p><p style=""position:absolute; text-align: center;font-size: 25px;color:	#D3D3D3;top:calc(50% + 35%);transform: translate(-50%)"">自己按 f 键 ，朋友按 j 键</p>","j","html-keyboard-response","375","853732","0.0-7.0-9.0-2.68-0.68","5","2","5","1","1","5","3","4","4","5","5","0","0","1","2","-2","1","1","2","5","4","5","4","2","1","2","3","4","3","4","6","4","8","3","7","6","5","7","5","5","3","3","6","2","5","2","5","5","1","2","2","5","1","1","5","5","4","6","3","1","2","2","1","1","2","6","2","1","7","1","1","1","1","1","2","1","7","1","3","799230569765543938","仲","102","Female","[""坏我"",""好我"",""好她"",""坏她""]","[""弱我"",""强我"",""强她"",""弱她""]","","","","","","","","friend","","","","","","","","","SRET","RJ_formal_2","Fri Jan 19 2024 19:12:01 GMT+0800 (中国标准时间)","","","","","","","侠义","Positive","morality","","","","","","NA","","","","",""
"null","<div style=""color:white;font-size:80px;line-height:5px;position:absolute;top:calc(50%); transform: translate(-50%, -50%)"">+</div>","null","html-keyboard-response","376","854234","0.0-7.0-9.0-0.69","5","2","5","1","1","5","3","4","4","5","5","0","0","1","2","-2","1","1","2","5","4","5","4","2","1","2","3","4","3","4","6","4","8","3","7","6","5","7","5","5","3","3","6","2","5","2","5","5","1","2","2","5","1","1","5","5","4","6","3","1","2","2","1","1","2","6","2","1","7","1","1","1","1","1","2","1","7","1","3","799230569765543938","仲","102","Female","[""坏我"",""好我"",""好她"",""坏她""]","[""弱我"",""强我"",""强她"",""弱她""]","","","","","","","","","","","","","","","","","","","","","","","","","","","","","","","","","","","","","","",""
"864","<p style=""position: absolute; top:calc(45%);;transform: translate(-50%, -50%);text-align: center; color: white; font-size: 60px;"">君子</p><p style=""position:absolute; text-align: center;color:	#D3D3D3;font-size: 25px;top:calc(50% + 35%);transform: translate(-50%)"">新词按 “1” ，熟悉按 “2” ，旧词按 “3”</p>","1","html-keyboard-response","377","855098","0.0-7.0-9.0-1.69","5","2","5","1","1","5","3","4","4","5","5","0","0","1","2","-2","1","1","2","5","4","5","4","2","1","2","3","4","3","4","6","4","8","3","7","6","5","7","5","5","3","3","6","2","5","2","5","5","1","2","2","5","1","1","5","5","4","6","3","1","2","2","1","1","2","6","2","1","7","1","1","1","1","1","2","1","7","1","3","799230569765543938","仲","102","Female","[""坏我"",""好我"",""好她"",""坏她""]","[""弱我"",""强我"",""强她"",""弱她""]","","","","","","","","new","","","","","","","","","SRET","RJ_formal1","Fri Jan 19 2024 19:12:01 GMT+0800 (中国标准时间)","","","","","","NA","君子","Positive","morality","","","1","","","new","","","","",""
"null","<div style=""color:white;font-size:80px;line-height:5px;position:absolute;top:calc(50%); transform: translate(-50%, -50%)"">+</div>","null","html-keyboard-response","378","855602","0.0-7.0-9.0-0.70","5","2","5","1","1","5","3","4","4","5","5","0","0","1","2","-2","1","1","2","5","4","5","4","2","1","2","3","4","3","4","6","4","8","3","7","6","5","7","5","5","3","3","6","2","5","2","5","5","1","2","2","5","1","1","5","5","4","6","3","1","2","2","1","1","2","6","2","1","7","1","1","1","1","1","2","1","7","1","3","799230569765543938","仲","102","Female","[""坏我"",""好我"",""好她"",""坏她""]","[""弱我"",""强我"",""强她"",""弱她""]","","","","","","","","","","","","","","","","","","","","","","","","","","","","","","","","","","","","","","",""
"4220","<p style=""position: absolute; top:calc(45%);;transform: translate(-50%, -50%);text-align: center; color: white; font-size: 60px;"">怠惰</p><p style=""position:absolute; text-align: center;color:	#D3D3D3;font-size: 25px;top:calc(50% + 35%);transform: translate(-50%)"">新词按 “1” ，熟悉按 “2” ，旧词按 “3”</p>","3","html-keyboard-response","379","859823","0.0-7.0-9.0-1.70","5","2","5","1","1","5","3","4","4","5","5","0","0","1","2","-2","1","1","2","5","4","5","4","2","1","2","3","4","3","4","6","4","8","3","7","6","5","7","5","5","3","3","6","2","5","2","5","5","1","2","2","5","1","1","5","5","4","6","3","1","2","2","1","1","2","6","2","1","7","1","1","1","1","1","2","1","7","1","3","799230569765543938","仲","102","Female","[""坏我"",""好我"",""好她"",""坏她""]","[""弱我"",""强我"",""强她"",""弱她""]","","","","","","","","old","","","","","","","","","SRET","RJ_formal1","Fri Jan 19 2024 19:12:01 GMT+0800 (中国标准时间)","","","","","","朋友","怠惰","Negative","ability","","","1","","","old","","","","",""
"281","<p style=""position: absolute; top:calc(45%);transform: translate(-50%, -50%);text-align: center; color: white; font-size: 60px;"">怠惰</p><p style=""position:absolute; text-align: center;font-size: 25px;color:	#D3D3D3;top:calc(50% + 35%);transform: translate(-50%)"">自己按 f 键 ，朋友按 j 键</p>","j","html-keyboard-response","380","860105","0.0-7.0-9.0-2.70-0.70","5","2","5","1","1","5","3","4","4","5","5","0","0","1","2","-2","1","1","2","5","4","5","4","2","1","2","3","4","3","4","6","4","8","3","7","6","5","7","5","5","3","3","6","2","5","2","5","5","1","2","2","5","1","1","5","5","4","6","3","1","2","2","1","1","2","6","2","1","7","1","1","1","1","1","2","1","7","1","3","799230569765543938","仲","102","Female","[""坏我"",""好我"",""好她"",""坏她""]","[""弱我"",""强我"",""强她"",""弱她""]","","","","","","","","friend","","","","","","","","","SRET","RJ_formal_2","Fri Jan 19 2024 19:12:01 GMT+0800 (中国标准时间)","","","","","","","怠惰","Negative","ability","","","","","","朋友","","","","",""
"null","<div style=""color:white;font-size:80px;line-height:5px;position:absolute;top:calc(50%); transform: translate(-50%, -50%)"">+</div>","null","html-keyboard-response","381","860606","0.0-7.0-9.0-0.71","5","2","5","1","1","5","3","4","4","5","5","0","0","1","2","-2","1","1","2","5","4","5","4","2","1","2","3","4","3","4","6","4","8","3","7","6","5","7","5","5","3","3","6","2","5","2","5","5","1","2","2","5","1","1","5","5","4","6","3","1","2","2","1","1","2","6","2","1","7","1","1","1","1","1","2","1","7","1","3","799230569765543938","仲","102","Female","[""坏我"",""好我"",""好她"",""坏她""]","[""弱我"",""强我"",""强她"",""弱她""]","","","","","","","","","","","","","","","","","","","","","","","","","","","","","","","","","","","","","","",""
"938","<p style=""position: absolute; top:calc(45%);;transform: translate(-50%, -50%);text-align: center; color: white; font-size: 60px;"">正气</p><p style=""position:absolute; text-align: center;color:	#D3D3D3;font-size: 25px;top:calc(50% + 35%);transform: translate(-50%)"">新词按 “1” ，熟悉按 “2” ，旧词按 “3”</p>","1","html-keyboard-response","382","861545","0.0-7.0-9.0-1.71","5","2","5","1","1","5","3","4","4","5","5","0","0","1","2","-2","1","1","2","5","4","5","4","2","1","2","3","4","3","4","6","4","8","3","7","6","5","7","5","5","3","3","6","2","5","2","5","5","1","2","2","5","1","1","5","5","4","6","3","1","2","2","1","1","2","6","2","1","7","1","1","1","1","1","2","1","7","1","3","799230569765543938","仲","102","Female","[""坏我"",""好我"",""好她"",""坏她""]","[""弱我"",""强我"",""强她"",""弱她""]","","","","","","","","new","","","","","","","","","SRET","RJ_formal1","Fri Jan 19 2024 19:12:01 GMT+0800 (中国标准时间)","","","","","","NA","正气","Positive","morality","","","1","","","new","","","","",""
"null","<div style=""color:white;font-size:80px;line-height:5px;position:absolute;top:calc(50%); transform: translate(-50%, -50%)"">+</div>","null","html-keyboard-response","383","862048","0.0-7.0-9.0-0.72","5","2","5","1","1","5","3","4","4","5","5","0","0","1","2","-2","1","1","2","5","4","5","4","2","1","2","3","4","3","4","6","4","8","3","7","6","5","7","5","5","3","3","6","2","5","2","5","5","1","2","2","5","1","1","5","5","4","6","3","1","2","2","1","1","2","6","2","1","7","1","1","1","1","1","2","1","7","1","3","799230569765543938","仲","102","Female","[""坏我"",""好我"",""好她"",""坏她""]","[""弱我"",""强我"",""强她"",""弱她""]","","","","","","","","","","","","","","","","","","","","","","","","","","","","","","","","","","","","","","",""
"2410","<p style=""position: absolute; top:calc(45%);;transform: translate(-50%, -50%);text-align: center; color: white; font-size: 60px;"">坦荡</p><p style=""position:absolute; text-align: center;color:	#D3D3D3;font-size: 25px;top:calc(50% + 35%);transform: translate(-50%)"">新词按 “1” ，熟悉按 “2” ，旧词按 “3”</p>","3","html-keyboard-response","384","864460","0.0-7.0-9.0-1.72","5","2","5","1","1","5","3","4","4","5","5","0","0","1","2","-2","1","1","2","5","4","5","4","2","1","2","3","4","3","4","6","4","8","3","7","6","5","7","5","5","3","3","6","2","5","2","5","5","1","2","2","5","1","1","5","5","4","6","3","1","2","2","1","1","2","6","2","1","7","1","1","1","1","1","2","1","7","1","3","799230569765543938","仲","102","Female","[""坏我"",""好我"",""好她"",""坏她""]","[""弱我"",""强我"",""强她"",""弱她""]","","","","","","","","old","","","","","","","","","SRET","RJ_formal1","Fri Jan 19 2024 19:12:01 GMT+0800 (中国标准时间)","","","","","","自己","坦荡","Positive","morality","","","1","","","old","","","","",""
"320","<p style=""position: absolute; top:calc(45%);transform: translate(-50%, -50%);text-align: center; color: white; font-size: 60px;"">坦荡</p><p style=""position:absolute; text-align: center;font-size: 25px;color:	#D3D3D3;top:calc(50% + 35%);transform: translate(-50%)"">自己按 f 键 ，朋友按 j 键</p>","f","html-keyboard-response","385","864780","0.0-7.0-9.0-2.72-0.72","5","2","5","1","1","5","3","4","4","5","5","0","0","1","2","-2","1","1","2","5","4","5","4","2","1","2","3","4","3","4","6","4","8","3","7","6","5","7","5","5","3","3","6","2","5","2","5","5","1","2","2","5","1","1","5","5","4","6","3","1","2","2","1","1","2","6","2","1","7","1","1","1","1","1","2","1","7","1","3","799230569765543938","仲","102","Female","[""坏我"",""好我"",""好她"",""坏她""]","[""弱我"",""强我"",""强她"",""弱她""]","","","","","","","","self","","","","","","","","","SRET","RJ_formal_2","Fri Jan 19 2024 19:12:01 GMT+0800 (中国标准时间)","","","","","","","坦荡","Positive","morality","","","","","","自己","","","","",""
"null","<div style=""color:white;font-size:80px;line-height:5px;position:absolute;top:calc(50%); transform: translate(-50%, -50%)"">+</div>","null","html-keyboard-response","386","865284","0.0-7.0-9.0-0.73","5","2","5","1","1","5","3","4","4","5","5","0","0","1","2","-2","1","1","2","5","4","5","4","2","1","2","3","4","3","4","6","4","8","3","7","6","5","7","5","5","3","3","6","2","5","2","5","5","1","2","2","5","1","1","5","5","4","6","3","1","2","2","1","1","2","6","2","1","7","1","1","1","1","1","2","1","7","1","3","799230569765543938","仲","102","Female","[""坏我"",""好我"",""好她"",""坏她""]","[""弱我"",""强我"",""强她"",""弱她""]","","","","","","","","","","","","","","","","","","","","","","","","","","","","","","","","","","","","","","",""
"960","<p style=""position: absolute; top:calc(45%);;transform: translate(-50%, -50%);text-align: center; color: white; font-size: 60px;"">不端</p><p style=""position:absolute; text-align: center;color:	#D3D3D3;font-size: 25px;top:calc(50% + 35%);transform: translate(-50%)"">新词按 “1” ，熟悉按 “2” ，旧词按 “3”</p>","1","html-keyboard-response","387","866246","0.0-7.0-9.0-1.73","5","2","5","1","1","5","3","4","4","5","5","0","0","1","2","-2","1","1","2","5","4","5","4","2","1","2","3","4","3","4","6","4","8","3","7","6","5","7","5","5","3","3","6","2","5","2","5","5","1","2","2","5","1","1","5","5","4","6","3","1","2","2","1","1","2","6","2","1","7","1","1","1","1","1","2","1","7","1","3","799230569765543938","仲","102","Female","[""坏我"",""好我"",""好她"",""坏她""]","[""弱我"",""强我"",""强她"",""弱她""]","","","","","","","","new","","","","","","","","","SRET","RJ_formal1","Fri Jan 19 2024 19:12:01 GMT+0800 (中国标准时间)","","","","","","NA","不端","Negative","morality","","","1","","","new","","","","",""
"null","<div style=""color:white;font-size:80px;line-height:5px;position:absolute;top:calc(50%); transform: translate(-50%, -50%)"">+</div>","null","html-keyboard-response","388","866752","0.0-7.0-9.0-0.74","5","2","5","1","1","5","3","4","4","5","5","0","0","1","2","-2","1","1","2","5","4","5","4","2","1","2","3","4","3","4","6","4","8","3","7","6","5","7","5","5","3","3","6","2","5","2","5","5","1","2","2","5","1","1","5","5","4","6","3","1","2","2","1","1","2","6","2","1","7","1","1","1","1","1","2","1","7","1","3","799230569765543938","仲","102","Female","[""坏我"",""好我"",""好她"",""坏她""]","[""弱我"",""强我"",""强她"",""弱她""]","","","","","","","","","","","","","","","","","","","","","","","","","","","","","","","","","","","","","","",""
"918","<p style=""position: absolute; top:calc(45%);;transform: translate(-50%, -50%);text-align: center; color: white; font-size: 60px;"">无赖</p><p style=""position:absolute; text-align: center;color:	#D3D3D3;font-size: 25px;top:calc(50% + 35%);transform: translate(-50%)"">新词按 “1” ，熟悉按 “2” ，旧词按 “3”</p>","1","html-keyboard-response","389","867671","0.0-7.0-9.0-1.74","5","2","5","1","1","5","3","4","4","5","5","0","0","1","2","-2","1","1","2","5","4","5","4","2","1","2","3","4","3","4","6","4","8","3","7","6","5","7","5","5","3","3","6","2","5","2","5","5","1","2","2","5","1","1","5","5","4","6","3","1","2","2","1","1","2","6","2","1","7","1","1","1","1","1","2","1","7","1","3","799230569765543938","仲","102","Female","[""坏我"",""好我"",""好她"",""坏她""]","[""弱我"",""强我"",""强她"",""弱她""]","","","","","","","","new","","","","","","","","","SRET","RJ_formal1","Fri Jan 19 2024 19:12:01 GMT+0800 (中国标准时间)","","","","","","NA","无赖","Negative","morality","","","1","","","new","","","","",""
"null","<div style=""color:white;font-size:80px;line-height:5px;position:absolute;top:calc(50%); transform: translate(-50%, -50%)"">+</div>","null","html-keyboard-response","390","868179","0.0-7.0-9.0-0.75","5","2","5","1","1","5","3","4","4","5","5","0","0","1","2","-2","1","1","2","5","4","5","4","2","1","2","3","4","3","4","6","4","8","3","7","6","5","7","5","5","3","3","6","2","5","2","5","5","1","2","2","5","1","1","5","5","4","6","3","1","2","2","1","1","2","6","2","1","7","1","1","1","1","1","2","1","7","1","3","799230569765543938","仲","102","Female","[""坏我"",""好我"",""好她"",""坏她""]","[""弱我"",""强我"",""强她"",""弱她""]","","","","","","","","","","","","","","","","","","","","","","","","","","","","","","","","","","","","","","",""
"2988","<p style=""position: absolute; top:calc(45%);;transform: translate(-50%, -50%);text-align: center; color: white; font-size: 60px;"">上进</p><p style=""position:absolute; text-align: center;color:	#D3D3D3;font-size: 25px;top:calc(50% + 35%);transform: translate(-50%)"">新词按 “1” ，熟悉按 “2” ，旧词按 “3”</p>","3","html-keyboard-response","391","871173","0.0-7.0-9.0-1.75","5","2","5","1","1","5","3","4","4","5","5","0","0","1","2","-2","1","1","2","5","4","5","4","2","1","2","3","4","3","4","6","4","8","3","7","6","5","7","5","5","3","3","6","2","5","2","5","5","1","2","2","5","1","1","5","5","4","6","3","1","2","2","1","1","2","6","2","1","7","1","1","1","1","1","2","1","7","1","3","799230569765543938","仲","102","Female","[""坏我"",""好我"",""好她"",""坏她""]","[""弱我"",""强我"",""强她"",""弱她""]","","","","","","","","old","","","","","","","","","SRET","RJ_formal1","Fri Jan 19 2024 19:12:01 GMT+0800 (中国标准时间)","","","","","","自己","上进","Positive","ability","","","1","","","old","","","","",""
"2427","<p style=""position: absolute; top:calc(45%);transform: translate(-50%, -50%);text-align: center; color: white; font-size: 60px;"">上进</p><p style=""position:absolute; text-align: center;font-size: 25px;color:	#D3D3D3;top:calc(50% + 35%);transform: translate(-50%)"">自己按 f 键 ，朋友按 j 键</p>","j","html-keyboard-response","392","873602","0.0-7.0-9.0-2.75-0.75","5","2","5","1","1","5","3","4","4","5","5","0","0","1","2","-2","1","1","2","5","4","5","4","2","1","2","3","4","3","4","6","4","8","3","7","6","5","7","5","5","3","3","6","2","5","2","5","5","1","2","2","5","1","1","5","5","4","6","3","1","2","2","1","1","2","6","2","1","7","1","1","1","1","1","2","1","7","1","3","799230569765543938","仲","102","Female","[""坏我"",""好我"",""好她"",""坏她""]","[""弱我"",""强我"",""强她"",""弱她""]","","","","","","","","friend","","","","","","","","","SRET","RJ_formal_2","Fri Jan 19 2024 19:12:01 GMT+0800 (中国标准时间)","","","","","","","上进","Positive","ability","","","","","","自己","","","","",""
"null","<div style=""color:white;font-size:80px;line-height:5px;position:absolute;top:calc(50%); transform: translate(-50%, -50%)"">+</div>","null","html-keyboard-response","393","874108","0.0-7.0-9.0-0.76","5","2","5","1","1","5","3","4","4","5","5","0","0","1","2","-2","1","1","2","5","4","5","4","2","1","2","3","4","3","4","6","4","8","3","7","6","5","7","5","5","3","3","6","2","5","2","5","5","1","2","2","5","1","1","5","5","4","6","3","1","2","2","1","1","2","6","2","1","7","1","1","1","1","1","2","1","7","1","3","799230569765543938","仲","102","Female","[""坏我"",""好我"",""好她"",""坏她""]","[""弱我"",""强我"",""强她"",""弱她""]","","","","","","","","","","","","","","","","","","","","","","","","","","","","","","","","","","","","","","",""
"596","<p style=""position: absolute; top:calc(45%);;transform: translate(-50%, -50%);text-align: center; color: white; font-size: 60px;"">狡狯</p><p style=""position:absolute; text-align: center;color:	#D3D3D3;font-size: 25px;top:calc(50% + 35%);transform: translate(-50%)"">新词按 “1” ，熟悉按 “2” ，旧词按 “3”</p>","1","html-keyboard-response","394","874705","0.0-7.0-9.0-1.76","5","2","5","1","1","5","3","4","4","5","5","0","0","1","2","-2","1","1","2","5","4","5","4","2","1","2","3","4","3","4","6","4","8","3","7","6","5","7","5","5","3","3","6","2","5","2","5","5","1","2","2","5","1","1","5","5","4","6","3","1","2","2","1","1","2","6","2","1","7","1","1","1","1","1","2","1","7","1","3","799230569765543938","仲","102","Female","[""坏我"",""好我"",""好她"",""坏她""]","[""弱我"",""强我"",""强她"",""弱她""]","","","","","","","","new","","","","","","","","","SRET","RJ_formal1","Fri Jan 19 2024 19:12:01 GMT+0800 (中国标准时间)","","","","","","NA","狡狯","Negative","morality","","","1","","","new","","","","",""
"null","<div style=""color:white;font-size:80px;line-height:5px;position:absolute;top:calc(50%); transform: translate(-50%, -50%)"">+</div>","null","html-keyboard-response","395","875209","0.0-7.0-9.0-0.77","5","2","5","1","1","5","3","4","4","5","5","0","0","1","2","-2","1","1","2","5","4","5","4","2","1","2","3","4","3","4","6","4","8","3","7","6","5","7","5","5","3","3","6","2","5","2","5","5","1","2","2","5","1","1","5","5","4","6","3","1","2","2","1","1","2","6","2","1","7","1","1","1","1","1","2","1","7","1","3","799230569765543938","仲","102","Female","[""坏我"",""好我"",""好她"",""坏她""]","[""弱我"",""强我"",""强她"",""弱她""]","","","","","","","","","","","","","","","","","","","","","","","","","","","","","","","","","","","","","","",""
"1879","<p style=""position: absolute; top:calc(45%);;transform: translate(-50%, -50%);text-align: center; color: white; font-size: 60px;"">刻薄</p><p style=""position:absolute; text-align: center;color:	#D3D3D3;font-size: 25px;top:calc(50% + 35%);transform: translate(-50%)"">新词按 “1” ，熟悉按 “2” ，旧词按 “3”</p>","3","html-keyboard-response","396","877089","0.0-7.0-9.0-1.77","5","2","5","1","1","5","3","4","4","5","5","0","0","1","2","-2","1","1","2","5","4","5","4","2","1","2","3","4","3","4","6","4","8","3","7","6","5","7","5","5","3","3","6","2","5","2","5","5","1","2","2","5","1","1","5","5","4","6","3","1","2","2","1","1","2","6","2","1","7","1","1","1","1","1","2","1","7","1","3","799230569765543938","仲","102","Female","[""坏我"",""好我"",""好她"",""坏她""]","[""弱我"",""强我"",""强她"",""弱她""]","","","","","","","","old","","","","","","","","","SRET","RJ_formal1","Fri Jan 19 2024 19:12:01 GMT+0800 (中国标准时间)","","","","","","自己","刻薄","Negative","morality","","","1","","","old","","","","",""
"282","<p style=""position: absolute; top:calc(45%);transform: translate(-50%, -50%);text-align: center; color: white; font-size: 60px;"">刻薄</p><p style=""position:absolute; text-align: center;font-size: 25px;color:	#D3D3D3;top:calc(50% + 35%);transform: translate(-50%)"">自己按 f 键 ，朋友按 j 键</p>","j","html-keyboard-response","397","877373","0.0-7.0-9.0-2.77-0.77","5","2","5","1","1","5","3","4","4","5","5","0","0","1","2","-2","1","1","2","5","4","5","4","2","1","2","3","4","3","4","6","4","8","3","7","6","5","7","5","5","3","3","6","2","5","2","5","5","1","2","2","5","1","1","5","5","4","6","3","1","2","2","1","1","2","6","2","1","7","1","1","1","1","1","2","1","7","1","3","799230569765543938","仲","102","Female","[""坏我"",""好我"",""好她"",""坏她""]","[""弱我"",""强我"",""强她"",""弱她""]","","","","","","","","friend","","","","","","","","","SRET","RJ_formal_2","Fri Jan 19 2024 19:12:01 GMT+0800 (中国标准时间)","","","","","","","刻薄","Negative","morality","","","","","","自己","","","","",""
"null","<div style=""color:white;font-size:80px;line-height:5px;position:absolute;top:calc(50%); transform: translate(-50%, -50%)"">+</div>","null","html-keyboard-response","398","877876","0.0-7.0-9.0-0.78","5","2","5","1","1","5","3","4","4","5","5","0","0","1","2","-2","1","1","2","5","4","5","4","2","1","2","3","4","3","4","6","4","8","3","7","6","5","7","5","5","3","3","6","2","5","2","5","5","1","2","2","5","1","1","5","5","4","6","3","1","2","2","1","1","2","6","2","1","7","1","1","1","1","1","2","1","7","1","3","799230569765543938","仲","102","Female","[""坏我"",""好我"",""好她"",""坏她""]","[""弱我"",""强我"",""强她"",""弱她""]","","","","","","","","","","","","","","","","","","","","","","","","","","","","","","","","","","","","","","",""
"687","<p style=""position: absolute; top:calc(45%);;transform: translate(-50%, -50%);text-align: center; color: white; font-size: 60px;"">变通</p><p style=""position:absolute; text-align: center;color:	#D3D3D3;font-size: 25px;top:calc(50% + 35%);transform: translate(-50%)"">新词按 “1” ，熟悉按 “2” ，旧词按 “3”</p>","1","html-keyboard-response","399","878564","0.0-7.0-9.0-1.78","5","2","5","1","1","5","3","4","4","5","5","0","0","1","2","-2","1","1","2","5","4","5","4","2","1","2","3","4","3","4","6","4","8","3","7","6","5","7","5","5","3","3","6","2","5","2","5","5","1","2","2","5","1","1","5","5","4","6","3","1","2","2","1","1","2","6","2","1","7","1","1","1","1","1","2","1","7","1","3","799230569765543938","仲","102","Female","[""坏我"",""好我"",""好她"",""坏她""]","[""弱我"",""强我"",""强她"",""弱她""]","","","","","","","","new","","","","","","","","","SRET","RJ_formal1","Fri Jan 19 2024 19:12:01 GMT+0800 (中国标准时间)","","","","","","NA","变通","Positive","ability","","","1","","","new","","","","",""
"null","<div style=""color:white;font-size:80px;line-height:5px;position:absolute;top:calc(50%); transform: translate(-50%, -50%)"">+</div>","null","html-keyboard-response","400","879071","0.0-7.0-9.0-0.79","5","2","5","1","1","5","3","4","4","5","5","0","0","1","2","-2","1","1","2","5","4","5","4","2","1","2","3","4","3","4","6","4","8","3","7","6","5","7","5","5","3","3","6","2","5","2","5","5","1","2","2","5","1","1","5","5","4","6","3","1","2","2","1","1","2","6","2","1","7","1","1","1","1","1","2","1","7","1","3","799230569765543938","仲","102","Female","[""坏我"",""好我"",""好她"",""坏她""]","[""弱我"",""强我"",""强她"",""弱她""]","","","","","","","","","","","","","","","","","","","","","","","","","","","","","","","","","","","","","","",""
"4905","<p style=""position: absolute; top:calc(45%);;transform: translate(-50%, -50%);text-align: center; color: white; font-size: 60px;"">罪恶</p><p style=""position:absolute; text-align: center;color:	#D3D3D3;font-size: 25px;top:calc(50% + 35%);transform: translate(-50%)"">新词按 “1” ，熟悉按 “2” ，旧词按 “3”</p>","2","html-keyboard-response","401","883977","0.0-7.0-9.0-1.79","5","2","5","1","1","5","3","4","4","5","5","0","0","1","2","-2","1","1","2","5","4","5","4","2","1","2","3","4","3","4","6","4","8","3","7","6","5","7","5","5","3","3","6","2","5","2","5","5","1","2","2","5","1","1","5","5","4","6","3","1","2","2","1","1","2","6","2","1","7","1","1","1","1","1","2","1","7","1","3","799230569765543938","仲","102","Female","[""坏我"",""好我"",""好她"",""坏她""]","[""弱我"",""强我"",""强她"",""弱她""]","","","","","","","","familiar","","","","","","","","","SRET","RJ_formal1","Fri Jan 19 2024 19:12:01 GMT+0800 (中国标准时间)","","","","","","朋友","罪恶","Negative","morality","","","1","","","old","","","","",""
"292","<p style=""position: absolute; top:calc(45%);transform: translate(-50%, -50%);text-align: center; color: white; font-size: 60px;"">罪恶</p><p style=""position:absolute; text-align: center;font-size: 25px;color:	#D3D3D3;top:calc(50% + 35%);transform: translate(-50%)"">自己按 f 键 ，朋友按 j 键</p>","f","html-keyboard-response","402","884271","0.0-7.0-9.0-2.79-0.79","5","2","5","1","1","5","3","4","4","5","5","0","0","1","2","-2","1","1","2","5","4","5","4","2","1","2","3","4","3","4","6","4","8","3","7","6","5","7","5","5","3","3","6","2","5","2","5","5","1","2","2","5","1","1","5","5","4","6","3","1","2","2","1","1","2","6","2","1","7","1","1","1","1","1","2","1","7","1","3","799230569765543938","仲","102","Female","[""坏我"",""好我"",""好她"",""坏她""]","[""弱我"",""强我"",""强她"",""弱她""]","","","","","","","","self","","","","","","","","","SRET","RJ_formal_2","Fri Jan 19 2024 19:12:01 GMT+0800 (中国标准时间)","","","","","","","罪恶","Negative","morality","","","","","","朋友","","","","",""
"null","<div style=""color:white;font-size:80px;line-height:5px;position:absolute;top:calc(50%); transform: translate(-50%, -50%)"">+</div>","null","html-keyboard-response","403","884774","0.0-7.0-9.0-0.80","5","2","5","1","1","5","3","4","4","5","5","0","0","1","2","-2","1","1","2","5","4","5","4","2","1","2","3","4","3","4","6","4","8","3","7","6","5","7","5","5","3","3","6","2","5","2","5","5","1","2","2","5","1","1","5","5","4","6","3","1","2","2","1","1","2","6","2","1","7","1","1","1","1","1","2","1","7","1","3","799230569765543938","仲","102","Female","[""坏我"",""好我"",""好她"",""坏她""]","[""弱我"",""强我"",""强她"",""弱她""]","","","","","","","","","","","","","","","","","","","","","","","","","","","","","","","","","","","","","","",""
"3065","<p style=""position: absolute; top:calc(45%);;transform: translate(-50%, -50%);text-align: center; color: white; font-size: 60px;"">无耻</p><p style=""position:absolute; text-align: center;color:	#D3D3D3;font-size: 25px;top:calc(50% + 35%);transform: translate(-50%)"">新词按 “1” ，熟悉按 “2” ，旧词按 “3”</p>","2","html-keyboard-response","404","887840","0.0-7.0-9.0-1.80","5","2","5","1","1","5","3","4","4","5","5","0","0","1","2","-2","1","1","2","5","4","5","4","2","1","2","3","4","3","4","6","4","8","3","7","6","5","7","5","5","3","3","6","2","5","2","5","5","1","2","2","5","1","1","5","5","4","6","3","1","2","2","1","1","2","6","2","1","7","1","1","1","1","1","2","1","7","1","3","799230569765543938","仲","102","Female","[""坏我"",""好我"",""好她"",""坏她""]","[""弱我"",""强我"",""强她"",""弱她""]","","","","","","","","familiar","","","","","","","","","SRET","RJ_formal1","Fri Jan 19 2024 19:12:01 GMT+0800 (中国标准时间)","","","","","","自己","无耻","Negative","morality","","","1","","","old","","","","",""
"275","<p style=""position: absolute; top:calc(45%);transform: translate(-50%, -50%);text-align: center; color: white; font-size: 60px;"">无耻</p><p style=""position:absolute; text-align: center;font-size: 25px;color:	#D3D3D3;top:calc(50% + 35%);transform: translate(-50%)"">自己按 f 键 ，朋友按 j 键</p>","j","html-keyboard-response","405","888117","0.0-7.0-9.0-2.80-0.80","5","2","5","1","1","5","3","4","4","5","5","0","0","1","2","-2","1","1","2","5","4","5","4","2","1","2","3","4","3","4","6","4","8","3","7","6","5","7","5","5","3","3","6","2","5","2","5","5","1","2","2","5","1","1","5","5","4","6","3","1","2","2","1","1","2","6","2","1","7","1","1","1","1","1","2","1","7","1","3","799230569765543938","仲","102","Female","[""坏我"",""好我"",""好她"",""坏她""]","[""弱我"",""强我"",""强她"",""弱她""]","","","","","","","","friend","","","","","","","","","SRET","RJ_formal_2","Fri Jan 19 2024 19:12:01 GMT+0800 (中国标准时间)","","","","","","","无耻","Negative","morality","","","","","","自己","","","","",""
"null","<div style=""color:white;font-size:80px;line-height:5px;position:absolute;top:calc(50%); transform: translate(-50%, -50%)"">+</div>","null","html-keyboard-response","406","888624","0.0-7.0-9.0-0.81","5","2","5","1","1","5","3","4","4","5","5","0","0","1","2","-2","1","1","2","5","4","5","4","2","1","2","3","4","3","4","6","4","8","3","7","6","5","7","5","5","3","3","6","2","5","2","5","5","1","2","2","5","1","1","5","5","4","6","3","1","2","2","1","1","2","6","2","1","7","1","1","1","1","1","2","1","7","1","3","799230569765543938","仲","102","Female","[""坏我"",""好我"",""好她"",""坏她""]","[""弱我"",""强我"",""强她"",""弱她""]","","","","","","","","","","","","","","","","","","","","","","","","","","","","","","","","","","","","","","",""
"827","<p style=""position: absolute; top:calc(45%);;transform: translate(-50%, -50%);text-align: center; color: white; font-size: 60px;"">拖拉</p><p style=""position:absolute; text-align: center;color:	#D3D3D3;font-size: 25px;top:calc(50% + 35%);transform: translate(-50%)"">新词按 “1” ，熟悉按 “2” ，旧词按 “3”</p>","1","html-keyboard-response","407","889452","0.0-7.0-9.0-1.81","5","2","5","1","1","5","3","4","4","5","5","0","0","1","2","-2","1","1","2","5","4","5","4","2","1","2","3","4","3","4","6","4","8","3","7","6","5","7","5","5","3","3","6","2","5","2","5","5","1","2","2","5","1","1","5","5","4","6","3","1","2","2","1","1","2","6","2","1","7","1","1","1","1","1","2","1","7","1","3","799230569765543938","仲","102","Female","[""坏我"",""好我"",""好她"",""坏她""]","[""弱我"",""强我"",""强她"",""弱她""]","","","","","","","","new","","","","","","","","","SRET","RJ_formal1","Fri Jan 19 2024 19:12:01 GMT+0800 (中国标准时间)","","","","","","NA","拖拉","Negative","ability","","","1","","","new","","","","",""
"null","<div style=""color:white;font-size:80px;line-height:5px;position:absolute;top:calc(50%); transform: translate(-50%, -50%)"">+</div>","null","html-keyboard-response","408","889955","0.0-7.0-9.0-0.82","5","2","5","1","1","5","3","4","4","5","5","0","0","1","2","-2","1","1","2","5","4","5","4","2","1","2","3","4","3","4","6","4","8","3","7","6","5","7","5","5","3","3","6","2","5","2","5","5","1","2","2","5","1","1","5","5","4","6","3","1","2","2","1","1","2","6","2","1","7","1","1","1","1","1","2","1","7","1","3","799230569765543938","仲","102","Female","[""坏我"",""好我"",""好她"",""坏她""]","[""弱我"",""强我"",""强她"",""弱她""]","","","","","","","","","","","","","","","","","","","","","","","","","","","","","","","","","","","","","","",""
"586","<p style=""position: absolute; top:calc(45%);;transform: translate(-50%, -50%);text-align: center; color: white; font-size: 60px;"">淫乱</p><p style=""position:absolute; text-align: center;color:	#D3D3D3;font-size: 25px;top:calc(50% + 35%);transform: translate(-50%)"">新词按 “1” ，熟悉按 “2” ，旧词按 “3”</p>","1","html-keyboard-response","409","890542","0.0-7.0-9.0-1.82","5","2","5","1","1","5","3","4","4","5","5","0","0","1","2","-2","1","1","2","5","4","5","4","2","1","2","3","4","3","4","6","4","8","3","7","6","5","7","5","5","3","3","6","2","5","2","5","5","1","2","2","5","1","1","5","5","4","6","3","1","2","2","1","1","2","6","2","1","7","1","1","1","1","1","2","1","7","1","3","799230569765543938","仲","102","Female","[""坏我"",""好我"",""好她"",""坏她""]","[""弱我"",""强我"",""强她"",""弱她""]","","","","","","","","new","","","","","","","","","SRET","RJ_formal1","Fri Jan 19 2024 19:12:01 GMT+0800 (中国标准时间)","","","","","","NA","淫乱","Negative","morality","","","1","","","new","","","","",""
"null","<div style=""color:white;font-size:80px;line-height:5px;position:absolute;top:calc(50%); transform: translate(-50%, -50%)"">+</div>","null","html-keyboard-response","410","891045","0.0-7.0-9.0-0.83","5","2","5","1","1","5","3","4","4","5","5","0","0","1","2","-2","1","1","2","5","4","5","4","2","1","2","3","4","3","4","6","4","8","3","7","6","5","7","5","5","3","3","6","2","5","2","5","5","1","2","2","5","1","1","5","5","4","6","3","1","2","2","1","1","2","6","2","1","7","1","1","1","1","1","2","1","7","1","3","799230569765543938","仲","102","Female","[""坏我"",""好我"",""好她"",""坏她""]","[""弱我"",""强我"",""强她"",""弱她""]","","","","","","","","","","","","","","","","","","","","","","","","","","","","","","","","","","","","","","",""
"1039","<p style=""position: absolute; top:calc(45%);;transform: translate(-50%, -50%);text-align: center; color: white; font-size: 60px;"">邪恶</p><p style=""position:absolute; text-align: center;color:	#D3D3D3;font-size: 25px;top:calc(50% + 35%);transform: translate(-50%)"">新词按 “1” ，熟悉按 “2” ，旧词按 “3”</p>","1","html-keyboard-response","411","892086","0.0-7.0-9.0-1.83","5","2","5","1","1","5","3","4","4","5","5","0","0","1","2","-2","1","1","2","5","4","5","4","2","1","2","3","4","3","4","6","4","8","3","7","6","5","7","5","5","3","3","6","2","5","2","5","5","1","2","2","5","1","1","5","5","4","6","3","1","2","2","1","1","2","6","2","1","7","1","1","1","1","1","2","1","7","1","3","799230569765543938","仲","102","Female","[""坏我"",""好我"",""好她"",""坏她""]","[""弱我"",""强我"",""强她"",""弱她""]","","","","","","","","new","","","","","","","","","SRET","RJ_formal1","Fri Jan 19 2024 19:12:01 GMT+0800 (中国标准时间)","","","","","","朋友","邪恶","Negative","morality","","","0","","","old","","","","",""
"null","<div style=""color:white;font-size:80px;line-height:5px;position:absolute;top:calc(50%); transform: translate(-50%, -50%)"">+</div>","null","html-keyboard-response","412","892595","0.0-7.0-9.0-0.84","5","2","5","1","1","5","3","4","4","5","5","0","0","1","2","-2","1","1","2","5","4","5","4","2","1","2","3","4","3","4","6","4","8","3","7","6","5","7","5","5","3","3","6","2","5","2","5","5","1","2","2","5","1","1","5","5","4","6","3","1","2","2","1","1","2","6","2","1","7","1","1","1","1","1","2","1","7","1","3","799230569765543938","仲","102","Female","[""坏我"",""好我"",""好她"",""坏她""]","[""弱我"",""强我"",""强她"",""弱她""]","","","","","","","","","","","","","","","","","","","","","","","","","","","","","","","","","","","","","","",""
"3126","<p style=""position: absolute; top:calc(45%);;transform: translate(-50%, -50%);text-align: center; color: white; font-size: 60px;"">愚痴</p><p style=""position:absolute; text-align: center;color:	#D3D3D3;font-size: 25px;top:calc(50% + 35%);transform: translate(-50%)"">新词按 “1” ，熟悉按 “2” ，旧词按 “3”</p>","1","html-keyboard-response","413","895723","0.0-7.0-9.0-1.84","5","2","5","1","1","5","3","4","4","5","5","0","0","1","2","-2","1","1","2","5","4","5","4","2","1","2","3","4","3","4","6","4","8","3","7","6","5","7","5","5","3","3","6","2","5","2","5","5","1","2","2","5","1","1","5","5","4","6","3","1","2","2","1","1","2","6","2","1","7","1","1","1","1","1","2","1","7","1","3","799230569765543938","仲","102","Female","[""坏我"",""好我"",""好她"",""坏她""]","[""弱我"",""强我"",""强她"",""弱她""]","","","","","","","","new","","","","","","","","","SRET","RJ_formal1","Fri Jan 19 2024 19:12:01 GMT+0800 (中国标准时间)","","","","","","朋友","愚痴","Negative","ability","","","0","","","old","","","","",""
"null","<div style=""color:white;font-size:80px;line-height:5px;position:absolute;top:calc(50%); transform: translate(-50%, -50%)"">+</div>","null","html-keyboard-response","414","896229","0.0-7.0-9.0-0.85","5","2","5","1","1","5","3","4","4","5","5","0","0","1","2","-2","1","1","2","5","4","5","4","2","1","2","3","4","3","4","6","4","8","3","7","6","5","7","5","5","3","3","6","2","5","2","5","5","1","2","2","5","1","1","5","5","4","6","3","1","2","2","1","1","2","6","2","1","7","1","1","1","1","1","2","1","7","1","3","799230569765543938","仲","102","Female","[""坏我"",""好我"",""好她"",""坏她""]","[""弱我"",""强我"",""强她"",""弱她""]","","","","","","","","","","","","","","","","","","","","","","","","","","","","","","","","","","","","","","",""
"744","<p style=""position: absolute; top:calc(45%);;transform: translate(-50%, -50%);text-align: center; color: white; font-size: 60px;"">腐败</p><p style=""position:absolute; text-align: center;color:	#D3D3D3;font-size: 25px;top:calc(50% + 35%);transform: translate(-50%)"">新词按 “1” ，熟悉按 “2” ，旧词按 “3”</p>","1","html-keyboard-response","415","896973","0.0-7.0-9.0-1.85","5","2","5","1","1","5","3","4","4","5","5","0","0","1","2","-2","1","1","2","5","4","5","4","2","1","2","3","4","3","4","6","4","8","3","7","6","5","7","5","5","3","3","6","2","5","2","5","5","1","2","2","5","1","1","5","5","4","6","3","1","2","2","1","1","2","6","2","1","7","1","1","1","1","1","2","1","7","1","3","799230569765543938","仲","102","Female","[""坏我"",""好我"",""好她"",""坏她""]","[""弱我"",""强我"",""强她"",""弱她""]","","","","","","","","new","","","","","","","","","SRET","RJ_formal1","Fri Jan 19 2024 19:12:01 GMT+0800 (中国标准时间)","","","","","","NA","腐败","Negative","morality","","","1","","","new","","","","",""
"null","<div style=""color:white;font-size:80px;line-height:5px;position:absolute;top:calc(50%); transform: translate(-50%, -50%)"">+</div>","null","html-keyboard-response","416","897475","0.0-7.0-9.0-0.86","5","2","5","1","1","5","3","4","4","5","5","0","0","1","2","-2","1","1","2","5","4","5","4","2","1","2","3","4","3","4","6","4","8","3","7","6","5","7","5","5","3","3","6","2","5","2","5","5","1","2","2","5","1","1","5","5","4","6","3","1","2","2","1","1","2","6","2","1","7","1","1","1","1","1","2","1","7","1","3","799230569765543938","仲","102","Female","[""坏我"",""好我"",""好她"",""坏她""]","[""弱我"",""强我"",""强她"",""弱她""]","","","","","","","","","","","","","","","","","","","","","","","","","","","","","","","","","","","","","","",""
"2158","<p style=""position: absolute; top:calc(45%);;transform: translate(-50%, -50%);text-align: center; color: white; font-size: 60px;"">废物</p><p style=""position:absolute; text-align: center;color:	#D3D3D3;font-size: 25px;top:calc(50% + 35%);transform: translate(-50%)"">新词按 “1” ，熟悉按 “2” ，旧词按 “3”</p>","2","html-keyboard-response","417","899634","0.0-7.0-9.0-1.86","5","2","5","1","1","5","3","4","4","5","5","0","0","1","2","-2","1","1","2","5","4","5","4","2","1","2","3","4","3","4","6","4","8","3","7","6","5","7","5","5","3","3","6","2","5","2","5","5","1","2","2","5","1","1","5","5","4","6","3","1","2","2","1","1","2","6","2","1","7","1","1","1","1","1","2","1","7","1","3","799230569765543938","仲","102","Female","[""坏我"",""好我"",""好她"",""坏她""]","[""弱我"",""强我"",""强她"",""弱她""]","","","","","","","","familiar","","","","","","","","","SRET","RJ_formal1","Fri Jan 19 2024 19:12:01 GMT+0800 (中国标准时间)","","","","","","自己","废物","Negative","ability","","","1","","","old","","","","",""
"343","<p style=""position: absolute; top:calc(45%);transform: translate(-50%, -50%);text-align: center; color: white; font-size: 60px;"">废物</p><p style=""position:absolute; text-align: center;font-size: 25px;color:	#D3D3D3;top:calc(50% + 35%);transform: translate(-50%)"">自己按 f 键 ，朋友按 j 键</p>","f","html-keyboard-response","418","899978","0.0-7.0-9.0-2.86-0.86","5","2","5","1","1","5","3","4","4","5","5","0","0","1","2","-2","1","1","2","5","4","5","4","2","1","2","3","4","3","4","6","4","8","3","7","6","5","7","5","5","3","3","6","2","5","2","5","5","1","2","2","5","1","1","5","5","4","6","3","1","2","2","1","1","2","6","2","1","7","1","1","1","1","1","2","1","7","1","3","799230569765543938","仲","102","Female","[""坏我"",""好我"",""好她"",""坏她""]","[""弱我"",""强我"",""强她"",""弱她""]","","","","","","","","self","","","","","","","","","SRET","RJ_formal_2","Fri Jan 19 2024 19:12:01 GMT+0800 (中国标准时间)","","","","","","","废物","Negative","ability","","","","","","自己","","","","",""
"null","<div style=""color:white;font-size:80px;line-height:5px;position:absolute;top:calc(50%); transform: translate(-50%, -50%)"">+</div>","null","html-keyboard-response","419","900484","0.0-7.0-9.0-0.87","5","2","5","1","1","5","3","4","4","5","5","0","0","1","2","-2","1","1","2","5","4","5","4","2","1","2","3","4","3","4","6","4","8","3","7","6","5","7","5","5","3","3","6","2","5","2","5","5","1","2","2","5","1","1","5","5","4","6","3","1","2","2","1","1","2","6","2","1","7","1","1","1","1","1","2","1","7","1","3","799230569765543938","仲","102","Female","[""坏我"",""好我"",""好她"",""坏她""]","[""弱我"",""强我"",""强她"",""弱她""]","","","","","","","","","","","","","","","","","","","","","","","","","","","","","","","","","","","","","","",""
"789","<p style=""position: absolute; top:calc(45%);;transform: translate(-50%, -50%);text-align: center; color: white; font-size: 60px;"">失信</p><p style=""position:absolute; text-align: center;color:	#D3D3D3;font-size: 25px;top:calc(50% + 35%);transform: translate(-50%)"">新词按 “1” ，熟悉按 “2” ，旧词按 “3”</p>","1","html-keyboard-response","420","901273","0.0-7.0-9.0-1.87","5","2","5","1","1","5","3","4","4","5","5","0","0","1","2","-2","1","1","2","5","4","5","4","2","1","2","3","4","3","4","6","4","8","3","7","6","5","7","5","5","3","3","6","2","5","2","5","5","1","2","2","5","1","1","5","5","4","6","3","1","2","2","1","1","2","6","2","1","7","1","1","1","1","1","2","1","7","1","3","799230569765543938","仲","102","Female","[""坏我"",""好我"",""好她"",""坏她""]","[""弱我"",""强我"",""强她"",""弱她""]","","","","","","","","new","","","","","","","","","SRET","RJ_formal1","Fri Jan 19 2024 19:12:01 GMT+0800 (中国标准时间)","","","","","","朋友","失信","Negative","morality","","","0","","","old","","","","",""
"null","<div style=""color:white;font-size:80px;line-height:5px;position:absolute;top:calc(50%); transform: translate(-50%, -50%)"">+</div>","null","html-keyboard-response","421","901780","0.0-7.0-9.0-0.88","5","2","5","1","1","5","3","4","4","5","5","0","0","1","2","-2","1","1","2","5","4","5","4","2","1","2","3","4","3","4","6","4","8","3","7","6","5","7","5","5","3","3","6","2","5","2","5","5","1","2","2","5","1","1","5","5","4","6","3","1","2","2","1","1","2","6","2","1","7","1","1","1","1","1","2","1","7","1","3","799230569765543938","仲","102","Female","[""坏我"",""好我"",""好她"",""坏她""]","[""弱我"",""强我"",""强她"",""弱她""]","","","","","","","","","","","","","","","","","","","","","","","","","","","","","","","","","","","","","","",""
"1099","<p style=""position: absolute; top:calc(45%);;transform: translate(-50%, -50%);text-align: center; color: white; font-size: 60px;"">沉着</p><p style=""position:absolute; text-align: center;color:	#D3D3D3;font-size: 25px;top:calc(50% + 35%);transform: translate(-50%)"">新词按 “1” ，熟悉按 “2” ，旧词按 “3”</p>","1","html-keyboard-response","422","902881","0.0-7.0-9.0-1.88","5","2","5","1","1","5","3","4","4","5","5","0","0","1","2","-2","1","1","2","5","4","5","4","2","1","2","3","4","3","4","6","4","8","3","7","6","5","7","5","5","3","3","6","2","5","2","5","5","1","2","2","5","1","1","5","5","4","6","3","1","2","2","1","1","2","6","2","1","7","1","1","1","1","1","2","1","7","1","3","799230569765543938","仲","102","Female","[""坏我"",""好我"",""好她"",""坏她""]","[""弱我"",""强我"",""强她"",""弱她""]","","","","","","","","new","","","","","","","","","SRET","RJ_formal1","Fri Jan 19 2024 19:12:01 GMT+0800 (中国标准时间)","","","","","","NA","沉着","Positive","ability","","","1","","","new","","","","",""
"null","<div style=""color:white;font-size:80px;line-height:5px;position:absolute;top:calc(50%); transform: translate(-50%, -50%)"">+</div>","null","html-keyboard-response","423","903384","0.0-7.0-9.0-0.89","5","2","5","1","1","5","3","4","4","5","5","0","0","1","2","-2","1","1","2","5","4","5","4","2","1","2","3","4","3","4","6","4","8","3","7","6","5","7","5","5","3","3","6","2","5","2","5","5","1","2","2","5","1","1","5","5","4","6","3","1","2","2","1","1","2","6","2","1","7","1","1","1","1","1","2","1","7","1","3","799230569765543938","仲","102","Female","[""坏我"",""好我"",""好她"",""坏她""]","[""弱我"",""强我"",""强她"",""弱她""]","","","","","","","","","","","","","","","","","","","","","","","","","","","","","","","","","","","","","","",""
"1142","<p style=""position: absolute; top:calc(45%);;transform: translate(-50%, -50%);text-align: center; color: white; font-size: 60px;"">宽容</p><p style=""position:absolute; text-align: center;color:	#D3D3D3;font-size: 25px;top:calc(50% + 35%);transform: translate(-50%)"">新词按 “1” ，熟悉按 “2” ，旧词按 “3”</p>","1","html-keyboard-response","424","904527","0.0-7.0-9.0-1.89","5","2","5","1","1","5","3","4","4","5","5","0","0","1","2","-2","1","1","2","5","4","5","4","2","1","2","3","4","3","4","6","4","8","3","7","6","5","7","5","5","3","3","6","2","5","2","5","5","1","2","2","5","1","1","5","5","4","6","3","1","2","2","1","1","2","6","2","1","7","1","1","1","1","1","2","1","7","1","3","799230569765543938","仲","102","Female","[""坏我"",""好我"",""好她"",""坏她""]","[""弱我"",""强我"",""强她"",""弱她""]","","","","","","","","new","","","","","","","","","SRET","RJ_formal1","Fri Jan 19 2024 19:12:01 GMT+0800 (中国标准时间)","","","","","","NA","宽容","Positive","morality","","","1","","","new","","","","",""
"null","<div style=""color:white;font-size:80px;line-height:5px;position:absolute;top:calc(50%); transform: translate(-50%, -50%)"">+</div>","null","html-keyboard-response","425","905029","0.0-7.0-9.0-0.90","5","2","5","1","1","5","3","4","4","5","5","0","0","1","2","-2","1","1","2","5","4","5","4","2","1","2","3","4","3","4","6","4","8","3","7","6","5","7","5","5","3","3","6","2","5","2","5","5","1","2","2","5","1","1","5","5","4","6","3","1","2","2","1","1","2","6","2","1","7","1","1","1","1","1","2","1","7","1","3","799230569765543938","仲","102","Female","[""坏我"",""好我"",""好她"",""坏她""]","[""弱我"",""强我"",""强她"",""弱她""]","","","","","","","","","","","","","","","","","","","","","","","","","","","","","","","","","","","","","","",""
"707","<p style=""position: absolute; top:calc(45%);;transform: translate(-50%, -50%);text-align: center; color: white; font-size: 60px;"">敏捷</p><p style=""position:absolute; text-align: center;color:	#D3D3D3;font-size: 25px;top:calc(50% + 35%);transform: translate(-50%)"">新词按 “1” ，熟悉按 “2” ，旧词按 “3”</p>","1","html-keyboard-response","426","905737","0.0-7.0-9.0-1.90","5","2","5","1","1","5","3","4","4","5","5","0","0","1","2","-2","1","1","2","5","4","5","4","2","1","2","3","4","3","4","6","4","8","3","7","6","5","7","5","5","3","3","6","2","5","2","5","5","1","2","2","5","1","1","5","5","4","6","3","1","2","2","1","1","2","6","2","1","7","1","1","1","1","1","2","1","7","1","3","799230569765543938","仲","102","Female","[""坏我"",""好我"",""好她"",""坏她""]","[""弱我"",""强我"",""强她"",""弱她""]","","","","","","","","new","","","","","","","","","SRET","RJ_formal1","Fri Jan 19 2024 19:12:01 GMT+0800 (中国标准时间)","","","","","","NA","敏捷","Positive","ability","","","1","","","new","","","","",""
"null","<div style=""color:white;font-size:80px;line-height:5px;position:absolute;top:calc(50%); transform: translate(-50%, -50%)"">+</div>","null","html-keyboard-response","427","906242","0.0-7.0-9.0-0.91","5","2","5","1","1","5","3","4","4","5","5","0","0","1","2","-2","1","1","2","5","4","5","4","2","1","2","3","4","3","4","6","4","8","3","7","6","5","7","5","5","3","3","6","2","5","2","5","5","1","2","2","5","1","1","5","5","4","6","3","1","2","2","1","1","2","6","2","1","7","1","1","1","1","1","2","1","7","1","3","799230569765543938","仲","102","Female","[""坏我"",""好我"",""好她"",""坏她""]","[""弱我"",""强我"",""强她"",""弱她""]","","","","","","","","","","","","","","","","","","","","","","","","","","","","","","","","","","","","","","",""
"1359","<p style=""position: absolute; top:calc(45%);;transform: translate(-50%, -50%);text-align: center; color: white; font-size: 60px;"">慈悲</p><p style=""position:absolute; text-align: center;color:	#D3D3D3;font-size: 25px;top:calc(50% + 35%);transform: translate(-50%)"">新词按 “1” ，熟悉按 “2” ，旧词按 “3”</p>","3","html-keyboard-response","428","907602","0.0-7.0-9.0-1.91","5","2","5","1","1","5","3","4","4","5","5","0","0","1","2","-2","1","1","2","5","4","5","4","2","1","2","3","4","3","4","6","4","8","3","7","6","5","7","5","5","3","3","6","2","5","2","5","5","1","2","2","5","1","1","5","5","4","6","3","1","2","2","1","1","2","6","2","1","7","1","1","1","1","1","2","1","7","1","3","799230569765543938","仲","102","Female","[""坏我"",""好我"",""好她"",""坏她""]","[""弱我"",""强我"",""强她"",""弱她""]","","","","","","","","old","","","","","","","","","SRET","RJ_formal1","Fri Jan 19 2024 19:12:01 GMT+0800 (中国标准时间)","","","","","","自己","慈悲","Positive","morality","","","1","","","old","","","","",""
"329","<p style=""position: absolute; top:calc(45%);transform: translate(-50%, -50%);text-align: center; color: white; font-size: 60px;"">慈悲</p><p style=""position:absolute; text-align: center;font-size: 25px;color:	#D3D3D3;top:calc(50% + 35%);transform: translate(-50%)"">自己按 f 键 ，朋友按 j 键</p>","f","html-keyboard-response","429","907933","0.0-7.0-9.0-2.91-0.91","5","2","5","1","1","5","3","4","4","5","5","0","0","1","2","-2","1","1","2","5","4","5","4","2","1","2","3","4","3","4","6","4","8","3","7","6","5","7","5","5","3","3","6","2","5","2","5","5","1","2","2","5","1","1","5","5","4","6","3","1","2","2","1","1","2","6","2","1","7","1","1","1","1","1","2","1","7","1","3","799230569765543938","仲","102","Female","[""坏我"",""好我"",""好她"",""坏她""]","[""弱我"",""强我"",""强她"",""弱她""]","","","","","","","","self","","","","","","","","","SRET","RJ_formal_2","Fri Jan 19 2024 19:12:01 GMT+0800 (中国标准时间)","","","","","","","慈悲","Positive","morality","","","","","","自己","","","","",""
"null","<div style=""color:white;font-size:80px;line-height:5px;position:absolute;top:calc(50%); transform: translate(-50%, -50%)"">+</div>","null","html-keyboard-response","430","908434","0.0-7.0-9.0-0.92","5","2","5","1","1","5","3","4","4","5","5","0","0","1","2","-2","1","1","2","5","4","5","4","2","1","2","3","4","3","4","6","4","8","3","7","6","5","7","5","5","3","3","6","2","5","2","5","5","1","2","2","5","1","1","5","5","4","6","3","1","2","2","1","1","2","6","2","1","7","1","1","1","1","1","2","1","7","1","3","799230569765543938","仲","102","Female","[""坏我"",""好我"",""好她"",""坏她""]","[""弱我"",""强我"",""强她"",""弱她""]","","","","","","","","","","","","","","","","","","","","","","","","","","","","","","","","","","","","","","",""
"2993","<p style=""position: absolute; top:calc(45%);;transform: translate(-50%, -50%);text-align: center; color: white; font-size: 60px;"">弱智</p><p style=""position:absolute; text-align: center;color:	#D3D3D3;font-size: 25px;top:calc(50% + 35%);transform: translate(-50%)"">新词按 “1” ，熟悉按 “2” ，旧词按 “3”</p>","1","html-keyboard-response","431","911427","0.0-7.0-9.0-1.92","5","2","5","1","1","5","3","4","4","5","5","0","0","1","2","-2","1","1","2","5","4","5","4","2","1","2","3","4","3","4","6","4","8","3","7","6","5","7","5","5","3","3","6","2","5","2","5","5","1","2","2","5","1","1","5","5","4","6","3","1","2","2","1","1","2","6","2","1","7","1","1","1","1","1","2","1","7","1","3","799230569765543938","仲","102","Female","[""坏我"",""好我"",""好她"",""坏她""]","[""弱我"",""强我"",""强她"",""弱她""]","","","","","","","","new","","","","","","","","","SRET","RJ_formal1","Fri Jan 19 2024 19:12:01 GMT+0800 (中国标准时间)","","","","","","自己","弱智","Negative","ability","","","0","","","old","","","","",""
"null","<div style=""color:white;font-size:80px;line-height:5px;position:absolute;top:calc(50%); transform: translate(-50%, -50%)"">+</div>","null","html-keyboard-response","432","911930","0.0-7.0-9.0-0.93","5","2","5","1","1","5","3","4","4","5","5","0","0","1","2","-2","1","1","2","5","4","5","4","2","1","2","3","4","3","4","6","4","8","3","7","6","5","7","5","5","3","3","6","2","5","2","5","5","1","2","2","5","1","1","5","5","4","6","3","1","2","2","1","1","2","6","2","1","7","1","1","1","1","1","2","1","7","1","3","799230569765543938","仲","102","Female","[""坏我"",""好我"",""好她"",""坏她""]","[""弱我"",""强我"",""强她"",""弱她""]","","","","","","","","","","","","","","","","","","","","","","","","","","","","","","","","","","","","","","",""
"3209","<p style=""position: absolute; top:calc(45%);;transform: translate(-50%, -50%);text-align: center; color: white; font-size: 60px;"">业余</p><p style=""position:absolute; text-align: center;color:	#D3D3D3;font-size: 25px;top:calc(50% + 35%);transform: translate(-50%)"">新词按 “1” ，熟悉按 “2” ，旧词按 “3”</p>","2","html-keyboard-response","433","915140","0.0-7.0-9.0-1.93","5","2","5","1","1","5","3","4","4","5","5","0","0","1","2","-2","1","1","2","5","4","5","4","2","1","2","3","4","3","4","6","4","8","3","7","6","5","7","5","5","3","3","6","2","5","2","5","5","1","2","2","5","1","1","5","5","4","6","3","1","2","2","1","1","2","6","2","1","7","1","1","1","1","1","2","1","7","1","3","799230569765543938","仲","102","Female","[""坏我"",""好我"",""好她"",""坏她""]","[""弱我"",""强我"",""强她"",""弱她""]","","","","","","","","familiar","","","","","","","","","SRET","RJ_formal1","Fri Jan 19 2024 19:12:01 GMT+0800 (中国标准时间)","","","","","","自己","业余","Negative","ability","","","1","","","old","","","","",""
"321","<p style=""position: absolute; top:calc(45%);transform: translate(-50%, -50%);text-align: center; color: white; font-size: 60px;"">业余</p><p style=""position:absolute; text-align: center;font-size: 25px;color:	#D3D3D3;top:calc(50% + 35%);transform: translate(-50%)"">自己按 f 键 ，朋友按 j 键</p>","f","html-keyboard-response","434","915463","0.0-7.0-9.0-2.93-0.93","5","2","5","1","1","5","3","4","4","5","5","0","0","1","2","-2","1","1","2","5","4","5","4","2","1","2","3","4","3","4","6","4","8","3","7","6","5","7","5","5","3","3","6","2","5","2","5","5","1","2","2","5","1","1","5","5","4","6","3","1","2","2","1","1","2","6","2","1","7","1","1","1","1","1","2","1","7","1","3","799230569765543938","仲","102","Female","[""坏我"",""好我"",""好她"",""坏她""]","[""弱我"",""强我"",""强她"",""弱她""]","","","","","","","","self","","","","","","","","","SRET","RJ_formal_2","Fri Jan 19 2024 19:12:01 GMT+0800 (中国标准时间)","","","","","","","业余","Negative","ability","","","","","","自己","","","","",""
"null","<div style=""color:white;font-size:80px;line-height:5px;position:absolute;top:calc(50%); transform: translate(-50%, -50%)"">+</div>","null","html-keyboard-response","435","915971","0.0-7.0-9.0-0.94","5","2","5","1","1","5","3","4","4","5","5","0","0","1","2","-2","1","1","2","5","4","5","4","2","1","2","3","4","3","4","6","4","8","3","7","6","5","7","5","5","3","3","6","2","5","2","5","5","1","2","2","5","1","1","5","5","4","6","3","1","2","2","1","1","2","6","2","1","7","1","1","1","1","1","2","1","7","1","3","799230569765543938","仲","102","Female","[""坏我"",""好我"",""好她"",""坏她""]","[""弱我"",""强我"",""强她"",""弱她""]","","","","","","","","","","","","","","","","","","","","","","","","","","","","","","","","","","","","","","",""
"2111","<p style=""position: absolute; top:calc(45%);;transform: translate(-50%, -50%);text-align: center; color: white; font-size: 60px;"">奸诈</p><p style=""position:absolute; text-align: center;color:	#D3D3D3;font-size: 25px;top:calc(50% + 35%);transform: translate(-50%)"">新词按 “1” ，熟悉按 “2” ，旧词按 “3”</p>","2","html-keyboard-response","436","918083","0.0-7.0-9.0-1.94","5","2","5","1","1","5","3","4","4","5","5","0","0","1","2","-2","1","1","2","5","4","5","4","2","1","2","3","4","3","4","6","4","8","3","7","6","5","7","5","5","3","3","6","2","5","2","5","5","1","2","2","5","1","1","5","5","4","6","3","1","2","2","1","1","2","6","2","1","7","1","1","1","1","1","2","1","7","1","3","799230569765543938","仲","102","Female","[""坏我"",""好我"",""好她"",""坏她""]","[""弱我"",""强我"",""强她"",""弱她""]","","","","","","","","familiar","","","","","","","","","SRET","RJ_formal1","Fri Jan 19 2024 19:12:01 GMT+0800 (中国标准时间)","","","","","","NA","奸诈","Negative","morality","","","0","","","new","","","","",""
"743","<p style=""position: absolute; top:calc(45%);transform: translate(-50%, -50%);text-align: center; color: white; font-size: 60px;"">奸诈</p><p style=""position:absolute; text-align: center;font-size: 25px;color:	#D3D3D3;top:calc(50% + 35%);transform: translate(-50%)"">自己按 f 键 ，朋友按 j 键</p>","j","html-keyboard-response","437","918828","0.0-7.0-9.0-2.94-0.94","5","2","5","1","1","5","3","4","4","5","5","0","0","1","2","-2","1","1","2","5","4","5","4","2","1","2","3","4","3","4","6","4","8","3","7","6","5","7","5","5","3","3","6","2","5","2","5","5","1","2","2","5","1","1","5","5","4","6","3","1","2","2","1","1","2","6","2","1","7","1","1","1","1","1","2","1","7","1","3","799230569765543938","仲","102","Female","[""坏我"",""好我"",""好她"",""坏她""]","[""弱我"",""强我"",""强她"",""弱她""]","","","","","","","","friend","","","","","","","","","SRET","RJ_formal_2","Fri Jan 19 2024 19:12:01 GMT+0800 (中国标准时间)","","","","","","","奸诈","Negative","morality","","","","","","NA","","","","",""
"null","<div style=""color:white;font-size:80px;line-height:5px;position:absolute;top:calc(50%); transform: translate(-50%, -50%)"">+</div>","null","html-keyboard-response","438","919334","0.0-7.0-9.0-0.95","5","2","5","1","1","5","3","4","4","5","5","0","0","1","2","-2","1","1","2","5","4","5","4","2","1","2","3","4","3","4","6","4","8","3","7","6","5","7","5","5","3","3","6","2","5","2","5","5","1","2","2","5","1","1","5","5","4","6","3","1","2","2","1","1","2","6","2","1","7","1","1","1","1","1","2","1","7","1","3","799230569765543938","仲","102","Female","[""坏我"",""好我"",""好她"",""坏她""]","[""弱我"",""强我"",""强她"",""弱她""]","","","","","","","","","","","","","","","","","","","","","","","","","","","","","","","","","","","","","","",""
"1151","<p style=""position: absolute; top:calc(45%);;transform: translate(-50%, -50%);text-align: center; color: white; font-size: 60px;"">智慧</p><p style=""position:absolute; text-align: center;color:	#D3D3D3;font-size: 25px;top:calc(50% + 35%);transform: translate(-50%)"">新词按 “1” ，熟悉按 “2” ，旧词按 “3”</p>","1","html-keyboard-response","439","920487","0.0-7.0-9.0-1.95","5","2","5","1","1","5","3","4","4","5","5","0","0","1","2","-2","1","1","2","5","4","5","4","2","1","2","3","4","3","4","6","4","8","3","7","6","5","7","5","5","3","3","6","2","5","2","5","5","1","2","2","5","1","1","5","5","4","6","3","1","2","2","1","1","2","6","2","1","7","1","1","1","1","1","2","1","7","1","3","799230569765543938","仲","102","Female","[""坏我"",""好我"",""好她"",""坏她""]","[""弱我"",""强我"",""强她"",""弱她""]","","","","","","","","new","","","","","","","","","SRET","RJ_formal1","Fri Jan 19 2024 19:12:01 GMT+0800 (中国标准时间)","","","","","","朋友","智慧","Positive","ability","","","0","","","old","","","","",""
"null","<div style=""color:white;font-size:80px;line-height:5px;position:absolute;top:calc(50%); transform: translate(-50%, -50%)"">+</div>","null","html-keyboard-response","440","920990","0.0-7.0-9.0-0.96","5","2","5","1","1","5","3","4","4","5","5","0","0","1","2","-2","1","1","2","5","4","5","4","2","1","2","3","4","3","4","6","4","8","3","7","6","5","7","5","5","3","3","6","2","5","2","5","5","1","2","2","5","1","1","5","5","4","6","3","1","2","2","1","1","2","6","2","1","7","1","1","1","1","1","2","1","7","1","3","799230569765543938","仲","102","Female","[""坏我"",""好我"",""好她"",""坏她""]","[""弱我"",""强我"",""强她"",""弱她""]","","","","","","","","","","","","","","","","","","","","","","","","","","","","","","","","","","","","","","",""
"2805","<p style=""position: absolute; top:calc(45%);;transform: translate(-50%, -50%);text-align: center; color: white; font-size: 60px;"">狡诈</p><p style=""position:absolute; text-align: center;color:	#D3D3D3;font-size: 25px;top:calc(50% + 35%);transform: translate(-50%)"">新词按 “1” ，熟悉按 “2” ，旧词按 “3”</p>","1","html-keyboard-response","441","923796","0.0-7.0-9.0-1.96","5","2","5","1","1","5","3","4","4","5","5","0","0","1","2","-2","1","1","2","5","4","5","4","2","1","2","3","4","3","4","6","4","8","3","7","6","5","7","5","5","3","3","6","2","5","2","5","5","1","2","2","5","1","1","5","5","4","6","3","1","2","2","1","1","2","6","2","1","7","1","1","1","1","1","2","1","7","1","3","799230569765543938","仲","102","Female","[""坏我"",""好我"",""好她"",""坏她""]","[""弱我"",""强我"",""强她"",""弱她""]","","","","","","","","new","","","","","","","","","SRET","RJ_formal1","Fri Jan 19 2024 19:12:01 GMT+0800 (中国标准时间)","","","","","","自己","狡诈","Negative","morality","","","0","","","old","","","","",""
"null","<div style=""color:white;font-size:80px;line-height:5px;position:absolute;top:calc(50%); transform: translate(-50%, -50%)"">+</div>","null","html-keyboard-response","442","924302","0.0-7.0-9.0-0.97","5","2","5","1","1","5","3","4","4","5","5","0","0","1","2","-2","1","1","2","5","4","5","4","2","1","2","3","4","3","4","6","4","8","3","7","6","5","7","5","5","3","3","6","2","5","2","5","5","1","2","2","5","1","1","5","5","4","6","3","1","2","2","1","1","2","6","2","1","7","1","1","1","1","1","2","1","7","1","3","799230569765543938","仲","102","Female","[""坏我"",""好我"",""好她"",""坏她""]","[""弱我"",""强我"",""强她"",""弱她""]","","","","","","","","","","","","","","","","","","","","","","","","","","","","","","","","","","","","","","",""
"1155","<p style=""position: absolute; top:calc(45%);;transform: translate(-50%, -50%);text-align: center; color: white; font-size: 60px;"">拜金</p><p style=""position:absolute; text-align: center;color:	#D3D3D3;font-size: 25px;top:calc(50% + 35%);transform: translate(-50%)"">新词按 “1” ，熟悉按 “2” ，旧词按 “3”</p>","1","html-keyboard-response","443","925458","0.0-7.0-9.0-1.97","5","2","5","1","1","5","3","4","4","5","5","0","0","1","2","-2","1","1","2","5","4","5","4","2","1","2","3","4","3","4","6","4","8","3","7","6","5","7","5","5","3","3","6","2","5","2","5","5","1","2","2","5","1","1","5","5","4","6","3","1","2","2","1","1","2","6","2","1","7","1","1","1","1","1","2","1","7","1","3","799230569765543938","仲","102","Female","[""坏我"",""好我"",""好她"",""坏她""]","[""弱我"",""强我"",""强她"",""弱她""]","","","","","","","","new","","","","","","","","","SRET","RJ_formal1","Fri Jan 19 2024 19:12:01 GMT+0800 (中国标准时间)","","","","","","NA","拜金","Negative","morality","","","1","","","new","","","","",""
"null","<div style=""color:white;font-size:80px;line-height:5px;position:absolute;top:calc(50%); transform: translate(-50%, -50%)"">+</div>","null","html-keyboard-response","444","925965","0.0-7.0-9.0-0.98","5","2","5","1","1","5","3","4","4","5","5","0","0","1","2","-2","1","1","2","5","4","5","4","2","1","2","3","4","3","4","6","4","8","3","7","6","5","7","5","5","3","3","6","2","5","2","5","5","1","2","2","5","1","1","5","5","4","6","3","1","2","2","1","1","2","6","2","1","7","1","1","1","1","1","2","1","7","1","3","799230569765543938","仲","102","Female","[""坏我"",""好我"",""好她"",""坏她""]","[""弱我"",""强我"",""强她"",""弱她""]","","","","","","","","","","","","","","","","","","","","","","","","","","","","","","","","","","","","","","",""
"2613","<p style=""position: absolute; top:calc(45%);;transform: translate(-50%, -50%);text-align: center; color: white; font-size: 60px;"">毛糙</p><p style=""position:absolute; text-align: center;color:	#D3D3D3;font-size: 25px;top:calc(50% + 35%);transform: translate(-50%)"">新词按 “1” ，熟悉按 “2” ，旧词按 “3”</p>","3","html-keyboard-response","445","928579","0.0-7.0-9.0-1.98","5","2","5","1","1","5","3","4","4","5","5","0","0","1","2","-2","1","1","2","5","4","5","4","2","1","2","3","4","3","4","6","4","8","3","7","6","5","7","5","5","3","3","6","2","5","2","5","5","1","2","2","5","1","1","5","5","4","6","3","1","2","2","1","1","2","6","2","1","7","1","1","1","1","1","2","1","7","1","3","799230569765543938","仲","102","Female","[""坏我"",""好我"",""好她"",""坏她""]","[""弱我"",""强我"",""强她"",""弱她""]","","","","","","","","old","","","","","","","","","SRET","RJ_formal1","Fri Jan 19 2024 19:12:01 GMT+0800 (中国标准时间)","","","","","","自己","毛糙","Negative","ability","","","1","","","old","","","","",""
"691","<p style=""position: absolute; top:calc(45%);transform: translate(-50%, -50%);text-align: center; color: white; font-size: 60px;"">毛糙</p><p style=""position:absolute; text-align: center;font-size: 25px;color:	#D3D3D3;top:calc(50% + 35%);transform: translate(-50%)"">自己按 f 键 ，朋友按 j 键</p>","f","html-keyboard-response","446","929271","0.0-7.0-9.0-2.98-0.98","5","2","5","1","1","5","3","4","4","5","5","0","0","1","2","-2","1","1","2","5","4","5","4","2","1","2","3","4","3","4","6","4","8","3","7","6","5","7","5","5","3","3","6","2","5","2","5","5","1","2","2","5","1","1","5","5","4","6","3","1","2","2","1","1","2","6","2","1","7","1","1","1","1","1","2","1","7","1","3","799230569765543938","仲","102","Female","[""坏我"",""好我"",""好她"",""坏她""]","[""弱我"",""强我"",""强她"",""弱她""]","","","","","","","","self","","","","","","","","","SRET","RJ_formal_2","Fri Jan 19 2024 19:12:01 GMT+0800 (中国标准时间)","","","","","","","毛糙","Negative","ability","","","","","","自己","","","","",""
"null","<div style=""color:white;font-size:80px;line-height:5px;position:absolute;top:calc(50%); transform: translate(-50%, -50%)"">+</div>","null","html-keyboard-response","447","929774","0.0-7.0-9.0-0.99","5","2","5","1","1","5","3","4","4","5","5","0","0","1","2","-2","1","1","2","5","4","5","4","2","1","2","3","4","3","4","6","4","8","3","7","6","5","7","5","5","3","3","6","2","5","2","5","5","1","2","2","5","1","1","5","5","4","6","3","1","2","2","1","1","2","6","2","1","7","1","1","1","1","1","2","1","7","1","3","799230569765543938","仲","102","Female","[""坏我"",""好我"",""好她"",""坏她""]","[""弱我"",""强我"",""强她"",""弱她""]","","","","","","","","","","","","","","","","","","","","","","","","","","","","","","","","","","","","","","",""
"2124","<p style=""position: absolute; top:calc(45%);;transform: translate(-50%, -50%);text-align: center; color: white; font-size: 60px;"">偏私</p><p style=""position:absolute; text-align: center;color:	#D3D3D3;font-size: 25px;top:calc(50% + 35%);transform: translate(-50%)"">新词按 “1” ，熟悉按 “2” ，旧词按 “3”</p>","1","html-keyboard-response","448","931899","0.0-7.0-9.0-1.99","5","2","5","1","1","5","3","4","4","5","5","0","0","1","2","-2","1","1","2","5","4","5","4","2","1","2","3","4","3","4","6","4","8","3","7","6","5","7","5","5","3","3","6","2","5","2","5","5","1","2","2","5","1","1","5","5","4","6","3","1","2","2","1","1","2","6","2","1","7","1","1","1","1","1","2","1","7","1","3","799230569765543938","仲","102","Female","[""坏我"",""好我"",""好她"",""坏她""]","[""弱我"",""强我"",""强她"",""弱她""]","","","","","","","","new","","","","","","","","","SRET","RJ_formal1","Fri Jan 19 2024 19:12:01 GMT+0800 (中国标准时间)","","","","","","NA","偏私","Negative","morality","","","1","","","new","","","","",""
"null","<div style=""color:white;font-size:80px;line-height:5px;position:absolute;top:calc(50%); transform: translate(-50%, -50%)"">+</div>","null","html-keyboard-response","449","932406","0.0-7.0-9.0-0.100","5","2","5","1","1","5","3","4","4","5","5","0","0","1","2","-2","1","1","2","5","4","5","4","2","1","2","3","4","3","4","6","4","8","3","7","6","5","7","5","5","3","3","6","2","5","2","5","5","1","2","2","5","1","1","5","5","4","6","3","1","2","2","1","1","2","6","2","1","7","1","1","1","1","1","2","1","7","1","3","799230569765543938","仲","102","Female","[""坏我"",""好我"",""好她"",""坏她""]","[""弱我"",""强我"",""强她"",""弱她""]","","","","","","","","","","","","","","","","","","","","","","","","","","","","","","","","","","","","","","",""
"1691","<p style=""position: absolute; top:calc(45%);;transform: translate(-50%, -50%);text-align: center; color: white; font-size: 60px;"">慷慨</p><p style=""position:absolute; text-align: center;color:	#D3D3D3;font-size: 25px;top:calc(50% + 35%);transform: translate(-50%)"">新词按 “1” ，熟悉按 “2” ，旧词按 “3”</p>","1","html-keyboard-response","450","934097","0.0-7.0-9.0-1.100","5","2","5","1","1","5","3","4","4","5","5","0","0","1","2","-2","1","1","2","5","4","5","4","2","1","2","3","4","3","4","6","4","8","3","7","6","5","7","5","5","3","3","6","2","5","2","5","5","1","2","2","5","1","1","5","5","4","6","3","1","2","2","1","1","2","6","2","1","7","1","1","1","1","1","2","1","7","1","3","799230569765543938","仲","102","Female","[""坏我"",""好我"",""好她"",""坏她""]","[""弱我"",""强我"",""强她"",""弱她""]","","","","","","","","new","","","","","","","","","SRET","RJ_formal1","Fri Jan 19 2024 19:12:01 GMT+0800 (中国标准时间)","","","","","","NA","慷慨","Positive","morality","","","1","","","new","","","","",""
"null","<div style=""color:white;font-size:80px;line-height:5px;position:absolute;top:calc(50%); transform: translate(-50%, -50%)"">+</div>","null","html-keyboard-response","451","934603","0.0-7.0-9.0-0.101","5","2","5","1","1","5","3","4","4","5","5","0","0","1","2","-2","1","1","2","5","4","5","4","2","1","2","3","4","3","4","6","4","8","3","7","6","5","7","5","5","3","3","6","2","5","2","5","5","1","2","2","5","1","1","5","5","4","6","3","1","2","2","1","1","2","6","2","1","7","1","1","1","1","1","2","1","7","1","3","799230569765543938","仲","102","Female","[""坏我"",""好我"",""好她"",""坏她""]","[""弱我"",""强我"",""强她"",""弱她""]","","","","","","","","","","","","","","","","","","","","","","","","","","","","","","","","","","","","","","",""
"4631","<p style=""position: absolute; top:calc(45%);;transform: translate(-50%, -50%);text-align: center; color: white; font-size: 60px;"">好心</p><p style=""position:absolute; text-align: center;color:	#D3D3D3;font-size: 25px;top:calc(50% + 35%);transform: translate(-50%)"">新词按 “1” ，熟悉按 “2” ，旧词按 “3”</p>","2","html-keyboard-response","452","939235","0.0-7.0-9.0-1.101","5","2","5","1","1","5","3","4","4","5","5","0","0","1","2","-2","1","1","2","5","4","5","4","2","1","2","3","4","3","4","6","4","8","3","7","6","5","7","5","5","3","3","6","2","5","2","5","5","1","2","2","5","1","1","5","5","4","6","3","1","2","2","1","1","2","6","2","1","7","1","1","1","1","1","2","1","7","1","3","799230569765543938","仲","102","Female","[""坏我"",""好我"",""好她"",""坏她""]","[""弱我"",""强我"",""强她"",""弱她""]","","","","","","","","familiar","","","","","","","","","SRET","RJ_formal1","Fri Jan 19 2024 19:12:01 GMT+0800 (中国标准时间)","","","","","","NA","好心","Positive","morality","","","0","","","new","","","","",""
"457","<p style=""position: absolute; top:calc(45%);transform: translate(-50%, -50%);text-align: center; color: white; font-size: 60px;"">好心</p><p style=""position:absolute; text-align: center;font-size: 25px;color:	#D3D3D3;top:calc(50% + 35%);transform: translate(-50%)"">自己按 f 键 ，朋友按 j 键</p>","f","html-keyboard-response","453","939693","0.0-7.0-9.0-2.101-0.101","5","2","5","1","1","5","3","4","4","5","5","0","0","1","2","-2","1","1","2","5","4","5","4","2","1","2","3","4","3","4","6","4","8","3","7","6","5","7","5","5","3","3","6","2","5","2","5","5","1","2","2","5","1","1","5","5","4","6","3","1","2","2","1","1","2","6","2","1","7","1","1","1","1","1","2","1","7","1","3","799230569765543938","仲","102","Female","[""坏我"",""好我"",""好她"",""坏她""]","[""弱我"",""强我"",""强她"",""弱她""]","","","","","","","","self","","","","","","","","","SRET","RJ_formal_2","Fri Jan 19 2024 19:12:01 GMT+0800 (中国标准时间)","","","","","","","好心","Positive","morality","","","","","","NA","","","","",""
"null","<div style=""color:white;font-size:80px;line-height:5px;position:absolute;top:calc(50%); transform: translate(-50%, -50%)"">+</div>","null","html-keyboard-response","454","940198","0.0-7.0-9.0-0.102","5","2","5","1","1","5","3","4","4","5","5","0","0","1","2","-2","1","1","2","5","4","5","4","2","1","2","3","4","3","4","6","4","8","3","7","6","5","7","5","5","3","3","6","2","5","2","5","5","1","2","2","5","1","1","5","5","4","6","3","1","2","2","1","1","2","6","2","1","7","1","1","1","1","1","2","1","7","1","3","799230569765543938","仲","102","Female","[""坏我"",""好我"",""好她"",""坏她""]","[""弱我"",""强我"",""强她"",""弱她""]","","","","","","","","","","","","","","","","","","","","","","","","","","","","","","","","","","","","","","",""
"875","<p style=""position: absolute; top:calc(45%);;transform: translate(-50%, -50%);text-align: center; color: white; font-size: 60px;"">聪明</p><p style=""position:absolute; text-align: center;color:	#D3D3D3;font-size: 25px;top:calc(50% + 35%);transform: translate(-50%)"">新词按 “1” ，熟悉按 “2” ，旧词按 “3”</p>","1","html-keyboard-response","455","941074","0.0-7.0-9.0-1.102","5","2","5","1","1","5","3","4","4","5","5","0","0","1","2","-2","1","1","2","5","4","5","4","2","1","2","3","4","3","4","6","4","8","3","7","6","5","7","5","5","3","3","6","2","5","2","5","5","1","2","2","5","1","1","5","5","4","6","3","1","2","2","1","1","2","6","2","1","7","1","1","1","1","1","2","1","7","1","3","799230569765543938","仲","102","Female","[""坏我"",""好我"",""好她"",""坏她""]","[""弱我"",""强我"",""强她"",""弱她""]","","","","","","","","new","","","","","","","","","SRET","RJ_formal1","Fri Jan 19 2024 19:12:01 GMT+0800 (中国标准时间)","","","","","","NA","聪明","Positive","ability","","","1","","","new","","","","",""
"null","<div style=""color:white;font-size:80px;line-height:5px;position:absolute;top:calc(50%); transform: translate(-50%, -50%)"">+</div>","null","html-keyboard-response","456","941582","0.0-7.0-9.0-0.103","5","2","5","1","1","5","3","4","4","5","5","0","0","1","2","-2","1","1","2","5","4","5","4","2","1","2","3","4","3","4","6","4","8","3","7","6","5","7","5","5","3","3","6","2","5","2","5","5","1","2","2","5","1","1","5","5","4","6","3","1","2","2","1","1","2","6","2","1","7","1","1","1","1","1","2","1","7","1","3","799230569765543938","仲","102","Female","[""坏我"",""好我"",""好她"",""坏她""]","[""弱我"",""强我"",""强她"",""弱她""]","","","","","","","","","","","","","","","","","","","","","","","","","","","","","","","","","","","","","","",""
"2073","<p style=""position: absolute; top:calc(45%);;transform: translate(-50%, -50%);text-align: center; color: white; font-size: 60px;"">善心</p><p style=""position:absolute; text-align: center;color:	#D3D3D3;font-size: 25px;top:calc(50% + 35%);transform: translate(-50%)"">新词按 “1” ，熟悉按 “2” ，旧词按 “3”</p>","3","html-keyboard-response","457","943656","0.0-7.0-9.0-1.103","5","2","5","1","1","5","3","4","4","5","5","0","0","1","2","-2","1","1","2","5","4","5","4","2","1","2","3","4","3","4","6","4","8","3","7","6","5","7","5","5","3","3","6","2","5","2","5","5","1","2","2","5","1","1","5","5","4","6","3","1","2","2","1","1","2","6","2","1","7","1","1","1","1","1","2","1","7","1","3","799230569765543938","仲","102","Female","[""坏我"",""好我"",""好她"",""坏她""]","[""弱我"",""强我"",""强她"",""弱她""]","","","","","","","","old","","","","","","","","","SRET","RJ_formal1","Fri Jan 19 2024 19:12:01 GMT+0800 (中国标准时间)","","","","","","自己","善心","Positive","morality","","","1","","","old","","","","",""
"1070","<p style=""position: absolute; top:calc(45%);transform: translate(-50%, -50%);text-align: center; color: white; font-size: 60px;"">善心</p><p style=""position:absolute; text-align: center;font-size: 25px;color:	#D3D3D3;top:calc(50% + 35%);transform: translate(-50%)"">自己按 f 键 ，朋友按 j 键</p>","f","html-keyboard-response","458","944727","0.0-7.0-9.0-2.103-0.103","5","2","5","1","1","5","3","4","4","5","5","0","0","1","2","-2","1","1","2","5","4","5","4","2","1","2","3","4","3","4","6","4","8","3","7","6","5","7","5","5","3","3","6","2","5","2","5","5","1","2","2","5","1","1","5","5","4","6","3","1","2","2","1","1","2","6","2","1","7","1","1","1","1","1","2","1","7","1","3","799230569765543938","仲","102","Female","[""坏我"",""好我"",""好她"",""坏她""]","[""弱我"",""强我"",""强她"",""弱她""]","","","","","","","","self","","","","","","","","","SRET","RJ_formal_2","Fri Jan 19 2024 19:12:01 GMT+0800 (中国标准时间)","","","","","","","善心","Positive","morality","","","","","","自己","","","","",""
"null","<div style=""color:white;font-size:80px;line-height:5px;position:absolute;top:calc(50%); transform: translate(-50%, -50%)"">+</div>","null","html-keyboard-response","459","945232","0.0-7.0-9.0-0.104","5","2","5","1","1","5","3","4","4","5","5","0","0","1","2","-2","1","1","2","5","4","5","4","2","1","2","3","4","3","4","6","4","8","3","7","6","5","7","5","5","3","3","6","2","5","2","5","5","1","2","2","5","1","1","5","5","4","6","3","1","2","2","1","1","2","6","2","1","7","1","1","1","1","1","2","1","7","1","3","799230569765543938","仲","102","Female","[""坏我"",""好我"",""好她"",""坏她""]","[""弱我"",""强我"",""强她"",""弱她""]","","","","","","","","","","","","","","","","","","","","","","","","","","","","","","","","","","","","","","",""
"5960","<p style=""position: absolute; top:calc(45%);;transform: translate(-50%, -50%);text-align: center; color: white; font-size: 60px;"">无知</p><p style=""position:absolute; text-align: center;color:	#D3D3D3;font-size: 25px;top:calc(50% + 35%);transform: translate(-50%)"">新词按 “1” ，熟悉按 “2” ，旧词按 “3”</p>","3","html-keyboard-response","460","951193","0.0-7.0-9.0-1.104","5","2","5","1","1","5","3","4","4","5","5","0","0","1","2","-2","1","1","2","5","4","5","4","2","1","2","3","4","3","4","6","4","8","3","7","6","5","7","5","5","3","3","6","2","5","2","5","5","1","2","2","5","1","1","5","5","4","6","3","1","2","2","1","1","2","6","2","1","7","1","1","1","1","1","2","1","7","1","3","799230569765543938","仲","102","Female","[""坏我"",""好我"",""好她"",""坏她""]","[""弱我"",""强我"",""强她"",""弱她""]","","","","","","","","old","","","","","","","","","SRET","RJ_formal1","Fri Jan 19 2024 19:12:01 GMT+0800 (中国标准时间)","","","","","","NA","无知","Negative","ability","","","0","","","new","","","","",""
"1952","<p style=""position: absolute; top:calc(45%);transform: translate(-50%, -50%);text-align: center; color: white; font-size: 60px;"">无知</p><p style=""position:absolute; text-align: center;font-size: 25px;color:	#D3D3D3;top:calc(50% + 35%);transform: translate(-50%)"">自己按 f 键 ，朋友按 j 键</p>","j","html-keyboard-response","461","953147","0.0-7.0-9.0-2.104-0.104","5","2","5","1","1","5","3","4","4","5","5","0","0","1","2","-2","1","1","2","5","4","5","4","2","1","2","3","4","3","4","6","4","8","3","7","6","5","7","5","5","3","3","6","2","5","2","5","5","1","2","2","5","1","1","5","5","4","6","3","1","2","2","1","1","2","6","2","1","7","1","1","1","1","1","2","1","7","1","3","799230569765543938","仲","102","Female","[""坏我"",""好我"",""好她"",""坏她""]","[""弱我"",""强我"",""强她"",""弱她""]","","","","","","","","friend","","","","","","","","","SRET","RJ_formal_2","Fri Jan 19 2024 19:12:01 GMT+0800 (中国标准时间)","","","","","","","无知","Negative","ability","","","","","","NA","","","","",""
"null","<div style=""color:white;font-size:80px;line-height:5px;position:absolute;top:calc(50%); transform: translate(-50%, -50%)"">+</div>","null","html-keyboard-response","462","953648","0.0-7.0-9.0-0.105","5","2","5","1","1","5","3","4","4","5","5","0","0","1","2","-2","1","1","2","5","4","5","4","2","1","2","3","4","3","4","6","4","8","3","7","6","5","7","5","5","3","3","6","2","5","2","5","5","1","2","2","5","1","1","5","5","4","6","3","1","2","2","1","1","2","6","2","1","7","1","1","1","1","1","2","1","7","1","3","799230569765543938","仲","102","Female","[""坏我"",""好我"",""好她"",""坏她""]","[""弱我"",""强我"",""强她"",""弱她""]","","","","","","","","","","","","","","","","","","","","","","","","","","","","","","","","","","","","","","",""
"1446","<p style=""position: absolute; top:calc(45%);;transform: translate(-50%, -50%);text-align: center; color: white; font-size: 60px;"">干练</p><p style=""position:absolute; text-align: center;color:	#D3D3D3;font-size: 25px;top:calc(50% + 35%);transform: translate(-50%)"">新词按 “1” ，熟悉按 “2” ，旧词按 “3”</p>","1","html-keyboard-response","463","955094","0.0-7.0-9.0-1.105","5","2","5","1","1","5","3","4","4","5","5","0","0","1","2","-2","1","1","2","5","4","5","4","2","1","2","3","4","3","4","6","4","8","3","7","6","5","7","5","5","3","3","6","2","5","2","5","5","1","2","2","5","1","1","5","5","4","6","3","1","2","2","1","1","2","6","2","1","7","1","1","1","1","1","2","1","7","1","3","799230569765543938","仲","102","Female","[""坏我"",""好我"",""好她"",""坏她""]","[""弱我"",""强我"",""强她"",""弱她""]","","","","","","","","new","","","","","","","","","SRET","RJ_formal1","Fri Jan 19 2024 19:12:01 GMT+0800 (中国标准时间)","","","","","","自己","干练","Positive","ability","","","0","","","old","","","","",""
"null","<div style=""color:white;font-size:80px;line-height:5px;position:absolute;top:calc(50%); transform: translate(-50%, -50%)"">+</div>","null","html-keyboard-response","464","955601","0.0-7.0-9.0-0.106","5","2","5","1","1","5","3","4","4","5","5","0","0","1","2","-2","1","1","2","5","4","5","4","2","1","2","3","4","3","4","6","4","8","3","7","6","5","7","5","5","3","3","6","2","5","2","5","5","1","2","2","5","1","1","5","5","4","6","3","1","2","2","1","1","2","6","2","1","7","1","1","1","1","1","2","1","7","1","3","799230569765543938","仲","102","Female","[""坏我"",""好我"",""好她"",""坏她""]","[""弱我"",""强我"",""强她"",""弱她""]","","","","","","","","","","","","","","","","","","","","","","","","","","","","","","","","","","","","","","",""
"1417","<p style=""position: absolute; top:calc(45%);;transform: translate(-50%, -50%);text-align: center; color: white; font-size: 60px;"">热心</p><p style=""position:absolute; text-align: center;color:	#D3D3D3;font-size: 25px;top:calc(50% + 35%);transform: translate(-50%)"">新词按 “1” ，熟悉按 “2” ，旧词按 “3”</p>","1","html-keyboard-response","465","957019","0.0-7.0-9.0-1.106","5","2","5","1","1","5","3","4","4","5","5","0","0","1","2","-2","1","1","2","5","4","5","4","2","1","2","3","4","3","4","6","4","8","3","7","6","5","7","5","5","3","3","6","2","5","2","5","5","1","2","2","5","1","1","5","5","4","6","3","1","2","2","1","1","2","6","2","1","7","1","1","1","1","1","2","1","7","1","3","799230569765543938","仲","102","Female","[""坏我"",""好我"",""好她"",""坏她""]","[""弱我"",""强我"",""强她"",""弱她""]","","","","","","","","new","","","","","","","","","SRET","RJ_formal1","Fri Jan 19 2024 19:12:01 GMT+0800 (中国标准时间)","","","","","","NA","热心","Positive","morality","","","1","","","new","","","","",""
"null","<div style=""color:white;font-size:80px;line-height:5px;position:absolute;top:calc(50%); transform: translate(-50%, -50%)"">+</div>","null","html-keyboard-response","466","957524","0.0-7.0-9.0-0.107","5","2","5","1","1","5","3","4","4","5","5","0","0","1","2","-2","1","1","2","5","4","5","4","2","1","2","3","4","3","4","6","4","8","3","7","6","5","7","5","5","3","3","6","2","5","2","5","5","1","2","2","5","1","1","5","5","4","6","3","1","2","2","1","1","2","6","2","1","7","1","1","1","1","1","2","1","7","1","3","799230569765543938","仲","102","Female","[""坏我"",""好我"",""好她"",""坏她""]","[""弱我"",""强我"",""强她"",""弱她""]","","","","","","","","","","","","","","","","","","","","","","","","","","","","","","","","","","","","","","",""
"1006","<p style=""position: absolute; top:calc(45%);;transform: translate(-50%, -50%);text-align: center; color: white; font-size: 60px;"">缺德</p><p style=""position:absolute; text-align: center;color:	#D3D3D3;font-size: 25px;top:calc(50% + 35%);transform: translate(-50%)"">新词按 “1” ，熟悉按 “2” ，旧词按 “3”</p>","1","html-keyboard-response","467","958531","0.0-7.0-9.0-1.107","5","2","5","1","1","5","3","4","4","5","5","0","0","1","2","-2","1","1","2","5","4","5","4","2","1","2","3","4","3","4","6","4","8","3","7","6","5","7","5","5","3","3","6","2","5","2","5","5","1","2","2","5","1","1","5","5","4","6","3","1","2","2","1","1","2","6","2","1","7","1","1","1","1","1","2","1","7","1","3","799230569765543938","仲","102","Female","[""坏我"",""好我"",""好她"",""坏她""]","[""弱我"",""强我"",""强她"",""弱她""]","","","","","","","","new","","","","","","","","","SRET","RJ_formal1","Fri Jan 19 2024 19:12:01 GMT+0800 (中国标准时间)","","","","","","自己","缺德","Negative","morality","","","0","","","old","","","","",""
"null","<div style=""color:white;font-size:80px;line-height:5px;position:absolute;top:calc(50%); transform: translate(-50%, -50%)"">+</div>","null","html-keyboard-response","468","959041","0.0-7.0-9.0-0.108","5","2","5","1","1","5","3","4","4","5","5","0","0","1","2","-2","1","1","2","5","4","5","4","2","1","2","3","4","3","4","6","4","8","3","7","6","5","7","5","5","3","3","6","2","5","2","5","5","1","2","2","5","1","1","5","5","4","6","3","1","2","2","1","1","2","6","2","1","7","1","1","1","1","1","2","1","7","1","3","799230569765543938","仲","102","Female","[""坏我"",""好我"",""好她"",""坏她""]","[""弱我"",""强我"",""强她"",""弱她""]","","","","","","","","","","","","","","","","","","","","","","","","","","","","","","","","","","","","","","",""
"652","<p style=""position: absolute; top:calc(45%);;transform: translate(-50%, -50%);text-align: center; color: white; font-size: 60px;"">爱国</p><p style=""position:absolute; text-align: center;color:	#D3D3D3;font-size: 25px;top:calc(50% + 35%);transform: translate(-50%)"">新词按 “1” ，熟悉按 “2” ，旧词按 “3”</p>","1","html-keyboard-response","469","959694","0.0-7.0-9.0-1.108","5","2","5","1","1","5","3","4","4","5","5","0","0","1","2","-2","1","1","2","5","4","5","4","2","1","2","3","4","3","4","6","4","8","3","7","6","5","7","5","5","3","3","6","2","5","2","5","5","1","2","2","5","1","1","5","5","4","6","3","1","2","2","1","1","2","6","2","1","7","1","1","1","1","1","2","1","7","1","3","799230569765543938","仲","102","Female","[""坏我"",""好我"",""好她"",""坏她""]","[""弱我"",""强我"",""强她"",""弱她""]","","","","","","","","new","","","","","","","","","SRET","RJ_formal1","Fri Jan 19 2024 19:12:01 GMT+0800 (中国标准时间)","","","","","","NA","爱国","Positive","morality","","","1","","","new","","","","",""
"null","<div style=""color:white;font-size:80px;line-height:5px;position:absolute;top:calc(50%); transform: translate(-50%, -50%)"">+</div>","null","html-keyboard-response","470","960200","0.0-7.0-9.0-0.109","5","2","5","1","1","5","3","4","4","5","5","0","0","1","2","-2","1","1","2","5","4","5","4","2","1","2","3","4","3","4","6","4","8","3","7","6","5","7","5","5","3","3","6","2","5","2","5","5","1","2","2","5","1","1","5","5","4","6","3","1","2","2","1","1","2","6","2","1","7","1","1","1","1","1","2","1","7","1","3","799230569765543938","仲","102","Female","[""坏我"",""好我"",""好她"",""坏她""]","[""弱我"",""强我"",""强她"",""弱她""]","","","","","","","","","","","","","","","","","","","","","","","","","","","","","","","","","","","","","","",""
"833","<p style=""position: absolute; top:calc(45%);;transform: translate(-50%, -50%);text-align: center; color: white; font-size: 60px;"">仁爱</p><p style=""position:absolute; text-align: center;color:	#D3D3D3;font-size: 25px;top:calc(50% + 35%);transform: translate(-50%)"">新词按 “1” ，熟悉按 “2” ，旧词按 “3”</p>","1","html-keyboard-response","471","961033","0.0-7.0-9.0-1.109","5","2","5","1","1","5","3","4","4","5","5","0","0","1","2","-2","1","1","2","5","4","5","4","2","1","2","3","4","3","4","6","4","8","3","7","6","5","7","5","5","3","3","6","2","5","2","5","5","1","2","2","5","1","1","5","5","4","6","3","1","2","2","1","1","2","6","2","1","7","1","1","1","1","1","2","1","7","1","3","799230569765543938","仲","102","Female","[""坏我"",""好我"",""好她"",""坏她""]","[""弱我"",""强我"",""强她"",""弱她""]","","","","","","","","new","","","","","","","","","SRET","RJ_formal1","Fri Jan 19 2024 19:12:01 GMT+0800 (中国标准时间)","","","","","","NA","仁爱","Positive","morality","","","1","","","new","","","","",""
"null","<div style=""color:white;font-size:80px;line-height:5px;position:absolute;top:calc(50%); transform: translate(-50%, -50%)"">+</div>","null","html-keyboard-response","472","961538","0.0-7.0-9.0-0.110","5","2","5","1","1","5","3","4","4","5","5","0","0","1","2","-2","1","1","2","5","4","5","4","2","1","2","3","4","3","4","6","4","8","3","7","6","5","7","5","5","3","3","6","2","5","2","5","5","1","2","2","5","1","1","5","5","4","6","3","1","2","2","1","1","2","6","2","1","7","1","1","1","1","1","2","1","7","1","3","799230569765543938","仲","102","Female","[""坏我"",""好我"",""好她"",""坏她""]","[""弱我"",""强我"",""强她"",""弱她""]","","","","","","","","","","","","","","","","","","","","","","","","","","","","","","","","","","","","","","",""
"696","<p style=""position: absolute; top:calc(45%);;transform: translate(-50%, -50%);text-align: center; color: white; font-size: 60px;"">独立</p><p style=""position:absolute; text-align: center;color:	#D3D3D3;font-size: 25px;top:calc(50% + 35%);transform: translate(-50%)"">新词按 “1” ，熟悉按 “2” ，旧词按 “3”</p>","1","html-keyboard-response","473","962234","0.0-7.0-9.0-1.110","5","2","5","1","1","5","3","4","4","5","5","0","0","1","2","-2","1","1","2","5","4","5","4","2","1","2","3","4","3","4","6","4","8","3","7","6","5","7","5","5","3","3","6","2","5","2","5","5","1","2","2","5","1","1","5","5","4","6","3","1","2","2","1","1","2","6","2","1","7","1","1","1","1","1","2","1","7","1","3","799230569765543938","仲","102","Female","[""坏我"",""好我"",""好她"",""坏她""]","[""弱我"",""强我"",""强她"",""弱她""]","","","","","","","","new","","","","","","","","","SRET","RJ_formal1","Fri Jan 19 2024 19:12:01 GMT+0800 (中国标准时间)","","","","","","NA","独立","Positive","ability","","","1","","","new","","","","",""
"null","<div style=""color:white;font-size:80px;line-height:5px;position:absolute;top:calc(50%); transform: translate(-50%, -50%)"">+</div>","null","html-keyboard-response","474","962743","0.0-7.0-9.0-0.111","5","2","5","1","1","5","3","4","4","5","5","0","0","1","2","-2","1","1","2","5","4","5","4","2","1","2","3","4","3","4","6","4","8","3","7","6","5","7","5","5","3","3","6","2","5","2","5","5","1","2","2","5","1","1","5","5","4","6","3","1","2","2","1","1","2","6","2","1","7","1","1","1","1","1","2","1","7","1","3","799230569765543938","仲","102","Female","[""坏我"",""好我"",""好她"",""坏她""]","[""弱我"",""强我"",""强她"",""弱她""]","","","","","","","","","","","","","","","","","","","","","","","","","","","","","","","","","","","","","","",""
"1803","<p style=""position: absolute; top:calc(45%);;transform: translate(-50%, -50%);text-align: center; color: white; font-size: 60px;"">忠勇</p><p style=""position:absolute; text-align: center;color:	#D3D3D3;font-size: 25px;top:calc(50% + 35%);transform: translate(-50%)"">新词按 “1” ，熟悉按 “2” ，旧词按 “3”</p>","3","html-keyboard-response","475","964547","0.0-7.0-9.0-1.111","5","2","5","1","1","5","3","4","4","5","5","0","0","1","2","-2","1","1","2","5","4","5","4","2","1","2","3","4","3","4","6","4","8","3","7","6","5","7","5","5","3","3","6","2","5","2","5","5","1","2","2","5","1","1","5","5","4","6","3","1","2","2","1","1","2","6","2","1","7","1","1","1","1","1","2","1","7","1","3","799230569765543938","仲","102","Female","[""坏我"",""好我"",""好她"",""坏她""]","[""弱我"",""强我"",""强她"",""弱她""]","","","","","","","","old","","","","","","","","","SRET","RJ_formal1","Fri Jan 19 2024 19:12:01 GMT+0800 (中国标准时间)","","","","","","自己","忠勇","Positive","morality","","","1","","","old","","","","",""
"319","<p style=""position: absolute; top:calc(45%);transform: translate(-50%, -50%);text-align: center; color: white; font-size: 60px;"">忠勇</p><p style=""position:absolute; text-align: center;font-size: 25px;color:	#D3D3D3;top:calc(50% + 35%);transform: translate(-50%)"">自己按 f 键 ，朋友按 j 键</p>","f","html-keyboard-response","476","964867","0.0-7.0-9.0-2.111-0.111","5","2","5","1","1","5","3","4","4","5","5","0","0","1","2","-2","1","1","2","5","4","5","4","2","1","2","3","4","3","4","6","4","8","3","7","6","5","7","5","5","3","3","6","2","5","2","5","5","1","2","2","5","1","1","5","5","4","6","3","1","2","2","1","1","2","6","2","1","7","1","1","1","1","1","2","1","7","1","3","799230569765543938","仲","102","Female","[""坏我"",""好我"",""好她"",""坏她""]","[""弱我"",""强我"",""强她"",""弱她""]","","","","","","","","self","","","","","","","","","SRET","RJ_formal_2","Fri Jan 19 2024 19:12:01 GMT+0800 (中国标准时间)","","","","","","","忠勇","Positive","morality","","","","","","自己","","","","",""
"null","<div style=""color:white;font-size:80px;line-height:5px;position:absolute;top:calc(50%); transform: translate(-50%, -50%)"">+</div>","null","html-keyboard-response","477","965372","0.0-7.0-9.0-0.112","5","2","5","1","1","5","3","4","4","5","5","0","0","1","2","-2","1","1","2","5","4","5","4","2","1","2","3","4","3","4","6","4","8","3","7","6","5","7","5","5","3","3","6","2","5","2","5","5","1","2","2","5","1","1","5","5","4","6","3","1","2","2","1","1","2","6","2","1","7","1","1","1","1","1","2","1","7","1","3","799230569765543938","仲","102","Female","[""坏我"",""好我"",""好她"",""坏她""]","[""弱我"",""强我"",""强她"",""弱她""]","","","","","","","","","","","","","","","","","","","","","","","","","","","","","","","","","","","","","","",""
"2983","<p style=""position: absolute; top:calc(45%);;transform: translate(-50%, -50%);text-align: center; color: white; font-size: 60px;"">拖延</p><p style=""position:absolute; text-align: center;color:	#D3D3D3;font-size: 25px;top:calc(50% + 35%);transform: translate(-50%)"">新词按 “1” ，熟悉按 “2” ，旧词按 “3”</p>","2","html-keyboard-response","478","968357","0.0-7.0-9.0-1.112","5","2","5","1","1","5","3","4","4","5","5","0","0","1","2","-2","1","1","2","5","4","5","4","2","1","2","3","4","3","4","6","4","8","3","7","6","5","7","5","5","3","3","6","2","5","2","5","5","1","2","2","5","1","1","5","5","4","6","3","1","2","2","1","1","2","6","2","1","7","1","1","1","1","1","2","1","7","1","3","799230569765543938","仲","102","Female","[""坏我"",""好我"",""好她"",""坏她""]","[""弱我"",""强我"",""强她"",""弱她""]","","","","","","","","familiar","","","","","","","","","SRET","RJ_formal1","Fri Jan 19 2024 19:12:01 GMT+0800 (中国标准时间)","","","","","","NA","拖延","Negative","ability","","","0","","","new","","","","",""
"506","<p style=""position: absolute; top:calc(45%);transform: translate(-50%, -50%);text-align: center; color: white; font-size: 60px;"">拖延</p><p style=""position:absolute; text-align: center;font-size: 25px;color:	#D3D3D3;top:calc(50% + 35%);transform: translate(-50%)"">自己按 f 键 ，朋友按 j 键</p>","f","html-keyboard-response","479","968863","0.0-7.0-9.0-2.112-0.112","5","2","5","1","1","5","3","4","4","5","5","0","0","1","2","-2","1","1","2","5","4","5","4","2","1","2","3","4","3","4","6","4","8","3","7","6","5","7","5","5","3","3","6","2","5","2","5","5","1","2","2","5","1","1","5","5","4","6","3","1","2","2","1","1","2","6","2","1","7","1","1","1","1","1","2","1","7","1","3","799230569765543938","仲","102","Female","[""坏我"",""好我"",""好她"",""坏她""]","[""弱我"",""强我"",""强她"",""弱她""]","","","","","","","","self","","","","","","","","","SRET","RJ_formal_2","Fri Jan 19 2024 19:12:01 GMT+0800 (中国标准时间)","","","","","","","拖延","Negative","ability","","","","","","NA","","","","",""
"null","<div style=""color:white;font-size:80px;line-height:5px;position:absolute;top:calc(50%); transform: translate(-50%, -50%)"">+</div>","null","html-keyboard-response","480","969367","0.0-7.0-9.0-0.113","5","2","5","1","1","5","3","4","4","5","5","0","0","1","2","-2","1","1","2","5","4","5","4","2","1","2","3","4","3","4","6","4","8","3","7","6","5","7","5","5","3","3","6","2","5","2","5","5","1","2","2","5","1","1","5","5","4","6","3","1","2","2","1","1","2","6","2","1","7","1","1","1","1","1","2","1","7","1","3","799230569765543938","仲","102","Female","[""坏我"",""好我"",""好她"",""坏她""]","[""弱我"",""强我"",""强她"",""弱她""]","","","","","","","","","","","","","","","","","","","","","","","","","","","","","","","","","","","","","","",""
"1580","<p style=""position: absolute; top:calc(45%);;transform: translate(-50%, -50%);text-align: center; color: white; font-size: 60px;"">厚道</p><p style=""position:absolute; text-align: center;color:	#D3D3D3;font-size: 25px;top:calc(50% + 35%);transform: translate(-50%)"">新词按 “1” ，熟悉按 “2” ，旧词按 “3”</p>","1","html-keyboard-response","481","970948","0.0-7.0-9.0-1.113","5","2","5","1","1","5","3","4","4","5","5","0","0","1","2","-2","1","1","2","5","4","5","4","2","1","2","3","4","3","4","6","4","8","3","7","6","5","7","5","5","3","3","6","2","5","2","5","5","1","2","2","5","1","1","5","5","4","6","3","1","2","2","1","1","2","6","2","1","7","1","1","1","1","1","2","1","7","1","3","799230569765543938","仲","102","Female","[""坏我"",""好我"",""好她"",""坏她""]","[""弱我"",""强我"",""强她"",""弱她""]","","","","","","","","new","","","","","","","","","SRET","RJ_formal1","Fri Jan 19 2024 19:12:01 GMT+0800 (中国标准时间)","","","","","","NA","厚道","Positive","morality","","","1","","","new","","","","",""
"null","<div style=""color:white;font-size:80px;line-height:5px;position:absolute;top:calc(50%); transform: translate(-50%, -50%)"">+</div>","null","html-keyboard-response","482","971451","0.0-7.0-9.0-0.114","5","2","5","1","1","5","3","4","4","5","5","0","0","1","2","-2","1","1","2","5","4","5","4","2","1","2","3","4","3","4","6","4","8","3","7","6","5","7","5","5","3","3","6","2","5","2","5","5","1","2","2","5","1","1","5","5","4","6","3","1","2","2","1","1","2","6","2","1","7","1","1","1","1","1","2","1","7","1","3","799230569765543938","仲","102","Female","[""坏我"",""好我"",""好她"",""坏她""]","[""弱我"",""强我"",""强她"",""弱她""]","","","","","","","","","","","","","","","","","","","","","","","","","","","","","","","","","","","","","","",""
"563","<p style=""position: absolute; top:calc(45%);;transform: translate(-50%, -50%);text-align: center; color: white; font-size: 60px;"">全才</p><p style=""position:absolute; text-align: center;color:	#D3D3D3;font-size: 25px;top:calc(50% + 35%);transform: translate(-50%)"">新词按 “1” ，熟悉按 “2” ，旧词按 “3”</p>","1","html-keyboard-response","483","972015","0.0-7.0-9.0-1.114","5","2","5","1","1","5","3","4","4","5","5","0","0","1","2","-2","1","1","2","5","4","5","4","2","1","2","3","4","3","4","6","4","8","3","7","6","5","7","5","5","3","3","6","2","5","2","5","5","1","2","2","5","1","1","5","5","4","6","3","1","2","2","1","1","2","6","2","1","7","1","1","1","1","1","2","1","7","1","3","799230569765543938","仲","102","Female","[""坏我"",""好我"",""好她"",""坏她""]","[""弱我"",""强我"",""强她"",""弱她""]","","","","","","","","new","","","","","","","","","SRET","RJ_formal1","Fri Jan 19 2024 19:12:01 GMT+0800 (中国标准时间)","","","","","","朋友","全才","Positive","ability","","","0","","","old","","","","",""
"null","<div style=""color:white;font-size:80px;line-height:5px;position:absolute;top:calc(50%); transform: translate(-50%, -50%)"">+</div>","null","html-keyboard-response","484","972521","0.0-7.0-9.0-0.115","5","2","5","1","1","5","3","4","4","5","5","0","0","1","2","-2","1","1","2","5","4","5","4","2","1","2","3","4","3","4","6","4","8","3","7","6","5","7","5","5","3","3","6","2","5","2","5","5","1","2","2","5","1","1","5","5","4","6","3","1","2","2","1","1","2","6","2","1","7","1","1","1","1","1","2","1","7","1","3","799230569765543938","仲","102","Female","[""坏我"",""好我"",""好她"",""坏她""]","[""弱我"",""强我"",""强她"",""弱她""]","","","","","","","","","","","","","","","","","","","","","","","","","","","","","","","","","","","","","","",""
"2154","<p style=""position: absolute; top:calc(45%);;transform: translate(-50%, -50%);text-align: center; color: white; font-size: 60px;"">守信</p><p style=""position:absolute; text-align: center;color:	#D3D3D3;font-size: 25px;top:calc(50% + 35%);transform: translate(-50%)"">新词按 “1” ，熟悉按 “2” ，旧词按 “3”</p>","3","html-keyboard-response","485","974676","0.0-7.0-9.0-1.115","5","2","5","1","1","5","3","4","4","5","5","0","0","1","2","-2","1","1","2","5","4","5","4","2","1","2","3","4","3","4","6","4","8","3","7","6","5","7","5","5","3","3","6","2","5","2","5","5","1","2","2","5","1","1","5","5","4","6","3","1","2","2","1","1","2","6","2","1","7","1","1","1","1","1","2","1","7","1","3","799230569765543938","仲","102","Female","[""坏我"",""好我"",""好她"",""坏她""]","[""弱我"",""强我"",""强她"",""弱她""]","","","","","","","","old","","","","","","","","","SRET","RJ_formal1","Fri Jan 19 2024 19:12:01 GMT+0800 (中国标准时间)","","","","","","朋友","守信","Positive","morality","","","1","","","old","","","","",""
"759","<p style=""position: absolute; top:calc(45%);transform: translate(-50%, -50%);text-align: center; color: white; font-size: 60px;"">守信</p><p style=""position:absolute; text-align: center;font-size: 25px;color:	#D3D3D3;top:calc(50% + 35%);transform: translate(-50%)"">自己按 f 键 ，朋友按 j 键</p>","j","html-keyboard-response","486","975437","0.0-7.0-9.0-2.115-0.115","5","2","5","1","1","5","3","4","4","5","5","0","0","1","2","-2","1","1","2","5","4","5","4","2","1","2","3","4","3","4","6","4","8","3","7","6","5","7","5","5","3","3","6","2","5","2","5","5","1","2","2","5","1","1","5","5","4","6","3","1","2","2","1","1","2","6","2","1","7","1","1","1","1","1","2","1","7","1","3","799230569765543938","仲","102","Female","[""坏我"",""好我"",""好她"",""坏她""]","[""弱我"",""强我"",""强她"",""弱她""]","","","","","","","","friend","","","","","","","","","SRET","RJ_formal_2","Fri Jan 19 2024 19:12:01 GMT+0800 (中国标准时间)","","","","","","","守信","Positive","morality","","","","","","朋友","","","","",""
"null","<div style=""color:white;font-size:80px;line-height:5px;position:absolute;top:calc(50%); transform: translate(-50%, -50%)"">+</div>","null","html-keyboard-response","487","975941","0.0-7.0-9.0-0.116","5","2","5","1","1","5","3","4","4","5","5","0","0","1","2","-2","1","1","2","5","4","5","4","2","1","2","3","4","3","4","6","4","8","3","7","6","5","7","5","5","3","3","6","2","5","2","5","5","1","2","2","5","1","1","5","5","4","6","3","1","2","2","1","1","2","6","2","1","7","1","1","1","1","1","2","1","7","1","3","799230569765543938","仲","102","Female","[""坏我"",""好我"",""好她"",""坏她""]","[""弱我"",""强我"",""强她"",""弱她""]","","","","","","","","","","","","","","","","","","","","","","","","","","","","","","","","","","","","","","",""
"1411","<p style=""position: absolute; top:calc(45%);;transform: translate(-50%, -50%);text-align: center; color: white; font-size: 60px;"">思辨</p><p style=""position:absolute; text-align: center;color:	#D3D3D3;font-size: 25px;top:calc(50% + 35%);transform: translate(-50%)"">新词按 “1” ，熟悉按 “2” ，旧词按 “3”</p>","3","html-keyboard-response","488","977353","0.0-7.0-9.0-1.116","5","2","5","1","1","5","3","4","4","5","5","0","0","1","2","-2","1","1","2","5","4","5","4","2","1","2","3","4","3","4","6","4","8","3","7","6","5","7","5","5","3","3","6","2","5","2","5","5","1","2","2","5","1","1","5","5","4","6","3","1","2","2","1","1","2","6","2","1","7","1","1","1","1","1","2","1","7","1","3","799230569765543938","仲","102","Female","[""坏我"",""好我"",""好她"",""坏她""]","[""弱我"",""强我"",""强她"",""弱她""]","","","","","","","","old","","","","","","","","","SRET","RJ_formal1","Fri Jan 19 2024 19:12:01 GMT+0800 (中国标准时间)","","","","","","自己","思辨","Positive","ability","","","1","","","old","","","","",""
"415","<p style=""position: absolute; top:calc(45%);transform: translate(-50%, -50%);text-align: center; color: white; font-size: 60px;"">思辨</p><p style=""position:absolute; text-align: center;font-size: 25px;color:	#D3D3D3;top:calc(50% + 35%);transform: translate(-50%)"">自己按 f 键 ，朋友按 j 键</p>","f","html-keyboard-response","489","977769","0.0-7.0-9.0-2.116-0.116","5","2","5","1","1","5","3","4","4","5","5","0","0","1","2","-2","1","1","2","5","4","5","4","2","1","2","3","4","3","4","6","4","8","3","7","6","5","7","5","5","3","3","6","2","5","2","5","5","1","2","2","5","1","1","5","5","4","6","3","1","2","2","1","1","2","6","2","1","7","1","1","1","1","1","2","1","7","1","3","799230569765543938","仲","102","Female","[""坏我"",""好我"",""好她"",""坏她""]","[""弱我"",""强我"",""强她"",""弱她""]","","","","","","","","self","","","","","","","","","SRET","RJ_formal_2","Fri Jan 19 2024 19:12:01 GMT+0800 (中国标准时间)","","","","","","","思辨","Positive","ability","","","","","","自己","","","","",""
"null","<div style=""color:white;font-size:80px;line-height:5px;position:absolute;top:calc(50%); transform: translate(-50%, -50%)"">+</div>","null","html-keyboard-response","490","978277","0.0-7.0-9.0-0.117","5","2","5","1","1","5","3","4","4","5","5","0","0","1","2","-2","1","1","2","5","4","5","4","2","1","2","3","4","3","4","6","4","8","3","7","6","5","7","5","5","3","3","6","2","5","2","5","5","1","2","2","5","1","1","5","5","4","6","3","1","2","2","1","1","2","6","2","1","7","1","1","1","1","1","2","1","7","1","3","799230569765543938","仲","102","Female","[""坏我"",""好我"",""好她"",""坏她""]","[""弱我"",""强我"",""强她"",""弱她""]","","","","","","","","","","","","","","","","","","","","","","","","","","","","","","","","","","","","","","",""
"1483","<p style=""position: absolute; top:calc(45%);;transform: translate(-50%, -50%);text-align: center; color: white; font-size: 60px;"">守法</p><p style=""position:absolute; text-align: center;color:	#D3D3D3;font-size: 25px;top:calc(50% + 35%);transform: translate(-50%)"">新词按 “1” ，熟悉按 “2” ，旧词按 “3”</p>","1","html-keyboard-response","491","979762","0.0-7.0-9.0-1.117","5","2","5","1","1","5","3","4","4","5","5","0","0","1","2","-2","1","1","2","5","4","5","4","2","1","2","3","4","3","4","6","4","8","3","7","6","5","7","5","5","3","3","6","2","5","2","5","5","1","2","2","5","1","1","5","5","4","6","3","1","2","2","1","1","2","6","2","1","7","1","1","1","1","1","2","1","7","1","3","799230569765543938","仲","102","Female","[""坏我"",""好我"",""好她"",""坏她""]","[""弱我"",""强我"",""强她"",""弱她""]","","","","","","","","new","","","","","","","","","SRET","RJ_formal1","Fri Jan 19 2024 19:12:01 GMT+0800 (中国标准时间)","","","","","","朋友","守法","Positive","morality","","","0","","","old","","","","",""
"null","<div style=""color:white;font-size:80px;line-height:5px;position:absolute;top:calc(50%); transform: translate(-50%, -50%)"">+</div>","null","html-keyboard-response","492","980265","0.0-7.0-9.0-0.118","5","2","5","1","1","5","3","4","4","5","5","0","0","1","2","-2","1","1","2","5","4","5","4","2","1","2","3","4","3","4","6","4","8","3","7","6","5","7","5","5","3","3","6","2","5","2","5","5","1","2","2","5","1","1","5","5","4","6","3","1","2","2","1","1","2","6","2","1","7","1","1","1","1","1","2","1","7","1","3","799230569765543938","仲","102","Female","[""坏我"",""好我"",""好她"",""坏她""]","[""弱我"",""强我"",""强她"",""弱她""]","","","","","","","","","","","","","","","","","","","","","","","","","","","","","","","","","","","","","","",""
"1045","<p style=""position: absolute; top:calc(45%);;transform: translate(-50%, -50%);text-align: center; color: white; font-size: 60px;"">黑心</p><p style=""position:absolute; text-align: center;color:	#D3D3D3;font-size: 25px;top:calc(50% + 35%);transform: translate(-50%)"">新词按 “1” ，熟悉按 “2” ，旧词按 “3”</p>","1","html-keyboard-response","493","981310","0.0-7.0-9.0-1.118","5","2","5","1","1","5","3","4","4","5","5","0","0","1","2","-2","1","1","2","5","4","5","4","2","1","2","3","4","3","4","6","4","8","3","7","6","5","7","5","5","3","3","6","2","5","2","5","5","1","2","2","5","1","1","5","5","4","6","3","1","2","2","1","1","2","6","2","1","7","1","1","1","1","1","2","1","7","1","3","799230569765543938","仲","102","Female","[""坏我"",""好我"",""好她"",""坏她""]","[""弱我"",""强我"",""强她"",""弱她""]","","","","","","","","new","","","","","","","","","SRET","RJ_formal1","Fri Jan 19 2024 19:12:01 GMT+0800 (中国标准时间)","","","","","","朋友","黑心","Negative","morality","","","0","","","old","","","","",""
"null","<div style=""color:white;font-size:80px;line-height:5px;position:absolute;top:calc(50%); transform: translate(-50%, -50%)"">+</div>","null","html-keyboard-response","494","981819","0.0-7.0-9.0-0.119","5","2","5","1","1","5","3","4","4","5","5","0","0","1","2","-2","1","1","2","5","4","5","4","2","1","2","3","4","3","4","6","4","8","3","7","6","5","7","5","5","3","3","6","2","5","2","5","5","1","2","2","5","1","1","5","5","4","6","3","1","2","2","1","1","2","6","2","1","7","1","1","1","1","1","2","1","7","1","3","799230569765543938","仲","102","Female","[""坏我"",""好我"",""好她"",""坏她""]","[""弱我"",""强我"",""强她"",""弱她""]","","","","","","","","","","","","","","","","","","","","","","","","","","","","","","","","","","","","","","",""
"1167","<p style=""position: absolute; top:calc(45%);;transform: translate(-50%, -50%);text-align: center; color: white; font-size: 60px;"">骁勇</p><p style=""position:absolute; text-align: center;color:	#D3D3D3;font-size: 25px;top:calc(50% + 35%);transform: translate(-50%)"">新词按 “1” ，熟悉按 “2” ，旧词按 “3”</p>","3","html-keyboard-response","495","982988","0.0-7.0-9.0-1.119","5","2","5","1","1","5","3","4","4","5","5","0","0","1","2","-2","1","1","2","5","4","5","4","2","1","2","3","4","3","4","6","4","8","3","7","6","5","7","5","5","3","3","6","2","5","2","5","5","1","2","2","5","1","1","5","5","4","6","3","1","2","2","1","1","2","6","2","1","7","1","1","1","1","1","2","1","7","1","3","799230569765543938","仲","102","Female","[""坏我"",""好我"",""好她"",""坏她""]","[""弱我"",""强我"",""强她"",""弱她""]","","","","","","","","old","","","","","","","","","SRET","RJ_formal1","Fri Jan 19 2024 19:12:01 GMT+0800 (中国标准时间)","","","","","","自己","骁勇","Positive","ability","","","1","","","old","","","","",""
"559","<p style=""position: absolute; top:calc(45%);transform: translate(-50%, -50%);text-align: center; color: white; font-size: 60px;"">骁勇</p><p style=""position:absolute; text-align: center;font-size: 25px;color:	#D3D3D3;top:calc(50% + 35%);transform: translate(-50%)"">自己按 f 键 ，朋友按 j 键</p>","f","html-keyboard-response","496","983549","0.0-7.0-9.0-2.119-0.119","5","2","5","1","1","5","3","4","4","5","5","0","0","1","2","-2","1","1","2","5","4","5","4","2","1","2","3","4","3","4","6","4","8","3","7","6","5","7","5","5","3","3","6","2","5","2","5","5","1","2","2","5","1","1","5","5","4","6","3","1","2","2","1","1","2","6","2","1","7","1","1","1","1","1","2","1","7","1","3","799230569765543938","仲","102","Female","[""坏我"",""好我"",""好她"",""坏她""]","[""弱我"",""强我"",""强她"",""弱她""]","","","","","","","","self","","","","","","","","","SRET","RJ_formal_2","Fri Jan 19 2024 19:12:01 GMT+0800 (中国标准时间)","","","","","","","骁勇","Positive","ability","","","","","","自己","","","","",""
"null","<div style=""color:white;font-size:80px;line-height:5px;position:absolute;top:calc(50%); transform: translate(-50%, -50%)"">+</div>","null","html-keyboard-response","497","984051","0.0-7.0-9.0-0.120","5","2","5","1","1","5","3","4","4","5","5","0","0","1","2","-2","1","1","2","5","4","5","4","2","1","2","3","4","3","4","6","4","8","3","7","6","5","7","5","5","3","3","6","2","5","2","5","5","1","2","2","5","1","1","5","5","4","6","3","1","2","2","1","1","2","6","2","1","7","1","1","1","1","1","2","1","7","1","3","799230569765543938","仲","102","Female","[""坏我"",""好我"",""好她"",""坏她""]","[""弱我"",""强我"",""强她"",""弱她""]","","","","","","","","","","","","","","","","","","","","","","","","","","","","","","","","","","","","","","",""
"833","<p style=""position: absolute; top:calc(45%);;transform: translate(-50%, -50%);text-align: center; color: white; font-size: 60px;"">畏难</p><p style=""position:absolute; text-align: center;color:	#D3D3D3;font-size: 25px;top:calc(50% + 35%);transform: translate(-50%)"">新词按 “1” ，熟悉按 “2” ，旧词按 “3”</p>","1","html-keyboard-response","498","984884","0.0-7.0-9.0-1.120","5","2","5","1","1","5","3","4","4","5","5","0","0","1","2","-2","1","1","2","5","4","5","4","2","1","2","3","4","3","4","6","4","8","3","7","6","5","7","5","5","3","3","6","2","5","2","5","5","1","2","2","5","1","1","5","5","4","6","3","1","2","2","1","1","2","6","2","1","7","1","1","1","1","1","2","1","7","1","3","799230569765543938","仲","102","Female","[""坏我"",""好我"",""好她"",""坏她""]","[""弱我"",""强我"",""强她"",""弱她""]","","","","","","","","new","","","","","","","","","SRET","RJ_formal1","Fri Jan 19 2024 19:12:01 GMT+0800 (中国标准时间)","","","","","","NA","畏难","Negative","ability","","","1","","","new","","","","",""
"null","<div style=""color:white;font-size:80px;line-height:5px;position:absolute;top:calc(50%); transform: translate(-50%, -50%)"">+</div>","null","html-keyboard-response","499","985394","0.0-7.0-9.0-0.121","5","2","5","1","1","5","3","4","4","5","5","0","0","1","2","-2","1","1","2","5","4","5","4","2","1","2","3","4","3","4","6","4","8","3","7","6","5","7","5","5","3","3","6","2","5","2","5","5","1","2","2","5","1","1","5","5","4","6","3","1","2","2","1","1","2","6","2","1","7","1","1","1","1","1","2","1","7","1","3","799230569765543938","仲","102","Female","[""坏我"",""好我"",""好她"",""坏她""]","[""弱我"",""强我"",""强她"",""弱她""]","","","","","","","","","","","","","","","","","","","","","","","","","","","","","","","","","","","","","","",""
"3327","<p style=""position: absolute; top:calc(45%);;transform: translate(-50%, -50%);text-align: center; color: white; font-size: 60px;"">谦逊</p><p style=""position:absolute; text-align: center;color:	#D3D3D3;font-size: 25px;top:calc(50% + 35%);transform: translate(-50%)"">新词按 “1” ，熟悉按 “2” ，旧词按 “3”</p>","1","html-keyboard-response","500","988722","0.0-7.0-9.0-1.121","5","2","5","1","1","5","3","4","4","5","5","0","0","1","2","-2","1","1","2","5","4","5","4","2","1","2","3","4","3","4","6","4","8","3","7","6","5","7","5","5","3","3","6","2","5","2","5","5","1","2","2","5","1","1","5","5","4","6","3","1","2","2","1","1","2","6","2","1","7","1","1","1","1","1","2","1","7","1","3","799230569765543938","仲","102","Female","[""坏我"",""好我"",""好她"",""坏她""]","[""弱我"",""强我"",""强她"",""弱她""]","","","","","","","","new","","","","","","","","","SRET","RJ_formal1","Fri Jan 19 2024 19:12:01 GMT+0800 (中国标准时间)","","","","","","NA","谦逊","Positive","morality","","","1","","","new","","","","",""
"null","<div style=""color:white;font-size:80px;line-height:5px;position:absolute;top:calc(50%); transform: translate(-50%, -50%)"">+</div>","null","html-keyboard-response","501","989227","0.0-7.0-9.0-0.122","5","2","5","1","1","5","3","4","4","5","5","0","0","1","2","-2","1","1","2","5","4","5","4","2","1","2","3","4","3","4","6","4","8","3","7","6","5","7","5","5","3","3","6","2","5","2","5","5","1","2","2","5","1","1","5","5","4","6","3","1","2","2","1","1","2","6","2","1","7","1","1","1","1","1","2","1","7","1","3","799230569765543938","仲","102","Female","[""坏我"",""好我"",""好她"",""坏她""]","[""弱我"",""强我"",""强她"",""弱她""]","","","","","","","","","","","","","","","","","","","","","","","","","","","","","","","","","","","","","","",""
"1584","<p style=""position: absolute; top:calc(45%);;transform: translate(-50%, -50%);text-align: center; color: white; font-size: 60px;"">专注</p><p style=""position:absolute; text-align: center;color:	#D3D3D3;font-size: 25px;top:calc(50% + 35%);transform: translate(-50%)"">新词按 “1” ，熟悉按 “2” ，旧词按 “3”</p>","1","html-keyboard-response","502","990812","0.0-7.0-9.0-1.122","5","2","5","1","1","5","3","4","4","5","5","0","0","1","2","-2","1","1","2","5","4","5","4","2","1","2","3","4","3","4","6","4","8","3","7","6","5","7","5","5","3","3","6","2","5","2","5","5","1","2","2","5","1","1","5","5","4","6","3","1","2","2","1","1","2","6","2","1","7","1","1","1","1","1","2","1","7","1","3","799230569765543938","仲","102","Female","[""坏我"",""好我"",""好她"",""坏她""]","[""弱我"",""强我"",""强她"",""弱她""]","","","","","","","","new","","","","","","","","","SRET","RJ_formal1","Fri Jan 19 2024 19:12:01 GMT+0800 (中国标准时间)","","","","","","NA","专注","Positive","ability","","","1","","","new","","","","",""
"null","<div style=""color:white;font-size:80px;line-height:5px;position:absolute;top:calc(50%); transform: translate(-50%, -50%)"">+</div>","null","html-keyboard-response","503","991318","0.0-7.0-9.0-0.123","5","2","5","1","1","5","3","4","4","5","5","0","0","1","2","-2","1","1","2","5","4","5","4","2","1","2","3","4","3","4","6","4","8","3","7","6","5","7","5","5","3","3","6","2","5","2","5","5","1","2","2","5","1","1","5","5","4","6","3","1","2","2","1","1","2","6","2","1","7","1","1","1","1","1","2","1","7","1","3","799230569765543938","仲","102","Female","[""坏我"",""好我"",""好她"",""坏她""]","[""弱我"",""强我"",""强她"",""弱她""]","","","","","","","","","","","","","","","","","","","","","","","","","","","","","","","","","","","","","","",""
"1099","<p style=""position: absolute; top:calc(45%);;transform: translate(-50%, -50%);text-align: center; color: white; font-size: 60px;"">虚伪</p><p style=""position:absolute; text-align: center;color:	#D3D3D3;font-size: 25px;top:calc(50% + 35%);transform: translate(-50%)"">新词按 “1” ，熟悉按 “2” ，旧词按 “3”</p>","1","html-keyboard-response","504","992417","0.0-7.0-9.0-1.123","5","2","5","1","1","5","3","4","4","5","5","0","0","1","2","-2","1","1","2","5","4","5","4","2","1","2","3","4","3","4","6","4","8","3","7","6","5","7","5","5","3","3","6","2","5","2","5","5","1","2","2","5","1","1","5","5","4","6","3","1","2","2","1","1","2","6","2","1","7","1","1","1","1","1","2","1","7","1","3","799230569765543938","仲","102","Female","[""坏我"",""好我"",""好她"",""坏她""]","[""弱我"",""强我"",""强她"",""弱她""]","","","","","","","","new","","","","","","","","","SRET","RJ_formal1","Fri Jan 19 2024 19:12:01 GMT+0800 (中国标准时间)","","","","","","NA","虚伪","Negative","morality","","","1","","","new","","","","",""
"null","<div style=""color:white;font-size:80px;line-height:5px;position:absolute;top:calc(50%); transform: translate(-50%, -50%)"">+</div>","null","html-keyboard-response","505","992922","0.0-7.0-9.0-0.124","5","2","5","1","1","5","3","4","4","5","5","0","0","1","2","-2","1","1","2","5","4","5","4","2","1","2","3","4","3","4","6","4","8","3","7","6","5","7","5","5","3","3","6","2","5","2","5","5","1","2","2","5","1","1","5","5","4","6","3","1","2","2","1","1","2","6","2","1","7","1","1","1","1","1","2","1","7","1","3","799230569765543938","仲","102","Female","[""坏我"",""好我"",""好她"",""坏她""]","[""弱我"",""强我"",""强她"",""弱她""]","","","","","","","","","","","","","","","","","","","","","","","","","","","","","","","","","","","","","","",""
"755","<p style=""position: absolute; top:calc(45%);;transform: translate(-50%, -50%);text-align: center; color: white; font-size: 60px;"">利落</p><p style=""position:absolute; text-align: center;color:	#D3D3D3;font-size: 25px;top:calc(50% + 35%);transform: translate(-50%)"">新词按 “1” ，熟悉按 “2” ，旧词按 “3”</p>","1","html-keyboard-response","506","993678","0.0-7.0-9.0-1.124","5","2","5","1","1","5","3","4","4","5","5","0","0","1","2","-2","1","1","2","5","4","5","4","2","1","2","3","4","3","4","6","4","8","3","7","6","5","7","5","5","3","3","6","2","5","2","5","5","1","2","2","5","1","1","5","5","4","6","3","1","2","2","1","1","2","6","2","1","7","1","1","1","1","1","2","1","7","1","3","799230569765543938","仲","102","Female","[""坏我"",""好我"",""好她"",""坏她""]","[""弱我"",""强我"",""强她"",""弱她""]","","","","","","","","new","","","","","","","","","SRET","RJ_formal1","Fri Jan 19 2024 19:12:01 GMT+0800 (中国标准时间)","","","","","","朋友","利落","Positive","ability","","","0","","","old","","","","",""
"null","<div style=""color:white;font-size:80px;line-height:5px;position:absolute;top:calc(50%); transform: translate(-50%, -50%)"">+</div>","null","html-keyboard-response","507","994180","0.0-7.0-9.0-0.125","5","2","5","1","1","5","3","4","4","5","5","0","0","1","2","-2","1","1","2","5","4","5","4","2","1","2","3","4","3","4","6","4","8","3","7","6","5","7","5","5","3","3","6","2","5","2","5","5","1","2","2","5","1","1","5","5","4","6","3","1","2","2","1","1","2","6","2","1","7","1","1","1","1","1","2","1","7","1","3","799230569765543938","仲","102","Female","[""坏我"",""好我"",""好她"",""坏她""]","[""弱我"",""强我"",""强她"",""弱她""]","","","","","","","","","","","","","","","","","","","","","","","","","","","","","","","","","","","","","","",""
"1224","<p style=""position: absolute; top:calc(45%);;transform: translate(-50%, -50%);text-align: center; color: white; font-size: 60px;"">昏庸</p><p style=""position:absolute; text-align: center;color:	#D3D3D3;font-size: 25px;top:calc(50% + 35%);transform: translate(-50%)"">新词按 “1” ，熟悉按 “2” ，旧词按 “3”</p>","1","html-keyboard-response","508","995405","0.0-7.0-9.0-1.125","5","2","5","1","1","5","3","4","4","5","5","0","0","1","2","-2","1","1","2","5","4","5","4","2","1","2","3","4","3","4","6","4","8","3","7","6","5","7","5","5","3","3","6","2","5","2","5","5","1","2","2","5","1","1","5","5","4","6","3","1","2","2","1","1","2","6","2","1","7","1","1","1","1","1","2","1","7","1","3","799230569765543938","仲","102","Female","[""坏我"",""好我"",""好她"",""坏她""]","[""弱我"",""强我"",""强她"",""弱她""]","","","","","","","","new","","","","","","","","","SRET","RJ_formal1","Fri Jan 19 2024 19:12:01 GMT+0800 (中国标准时间)","","","","","","朋友","昏庸","Negative","ability","","","0","","","old","","","","",""
"null","<div style=""color:white;font-size:80px;line-height:5px;position:absolute;top:calc(50%); transform: translate(-50%, -50%)"">+</div>","null","html-keyboard-response","509","995915","0.0-7.0-9.0-0.126","5","2","5","1","1","5","3","4","4","5","5","0","0","1","2","-2","1","1","2","5","4","5","4","2","1","2","3","4","3","4","6","4","8","3","7","6","5","7","5","5","3","3","6","2","5","2","5","5","1","2","2","5","1","1","5","5","4","6","3","1","2","2","1","1","2","6","2","1","7","1","1","1","1","1","2","1","7","1","3","799230569765543938","仲","102","Female","[""坏我"",""好我"",""好她"",""坏她""]","[""弱我"",""强我"",""强她"",""弱她""]","","","","","","","","","","","","","","","","","","","","","","","","","","","","","","","","","","","","","","",""
"2243","<p style=""position: absolute; top:calc(45%);;transform: translate(-50%, -50%);text-align: center; color: white; font-size: 60px;"">博学</p><p style=""position:absolute; text-align: center;color:	#D3D3D3;font-size: 25px;top:calc(50% + 35%);transform: translate(-50%)"">新词按 “1” ，熟悉按 “2” ，旧词按 “3”</p>","3","html-keyboard-response","510","998160","0.0-7.0-9.0-1.126","5","2","5","1","1","5","3","4","4","5","5","0","0","1","2","-2","1","1","2","5","4","5","4","2","1","2","3","4","3","4","6","4","8","3","7","6","5","7","5","5","3","3","6","2","5","2","5","5","1","2","2","5","1","1","5","5","4","6","3","1","2","2","1","1","2","6","2","1","7","1","1","1","1","1","2","1","7","1","3","799230569765543938","仲","102","Female","[""坏我"",""好我"",""好她"",""坏她""]","[""弱我"",""强我"",""强她"",""弱她""]","","","","","","","","old","","","","","","","","","SRET","RJ_formal1","Fri Jan 19 2024 19:12:01 GMT+0800 (中国标准时间)","","","","","","朋友","博学","Positive","ability","","","1","","","old","","","","",""
"5224","<p style=""position: absolute; top:calc(45%);transform: translate(-50%, -50%);text-align: center; color: white; font-size: 60px;"">博学</p><p style=""position:absolute; text-align: center;font-size: 25px;color:	#D3D3D3;top:calc(50% + 35%);transform: translate(-50%)"">自己按 f 键 ，朋友按 j 键</p>","f","html-keyboard-response","511","1003385","0.0-7.0-9.0-2.126-0.126","5","2","5","1","1","5","3","4","4","5","5","0","0","1","2","-2","1","1","2","5","4","5","4","2","1","2","3","4","3","4","6","4","8","3","7","6","5","7","5","5","3","3","6","2","5","2","5","5","1","2","2","5","1","1","5","5","4","6","3","1","2","2","1","1","2","6","2","1","7","1","1","1","1","1","2","1","7","1","3","799230569765543938","仲","102","Female","[""坏我"",""好我"",""好她"",""坏她""]","[""弱我"",""强我"",""强她"",""弱她""]","","","","","","","","self","","","","","","","","","SRET","RJ_formal_2","Fri Jan 19 2024 19:12:01 GMT+0800 (中国标准时间)","","","","","","","博学","Positive","ability","","","","","","朋友","","","","",""
"null","<div style=""color:white;font-size:80px;line-height:5px;position:absolute;top:calc(50%); transform: translate(-50%, -50%)"">+</div>","null","html-keyboard-response","512","1003895","0.0-7.0-9.0-0.127","5","2","5","1","1","5","3","4","4","5","5","0","0","1","2","-2","1","1","2","5","4","5","4","2","1","2","3","4","3","4","6","4","8","3","7","6","5","7","5","5","3","3","6","2","5","2","5","5","1","2","2","5","1","1","5","5","4","6","3","1","2","2","1","1","2","6","2","1","7","1","1","1","1","1","2","1","7","1","3","799230569765543938","仲","102","Female","[""坏我"",""好我"",""好她"",""坏她""]","[""弱我"",""强我"",""强她"",""弱她""]","","","","","","","","","","","","","","","","","","","","","","","","","","","","","","","","","","","","","","",""
"1159","<p style=""position: absolute; top:calc(45%);;transform: translate(-50%, -50%);text-align: center; color: white; font-size: 60px;"">高效</p><p style=""position:absolute; text-align: center;color:	#D3D3D3;font-size: 25px;top:calc(50% + 35%);transform: translate(-50%)"">新词按 “1” ，熟悉按 “2” ，旧词按 “3”</p>","1","html-keyboard-response","513","1005055","0.0-7.0-9.0-1.127","5","2","5","1","1","5","3","4","4","5","5","0","0","1","2","-2","1","1","2","5","4","5","4","2","1","2","3","4","3","4","6","4","8","3","7","6","5","7","5","5","3","3","6","2","5","2","5","5","1","2","2","5","1","1","5","5","4","6","3","1","2","2","1","1","2","6","2","1","7","1","1","1","1","1","2","1","7","1","3","799230569765543938","仲","102","Female","[""坏我"",""好我"",""好她"",""坏她""]","[""弱我"",""强我"",""强她"",""弱她""]","","","","","","","","new","","","","","","","","","SRET","RJ_formal1","Fri Jan 19 2024 19:12:01 GMT+0800 (中国标准时间)","","","","","","NA","高效","Positive","ability","","","1","","","new","","","","",""
"null","<div style=""color:white;font-size:80px;line-height:5px;position:absolute;top:calc(50%); transform: translate(-50%, -50%)"">+</div>","null","html-keyboard-response","514","1005565","0.0-7.0-9.0-0.128","5","2","5","1","1","5","3","4","4","5","5","0","0","1","2","-2","1","1","2","5","4","5","4","2","1","2","3","4","3","4","6","4","8","3","7","6","5","7","5","5","3","3","6","2","5","2","5","5","1","2","2","5","1","1","5","5","4","6","3","1","2","2","1","1","2","6","2","1","7","1","1","1","1","1","2","1","7","1","3","799230569765543938","仲","102","Female","[""坏我"",""好我"",""好她"",""坏她""]","[""弱我"",""强我"",""强她"",""弱她""]","","","","","","","","","","","","","","","","","","","","","","","","","","","","","","","","","","","","","","",""
"3373","<p style=""position: absolute; top:calc(45%);;transform: translate(-50%, -50%);text-align: center; color: white; font-size: 60px;"">廉明</p><p style=""position:absolute; text-align: center;color:	#D3D3D3;font-size: 25px;top:calc(50% + 35%);transform: translate(-50%)"">新词按 “1” ，熟悉按 “2” ，旧词按 “3”</p>","2","html-keyboard-response","515","1008939","0.0-7.0-9.0-1.128","5","2","5","1","1","5","3","4","4","5","5","0","0","1","2","-2","1","1","2","5","4","5","4","2","1","2","3","4","3","4","6","4","8","3","7","6","5","7","5","5","3","3","6","2","5","2","5","5","1","2","2","5","1","1","5","5","4","6","3","1","2","2","1","1","2","6","2","1","7","1","1","1","1","1","2","1","7","1","3","799230569765543938","仲","102","Female","[""坏我"",""好我"",""好她"",""坏她""]","[""弱我"",""强我"",""强她"",""弱她""]","","","","","","","","familiar","","","","","","","","","SRET","RJ_formal1","Fri Jan 19 2024 19:12:01 GMT+0800 (中国标准时间)","","","","","","朋友","廉明","Positive","morality","","","1","","","old","","","","",""
"995","<p style=""position: absolute; top:calc(45%);transform: translate(-50%, -50%);text-align: center; color: white; font-size: 60px;"">廉明</p><p style=""position:absolute; text-align: center;font-size: 25px;color:	#D3D3D3;top:calc(50% + 35%);transform: translate(-50%)"">自己按 f 键 ，朋友按 j 键</p>","j","html-keyboard-response","516","1009936","0.0-7.0-9.0-2.128-0.128","5","2","5","1","1","5","3","4","4","5","5","0","0","1","2","-2","1","1","2","5","4","5","4","2","1","2","3","4","3","4","6","4","8","3","7","6","5","7","5","5","3","3","6","2","5","2","5","5","1","2","2","5","1","1","5","5","4","6","3","1","2","2","1","1","2","6","2","1","7","1","1","1","1","1","2","1","7","1","3","799230569765543938","仲","102","Female","[""坏我"",""好我"",""好她"",""坏她""]","[""弱我"",""强我"",""强她"",""弱她""]","","","","","","","","friend","","","","","","","","","SRET","RJ_formal_2","Fri Jan 19 2024 19:12:01 GMT+0800 (中国标准时间)","","","","","","","廉明","Positive","morality","","","","","","朋友","","","","",""
"null","<div style=""color:white;font-size:80px;line-height:5px;position:absolute;top:calc(50%); transform: translate(-50%, -50%)"">+</div>","null","html-keyboard-response","517","1010439","0.0-7.0-9.0-0.129","5","2","5","1","1","5","3","4","4","5","5","0","0","1","2","-2","1","1","2","5","4","5","4","2","1","2","3","4","3","4","6","4","8","3","7","6","5","7","5","5","3","3","6","2","5","2","5","5","1","2","2","5","1","1","5","5","4","6","3","1","2","2","1","1","2","6","2","1","7","1","1","1","1","1","2","1","7","1","3","799230569765543938","仲","102","Female","[""坏我"",""好我"",""好她"",""坏她""]","[""弱我"",""强我"",""强她"",""弱她""]","","","","","","","","","","","","","","","","","","","","","","","","","","","","","","","","","","","","","","",""
"1108","<p style=""position: absolute; top:calc(45%);;transform: translate(-50%, -50%);text-align: center; color: white; font-size: 60px;"">浅薄</p><p style=""position:absolute; text-align: center;color:	#D3D3D3;font-size: 25px;top:calc(50% + 35%);transform: translate(-50%)"">新词按 “1” ，熟悉按 “2” ，旧词按 “3”</p>","1","html-keyboard-response","518","1011548","0.0-7.0-9.0-1.129","5","2","5","1","1","5","3","4","4","5","5","0","0","1","2","-2","1","1","2","5","4","5","4","2","1","2","3","4","3","4","6","4","8","3","7","6","5","7","5","5","3","3","6","2","5","2","5","5","1","2","2","5","1","1","5","5","4","6","3","1","2","2","1","1","2","6","2","1","7","1","1","1","1","1","2","1","7","1","3","799230569765543938","仲","102","Female","[""坏我"",""好我"",""好她"",""坏她""]","[""弱我"",""强我"",""强她"",""弱她""]","","","","","","","","new","","","","","","","","","SRET","RJ_formal1","Fri Jan 19 2024 19:12:01 GMT+0800 (中国标准时间)","","","","","","朋友","浅薄","Negative","ability","","","0","","","old","","","","",""
"null","<div style=""color:white;font-size:80px;line-height:5px;position:absolute;top:calc(50%); transform: translate(-50%, -50%)"">+</div>","null","html-keyboard-response","519","1012054","0.0-7.0-9.0-0.130","5","2","5","1","1","5","3","4","4","5","5","0","0","1","2","-2","1","1","2","5","4","5","4","2","1","2","3","4","3","4","6","4","8","3","7","6","5","7","5","5","3","3","6","2","5","2","5","5","1","2","2","5","1","1","5","5","4","6","3","1","2","2","1","1","2","6","2","1","7","1","1","1","1","1","2","1","7","1","3","799230569765543938","仲","102","Female","[""坏我"",""好我"",""好她"",""坏她""]","[""弱我"",""强我"",""强她"",""弱她""]","","","","","","","","","","","","","","","","","","","","","","","","","","","","","","","","","","","","","","",""
"2425","<p style=""position: absolute; top:calc(45%);;transform: translate(-50%, -50%);text-align: center; color: white; font-size: 60px;"">义气</p><p style=""position:absolute; text-align: center;color:	#D3D3D3;font-size: 25px;top:calc(50% + 35%);transform: translate(-50%)"">新词按 “1” ，熟悉按 “2” ，旧词按 “3”</p>","2","html-keyboard-response","520","1014480","0.0-7.0-9.0-1.130","5","2","5","1","1","5","3","4","4","5","5","0","0","1","2","-2","1","1","2","5","4","5","4","2","1","2","3","4","3","4","6","4","8","3","7","6","5","7","5","5","3","3","6","2","5","2","5","5","1","2","2","5","1","1","5","5","4","6","3","1","2","2","1","1","2","6","2","1","7","1","1","1","1","1","2","1","7","1","3","799230569765543938","仲","102","Female","[""坏我"",""好我"",""好她"",""坏她""]","[""弱我"",""强我"",""强她"",""弱她""]","","","","","","","","familiar","","","","","","","","","SRET","RJ_formal1","Fri Jan 19 2024 19:12:01 GMT+0800 (中国标准时间)","","","","","","朋友","义气","Positive","morality","","","1","","","old","","","","",""
"328","<p style=""position: absolute; top:calc(45%);transform: translate(-50%, -50%);text-align: center; color: white; font-size: 60px;"">义气</p><p style=""position:absolute; text-align: center;font-size: 25px;color:	#D3D3D3;top:calc(50% + 35%);transform: translate(-50%)"">自己按 f 键 ，朋友按 j 键</p>","j","html-keyboard-response","521","1014810","0.0-7.0-9.0-2.130-0.130","5","2","5","1","1","5","3","4","4","5","5","0","0","1","2","-2","1","1","2","5","4","5","4","2","1","2","3","4","3","4","6","4","8","3","7","6","5","7","5","5","3","3","6","2","5","2","5","5","1","2","2","5","1","1","5","5","4","6","3","1","2","2","1","1","2","6","2","1","7","1","1","1","1","1","2","1","7","1","3","799230569765543938","仲","102","Female","[""坏我"",""好我"",""好她"",""坏她""]","[""弱我"",""强我"",""强她"",""弱她""]","","","","","","","","friend","","","","","","","","","SRET","RJ_formal_2","Fri Jan 19 2024 19:12:01 GMT+0800 (中国标准时间)","","","","","","","义气","Positive","morality","","","","","","朋友","","","","",""
"null","<div style=""color:white;font-size:80px;line-height:5px;position:absolute;top:calc(50%); transform: translate(-50%, -50%)"">+</div>","null","html-keyboard-response","522","1015314","0.0-7.0-9.0-0.131","5","2","5","1","1","5","3","4","4","5","5","0","0","1","2","-2","1","1","2","5","4","5","4","2","1","2","3","4","3","4","6","4","8","3","7","6","5","7","5","5","3","3","6","2","5","2","5","5","1","2","2","5","1","1","5","5","4","6","3","1","2","2","1","1","2","6","2","1","7","1","1","1","1","1","2","1","7","1","3","799230569765543938","仲","102","Female","[""坏我"",""好我"",""好她"",""坏她""]","[""弱我"",""强我"",""强她"",""弱她""]","","","","","","","","","","","","","","","","","","","","","","","","","","","","","","","","","","","","","","",""
"2341","<p style=""position: absolute; top:calc(45%);;transform: translate(-50%, -50%);text-align: center; color: white; font-size: 60px;"">愚钝</p><p style=""position:absolute; text-align: center;color:	#D3D3D3;font-size: 25px;top:calc(50% + 35%);transform: translate(-50%)"">新词按 “1” ，熟悉按 “2” ，旧词按 “3”</p>","2","html-keyboard-response","523","1017656","0.0-7.0-9.0-1.131","5","2","5","1","1","5","3","4","4","5","5","0","0","1","2","-2","1","1","2","5","4","5","4","2","1","2","3","4","3","4","6","4","8","3","7","6","5","7","5","5","3","3","6","2","5","2","5","5","1","2","2","5","1","1","5","5","4","6","3","1","2","2","1","1","2","6","2","1","7","1","1","1","1","1","2","1","7","1","3","799230569765543938","仲","102","Female","[""坏我"",""好我"",""好她"",""坏她""]","[""弱我"",""强我"",""强她"",""弱她""]","","","","","","","","familiar","","","","","","","","","SRET","RJ_formal1","Fri Jan 19 2024 19:12:01 GMT+0800 (中国标准时间)","","","","","","NA","愚钝","Negative","ability","","","0","","","new","","","","",""
"231","<p style=""position: absolute; top:calc(45%);transform: translate(-50%, -50%);text-align: center; color: white; font-size: 60px;"">愚钝</p><p style=""position:absolute; text-align: center;font-size: 25px;color:	#D3D3D3;top:calc(50% + 35%);transform: translate(-50%)"">自己按 f 键 ，朋友按 j 键</p>","j","html-keyboard-response","524","1017888","0.0-7.0-9.0-2.131-0.131","5","2","5","1","1","5","3","4","4","5","5","0","0","1","2","-2","1","1","2","5","4","5","4","2","1","2","3","4","3","4","6","4","8","3","7","6","5","7","5","5","3","3","6","2","5","2","5","5","1","2","2","5","1","1","5","5","4","6","3","1","2","2","1","1","2","6","2","1","7","1","1","1","1","1","2","1","7","1","3","799230569765543938","仲","102","Female","[""坏我"",""好我"",""好她"",""坏她""]","[""弱我"",""强我"",""强她"",""弱她""]","","","","","","","","friend","","","","","","","","","SRET","RJ_formal_2","Fri Jan 19 2024 19:12:01 GMT+0800 (中国标准时间)","","","","","","","愚钝","Negative","ability","","","","","","NA","","","","",""
"null","<div style=""color:white;font-size:80px;line-height:5px;position:absolute;top:calc(50%); transform: translate(-50%, -50%)"">+</div>","null","html-keyboard-response","525","1018390","0.0-7.0-9.0-0.132","5","2","5","1","1","5","3","4","4","5","5","0","0","1","2","-2","1","1","2","5","4","5","4","2","1","2","3","4","3","4","6","4","8","3","7","6","5","7","5","5","3","3","6","2","5","2","5","5","1","2","2","5","1","1","5","5","4","6","3","1","2","2","1","1","2","6","2","1","7","1","1","1","1","1","2","1","7","1","3","799230569765543938","仲","102","Female","[""坏我"",""好我"",""好她"",""坏她""]","[""弱我"",""强我"",""强她"",""弱她""]","","","","","","","","","","","","","","","","","","","","","","","","","","","","","","","","","","","","","","",""
"804","<p style=""position: absolute; top:calc(45%);;transform: translate(-50%, -50%);text-align: center; color: white; font-size: 60px;"">迟钝</p><p style=""position:absolute; text-align: center;color:	#D3D3D3;font-size: 25px;top:calc(50% + 35%);transform: translate(-50%)"">新词按 “1” ，熟悉按 “2” ，旧词按 “3”</p>","1","html-keyboard-response","526","1019195","0.0-7.0-9.0-1.132","5","2","5","1","1","5","3","4","4","5","5","0","0","1","2","-2","1","1","2","5","4","5","4","2","1","2","3","4","3","4","6","4","8","3","7","6","5","7","5","5","3","3","6","2","5","2","5","5","1","2","2","5","1","1","5","5","4","6","3","1","2","2","1","1","2","6","2","1","7","1","1","1","1","1","2","1","7","1","3","799230569765543938","仲","102","Female","[""坏我"",""好我"",""好她"",""坏她""]","[""弱我"",""强我"",""强她"",""弱她""]","","","","","","","","new","","","","","","","","","SRET","RJ_formal1","Fri Jan 19 2024 19:12:01 GMT+0800 (中国标准时间)","","","","","","朋友","迟钝","Negative","ability","","","0","","","old","","","","",""
"null","<div style=""color:white;font-size:80px;line-height:5px;position:absolute;top:calc(50%); transform: translate(-50%, -50%)"">+</div>","null","html-keyboard-response","527","1019697","0.0-7.0-9.0-0.133","5","2","5","1","1","5","3","4","4","5","5","0","0","1","2","-2","1","1","2","5","4","5","4","2","1","2","3","4","3","4","6","4","8","3","7","6","5","7","5","5","3","3","6","2","5","2","5","5","1","2","2","5","1","1","5","5","4","6","3","1","2","2","1","1","2","6","2","1","7","1","1","1","1","1","2","1","7","1","3","799230569765543938","仲","102","Female","[""坏我"",""好我"",""好她"",""坏她""]","[""弱我"",""强我"",""强她"",""弱她""]","","","","","","","","","","","","","","","","","","","","","","","","","","","","","","","","","","","","","","",""
"2989","<p style=""position: absolute; top:calc(45%);;transform: translate(-50%, -50%);text-align: center; color: white; font-size: 60px;"">外行</p><p style=""position:absolute; text-align: center;color:	#D3D3D3;font-size: 25px;top:calc(50% + 35%);transform: translate(-50%)"">新词按 “1” ，熟悉按 “2” ，旧词按 “3”</p>","2","html-keyboard-response","528","1022688","0.0-7.0-9.0-1.133","5","2","5","1","1","5","3","4","4","5","5","0","0","1","2","-2","1","1","2","5","4","5","4","2","1","2","3","4","3","4","6","4","8","3","7","6","5","7","5","5","3","3","6","2","5","2","5","5","1","2","2","5","1","1","5","5","4","6","3","1","2","2","1","1","2","6","2","1","7","1","1","1","1","1","2","1","7","1","3","799230569765543938","仲","102","Female","[""坏我"",""好我"",""好她"",""坏她""]","[""弱我"",""强我"",""强她"",""弱她""]","","","","","","","","familiar","","","","","","","","","SRET","RJ_formal1","Fri Jan 19 2024 19:12:01 GMT+0800 (中国标准时间)","","","","","","朋友","外行","Negative","ability","","","1","","","old","","","","",""
"1125","<p style=""position: absolute; top:calc(45%);transform: translate(-50%, -50%);text-align: center; color: white; font-size: 60px;"">外行</p><p style=""position:absolute; text-align: center;font-size: 25px;color:	#D3D3D3;top:calc(50% + 35%);transform: translate(-50%)"">自己按 f 键 ，朋友按 j 键</p>","j","html-keyboard-response","529","1023817","0.0-7.0-9.0-2.133-0.133","5","2","5","1","1","5","3","4","4","5","5","0","0","1","2","-2","1","1","2","5","4","5","4","2","1","2","3","4","3","4","6","4","8","3","7","6","5","7","5","5","3","3","6","2","5","2","5","5","1","2","2","5","1","1","5","5","4","6","3","1","2","2","1","1","2","6","2","1","7","1","1","1","1","1","2","1","7","1","3","799230569765543938","仲","102","Female","[""坏我"",""好我"",""好她"",""坏她""]","[""弱我"",""强我"",""强她"",""弱她""]","","","","","","","","friend","","","","","","","","","SRET","RJ_formal_2","Fri Jan 19 2024 19:12:01 GMT+0800 (中国标准时间)","","","","","","","外行","Negative","ability","","","","","","朋友","","","","",""
"null","<div style=""color:white;font-size:80px;line-height:5px;position:absolute;top:calc(50%); transform: translate(-50%, -50%)"">+</div>","null","html-keyboard-response","530","1024322","0.0-7.0-9.0-0.134","5","2","5","1","1","5","3","4","4","5","5","0","0","1","2","-2","1","1","2","5","4","5","4","2","1","2","3","4","3","4","6","4","8","3","7","6","5","7","5","5","3","3","6","2","5","2","5","5","1","2","2","5","1","1","5","5","4","6","3","1","2","2","1","1","2","6","2","1","7","1","1","1","1","1","2","1","7","1","3","799230569765543938","仲","102","Female","[""坏我"",""好我"",""好她"",""坏她""]","[""弱我"",""强我"",""强她"",""弱她""]","","","","","","","","","","","","","","","","","","","","","","","","","","","","","","","","","","","","","","",""
"1578","<p style=""position: absolute; top:calc(45%);;transform: translate(-50%, -50%);text-align: center; color: white; font-size: 60px;"">学霸</p><p style=""position:absolute; text-align: center;color:	#D3D3D3;font-size: 25px;top:calc(50% + 35%);transform: translate(-50%)"">新词按 “1” ，熟悉按 “2” ，旧词按 “3”</p>","1","html-keyboard-response","531","1025901","0.0-7.0-9.0-1.134","5","2","5","1","1","5","3","4","4","5","5","0","0","1","2","-2","1","1","2","5","4","5","4","2","1","2","3","4","3","4","6","4","8","3","7","6","5","7","5","5","3","3","6","2","5","2","5","5","1","2","2","5","1","1","5","5","4","6","3","1","2","2","1","1","2","6","2","1","7","1","1","1","1","1","2","1","7","1","3","799230569765543938","仲","102","Female","[""坏我"",""好我"",""好她"",""坏她""]","[""弱我"",""强我"",""强她"",""弱她""]","","","","","","","","new","","","","","","","","","SRET","RJ_formal1","Fri Jan 19 2024 19:12:01 GMT+0800 (中国标准时间)","","","","","","NA","学霸","Positive","ability","","","1","","","new","","","","",""
"null","<div style=""color:white;font-size:80px;line-height:5px;position:absolute;top:calc(50%); transform: translate(-50%, -50%)"">+</div>","null","html-keyboard-response","532","1026409","0.0-7.0-9.0-0.135","5","2","5","1","1","5","3","4","4","5","5","0","0","1","2","-2","1","1","2","5","4","5","4","2","1","2","3","4","3","4","6","4","8","3","7","6","5","7","5","5","3","3","6","2","5","2","5","5","1","2","2","5","1","1","5","5","4","6","3","1","2","2","1","1","2","6","2","1","7","1","1","1","1","1","2","1","7","1","3","799230569765543938","仲","102","Female","[""坏我"",""好我"",""好她"",""坏她""]","[""弱我"",""强我"",""强她"",""弱她""]","","","","","","","","","","","","","","","","","","","","","","","","","","","","","","","","","","","","","","",""
"2485","<p style=""position: absolute; top:calc(45%);;transform: translate(-50%, -50%);text-align: center; color: white; font-size: 60px;"">懂行</p><p style=""position:absolute; text-align: center;color:	#D3D3D3;font-size: 25px;top:calc(50% + 35%);transform: translate(-50%)"">新词按 “1” ，熟悉按 “2” ，旧词按 “3”</p>","2","html-keyboard-response","533","1028896","0.0-7.0-9.0-1.135","5","2","5","1","1","5","3","4","4","5","5","0","0","1","2","-2","1","1","2","5","4","5","4","2","1","2","3","4","3","4","6","4","8","3","7","6","5","7","5","5","3","3","6","2","5","2","5","5","1","2","2","5","1","1","5","5","4","6","3","1","2","2","1","1","2","6","2","1","7","1","1","1","1","1","2","1","7","1","3","799230569765543938","仲","102","Female","[""坏我"",""好我"",""好她"",""坏她""]","[""弱我"",""强我"",""强她"",""弱她""]","","","","","","","","familiar","","","","","","","","","SRET","RJ_formal1","Fri Jan 19 2024 19:12:01 GMT+0800 (中国标准时间)","","","","","","朋友","懂行","Positive","ability","","","1","","","old","","","","",""
"521","<p style=""position: absolute; top:calc(45%);transform: translate(-50%, -50%);text-align: center; color: white; font-size: 60px;"">懂行</p><p style=""position:absolute; text-align: center;font-size: 25px;color:	#D3D3D3;top:calc(50% + 35%);transform: translate(-50%)"">自己按 f 键 ，朋友按 j 键</p>","j","html-keyboard-response","534","1029418","0.0-7.0-9.0-2.135-0.135","5","2","5","1","1","5","3","4","4","5","5","0","0","1","2","-2","1","1","2","5","4","5","4","2","1","2","3","4","3","4","6","4","8","3","7","6","5","7","5","5","3","3","6","2","5","2","5","5","1","2","2","5","1","1","5","5","4","6","3","1","2","2","1","1","2","6","2","1","7","1","1","1","1","1","2","1","7","1","3","799230569765543938","仲","102","Female","[""坏我"",""好我"",""好她"",""坏她""]","[""弱我"",""强我"",""强她"",""弱她""]","","","","","","","","friend","","","","","","","","","SRET","RJ_formal_2","Fri Jan 19 2024 19:12:01 GMT+0800 (中国标准时间)","","","","","","","懂行","Positive","ability","","","","","","朋友","","","","",""
"null","<div style=""color:white;font-size:80px;line-height:5px;position:absolute;top:calc(50%); transform: translate(-50%, -50%)"">+</div>","null","html-keyboard-response","535","1029926","0.0-7.0-9.0-0.136","5","2","5","1","1","5","3","4","4","5","5","0","0","1","2","-2","1","1","2","5","4","5","4","2","1","2","3","4","3","4","6","4","8","3","7","6","5","7","5","5","3","3","6","2","5","2","5","5","1","2","2","5","1","1","5","5","4","6","3","1","2","2","1","1","2","6","2","1","7","1","1","1","1","1","2","1","7","1","3","799230569765543938","仲","102","Female","[""坏我"",""好我"",""好她"",""坏她""]","[""弱我"",""强我"",""强她"",""弱她""]","","","","","","","","","","","","","","","","","","","","","","","","","","","","","","","","","","","","","","",""
"3731","<p style=""position: absolute; top:calc(45%);;transform: translate(-50%, -50%);text-align: center; color: white; font-size: 60px;"">独断</p><p style=""position:absolute; text-align: center;color:	#D3D3D3;font-size: 25px;top:calc(50% + 35%);transform: translate(-50%)"">新词按 “1” ，熟悉按 “2” ，旧词按 “3”</p>","1","html-keyboard-response","536","1033657","0.0-7.0-9.0-1.136","5","2","5","1","1","5","3","4","4","5","5","0","0","1","2","-2","1","1","2","5","4","5","4","2","1","2","3","4","3","4","6","4","8","3","7","6","5","7","5","5","3","3","6","2","5","2","5","5","1","2","2","5","1","1","5","5","4","6","3","1","2","2","1","1","2","6","2","1","7","1","1","1","1","1","2","1","7","1","3","799230569765543938","仲","102","Female","[""坏我"",""好我"",""好她"",""坏她""]","[""弱我"",""强我"",""强她"",""弱她""]","","","","","","","","new","","","","","","","","","SRET","RJ_formal1","Fri Jan 19 2024 19:12:01 GMT+0800 (中国标准时间)","","","","","","自己","独断","Negative","ability","","","0","","","old","","","","",""
"null","<div style=""color:white;font-size:80px;line-height:5px;position:absolute;top:calc(50%); transform: translate(-50%, -50%)"">+</div>","null","html-keyboard-response","537","1034163","0.0-7.0-9.0-0.137","5","2","5","1","1","5","3","4","4","5","5","0","0","1","2","-2","1","1","2","5","4","5","4","2","1","2","3","4","3","4","6","4","8","3","7","6","5","7","5","5","3","3","6","2","5","2","5","5","1","2","2","5","1","1","5","5","4","6","3","1","2","2","1","1","2","6","2","1","7","1","1","1","1","1","2","1","7","1","3","799230569765543938","仲","102","Female","[""坏我"",""好我"",""好她"",""坏她""]","[""弱我"",""强我"",""强她"",""弱她""]","","","","","","","","","","","","","","","","","","","","","","","","","","","","","","","","","","","","","","",""
"636","<p style=""position: absolute; top:calc(45%);;transform: translate(-50%, -50%);text-align: center; color: white; font-size: 60px;"">扎实</p><p style=""position:absolute; text-align: center;color:	#D3D3D3;font-size: 25px;top:calc(50% + 35%);transform: translate(-50%)"">新词按 “1” ，熟悉按 “2” ，旧词按 “3”</p>","1","html-keyboard-response","538","1034799","0.0-7.0-9.0-1.137","5","2","5","1","1","5","3","4","4","5","5","0","0","1","2","-2","1","1","2","5","4","5","4","2","1","2","3","4","3","4","6","4","8","3","7","6","5","7","5","5","3","3","6","2","5","2","5","5","1","2","2","5","1","1","5","5","4","6","3","1","2","2","1","1","2","6","2","1","7","1","1","1","1","1","2","1","7","1","3","799230569765543938","仲","102","Female","[""坏我"",""好我"",""好她"",""坏她""]","[""弱我"",""强我"",""强她"",""弱她""]","","","","","","","","new","","","","","","","","","SRET","RJ_formal1","Fri Jan 19 2024 19:12:01 GMT+0800 (中国标准时间)","","","","","","NA","扎实","Positive","ability","","","1","","","new","","","","",""
"null","<div style=""color:white;font-size:80px;line-height:5px;position:absolute;top:calc(50%); transform: translate(-50%, -50%)"">+</div>","null","html-keyboard-response","539","1035307","0.0-7.0-9.0-0.138","5","2","5","1","1","5","3","4","4","5","5","0","0","1","2","-2","1","1","2","5","4","5","4","2","1","2","3","4","3","4","6","4","8","3","7","6","5","7","5","5","3","3","6","2","5","2","5","5","1","2","2","5","1","1","5","5","4","6","3","1","2","2","1","1","2","6","2","1","7","1","1","1","1","1","2","1","7","1","3","799230569765543938","仲","102","Female","[""坏我"",""好我"",""好她"",""坏她""]","[""弱我"",""强我"",""强她"",""弱她""]","","","","","","","","","","","","","","","","","","","","","","","","","","","","","","","","","","","","","","",""
"670","<p style=""position: absolute; top:calc(45%);;transform: translate(-50%, -50%);text-align: center; color: white; font-size: 60px;"">有力</p><p style=""position:absolute; text-align: center;color:	#D3D3D3;font-size: 25px;top:calc(50% + 35%);transform: translate(-50%)"">新词按 “1” ，熟悉按 “2” ，旧词按 “3”</p>","1","html-keyboard-response","540","1035978","0.0-7.0-9.0-1.138","5","2","5","1","1","5","3","4","4","5","5","0","0","1","2","-2","1","1","2","5","4","5","4","2","1","2","3","4","3","4","6","4","8","3","7","6","5","7","5","5","3","3","6","2","5","2","5","5","1","2","2","5","1","1","5","5","4","6","3","1","2","2","1","1","2","6","2","1","7","1","1","1","1","1","2","1","7","1","3","799230569765543938","仲","102","Female","[""坏我"",""好我"",""好她"",""坏她""]","[""弱我"",""强我"",""强她"",""弱她""]","","","","","","","","new","","","","","","","","","SRET","RJ_formal1","Fri Jan 19 2024 19:12:01 GMT+0800 (中国标准时间)","","","","","","NA","有力","Positive","ability","","","1","","","new","","","","",""
"null","<div style=""color:white;font-size:80px;line-height:5px;position:absolute;top:calc(50%); transform: translate(-50%, -50%)"">+</div>","null","html-keyboard-response","541","1036485","0.0-7.0-9.0-0.139","5","2","5","1","1","5","3","4","4","5","5","0","0","1","2","-2","1","1","2","5","4","5","4","2","1","2","3","4","3","4","6","4","8","3","7","6","5","7","5","5","3","3","6","2","5","2","5","5","1","2","2","5","1","1","5","5","4","6","3","1","2","2","1","1","2","6","2","1","7","1","1","1","1","1","2","1","7","1","3","799230569765543938","仲","102","Female","[""坏我"",""好我"",""好她"",""坏她""]","[""弱我"",""强我"",""强她"",""弱她""]","","","","","","","","","","","","","","","","","","","","","","","","","","","","","","","","","","","","","","",""
"2087","<p style=""position: absolute; top:calc(45%);;transform: translate(-50%, -50%);text-align: center; color: white; font-size: 60px;"">自律</p><p style=""position:absolute; text-align: center;color:	#D3D3D3;font-size: 25px;top:calc(50% + 35%);transform: translate(-50%)"">新词按 “1” ，熟悉按 “2” ，旧词按 “3”</p>","3","html-keyboard-response","542","1038574","0.0-7.0-9.0-1.139","5","2","5","1","1","5","3","4","4","5","5","0","0","1","2","-2","1","1","2","5","4","5","4","2","1","2","3","4","3","4","6","4","8","3","7","6","5","7","5","5","3","3","6","2","5","2","5","5","1","2","2","5","1","1","5","5","4","6","3","1","2","2","1","1","2","6","2","1","7","1","1","1","1","1","2","1","7","1","3","799230569765543938","仲","102","Female","[""坏我"",""好我"",""好她"",""坏她""]","[""弱我"",""强我"",""强她"",""弱她""]","","","","","","","","old","","","","","","","","","SRET","RJ_formal1","Fri Jan 19 2024 19:12:01 GMT+0800 (中国标准时间)","","","","","","朋友","自律","Positive","ability","","","1","","","old","","","","",""
"4012","<p style=""position: absolute; top:calc(45%);transform: translate(-50%, -50%);text-align: center; color: white; font-size: 60px;"">自律</p><p style=""position:absolute; text-align: center;font-size: 25px;color:	#D3D3D3;top:calc(50% + 35%);transform: translate(-50%)"">自己按 f 键 ，朋友按 j 键</p>","j","html-keyboard-response","543","1042587","0.0-7.0-9.0-2.139-0.139","5","2","5","1","1","5","3","4","4","5","5","0","0","1","2","-2","1","1","2","5","4","5","4","2","1","2","3","4","3","4","6","4","8","3","7","6","5","7","5","5","3","3","6","2","5","2","5","5","1","2","2","5","1","1","5","5","4","6","3","1","2","2","1","1","2","6","2","1","7","1","1","1","1","1","2","1","7","1","3","799230569765543938","仲","102","Female","[""坏我"",""好我"",""好她"",""坏她""]","[""弱我"",""强我"",""强她"",""弱她""]","","","","","","","","friend","","","","","","","","","SRET","RJ_formal_2","Fri Jan 19 2024 19:12:01 GMT+0800 (中国标准时间)","","","","","","","自律","Positive","ability","","","","","","朋友","","","","",""
"null","<div style=""color:white;font-size:80px;line-height:5px;position:absolute;top:calc(50%); transform: translate(-50%, -50%)"">+</div>","null","html-keyboard-response","544","1043092","0.0-7.0-9.0-0.140","5","2","5","1","1","5","3","4","4","5","5","0","0","1","2","-2","1","1","2","5","4","5","4","2","1","2","3","4","3","4","6","4","8","3","7","6","5","7","5","5","3","3","6","2","5","2","5","5","1","2","2","5","1","1","5","5","4","6","3","1","2","2","1","1","2","6","2","1","7","1","1","1","1","1","2","1","7","1","3","799230569765543938","仲","102","Female","[""坏我"",""好我"",""好她"",""坏她""]","[""弱我"",""强我"",""强她"",""弱她""]","","","","","","","","","","","","","","","","","","","","","","","","","","","","","","","","","","","","","","",""
"4253","<p style=""position: absolute; top:calc(45%);;transform: translate(-50%, -50%);text-align: center; color: white; font-size: 60px;"">高明</p><p style=""position:absolute; text-align: center;color:	#D3D3D3;font-size: 25px;top:calc(50% + 35%);transform: translate(-50%)"">新词按 “1” ，熟悉按 “2” ，旧词按 “3”</p>","1","html-keyboard-response","545","1047346","0.0-7.0-9.0-1.140","5","2","5","1","1","5","3","4","4","5","5","0","0","1","2","-2","1","1","2","5","4","5","4","2","1","2","3","4","3","4","6","4","8","3","7","6","5","7","5","5","3","3","6","2","5","2","5","5","1","2","2","5","1","1","5","5","4","6","3","1","2","2","1","1","2","6","2","1","7","1","1","1","1","1","2","1","7","1","3","799230569765543938","仲","102","Female","[""坏我"",""好我"",""好她"",""坏她""]","[""弱我"",""强我"",""强她"",""弱她""]","","","","","","","","new","","","","","","","","","SRET","RJ_formal1","Fri Jan 19 2024 19:12:01 GMT+0800 (中国标准时间)","","","","","","朋友","高明","Positive","ability","","","0","","","old","","","","",""
"null","<div style=""color:white;font-size:80px;line-height:5px;position:absolute;top:calc(50%); transform: translate(-50%, -50%)"">+</div>","null","html-keyboard-response","546","1047848","0.0-7.0-9.0-0.141","5","2","5","1","1","5","3","4","4","5","5","0","0","1","2","-2","1","1","2","5","4","5","4","2","1","2","3","4","3","4","6","4","8","3","7","6","5","7","5","5","3","3","6","2","5","2","5","5","1","2","2","5","1","1","5","5","4","6","3","1","2","2","1","1","2","6","2","1","7","1","1","1","1","1","2","1","7","1","3","799230569765543938","仲","102","Female","[""坏我"",""好我"",""好她"",""坏她""]","[""弱我"",""强我"",""强她"",""弱她""]","","","","","","","","","","","","","","","","","","","","","","","","","","","","","","","","","","","","","","",""
"691","<p style=""position: absolute; top:calc(45%);;transform: translate(-50%, -50%);text-align: center; color: white; font-size: 60px;"">无敌</p><p style=""position:absolute; text-align: center;color:	#D3D3D3;font-size: 25px;top:calc(50% + 35%);transform: translate(-50%)"">新词按 “1” ，熟悉按 “2” ，旧词按 “3”</p>","1","html-keyboard-response","547","1048539","0.0-7.0-9.0-1.141","5","2","5","1","1","5","3","4","4","5","5","0","0","1","2","-2","1","1","2","5","4","5","4","2","1","2","3","4","3","4","6","4","8","3","7","6","5","7","5","5","3","3","6","2","5","2","5","5","1","2","2","5","1","1","5","5","4","6","3","1","2","2","1","1","2","6","2","1","7","1","1","1","1","1","2","1","7","1","3","799230569765543938","仲","102","Female","[""坏我"",""好我"",""好她"",""坏她""]","[""弱我"",""强我"",""强她"",""弱她""]","","","","","","","","new","","","","","","","","","SRET","RJ_formal1","Fri Jan 19 2024 19:12:01 GMT+0800 (中国标准时间)","","","","","","NA","无敌","Positive","ability","","","1","","","new","","","","",""
"null","<div style=""color:white;font-size:80px;line-height:5px;position:absolute;top:calc(50%); transform: translate(-50%, -50%)"">+</div>","null","html-keyboard-response","548","1049045","0.0-7.0-9.0-0.142","5","2","5","1","1","5","3","4","4","5","5","0","0","1","2","-2","1","1","2","5","4","5","4","2","1","2","3","4","3","4","6","4","8","3","7","6","5","7","5","5","3","3","6","2","5","2","5","5","1","2","2","5","1","1","5","5","4","6","3","1","2","2","1","1","2","6","2","1","7","1","1","1","1","1","2","1","7","1","3","799230569765543938","仲","102","Female","[""坏我"",""好我"",""好她"",""坏她""]","[""弱我"",""强我"",""强她"",""弱她""]","","","","","","","","","","","","","","","","","","","","","","","","","","","","","","","","","","","","","","",""
"964","<p style=""position: absolute; top:calc(45%);;transform: translate(-50%, -50%);text-align: center; color: white; font-size: 60px;"">贪腐</p><p style=""position:absolute; text-align: center;color:	#D3D3D3;font-size: 25px;top:calc(50% + 35%);transform: translate(-50%)"">新词按 “1” ，熟悉按 “2” ，旧词按 “3”</p>","1","html-keyboard-response","549","1050004","0.0-7.0-9.0-1.142","5","2","5","1","1","5","3","4","4","5","5","0","0","1","2","-2","1","1","2","5","4","5","4","2","1","2","3","4","3","4","6","4","8","3","7","6","5","7","5","5","3","3","6","2","5","2","5","5","1","2","2","5","1","1","5","5","4","6","3","1","2","2","1","1","2","6","2","1","7","1","1","1","1","1","2","1","7","1","3","799230569765543938","仲","102","Female","[""坏我"",""好我"",""好她"",""坏她""]","[""弱我"",""强我"",""强她"",""弱她""]","","","","","","","","new","","","","","","","","","SRET","RJ_formal1","Fri Jan 19 2024 19:12:01 GMT+0800 (中国标准时间)","","","","","","NA","贪腐","Negative","morality","","","1","","","new","","","","",""
"null","<div style=""color:white;font-size:80px;line-height:5px;position:absolute;top:calc(50%); transform: translate(-50%, -50%)"">+</div>","null","html-keyboard-response","550","1050511","0.0-7.0-9.0-0.143","5","2","5","1","1","5","3","4","4","5","5","0","0","1","2","-2","1","1","2","5","4","5","4","2","1","2","3","4","3","4","6","4","8","3","7","6","5","7","5","5","3","3","6","2","5","2","5","5","1","2","2","5","1","1","5","5","4","6","3","1","2","2","1","1","2","6","2","1","7","1","1","1","1","1","2","1","7","1","3","799230569765543938","仲","102","Female","[""坏我"",""好我"",""好她"",""坏她""]","[""弱我"",""强我"",""强她"",""弱她""]","","","","","","","","","","","","","","","","","","","","","","","","","","","","","","","","","","","","","","",""
"2904","<p style=""position: absolute; top:calc(45%);;transform: translate(-50%, -50%);text-align: center; color: white; font-size: 60px;"">利己</p><p style=""position:absolute; text-align: center;color:	#D3D3D3;font-size: 25px;top:calc(50% + 35%);transform: translate(-50%)"">新词按 “1” ，熟悉按 “2” ，旧词按 “3”</p>","1","html-keyboard-response","551","1053416","0.0-7.0-9.0-1.143","5","2","5","1","1","5","3","4","4","5","5","0","0","1","2","-2","1","1","2","5","4","5","4","2","1","2","3","4","3","4","6","4","8","3","7","6","5","7","5","5","3","3","6","2","5","2","5","5","1","2","2","5","1","1","5","5","4","6","3","1","2","2","1","1","2","6","2","1","7","1","1","1","1","1","2","1","7","1","3","799230569765543938","仲","102","Female","[""坏我"",""好我"",""好她"",""坏她""]","[""弱我"",""强我"",""强她"",""弱她""]","","","","","","","","new","","","","","","","","","SRET","RJ_formal1","Fri Jan 19 2024 19:12:01 GMT+0800 (中国标准时间)","","","","","","朋友","利己","Negative","morality","","","0","","","old","","","","",""
"null","<div style=""color:white;font-size:80px;line-height:5px;position:absolute;top:calc(50%); transform: translate(-50%, -50%)"">+</div>","null","html-keyboard-response","552","1053923","0.0-7.0-9.0-0.144","5","2","5","1","1","5","3","4","4","5","5","0","0","1","2","-2","1","1","2","5","4","5","4","2","1","2","3","4","3","4","6","4","8","3","7","6","5","7","5","5","3","3","6","2","5","2","5","5","1","2","2","5","1","1","5","5","4","6","3","1","2","2","1","1","2","6","2","1","7","1","1","1","1","1","2","1","7","1","3","799230569765543938","仲","102","Female","[""坏我"",""好我"",""好她"",""坏她""]","[""弱我"",""强我"",""强她"",""弱她""]","","","","","","","","","","","","","","","","","","","","","","","","","","","","","","","","","","","","","","",""
"764","<p style=""position: absolute; top:calc(45%);;transform: translate(-50%, -50%);text-align: center; color: white; font-size: 60px;"">周到</p><p style=""position:absolute; text-align: center;color:	#D3D3D3;font-size: 25px;top:calc(50% + 35%);transform: translate(-50%)"">新词按 “1” ，熟悉按 “2” ，旧词按 “3”</p>","1","html-keyboard-response","553","1054688","0.0-7.0-9.0-1.144","5","2","5","1","1","5","3","4","4","5","5","0","0","1","2","-2","1","1","2","5","4","5","4","2","1","2","3","4","3","4","6","4","8","3","7","6","5","7","5","5","3","3","6","2","5","2","5","5","1","2","2","5","1","1","5","5","4","6","3","1","2","2","1","1","2","6","2","1","7","1","1","1","1","1","2","1","7","1","3","799230569765543938","仲","102","Female","[""坏我"",""好我"",""好她"",""坏她""]","[""弱我"",""强我"",""强她"",""弱她""]","","","","","","","","new","","","","","","","","","SRET","RJ_formal1","Fri Jan 19 2024 19:12:01 GMT+0800 (中国标准时间)","","","","","","自己","周到","Positive","ability","","","0","","","old","","","","",""
"null","<div style=""color:white;font-size:80px;line-height:5px;position:absolute;top:calc(50%); transform: translate(-50%, -50%)"">+</div>","null","html-keyboard-response","554","1055196","0.0-7.0-9.0-0.145","5","2","5","1","1","5","3","4","4","5","5","0","0","1","2","-2","1","1","2","5","4","5","4","2","1","2","3","4","3","4","6","4","8","3","7","6","5","7","5","5","3","3","6","2","5","2","5","5","1","2","2","5","1","1","5","5","4","6","3","1","2","2","1","1","2","6","2","1","7","1","1","1","1","1","2","1","7","1","3","799230569765543938","仲","102","Female","[""坏我"",""好我"",""好她"",""坏她""]","[""弱我"",""强我"",""强她"",""弱她""]","","","","","","","","","","","","","","","","","","","","","","","","","","","","","","","","","","","","","","",""
"2344","<p style=""position: absolute; top:calc(45%);;transform: translate(-50%, -50%);text-align: center; color: white; font-size: 60px;"">虚假</p><p style=""position:absolute; text-align: center;color:	#D3D3D3;font-size: 25px;top:calc(50% + 35%);transform: translate(-50%)"">新词按 “1” ，熟悉按 “2” ，旧词按 “3”</p>","1","html-keyboard-response","555","1057541","0.0-7.0-9.0-1.145","5","2","5","1","1","5","3","4","4","5","5","0","0","1","2","-2","1","1","2","5","4","5","4","2","1","2","3","4","3","4","6","4","8","3","7","6","5","7","5","5","3","3","6","2","5","2","5","5","1","2","2","5","1","1","5","5","4","6","3","1","2","2","1","1","2","6","2","1","7","1","1","1","1","1","2","1","7","1","3","799230569765543938","仲","102","Female","[""坏我"",""好我"",""好她"",""坏她""]","[""弱我"",""强我"",""强她"",""弱她""]","","","","","","","","new","","","","","","","","","SRET","RJ_formal1","Fri Jan 19 2024 19:12:01 GMT+0800 (中国标准时间)","","","","","","自己","虚假","Negative","morality","","","0","","","old","","","","",""
"null","<div style=""color:white;font-size:80px;line-height:5px;position:absolute;top:calc(50%); transform: translate(-50%, -50%)"">+</div>","null","html-keyboard-response","556","1058045","0.0-7.0-9.0-0.146","5","2","5","1","1","5","3","4","4","5","5","0","0","1","2","-2","1","1","2","5","4","5","4","2","1","2","3","4","3","4","6","4","8","3","7","6","5","7","5","5","3","3","6","2","5","2","5","5","1","2","2","5","1","1","5","5","4","6","3","1","2","2","1","1","2","6","2","1","7","1","1","1","1","1","2","1","7","1","3","799230569765543938","仲","102","Female","[""坏我"",""好我"",""好她"",""坏她""]","[""弱我"",""强我"",""强她"",""弱她""]","","","","","","","","","","","","","","","","","","","","","","","","","","","","","","","","","","","","","","",""
"4806","<p style=""position: absolute; top:calc(45%);;transform: translate(-50%, -50%);text-align: center; color: white; font-size: 60px;"">毅力</p><p style=""position:absolute; text-align: center;color:	#D3D3D3;font-size: 25px;top:calc(50% + 35%);transform: translate(-50%)"">新词按 “1” ，熟悉按 “2” ，旧词按 “3”</p>","1","html-keyboard-response","557","1062853","0.0-7.0-9.0-1.146","5","2","5","1","1","5","3","4","4","5","5","0","0","1","2","-2","1","1","2","5","4","5","4","2","1","2","3","4","3","4","6","4","8","3","7","6","5","7","5","5","3","3","6","2","5","2","5","5","1","2","2","5","1","1","5","5","4","6","3","1","2","2","1","1","2","6","2","1","7","1","1","1","1","1","2","1","7","1","3","799230569765543938","仲","102","Female","[""坏我"",""好我"",""好她"",""坏她""]","[""弱我"",""强我"",""强她"",""弱她""]","","","","","","","","new","","","","","","","","","SRET","RJ_formal1","Fri Jan 19 2024 19:12:01 GMT+0800 (中国标准时间)","","","","","","NA","毅力","Positive","ability","","","1","","","new","","","","",""
"null","<div style=""color:white;font-size:80px;line-height:5px;position:absolute;top:calc(50%); transform: translate(-50%, -50%)"">+</div>","null","html-keyboard-response","558","1063359","0.0-7.0-9.0-0.147","5","2","5","1","1","5","3","4","4","5","5","0","0","1","2","-2","1","1","2","5","4","5","4","2","1","2","3","4","3","4","6","4","8","3","7","6","5","7","5","5","3","3","6","2","5","2","5","5","1","2","2","5","1","1","5","5","4","6","3","1","2","2","1","1","2","6","2","1","7","1","1","1","1","1","2","1","7","1","3","799230569765543938","仲","102","Female","[""坏我"",""好我"",""好她"",""坏她""]","[""弱我"",""强我"",""强她"",""弱她""]","","","","","","","","","","","","","","","","","","","","","","","","","","","","","","","","","","","","","","",""
"2969","<p style=""position: absolute; top:calc(45%);;transform: translate(-50%, -50%);text-align: center; color: white; font-size: 60px;"">礼貌</p><p style=""position:absolute; text-align: center;color:	#D3D3D3;font-size: 25px;top:calc(50% + 35%);transform: translate(-50%)"">新词按 “1” ，熟悉按 “2” ，旧词按 “3”</p>","1","html-keyboard-response","559","1066329","0.0-7.0-9.0-1.147","5","2","5","1","1","5","3","4","4","5","5","0","0","1","2","-2","1","1","2","5","4","5","4","2","1","2","3","4","3","4","6","4","8","3","7","6","5","7","5","5","3","3","6","2","5","2","5","5","1","2","2","5","1","1","5","5","4","6","3","1","2","2","1","1","2","6","2","1","7","1","1","1","1","1","2","1","7","1","3","799230569765543938","仲","102","Female","[""坏我"",""好我"",""好她"",""坏她""]","[""弱我"",""强我"",""强她"",""弱她""]","","","","","","","","new","","","","","","","","","SRET","RJ_formal1","Fri Jan 19 2024 19:12:01 GMT+0800 (中国标准时间)","","","","","","朋友","礼貌","Positive","morality","","","0","","","old","","","","",""
"null","<div style=""color:white;font-size:80px;line-height:5px;position:absolute;top:calc(50%); transform: translate(-50%, -50%)"">+</div>","null","html-keyboard-response","560","1066835","0.0-7.0-9.0-0.148","5","2","5","1","1","5","3","4","4","5","5","0","0","1","2","-2","1","1","2","5","4","5","4","2","1","2","3","4","3","4","6","4","8","3","7","6","5","7","5","5","3","3","6","2","5","2","5","5","1","2","2","5","1","1","5","5","4","6","3","1","2","2","1","1","2","6","2","1","7","1","1","1","1","1","2","1","7","1","3","799230569765543938","仲","102","Female","[""坏我"",""好我"",""好她"",""坏她""]","[""弱我"",""强我"",""强她"",""弱她""]","","","","","","","","","","","","","","","","","","","","","","","","","","","","","","","","","","","","","","",""
"712","<p style=""position: absolute; top:calc(45%);;transform: translate(-50%, -50%);text-align: center; color: white; font-size: 60px;"">高洁</p><p style=""position:absolute; text-align: center;color:	#D3D3D3;font-size: 25px;top:calc(50% + 35%);transform: translate(-50%)"">新词按 “1” ，熟悉按 “2” ，旧词按 “3”</p>","1","html-keyboard-response","561","1067548","0.0-7.0-9.0-1.148","5","2","5","1","1","5","3","4","4","5","5","0","0","1","2","-2","1","1","2","5","4","5","4","2","1","2","3","4","3","4","6","4","8","3","7","6","5","7","5","5","3","3","6","2","5","2","5","5","1","2","2","5","1","1","5","5","4","6","3","1","2","2","1","1","2","6","2","1","7","1","1","1","1","1","2","1","7","1","3","799230569765543938","仲","102","Female","[""坏我"",""好我"",""好她"",""坏她""]","[""弱我"",""强我"",""强她"",""弱她""]","","","","","","","","new","","","","","","","","","SRET","RJ_formal1","Fri Jan 19 2024 19:12:01 GMT+0800 (中国标准时间)","","","","","","NA","高洁","Positive","morality","","","1","","","new","","","","",""
"null","<div style=""color:white;font-size:80px;line-height:5px;position:absolute;top:calc(50%); transform: translate(-50%, -50%)"">+</div>","null","html-keyboard-response","562","1068052","0.0-7.0-9.0-0.149","5","2","5","1","1","5","3","4","4","5","5","0","0","1","2","-2","1","1","2","5","4","5","4","2","1","2","3","4","3","4","6","4","8","3","7","6","5","7","5","5","3","3","6","2","5","2","5","5","1","2","2","5","1","1","5","5","4","6","3","1","2","2","1","1","2","6","2","1","7","1","1","1","1","1","2","1","7","1","3","799230569765543938","仲","102","Female","[""坏我"",""好我"",""好她"",""坏她""]","[""弱我"",""强我"",""强她"",""弱她""]","","","","","","","","","","","","","","","","","","","","","","","","","","","","","","","","","","","","","","",""
"2884","<p style=""position: absolute; top:calc(45%);;transform: translate(-50%, -50%);text-align: center; color: white; font-size: 60px;"">忠良</p><p style=""position:absolute; text-align: center;color:	#D3D3D3;font-size: 25px;top:calc(50% + 35%);transform: translate(-50%)"">新词按 “1” ，熟悉按 “2” ，旧词按 “3”</p>","2","html-keyboard-response","563","1070937","0.0-7.0-9.0-1.149","5","2","5","1","1","5","3","4","4","5","5","0","0","1","2","-2","1","1","2","5","4","5","4","2","1","2","3","4","3","4","6","4","8","3","7","6","5","7","5","5","3","3","6","2","5","2","5","5","1","2","2","5","1","1","5","5","4","6","3","1","2","2","1","1","2","6","2","1","7","1","1","1","1","1","2","1","7","1","3","799230569765543938","仲","102","Female","[""坏我"",""好我"",""好她"",""坏她""]","[""弱我"",""强我"",""强她"",""弱她""]","","","","","","","","familiar","","","","","","","","","SRET","RJ_formal1","Fri Jan 19 2024 19:12:01 GMT+0800 (中国标准时间)","","","","","","自己","忠良","Positive","morality","","","1","","","old","","","","",""
"441","<p style=""position: absolute; top:calc(45%);transform: translate(-50%, -50%);text-align: center; color: white; font-size: 60px;"">忠良</p><p style=""position:absolute; text-align: center;font-size: 25px;color:	#D3D3D3;top:calc(50% + 35%);transform: translate(-50%)"">自己按 f 键 ，朋友按 j 键</p>","f","html-keyboard-response","564","1071379","0.0-7.0-9.0-2.149-0.149","5","2","5","1","1","5","3","4","4","5","5","0","0","1","2","-2","1","1","2","5","4","5","4","2","1","2","3","4","3","4","6","4","8","3","7","6","5","7","5","5","3","3","6","2","5","2","5","5","1","2","2","5","1","1","5","5","4","6","3","1","2","2","1","1","2","6","2","1","7","1","1","1","1","1","2","1","7","1","3","799230569765543938","仲","102","Female","[""坏我"",""好我"",""好她"",""坏她""]","[""弱我"",""强我"",""强她"",""弱她""]","","","","","","","","self","","","","","","","","","SRET","RJ_formal_2","Fri Jan 19 2024 19:12:01 GMT+0800 (中国标准时间)","","","","","","","忠良","Positive","morality","","","","","","自己","","","","",""
"null","<div style=""color:white;font-size:80px;line-height:5px;position:absolute;top:calc(50%); transform: translate(-50%, -50%)"">+</div>","null","html-keyboard-response","565","1071885","0.0-7.0-9.0-0.150","5","2","5","1","1","5","3","4","4","5","5","0","0","1","2","-2","1","1","2","5","4","5","4","2","1","2","3","4","3","4","6","4","8","3","7","6","5","7","5","5","3","3","6","2","5","2","5","5","1","2","2","5","1","1","5","5","4","6","3","1","2","2","1","1","2","6","2","1","7","1","1","1","1","1","2","1","7","1","3","799230569765543938","仲","102","Female","[""坏我"",""好我"",""好她"",""坏她""]","[""弱我"",""强我"",""强她"",""弱她""]","","","","","","","","","","","","","","","","","","","","","","","","","","","","","","","","","","","","","","",""
"5624","<p style=""position: absolute; top:calc(45%);;transform: translate(-50%, -50%);text-align: center; color: white; font-size: 60px;"">坚持</p><p style=""position:absolute; text-align: center;color:	#D3D3D3;font-size: 25px;top:calc(50% + 35%);transform: translate(-50%)"">新词按 “1” ，熟悉按 “2” ，旧词按 “3”</p>","1","html-keyboard-response","566","1077510","0.0-7.0-9.0-1.150","5","2","5","1","1","5","3","4","4","5","5","0","0","1","2","-2","1","1","2","5","4","5","4","2","1","2","3","4","3","4","6","4","8","3","7","6","5","7","5","5","3","3","6","2","5","2","5","5","1","2","2","5","1","1","5","5","4","6","3","1","2","2","1","1","2","6","2","1","7","1","1","1","1","1","2","1","7","1","3","799230569765543938","仲","102","Female","[""坏我"",""好我"",""好她"",""坏她""]","[""弱我"",""强我"",""强她"",""弱她""]","","","","","","","","new","","","","","","","","","SRET","RJ_formal1","Fri Jan 19 2024 19:12:01 GMT+0800 (中国标准时间)","","","","","","NA","坚持","Positive","ability","","","1","","","new","","","","",""
"null","<div style=""color:white;font-size:80px;line-height:5px;position:absolute;top:calc(50%); transform: translate(-50%, -50%)"">+</div>","null","html-keyboard-response","567","1078017","0.0-7.0-9.0-0.151","5","2","5","1","1","5","3","4","4","5","5","0","0","1","2","-2","1","1","2","5","4","5","4","2","1","2","3","4","3","4","6","4","8","3","7","6","5","7","5","5","3","3","6","2","5","2","5","5","1","2","2","5","1","1","5","5","4","6","3","1","2","2","1","1","2","6","2","1","7","1","1","1","1","1","2","1","7","1","3","799230569765543938","仲","102","Female","[""坏我"",""好我"",""好她"",""坏她""]","[""弱我"",""强我"",""强她"",""弱她""]","","","","","","","","","","","","","","","","","","","","","","","","","","","","","","","","","","","","","","",""
"640","<p style=""position: absolute; top:calc(45%);;transform: translate(-50%, -50%);text-align: center; color: white; font-size: 60px;"">才尽</p><p style=""position:absolute; text-align: center;color:	#D3D3D3;font-size: 25px;top:calc(50% + 35%);transform: translate(-50%)"">新词按 “1” ，熟悉按 “2” ，旧词按 “3”</p>","1","html-keyboard-response","568","1078657","0.0-7.0-9.0-1.151","5","2","5","1","1","5","3","4","4","5","5","0","0","1","2","-2","1","1","2","5","4","5","4","2","1","2","3","4","3","4","6","4","8","3","7","6","5","7","5","5","3","3","6","2","5","2","5","5","1","2","2","5","1","1","5","5","4","6","3","1","2","2","1","1","2","6","2","1","7","1","1","1","1","1","2","1","7","1","3","799230569765543938","仲","102","Female","[""坏我"",""好我"",""好她"",""坏她""]","[""弱我"",""强我"",""强她"",""弱她""]","","","","","","","","new","","","","","","","","","SRET","RJ_formal1","Fri Jan 19 2024 19:12:01 GMT+0800 (中国标准时间)","","","","","","朋友","才尽","Negative","ability","","","0","","","old","","","","",""
"null","<div style=""color:white;font-size:80px;line-height:5px;position:absolute;top:calc(50%); transform: translate(-50%, -50%)"">+</div>","null","html-keyboard-response","569","1079174","0.0-7.0-9.0-0.152","5","2","5","1","1","5","3","4","4","5","5","0","0","1","2","-2","1","1","2","5","4","5","4","2","1","2","3","4","3","4","6","4","8","3","7","6","5","7","5","5","3","3","6","2","5","2","5","5","1","2","2","5","1","1","5","5","4","6","3","1","2","2","1","1","2","6","2","1","7","1","1","1","1","1","2","1","7","1","3","799230569765543938","仲","102","Female","[""坏我"",""好我"",""好她"",""坏她""]","[""弱我"",""强我"",""强她"",""弱她""]","","","","","","","","","","","","","","","","","","","","","","","","","","","","","","","","","","","","","","",""
"946","<p style=""position: absolute; top:calc(45%);;transform: translate(-50%, -50%);text-align: center; color: white; font-size: 60px;"">无私</p><p style=""position:absolute; text-align: center;color:	#D3D3D3;font-size: 25px;top:calc(50% + 35%);transform: translate(-50%)"">新词按 “1” ，熟悉按 “2” ，旧词按 “3”</p>","1","html-keyboard-response","570","1080121","0.0-7.0-9.0-1.152","5","2","5","1","1","5","3","4","4","5","5","0","0","1","2","-2","1","1","2","5","4","5","4","2","1","2","3","4","3","4","6","4","8","3","7","6","5","7","5","5","3","3","6","2","5","2","5","5","1","2","2","5","1","1","5","5","4","6","3","1","2","2","1","1","2","6","2","1","7","1","1","1","1","1","2","1","7","1","3","799230569765543938","仲","102","Female","[""坏我"",""好我"",""好她"",""坏她""]","[""弱我"",""强我"",""强她"",""弱她""]","","","","","","","","new","","","","","","","","","SRET","RJ_formal1","Fri Jan 19 2024 19:12:01 GMT+0800 (中国标准时间)","","","","","","朋友","无私","Positive","morality","","","0","","","old","","","","",""
"null","<div style=""color:white;font-size:80px;line-height:5px;position:absolute;top:calc(50%); transform: translate(-50%, -50%)"">+</div>","null","html-keyboard-response","571","1080628","0.0-7.0-9.0-0.153","5","2","5","1","1","5","3","4","4","5","5","0","0","1","2","-2","1","1","2","5","4","5","4","2","1","2","3","4","3","4","6","4","8","3","7","6","5","7","5","5","3","3","6","2","5","2","5","5","1","2","2","5","1","1","5","5","4","6","3","1","2","2","1","1","2","6","2","1","7","1","1","1","1","1","2","1","7","1","3","799230569765543938","仲","102","Female","[""坏我"",""好我"",""好她"",""坏她""]","[""弱我"",""强我"",""强她"",""弱她""]","","","","","","","","","","","","","","","","","","","","","","","","","","","","","","","","","","","","","","",""
"2515","<p style=""position: absolute; top:calc(45%);;transform: translate(-50%, -50%);text-align: center; color: white; font-size: 60px;"">新手</p><p style=""position:absolute; text-align: center;color:	#D3D3D3;font-size: 25px;top:calc(50% + 35%);transform: translate(-50%)"">新词按 “1” ，熟悉按 “2” ，旧词按 “3”</p>","3","html-keyboard-response","572","1083144","0.0-7.0-9.0-1.153","5","2","5","1","1","5","3","4","4","5","5","0","0","1","2","-2","1","1","2","5","4","5","4","2","1","2","3","4","3","4","6","4","8","3","7","6","5","7","5","5","3","3","6","2","5","2","5","5","1","2","2","5","1","1","5","5","4","6","3","1","2","2","1","1","2","6","2","1","7","1","1","1","1","1","2","1","7","1","3","799230569765543938","仲","102","Female","[""坏我"",""好我"",""好她"",""坏她""]","[""弱我"",""强我"",""强她"",""弱她""]","","","","","","","","old","","","","","","","","","SRET","RJ_formal1","Fri Jan 19 2024 19:12:01 GMT+0800 (中国标准时间)","","","","","","自己","新手","Negative","ability","","","1","","","old","","","","",""
"375","<p style=""position: absolute; top:calc(45%);transform: translate(-50%, -50%);text-align: center; color: white; font-size: 60px;"">新手</p><p style=""position:absolute; text-align: center;font-size: 25px;color:	#D3D3D3;top:calc(50% + 35%);transform: translate(-50%)"">自己按 f 键 ，朋友按 j 键</p>","f","html-keyboard-response","573","1083521","0.0-7.0-9.0-2.153-0.153","5","2","5","1","1","5","3","4","4","5","5","0","0","1","2","-2","1","1","2","5","4","5","4","2","1","2","3","4","3","4","6","4","8","3","7","6","5","7","5","5","3","3","6","2","5","2","5","5","1","2","2","5","1","1","5","5","4","6","3","1","2","2","1","1","2","6","2","1","7","1","1","1","1","1","2","1","7","1","3","799230569765543938","仲","102","Female","[""坏我"",""好我"",""好她"",""坏她""]","[""弱我"",""强我"",""强她"",""弱她""]","","","","","","","","self","","","","","","","","","SRET","RJ_formal_2","Fri Jan 19 2024 19:12:01 GMT+0800 (中国标准时间)","","","","","","","新手","Negative","ability","","","","","","自己","","","","",""
"null","<div style=""color:white;font-size:80px;line-height:5px;position:absolute;top:calc(50%); transform: translate(-50%, -50%)"">+</div>","null","html-keyboard-response","574","1084030","0.0-7.0-9.0-0.154","5","2","5","1","1","5","3","4","4","5","5","0","0","1","2","-2","1","1","2","5","4","5","4","2","1","2","3","4","3","4","6","4","8","3","7","6","5","7","5","5","3","3","6","2","5","2","5","5","1","2","2","5","1","1","5","5","4","6","3","1","2","2","1","1","2","6","2","1","7","1","1","1","1","1","2","1","7","1","3","799230569765543938","仲","102","Female","[""坏我"",""好我"",""好她"",""坏她""]","[""弱我"",""强我"",""强她"",""弱她""]","","","","","","","","","","","","","","","","","","","","","","","","","","","","","","","","","","","","","","",""
"1470","<p style=""position: absolute; top:calc(45%);;transform: translate(-50%, -50%);text-align: center; color: white; font-size: 60px;"">自私</p><p style=""position:absolute; text-align: center;color:	#D3D3D3;font-size: 25px;top:calc(50% + 35%);transform: translate(-50%)"">新词按 “1” ，熟悉按 “2” ，旧词按 “3”</p>","1","html-keyboard-response","575","1085500","0.0-7.0-9.0-1.154","5","2","5","1","1","5","3","4","4","5","5","0","0","1","2","-2","1","1","2","5","4","5","4","2","1","2","3","4","3","4","6","4","8","3","7","6","5","7","5","5","3","3","6","2","5","2","5","5","1","2","2","5","1","1","5","5","4","6","3","1","2","2","1","1","2","6","2","1","7","1","1","1","1","1","2","1","7","1","3","799230569765543938","仲","102","Female","[""坏我"",""好我"",""好她"",""坏她""]","[""弱我"",""强我"",""强她"",""弱她""]","","","","","","","","new","","","","","","","","","SRET","RJ_formal1","Fri Jan 19 2024 19:12:01 GMT+0800 (中国标准时间)","","","","","","NA","自私","Negative","morality","","","1","","","new","","","","",""
"null","<div style=""color:white;font-size:80px;line-height:5px;position:absolute;top:calc(50%); transform: translate(-50%, -50%)"">+</div>","null","html-keyboard-response","576","1086002","0.0-7.0-9.0-0.155","5","2","5","1","1","5","3","4","4","5","5","0","0","1","2","-2","1","1","2","5","4","5","4","2","1","2","3","4","3","4","6","4","8","3","7","6","5","7","5","5","3","3","6","2","5","2","5","5","1","2","2","5","1","1","5","5","4","6","3","1","2","2","1","1","2","6","2","1","7","1","1","1","1","1","2","1","7","1","3","799230569765543938","仲","102","Female","[""坏我"",""好我"",""好她"",""坏她""]","[""弱我"",""强我"",""强她"",""弱她""]","","","","","","","","","","","","","","","","","","","","","","","","","","","","","","","","","","","","","","",""
"790","<p style=""position: absolute; top:calc(45%);;transform: translate(-50%, -50%);text-align: center; color: white; font-size: 60px;"">势利</p><p style=""position:absolute; text-align: center;color:	#D3D3D3;font-size: 25px;top:calc(50% + 35%);transform: translate(-50%)"">新词按 “1” ，熟悉按 “2” ，旧词按 “3”</p>","1","html-keyboard-response","577","1086793","0.0-7.0-9.0-1.155","5","2","5","1","1","5","3","4","4","5","5","0","0","1","2","-2","1","1","2","5","4","5","4","2","1","2","3","4","3","4","6","4","8","3","7","6","5","7","5","5","3","3","6","2","5","2","5","5","1","2","2","5","1","1","5","5","4","6","3","1","2","2","1","1","2","6","2","1","7","1","1","1","1","1","2","1","7","1","3","799230569765543938","仲","102","Female","[""坏我"",""好我"",""好她"",""坏她""]","[""弱我"",""强我"",""强她"",""弱她""]","","","","","","","","new","","","","","","","","","SRET","RJ_formal1","Fri Jan 19 2024 19:12:01 GMT+0800 (中国标准时间)","","","","","","NA","势利","Negative","morality","","","1","","","new","","","","",""
"null","<div style=""color:white;font-size:80px;line-height:5px;position:absolute;top:calc(50%); transform: translate(-50%, -50%)"">+</div>","null","html-keyboard-response","578","1087300","0.0-7.0-9.0-0.156","5","2","5","1","1","5","3","4","4","5","5","0","0","1","2","-2","1","1","2","5","4","5","4","2","1","2","3","4","3","4","6","4","8","3","7","6","5","7","5","5","3","3","6","2","5","2","5","5","1","2","2","5","1","1","5","5","4","6","3","1","2","2","1","1","2","6","2","1","7","1","1","1","1","1","2","1","7","1","3","799230569765543938","仲","102","Female","[""坏我"",""好我"",""好她"",""坏她""]","[""弱我"",""强我"",""强她"",""弱她""]","","","","","","","","","","","","","","","","","","","","","","","","","","","","","","","","","","","","","","",""
"702","<p style=""position: absolute; top:calc(45%);;transform: translate(-50%, -50%);text-align: center; color: white; font-size: 60px;"">无为</p><p style=""position:absolute; text-align: center;color:	#D3D3D3;font-size: 25px;top:calc(50% + 35%);transform: translate(-50%)"">新词按 “1” ，熟悉按 “2” ，旧词按 “3”</p>","1","html-keyboard-response","579","1088002","0.0-7.0-9.0-1.156","5","2","5","1","1","5","3","4","4","5","5","0","0","1","2","-2","1","1","2","5","4","5","4","2","1","2","3","4","3","4","6","4","8","3","7","6","5","7","5","5","3","3","6","2","5","2","5","5","1","2","2","5","1","1","5","5","4","6","3","1","2","2","1","1","2","6","2","1","7","1","1","1","1","1","2","1","7","1","3","799230569765543938","仲","102","Female","[""坏我"",""好我"",""好她"",""坏她""]","[""弱我"",""强我"",""强她"",""弱她""]","","","","","","","","new","","","","","","","","","SRET","RJ_formal1","Fri Jan 19 2024 19:12:01 GMT+0800 (中国标准时间)","","","","","","NA","无为","Negative","ability","","","1","","","new","","","","",""
"null","<div style=""color:white;font-size:80px;line-height:5px;position:absolute;top:calc(50%); transform: translate(-50%, -50%)"">+</div>","null","html-keyboard-response","580","1088505","0.0-7.0-9.0-0.157","5","2","5","1","1","5","3","4","4","5","5","0","0","1","2","-2","1","1","2","5","4","5","4","2","1","2","3","4","3","4","6","4","8","3","7","6","5","7","5","5","3","3","6","2","5","2","5","5","1","2","2","5","1","1","5","5","4","6","3","1","2","2","1","1","2","6","2","1","7","1","1","1","1","1","2","1","7","1","3","799230569765543938","仲","102","Female","[""坏我"",""好我"",""好她"",""坏她""]","[""弱我"",""强我"",""强她"",""弱她""]","","","","","","","","","","","","","","","","","","","","","","","","","","","","","","","","","","","","","","",""
"1072","<p style=""position: absolute; top:calc(45%);;transform: translate(-50%, -50%);text-align: center; color: white; font-size: 60px;"">草率</p><p style=""position:absolute; text-align: center;color:	#D3D3D3;font-size: 25px;top:calc(50% + 35%);transform: translate(-50%)"">新词按 “1” ，熟悉按 “2” ，旧词按 “3”</p>","1","html-keyboard-response","581","1089577","0.0-7.0-9.0-1.157","5","2","5","1","1","5","3","4","4","5","5","0","0","1","2","-2","1","1","2","5","4","5","4","2","1","2","3","4","3","4","6","4","8","3","7","6","5","7","5","5","3","3","6","2","5","2","5","5","1","2","2","5","1","1","5","5","4","6","3","1","2","2","1","1","2","6","2","1","7","1","1","1","1","1","2","1","7","1","3","799230569765543938","仲","102","Female","[""坏我"",""好我"",""好她"",""坏她""]","[""弱我"",""强我"",""强她"",""弱她""]","","","","","","","","new","","","","","","","","","SRET","RJ_formal1","Fri Jan 19 2024 19:12:01 GMT+0800 (中国标准时间)","","","","","","NA","草率","Negative","ability","","","1","","","new","","","","",""
"null","<div style=""color:white;font-size:80px;line-height:5px;position:absolute;top:calc(50%); transform: translate(-50%, -50%)"">+</div>","null","html-keyboard-response","582","1090084","0.0-7.0-9.0-0.158","5","2","5","1","1","5","3","4","4","5","5","0","0","1","2","-2","1","1","2","5","4","5","4","2","1","2","3","4","3","4","6","4","8","3","7","6","5","7","5","5","3","3","6","2","5","2","5","5","1","2","2","5","1","1","5","5","4","6","3","1","2","2","1","1","2","6","2","1","7","1","1","1","1","1","2","1","7","1","3","799230569765543938","仲","102","Female","[""坏我"",""好我"",""好她"",""坏她""]","[""弱我"",""强我"",""强她"",""弱她""]","","","","","","","","","","","","","","","","","","","","","","","","","","","","","","","","","","","","","","",""
"1767","<p style=""position: absolute; top:calc(45%);;transform: translate(-50%, -50%);text-align: center; color: white; font-size: 60px;"">仁厚</p><p style=""position:absolute; text-align: center;color:	#D3D3D3;font-size: 25px;top:calc(50% + 35%);transform: translate(-50%)"">新词按 “1” ，熟悉按 “2” ，旧词按 “3”</p>","3","html-keyboard-response","583","1091852","0.0-7.0-9.0-1.158","5","2","5","1","1","5","3","4","4","5","5","0","0","1","2","-2","1","1","2","5","4","5","4","2","1","2","3","4","3","4","6","4","8","3","7","6","5","7","5","5","3","3","6","2","5","2","5","5","1","2","2","5","1","1","5","5","4","6","3","1","2","2","1","1","2","6","2","1","7","1","1","1","1","1","2","1","7","1","3","799230569765543938","仲","102","Female","[""坏我"",""好我"",""好她"",""坏她""]","[""弱我"",""强我"",""强她"",""弱她""]","","","","","","","","old","","","","","","","","","SRET","RJ_formal1","Fri Jan 19 2024 19:12:01 GMT+0800 (中国标准时间)","","","","","","自己","仁厚","Positive","morality","","","1","","","old","","","","",""
"1504","<p style=""position: absolute; top:calc(45%);transform: translate(-50%, -50%);text-align: center; color: white; font-size: 60px;"">仁厚</p><p style=""position:absolute; text-align: center;font-size: 25px;color:	#D3D3D3;top:calc(50% + 35%);transform: translate(-50%)"">自己按 f 键 ，朋友按 j 键</p>","f","html-keyboard-response","584","1093358","0.0-7.0-9.0-2.158-0.158","5","2","5","1","1","5","3","4","4","5","5","0","0","1","2","-2","1","1","2","5","4","5","4","2","1","2","3","4","3","4","6","4","8","3","7","6","5","7","5","5","3","3","6","2","5","2","5","5","1","2","2","5","1","1","5","5","4","6","3","1","2","2","1","1","2","6","2","1","7","1","1","1","1","1","2","1","7","1","3","799230569765543938","仲","102","Female","[""坏我"",""好我"",""好她"",""坏她""]","[""弱我"",""强我"",""强她"",""弱她""]","","","","","","","","self","","","","","","","","","SRET","RJ_formal_2","Fri Jan 19 2024 19:12:01 GMT+0800 (中国标准时间)","","","","","","","仁厚","Positive","morality","","","","","","自己","","","","",""
"null","<div style=""color:white;font-size:80px;line-height:5px;position:absolute;top:calc(50%); transform: translate(-50%, -50%)"">+</div>","null","html-keyboard-response","585","1093861","0.0-7.0-9.0-0.159","5","2","5","1","1","5","3","4","4","5","5","0","0","1","2","-2","1","1","2","5","4","5","4","2","1","2","3","4","3","4","6","4","8","3","7","6","5","7","5","5","3","3","6","2","5","2","5","5","1","2","2","5","1","1","5","5","4","6","3","1","2","2","1","1","2","6","2","1","7","1","1","1","1","1","2","1","7","1","3","799230569765543938","仲","102","Female","[""坏我"",""好我"",""好她"",""坏她""]","[""弱我"",""强我"",""强她"",""弱她""]","","","","","","","","","","","","","","","","","","","","","","","","","","","","","","","","","","","","","","",""
"610","<p style=""position: absolute; top:calc(45%);;transform: translate(-50%, -50%);text-align: center; color: white; font-size: 60px;"">短视</p><p style=""position:absolute; text-align: center;color:	#D3D3D3;font-size: 25px;top:calc(50% + 35%);transform: translate(-50%)"">新词按 “1” ，熟悉按 “2” ，旧词按 “3”</p>","1","html-keyboard-response","586","1094472","0.0-7.0-9.0-1.159","5","2","5","1","1","5","3","4","4","5","5","0","0","1","2","-2","1","1","2","5","4","5","4","2","1","2","3","4","3","4","6","4","8","3","7","6","5","7","5","5","3","3","6","2","5","2","5","5","1","2","2","5","1","1","5","5","4","6","3","1","2","2","1","1","2","6","2","1","7","1","1","1","1","1","2","1","7","1","3","799230569765543938","仲","102","Female","[""坏我"",""好我"",""好她"",""坏她""]","[""弱我"",""强我"",""强她"",""弱她""]","","","","","","","","new","","","","","","","","","SRET","RJ_formal1","Fri Jan 19 2024 19:12:01 GMT+0800 (中国标准时间)","","","","","","NA","短视","Negative","ability","","","1","","","new","","","","",""
"3873","<p style='color:white;'>现在是休息时间，当您结束休息后，您可以点击 结束休息 按钮 继续。</p>","0","html-button-response","587","1098349","0.0-8.0","5","2","5","1","1","5","3","4","4","5","5","0","0","1","2","-2","1","1","2","5","4","5","4","2","1","2","3","4","3","4","6","4","8","3","7","6","5","7","5","5","3","3","6","2","5","2","5","5","1","2","2","5","1","1","5","5","4","6","3","1","2","2","1","1","2","6","2","1","7","1","1","1","1","1","2","1","7","1","3","799230569765543938","仲","102","Female","[""坏我"",""好我"",""好她"",""坏她""]","[""弱我"",""强我"",""强她"",""弱她""]","","","","","","","","","","","","","","","","","SRET_end","SRET_end","Fri Jan 19 2024 19:12:01 GMT+0800 (中国标准时间)","","","","","","","","","","","","","","","","1098.503","","","",""
"35253","","","instructions","588","1133604","0.0-9.0","5","2","5","1","1","5","3","4","4","5","5","0","0","1","2","-2","1","1","2","5","4","5","4","2","1","2","3","4","3","4","6","4","8","3","7","6","5","7","5","5","3","3","6","2","5","2","5","5","1","2","2","5","1","1","5","5","4","6","3","1","2","2","1","1","2","6","2","1","7","1","1","1","1","1","2","1","7","1","3","799230569765543938","仲","102","Female","[""坏我"",""好我"",""好她"",""坏她""]","[""弱我"",""强我"",""强她"",""弱她""]","","","","","","","","","","","","","","","","","","","","","","","","","","","","","","","","","[{""page_index"":0,""viewing_time"":35253}]","","","","","",""
"121255","","","instructions","589","1254865","0.0-10.0-1.0-0.0","5","2","5","1","1","5","3","4","4","5","5","0","0","1","2","-2","1","1","2","5","4","5","4","2","1","2","3","4","3","4","6","4","8","3","7","6","5","7","5","5","3","3","6","2","5","2","5","5","1","2","2","5","1","1","5","5","4","6","3","1","2","2","1","1","2","6","2","1","7","1","1","1","1","1","2","1","7","1","3","799230569765543938","仲","102","Female","[""坏我"",""好我"",""好她"",""坏她""]","[""弱我"",""强我"",""强她"",""弱她""]","","","","","","","","","","","","","","","","","","","","","","","","","","","","","","","","","[{""page_index"":0,""viewing_time"":20210},{""page_index"":1,""viewing_time"":91884},{""page_index"":2,""viewing_time"":6158},{""page_index"":3,""viewing_time"":3003}]","","","","","",""
"1069","","f","psychophysics","590","1256937","0.0-10.0-1.0-1.0-0.0-0.0","5","2","5","1","1","5","3","4","4","5","5","0","0","1","2","-2","1","1","2","5","4","5","4","2","1","2","3","4","3","4","6","4","8","3","7","6","5","7","5","5","3","3","6","2","5","2","5","5","1","2","2","5","1","1","5","5","4","6","3","1","2","2","1","1","2","6","2","1","7","1","1","1","1","1","2","1","7","1","3","799230569765543938","仲","102","Female","[""坏我"",""好我"",""好她"",""坏她""]","[""弱我"",""强我"",""强她"",""弱她""]","","","","","","","","match","","","","","","","","","prac_ALT2_ability","practice_ability","","key","f","16.666666666666668","683","380","","弱我","","","","f","true","","","match","","img/trapezoid.png","弱我","",""
"null","<span style='color:GreenYellow; font-size: 70px;'>正确! </span>","null","html-keyboard-response","591","1257441","0.0-10.0-1.0-1.0-0.0-1.0","5","2","5","1","1","5","3","4","4","5","5","0","0","1","2","-2","1","1","2","5","4","5","4","2","1","2","3","4","3","4","6","4","8","3","7","6","5","7","5","5","3","3","6","2","5","2","5","5","1","2","2","5","1","1","5","5","4","6","3","1","2","2","1","1","2","6","2","1","7","1","1","1","1","1","2","1","7","1","3","799230569765543938","仲","102","Female","[""坏我"",""好我"",""好她"",""坏她""]","[""弱我"",""强我"",""强她"",""弱她""]","","","","","","","","","","","","","","","","","","feedback_test","","","","","","","","","","","","","","","","","","","","",""
"1121","","j","psychophysics","592","1259567","0.0-10.0-1.0-1.0-0.0-0.1","5","2","5","1","1","5","3","4","4","5","5","0","0","1","2","-2","1","1","2","5","4","5","4","2","1","2","3","4","3","4","6","4","8","3","7","6","5","7","5","5","3","3","6","2","5","2","5","5","1","2","2","5","1","1","5","5","4","6","3","1","2","2","1","1","2","6","2","1","7","1","1","1","1","1","2","1","7","1","3","799230569765543938","仲","102","Female","[""坏我"",""好我"",""好她"",""坏她""]","[""弱我"",""强我"",""强她"",""弱她""]","","","","","","","","nonmatch","","","","","","","","","prac_ALT2_ability","practice_ability","","key","j","16.666129032256936","683","380","","强她","","","","j","true","","","nonmatch","","img/trapezoid.png","弱我","",""
"null","<span style='color:GreenYellow; font-size: 70px;'>正确! </span>","null","html-keyboard-response","593","1260072","0.0-10.0-1.0-1.0-0.0-1.1","5","2","5","1","1","5","3","4","4","5","5","0","0","1","2","-2","1","1","2","5","4","5","4","2","1","2","3","4","3","4","6","4","8","3","7","6","5","7","5","5","3","3","6","2","5","2","5","5","1","2","2","5","1","1","5","5","4","6","3","1","2","2","1","1","2","6","2","1","7","1","1","1","1","1","2","1","7","1","3","799230569765543938","仲","102","Female","[""坏我"",""好我"",""好她"",""坏她""]","[""弱我"",""强我"",""强她"",""弱她""]","","","","","","","","","","","","","","","","","","feedback_test","","","","","","","","","","","","","","","","","","","","",""
"1027","","f","psychophysics","594","1262100","0.0-10.0-1.0-1.0-0.0-0.2","5","2","5","1","1","5","3","4","4","5","5","0","0","1","2","-2","1","1","2","5","4","5","4","2","1","2","3","4","3","4","6","4","8","3","7","6","5","7","5","5","3","3","6","2","5","2","5","5","1","2","2","5","1","1","5","5","4","6","3","1","2","2","1","1","2","6","2","1","7","1","1","1","1","1","2","1","7","1","3","799230569765543938","仲","102","Female","[""坏我"",""好我"",""好她"",""坏她""]","[""弱我"",""强我"",""强她"",""弱她""]","","","","","","","","match","","","","","","","","","prac_ALT2_ability","practice_ability","","key","f","16.666115702478184","683","380","","强我","","","","f","true","","","match","","img/pentagon.png","强我","",""
"null","<span style='color:GreenYellow; font-size: 70px;'>正确! </span>","null","html-keyboard-response","595","1262609","0.0-10.0-1.0-1.0-0.0-1.2","5","2","5","1","1","5","3","4","4","5","5","0","0","1","2","-2","1","1","2","5","4","5","4","2","1","2","3","4","3","4","6","4","8","3","7","6","5","7","5","5","3","3","6","2","5","2","5","5","1","2","2","5","1","1","5","5","4","6","3","1","2","2","1","1","2","6","2","1","7","1","1","1","1","1","2","1","7","1","3","799230569765543938","仲","102","Female","[""坏我"",""好我"",""好她"",""坏她""]","[""弱我"",""强我"",""强她"",""弱她""]","","","","","","","","","","","","","","","","","","feedback_test","","","","","","","","","","","","","","","","","","","","",""
"820","","j","psychophysics","596","1264434","0.0-10.0-1.0-1.0-0.0-0.3","5","2","5","1","1","5","3","4","4","5","5","0","0","1","2","-2","1","1","2","5","4","5","4","2","1","2","3","4","3","4","6","4","8","3","7","6","5","7","5","5","3","3","6","2","5","2","5","5","1","2","2","5","1","1","5","5","4","6","3","1","2","2","1","1","2","6","2","1","7","1","1","1","1","1","2","1","7","1","3","799230569765543938","仲","102","Female","[""坏我"",""好我"",""好她"",""坏她""]","[""弱我"",""强我"",""强她"",""弱她""]","","","","","","","","nonmatch","","","","","","","","","prac_ALT2_ability","practice_ability","","key","j","16.666055045872415","683","380","","弱她","","","","j","true","","","nonmatch","","img/trapezoid.png","弱我","",""
"null","<span style='color:GreenYellow; font-size: 70px;'>正确! </span>","null","html-keyboard-response","597","1264943","0.0-10.0-1.0-1.0-0.0-1.3","5","2","5","1","1","5","3","4","4","5","5","0","0","1","2","-2","1","1","2","5","4","5","4","2","1","2","3","4","3","4","6","4","8","3","7","6","5","7","5","5","3","3","6","2","5","2","5","5","1","2","2","5","1","1","5","5","4","6","3","1","2","2","1","1","2","6","2","1","7","1","1","1","1","1","2","1","7","1","3","799230569765543938","仲","102","Female","[""坏我"",""好我"",""好她"",""坏她""]","[""弱我"",""强我"",""强她"",""弱她""]","","","","","","","","","","","","","","","","","","feedback_test","","","","","","","","","","","","","","","","","","","","",""
"818","","j","psychophysics","598","1266766","0.0-10.0-1.0-1.0-0.0-0.4","5","2","5","1","1","5","3","4","4","5","5","0","0","1","2","-2","1","1","2","5","4","5","4","2","1","2","3","4","3","4","6","4","8","3","7","6","5","7","5","5","3","3","6","2","5","2","5","5","1","2","2","5","1","1","5","5","4","6","3","1","2","2","1","1","2","6","2","1","7","1","1","1","1","1","2","1","7","1","3","799230569765543938","仲","102","Female","[""坏我"",""好我"",""好她"",""坏她""]","[""弱我"",""强我"",""强她"",""弱她""]","","","","","","","","nonmatch","","","","","","","","","prac_ALT2_ability","practice_ability","","key","j","16.666666666666668","683","380","","强我","","","","j","true","","","nonmatch","","img/circle.png","弱她","",""
"null","<span style='color:GreenYellow; font-size: 70px;'>正确! </span>","null","html-keyboard-response","599","1267271","0.0-10.0-1.0-1.0-0.0-1.4","5","2","5","1","1","5","3","4","4","5","5","0","0","1","2","-2","1","1","2","5","4","5","4","2","1","2","3","4","3","4","6","4","8","3","7","6","5","7","5","5","3","3","6","2","5","2","5","5","1","2","2","5","1","1","5","5","4","6","3","1","2","2","1","1","2","6","2","1","7","1","1","1","1","1","2","1","7","1","3","799230569765543938","仲","102","Female","[""坏我"",""好我"",""好她"",""坏她""]","[""弱我"",""强我"",""强她"",""弱她""]","","","","","","","","","","","","","","","","","","feedback_test","","","","","","","","","","","","","","","","","","","","",""
"681","","j","psychophysics","600","1268961","0.0-10.0-1.0-1.0-0.0-0.5","5","2","5","1","1","5","3","4","4","5","5","0","0","1","2","-2","1","1","2","5","4","5","4","2","1","2","3","4","3","4","6","4","8","3","7","6","5","7","5","5","3","3","6","2","5","2","5","5","1","2","2","5","1","1","5","5","4","6","3","1","2","2","1","1","2","6","2","1","7","1","1","1","1","1","2","1","7","1","3","799230569765543938","仲","102","Female","[""坏我"",""好我"",""好她"",""坏她""]","[""弱我"",""强我"",""强她"",""弱她""]","","","","","","","","nonmatch","","","","","","","","","prac_ALT2_ability","practice_ability","","key","j","16.66600000000093","683","380","","弱她","","","","j","true","","","nonmatch","","img/pentagon.png","强我","",""
"null","<span style='color:GreenYellow; font-size: 70px;'>正确! </span>","null","html-keyboard-response","601","1269463","0.0-10.0-1.0-1.0-0.0-1.5","5","2","5","1","1","5","3","4","4","5","5","0","0","1","2","-2","1","1","2","5","4","5","4","2","1","2","3","4","3","4","6","4","8","3","7","6","5","7","5","5","3","3","6","2","5","2","5","5","1","2","2","5","1","1","5","5","4","6","3","1","2","2","1","1","2","6","2","1","7","1","1","1","1","1","2","1","7","1","3","799230569765543938","仲","102","Female","[""坏我"",""好我"",""好她"",""坏她""]","[""弱我"",""强我"",""强她"",""弱她""]","","","","","","","","","","","","","","","","","","feedback_test","","","","","","","","","","","","","","","","","","","","",""
"726","","f","psychophysics","602","1271190","0.0-10.0-1.0-1.0-0.0-0.6","5","2","5","1","1","5","3","4","4","5","5","0","0","1","2","-2","1","1","2","5","4","5","4","2","1","2","3","4","3","4","6","4","8","3","7","6","5","7","5","5","3","3","6","2","5","2","5","5","1","2","2","5","1","1","5","5","4","6","3","1","2","2","1","1","2","6","2","1","7","1","1","1","1","1","2","1","7","1","3","799230569765543938","仲","102","Female","[""坏我"",""好我"",""好她"",""坏她""]","[""弱我"",""强我"",""强她"",""弱她""]","","","","","","","","match","","","","","","","","","prac_ALT2_ability","practice_ability","","key","f","16.603921568628365","683","380","","弱我","","","","j","false","","","nonmatch","","img/pentagon.png","强我","",""
"null","<span style='color:red; font-size: 70px;'>错误! </span>","null","html-keyboard-response","603","1271692","0.0-10.0-1.0-1.0-0.0-1.6","5","2","5","1","1","5","3","4","4","5","5","0","0","1","2","-2","1","1","2","5","4","5","4","2","1","2","3","4","3","4","6","4","8","3","7","6","5","7","5","5","3","3","6","2","5","2","5","5","1","2","2","5","1","1","5","5","4","6","3","1","2","2","1","1","2","6","2","1","7","1","1","1","1","1","2","1","7","1","3","799230569765543938","仲","102","Female","[""坏我"",""好我"",""好她"",""坏她""]","[""弱我"",""强我"",""强她"",""弱她""]","","","","","","","","","","","","","","","","","","feedback_test","","","","","","","","","","","","","","","","","","","","",""
"697","","j","psychophysics","604","1273392","0.0-10.0-1.0-1.0-0.0-0.7","5","2","5","1","1","5","3","4","4","5","5","0","0","1","2","-2","1","1","2","5","4","5","4","2","1","2","3","4","3","4","6","4","8","3","7","6","5","7","5","5","3","3","6","2","5","2","5","5","1","2","2","5","1","1","5","5","4","6","3","1","2","2","1","1","2","6","2","1","7","1","1","1","1","1","2","1","7","1","3","799230569765543938","仲","102","Female","[""坏我"",""好我"",""好她"",""坏她""]","[""弱我"",""强我"",""强她"",""弱她""]","","","","","","","","nonmatch","","","","","","","","","prac_ALT2_ability","practice_ability","","key","j","16.66435643564218","683","380","","强她","","","","j","true","","","nonmatch","","img/circle.png","弱她","",""
"null","<span style='color:GreenYellow; font-size: 70px;'>正确! </span>","null","html-keyboard-response","605","1273896","0.0-10.0-1.0-1.0-0.0-1.7","5","2","5","1","1","5","3","4","4","5","5","0","0","1","2","-2","1","1","2","5","4","5","4","2","1","2","3","4","3","4","6","4","8","3","7","6","5","7","5","5","3","3","6","2","5","2","5","5","1","2","2","5","1","1","5","5","4","6","3","1","2","2","1","1","2","6","2","1","7","1","1","1","1","1","2","1","7","1","3","799230569765543938","仲","102","Female","[""坏我"",""好我"",""好她"",""坏她""]","[""弱我"",""强我"",""强她"",""弱她""]","","","","","","","","","","","","","","","","","","feedback_test","","","","","","","","","","","","","","","","","","","","",""
"1065","","f","psychophysics","606","1275963","0.0-10.0-1.0-1.0-0.0-0.8","5","2","5","1","1","5","3","4","4","5","5","0","0","1","2","-2","1","1","2","5","4","5","4","2","1","2","3","4","3","4","6","4","8","3","7","6","5","7","5","5","3","3","6","2","5","2","5","5","1","2","2","5","1","1","5","5","4","6","3","1","2","2","1","1","2","6","2","1","7","1","1","1","1","1","2","1","7","1","3","799230569765543938","仲","102","Female","[""坏我"",""好我"",""好她"",""坏她""]","[""弱我"",""强我"",""强她"",""弱她""]","","","","","","","","match","","","","","","","","","prac_ALT2_ability","practice_ability","","key","f","16.61639344262257","683","380","","强我","","","","j","false","","","nonmatch","","img/trapezoid.png","弱我","",""
"null","<span style='color:red; font-size: 70px;'>错误! </span>","null","html-keyboard-response","607","1276470","0.0-10.0-1.0-1.0-0.0-1.8","5","2","5","1","1","5","3","4","4","5","5","0","0","1","2","-2","1","1","2","5","4","5","4","2","1","2","3","4","3","4","6","4","8","3","7","6","5","7","5","5","3","3","6","2","5","2","5","5","1","2","2","5","1","1","5","5","4","6","3","1","2","2","1","1","2","6","2","1","7","1","1","1","1","1","2","1","7","1","3","799230569765543938","仲","102","Female","[""坏我"",""好我"",""好她"",""坏她""]","[""弱我"",""强我"",""强她"",""弱她""]","","","","","","","","","","","","","","","","","","feedback_test","","","","","","","","","","","","","","","","","","","","",""
"1098","","f","psychophysics","608","1278571","0.0-10.0-1.0-1.0-0.0-0.9","5","2","5","1","1","5","3","4","4","5","5","0","0","1","2","-2","1","1","2","5","4","5","4","2","1","2","3","4","3","4","6","4","8","3","7","6","5","7","5","5","3","3","6","2","5","2","5","5","1","2","2","5","1","1","5","5","4","6","3","1","2","2","1","1","2","6","2","1","7","1","1","1","1","1","2","1","7","1","3","799230569765543938","仲","102","Female","[""坏我"",""好我"",""好她"",""坏她""]","[""弱我"",""强我"",""强她"",""弱她""]","","","","","","","","match","","","","","","","","","prac_ALT2_ability","practice_ability","","key","f","16.66559999999963","683","380","","弱她","","","","f","true","","","match","","img/circle.png","弱她","",""
"null","<span style='color:GreenYellow; font-size: 70px;'>正确! </span>","null","html-keyboard-response","609","1279080","0.0-10.0-1.0-1.0-0.0-1.9","5","2","5","1","1","5","3","4","4","5","5","0","0","1","2","-2","1","1","2","5","4","5","4","2","1","2","3","4","3","4","6","4","8","3","7","6","5","7","5","5","3","3","6","2","5","2","5","5","1","2","2","5","1","1","5","5","4","6","3","1","2","2","1","1","2","6","2","1","7","1","1","1","1","1","2","1","7","1","3","799230569765543938","仲","102","Female","[""坏我"",""好我"",""好她"",""坏她""]","[""弱我"",""强我"",""强她"",""弱她""]","","","","","","","","","","","","","","","","","","feedback_test","","","","","","","","","","","","","","","","","","","","",""
"null","","null","psychophysics","610","1281290","0.0-10.0-1.0-1.0-0.0-0.10","5","2","5","1","1","5","3","4","4","5","5","0","0","1","2","-2","1","1","2","5","4","5","4","2","1","2","3","4","3","4","6","4","8","3","7","6","5","7","5","5","3","3","6","2","5","2","5","5","1","2","2","5","1","1","5","5","4","6","3","1","2","2","1","1","2","6","2","1","7","1","1","1","1","1","2","1","7","1","3","799230569765543938","仲","102","Female","[""坏我"",""好我"",""好她"",""坏她""]","[""弱我"",""强我"",""强她"",""弱她""]","","","","","","","","null","","","","","","","","","prac_ALT2_ability","practice_ability","","key","null","16.667175572518374","683","380","","强她","","","","j","false","","","nonmatch","","img/pentagon.png","强我","",""
"null","<span class='add_' style='color:yellow; font-size: 70px;'> 太慢! </span>","null","html-keyboard-response","611","1281799","0.0-10.0-1.0-1.0-0.0-1.10","5","2","5","1","1","5","3","4","4","5","5","0","0","1","2","-2","1","1","2","5","4","5","4","2","1","2","3","4","3","4","6","4","8","3","7","6","5","7","5","5","3","3","6","2","5","2","5","5","1","2","2","5","1","1","5","5","4","6","3","1","2","2","1","1","2","6","2","1","7","1","1","1","1","1","2","1","7","1","3","799230569765543938","仲","102","Female","[""坏我"",""好我"",""好她"",""坏她""]","[""弱我"",""强我"",""强她"",""弱她""]","","","","","","","","","","","","","","","","","","feedback_test","","","","","","","","","","","","","","","","","","","","",""
"667","","j","psychophysics","612","1283467","0.0-10.0-1.0-1.0-0.0-0.11","5","2","5","1","1","5","3","4","4","5","5","0","0","1","2","-2","1","1","2","5","4","5","4","2","1","2","3","4","3","4","6","4","8","3","7","6","5","7","5","5","3","3","6","2","5","2","5","5","1","2","2","5","1","1","5","5","4","6","3","1","2","2","1","1","2","6","2","1","7","1","1","1","1","1","2","1","7","1","3","799230569765543938","仲","102","Female","[""坏我"",""好我"",""好她"",""坏她""]","[""弱我"",""强我"",""强她"",""弱她""]","","","","","","","","nonmatch","","","","","","","","","prac_ALT2_ability","practice_ability","","key","j","16.665656565657976","683","380","","弱我","","","","f","false","","","match","","img/trapezoid.png","弱我","",""
"null","<span style='color:red; font-size: 70px;'>错误! </span>","null","html-keyboard-response","613","1283975","0.0-10.0-1.0-1.0-0.0-1.11","5","2","5","1","1","5","3","4","4","5","5","0","0","1","2","-2","1","1","2","5","4","5","4","2","1","2","3","4","3","4","6","4","8","3","7","6","5","7","5","5","3","3","6","2","5","2","5","5","1","2","2","5","1","1","5","5","4","6","3","1","2","2","1","1","2","6","2","1","7","1","1","1","1","1","2","1","7","1","3","799230569765543938","仲","102","Female","[""坏我"",""好我"",""好她"",""坏她""]","[""弱我"",""强我"",""强她"",""弱她""]","","","","","","","","","","","","","","","","","","feedback_test","","","","","","","","","","","","","","","","","","","","",""
"822","","j","psychophysics","614","1285802","0.0-10.0-1.0-1.0-0.0-0.12","5","2","5","1","1","5","3","4","4","5","5","0","0","1","2","-2","1","1","2","5","4","5","4","2","1","2","3","4","3","4","6","4","8","3","7","6","5","7","5","5","3","3","6","2","5","2","5","5","1","2","2","5","1","1","5","5","4","6","3","1","2","2","1","1","2","6","2","1","7","1","1","1","1","1","2","1","7","1","3","799230569765543938","仲","102","Female","[""坏我"",""好我"",""好她"",""坏她""]","[""弱我"",""强我"",""强她"",""弱她""]","","","","","","","","nonmatch","","","","","","","","","prac_ALT2_ability","practice_ability","","key","j","16.666055045872415","683","380","","弱她","","","","j","true","","","nonmatch","","img/diamond.png","强她","",""
"null","<span style='color:GreenYellow; font-size: 70px;'>正确! </span>","null","html-keyboard-response","615","1286307","0.0-10.0-1.0-1.0-0.0-1.12","5","2","5","1","1","5","3","4","4","5","5","0","0","1","2","-2","1","1","2","5","4","5","4","2","1","2","3","4","3","4","6","4","8","3","7","6","5","7","5","5","3","3","6","2","5","2","5","5","1","2","2","5","1","1","5","5","4","6","3","1","2","2","1","1","2","6","2","1","7","1","1","1","1","1","2","1","7","1","3","799230569765543938","仲","102","Female","[""坏我"",""好我"",""好她"",""坏她""]","[""弱我"",""强我"",""强她"",""弱她""]","","","","","","","","","","","","","","","","","","feedback_test","","","","","","","","","","","","","","","","","","","","",""
"1033","","f","psychophysics","616","1288346","0.0-10.0-1.0-1.0-0.0-0.13","5","2","5","1","1","5","3","4","4","5","5","0","0","1","2","-2","1","1","2","5","4","5","4","2","1","2","3","4","3","4","6","4","8","3","7","6","5","7","5","5","3","3","6","2","5","2","5","5","1","2","2","5","1","1","5","5","4","6","3","1","2","2","1","1","2","6","2","1","7","1","1","1","1","1","2","1","7","1","3","799230569765543938","仲","102","Female","[""坏我"",""好我"",""好她"",""坏她""]","[""弱我"",""强我"",""强她"",""弱她""]","","","","","","","","match","","","","","","","","","prac_ALT2_ability","practice_ability","","key","f","16.665289256198346","683","380","","弱我","","","","f","true","","","match","","img/trapezoid.png","弱我","",""
"null","<span style='color:GreenYellow; font-size: 70px;'>正确! </span>","null","html-keyboard-response","617","1288855","0.0-10.0-1.0-1.0-0.0-1.13","5","2","5","1","1","5","3","4","4","5","5","0","0","1","2","-2","1","1","2","5","4","5","4","2","1","2","3","4","3","4","6","4","8","3","7","6","5","7","5","5","3","3","6","2","5","2","5","5","1","2","2","5","1","1","5","5","4","6","3","1","2","2","1","1","2","6","2","1","7","1","1","1","1","1","2","1","7","1","3","799230569765543938","仲","102","Female","[""坏我"",""好我"",""好她"",""坏她""]","[""弱我"",""强我"",""强她"",""弱她""]","","","","","","","","","","","","","","","","","","feedback_test","","","","","","","","","","","","","","","","","","","","",""
"791","","f","psychophysics","618","1290647","0.0-10.0-1.0-1.0-0.0-0.14","5","2","5","1","1","5","3","4","4","5","5","0","0","1","2","-2","1","1","2","5","4","5","4","2","1","2","3","4","3","4","6","4","8","3","7","6","5","7","5","5","3","3","6","2","5","2","5","5","1","2","2","5","1","1","5","5","4","6","3","1","2","2","1","1","2","6","2","1","7","1","1","1","1","1","2","1","7","1","3","799230569765543938","仲","102","Female","[""坏我"",""好我"",""好她"",""坏她""]","[""弱我"",""强我"",""强她"",""弱她""]","","","","","","","","match","","","","","","","","","prac_ALT2_ability","practice_ability","","key","f","16.666037735847738","683","380","","强我","","","","f","true","","","match","","img/pentagon.png","强我","",""
"null","<span style='color:GreenYellow; font-size: 70px;'>正确! </span>","null","html-keyboard-response","619","1291156","0.0-10.0-1.0-1.0-0.0-1.14","5","2","5","1","1","5","3","4","4","5","5","0","0","1","2","-2","1","1","2","5","4","5","4","2","1","2","3","4","3","4","6","4","8","3","7","6","5","7","5","5","3","3","6","2","5","2","5","5","1","2","2","5","1","1","5","5","4","6","3","1","2","2","1","1","2","6","2","1","7","1","1","1","1","1","2","1","7","1","3","799230569765543938","仲","102","Female","[""坏我"",""好我"",""好她"",""坏她""]","[""弱我"",""强我"",""强她"",""弱她""]","","","","","","","","","","","","","","","","","","feedback_test","","","","","","","","","","","","","","","","","","","","",""
"735","","j","psychophysics","620","1292895","0.0-10.0-1.0-1.0-0.0-0.15","5","2","5","1","1","5","3","4","4","5","5","0","0","1","2","-2","1","1","2","5","4","5","4","2","1","2","3","4","3","4","6","4","8","3","7","6","5","7","5","5","3","3","6","2","5","2","5","5","1","2","2","5","1","1","5","5","4","6","3","1","2","2","1","1","2","6","2","1","7","1","1","1","1","1","2","1","7","1","3","799230569765543938","仲","102","Female","[""坏我"",""好我"",""好她"",""坏她""]","[""弱我"",""强我"",""强她"",""弱她""]","","","","","","","","nonmatch","","","","","","","","","prac_ALT2_ability","practice_ability","","key","j","16.666990291261683","683","380","","弱我","","","","j","true","","","nonmatch","","img/diamond.png","强她","",""
"null","<span style='color:GreenYellow; font-size: 70px;'>正确! </span>","null","html-keyboard-response","621","1293402","0.0-10.0-1.0-1.0-0.0-1.15","5","2","5","1","1","5","3","4","4","5","5","0","0","1","2","-2","1","1","2","5","4","5","4","2","1","2","3","4","3","4","6","4","8","3","7","6","5","7","5","5","3","3","6","2","5","2","5","5","1","2","2","5","1","1","5","5","4","6","3","1","2","2","1","1","2","6","2","1","7","1","1","1","1","1","2","1","7","1","3","799230569765543938","仲","102","Female","[""坏我"",""好我"",""好她"",""坏她""]","[""弱我"",""强我"",""强她"",""弱她""]","","","","","","","","","","","","","","","","","","feedback_test","","","","","","","","","","","","","","","","","","","","",""
"878","","j","psychophysics","622","1295284","0.0-10.0-1.0-1.0-0.0-0.16","5","2","5","1","1","5","3","4","4","5","5","0","0","1","2","-2","1","1","2","5","4","5","4","2","1","2","3","4","3","4","6","4","8","3","7","6","5","7","5","5","3","3","6","2","5","2","5","5","1","2","2","5","1","1","5","5","4","6","3","1","2","2","1","1","2","6","2","1","7","1","1","1","1","1","2","1","7","1","3","799230569765543938","仲","102","Female","[""坏我"",""好我"",""好她"",""坏她""]","[""弱我"",""强我"",""强她"",""弱她""]","","","","","","","","nonmatch","","","","","","","","","prac_ALT2_ability","practice_ability","","key","j","16.66607142857226","683","380","","强她","","","","f","false","","","match","","img/diamond.png","强她","",""
"null","<span style='color:red; font-size: 70px;'>错误! </span>","null","html-keyboard-response","623","1295790","0.0-10.0-1.0-1.0-0.0-1.16","5","2","5","1","1","5","3","4","4","5","5","0","0","1","2","-2","1","1","2","5","4","5","4","2","1","2","3","4","3","4","6","4","8","3","7","6","5","7","5","5","3","3","6","2","5","2","5","5","1","2","2","5","1","1","5","5","4","6","3","1","2","2","1","1","2","6","2","1","7","1","1","1","1","1","2","1","7","1","3","799230569765543938","仲","102","Female","[""坏我"",""好我"",""好她"",""坏她""]","[""弱我"",""强我"",""强她"",""弱她""]","","","","","","","","","","","","","","","","","","feedback_test","","","","","","","","","","","","","","","","","","","","",""
"725","","f","psychophysics","624","1297520","0.0-10.0-1.0-1.0-0.0-0.17","5","2","5","1","1","5","3","4","4","5","5","0","0","1","2","-2","1","1","2","5","4","5","4","2","1","2","3","4","3","4","6","4","8","3","7","6","5","7","5","5","3","3","6","2","5","2","5","5","1","2","2","5","1","1","5","5","4","6","3","1","2","2","1","1","2","6","2","1","7","1","1","1","1","1","2","1","7","1","3","799230569765543938","仲","102","Female","[""坏我"",""好我"",""好她"",""坏她""]","[""弱我"",""强我"",""强她"",""弱她""]","","","","","","","","match","","","","","","","","","prac_ALT2_ability","practice_ability","","key","f","16.66504854368932","683","380","","强她","","","","f","true","","","match","","img/diamond.png","强她","",""
"null","<span style='color:GreenYellow; font-size: 70px;'>正确! </span>","null","html-keyboard-response","625","1298029","0.0-10.0-1.0-1.0-0.0-1.17","5","2","5","1","1","5","3","4","4","5","5","0","0","1","2","-2","1","1","2","5","4","5","4","2","1","2","3","4","3","4","6","4","8","3","7","6","5","7","5","5","3","3","6","2","5","2","5","5","1","2","2","5","1","1","5","5","4","6","3","1","2","2","1","1","2","6","2","1","7","1","1","1","1","1","2","1","7","1","3","799230569765543938","仲","102","Female","[""坏我"",""好我"",""好她"",""坏她""]","[""弱我"",""强我"",""强她"",""弱她""]","","","","","","","","","","","","","","","","","","feedback_test","","","","","","","","","","","","","","","","","","","","",""
"936","","f","psychophysics","626","1299966","0.0-10.0-1.0-1.0-0.0-0.18","5","2","5","1","1","5","3","4","4","5","5","0","0","1","2","-2","1","1","2","5","4","5","4","2","1","2","3","4","3","4","6","4","8","3","7","6","5","7","5","5","3","3","6","2","5","2","5","5","1","2","2","5","1","1","5","5","4","6","3","1","2","2","1","1","2","6","2","1","7","1","1","1","1","1","2","1","7","1","3","799230569765543938","仲","102","Female","[""坏我"",""好我"",""好她"",""坏她""]","[""弱我"",""强我"",""强她"",""弱她""]","","","","","","","","match","","","","","","","","","prac_ALT2_ability","practice_ability","","key","f","16.66608695652255","683","380","","弱她","","","","f","true","","","match","","img/circle.png","弱她","",""
"null","<span style='color:GreenYellow; font-size: 70px;'>正确! </span>","null","html-keyboard-response","627","1300468","0.0-10.0-1.0-1.0-0.0-1.18","5","2","5","1","1","5","3","4","4","5","5","0","0","1","2","-2","1","1","2","5","4","5","4","2","1","2","3","4","3","4","6","4","8","3","7","6","5","7","5","5","3","3","6","2","5","2","5","5","1","2","2","5","1","1","5","5","4","6","3","1","2","2","1","1","2","6","2","1","7","1","1","1","1","1","2","1","7","1","3","799230569765543938","仲","102","Female","[""坏我"",""好我"",""好她"",""坏她""]","[""弱我"",""强我"",""强她"",""弱她""]","","","","","","","","","","","","","","","","","","feedback_test","","","","","","","","","","","","","","","","","","","","",""
"826","","j","psychophysics","628","1302298","0.0-10.0-1.0-1.0-0.0-0.19","5","2","5","1","1","5","3","4","4","5","5","0","0","1","2","-2","1","1","2","5","4","5","4","2","1","2","3","4","3","4","6","4","8","3","7","6","5","7","5","5","3","3","6","2","5","2","5","5","1","2","2","5","1","1","5","5","4","6","3","1","2","2","1","1","2","6","2","1","7","1","1","1","1","1","2","1","7","1","3","799230569765543938","仲","102","Female","[""坏我"",""好我"",""好她"",""坏她""]","[""弱我"",""强我"",""强她"",""弱她""]","","","","","","","","nonmatch","","","","","","","","","prac_ALT2_ability","practice_ability","","key","j","16.665137614678898","683","380","","弱我","","","","j","true","","","nonmatch","","img/circle.png","弱她","",""
"null","<span style='color:GreenYellow; font-size: 70px;'>正确! </span>","null","html-keyboard-response","629","1302803","0.0-10.0-1.0-1.0-0.0-1.19","5","2","5","1","1","5","3","4","4","5","5","0","0","1","2","-2","1","1","2","5","4","5","4","2","1","2","3","4","3","4","6","4","8","3","7","6","5","7","5","5","3","3","6","2","5","2","5","5","1","2","2","5","1","1","5","5","4","6","3","1","2","2","1","1","2","6","2","1","7","1","1","1","1","1","2","1","7","1","3","799230569765543938","仲","102","Female","[""坏我"",""好我"",""好她"",""坏她""]","[""弱我"",""强我"",""强她"",""弱她""]","","","","","","","","","","","","","","","","","","feedback_test","","","","","","","","","","","","","","","","","","","","",""
"866","","f","psychophysics","630","1304676","0.0-10.0-1.0-1.0-0.0-0.20","5","2","5","1","1","5","3","4","4","5","5","0","0","1","2","-2","1","1","2","5","4","5","4","2","1","2","3","4","3","4","6","4","8","3","7","6","5","7","5","5","3","3","6","2","5","2","5","5","1","2","2","5","1","1","5","5","4","6","3","1","2","2","1","1","2","6","2","1","7","1","1","1","1","1","2","1","7","1","3","799230569765543938","仲","102","Female","[""坏我"",""好我"",""好她"",""坏她""]","[""弱我"",""强我"",""强她"",""弱她""]","","","","","","","","match","","","","","","","","","prac_ALT2_ability","practice_ability","","key","f","16.6645454545463","683","380","","弱她","","","","f","true","","","match","","img/circle.png","弱她","",""
"null","<span style='color:GreenYellow; font-size: 70px;'>正确! </span>","null","html-keyboard-response","631","1305185","0.0-10.0-1.0-1.0-0.0-1.20","5","2","5","1","1","5","3","4","4","5","5","0","0","1","2","-2","1","1","2","5","4","5","4","2","1","2","3","4","3","4","6","4","8","3","7","6","5","7","5","5","3","3","6","2","5","2","5","5","1","2","2","5","1","1","5","5","4","6","3","1","2","2","1","1","2","6","2","1","7","1","1","1","1","1","2","1","7","1","3","799230569765543938","仲","102","Female","[""坏我"",""好我"",""好她"",""坏她""]","[""弱我"",""强我"",""强她"",""弱她""]","","","","","","","","","","","","","","","","","","feedback_test","","","","","","","","","","","","","","","","","","","","",""
"727","","f","psychophysics","632","1306915","0.0-10.0-1.0-1.0-0.0-0.21","5","2","5","1","1","5","3","4","4","5","5","0","0","1","2","-2","1","1","2","5","4","5","4","2","1","2","3","4","3","4","6","4","8","3","7","6","5","7","5","5","3","3","6","2","5","2","5","5","1","2","2","5","1","1","5","5","4","6","3","1","2","2","1","1","2","6","2","1","7","1","1","1","1","1","2","1","7","1","3","799230569765543938","仲","102","Female","[""坏我"",""好我"",""好她"",""坏她""]","[""弱我"",""强我"",""强她"",""弱她""]","","","","","","","","match","","","","","","","","","prac_ALT2_ability","practice_ability","","key","f","16.83039215686229","683","380","","强我","","","","f","true","","","match","","img/pentagon.png","强我","",""
"null","<span style='color:GreenYellow; font-size: 70px;'>正确! </span>","null","html-keyboard-response","633","1307417","0.0-10.0-1.0-1.0-0.0-1.21","5","2","5","1","1","5","3","4","4","5","5","0","0","1","2","-2","1","1","2","5","4","5","4","2","1","2","3","4","3","4","6","4","8","3","7","6","5","7","5","5","3","3","6","2","5","2","5","5","1","2","2","5","1","1","5","5","4","6","3","1","2","2","1","1","2","6","2","1","7","1","1","1","1","1","2","1","7","1","3","799230569765543938","仲","102","Female","[""坏我"",""好我"",""好她"",""坏她""]","[""弱我"",""强我"",""强她"",""弱她""]","","","","","","","","","","","","","","","","","","feedback_test","","","","","","","","","","","","","","","","","","","","",""
"685","","j","psychophysics","634","1309108","0.0-10.0-1.0-1.0-0.0-0.22","5","2","5","1","1","5","3","4","4","5","5","0","0","1","2","-2","1","1","2","5","4","5","4","2","1","2","3","4","3","4","6","4","8","3","7","6","5","7","5","5","3","3","6","2","5","2","5","5","1","2","2","5","1","1","5","5","4","6","3","1","2","2","1","1","2","6","2","1","7","1","1","1","1","1","2","1","7","1","3","799230569765543938","仲","102","Female","[""坏我"",""好我"",""好她"",""坏她""]","[""弱我"",""强我"",""强她"",""弱她""]","","","","","","","","nonmatch","","","","","","","","","prac_ALT2_ability","practice_ability","","key","j","16.665999999998604","683","380","","强我","","","","j","true","","","nonmatch","","img/diamond.png","强她","",""
"null","<span style='color:GreenYellow; font-size: 70px;'>正确! </span>","null","html-keyboard-response","635","1309615","0.0-10.0-1.0-1.0-0.0-1.22","5","2","5","1","1","5","3","4","4","5","5","0","0","1","2","-2","1","1","2","5","4","5","4","2","1","2","3","4","3","4","6","4","8","3","7","6","5","7","5","5","3","3","6","2","5","2","5","5","1","2","2","5","1","1","5","5","4","6","3","1","2","2","1","1","2","6","2","1","7","1","1","1","1","1","2","1","7","1","3","799230569765543938","仲","102","Female","[""坏我"",""好我"",""好她"",""坏她""]","[""弱我"",""强我"",""强她"",""弱她""]","","","","","","","","","","","","","","","","","","feedback_test","","","","","","","","","","","","","","","","","","","","",""
"985","","f","psychophysics","636","1311601","0.0-10.0-1.0-1.0-0.0-0.23","5","2","5","1","1","5","3","4","4","5","5","0","0","1","2","-2","1","1","2","5","4","5","4","2","1","2","3","4","3","4","6","4","8","3","7","6","5","7","5","5","3","3","6","2","5","2","5","5","1","2","2","5","1","1","5","5","4","6","3","1","2","2","1","1","2","6","2","1","7","1","1","1","1","1","2","1","7","1","3","799230569765543938","仲","102","Female","[""坏我"",""好我"",""好她"",""坏她""]","[""弱我"",""强我"",""强她"",""弱她""]","","","","","","","","match","","","","","","","","","prac_ALT2_ability","practice_ability","","key","f","16.666101694916044","683","380","","强她","","","","f","true","","","match","","img/diamond.png","强她","",""
"null","<span style='color:GreenYellow; font-size: 70px;'>正确! </span>","null","html-keyboard-response","637","1312106","0.0-10.0-1.0-1.0-0.0-1.23","5","2","5","1","1","5","3","4","4","5","5","0","0","1","2","-2","1","1","2","5","4","5","4","2","1","2","3","4","3","4","6","4","8","3","7","6","5","7","5","5","3","3","6","2","5","2","5","5","1","2","2","5","1","1","5","5","4","6","3","1","2","2","1","1","2","6","2","1","7","1","1","1","1","1","2","1","7","1","3","799230569765543938","仲","102","Female","[""坏我"",""好我"",""好她"",""坏她""]","[""弱我"",""强我"",""强她"",""弱她""]","","","","","","","","","","","","","","","","","","feedback_test","","","","","","","","","","","","","","","","","","","","",""
"890","","f","psychophysics","638","1314001","0.0-10.0-1.0-1.0-0.0-0.24","5","2","5","1","1","5","3","4","4","5","5","0","0","1","2","-2","1","1","2","5","4","5","4","2","1","2","3","4","3","4","6","4","8","3","7","6","5","7","5","5","3","3","6","2","5","2","5","5","1","2","2","5","1","1","5","5","4","6","3","1","2","2","1","1","2","6","2","1","7","1","1","1","1","1","2","1","7","1","3","799230569765543938","仲","102","Female","[""坏我"",""好我"",""好她"",""坏她""]","[""弱我"",""强我"",""强她"",""弱她""]","","","","","","","","match","","","","","","","","","prac_ALT2_ability","practice_ability","","key","f","16.664601769912327","683","380","","弱我","","","","j","false","","","nonmatch","","img/circle.png","弱她","",""
"null","<span style='color:red; font-size: 70px;'>错误! </span>","null","html-keyboard-response","639","1314510","0.0-10.0-1.0-1.0-0.0-1.24","5","2","5","1","1","5","3","4","4","5","5","0","0","1","2","-2","1","1","2","5","4","5","4","2","1","2","3","4","3","4","6","4","8","3","7","6","5","7","5","5","3","3","6","2","5","2","5","5","1","2","2","5","1","1","5","5","4","6","3","1","2","2","1","1","2","6","2","1","7","1","1","1","1","1","2","1","7","1","3","799230569765543938","仲","102","Female","[""坏我"",""好我"",""好她"",""坏她""]","[""弱我"",""强我"",""强她"",""弱她""]","","","","","","","","","","","","","","","","","","feedback_test","","","","","","","","","","","","","","","","","","","","",""
"1147","","f","psychophysics","640","1316659","0.0-10.0-1.0-1.0-0.0-0.25","5","2","5","1","1","5","3","4","4","5","5","0","0","1","2","-2","1","1","2","5","4","5","4","2","1","2","3","4","3","4","6","4","8","3","7","6","5","7","5","5","3","3","6","2","5","2","5","5","1","2","2","5","1","1","5","5","4","6","3","1","2","2","1","1","2","6","2","1","7","1","1","1","1","1","2","1","7","1","3","799230569765543938","仲","102","Female","[""坏我"",""好我"",""好她"",""坏她""]","[""弱我"",""强我"",""强她"",""弱她""]","","","","","","","","match","","","","","","","","","prac_ALT2_ability","practice_ability","","key","f","16.615748031497528","683","380","","强她","","","","f","true","","","match","","img/diamond.png","强她","",""
"null","<span style='color:GreenYellow; font-size: 70px;'>正确! </span>","null","html-keyboard-response","641","1317161","0.0-10.0-1.0-1.0-0.0-1.25","5","2","5","1","1","5","3","4","4","5","5","0","0","1","2","-2","1","1","2","5","4","5","4","2","1","2","3","4","3","4","6","4","8","3","7","6","5","7","5","5","3","3","6","2","5","2","5","5","1","2","2","5","1","1","5","5","4","6","3","1","2","2","1","1","2","6","2","1","7","1","1","1","1","1","2","1","7","1","3","799230569765543938","仲","102","Female","[""坏我"",""好我"",""好她"",""坏她""]","[""弱我"",""强我"",""强她"",""弱她""]","","","","","","","","","","","","","","","","","","feedback_test","","","","","","","","","","","","","","","","","","","","",""
"1183","","j","psychophysics","642","1319348","0.0-10.0-1.0-1.0-0.0-0.26","5","2","5","1","1","5","3","4","4","5","5","0","0","1","2","-2","1","1","2","5","4","5","4","2","1","2","3","4","3","4","6","4","8","3","7","6","5","7","5","5","3","3","6","2","5","2","5","5","1","2","2","5","1","1","5","5","4","6","3","1","2","2","1","1","2","6","2","1","7","1","1","1","1","1","2","1","7","1","3","799230569765543938","仲","102","Female","[""坏我"",""好我"",""好她"",""坏她""]","[""弱我"",""强我"",""强她"",""弱她""]","","","","","","","","nonmatch","","","","","","","","","prac_ALT2_ability","practice_ability","","key","j","16.6658914728693","683","380","","弱我","","","","j","true","","","nonmatch","","img/diamond.png","强她","",""
"null","<span style='color:GreenYellow; font-size: 70px;'>正确! </span>","null","html-keyboard-response","643","1319850","0.0-10.0-1.0-1.0-0.0-1.26","5","2","5","1","1","5","3","4","4","5","5","0","0","1","2","-2","1","1","2","5","4","5","4","2","1","2","3","4","3","4","6","4","8","3","7","6","5","7","5","5","3","3","6","2","5","2","5","5","1","2","2","5","1","1","5","5","4","6","3","1","2","2","1","1","2","6","2","1","7","1","1","1","1","1","2","1","7","1","3","799230569765543938","仲","102","Female","[""坏我"",""好我"",""好她"",""坏她""]","[""弱我"",""强我"",""强她"",""弱她""]","","","","","","","","","","","","","","","","","","feedback_test","","","","","","","","","","","","","","","","","","","","",""
"859","","f","psychophysics","644","1321714","0.0-10.0-1.0-1.0-0.0-0.27","5","2","5","1","1","5","3","4","4","5","5","0","0","1","2","-2","1","1","2","5","4","5","4","2","1","2","3","4","3","4","6","4","8","3","7","6","5","7","5","5","3","3","6","2","5","2","5","5","1","2","2","5","1","1","5","5","4","6","3","1","2","2","1","1","2","6","2","1","7","1","1","1","1","1","2","1","7","1","3","799230569765543938","仲","102","Female","[""坏我"",""好我"",""好她"",""坏她""]","[""弱我"",""强我"",""强她"",""弱她""]","","","","","","","","match","","","","","","","","","prac_ALT2_ability","practice_ability","","key","f","16.666666666666668","683","380","","强我","","","","f","true","","","match","","img/pentagon.png","强我","",""
"null","<span style='color:GreenYellow; font-size: 70px;'>正确! </span>","null","html-keyboard-response","645","1322222","0.0-10.0-1.0-1.0-0.0-1.27","5","2","5","1","1","5","3","4","4","5","5","0","0","1","2","-2","1","1","2","5","4","5","4","2","1","2","3","4","3","4","6","4","8","3","7","6","5","7","5","5","3","3","6","2","5","2","5","5","1","2","2","5","1","1","5","5","4","6","3","1","2","2","1","1","2","6","2","1","7","1","1","1","1","1","2","1","7","1","3","799230569765543938","仲","102","Female","[""坏我"",""好我"",""好她"",""坏她""]","[""弱我"",""强我"",""强她"",""弱她""]","","","","","","","","","","","","","","","","","","feedback_test","","","","","","","","","","","","","","","","","","","","",""
"749","","f","psychophysics","646","1323973","0.0-10.0-1.0-1.0-0.0-0.28","5","2","5","1","1","5","3","4","4","5","5","0","0","1","2","-2","1","1","2","5","4","5","4","2","1","2","3","4","3","4","6","4","8","3","7","6","5","7","5","5","3","3","6","2","5","2","5","5","1","2","2","5","1","1","5","5","4","6","3","1","2","2","1","1","2","6","2","1","7","1","1","1","1","1","2","1","7","1","3","799230569765543938","仲","102","Female","[""坏我"",""好我"",""好她"",""坏她""]","[""弱我"",""强我"",""强她"",""弱她""]","","","","","","","","match","","","","","","","","","prac_ALT2_ability","practice_ability","","key","f","16.665384615384166","683","380","","弱我","","","","f","true","","","match","","img/trapezoid.png","弱我","",""
"null","<span style='color:GreenYellow; font-size: 70px;'>正确! </span>","null","html-keyboard-response","647","1324480","0.0-10.0-1.0-1.0-0.0-1.28","5","2","5","1","1","5","3","4","4","5","5","0","0","1","2","-2","1","1","2","5","4","5","4","2","1","2","3","4","3","4","6","4","8","3","7","6","5","7","5","5","3","3","6","2","5","2","5","5","1","2","2","5","1","1","5","5","4","6","3","1","2","2","1","1","2","6","2","1","7","1","1","1","1","1","2","1","7","1","3","799230569765543938","仲","102","Female","[""坏我"",""好我"",""好她"",""坏她""]","[""弱我"",""强我"",""强她"",""弱她""]","","","","","","","","","","","","","","","","","","feedback_test","","","","","","","","","","","","","","","","","","","","",""
"656","","j","psychophysics","648","1326145","0.0-10.0-1.0-1.0-0.0-0.29","5","2","5","1","1","5","3","4","4","5","5","0","0","1","2","-2","1","1","2","5","4","5","4","2","1","2","3","4","3","4","6","4","8","3","7","6","5","7","5","5","3","3","6","2","5","2","5","5","1","2","2","5","1","1","5","5","4","6","3","1","2","2","1","1","2","6","2","1","7","1","1","1","1","1","2","1","7","1","3","799230569765543938","仲","102","Female","[""坏我"",""好我"",""好她"",""坏她""]","[""弱我"",""强我"",""强她"",""弱她""]","","","","","","","","nonmatch","","","","","","","","","prac_ALT2_ability","practice_ability","","key","j","16.664948453608247","683","380","","弱她","","","","j","true","","","nonmatch","","img/trapezoid.png","弱我","",""
"null","<span style='color:GreenYellow; font-size: 70px;'>正确! </span>","null","html-keyboard-response","649","1326650","0.0-10.0-1.0-1.0-0.0-1.29","5","2","5","1","1","5","3","4","4","5","5","0","0","1","2","-2","1","1","2","5","4","5","4","2","1","2","3","4","3","4","6","4","8","3","7","6","5","7","5","5","3","3","6","2","5","2","5","5","1","2","2","5","1","1","5","5","4","6","3","1","2","2","1","1","2","6","2","1","7","1","1","1","1","1","2","1","7","1","3","799230569765543938","仲","102","Female","[""坏我"",""好我"",""好她"",""坏她""]","[""弱我"",""强我"",""强她"",""弱她""]","","","","","","","","","","","","","","","","","","feedback_test","","","","","","","","","","","","","","","","","","","","",""
"701","","f","psychophysics","650","1328354","0.0-10.0-1.0-1.0-0.0-0.30","5","2","5","1","1","5","3","4","4","5","5","0","0","1","2","-2","1","1","2","5","4","5","4","2","1","2","3","4","3","4","6","4","8","3","7","6","5","7","5","5","3","3","6","2","5","2","5","5","1","2","2","5","1","1","5","5","4","6","3","1","2","2","1","1","2","6","2","1","7","1","1","1","1","1","2","1","7","1","3","799230569765543938","仲","102","Female","[""坏我"",""好我"",""好她"",""坏她""]","[""弱我"",""强我"",""强她"",""弱她""]","","","","","","","","match","","","","","","","","","prac_ALT2_ability","practice_ability","","key","f","16.665346534653004","683","380","","强我","","","","f","true","","","match","","img/pentagon.png","强我","",""
"null","<span style='color:GreenYellow; font-size: 70px;'>正确! </span>","null","html-keyboard-response","651","1328860","0.0-10.0-1.0-1.0-0.0-1.30","5","2","5","1","1","5","3","4","4","5","5","0","0","1","2","-2","1","1","2","5","4","5","4","2","1","2","3","4","3","4","6","4","8","3","7","6","5","7","5","5","3","3","6","2","5","2","5","5","1","2","2","5","1","1","5","5","4","6","3","1","2","2","1","1","2","6","2","1","7","1","1","1","1","1","2","1","7","1","3","799230569765543938","仲","102","Female","[""坏我"",""好我"",""好她"",""坏她""]","[""弱我"",""强我"",""强她"",""弱她""]","","","","","","","","","","","","","","","","","","feedback_test","","","","","","","","","","","","","","","","","","","","",""
"917","","j","psychophysics","652","1330783","0.0-10.0-1.0-1.0-0.0-0.31","5","2","5","1","1","5","3","4","4","5","5","0","0","1","2","-2","1","1","2","5","4","5","4","2","1","2","3","4","3","4","6","4","8","3","7","6","5","7","5","5","3","3","6","2","5","2","5","5","1","2","2","5","1","1","5","5","4","6","3","1","2","2","1","1","2","6","2","1","7","1","1","1","1","1","2","1","7","1","3","799230569765543938","仲","102","Female","[""坏我"",""好我"",""好她"",""坏她""]","[""弱我"",""强我"",""强她"",""弱她""]","","","","","","","","nonmatch","","","","","","","","","prac_ALT2_ability","practice_ability","","key","j","16.664601769910266","683","380","","强她","","","","j","true","","","nonmatch","","img/pentagon.png","强我","",""
"null","<span style='color:GreenYellow; font-size: 70px;'>正确! </span>","null","html-keyboard-response","653","1331285","0.0-10.0-1.0-1.0-0.0-1.31","5","2","5","1","1","5","3","4","4","5","5","0","0","1","2","-2","1","1","2","5","4","5","4","2","1","2","3","4","3","4","6","4","8","3","7","6","5","7","5","5","3","3","6","2","5","2","5","5","1","2","2","5","1","1","5","5","4","6","3","1","2","2","1","1","2","6","2","1","7","1","1","1","1","1","2","1","7","1","3","799230569765543938","仲","102","Female","[""坏我"",""好我"",""好她"",""坏她""]","[""弱我"",""强我"",""强她"",""弱她""]","","","","","","","","","","","","","","","","","","feedback_test","","","","","","","","","","","","","","","","","","","","",""
"740","","j","psychophysics","654","1333030","0.0-10.0-1.0-1.0-0.0-0.32","5","2","5","1","1","5","3","4","4","5","5","0","0","1","2","-2","1","1","2","5","4","5","4","2","1","2","3","4","3","4","6","4","8","3","7","6","5","7","5","5","3","3","6","2","5","2","5","5","1","2","2","5","1","1","5","5","4","6","3","1","2","2","1","1","2","6","2","1","7","1","1","1","1","1","2","1","7","1","3","799230569765543938","仲","102","Female","[""坏我"",""好我"",""好她"",""坏她""]","[""弱我"",""强我"",""强她"",""弱她""]","","","","","","","","nonmatch","","","","","","","","","prac_ALT2_ability","practice_ability","","key","j","16.665686274511174","683","380","","强她","","","","j","true","","","nonmatch","","img/trapezoid.png","弱我","",""
"null","<span style='color:GreenYellow; font-size: 70px;'>正确! </span>","null","html-keyboard-response","655","1333535","0.0-10.0-1.0-1.0-0.0-1.32","5","2","5","1","1","5","3","4","4","5","5","0","0","1","2","-2","1","1","2","5","4","5","4","2","1","2","3","4","3","4","6","4","8","3","7","6","5","7","5","5","3","3","6","2","5","2","5","5","1","2","2","5","1","1","5","5","4","6","3","1","2","2","1","1","2","6","2","1","7","1","1","1","1","1","2","1","7","1","3","799230569765543938","仲","102","Female","[""坏我"",""好我"",""好她"",""坏她""]","[""弱我"",""强我"",""强她"",""弱她""]","","","","","","","","","","","","","","","","","","feedback_test","","","","","","","","","","","","","","","","","","","","",""
"700","","f","psychophysics","656","1335241","0.0-10.0-1.0-1.0-0.0-0.33","5","2","5","1","1","5","3","4","4","5","5","0","0","1","2","-2","1","1","2","5","4","5","4","2","1","2","3","4","3","4","6","4","8","3","7","6","5","7","5","5","3","3","6","2","5","2","5","5","1","2","2","5","1","1","5","5","4","6","3","1","2","2","1","1","2","6","2","1","7","1","1","1","1","1","2","1","7","1","3","799230569765543938","仲","102","Female","[""坏我"",""好我"",""好她"",""坏她""]","[""弱我"",""强我"",""强她"",""弱她""]","","","","","","","","match","","","","","","","","","prac_ALT2_ability","practice_ability","","key","f","16.66534653465531","683","380","","强她","","","","f","true","","","match","","img/diamond.png","强她","",""
"null","<span style='color:GreenYellow; font-size: 70px;'>正确! </span>","null","html-keyboard-response","657","1335747","0.0-10.0-1.0-1.0-0.0-1.33","5","2","5","1","1","5","3","4","4","5","5","0","0","1","2","-2","1","1","2","5","4","5","4","2","1","2","3","4","3","4","6","4","8","3","7","6","5","7","5","5","3","3","6","2","5","2","5","5","1","2","2","5","1","1","5","5","4","6","3","1","2","2","1","1","2","6","2","1","7","1","1","1","1","1","2","1","7","1","3","799230569765543938","仲","102","Female","[""坏我"",""好我"",""好她"",""坏她""]","[""弱我"",""强我"",""强她"",""弱她""]","","","","","","","","","","","","","","","","","","feedback_test","","","","","","","","","","","","","","","","","","","","",""
"652","","f","psychophysics","658","1337405","0.0-10.0-1.0-1.0-0.0-0.34","5","2","5","1","1","5","3","4","4","5","5","0","0","1","2","-2","1","1","2","5","4","5","4","2","1","2","3","4","3","4","6","4","8","3","7","6","5","7","5","5","3","3","6","2","5","2","5","5","1","2","2","5","1","1","5","5","4","6","3","1","2","2","1","1","2","6","2","1","7","1","1","1","1","1","2","1","7","1","3","799230569765543938","仲","102","Female","[""坏我"",""好我"",""好她"",""坏她""]","[""弱我"",""强我"",""强她"",""弱她""]","","","","","","","","match","","","","","","","","","prac_ALT2_ability","practice_ability","","key","f","16.667346938776937","683","380","","弱我","","","","f","true","","","match","","img/trapezoid.png","弱我","",""
"null","<span style='color:GreenYellow; font-size: 70px;'>正确! </span>","null","html-keyboard-response","659","1337911","0.0-10.0-1.0-1.0-0.0-1.34","5","2","5","1","1","5","3","4","4","5","5","0","0","1","2","-2","1","1","2","5","4","5","4","2","1","2","3","4","3","4","6","4","8","3","7","6","5","7","5","5","3","3","6","2","5","2","5","5","1","2","2","5","1","1","5","5","4","6","3","1","2","2","1","1","2","6","2","1","7","1","1","1","1","1","2","1","7","1","3","799230569765543938","仲","102","Female","[""坏我"",""好我"",""好她"",""坏她""]","[""弱我"",""强我"",""强她"",""弱她""]","","","","","","","","","","","","","","","","","","feedback_test","","","","","","","","","","","","","","","","","","","","",""
"750","","j","psychophysics","660","1339670","0.0-10.0-1.0-1.0-0.0-0.35","5","2","5","1","1","5","3","4","4","5","5","0","0","1","2","-2","1","1","2","5","4","5","4","2","1","2","3","4","3","4","6","4","8","3","7","6","5","7","5","5","3","3","6","2","5","2","5","5","1","2","2","5","1","1","5","5","4","6","3","1","2","2","1","1","2","6","2","1","7","1","1","1","1","1","2","1","7","1","3","799230569765543938","仲","102","Female","[""坏我"",""好我"",""好她"",""坏她""]","[""弱我"",""强我"",""强她"",""弱她""]","","","","","","","","nonmatch","","","","","","","","","prac_ALT2_ability","practice_ability","","key","j","16.664423076921732","683","380","","强我","","","","j","true","","","nonmatch","","img/circle.png","弱她","",""
"null","<span style='color:GreenYellow; font-size: 70px;'>正确! </span>","null","html-keyboard-response","661","1340173","0.0-10.0-1.0-1.0-0.0-1.35","5","2","5","1","1","5","3","4","4","5","5","0","0","1","2","-2","1","1","2","5","4","5","4","2","1","2","3","4","3","4","6","4","8","3","7","6","5","7","5","5","3","3","6","2","5","2","5","5","1","2","2","5","1","1","5","5","4","6","3","1","2","2","1","1","2","6","2","1","7","1","1","1","1","1","2","1","7","1","3","799230569765543938","仲","102","Female","[""坏我"",""好我"",""好她"",""坏她""]","[""弱我"",""强我"",""强她"",""弱她""]","","","","","","","","","","","","","","","","","","feedback_test","","","","","","","","","","","","","","","","","","","","",""
"728","","f","psychophysics","662","1341903","0.0-10.0-1.0-1.0-0.0-0.36","5","2","5","1","1","5","3","4","4","5","5","0","0","1","2","-2","1","1","2","5","4","5","4","2","1","2","3","4","3","4","6","4","8","3","7","6","5","7","5","5","3","3","6","2","5","2","5","5","1","2","2","5","1","1","5","5","4","6","3","1","2","2","1","1","2","6","2","1","7","1","1","1","1","1","2","1","7","1","3","799230569765543938","仲","102","Female","[""坏我"",""好我"",""好她"",""坏她""]","[""弱我"",""强我"",""强她"",""弱她""]","","","","","","","","match","","","","","","","","","prac_ALT2_ability","practice_ability","","key","f","16.66504854368932","683","380","","强她","","","","f","true","","","match","","img/diamond.png","强她","",""
"null","<span style='color:GreenYellow; font-size: 70px;'>正确! </span>","null","html-keyboard-response","663","1342407","0.0-10.0-1.0-1.0-0.0-1.36","5","2","5","1","1","5","3","4","4","5","5","0","0","1","2","-2","1","1","2","5","4","5","4","2","1","2","3","4","3","4","6","4","8","3","7","6","5","7","5","5","3","3","6","2","5","2","5","5","1","2","2","5","1","1","5","5","4","6","3","1","2","2","1","1","2","6","2","1","7","1","1","1","1","1","2","1","7","1","3","799230569765543938","仲","102","Female","[""坏我"",""好我"",""好她"",""坏她""]","[""弱我"",""强我"",""强她"",""弱她""]","","","","","","","","","","","","","","","","","","feedback_test","","","","","","","","","","","","","","","","","","","","",""
"730","","j","psychophysics","664","1344140","0.0-10.0-1.0-1.0-0.0-0.37","5","2","5","1","1","5","3","4","4","5","5","0","0","1","2","-2","1","1","2","5","4","5","4","2","1","2","3","4","3","4","6","4","8","3","7","6","5","7","5","5","3","3","6","2","5","2","5","5","1","2","2","5","1","1","5","5","4","6","3","1","2","2","1","1","2","6","2","1","7","1","1","1","1","1","2","1","7","1","3","799230569765543938","仲","102","Female","[""坏我"",""好我"",""好她"",""坏她""]","[""弱我"",""强我"",""强她"",""弱她""]","","","","","","","","nonmatch","","","","","","","","","prac_ALT2_ability","practice_ability","","key","j","16.66601941747437","683","380","","强她","","","","j","true","","","nonmatch","","img/circle.png","弱她","",""
"null","<span style='color:GreenYellow; font-size: 70px;'>正确! </span>","null","html-keyboard-response","665","1344646","0.0-10.0-1.0-1.0-0.0-1.37","5","2","5","1","1","5","3","4","4","5","5","0","0","1","2","-2","1","1","2","5","4","5","4","2","1","2","3","4","3","4","6","4","8","3","7","6","5","7","5","5","3","3","6","2","5","2","5","5","1","2","2","5","1","1","5","5","4","6","3","1","2","2","1","1","2","6","2","1","7","1","1","1","1","1","2","1","7","1","3","799230569765543938","仲","102","Female","[""坏我"",""好我"",""好她"",""坏她""]","[""弱我"",""强我"",""强她"",""弱她""]","","","","","","","","","","","","","","","","","","feedback_test","","","","","","","","","","","","","","","","","","","","",""
"1061","","f","psychophysics","666","1346712","0.0-10.0-1.0-1.0-0.0-0.38","5","2","5","1","1","5","3","4","4","5","5","0","0","1","2","-2","1","1","2","5","4","5","4","2","1","2","3","4","3","4","6","4","8","3","7","6","5","7","5","5","3","3","6","2","5","2","5","5","1","2","2","5","1","1","5","5","4","6","3","1","2","2","1","1","2","6","2","1","7","1","1","1","1","1","2","1","7","1","3","799230569765543938","仲","102","Female","[""坏我"",""好我"",""好她"",""坏她""]","[""弱我"",""强我"",""强她"",""弱她""]","","","","","","","","match","","","","","","","","","prac_ALT2_ability","practice_ability","","key","f","16.666115702478184","683","380","","弱她","","","","f","true","","","match","","img/circle.png","弱她","",""
"null","<span style='color:GreenYellow; font-size: 70px;'>正确! </span>","null","html-keyboard-response","667","1347213","0.0-10.0-1.0-1.0-0.0-1.38","5","2","5","1","1","5","3","4","4","5","5","0","0","1","2","-2","1","1","2","5","4","5","4","2","1","2","3","4","3","4","6","4","8","3","7","6","5","7","5","5","3","3","6","2","5","2","5","5","1","2","2","5","1","1","5","5","4","6","3","1","2","2","1","1","2","6","2","1","7","1","1","1","1","1","2","1","7","1","3","799230569765543938","仲","102","Female","[""坏我"",""好我"",""好她"",""坏她""]","[""弱我"",""强我"",""强她"",""弱她""]","","","","","","","","","","","","","","","","","","feedback_test","","","","","","","","","","","","","","","","","","","","",""
"777","","j","psychophysics","668","1348998","0.0-10.0-1.0-1.0-0.0-0.39","5","2","5","1","1","5","3","4","4","5","5","0","0","1","2","-2","1","1","2","5","4","5","4","2","1","2","3","4","3","4","6","4","8","3","7","6","5","7","5","5","3","3","6","2","5","2","5","5","1","2","2","5","1","1","5","5","4","6","3","1","2","2","1","1","2","6","2","1","7","1","1","1","1","1","2","1","7","1","3","799230569765543938","仲","102","Female","[""坏我"",""好我"",""好她"",""坏她""]","[""弱我"",""强我"",""强她"",""弱她""]","","","","","","","","nonmatch","","","","","","","","","prac_ALT2_ability","practice_ability","","key","j","16.666037735849937","683","380","","弱她","","","","j","true","","","nonmatch","","img/pentagon.png","强我","",""
"null","<span style='color:GreenYellow; font-size: 70px;'>正确! </span>","null","html-keyboard-response","669","1349504","0.0-10.0-1.0-1.0-0.0-1.39","5","2","5","1","1","5","3","4","4","5","5","0","0","1","2","-2","1","1","2","5","4","5","4","2","1","2","3","4","3","4","6","4","8","3","7","6","5","7","5","5","3","3","6","2","5","2","5","5","1","2","2","5","1","1","5","5","4","6","3","1","2","2","1","1","2","6","2","1","7","1","1","1","1","1","2","1","7","1","3","799230569765543938","仲","102","Female","[""坏我"",""好我"",""好她"",""坏她""]","[""弱我"",""强我"",""强她"",""弱她""]","","","","","","","","","","","","","","","","","","feedback_test","","","","","","","","","","","","","","","","","","","","",""
"null","","null","psychophysics","670","1351710","0.0-10.0-1.0-1.0-0.0-0.40","5","2","5","1","1","5","3","4","4","5","5","0","0","1","2","-2","1","1","2","5","4","5","4","2","1","2","3","4","3","4","6","4","8","3","7","6","5","7","5","5","3","3","6","2","5","2","5","5","1","2","2","5","1","1","5","5","4","6","3","1","2","2","1","1","2","6","2","1","7","1","1","1","1","1","2","1","7","1","3","799230569765543938","仲","102","Female","[""坏我"",""好我"",""好她"",""坏她""]","[""弱我"",""强我"",""强她"",""弱她""]","","","","","","","","null","","","","","","","","","prac_ALT2_ability","practice_ability","","key","null","16.665648854961475","683","380","","弱她","","","","j","false","","","nonmatch","","img/diamond.png","强她","",""
"null","<span class='add_' style='color:yellow; font-size: 70px;'> 太慢! </span>","null","html-keyboard-response","671","1352210","0.0-10.0-1.0-1.0-0.0-1.40","5","2","5","1","1","5","3","4","4","5","5","0","0","1","2","-2","1","1","2","5","4","5","4","2","1","2","3","4","3","4","6","4","8","3","7","6","5","7","5","5","3","3","6","2","5","2","5","5","1","2","2","5","1","1","5","5","4","6","3","1","2","2","1","1","2","6","2","1","7","1","1","1","1","1","2","1","7","1","3","799230569765543938","仲","102","Female","[""坏我"",""好我"",""好她"",""坏她""]","[""弱我"",""强我"",""强她"",""弱她""]","","","","","","","","","","","","","","","","","","feedback_test","","","","","","","","","","","","","","","","","","","","",""
"978","","f","psychophysics","672","1354194","0.0-10.0-1.0-1.0-0.0-0.41","5","2","5","1","1","5","3","4","4","5","5","0","0","1","2","-2","1","1","2","5","4","5","4","2","1","2","3","4","3","4","6","4","8","3","7","6","5","7","5","5","3","3","6","2","5","2","5","5","1","2","2","5","1","1","5","5","4","6","3","1","2","2","1","1","2","6","2","1","7","1","1","1","1","1","2","1","7","1","3","799230569765543938","仲","102","Female","[""坏我"",""好我"",""好她"",""坏她""]","[""弱我"",""强我"",""强她"",""弱她""]","","","","","","","","match","","","","","","","","","prac_ALT2_ability","practice_ability","","key","f","16.66610169491407","683","380","","弱她","","","","f","true","","","match","","img/circle.png","弱她","",""
"null","<span style='color:GreenYellow; font-size: 70px;'>正确! </span>","null","html-keyboard-response","673","1354698","0.0-10.0-1.0-1.0-0.0-1.41","5","2","5","1","1","5","3","4","4","5","5","0","0","1","2","-2","1","1","2","5","4","5","4","2","1","2","3","4","3","4","6","4","8","3","7","6","5","7","5","5","3","3","6","2","5","2","5","5","1","2","2","5","1","1","5","5","4","6","3","1","2","2","1","1","2","6","2","1","7","1","1","1","1","1","2","1","7","1","3","799230569765543938","仲","102","Female","[""坏我"",""好我"",""好她"",""坏她""]","[""弱我"",""强我"",""强她"",""弱她""]","","","","","","","","","","","","","","","","","","feedback_test","","","","","","","","","","","","","","","","","","","","",""
"677","","f","psychophysics","674","1356382","0.0-10.0-1.0-1.0-0.0-0.42","5","2","5","1","1","5","3","4","4","5","5","0","0","1","2","-2","1","1","2","5","4","5","4","2","1","2","3","4","3","4","6","4","8","3","7","6","5","7","5","5","3","3","6","2","5","2","5","5","1","2","2","5","1","1","5","5","4","6","3","1","2","2","1","1","2","6","2","1","7","1","1","1","1","1","2","1","7","1","3","799230569765543938","仲","102","Female","[""坏我"",""好我"",""好她"",""坏她""]","[""弱我"",""强我"",""强她"",""弱她""]","","","","","","","","match","","","","","","","","","prac_ALT2_ability","practice_ability","","key","f","16.66600000000093","683","380","","强我","","","","f","true","","","match","","img/pentagon.png","强我","",""
"null","<span style='color:GreenYellow; font-size: 70px;'>正确! </span>","null","html-keyboard-response","675","1356889","0.0-10.0-1.0-1.0-0.0-1.42","5","2","5","1","1","5","3","4","4","5","5","0","0","1","2","-2","1","1","2","5","4","5","4","2","1","2","3","4","3","4","6","4","8","3","7","6","5","7","5","5","3","3","6","2","5","2","5","5","1","2","2","5","1","1","5","5","4","6","3","1","2","2","1","1","2","6","2","1","7","1","1","1","1","1","2","1","7","1","3","799230569765543938","仲","102","Female","[""坏我"",""好我"",""好她"",""坏她""]","[""弱我"",""强我"",""强她"",""弱她""]","","","","","","","","","","","","","","","","","","feedback_test","","","","","","","","","","","","","","","","","","","","",""
"928","","j","psychophysics","676","1358820","0.0-10.0-1.0-1.0-0.0-0.43","5","2","5","1","1","5","3","4","4","5","5","0","0","1","2","-2","1","1","2","5","4","5","4","2","1","2","3","4","3","4","6","4","8","3","7","6","5","7","5","5","3","3","6","2","5","2","5","5","1","2","2","5","1","1","5","5","4","6","3","1","2","2","1","1","2","6","2","1","7","1","1","1","1","1","2","1","7","1","3","799230569765543938","仲","102","Female","[""坏我"",""好我"",""好她"",""坏她""]","[""弱我"",""强我"",""强她"",""弱她""]","","","","","","","","nonmatch","","","","","","","","","prac_ALT2_ability","practice_ability","","key","j","16.610526315790292","683","380","","弱我","","","","j","true","","","nonmatch","","img/pentagon.png","强我","",""
"null","<span style='color:GreenYellow; font-size: 70px;'>正确! </span>","null","html-keyboard-response","677","1359326","0.0-10.0-1.0-1.0-0.0-1.43","5","2","5","1","1","5","3","4","4","5","5","0","0","1","2","-2","1","1","2","5","4","5","4","2","1","2","3","4","3","4","6","4","8","3","7","6","5","7","5","5","3","3","6","2","5","2","5","5","1","2","2","5","1","1","5","5","4","6","3","1","2","2","1","1","2","6","2","1","7","1","1","1","1","1","2","1","7","1","3","799230569765543938","仲","102","Female","[""坏我"",""好我"",""好她"",""坏她""]","[""弱我"",""强我"",""强她"",""弱她""]","","","","","","","","","","","","","","","","","","feedback_test","","","","","","","","","","","","","","","","","","","","",""
"944","","j","psychophysics","678","1361277","0.0-10.0-1.0-1.0-0.0-0.44","5","2","5","1","1","5","3","4","4","5","5","0","0","1","2","-2","1","1","2","5","4","5","4","2","1","2","3","4","3","4","6","4","8","3","7","6","5","7","5","5","3","3","6","2","5","2","5","5","1","2","2","5","1","1","5","5","4","6","3","1","2","2","1","1","2","6","2","1","7","1","1","1","1","1","2","1","7","1","3","799230569765543938","仲","102","Female","[""坏我"",""好我"",""好她"",""坏她""]","[""弱我"",""强我"",""强她"",""弱她""]","","","","","","","","nonmatch","","","","","","","","","prac_ALT2_ability","practice_ability","","key","j","16.666379310345228","683","380","","弱她","","","","f","false","","","match","","img/circle.png","弱她","",""
"null","<span style='color:red; font-size: 70px;'>错误! </span>","null","html-keyboard-response","679","1361783","0.0-10.0-1.0-1.0-0.0-1.44","5","2","5","1","1","5","3","4","4","5","5","0","0","1","2","-2","1","1","2","5","4","5","4","2","1","2","3","4","3","4","6","4","8","3","7","6","5","7","5","5","3","3","6","2","5","2","5","5","1","2","2","5","1","1","5","5","4","6","3","1","2","2","1","1","2","6","2","1","7","1","1","1","1","1","2","1","7","1","3","799230569765543938","仲","102","Female","[""坏我"",""好我"",""好她"",""坏她""]","[""弱我"",""强我"",""强她"",""弱她""]","","","","","","","","","","","","","","","","","","feedback_test","","","","","","","","","","","","","","","","","","","","",""
"658","","f","psychophysics","680","1363447","0.0-10.0-1.0-1.0-0.0-0.45","5","2","5","1","1","5","3","4","4","5","5","0","0","1","2","-2","1","1","2","5","4","5","4","2","1","2","3","4","3","4","6","4","8","3","7","6","5","7","5","5","3","3","6","2","5","2","5","5","1","2","2","5","1","1","5","5","4","6","3","1","2","2","1","1","2","6","2","1","7","1","1","1","1","1","2","1","7","1","3","799230569765543938","仲","102","Female","[""坏我"",""好我"",""好她"",""坏她""]","[""弱我"",""强我"",""强她"",""弱她""]","","","","","","","","match","","","","","","","","","prac_ALT2_ability","practice_ability","","key","f","16.665656565655624","683","380","","强我","","","","j","false","","","nonmatch","","img/diamond.png","强她","",""
"null","<span style='color:red; font-size: 70px;'>错误! </span>","null","html-keyboard-response","681","1363950","0.0-10.0-1.0-1.0-0.0-1.45","5","2","5","1","1","5","3","4","4","5","5","0","0","1","2","-2","1","1","2","5","4","5","4","2","1","2","3","4","3","4","6","4","8","3","7","6","5","7","5","5","3","3","6","2","5","2","5","5","1","2","2","5","1","1","5","5","4","6","3","1","2","2","1","1","2","6","2","1","7","1","1","1","1","1","2","1","7","1","3","799230569765543938","仲","102","Female","[""坏我"",""好我"",""好她"",""坏她""]","[""弱我"",""强我"",""强她"",""弱她""]","","","","","","","","","","","","","","","","","","feedback_test","","","","","","","","","","","","","","","","","","","","",""
"954","","j","psychophysics","682","1365911","0.0-10.0-1.0-1.0-0.0-0.46","5","2","5","1","1","5","3","4","4","5","5","0","0","1","2","-2","1","1","2","5","4","5","4","2","1","2","3","4","3","4","6","4","8","3","7","6","5","7","5","5","3","3","6","2","5","2","5","5","1","2","2","5","1","1","5","5","4","6","3","1","2","2","1","1","2","6","2","1","7","1","1","1","1","1","2","1","7","1","3","799230569765543938","仲","102","Female","[""坏我"",""好我"",""好她"",""坏她""]","[""弱我"",""强我"",""强她"",""弱她""]","","","","","","","","nonmatch","","","","","","","","","prac_ALT2_ability","practice_ability","","key","j","16.66581196581117","683","380","","强我","","","","j","true","","","nonmatch","","img/trapezoid.png","弱我","",""
"null","<span style='color:GreenYellow; font-size: 70px;'>正确! </span>","null","html-keyboard-response","683","1366413","0.0-10.0-1.0-1.0-0.0-1.46","5","2","5","1","1","5","3","4","4","5","5","0","0","1","2","-2","1","1","2","5","4","5","4","2","1","2","3","4","3","4","6","4","8","3","7","6","5","7","5","5","3","3","6","2","5","2","5","5","1","2","2","5","1","1","5","5","4","6","3","1","2","2","1","1","2","6","2","1","7","1","1","1","1","1","2","1","7","1","3","799230569765543938","仲","102","Female","[""坏我"",""好我"",""好她"",""坏她""]","[""弱我"",""强我"",""强她"",""弱她""]","","","","","","","","","","","","","","","","","","feedback_test","","","","","","","","","","","","","","","","","","","","",""
"841","","f","psychophysics","684","1368258","0.0-10.0-1.0-1.0-0.0-0.47","5","2","5","1","1","5","3","4","4","5","5","0","0","1","2","-2","1","1","2","5","4","5","4","2","1","2","3","4","3","4","6","4","8","3","7","6","5","7","5","5","3","3","6","2","5","2","5","5","1","2","2","5","1","1","5","5","4","6","3","1","2","2","1","1","2","6","2","1","7","1","1","1","1","1","2","1","7","1","3","799230569765543938","仲","102","Female","[""坏我"",""好我"",""好她"",""坏她""]","[""弱我"",""强我"",""强她"",""弱她""]","","","","","","","","match","","","","","","","","","prac_ALT2_ability","practice_ability","","key","f","16.666055045870277","683","380","","弱我","","","","f","true","","","match","","img/trapezoid.png","弱我","",""
"null","<span style='color:GreenYellow; font-size: 70px;'>正确! </span>","null","html-keyboard-response","685","1368762","0.0-10.0-1.0-1.0-0.0-1.47","5","2","5","1","1","5","3","4","4","5","5","0","0","1","2","-2","1","1","2","5","4","5","4","2","1","2","3","4","3","4","6","4","8","3","7","6","5","7","5","5","3","3","6","2","5","2","5","5","1","2","2","5","1","1","5","5","4","6","3","1","2","2","1","1","2","6","2","1","7","1","1","1","1","1","2","1","7","1","3","799230569765543938","仲","102","Female","[""坏我"",""好我"",""好她"",""坏她""]","[""弱我"",""强我"",""强她"",""弱她""]","","","","","","","","","","","","","","","","","","feedback_test","","","","","","","","","","","","","","","","","","","","",""
"11014","<style>.context{color:white; font-size: 35px; line-height:40px}</style>                          <div><p class='context'>您正确回答了81% 的试次。</p><p class='context'>您的平均反应时为851毫秒。</p><p class='context'>恭喜您完成练习。按空格键进入正式实验。</p><p class='footer' style='color:white;font-size: 35px; line-height:40px;'>请在进入正式实验实验之前将您的<span style='color: lightgreen;'>食指</span>放在电脑键盘的相应键位上进行按键。</p>"," ","html-keyboard-response","686","1379783","0.0-10.0-1.0-2.0","5","2","5","1","1","5","3","4","4","5","5","0","0","1","2","-2","1","1","2","5","4","5","4","2","1","2","3","4","3","4","6","4","8","3","7","6","5","7","5","5","3","3","6","2","5","2","5","5","1","2","2","5","1","1","5","5","4","6","3","1","2","2","1","1","2","6","2","1","7","1","1","1","1","1","2","1","7","1","3","799230569765543938","仲","102","Female","[""坏我"",""好我"",""好她"",""坏她""]","[""弱我"",""强我"",""强她"",""弱她""]","","","","","","","","","","","","","","","","","","","","","","","","","","","","","","","","","","","","","","",""
"2833","
  <p style='color: white; font-size: 22px'>请您将手指放在按键上，准备进入正式的匹配任务。</p>
  <p> <div style = ""color: green""><按空格键进入下一阶段的匹配任务></div></p>
  "," ","html-keyboard-response","687","1382624","0.0-10.0-1.0-3.0","5","2","5","1","1","5","3","4","4","5","5","0","0","1","2","-2","1","1","2","5","4","5","4","2","1","2","3","4","3","4","6","4","8","3","7","6","5","7","5","5","3","3","6","2","5","2","5","5","1","2","2","5","1","1","5","5","4","6","3","1","2","2","1","1","2","6","2","1","7","1","1","1","1","1","2","1","7","1","3","799230569765543938","仲","102","Female","[""坏我"",""好我"",""好她"",""坏她""]","[""弱我"",""强我"",""强她"",""弱她""]","","","","","","","","","","","","","","","","","","","","","","","","","","","","","","","","","","","","","","",""
"667","","f","psychophysics","688","1384297","0.0-10.0-1.0-4.0-0.0-0.0","5","2","5","1","1","5","3","4","4","5","5","0","0","1","2","-2","1","1","2","5","4","5","4","2","1","2","3","4","3","4","6","4","8","3","7","6","5","7","5","5","3","3","6","2","5","2","5","5","1","2","2","5","1","1","5","5","4","6","3","1","2","2","1","1","2","6","2","1","7","1","1","1","1","1","2","1","7","1","3","799230569765543938","仲","102","Female","[""坏我"",""好我"",""好她"",""坏她""]","[""弱我"",""强我"",""强她"",""弱她""]","","","","","","","","match","","","","","","","","","ALT2","ability","","key","f","16.664646464644584","683","380","","弱她","","","","f","true","","","match","","img/circle.png","弱她","",""
"null","<span style='color:GreenYellow; font-size: 70px;'>正确! </span>","null","html-keyboard-response","689","1384804","0.0-10.0-1.0-4.0-0.0-1.0","5","2","5","1","1","5","3","4","4","5","5","0","0","1","2","-2","1","1","2","5","4","5","4","2","1","2","3","4","3","4","6","4","8","3","7","6","5","7","5","5","3","3","6","2","5","2","5","5","1","2","2","5","1","1","5","5","4","6","3","1","2","2","1","1","2","6","2","1","7","1","1","1","1","1","2","1","7","1","3","799230569765543938","仲","102","Female","[""坏我"",""好我"",""好她"",""坏她""]","[""弱我"",""强我"",""强她"",""弱她""]","","","","","","","","","","","","","","","","","","feedback_test","","","","","","","","","","","","","","","","","","","","",""
"744","","f","psychophysics","690","1386549","0.0-10.0-1.0-4.0-0.0-0.1","5","2","5","1","1","5","3","4","4","5","5","0","0","1","2","-2","1","1","2","5","4","5","4","2","1","2","3","4","3","4","6","4","8","3","7","6","5","7","5","5","3","3","6","2","5","2","5","5","1","2","2","5","1","1","5","5","4","6","3","1","2","2","1","1","2","6","2","1","7","1","1","1","1","1","2","1","7","1","3","799230569765543938","仲","102","Female","[""坏我"",""好我"",""好她"",""坏她""]","[""弱我"",""强我"",""强她"",""弱她""]","","","","","","","","match","","","","","","","","","ALT2","ability","","key","f","16.60485436893249","683","380","","弱我","","","","f","true","","","match","","img/trapezoid.png","弱我","",""
"null","<span style='color:GreenYellow; font-size: 70px;'>正确! </span>","null","html-keyboard-response","691","1387053","0.0-10.0-1.0-4.0-0.0-1.1","5","2","5","1","1","5","3","4","4","5","5","0","0","1","2","-2","1","1","2","5","4","5","4","2","1","2","3","4","3","4","6","4","8","3","7","6","5","7","5","5","3","3","6","2","5","2","5","5","1","2","2","5","1","1","5","5","4","6","3","1","2","2","1","1","2","6","2","1","7","1","1","1","1","1","2","1","7","1","3","799230569765543938","仲","102","Female","[""坏我"",""好我"",""好她"",""坏她""]","[""弱我"",""强我"",""强她"",""弱她""]","","","","","","","","","","","","","","","","","","feedback_test","","","","","","","","","","","","","","","","","","","","",""
"712","","f","psychophysics","692","1388768","0.0-10.0-1.0-4.0-0.0-0.2","5","2","5","1","1","5","3","4","4","5","5","0","0","1","2","-2","1","1","2","5","4","5","4","2","1","2","3","4","3","4","6","4","8","3","7","6","5","7","5","5","3","3","6","2","5","2","5","5","1","2","2","5","1","1","5","5","4","6","3","1","2","2","1","1","2","6","2","1","7","1","1","1","1","1","2","1","7","1","3","799230569765543938","仲","102","Female","[""坏我"",""好我"",""好她"",""坏她""]","[""弱我"",""强我"",""强她"",""弱她""]","","","","","","","","match","","","","","","","","","ALT2","ability","","key","f","16.666666666666668","683","380","","强我","","","","f","true","","","match","","img/pentagon.png","强我","",""
"null","<span style='color:GreenYellow; font-size: 70px;'>正确! </span>","null","html-keyboard-response","693","1389275","0.0-10.0-1.0-4.0-0.0-1.2","5","2","5","1","1","5","3","4","4","5","5","0","0","1","2","-2","1","1","2","5","4","5","4","2","1","2","3","4","3","4","6","4","8","3","7","6","5","7","5","5","3","3","6","2","5","2","5","5","1","2","2","5","1","1","5","5","4","6","3","1","2","2","1","1","2","6","2","1","7","1","1","1","1","1","2","1","7","1","3","799230569765543938","仲","102","Female","[""坏我"",""好我"",""好她"",""坏她""]","[""弱我"",""强我"",""强她"",""弱她""]","","","","","","","","","","","","","","","","","","feedback_test","","","","","","","","","","","","","","","","","","","","",""
"768","","f","psychophysics","694","1391050","0.0-10.0-1.0-4.0-0.0-0.3","5","2","5","1","1","5","3","4","4","5","5","0","0","1","2","-2","1","1","2","5","4","5","4","2","1","2","3","4","3","4","6","4","8","3","7","6","5","7","5","5","3","3","6","2","5","2","5","5","1","2","2","5","1","1","5","5","4","6","3","1","2","2","1","1","2","6","2","1","7","1","1","1","1","1","2","1","7","1","3","799230569765543938","仲","102","Female","[""坏我"",""好我"",""好她"",""坏她""]","[""弱我"",""强我"",""强她"",""弱她""]","","","","","","","","match","","","","","","","","","ALT2","ability","","key","f","16.664761904762347","683","380","","弱她","","","","j","false","","","nonmatch","","img/trapezoid.png","弱我","",""
"null","<span style='color:red; font-size: 70px;'>错误! </span>","null","html-keyboard-response","695","1391559","0.0-10.0-1.0-4.0-0.0-1.3","5","2","5","1","1","5","3","4","4","5","5","0","0","1","2","-2","1","1","2","5","4","5","4","2","1","2","3","4","3","4","6","4","8","3","7","6","5","7","5","5","3","3","6","2","5","2","5","5","1","2","2","5","1","1","5","5","4","6","3","1","2","2","1","1","2","6","2","1","7","1","1","1","1","1","2","1","7","1","3","799230569765543938","仲","102","Female","[""坏我"",""好我"",""好她"",""坏她""]","[""弱我"",""强我"",""强她"",""弱她""]","","","","","","","","","","","","","","","","","","feedback_test","","","","","","","","","","","","","","","","","","","","",""
"754","","f","psychophysics","696","1393318","0.0-10.0-1.0-4.0-0.0-0.4","5","2","5","1","1","5","3","4","4","5","5","0","0","1","2","-2","1","1","2","5","4","5","4","2","1","2","3","4","3","4","6","4","8","3","7","6","5","7","5","5","3","3","6","2","5","2","5","5","1","2","2","5","1","1","5","5","4","6","3","1","2","2","1","1","2","6","2","1","7","1","1","1","1","1","2","1","7","1","3","799230569765543938","仲","102","Female","[""坏我"",""好我"",""好她"",""坏她""]","[""弱我"",""强我"",""强她"",""弱她""]","","","","","","","","match","","","","","","","","","ALT2","ability","","key","f","16.66504854368932","683","380","","强我","","","","f","true","","","match","","img/pentagon.png","强我","",""
"null","<span style='color:GreenYellow; font-size: 70px;'>正确! </span>","null","html-keyboard-response","697","1393820","0.0-10.0-1.0-4.0-0.0-1.4","5","2","5","1","1","5","3","4","4","5","5","0","0","1","2","-2","1","1","2","5","4","5","4","2","1","2","3","4","3","4","6","4","8","3","7","6","5","7","5","5","3","3","6","2","5","2","5","5","1","2","2","5","1","1","5","5","4","6","3","1","2","2","1","1","2","6","2","1","7","1","1","1","1","1","2","1","7","1","3","799230569765543938","仲","102","Female","[""坏我"",""好我"",""好她"",""坏她""]","[""弱我"",""强我"",""强她"",""弱她""]","","","","","","","","","","","","","","","","","","feedback_test","","","","","","","","","","","","","","","","","","","","",""
"680","","f","psychophysics","698","1395501","0.0-10.0-1.0-4.0-0.0-0.5","5","2","5","1","1","5","3","4","4","5","5","0","0","1","2","-2","1","1","2","5","4","5","4","2","1","2","3","4","3","4","6","4","8","3","7","6","5","7","5","5","3","3","6","2","5","2","5","5","1","2","2","5","1","1","5","5","4","6","3","1","2","2","1","1","2","6","2","1","7","1","1","1","1","1","2","1","7","1","3","799230569765543938","仲","102","Female","[""坏我"",""好我"",""好她"",""坏她""]","[""弱我"",""强我"",""强她"",""弱她""]","","","","","","","","match","","","","","","","","","ALT2","ability","","key","f","16.665656565657976","683","380","","弱我","","","","f","true","","","match","","img/trapezoid.png","弱我","",""
"null","<span style='color:GreenYellow; font-size: 70px;'>正确! </span>","null","html-keyboard-response","699","1396008","0.0-10.0-1.0-4.0-0.0-1.5","5","2","5","1","1","5","3","4","4","5","5","0","0","1","2","-2","1","1","2","5","4","5","4","2","1","2","3","4","3","4","6","4","8","3","7","6","5","7","5","5","3","3","6","2","5","2","5","5","1","2","2","5","1","1","5","5","4","6","3","1","2","2","1","1","2","6","2","1","7","1","1","1","1","1","2","1","7","1","3","799230569765543938","仲","102","Female","[""坏我"",""好我"",""好她"",""坏她""]","[""弱我"",""强我"",""强她"",""弱她""]","","","","","","","","","","","","","","","","","","feedback_test","","","","","","","","","","","","","","","","","","","","",""
"754","","f","psychophysics","700","1397768","0.0-10.0-1.0-4.0-0.0-0.6","5","2","5","1","1","5","3","4","4","5","5","0","0","1","2","-2","1","1","2","5","4","5","4","2","1","2","3","4","3","4","6","4","8","3","7","6","5","7","5","5","3","3","6","2","5","2","5","5","1","2","2","5","1","1","5","5","4","6","3","1","2","2","1","1","2","6","2","1","7","1","1","1","1","1","2","1","7","1","3","799230569765543938","仲","102","Female","[""坏我"",""好我"",""好她"",""坏她""]","[""弱我"",""强我"",""强她"",""弱她""]","","","","","","","","match","","","","","","","","","ALT2","ability","","key","f","16.667307692306796","683","380","","弱她","","","","f","true","","","match","","img/circle.png","弱她","",""
"null","<span style='color:GreenYellow; font-size: 70px;'>正确! </span>","null","html-keyboard-response","701","1398276","0.0-10.0-1.0-4.0-0.0-1.6","5","2","5","1","1","5","3","4","4","5","5","0","0","1","2","-2","1","1","2","5","4","5","4","2","1","2","3","4","3","4","6","4","8","3","7","6","5","7","5","5","3","3","6","2","5","2","5","5","1","2","2","5","1","1","5","5","4","6","3","1","2","2","1","1","2","6","2","1","7","1","1","1","1","1","2","1","7","1","3","799230569765543938","仲","102","Female","[""坏我"",""好我"",""好她"",""坏她""]","[""弱我"",""强我"",""强她"",""弱她""]","","","","","","","","","","","","","","","","","","feedback_test","","","","","","","","","","","","","","","","","","","","",""
"752","","j","psychophysics","702","1400036","0.0-10.0-1.0-4.0-0.0-0.7","5","2","5","1","1","5","3","4","4","5","5","0","0","1","2","-2","1","1","2","5","4","5","4","2","1","2","3","4","3","4","6","4","8","3","7","6","5","7","5","5","3","3","6","2","5","2","5","5","1","2","2","5","1","1","5","5","4","6","3","1","2","2","1","1","2","6","2","1","7","1","1","1","1","1","2","1","7","1","3","799230569765543938","仲","102","Female","[""坏我"",""好我"",""好她"",""坏她""]","[""弱我"",""强我"",""强她"",""弱她""]","","","","","","","","nonmatch","","","","","","","","","ALT2","ability","","key","j","16.665384615384166","683","380","","弱我","","","","j","true","","","nonmatch","","img/circle.png","弱她","",""
"null","<span style='color:GreenYellow; font-size: 70px;'>正确! </span>","null","html-keyboard-response","703","1400538","0.0-10.0-1.0-4.0-0.0-1.7","5","2","5","1","1","5","3","4","4","5","5","0","0","1","2","-2","1","1","2","5","4","5","4","2","1","2","3","4","3","4","6","4","8","3","7","6","5","7","5","5","3","3","6","2","5","2","5","5","1","2","2","5","1","1","5","5","4","6","3","1","2","2","1","1","2","6","2","1","7","1","1","1","1","1","2","1","7","1","3","799230569765543938","仲","102","Female","[""坏我"",""好我"",""好她"",""坏她""]","[""弱我"",""强我"",""强她"",""弱她""]","","","","","","","","","","","","","","","","","","feedback_test","","","","","","","","","","","","","","","","","","","","",""
"707","","f","psychophysics","704","1402255","0.0-10.0-1.0-4.0-0.0-0.8","5","2","5","1","1","5","3","4","4","5","5","0","0","1","2","-2","1","1","2","5","4","5","4","2","1","2","3","4","3","4","6","4","8","3","7","6","5","7","5","5","3","3","6","2","5","2","5","5","1","2","2","5","1","1","5","5","4","6","3","1","2","2","1","1","2","6","2","1","7","1","1","1","1","1","2","1","7","1","3","799230569765543938","仲","102","Female","[""坏我"",""好我"",""好她"",""坏她""]","[""弱我"",""强我"",""强她"",""弱她""]","","","","","","","","match","","","","","","","","","ALT2","ability","","key","f","16.665346534653004","683","380","","强她","","","","f","true","","","match","","img/diamond.png","强她","",""
"null","<span style='color:GreenYellow; font-size: 70px;'>正确! </span>","null","html-keyboard-response","705","1402761","0.0-10.0-1.0-4.0-0.0-1.8","5","2","5","1","1","5","3","4","4","5","5","0","0","1","2","-2","1","1","2","5","4","5","4","2","1","2","3","4","3","4","6","4","8","3","7","6","5","7","5","5","3","3","6","2","5","2","5","5","1","2","2","5","1","1","5","5","4","6","3","1","2","2","1","1","2","6","2","1","7","1","1","1","1","1","2","1","7","1","3","799230569765543938","仲","102","Female","[""坏我"",""好我"",""好她"",""坏她""]","[""弱我"",""强我"",""强她"",""弱她""]","","","","","","","","","","","","","","","","","","feedback_test","","","","","","","","","","","","","","","","","","","","",""
"832","","j","psychophysics","706","1404602","0.0-10.0-1.0-4.0-0.0-0.9","5","2","5","1","1","5","3","4","4","5","5","0","0","1","2","-2","1","1","2","5","4","5","4","2","1","2","3","4","3","4","6","4","8","3","7","6","5","7","5","5","3","3","6","2","5","2","5","5","1","2","2","5","1","1","5","5","4","6","3","1","2","2","1","1","2","6","2","1","7","1","1","1","1","1","2","1","7","1","3","799230569765543938","仲","102","Female","[""坏我"",""好我"",""好她"",""坏她""]","[""弱我"",""强我"",""强她"",""弱她""]","","","","","","","","nonmatch","","","","","","","","","ALT2","ability","","key","j","16.665137614678898","683","380","","强她","","","","j","true","","","nonmatch","","img/pentagon.png","强我","",""
"null","<span style='color:GreenYellow; font-size: 70px;'>正确! </span>","null","html-keyboard-response","707","1405108","0.0-10.0-1.0-4.0-0.0-1.9","5","2","5","1","1","5","3","4","4","5","5","0","0","1","2","-2","1","1","2","5","4","5","4","2","1","2","3","4","3","4","6","4","8","3","7","6","5","7","5","5","3","3","6","2","5","2","5","5","1","2","2","5","1","1","5","5","4","6","3","1","2","2","1","1","2","6","2","1","7","1","1","1","1","1","2","1","7","1","3","799230569765543938","仲","102","Female","[""坏我"",""好我"",""好她"",""坏她""]","[""弱我"",""强我"",""强她"",""弱她""]","","","","","","","","","","","","","","","","","","feedback_test","","","","","","","","","","","","","","","","","","","","",""
"801","","j","psychophysics","708","1406917","0.0-10.0-1.0-4.0-0.0-0.10","5","2","5","1","1","5","3","4","4","5","5","0","0","1","2","-2","1","1","2","5","4","5","4","2","1","2","3","4","3","4","6","4","8","3","7","6","5","7","5","5","3","3","6","2","5","2","5","5","1","2","2","5","1","1","5","5","4","6","3","1","2","2","1","1","2","6","2","1","7","1","1","1","1","1","2","1","7","1","3","799230569765543938","仲","102","Female","[""坏我"",""好我"",""好她"",""坏她""]","[""弱我"",""强我"",""强她"",""弱她""]","","","","","","","","nonmatch","","","","","","","","","ALT2","ability","","key","j","16.66542056074723","683","380","","弱我","","","","j","true","","","nonmatch","","img/pentagon.png","强我","",""
"null","<span style='color:GreenYellow; font-size: 70px;'>正确! </span>","null","html-keyboard-response","709","1407419","0.0-10.0-1.0-4.0-0.0-1.10","5","2","5","1","1","5","3","4","4","5","5","0","0","1","2","-2","1","1","2","5","4","5","4","2","1","2","3","4","3","4","6","4","8","3","7","6","5","7","5","5","3","3","6","2","5","2","5","5","1","2","2","5","1","1","5","5","4","6","3","1","2","2","1","1","2","6","2","1","7","1","1","1","1","1","2","1","7","1","3","799230569765543938","仲","102","Female","[""坏我"",""好我"",""好她"",""坏她""]","[""弱我"",""强我"",""强她"",""弱她""]","","","","","","","","","","","","","","","","","","feedback_test","","","","","","","","","","","","","","","","","","","","",""
"760","","j","psychophysics","710","1409181","0.0-10.0-1.0-4.0-0.0-0.11","5","2","5","1","1","5","3","4","4","5","5","0","0","1","2","-2","1","1","2","5","4","5","4","2","1","2","3","4","3","4","6","4","8","3","7","6","5","7","5","5","3","3","6","2","5","2","5","5","1","2","2","5","1","1","5","5","4","6","3","1","2","2","1","1","2","6","2","1","7","1","1","1","1","1","2","1","7","1","3","799230569765543938","仲","102","Female","[""坏我"",""好我"",""好她"",""坏她""]","[""弱我"",""强我"",""强她"",""弱她""]","","","","","","","","nonmatch","","","","","","","","","ALT2","ability","","key","j","16.665714285715616","683","380","","强她","","","","j","true","","","nonmatch","","img/trapezoid.png","弱我","",""
"null","<span style='color:GreenYellow; font-size: 70px;'>正确! </span>","null","html-keyboard-response","711","1409689","0.0-10.0-1.0-4.0-0.0-1.11","5","2","5","1","1","5","3","4","4","5","5","0","0","1","2","-2","1","1","2","5","4","5","4","2","1","2","3","4","3","4","6","4","8","3","7","6","5","7","5","5","3","3","6","2","5","2","5","5","1","2","2","5","1","1","5","5","4","6","3","1","2","2","1","1","2","6","2","1","7","1","1","1","1","1","2","1","7","1","3","799230569765543938","仲","102","Female","[""坏我"",""好我"",""好她"",""坏她""]","[""弱我"",""强我"",""强她"",""弱她""]","","","","","","","","","","","","","","","","","","feedback_test","","","","","","","","","","","","","","","","","","","","",""
"636","","j","psychophysics","712","1411333","0.0-10.0-1.0-4.0-0.0-0.12","5","2","5","1","1","5","3","4","4","5","5","0","0","1","2","-2","1","1","2","5","4","5","4","2","1","2","3","4","3","4","6","4","8","3","7","6","5","7","5","5","3","3","6","2","5","2","5","5","1","2","2","5","1","1","5","5","4","6","3","1","2","2","1","1","2","6","2","1","7","1","1","1","1","1","2","1","7","1","3","799230569765543938","仲","102","Female","[""坏我"",""好我"",""好她"",""坏她""]","[""弱我"",""强我"",""强她"",""弱她""]","","","","","","","","nonmatch","","","","","","","","","ALT2","ability","","key","j","16.664948453608247","683","380","","强我","","","","j","true","","","nonmatch","","img/trapezoid.png","弱我","",""
"null","<span style='color:GreenYellow; font-size: 70px;'>正确! </span>","null","html-keyboard-response","713","1411840","0.0-10.0-1.0-4.0-0.0-1.12","5","2","5","1","1","5","3","4","4","5","5","0","0","1","2","-2","1","1","2","5","4","5","4","2","1","2","3","4","3","4","6","4","8","3","7","6","5","7","5","5","3","3","6","2","5","2","5","5","1","2","2","5","1","1","5","5","4","6","3","1","2","2","1","1","2","6","2","1","7","1","1","1","1","1","2","1","7","1","3","799230569765543938","仲","102","Female","[""坏我"",""好我"",""好她"",""坏她""]","[""弱我"",""强我"",""强她"",""弱她""]","","","","","","","","","","","","","","","","","","feedback_test","","","","","","","","","","","","","","","","","","","","",""
"802","","f","psychophysics","714","1413648","0.0-10.0-1.0-4.0-0.0-0.13","5","2","5","1","1","5","3","4","4","5","5","0","0","1","2","-2","1","1","2","5","4","5","4","2","1","2","3","4","3","4","6","4","8","3","7","6","5","7","5","5","3","3","6","2","5","2","5","5","1","2","2","5","1","1","5","5","4","6","3","1","2","2","1","1","2","6","2","1","7","1","1","1","1","1","2","1","7","1","3","799230569765543938","仲","102","Female","[""坏我"",""好我"",""好她"",""坏她""]","[""弱我"",""强我"",""强她"",""弱她""]","","","","","","","","match","","","","","","","","","ALT2","ability","","key","f","16.665420560749403","683","380","","弱她","","","","f","true","","","match","","img/circle.png","弱她","",""
"null","<span style='color:GreenYellow; font-size: 70px;'>正确! </span>","null","html-keyboard-response","715","1414149","0.0-10.0-1.0-4.0-0.0-1.13","5","2","5","1","1","5","3","4","4","5","5","0","0","1","2","-2","1","1","2","5","4","5","4","2","1","2","3","4","3","4","6","4","8","3","7","6","5","7","5","5","3","3","6","2","5","2","5","5","1","2","2","5","1","1","5","5","4","6","3","1","2","2","1","1","2","6","2","1","7","1","1","1","1","1","2","1","7","1","3","799230569765543938","仲","102","Female","[""坏我"",""好我"",""好她"",""坏她""]","[""弱我"",""强我"",""强她"",""弱她""]","","","","","","","","","","","","","","","","","","feedback_test","","","","","","","","","","","","","","","","","","","","",""
"689","","f","psychophysics","716","1415840","0.0-10.0-1.0-4.0-0.0-0.14","5","2","5","1","1","5","3","4","4","5","5","0","0","1","2","-2","1","1","2","5","4","5","4","2","1","2","3","4","3","4","6","4","8","3","7","6","5","7","5","5","3","3","6","2","5","2","5","5","1","2","2","5","1","1","5","5","4","6","3","1","2","2","1","1","2","6","2","1","7","1","1","1","1","1","2","1","7","1","3","799230569765543938","仲","102","Female","[""坏我"",""好我"",""好她"",""坏她""]","[""弱我"",""强我"",""强她"",""弱她""]","","","","","","","","match","","","","","","","","","ALT2","ability","","key","f","16.665346534653004","683","380","","强我","","","","f","true","","","match","","img/pentagon.png","强我","",""
"null","<span style='color:GreenYellow; font-size: 70px;'>正确! </span>","null","html-keyboard-response","717","1416343","0.0-10.0-1.0-4.0-0.0-1.14","5","2","5","1","1","5","3","4","4","5","5","0","0","1","2","-2","1","1","2","5","4","5","4","2","1","2","3","4","3","4","6","4","8","3","7","6","5","7","5","5","3","3","6","2","5","2","5","5","1","2","2","5","1","1","5","5","4","6","3","1","2","2","1","1","2","6","2","1","7","1","1","1","1","1","2","1","7","1","3","799230569765543938","仲","102","Female","[""坏我"",""好我"",""好她"",""坏她""]","[""弱我"",""强我"",""强她"",""弱她""]","","","","","","","","","","","","","","","","","","feedback_test","","","","","","","","","","","","","","","","","","","","",""
"613","","j","psychophysics","718","1417960","0.0-10.0-1.0-4.0-0.0-0.15","5","2","5","1","1","5","3","4","4","5","5","0","0","1","2","-2","1","1","2","5","4","5","4","2","1","2","3","4","3","4","6","4","8","3","7","6","5","7","5","5","3","3","6","2","5","2","5","5","1","2","2","5","1","1","5","5","4","6","3","1","2","2","1","1","2","6","2","1","7","1","1","1","1","1","2","1","7","1","3","799230569765543938","仲","102","Female","[""坏我"",""好我"",""好她"",""坏她""]","[""弱我"",""强我"",""强她"",""弱她""]","","","","","","","","nonmatch","","","","","","","","","ALT2","ability","","key","j","16.66562499999903","683","380","","强她","","","","j","true","","","nonmatch","","img/circle.png","弱她","",""
"null","<span style='color:GreenYellow; font-size: 70px;'>正确! </span>","null","html-keyboard-response","719","1418462","0.0-10.0-1.0-4.0-0.0-1.15","5","2","5","1","1","5","3","4","4","5","5","0","0","1","2","-2","1","1","2","5","4","5","4","2","1","2","3","4","3","4","6","4","8","3","7","6","5","7","5","5","3","3","6","2","5","2","5","5","1","2","2","5","1","1","5","5","4","6","3","1","2","2","1","1","2","6","2","1","7","1","1","1","1","1","2","1","7","1","3","799230569765543938","仲","102","Female","[""坏我"",""好我"",""好她"",""坏她""]","[""弱我"",""强我"",""强她"",""弱她""]","","","","","","","","","","","","","","","","","","feedback_test","","","","","","","","","","","","","","","","","","","","",""
"590","","f","psychophysics","720","1420057","0.0-10.0-1.0-4.0-0.0-0.16","5","2","5","1","1","5","3","4","4","5","5","0","0","1","2","-2","1","1","2","5","4","5","4","2","1","2","3","4","3","4","6","4","8","3","7","6","5","7","5","5","3","3","6","2","5","2","5","5","1","2","2","5","1","1","5","5","4","6","3","1","2","2","1","1","2","6","2","1","7","1","1","1","1","1","2","1","7","1","3","799230569765543938","仲","102","Female","[""坏我"",""好我"",""好她"",""坏她""]","[""弱我"",""强我"",""强她"",""弱她""]","","","","","","","","match","","","","","","","","","ALT2","ability","","key","f","16.665591397848463","683","380","","强我","","","","j","false","","","nonmatch","","img/diamond.png","强她","",""
"null","<span style='color:red; font-size: 70px;'>错误! </span>","null","html-keyboard-response","721","1420563","0.0-10.0-1.0-4.0-0.0-1.16","5","2","5","1","1","5","3","4","4","5","5","0","0","1","2","-2","1","1","2","5","4","5","4","2","1","2","3","4","3","4","6","4","8","3","7","6","5","7","5","5","3","3","6","2","5","2","5","5","1","2","2","5","1","1","5","5","4","6","3","1","2","2","1","1","2","6","2","1","7","1","1","1","1","1","2","1","7","1","3","799230569765543938","仲","102","Female","[""坏我"",""好我"",""好她"",""坏她""]","[""弱我"",""强我"",""强她"",""弱她""]","","","","","","","","","","","","","","","","","","feedback_test","","","","","","","","","","","","","","","","","","","","",""
"681","","f","psychophysics","722","1422248","0.0-10.0-1.0-4.0-0.0-0.17","5","2","5","1","1","5","3","4","4","5","5","0","0","1","2","-2","1","1","2","5","4","5","4","2","1","2","3","4","3","4","6","4","8","3","7","6","5","7","5","5","3","3","6","2","5","2","5","5","1","2","2","5","1","1","5","5","4","6","3","1","2","2","1","1","2","6","2","1","7","1","1","1","1","1","2","1","7","1","3","799230569765543938","仲","102","Female","[""坏我"",""好我"",""好她"",""坏她""]","[""弱我"",""强我"",""强她"",""弱她""]","","","","","","","","match","","","","","","","","","ALT2","ability","","key","f","16.665306122448506","683","380","","弱我","","","","f","true","","","match","","img/trapezoid.png","弱我","",""
"null","<span style='color:GreenYellow; font-size: 70px;'>正确! </span>","null","html-keyboard-response","723","1422757","0.0-10.0-1.0-4.0-0.0-1.17","5","2","5","1","1","5","3","4","4","5","5","0","0","1","2","-2","1","1","2","5","4","5","4","2","1","2","3","4","3","4","6","4","8","3","7","6","5","7","5","5","3","3","6","2","5","2","5","5","1","2","2","5","1","1","5","5","4","6","3","1","2","2","1","1","2","6","2","1","7","1","1","1","1","1","2","1","7","1","3","799230569765543938","仲","102","Female","[""坏我"",""好我"",""好她"",""坏她""]","[""弱我"",""强我"",""强她"",""弱她""]","","","","","","","","","","","","","","","","","","feedback_test","","","","","","","","","","","","","","","","","","","","",""
"760","","j","psychophysics","724","1424520","0.0-10.0-1.0-4.0-0.0-0.18","5","2","5","1","1","5","3","4","4","5","5","0","0","1","2","-2","1","1","2","5","4","5","4","2","1","2","3","4","3","4","6","4","8","3","7","6","5","7","5","5","3","3","6","2","5","2","5","5","1","2","2","5","1","1","5","5","4","6","3","1","2","2","1","1","2","6","2","1","7","1","1","1","1","1","2","1","7","1","3","799230569765543938","仲","102","Female","[""坏我"",""好我"",""好她"",""坏她""]","[""弱我"",""强我"",""强她"",""弱她""]","","","","","","","","nonmatch","","","","","","","","","ALT2","ability","","key","j","16.826213592233913","683","380","","强我","","","","j","true","","","nonmatch","","img/circle.png","弱她","",""
"null","<span style='color:GreenYellow; font-size: 70px;'>正确! </span>","null","html-keyboard-response","725","1425027","0.0-10.0-1.0-4.0-0.0-1.18","5","2","5","1","1","5","3","4","4","5","5","0","0","1","2","-2","1","1","2","5","4","5","4","2","1","2","3","4","3","4","6","4","8","3","7","6","5","7","5","5","3","3","6","2","5","2","5","5","1","2","2","5","1","1","5","5","4","6","3","1","2","2","1","1","2","6","2","1","7","1","1","1","1","1","2","1","7","1","3","799230569765543938","仲","102","Female","[""坏我"",""好我"",""好她"",""坏她""]","[""弱我"",""强我"",""强她"",""弱她""]","","","","","","","","","","","","","","","","","","feedback_test","","","","","","","","","","","","","","","","","","","","",""
"732","","j","psychophysics","726","1426766","0.0-10.0-1.0-4.0-0.0-0.19","5","2","5","1","1","5","3","4","4","5","5","0","0","1","2","-2","1","1","2","5","4","5","4","2","1","2","3","4","3","4","6","4","8","3","7","6","5","7","5","5","3","3","6","2","5","2","5","5","1","2","2","5","1","1","5","5","4","6","3","1","2","2","1","1","2","6","2","1","7","1","1","1","1","1","2","1","7","1","3","799230569765543938","仲","102","Female","[""坏我"",""好我"",""好她"",""坏她""]","[""弱我"",""强我"",""强她"",""弱她""]","","","","","","","","nonmatch","","","","","","","","","ALT2","ability","","key","j","16.66504854368932","683","380","","弱她","","","","j","true","","","nonmatch","","img/pentagon.png","强我","",""
"null","<span style='color:GreenYellow; font-size: 70px;'>正确! </span>","null","html-keyboard-response","727","1427270","0.0-10.0-1.0-4.0-0.0-1.19","5","2","5","1","1","5","3","4","4","5","5","0","0","1","2","-2","1","1","2","5","4","5","4","2","1","2","3","4","3","4","6","4","8","3","7","6","5","7","5","5","3","3","6","2","5","2","5","5","1","2","2","5","1","1","5","5","4","6","3","1","2","2","1","1","2","6","2","1","7","1","1","1","1","1","2","1","7","1","3","799230569765543938","仲","102","Female","[""坏我"",""好我"",""好她"",""坏她""]","[""弱我"",""强我"",""强她"",""弱她""]","","","","","","","","","","","","","","","","","","feedback_test","","","","","","","","","","","","","","","","","","","","",""
"918","","j","psychophysics","728","1429197","0.0-10.0-1.0-4.0-0.0-0.20","5","2","5","1","1","5","3","4","4","5","5","0","0","1","2","-2","1","1","2","5","4","5","4","2","1","2","3","4","3","4","6","4","8","3","7","6","5","7","5","5","3","3","6","2","5","2","5","5","1","2","2","5","1","1","5","5","4","6","3","1","2","2","1","1","2","6","2","1","7","1","1","1","1","1","2","1","7","1","3","799230569765543938","仲","102","Female","[""坏我"",""好我"",""好她"",""坏她""]","[""弱我"",""强我"",""强她"",""弱她""]","","","","","","","","nonmatch","","","","","","","","","ALT2","ability","","key","j","16.665789473685436","683","380","","弱她","","","","j","true","","","nonmatch","","img/diamond.png","强她","",""
"null","<span style='color:GreenYellow; font-size: 70px;'>正确! </span>","null","html-keyboard-response","729","1429701","0.0-10.0-1.0-4.0-0.0-1.20","5","2","5","1","1","5","3","4","4","5","5","0","0","1","2","-2","1","1","2","5","4","5","4","2","1","2","3","4","3","4","6","4","8","3","7","6","5","7","5","5","3","3","6","2","5","2","5","5","1","2","2","5","1","1","5","5","4","6","3","1","2","2","1","1","2","6","2","1","7","1","1","1","1","1","2","1","7","1","3","799230569765543938","仲","102","Female","[""坏我"",""好我"",""好她"",""坏她""]","[""弱我"",""强我"",""强她"",""弱她""]","","","","","","","","","","","","","","","","","","feedback_test","","","","","","","","","","","","","","","","","","","","",""
"835","","f","psychophysics","730","1431540","0.0-10.0-1.0-4.0-0.0-0.21","5","2","5","1","1","5","3","4","4","5","5","0","0","1","2","-2","1","1","2","5","4","5","4","2","1","2","3","4","3","4","6","4","8","3","7","6","5","7","5","5","3","3","6","2","5","2","5","5","1","2","2","5","1","1","5","5","4","6","3","1","2","2","1","1","2","6","2","1","7","1","1","1","1","1","2","1","7","1","3","799230569765543938","仲","102","Female","[""坏我"",""好我"",""好她"",""坏她""]","[""弱我"",""强我"",""强她"",""弱她""]","","","","","","","","match","","","","","","","","","ALT2","ability","","key","f","16.66422018348752","683","380","","强她","","","","f","true","","","match","","img/diamond.png","强她","",""
"null","<span style='color:GreenYellow; font-size: 70px;'>正确! </span>","null","html-keyboard-response","731","1432046","0.0-10.0-1.0-4.0-0.0-1.21","5","2","5","1","1","5","3","4","4","5","5","0","0","1","2","-2","1","1","2","5","4","5","4","2","1","2","3","4","3","4","6","4","8","3","7","6","5","7","5","5","3","3","6","2","5","2","5","5","1","2","2","5","1","1","5","5","4","6","3","1","2","2","1","1","2","6","2","1","7","1","1","1","1","1","2","1","7","1","3","799230569765543938","仲","102","Female","[""坏我"",""好我"",""好她"",""坏她""]","[""弱我"",""强我"",""强她"",""弱她""]","","","","","","","","","","","","","","","","","","feedback_test","","","","","","","","","","","","","","","","","","","","",""
"802","","f","psychophysics","732","1433853","0.0-10.0-1.0-4.0-0.0-0.22","5","2","5","1","1","5","3","4","4","5","5","0","0","1","2","-2","1","1","2","5","4","5","4","2","1","2","3","4","3","4","6","4","8","3","7","6","5","7","5","5","3","3","6","2","5","2","5","5","1","2","2","5","1","1","5","5","4","6","3","1","2","2","1","1","2","6","2","1","7","1","1","1","1","1","2","1","7","1","3","799230569765543938","仲","102","Female","[""坏我"",""好我"",""好她"",""坏她""]","[""弱我"",""强我"",""强她"",""弱她""]","","","","","","","","match","","","","","","","","","ALT2","ability","","key","f","16.66542056074723","683","380","","强她","","","","f","true","","","match","","img/diamond.png","强她","",""
"null","<span style='color:GreenYellow; font-size: 70px;'>正确! </span>","null","html-keyboard-response","733","1434356","0.0-10.0-1.0-4.0-0.0-1.22","5","2","5","1","1","5","3","4","4","5","5","0","0","1","2","-2","1","1","2","5","4","5","4","2","1","2","3","4","3","4","6","4","8","3","7","6","5","7","5","5","3","3","6","2","5","2","5","5","1","2","2","5","1","1","5","5","4","6","3","1","2","2","1","1","2","6","2","1","7","1","1","1","1","1","2","1","7","1","3","799230569765543938","仲","102","Female","[""坏我"",""好我"",""好她"",""坏她""]","[""弱我"",""强我"",""强她"",""弱她""]","","","","","","","","","","","","","","","","","","feedback_test","","","","","","","","","","","","","","","","","","","","",""
"731","","j","psychophysics","734","1436092","0.0-10.0-1.0-4.0-0.0-0.23","5","2","5","1","1","5","3","4","4","5","5","0","0","1","2","-2","1","1","2","5","4","5","4","2","1","2","3","4","3","4","6","4","8","3","7","6","5","7","5","5","3","3","6","2","5","2","5","5","1","2","2","5","1","1","5","5","4","6","3","1","2","2","1","1","2","6","2","1","7","1","1","1","1","1","2","1","7","1","3","799230569765543938","仲","102","Female","[""坏我"",""好我"",""好她"",""坏她""]","[""弱我"",""强我"",""强她"",""弱她""]","","","","","","","","nonmatch","","","","","","","","","ALT2","ability","","key","j","16.666019417476633","683","380","","弱我","","","","j","true","","","nonmatch","","img/diamond.png","强她","",""
"null","<span style='color:GreenYellow; font-size: 70px;'>正确! </span>","null","html-keyboard-response","735","1436599","0.0-10.0-1.0-4.0-0.0-1.23","5","2","5","1","1","5","3","4","4","5","5","0","0","1","2","-2","1","1","2","5","4","5","4","2","1","2","3","4","3","4","6","4","8","3","7","6","5","7","5","5","3","3","6","2","5","2","5","5","1","2","2","5","1","1","5","5","4","6","3","1","2","2","1","1","2","6","2","1","7","1","1","1","1","1","2","1","7","1","3","799230569765543938","仲","102","Female","[""坏我"",""好我"",""好她"",""坏她""]","[""弱我"",""强我"",""强她"",""弱她""]","","","","","","","","","","","","","","","","","","feedback_test","","","","","","","","","","","","","","","","","","","","",""
"981","","f","psychophysics","736","1438591","0.0-10.0-1.0-4.0-0.0-0.24","5","2","5","1","1","5","3","4","4","5","5","0","0","1","2","-2","1","1","2","5","4","5","4","2","1","2","3","4","3","4","6","4","8","3","7","6","5","7","5","5","3","3","6","2","5","2","5","5","1","2","2","5","1","1","5","5","4","6","3","1","2","2","1","1","2","6","2","1","7","1","1","1","1","1","2","1","7","1","3","799230569765543938","仲","102","Female","[""坏我"",""好我"",""好她"",""坏她""]","[""弱我"",""强我"",""强她"",""弱她""]","","","","","","","","match","","","","","","","","","ALT2","ability","","key","f","16.608474576271583","683","380","","弱她","","","","f","true","","","match","","img/circle.png","弱她","",""
"null","<span style='color:GreenYellow; font-size: 70px;'>正确! </span>","null","html-keyboard-response","737","1439100","0.0-10.0-1.0-4.0-0.0-1.24","5","2","5","1","1","5","3","4","4","5","5","0","0","1","2","-2","1","1","2","5","4","5","4","2","1","2","3","4","3","4","6","4","8","3","7","6","5","7","5","5","3","3","6","2","5","2","5","5","1","2","2","5","1","1","5","5","4","6","3","1","2","2","1","1","2","6","2","1","7","1","1","1","1","1","2","1","7","1","3","799230569765543938","仲","102","Female","[""坏我"",""好我"",""好她"",""坏她""]","[""弱我"",""强我"",""强她"",""弱她""]","","","","","","","","","","","","","","","","","","feedback_test","","","","","","","","","","","","","","","","","","","","",""
"749","","f","psychophysics","738","1440859","0.0-10.0-1.0-4.0-0.0-0.25","5","2","5","1","1","5","3","4","4","5","5","0","0","1","2","-2","1","1","2","5","4","5","4","2","1","2","3","4","3","4","6","4","8","3","7","6","5","7","5","5","3","3","6","2","5","2","5","5","1","2","2","5","1","1","5","5","4","6","3","1","2","2","1","1","2","6","2","1","7","1","1","1","1","1","2","1","7","1","3","799230569765543938","仲","102","Female","[""坏我"",""好我"",""好她"",""坏她""]","[""弱我"",""强我"",""强她"",""弱她""]","","","","","","","","match","","","","","","","","","ALT2","ability","","key","f","16.66346153846154","683","380","","弱我","","","","f","true","","","match","","img/trapezoid.png","弱我","",""
"null","<span style='color:GreenYellow; font-size: 70px;'>正确! </span>","null","html-keyboard-response","739","1441361","0.0-10.0-1.0-4.0-0.0-1.25","5","2","5","1","1","5","3","4","4","5","5","0","0","1","2","-2","1","1","2","5","4","5","4","2","1","2","3","4","3","4","6","4","8","3","7","6","5","7","5","5","3","3","6","2","5","2","5","5","1","2","2","5","1","1","5","5","4","6","3","1","2","2","1","1","2","6","2","1","7","1","1","1","1","1","2","1","7","1","3","799230569765543938","仲","102","Female","[""坏我"",""好我"",""好她"",""坏她""]","[""弱我"",""强我"",""强她"",""弱她""]","","","","","","","","","","","","","","","","","","feedback_test","","","","","","","","","","","","","","","","","","","","",""
"730","","f","psychophysics","740","1443097","0.0-10.0-1.0-4.0-0.0-0.26","5","2","5","1","1","5","3","4","4","5","5","0","0","1","2","-2","1","1","2","5","4","5","4","2","1","2","3","4","3","4","6","4","8","3","7","6","5","7","5","5","3","3","6","2","5","2","5","5","1","2","2","5","1","1","5","5","4","6","3","1","2","2","1","1","2","6","2","1","7","1","1","1","1","1","2","1","7","1","3","799230569765543938","仲","102","Female","[""坏我"",""好我"",""好她"",""坏她""]","[""弱我"",""强我"",""强她"",""弱她""]","","","","","","","","match","","","","","","","","","ALT2","ability","","key","f","16.66504854368932","683","380","","强我","","","","f","true","","","match","","img/pentagon.png","强我","",""
"null","<span style='color:GreenYellow; font-size: 70px;'>正确! </span>","null","html-keyboard-response","741","1443604","0.0-10.0-1.0-4.0-0.0-1.26","5","2","5","1","1","5","3","4","4","5","5","0","0","1","2","-2","1","1","2","5","4","5","4","2","1","2","3","4","3","4","6","4","8","3","7","6","5","7","5","5","3","3","6","2","5","2","5","5","1","2","2","5","1","1","5","5","4","6","3","1","2","2","1","1","2","6","2","1","7","1","1","1","1","1","2","1","7","1","3","799230569765543938","仲","102","Female","[""坏我"",""好我"",""好她"",""坏她""]","[""弱我"",""强我"",""强她"",""弱她""]","","","","","","","","","","","","","","","","","","feedback_test","","","","","","","","","","","","","","","","","","","","",""
"759","","f","psychophysics","742","1445371","0.0-10.0-1.0-4.0-0.0-0.27","5","2","5","1","1","5","3","4","4","5","5","0","0","1","2","-2","1","1","2","5","4","5","4","2","1","2","3","4","3","4","6","4","8","3","7","6","5","7","5","5","3","3","6","2","5","2","5","5","1","2","2","5","1","1","5","5","4","6","3","1","2","2","1","1","2","6","2","1","7","1","1","1","1","1","2","1","7","1","3","799230569765543938","仲","102","Female","[""坏我"",""好我"",""好她"",""坏她""]","[""弱我"",""强我"",""强她"",""弱她""]","","","","","","","","match","","","","","","","","","ALT2","ability","","key","f","16.665384615386408","683","380","","强她","","","","f","true","","","match","","img/diamond.png","强她","",""
"null","<span style='color:GreenYellow; font-size: 70px;'>正确! </span>","null","html-keyboard-response","743","1445877","0.0-10.0-1.0-4.0-0.0-1.27","5","2","5","1","1","5","3","4","4","5","5","0","0","1","2","-2","1","1","2","5","4","5","4","2","1","2","3","4","3","4","6","4","8","3","7","6","5","7","5","5","3","3","6","2","5","2","5","5","1","2","2","5","1","1","5","5","4","6","3","1","2","2","1","1","2","6","2","1","7","1","1","1","1","1","2","1","7","1","3","799230569765543938","仲","102","Female","[""坏我"",""好我"",""好她"",""坏她""]","[""弱我"",""强我"",""强她"",""弱她""]","","","","","","","","","","","","","","","","","","feedback_test","","","","","","","","","","","","","","","","","","","","",""
"778","","j","psychophysics","744","1447661","0.0-10.0-1.0-4.0-0.0-0.28","5","2","5","1","1","5","3","4","4","5","5","0","0","1","2","-2","1","1","2","5","4","5","4","2","1","2","3","4","3","4","6","4","8","3","7","6","5","7","5","5","3","3","6","2","5","2","5","5","1","2","2","5","1","1","5","5","4","6","3","1","2","2","1","1","2","6","2","1","7","1","1","1","1","1","2","1","7","1","3","799230569765543938","仲","102","Female","[""坏我"",""好我"",""好她"",""坏她""]","[""弱我"",""强我"",""强她"",""弱她""]","","","","","","","","nonmatch","","","","","","","","","ALT2","ability","","key","j","16.66509433962264","683","380","","弱我","","","","j","true","","","nonmatch","","img/circle.png","弱她","",""
"null","<span style='color:GreenYellow; font-size: 70px;'>正确! </span>","null","html-keyboard-response","745","1448167","0.0-10.0-1.0-4.0-0.0-1.28","5","2","5","1","1","5","3","4","4","5","5","0","0","1","2","-2","1","1","2","5","4","5","4","2","1","2","3","4","3","4","6","4","8","3","7","6","5","7","5","5","3","3","6","2","5","2","5","5","1","2","2","5","1","1","5","5","4","6","3","1","2","2","1","1","2","6","2","1","7","1","1","1","1","1","2","1","7","1","3","799230569765543938","仲","102","Female","[""坏我"",""好我"",""好她"",""坏她""]","[""弱我"",""强我"",""强她"",""弱她""]","","","","","","","","","","","","","","","","","","feedback_test","","","","","","","","","","","","","","","","","","","","",""
"816","","j","psychophysics","746","1449986","0.0-10.0-1.0-4.0-0.0-0.29","5","2","5","1","1","5","3","4","4","5","5","0","0","1","2","-2","1","1","2","5","4","5","4","2","1","2","3","4","3","4","6","4","8","3","7","6","5","7","5","5","3","3","6","2","5","2","5","5","1","2","2","5","1","1","5","5","4","6","3","1","2","2","1","1","2","6","2","1","7","1","1","1","1","1","2","1","7","1","3","799230569765543938","仲","102","Female","[""坏我"",""好我"",""好她"",""坏她""]","[""弱我"",""强我"",""强她"",""弱她""]","","","","","","","","nonmatch","","","","","","","","","ALT2","ability","","key","j","16.665740740739878","683","380","","弱我","","","","j","true","","","nonmatch","","img/pentagon.png","强我","",""
"null","<span style='color:GreenYellow; font-size: 70px;'>正确! </span>","null","html-keyboard-response","747","1450490","0.0-10.0-1.0-4.0-0.0-1.29","5","2","5","1","1","5","3","4","4","5","5","0","0","1","2","-2","1","1","2","5","4","5","4","2","1","2","3","4","3","4","6","4","8","3","7","6","5","7","5","5","3","3","6","2","5","2","5","5","1","2","2","5","1","1","5","5","4","6","3","1","2","2","1","1","2","6","2","1","7","1","1","1","1","1","2","1","7","1","3","799230569765543938","仲","102","Female","[""坏我"",""好我"",""好她"",""坏她""]","[""弱我"",""强我"",""强她"",""弱她""]","","","","","","","","","","","","","","","","","","feedback_test","","","","","","","","","","","","","","","","","","","","",""
"772","","j","psychophysics","748","1452263","0.0-10.0-1.0-4.0-0.0-0.30","5","2","5","1","1","5","3","4","4","5","5","0","0","1","2","-2","1","1","2","5","4","5","4","2","1","2","3","4","3","4","6","4","8","3","7","6","5","7","5","5","3","3","6","2","5","2","5","5","1","2","2","5","1","1","5","5","4","6","3","1","2","2","1","1","2","6","2","1","7","1","1","1","1","1","2","1","7","1","3","799230569765543938","仲","102","Female","[""坏我"",""好我"",""好她"",""坏她""]","[""弱我"",""强我"",""强她"",""弱她""]","","","","","","","","nonmatch","","","","","","","","","ALT2","ability","","key","j","16.665714285715616","683","380","","强我","","","","j","true","","","nonmatch","","img/circle.png","弱她","",""
"null","<span style='color:GreenYellow; font-size: 70px;'>正确! </span>","null","html-keyboard-response","749","1452770","0.0-10.0-1.0-4.0-0.0-1.30","5","2","5","1","1","5","3","4","4","5","5","0","0","1","2","-2","1","1","2","5","4","5","4","2","1","2","3","4","3","4","6","4","8","3","7","6","5","7","5","5","3","3","6","2","5","2","5","5","1","2","2","5","1","1","5","5","4","6","3","1","2","2","1","1","2","6","2","1","7","1","1","1","1","1","2","1","7","1","3","799230569765543938","仲","102","Female","[""坏我"",""好我"",""好她"",""坏她""]","[""弱我"",""强我"",""强她"",""弱她""]","","","","","","","","","","","","","","","","","","feedback_test","","","","","","","","","","","","","","","","","","","","",""
"1117","","f","psychophysics","750","1454894","0.0-10.0-1.0-4.0-0.0-0.31","5","2","5","1","1","5","3","4","4","5","5","0","0","1","2","-2","1","1","2","5","4","5","4","2","1","2","3","4","3","4","6","4","8","3","7","6","5","7","5","5","3","3","6","2","5","2","5","5","1","2","2","5","1","1","5","5","4","6","3","1","2","2","1","1","2","6","2","1","7","1","1","1","1","1","2","1","7","1","3","799230569765543938","仲","102","Female","[""坏我"",""好我"",""好她"",""坏她""]","[""弱我"",""强我"",""强她"",""弱她""]","","","","","","","","match","","","","","","","","","ALT2","ability","","key","f","16.666400000000372","683","380","","强她","","","","j","false","","","nonmatch","","img/trapezoid.png","弱我","",""
"null","<span style='color:red; font-size: 70px;'>错误! </span>","null","html-keyboard-response","751","1455396","0.0-10.0-1.0-4.0-0.0-1.31","5","2","5","1","1","5","3","4","4","5","5","0","0","1","2","-2","1","1","2","5","4","5","4","2","1","2","3","4","3","4","6","4","8","3","7","6","5","7","5","5","3","3","6","2","5","2","5","5","1","2","2","5","1","1","5","5","4","6","3","1","2","2","1","1","2","6","2","1","7","1","1","1","1","1","2","1","7","1","3","799230569765543938","仲","102","Female","[""坏我"",""好我"",""好她"",""坏她""]","[""弱我"",""强我"",""强她"",""弱她""]","","","","","","","","","","","","","","","","","","feedback_test","","","","","","","","","","","","","","","","","","","","",""
"836","","j","psychophysics","752","1457235","0.0-10.0-1.0-4.0-0.0-0.32","5","2","5","1","1","5","3","4","4","5","5","0","0","1","2","-2","1","1","2","5","4","5","4","2","1","2","3","4","3","4","6","4","8","3","7","6","5","7","5","5","3","3","6","2","5","2","5","5","1","2","2","5","1","1","5","5","4","6","3","1","2","2","1","1","2","6","2","1","7","1","1","1","1","1","2","1","7","1","3","799230569765543938","仲","102","Female","[""坏我"",""好我"",""好她"",""坏她""]","[""弱我"",""强我"",""强她"",""弱她""]","","","","","","","","nonmatch","","","","","","","","","ALT2","ability","","key","j","16.66545454545624","683","380","","弱她","","","","j","true","","","nonmatch","","img/pentagon.png","强我","",""
"null","<span style='color:GreenYellow; font-size: 70px;'>正确! </span>","null","html-keyboard-response","753","1457742","0.0-10.0-1.0-4.0-0.0-1.32","5","2","5","1","1","5","3","4","4","5","5","0","0","1","2","-2","1","1","2","5","4","5","4","2","1","2","3","4","3","4","6","4","8","3","7","6","5","7","5","5","3","3","6","2","5","2","5","5","1","2","2","5","1","1","5","5","4","6","3","1","2","2","1","1","2","6","2","1","7","1","1","1","1","1","2","1","7","1","3","799230569765543938","仲","102","Female","[""坏我"",""好我"",""好她"",""坏她""]","[""弱我"",""强我"",""强她"",""弱她""]","","","","","","","","","","","","","","","","","","feedback_test","","","","","","","","","","","","","","","","","","","","",""
"867","","j","psychophysics","754","1459612","0.0-10.0-1.0-4.0-0.0-0.33","5","2","5","1","1","5","3","4","4","5","5","0","0","1","2","-2","1","1","2","5","4","5","4","2","1","2","3","4","3","4","6","4","8","3","7","6","5","7","5","5","3","3","6","2","5","2","5","5","1","2","2","5","1","1","5","5","4","6","3","1","2","2","1","1","2","6","2","1","7","1","1","1","1","1","2","1","7","1","3","799230569765543938","仲","102","Female","[""坏我"",""好我"",""好她"",""坏她""]","[""弱我"",""强我"",""强她"",""弱她""]","","","","","","","","nonmatch","","","","","","","","","ALT2","ability","","key","j","16.66545454545624","683","380","","弱她","","","","j","true","","","nonmatch","","img/diamond.png","强她","",""
"null","<span style='color:GreenYellow; font-size: 70px;'>正确! </span>","null","html-keyboard-response","755","1460121","0.0-10.0-1.0-4.0-0.0-1.33","5","2","5","1","1","5","3","4","4","5","5","0","0","1","2","-2","1","1","2","5","4","5","4","2","1","2","3","4","3","4","6","4","8","3","7","6","5","7","5","5","3","3","6","2","5","2","5","5","1","2","2","5","1","1","5","5","4","6","3","1","2","2","1","1","2","6","2","1","7","1","1","1","1","1","2","1","7","1","3","799230569765543938","仲","102","Female","[""坏我"",""好我"",""好她"",""坏她""]","[""弱我"",""强我"",""强她"",""弱她""]","","","","","","","","","","","","","","","","","","feedback_test","","","","","","","","","","","","","","","","","","","","",""
"997","","f","psychophysics","756","1462127","0.0-10.0-1.0-4.0-0.0-0.34","5","2","5","1","1","5","3","4","4","5","5","0","0","1","2","-2","1","1","2","5","4","5","4","2","1","2","3","4","3","4","6","4","8","3","7","6","5","7","5","5","3","3","6","2","5","2","5","5","1","2","2","5","1","1","5","5","4","6","3","1","2","2","1","1","2","6","2","1","7","1","1","1","1","1","2","1","7","1","3","799230569765543938","仲","102","Female","[""坏我"",""好我"",""好她"",""坏她""]","[""弱我"",""强我"",""强她"",""弱她""]","","","","","","","","match","","","","","","","","","ALT2","ability","","key","f","16.66554621848896","683","380","","弱她","","","","f","true","","","match","","img/circle.png","弱她","",""
"null","<span style='color:GreenYellow; font-size: 70px;'>正确! </span>","null","html-keyboard-response","757","1462630","0.0-10.0-1.0-4.0-0.0-1.34","5","2","5","1","1","5","3","4","4","5","5","0","0","1","2","-2","1","1","2","5","4","5","4","2","1","2","3","4","3","4","6","4","8","3","7","6","5","7","5","5","3","3","6","2","5","2","5","5","1","2","2","5","1","1","5","5","4","6","3","1","2","2","1","1","2","6","2","1","7","1","1","1","1","1","2","1","7","1","3","799230569765543938","仲","102","Female","[""坏我"",""好我"",""好她"",""坏她""]","[""弱我"",""强我"",""强她"",""弱她""]","","","","","","","","","","","","","","","","","","feedback_test","","","","","","","","","","","","","","","","","","","","",""
"935","","f","psychophysics","758","1464567","0.0-10.0-1.0-4.0-0.0-0.35","5","2","5","1","1","5","3","4","4","5","5","0","0","1","2","-2","1","1","2","5","4","5","4","2","1","2","3","4","3","4","6","4","8","3","7","6","5","7","5","5","3","3","6","2","5","2","5","5","1","2","2","5","1","1","5","5","4","6","3","1","2","2","1","1","2","6","2","1","7","1","1","1","1","1","2","1","7","1","3","799230569765543938","仲","102","Female","[""坏我"",""好我"",""好她"",""坏她""]","[""弱我"",""强我"",""强她"",""弱她""]","","","","","","","","match","","","","","","","","","ALT2","ability","","key","f","16.66521739130435","683","380","","强她","","","","f","true","","","match","","img/diamond.png","强她","",""
"null","<span style='color:GreenYellow; font-size: 70px;'>正确! </span>","null","html-keyboard-response","759","1465069","0.0-10.0-1.0-4.0-0.0-1.35","5","2","5","1","1","5","3","4","4","5","5","0","0","1","2","-2","1","1","2","5","4","5","4","2","1","2","3","4","3","4","6","4","8","3","7","6","5","7","5","5","3","3","6","2","5","2","5","5","1","2","2","5","1","1","5","5","4","6","3","1","2","2","1","1","2","6","2","1","7","1","1","1","1","1","2","1","7","1","3","799230569765543938","仲","102","Female","[""坏我"",""好我"",""好她"",""坏她""]","[""弱我"",""强我"",""强她"",""弱她""]","","","","","","","","","","","","","","","","","","feedback_test","","","","","","","","","","","","","","","","","","","","",""
"660","","f","psychophysics","760","1466736","0.0-10.0-1.0-4.0-0.0-0.36","5","2","5","1","1","5","3","4","4","5","5","0","0","1","2","-2","1","1","2","5","4","5","4","2","1","2","3","4","3","4","6","4","8","3","7","6","5","7","5","5","3","3","6","2","5","2","5","5","1","2","2","5","1","1","5","5","4","6","3","1","2","2","1","1","2","6","2","1","7","1","1","1","1","1","2","1","7","1","3","799230569765543938","仲","102","Female","[""坏我"",""好我"",""好她"",""坏她""]","[""弱我"",""强我"",""强她"",""弱她""]","","","","","","","","match","","","","","","","","","ALT2","ability","","key","f","16.665656565655624","683","380","","强我","","","","f","true","","","match","","img/pentagon.png","强我","",""
"null","<span style='color:GreenYellow; font-size: 70px;'>正确! </span>","null","html-keyboard-response","761","1467241","0.0-10.0-1.0-4.0-0.0-1.36","5","2","5","1","1","5","3","4","4","5","5","0","0","1","2","-2","1","1","2","5","4","5","4","2","1","2","3","4","3","4","6","4","8","3","7","6","5","7","5","5","3","3","6","2","5","2","5","5","1","2","2","5","1","1","5","5","4","6","3","1","2","2","1","1","2","6","2","1","7","1","1","1","1","1","2","1","7","1","3","799230569765543938","仲","102","Female","[""坏我"",""好我"",""好她"",""坏她""]","[""弱我"",""强我"",""强她"",""弱她""]","","","","","","","","","","","","","","","","","","feedback_test","","","","","","","","","","","","","","","","","","","","",""
"939","","f","psychophysics","762","1469187","0.0-10.0-1.0-4.0-0.0-0.37","5","2","5","1","1","5","3","4","4","5","5","0","0","1","2","-2","1","1","2","5","4","5","4","2","1","2","3","4","3","4","6","4","8","3","7","6","5","7","5","5","3","3","6","2","5","2","5","5","1","2","2","5","1","1","5","5","4","6","3","1","2","2","1","1","2","6","2","1","7","1","1","1","1","1","2","1","7","1","3","799230569765543938","仲","102","Female","[""坏我"",""好我"",""好她"",""坏她""]","[""弱我"",""强我"",""强她"",""弱她""]","","","","","","","","match","","","","","","","","","ALT2","ability","","key","f","16.66521739130435","683","380","","弱她","","","","f","true","","","match","","img/circle.png","弱她","",""
"null","<span style='color:GreenYellow; font-size: 70px;'>正确! </span>","null","html-keyboard-response","763","1469693","0.0-10.0-1.0-4.0-0.0-1.37","5","2","5","1","1","5","3","4","4","5","5","0","0","1","2","-2","1","1","2","5","4","5","4","2","1","2","3","4","3","4","6","4","8","3","7","6","5","7","5","5","3","3","6","2","5","2","5","5","1","2","2","5","1","1","5","5","4","6","3","1","2","2","1","1","2","6","2","1","7","1","1","1","1","1","2","1","7","1","3","799230569765543938","仲","102","Female","[""坏我"",""好我"",""好她"",""坏她""]","[""弱我"",""强我"",""强她"",""弱她""]","","","","","","","","","","","","","","","","","","feedback_test","","","","","","","","","","","","","","","","","","","","",""
"653","","f","psychophysics","764","1471348","0.0-10.0-1.0-4.0-0.0-0.38","5","2","5","1","1","5","3","4","4","5","5","0","0","1","2","-2","1","1","2","5","4","5","4","2","1","2","3","4","3","4","6","4","8","3","7","6","5","7","5","5","3","3","6","2","5","2","5","5","1","2","2","5","1","1","5","5","4","6","3","1","2","2","1","1","2","6","2","1","7","1","1","1","1","1","2","1","7","1","3","799230569765543938","仲","102","Female","[""坏我"",""好我"",""好她"",""坏她""]","[""弱我"",""强我"",""强她"",""弱她""]","","","","","","","","match","","","","","","","","","ALT2","ability","","key","f","16.665306122448506","683","380","","强我","","","","j","false","","","nonmatch","","img/diamond.png","强她","",""
"null","<span style='color:red; font-size: 70px;'>错误! </span>","null","html-keyboard-response","765","1471851","0.0-10.0-1.0-4.0-0.0-1.38","5","2","5","1","1","5","3","4","4","5","5","0","0","1","2","-2","1","1","2","5","4","5","4","2","1","2","3","4","3","4","6","4","8","3","7","6","5","7","5","5","3","3","6","2","5","2","5","5","1","2","2","5","1","1","5","5","4","6","3","1","2","2","1","1","2","6","2","1","7","1","1","1","1","1","2","1","7","1","3","799230569765543938","仲","102","Female","[""坏我"",""好我"",""好她"",""坏她""]","[""弱我"",""强我"",""强她"",""弱她""]","","","","","","","","","","","","","","","","","","feedback_test","","","","","","","","","","","","","","","","","","","","",""
"786","","j","psychophysics","766","1473642","0.0-10.0-1.0-4.0-0.0-0.39","5","2","5","1","1","5","3","4","4","5","5","0","0","1","2","-2","1","1","2","5","4","5","4","2","1","2","3","4","3","4","6","4","8","3","7","6","5","7","5","5","3","3","6","2","5","2","5","5","1","2","2","5","1","1","5","5","4","6","3","1","2","2","1","1","2","6","2","1","7","1","1","1","1","1","2","1","7","1","3","799230569765543938","仲","102","Female","[""坏我"",""好我"",""好她"",""坏她""]","[""弱我"",""强我"",""强她"",""弱她""]","","","","","","","","nonmatch","","","","","","","","","ALT2","ability","","key","j","16.66509433962264","683","380","","强她","","","","j","true","","","nonmatch","","img/pentagon.png","强我","",""
"null","<span style='color:GreenYellow; font-size: 70px;'>正确! </span>","null","html-keyboard-response","767","1474146","0.0-10.0-1.0-4.0-0.0-1.39","5","2","5","1","1","5","3","4","4","5","5","0","0","1","2","-2","1","1","2","5","4","5","4","2","1","2","3","4","3","4","6","4","8","3","7","6","5","7","5","5","3","3","6","2","5","2","5","5","1","2","2","5","1","1","5","5","4","6","3","1","2","2","1","1","2","6","2","1","7","1","1","1","1","1","2","1","7","1","3","799230569765543938","仲","102","Female","[""坏我"",""好我"",""好她"",""坏她""]","[""弱我"",""强我"",""强她"",""弱她""]","","","","","","","","","","","","","","","","","","feedback_test","","","","","","","","","","","","","","","","","","","","",""
"964","","f","psychophysics","768","1476115","0.0-10.0-1.0-4.0-0.0-0.40","5","2","5","1","1","5","3","4","4","5","5","0","0","1","2","-2","1","1","2","5","4","5","4","2","1","2","3","4","3","4","6","4","8","3","7","6","5","7","5","5","3","3","6","2","5","2","5","5","1","2","2","5","1","1","5","5","4","6","3","1","2","2","1","1","2","6","2","1","7","1","1","1","1","1","2","1","7","1","3","799230569765543938","仲","102","Female","[""坏我"",""好我"",""好她"",""坏她""]","[""弱我"",""强我"",""强她"",""弱她""]","","","","","","","","match","","","","","","","","","ALT2","ability","","key","f","16.66581196581316","683","380","","弱她","","","","j","false","","","nonmatch","","img/trapezoid.png","弱我","",""
"null","<span style='color:red; font-size: 70px;'>错误! </span>","null","html-keyboard-response","769","1476616","0.0-10.0-1.0-4.0-0.0-1.40","5","2","5","1","1","5","3","4","4","5","5","0","0","1","2","-2","1","1","2","5","4","5","4","2","1","2","3","4","3","4","6","4","8","3","7","6","5","7","5","5","3","3","6","2","5","2","5","5","1","2","2","5","1","1","5","5","4","6","3","1","2","2","1","1","2","6","2","1","7","1","1","1","1","1","2","1","7","1","3","799230569765543938","仲","102","Female","[""坏我"",""好我"",""好她"",""坏她""]","[""弱我"",""强我"",""强她"",""弱她""]","","","","","","","","","","","","","","","","","","feedback_test","","","","","","","","","","","","","","","","","","","","",""
"920","","j","psychophysics","770","1478542","0.0-10.0-1.0-4.0-0.0-0.41","5","2","5","1","1","5","3","4","4","5","5","0","0","1","2","-2","1","1","2","5","4","5","4","2","1","2","3","4","3","4","6","4","8","3","7","6","5","7","5","5","3","3","6","2","5","2","5","5","1","2","2","5","1","1","5","5","4","6","3","1","2","2","1","1","2","6","2","1","7","1","1","1","1","1","2","1","7","1","3","799230569765543938","仲","102","Female","[""坏我"",""好我"",""好她"",""坏她""]","[""弱我"",""强我"",""强她"",""弱她""]","","","","","","","","nonmatch","","","","","","","","","ALT2","ability","","key","j","16.66491228070216","683","380","","强我","","","","j","true","","","nonmatch","","img/trapezoid.png","弱我","",""
"null","<span style='color:GreenYellow; font-size: 70px;'>正确! </span>","null","html-keyboard-response","771","1479044","0.0-10.0-1.0-4.0-0.0-1.41","5","2","5","1","1","5","3","4","4","5","5","0","0","1","2","-2","1","1","2","5","4","5","4","2","1","2","3","4","3","4","6","4","8","3","7","6","5","7","5","5","3","3","6","2","5","2","5","5","1","2","2","5","1","1","5","5","4","6","3","1","2","2","1","1","2","6","2","1","7","1","1","1","1","1","2","1","7","1","3","799230569765543938","仲","102","Female","[""坏我"",""好我"",""好她"",""坏她""]","[""弱我"",""强我"",""强她"",""弱她""]","","","","","","","","","","","","","","","","","","feedback_test","","","","","","","","","","","","","","","","","","","","",""
"718","","f","psychophysics","772","1480764","0.0-10.0-1.0-4.0-0.0-0.42","5","2","5","1","1","5","3","4","4","5","5","0","0","1","2","-2","1","1","2","5","4","5","4","2","1","2","3","4","3","4","6","4","8","3","7","6","5","7","5","5","3","3","6","2","5","2","5","5","1","2","2","5","1","1","5","5","4","6","3","1","2","2","1","1","2","6","2","1","7","1","1","1","1","1","2","1","7","1","3","799230569765543938","仲","102","Female","[""坏我"",""好我"",""好她"",""坏她""]","[""弱我"",""强我"",""强她"",""弱她""]","","","","","","","","match","","","","","","","","","ALT2","ability","","key","f","16.66568627450889","683","380","","弱我","","","","f","true","","","match","","img/trapezoid.png","弱我","",""
"null","<span style='color:GreenYellow; font-size: 70px;'>正确! </span>","null","html-keyboard-response","773","1481268","0.0-10.0-1.0-4.0-0.0-1.42","5","2","5","1","1","5","3","4","4","5","5","0","0","1","2","-2","1","1","2","5","4","5","4","2","1","2","3","4","3","4","6","4","8","3","7","6","5","7","5","5","3","3","6","2","5","2","5","5","1","2","2","5","1","1","5","5","4","6","3","1","2","2","1","1","2","6","2","1","7","1","1","1","1","1","2","1","7","1","3","799230569765543938","仲","102","Female","[""坏我"",""好我"",""好她"",""坏她""]","[""弱我"",""强我"",""强她"",""弱她""]","","","","","","","","","","","","","","","","","","feedback_test","","","","","","","","","","","","","","","","","","","","",""
"682","","f","psychophysics","774","1482954","0.0-10.0-1.0-4.0-0.0-0.43","5","2","5","1","1","5","3","4","4","5","5","0","0","1","2","-2","1","1","2","5","4","5","4","2","1","2","3","4","3","4","6","4","8","3","7","6","5","7","5","5","3","3","6","2","5","2","5","5","1","2","2","5","1","1","5","5","4","6","3","1","2","2","1","1","2","6","2","1","7","1","1","1","1","1","2","1","7","1","3","799230569765543938","仲","102","Female","[""坏我"",""好我"",""好她"",""坏她""]","[""弱我"",""强我"",""强她"",""弱她""]","","","","","","","","match","","","","","","","","","ALT2","ability","","key","f","16.665","683","380","","弱我","","","","f","true","","","match","","img/trapezoid.png","弱我","",""
"null","<span style='color:GreenYellow; font-size: 70px;'>正确! </span>","null","html-keyboard-response","775","1483458","0.0-10.0-1.0-4.0-0.0-1.43","5","2","5","1","1","5","3","4","4","5","5","0","0","1","2","-2","1","1","2","5","4","5","4","2","1","2","3","4","3","4","6","4","8","3","7","6","5","7","5","5","3","3","6","2","5","2","5","5","1","2","2","5","1","1","5","5","4","6","3","1","2","2","1","1","2","6","2","1","7","1","1","1","1","1","2","1","7","1","3","799230569765543938","仲","102","Female","[""坏我"",""好我"",""好她"",""坏她""]","[""弱我"",""强我"",""强她"",""弱她""]","","","","","","","","","","","","","","","","","","feedback_test","","","","","","","","","","","","","","","","","","","","",""
"654","","f","psychophysics","776","1485114","0.0-10.0-1.0-4.0-0.0-0.44","5","2","5","1","1","5","3","4","4","5","5","0","0","1","2","-2","1","1","2","5","4","5","4","2","1","2","3","4","3","4","6","4","8","3","7","6","5","7","5","5","3","3","6","2","5","2","5","5","1","2","2","5","1","1","5","5","4","6","3","1","2","2","1","1","2","6","2","1","7","1","1","1","1","1","2","1","7","1","3","799230569765543938","仲","102","Female","[""坏我"",""好我"",""好她"",""坏她""]","[""弱我"",""强我"",""强她"",""弱她""]","","","","","","","","match","","","","","","","","","ALT2","ability","","key","f","16.665656565655624","683","380","","强她","","","","f","true","","","match","","img/diamond.png","强她","",""
"null","<span style='color:GreenYellow; font-size: 70px;'>正确! </span>","null","html-keyboard-response","777","1485617","0.0-10.0-1.0-4.0-0.0-1.44","5","2","5","1","1","5","3","4","4","5","5","0","0","1","2","-2","1","1","2","5","4","5","4","2","1","2","3","4","3","4","6","4","8","3","7","6","5","7","5","5","3","3","6","2","5","2","5","5","1","2","2","5","1","1","5","5","4","6","3","1","2","2","1","1","2","6","2","1","7","1","1","1","1","1","2","1","7","1","3","799230569765543938","仲","102","Female","[""坏我"",""好我"",""好她"",""坏她""]","[""弱我"",""强我"",""强她"",""弱她""]","","","","","","","","","","","","","","","","","","feedback_test","","","","","","","","","","","","","","","","","","","","",""
"761","","f","psychophysics","778","1487385","0.0-10.0-1.0-4.0-0.0-0.45","5","2","5","1","1","5","3","4","4","5","5","0","0","1","2","-2","1","1","2","5","4","5","4","2","1","2","3","4","3","4","6","4","8","3","7","6","5","7","5","5","3","3","6","2","5","2","5","5","1","2","2","5","1","1","5","5","4","6","3","1","2","2","1","1","2","6","2","1","7","1","1","1","1","1","2","1","7","1","3","799230569765543938","仲","102","Female","[""坏我"",""好我"",""好她"",""坏她""]","[""弱我"",""强我"",""强她"",""弱她""]","","","","","","","","match","","","","","","","","","ALT2","ability","","key","f","16.666666666666668","683","380","","强我","","","","f","true","","","match","","img/pentagon.png","强我","",""
"null","<span style='color:GreenYellow; font-size: 70px;'>正确! </span>","null","html-keyboard-response","779","1487889","0.0-10.0-1.0-4.0-0.0-1.45","5","2","5","1","1","5","3","4","4","5","5","0","0","1","2","-2","1","1","2","5","4","5","4","2","1","2","3","4","3","4","6","4","8","3","7","6","5","7","5","5","3","3","6","2","5","2","5","5","1","2","2","5","1","1","5","5","4","6","3","1","2","2","1","1","2","6","2","1","7","1","1","1","1","1","2","1","7","1","3","799230569765543938","仲","102","Female","[""坏我"",""好我"",""好她"",""坏她""]","[""弱我"",""强我"",""强她"",""弱她""]","","","","","","","","","","","","","","","","","","feedback_test","","","","","","","","","","","","","","","","","","","","",""
"819","","j","psychophysics","780","1489713","0.0-10.0-1.0-4.0-0.0-0.46","5","2","5","1","1","5","3","4","4","5","5","0","0","1","2","-2","1","1","2","5","4","5","4","2","1","2","3","4","3","4","6","4","8","3","7","6","5","7","5","5","3","3","6","2","5","2","5","5","1","2","2","5","1","1","5","5","4","6","3","1","2","2","1","1","2","6","2","1","7","1","1","1","1","1","2","1","7","1","3","799230569765543938","仲","102","Female","[""坏我"",""好我"",""好她"",""坏她""]","[""弱我"",""强我"",""强她"",""弱她""]","","","","","","","","nonmatch","","","","","","","","","ALT2","ability","","key","j","16.66448598130928","683","380","","强她","","","","j","true","","","nonmatch","","img/circle.png","弱她","",""
"null","<span style='color:GreenYellow; font-size: 70px;'>正确! </span>","null","html-keyboard-response","781","1490218","0.0-10.0-1.0-4.0-0.0-1.46","5","2","5","1","1","5","3","4","4","5","5","0","0","1","2","-2","1","1","2","5","4","5","4","2","1","2","3","4","3","4","6","4","8","3","7","6","5","7","5","5","3","3","6","2","5","2","5","5","1","2","2","5","1","1","5","5","4","6","3","1","2","2","1","1","2","6","2","1","7","1","1","1","1","1","2","1","7","1","3","799230569765543938","仲","102","Female","[""坏我"",""好我"",""好她"",""坏她""]","[""弱我"",""强我"",""强她"",""弱她""]","","","","","","","","","","","","","","","","","","feedback_test","","","","","","","","","","","","","","","","","","","","",""
"974","","j","psychophysics","782","1492197","0.0-10.0-1.0-4.0-0.0-0.47","5","2","5","1","1","5","3","4","4","5","5","0","0","1","2","-2","1","1","2","5","4","5","4","2","1","2","3","4","3","4","6","4","8","3","7","6","5","7","5","5","3","3","6","2","5","2","5","5","1","2","2","5","1","1","5","5","4","6","3","1","2","2","1","1","2","6","2","1","7","1","1","1","1","1","2","1","7","1","3","799230569765543938","仲","102","Female","[""坏我"",""好我"",""好她"",""坏她""]","[""弱我"",""强我"",""强她"",""弱她""]","","","","","","","","nonmatch","","","","","","","","","ALT2","ability","","key","j","16.665254237288135","683","380","","弱我","","","","j","true","","","nonmatch","","img/diamond.png","强她","",""
"null","<span style='color:GreenYellow; font-size: 70px;'>正确! </span>","null","html-keyboard-response","783","1492704","0.0-10.0-1.0-4.0-0.0-1.47","5","2","5","1","1","5","3","4","4","5","5","0","0","1","2","-2","1","1","2","5","4","5","4","2","1","2","3","4","3","4","6","4","8","3","7","6","5","7","5","5","3","3","6","2","5","2","5","5","1","2","2","5","1","1","5","5","4","6","3","1","2","2","1","1","2","6","2","1","7","1","1","1","1","1","2","1","7","1","3","799230569765543938","仲","102","Female","[""坏我"",""好我"",""好她"",""坏她""]","[""弱我"",""强我"",""强她"",""弱她""]","","","","","","","","","","","","","","","","","","feedback_test","","","","","","","","","","","","","","","","","","","","",""
"3205","<style>.context{color:white; font-size: 35px; line-height:40px}</style>                          <div><p class='context'>您正确回答了90% 的试次。</p><p class='context'>您的平均反应时为779毫秒。</p><p class='context'>请按空格键进入休息。</p></div>"," ","html-keyboard-response","784","1495913","0.0-10.0-1.0-4.0-1.0","5","2","5","1","1","5","3","4","4","5","5","0","0","1","2","-2","1","1","2","5","4","5","4","2","1","2","3","4","3","4","6","4","8","3","7","6","5","7","5","5","3","3","6","2","5","2","5","5","1","2","2","5","1","1","5","5","4","6","3","1","2","2","1","1","2","6","2","1","7","1","1","1","1","1","2","1","7","1","3","799230569765543938","仲","102","Female","[""坏我"",""好我"",""好她"",""坏她""]","[""弱我"",""强我"",""强她"",""弱她""]","","","","","","","","","","","","","","","","","","","","","","","","","","","","","","","","","","","","","","",""
"19817","
        <p >您当前还剩余7组实验</p>
        <p >现在是休息时间，当您结束休息后，</p>
        <p >您可以点击 结束休息 按钮 继续。</p>
        <p >建议休息时间还剩余<span id=""iii"">60</span>秒。</p>","0","html-button-response","785","1515736","0.0-10.0-1.0-4.0-2.0","5","2","5","1","1","5","3","4","4","5","5","0","0","1","2","-2","1","1","2","5","4","5","4","2","1","2","3","4","3","4","6","4","8","3","7","6","5","7","5","5","3","3","6","2","5","2","5","5","1","2","2","5","1","1","5","5","4","6","3","1","2","2","1","1","2","6","2","1","7","1","1","1","1","1","2","1","7","1","3","799230569765543938","仲","102","Female","[""坏我"",""好我"",""好她"",""坏她""]","[""弱我"",""强我"",""强她"",""弱她""]","","","","","","","","","","","","","","","","","","","","","","","","","","","","","","","","","","","","","","",""
"927","","f","psychophysics","786","1517670","0.0-10.0-1.0-4.0-0.1-0.48","5","2","5","1","1","5","3","4","4","5","5","0","0","1","2","-2","1","1","2","5","4","5","4","2","1","2","3","4","3","4","6","4","8","3","7","6","5","7","5","5","3","3","6","2","5","2","5","5","1","2","2","5","1","1","5","5","4","6","3","1","2","2","1","1","2","6","2","1","7","1","1","1","1","1","2","1","7","1","3","799230569765543938","仲","102","Female","[""坏我"",""好我"",""好她"",""坏她""]","[""弱我"",""强我"",""强她"",""弱她""]","","","","","","","","match","","","","","","","","","ALT2","ability","","key","f","16.665789473685436","683","380","","弱她","","","","f","true","","","match","","img/circle.png","弱她","",""
"null","<span style='color:GreenYellow; font-size: 70px;'>正确! </span>","null","html-keyboard-response","787","1518185","0.0-10.0-1.0-4.0-0.1-1.48","5","2","5","1","1","5","3","4","4","5","5","0","0","1","2","-2","1","1","2","5","4","5","4","2","1","2","3","4","3","4","6","4","8","3","7","6","5","7","5","5","3","3","6","2","5","2","5","5","1","2","2","5","1","1","5","5","4","6","3","1","2","2","1","1","2","6","2","1","7","1","1","1","1","1","2","1","7","1","3","799230569765543938","仲","102","Female","[""坏我"",""好我"",""好她"",""坏她""]","[""弱我"",""强我"",""强她"",""弱她""]","","","","","","","","","","","","","","","","","","feedback_test","","","","","","","","","","","","","","","","","","","","",""
"698","","f","psychophysics","788","1519888","0.0-10.0-1.0-4.0-0.1-0.49","5","2","5","1","1","5","3","4","4","5","5","0","0","1","2","-2","1","1","2","5","4","5","4","2","1","2","3","4","3","4","6","4","8","3","7","6","5","7","5","5","3","3","6","2","5","2","5","5","1","2","2","5","1","1","5","5","4","6","3","1","2","2","1","1","2","6","2","1","7","1","1","1","1","1","2","1","7","1","3","799230569765543938","仲","102","Female","[""坏我"",""好我"",""好她"",""坏她""]","[""弱我"",""强我"",""强她"",""弱她""]","","","","","","","","match","","","","","","","","","ALT2","ability","","key","f","16.664356435644486","683","380","","强她","","","","f","true","","","match","","img/diamond.png","强她","",""
"null","<span style='color:GreenYellow; font-size: 70px;'>正确! </span>","null","html-keyboard-response","789","1520393","0.0-10.0-1.0-4.0-0.1-1.49","5","2","5","1","1","5","3","4","4","5","5","0","0","1","2","-2","1","1","2","5","4","5","4","2","1","2","3","4","3","4","6","4","8","3","7","6","5","7","5","5","3","3","6","2","5","2","5","5","1","2","2","5","1","1","5","5","4","6","3","1","2","2","1","1","2","6","2","1","7","1","1","1","1","1","2","1","7","1","3","799230569765543938","仲","102","Female","[""坏我"",""好我"",""好她"",""坏她""]","[""弱我"",""强我"",""强她"",""弱她""]","","","","","","","","","","","","","","","","","","feedback_test","","","","","","","","","","","","","","","","","","","","",""
"581","","f","psychophysics","790","1521977","0.0-10.0-1.0-4.0-0.1-0.50","5","2","5","1","1","5","3","4","4","5","5","0","0","1","2","-2","1","1","2","5","4","5","4","2","1","2","3","4","3","4","6","4","8","3","7","6","5","7","5","5","3","3","6","2","5","2","5","5","1","2","2","5","1","1","5","5","4","6","3","1","2","2","1","1","2","6","2","1","7","1","1","1","1","1","2","1","7","1","3","799230569765543938","仲","102","Female","[""坏我"",""好我"",""好她"",""坏她""]","[""弱我"",""强我"",""强她"",""弱她""]","","","","","","","","match","","","","","","","","","ALT2","ability","","key","f","16.665591397848463","683","380","","强我","","","","j","false","","","nonmatch","","img/trapezoid.png","弱我","",""
"null","<span style='color:red; font-size: 70px;'>错误! </span>","null","html-keyboard-response","791","1522479","0.0-10.0-1.0-4.0-0.1-1.50","5","2","5","1","1","5","3","4","4","5","5","0","0","1","2","-2","1","1","2","5","4","5","4","2","1","2","3","4","3","4","6","4","8","3","7","6","5","7","5","5","3","3","6","2","5","2","5","5","1","2","2","5","1","1","5","5","4","6","3","1","2","2","1","1","2","6","2","1","7","1","1","1","1","1","2","1","7","1","3","799230569765543938","仲","102","Female","[""坏我"",""好我"",""好她"",""坏她""]","[""弱我"",""强我"",""强她"",""弱她""]","","","","","","","","","","","","","","","","","","feedback_test","","","","","","","","","","","","","","","","","","","","",""
"794","","j","psychophysics","792","1524279","0.0-10.0-1.0-4.0-0.1-0.51","5","2","5","1","1","5","3","4","4","5","5","0","0","1","2","-2","1","1","2","5","4","5","4","2","1","2","3","4","3","4","6","4","8","3","7","6","5","7","5","5","3","3","6","2","5","2","5","5","1","2","2","5","1","1","5","5","4","6","3","1","2","2","1","1","2","6","2","1","7","1","1","1","1","1","2","1","7","1","3","799230569765543938","仲","102","Female","[""坏我"",""好我"",""好她"",""坏她""]","[""弱我"",""强我"",""强她"",""弱她""]","","","","","","","","nonmatch","","","","","","","","","ALT2","ability","","key","j","16.665420560749403","683","380","","弱她","","","","j","true","","","nonmatch","","img/trapezoid.png","弱我","",""
"null","<span style='color:GreenYellow; font-size: 70px;'>正确! </span>","null","html-keyboard-response","793","1524788","0.0-10.0-1.0-4.0-0.1-1.51","5","2","5","1","1","5","3","4","4","5","5","0","0","1","2","-2","1","1","2","5","4","5","4","2","1","2","3","4","3","4","6","4","8","3","7","6","5","7","5","5","3","3","6","2","5","2","5","5","1","2","2","5","1","1","5","5","4","6","3","1","2","2","1","1","2","6","2","1","7","1","1","1","1","1","2","1","7","1","3","799230569765543938","仲","102","Female","[""坏我"",""好我"",""好她"",""坏她""]","[""弱我"",""强我"",""强她"",""弱她""]","","","","","","","","","","","","","","","","","","feedback_test","","","","","","","","","","","","","","","","","","","","",""
"772","","f","psychophysics","794","1526570","0.0-10.0-1.0-4.0-0.1-0.52","5","2","5","1","1","5","3","4","4","5","5","0","0","1","2","-2","1","1","2","5","4","5","4","2","1","2","3","4","3","4","6","4","8","3","7","6","5","7","5","5","3","3","6","2","5","2","5","5","1","2","2","5","1","1","5","5","4","6","3","1","2","2","1","1","2","6","2","1","7","1","1","1","1","1","2","1","7","1","3","799230569765543938","仲","102","Female","[""坏我"",""好我"",""好她"",""坏她""]","[""弱我"",""强我"",""强她"",""弱她""]","","","","","","","","match","","","","","","","","","ALT2","ability","","key","f","16.665714285715616","683","380","","弱她","","","","f","true","","","match","","img/circle.png","弱她","",""
"null","<span style='color:GreenYellow; font-size: 70px;'>正确! </span>","null","html-keyboard-response","795","1527080","0.0-10.0-1.0-4.0-0.1-1.52","5","2","5","1","1","5","3","4","4","5","5","0","0","1","2","-2","1","1","2","5","4","5","4","2","1","2","3","4","3","4","6","4","8","3","7","6","5","7","5","5","3","3","6","2","5","2","5","5","1","2","2","5","1","1","5","5","4","6","3","1","2","2","1","1","2","6","2","1","7","1","1","1","1","1","2","1","7","1","3","799230569765543938","仲","102","Female","[""坏我"",""好我"",""好她"",""坏她""]","[""弱我"",""强我"",""强她"",""弱她""]","","","","","","","","","","","","","","","","","","feedback_test","","","","","","","","","","","","","","","","","","","","",""
"646","","f","psychophysics","796","1528729","0.0-10.0-1.0-4.0-0.1-0.53","5","2","5","1","1","5","3","4","4","5","5","0","0","1","2","-2","1","1","2","5","4","5","4","2","1","2","3","4","3","4","6","4","8","3","7","6","5","7","5","5","3","3","6","2","5","2","5","5","1","2","2","5","1","1","5","5","4","6","3","1","2","2","1","1","2","6","2","1","7","1","1","1","1","1","2","1","7","1","3","799230569765543938","仲","102","Female","[""坏我"",""好我"",""好她"",""坏她""]","[""弱我"",""强我"",""强她"",""弱她""]","","","","","","","","match","","","","","","","","","ALT2","ability","","key","f","16.665306122448506","683","380","","强我","","","","f","true","","","match","","img/pentagon.png","强我","",""
"null","<span style='color:GreenYellow; font-size: 70px;'>正确! </span>","null","html-keyboard-response","797","1529233","0.0-10.0-1.0-4.0-0.1-1.53","5","2","5","1","1","5","3","4","4","5","5","0","0","1","2","-2","1","1","2","5","4","5","4","2","1","2","3","4","3","4","6","4","8","3","7","6","5","7","5","5","3","3","6","2","5","2","5","5","1","2","2","5","1","1","5","5","4","6","3","1","2","2","1","1","2","6","2","1","7","1","1","1","1","1","2","1","7","1","3","799230569765543938","仲","102","Female","[""坏我"",""好我"",""好她"",""坏她""]","[""弱我"",""强我"",""强她"",""弱她""]","","","","","","","","","","","","","","","","","","feedback_test","","","","","","","","","","","","","","","","","","","","",""
"808","","f","psychophysics","798","1531047","0.0-10.0-1.0-4.0-0.1-0.54","5","2","5","1","1","5","3","4","4","5","5","0","0","1","2","-2","1","1","2","5","4","5","4","2","1","2","3","4","3","4","6","4","8","3","7","6","5","7","5","5","3","3","6","2","5","2","5","5","1","2","2","5","1","1","5","5","4","6","3","1","2","2","1","1","2","6","2","1","7","1","1","1","1","1","2","1","7","1","3","799230569765543938","仲","102","Female","[""坏我"",""好我"",""好她"",""坏她""]","[""弱我"",""强我"",""强她"",""弱她""]","","","","","","","","match","","","","","","","","","ALT2","ability","","key","f","16.665740740742034","683","380","","强我","","","","f","true","","","match","","img/pentagon.png","强我","",""
"null","<span style='color:GreenYellow; font-size: 70px;'>正确! </span>","null","html-keyboard-response","799","1531549","0.0-10.0-1.0-4.0-0.1-1.54","5","2","5","1","1","5","3","4","4","5","5","0","0","1","2","-2","1","1","2","5","4","5","4","2","1","2","3","4","3","4","6","4","8","3","7","6","5","7","5","5","3","3","6","2","5","2","5","5","1","2","2","5","1","1","5","5","4","6","3","1","2","2","1","1","2","6","2","1","7","1","1","1","1","1","2","1","7","1","3","799230569765543938","仲","102","Female","[""坏我"",""好我"",""好她"",""坏她""]","[""弱我"",""强我"",""强她"",""弱她""]","","","","","","","","","","","","","","","","","","feedback_test","","","","","","","","","","","","","","","","","","","","",""
"964","","j","psychophysics","800","1533518","0.0-10.0-1.0-4.0-0.1-0.55","5","2","5","1","1","5","3","4","4","5","5","0","0","1","2","-2","1","1","2","5","4","5","4","2","1","2","3","4","3","4","6","4","8","3","7","6","5","7","5","5","3","3","6","2","5","2","5","5","1","2","2","5","1","1","5","5","4","6","3","1","2","2","1","1","2","6","2","1","7","1","1","1","1","1","2","1","7","1","3","799230569765543938","仲","102","Female","[""坏我"",""好我"",""好她"",""坏她""]","[""弱我"",""强我"",""强她"",""弱她""]","","","","","","","","nonmatch","","","","","","","","","ALT2","ability","","key","j","16.66581196581117","683","380","","强她","","","","j","true","","","nonmatch","","img/trapezoid.png","弱我","",""
"null","<span style='color:GreenYellow; font-size: 70px;'>正确! </span>","null","html-keyboard-response","801","1534027","0.0-10.0-1.0-4.0-0.1-1.55","5","2","5","1","1","5","3","4","4","5","5","0","0","1","2","-2","1","1","2","5","4","5","4","2","1","2","3","4","3","4","6","4","8","3","7","6","5","7","5","5","3","3","6","2","5","2","5","5","1","2","2","5","1","1","5","5","4","6","3","1","2","2","1","1","2","6","2","1","7","1","1","1","1","1","2","1","7","1","3","799230569765543938","仲","102","Female","[""坏我"",""好我"",""好她"",""坏她""]","[""弱我"",""强我"",""强她"",""弱她""]","","","","","","","","","","","","","","","","","","feedback_test","","","","","","","","","","","","","","","","","","","","",""
"810","","j","psychophysics","802","1535844","0.0-10.0-1.0-4.0-0.1-0.56","5","2","5","1","1","5","3","4","4","5","5","0","0","1","2","-2","1","1","2","5","4","5","4","2","1","2","3","4","3","4","6","4","8","3","7","6","5","7","5","5","3","3","6","2","5","2","5","5","1","2","2","5","1","1","5","5","4","6","3","1","2","2","1","1","2","6","2","1","7","1","1","1","1","1","2","1","7","1","3","799230569765543938","仲","102","Female","[""坏我"",""好我"",""好她"",""坏她""]","[""弱我"",""强我"",""强她"",""弱她""]","","","","","","","","nonmatch","","","","","","","","","ALT2","ability","","key","j","16.665740740739878","683","380","","强她","","","","j","true","","","nonmatch","","img/circle.png","弱她","",""
"null","<span style='color:GreenYellow; font-size: 70px;'>正确! </span>","null","html-keyboard-response","803","1536351","0.0-10.0-1.0-4.0-0.1-1.56","5","2","5","1","1","5","3","4","4","5","5","0","0","1","2","-2","1","1","2","5","4","5","4","2","1","2","3","4","3","4","6","4","8","3","7","6","5","7","5","5","3","3","6","2","5","2","5","5","1","2","2","5","1","1","5","5","4","6","3","1","2","2","1","1","2","6","2","1","7","1","1","1","1","1","2","1","7","1","3","799230569765543938","仲","102","Female","[""坏我"",""好我"",""好她"",""坏她""]","[""弱我"",""强我"",""强她"",""弱她""]","","","","","","","","","","","","","","","","","","feedback_test","","","","","","","","","","","","","","","","","","","","",""
"803","","j","psychophysics","804","1538155","0.0-10.0-1.0-4.0-0.1-0.57","5","2","5","1","1","5","3","4","4","5","5","0","0","1","2","-2","1","1","2","5","4","5","4","2","1","2","3","4","3","4","6","4","8","3","7","6","5","7","5","5","3","3","6","2","5","2","5","5","1","2","2","5","1","1","5","5","4","6","3","1","2","2","1","1","2","6","2","1","7","1","1","1","1","1","2","1","7","1","3","799230569765543938","仲","102","Female","[""坏我"",""好我"",""好她"",""坏她""]","[""弱我"",""强我"",""强她"",""弱她""]","","","","","","","","nonmatch","","","","","","","","","ALT2","ability","","key","j","16.66542056074723","683","380","","强我","","","","j","true","","","nonmatch","","img/circle.png","弱她","",""
"null","<span style='color:GreenYellow; font-size: 70px;'>正确! </span>","null","html-keyboard-response","805","1538658","0.0-10.0-1.0-4.0-0.1-1.57","5","2","5","1","1","5","3","4","4","5","5","0","0","1","2","-2","1","1","2","5","4","5","4","2","1","2","3","4","3","4","6","4","8","3","7","6","5","7","5","5","3","3","6","2","5","2","5","5","1","2","2","5","1","1","5","5","4","6","3","1","2","2","1","1","2","6","2","1","7","1","1","1","1","1","2","1","7","1","3","799230569765543938","仲","102","Female","[""坏我"",""好我"",""好她"",""坏她""]","[""弱我"",""强我"",""强她"",""弱她""]","","","","","","","","","","","","","","","","","","feedback_test","","","","","","","","","","","","","","","","","","","","",""
"944","","f","psychophysics","806","1540612","0.0-10.0-1.0-4.0-0.1-0.58","5","2","5","1","1","5","3","4","4","5","5","0","0","1","2","-2","1","1","2","5","4","5","4","2","1","2","3","4","3","4","6","4","8","3","7","6","5","7","5","5","3","3","6","2","5","2","5","5","1","2","2","5","1","1","5","5","4","6","3","1","2","2","1","1","2","6","2","1","7","1","1","1","1","1","2","1","7","1","3","799230569765543938","仲","102","Female","[""坏我"",""好我"",""好她"",""坏她""]","[""弱我"",""强我"",""强她"",""弱她""]","","","","","","","","match","","","","","","","","","ALT2","ability","","key","f","16.665517241378907","683","380","","弱我","","","","f","true","","","match","","img/trapezoid.png","弱我","",""
"null","<span style='color:GreenYellow; font-size: 70px;'>正确! </span>","null","html-keyboard-response","807","1541119","0.0-10.0-1.0-4.0-0.1-1.58","5","2","5","1","1","5","3","4","4","5","5","0","0","1","2","-2","1","1","2","5","4","5","4","2","1","2","3","4","3","4","6","4","8","3","7","6","5","7","5","5","3","3","6","2","5","2","5","5","1","2","2","5","1","1","5","5","4","6","3","1","2","2","1","1","2","6","2","1","7","1","1","1","1","1","2","1","7","1","3","799230569765543938","仲","102","Female","[""坏我"",""好我"",""好她"",""坏她""]","[""弱我"",""强我"",""强她"",""弱她""]","","","","","","","","","","","","","","","","","","feedback_test","","","","","","","","","","","","","","","","","","","","",""
"720","","f","psychophysics","808","1542844","0.0-10.0-1.0-4.0-0.1-0.59","5","2","5","1","1","5","3","4","4","5","5","0","0","1","2","-2","1","1","2","5","4","5","4","2","1","2","3","4","3","4","6","4","8","3","7","6","5","7","5","5","3","3","6","2","5","2","5","5","1","2","2","5","1","1","5","5","4","6","3","1","2","2","1","1","2","6","2","1","7","1","1","1","1","1","2","1","7","1","3","799230569765543938","仲","102","Female","[""坏我"",""好我"",""好她"",""坏她""]","[""弱我"",""强我"",""强她"",""弱她""]","","","","","","","","match","","","","","","","","","ALT2","ability","","key","f","16.66504854368932","683","380","","强她","","","","f","true","","","match","","img/diamond.png","强她","",""
"null","<span style='color:GreenYellow; font-size: 70px;'>正确! </span>","null","html-keyboard-response","809","1543351","0.0-10.0-1.0-4.0-0.1-1.59","5","2","5","1","1","5","3","4","4","5","5","0","0","1","2","-2","1","1","2","5","4","5","4","2","1","2","3","4","3","4","6","4","8","3","7","6","5","7","5","5","3","3","6","2","5","2","5","5","1","2","2","5","1","1","5","5","4","6","3","1","2","2","1","1","2","6","2","1","7","1","1","1","1","1","2","1","7","1","3","799230569765543938","仲","102","Female","[""坏我"",""好我"",""好她"",""坏她""]","[""弱我"",""强我"",""强她"",""弱她""]","","","","","","","","","","","","","","","","","","feedback_test","","","","","","","","","","","","","","","","","","","","",""
"720","","f","psychophysics","810","1545076","0.0-10.0-1.0-4.0-0.1-0.60","5","2","5","1","1","5","3","4","4","5","5","0","0","1","2","-2","1","1","2","5","4","5","4","2","1","2","3","4","3","4","6","4","8","3","7","6","5","7","5","5","3","3","6","2","5","2","5","5","1","2","2","5","1","1","5","5","4","6","3","1","2","2","1","1","2","6","2","1","7","1","1","1","1","1","2","1","7","1","3","799230569765543938","仲","102","Female","[""坏我"",""好我"",""好她"",""坏她""]","[""弱我"",""强我"",""强她"",""弱她""]","","","","","","","","match","","","","","","","","","ALT2","ability","","key","f","16.66568627450889","683","380","","强她","","","","f","true","","","match","","img/diamond.png","强她","",""
"null","<span style='color:GreenYellow; font-size: 70px;'>正确! </span>","null","html-keyboard-response","811","1545583","0.0-10.0-1.0-4.0-0.1-1.60","5","2","5","1","1","5","3","4","4","5","5","0","0","1","2","-2","1","1","2","5","4","5","4","2","1","2","3","4","3","4","6","4","8","3","7","6","5","7","5","5","3","3","6","2","5","2","5","5","1","2","2","5","1","1","5","5","4","6","3","1","2","2","1","1","2","6","2","1","7","1","1","1","1","1","2","1","7","1","3","799230569765543938","仲","102","Female","[""坏我"",""好我"",""好她"",""坏她""]","[""弱我"",""强我"",""强她"",""弱她""]","","","","","","","","","","","","","","","","","","feedback_test","","","","","","","","","","","","","","","","","","","","",""
"771","","j","psychophysics","812","1547362","0.0-10.0-1.0-4.0-0.1-0.61","5","2","5","1","1","5","3","4","4","5","5","0","0","1","2","-2","1","1","2","5","4","5","4","2","1","2","3","4","3","4","6","4","8","3","7","6","5","7","5","5","3","3","6","2","5","2","5","5","1","2","2","5","1","1","5","5","4","6","3","1","2","2","1","1","2","6","2","1","7","1","1","1","1","1","2","1","7","1","3","799230569765543938","仲","102","Female","[""坏我"",""好我"",""好她"",""坏她""]","[""弱我"",""强我"",""强她"",""弱她""]","","","","","","","","nonmatch","","","","","","","","","ALT2","ability","","key","j","16.66509433962264","683","380","","弱我","","","","j","true","","","nonmatch","","img/diamond.png","强她","",""
"null","<span style='color:GreenYellow; font-size: 70px;'>正确! </span>","null","html-keyboard-response","813","1547865","0.0-10.0-1.0-4.0-0.1-1.61","5","2","5","1","1","5","3","4","4","5","5","0","0","1","2","-2","1","1","2","5","4","5","4","2","1","2","3","4","3","4","6","4","8","3","7","6","5","7","5","5","3","3","6","2","5","2","5","5","1","2","2","5","1","1","5","5","4","6","3","1","2","2","1","1","2","6","2","1","7","1","1","1","1","1","2","1","7","1","3","799230569765543938","仲","102","Female","[""坏我"",""好我"",""好她"",""坏她""]","[""弱我"",""强我"",""强她"",""弱她""]","","","","","","","","","","","","","","","","","","feedback_test","","","","","","","","","","","","","","","","","","","","",""
"1012","","j","psychophysics","814","1549879","0.0-10.0-1.0-4.0-0.1-0.62","5","2","5","1","1","5","3","4","4","5","5","0","0","1","2","-2","1","1","2","5","4","5","4","2","1","2","3","4","3","4","6","4","8","3","7","6","5","7","5","5","3","3","6","2","5","2","5","5","1","2","2","5","1","1","5","5","4","6","3","1","2","2","1","1","2","6","2","1","7","1","1","1","1","1","2","1","7","1","3","799230569765543938","仲","102","Female","[""坏我"",""好我"",""好她"",""坏她""]","[""弱我"",""强我"",""强她"",""弱她""]","","","","","","","","nonmatch","","","","","","","","","ALT2","ability","","key","j","16.665254237288135","683","380","","弱她","","","","j","true","","","nonmatch","","img/pentagon.png","强我","",""
"null","<span style='color:GreenYellow; font-size: 70px;'>正确! </span>","null","html-keyboard-response","815","1550381","0.0-10.0-1.0-4.0-0.1-1.62","5","2","5","1","1","5","3","4","4","5","5","0","0","1","2","-2","1","1","2","5","4","5","4","2","1","2","3","4","3","4","6","4","8","3","7","6","5","7","5","5","3","3","6","2","5","2","5","5","1","2","2","5","1","1","5","5","4","6","3","1","2","2","1","1","2","6","2","1","7","1","1","1","1","1","2","1","7","1","3","799230569765543938","仲","102","Female","[""坏我"",""好我"",""好她"",""坏她""]","[""弱我"",""强我"",""强她"",""弱她""]","","","","","","","","","","","","","","","","","","feedback_test","","","","","","","","","","","","","","","","","","","","",""
"801","","f","psychophysics","816","1552186","0.0-10.0-1.0-4.0-0.1-0.63","5","2","5","1","1","5","3","4","4","5","5","0","0","1","2","-2","1","1","2","5","4","5","4","2","1","2","3","4","3","4","6","4","8","3","7","6","5","7","5","5","3","3","6","2","5","2","5","5","1","2","2","5","1","1","5","5","4","6","3","1","2","2","1","1","2","6","2","1","7","1","1","1","1","1","2","1","7","1","3","799230569765543938","仲","102","Female","[""坏我"",""好我"",""好她"",""坏她""]","[""弱我"",""强我"",""强她"",""弱她""]","","","","","","","","match","","","","","","","","","ALT2","ability","","key","f","16.6657142857134","683","380","","强我","","","","f","true","","","match","","img/pentagon.png","强我","",""
"null","<span style='color:GreenYellow; font-size: 70px;'>正确! </span>","null","html-keyboard-response","817","1552690","0.0-10.0-1.0-4.0-0.1-1.63","5","2","5","1","1","5","3","4","4","5","5","0","0","1","2","-2","1","1","2","5","4","5","4","2","1","2","3","4","3","4","6","4","8","3","7","6","5","7","5","5","3","3","6","2","5","2","5","5","1","2","2","5","1","1","5","5","4","6","3","1","2","2","1","1","2","6","2","1","7","1","1","1","1","1","2","1","7","1","3","799230569765543938","仲","102","Female","[""坏我"",""好我"",""好她"",""坏她""]","[""弱我"",""强我"",""强她"",""弱她""]","","","","","","","","","","","","","","","","","","feedback_test","","","","","","","","","","","","","","","","","","","","",""
"899","","j","psychophysics","818","1554599","0.0-10.0-1.0-4.0-0.1-0.64","5","2","5","1","1","5","3","4","4","5","5","0","0","1","2","-2","1","1","2","5","4","5","4","2","1","2","3","4","3","4","6","4","8","3","7","6","5","7","5","5","3","3","6","2","5","2","5","5","1","2","2","5","1","1","5","5","4","6","3","1","2","2","1","1","2","6","2","1","7","1","1","1","1","1","2","1","7","1","3","799230569765543938","仲","102","Female","[""坏我"",""好我"",""好她"",""坏她""]","[""弱我"",""强我"",""强她"",""弱她""]","","","","","","","","nonmatch","","","","","","","","","ALT2","ability","","key","j","16.66607142857226","683","380","","强她","","","","j","true","","","nonmatch","","img/pentagon.png","强我","",""
"null","<span style='color:GreenYellow; font-size: 70px;'>正确! </span>","null","html-keyboard-response","819","1555107","0.0-10.0-1.0-4.0-0.1-1.64","5","2","5","1","1","5","3","4","4","5","5","0","0","1","2","-2","1","1","2","5","4","5","4","2","1","2","3","4","3","4","6","4","8","3","7","6","5","7","5","5","3","3","6","2","5","2","5","5","1","2","2","5","1","1","5","5","4","6","3","1","2","2","1","1","2","6","2","1","7","1","1","1","1","1","2","1","7","1","3","799230569765543938","仲","102","Female","[""坏我"",""好我"",""好她"",""坏她""]","[""弱我"",""强我"",""强她"",""弱她""]","","","","","","","","","","","","","","","","","","feedback_test","","","","","","","","","","","","","","","","","","","","",""
"863","","f","psychophysics","820","1556974","0.0-10.0-1.0-4.0-0.1-0.65","5","2","5","1","1","5","3","4","4","5","5","0","0","1","2","-2","1","1","2","5","4","5","4","2","1","2","3","4","3","4","6","4","8","3","7","6","5","7","5","5","3","3","6","2","5","2","5","5","1","2","2","5","1","1","5","5","4","6","3","1","2","2","1","1","2","6","2","1","7","1","1","1","1","1","2","1","7","1","3","799230569765543938","仲","102","Female","[""坏我"",""好我"",""好她"",""坏她""]","[""弱我"",""强我"",""强她"",""弱她""]","","","","","","","","match","","","","","","","","","ALT2","ability","","key","f","16.66636363636406","683","380","","弱她","","","","f","true","","","match","","img/circle.png","弱她","",""
"null","<span style='color:GreenYellow; font-size: 70px;'>正确! </span>","null","html-keyboard-response","821","1557477","0.0-10.0-1.0-4.0-0.1-1.65","5","2","5","1","1","5","3","4","4","5","5","0","0","1","2","-2","1","1","2","5","4","5","4","2","1","2","3","4","3","4","6","4","8","3","7","6","5","7","5","5","3","3","6","2","5","2","5","5","1","2","2","5","1","1","5","5","4","6","3","1","2","2","1","1","2","6","2","1","7","1","1","1","1","1","2","1","7","1","3","799230569765543938","仲","102","Female","[""坏我"",""好我"",""好她"",""坏她""]","[""弱我"",""强我"",""强她"",""弱她""]","","","","","","","","","","","","","","","","","","feedback_test","","","","","","","","","","","","","","","","","","","","",""
"673","","j","psychophysics","822","1559155","0.0-10.0-1.0-4.0-0.1-0.66","5","2","5","1","1","5","3","4","4","5","5","0","0","1","2","-2","1","1","2","5","4","5","4","2","1","2","3","4","3","4","6","4","8","3","7","6","5","7","5","5","3","3","6","2","5","2","5","5","1","2","2","5","1","1","5","5","4","6","3","1","2","2","1","1","2","6","2","1","7","1","1","1","1","1","2","1","7","1","3","799230569765543938","仲","102","Female","[""坏我"",""好我"",""好她"",""坏她""]","[""弱我"",""强我"",""强她"",""弱她""]","","","","","","","","nonmatch","","","","","","","","","ALT2","ability","","key","j","16.666666666666668","683","380","","弱我","","","","j","true","","","nonmatch","","img/circle.png","弱她","",""
"null","<span style='color:GreenYellow; font-size: 70px;'>正确! </span>","null","html-keyboard-response","823","1559659","0.0-10.0-1.0-4.0-0.1-1.66","5","2","5","1","1","5","3","4","4","5","5","0","0","1","2","-2","1","1","2","5","4","5","4","2","1","2","3","4","3","4","6","4","8","3","7","6","5","7","5","5","3","3","6","2","5","2","5","5","1","2","2","5","1","1","5","5","4","6","3","1","2","2","1","1","2","6","2","1","7","1","1","1","1","1","2","1","7","1","3","799230569765543938","仲","102","Female","[""坏我"",""好我"",""好她"",""坏她""]","[""弱我"",""强我"",""强她"",""弱她""]","","","","","","","","","","","","","","","","","","feedback_test","","","","","","","","","","","","","","","","","","","","",""
"741","","f","psychophysics","824","1561409","0.0-10.0-1.0-4.0-0.1-0.67","5","2","5","1","1","5","3","4","4","5","5","0","0","1","2","-2","1","1","2","5","4","5","4","2","1","2","3","4","3","4","6","4","8","3","7","6","5","7","5","5","3","3","6","2","5","2","5","5","1","2","2","5","1","1","5","5","4","6","3","1","2","2","1","1","2","6","2","1","7","1","1","1","1","1","2","1","7","1","3","799230569765543938","仲","102","Female","[""坏我"",""好我"",""好她"",""坏她""]","[""弱我"",""强我"",""强她"",""弱她""]","","","","","","","","match","","","","","","","","","ALT2","ability","","key","f","16.665384615384166","683","380","","强我","","","","j","false","","","nonmatch","","img/diamond.png","强她","",""
"null","<span style='color:red; font-size: 70px;'>错误! </span>","null","html-keyboard-response","825","1561916","0.0-10.0-1.0-4.0-0.1-1.67","5","2","5","1","1","5","3","4","4","5","5","0","0","1","2","-2","1","1","2","5","4","5","4","2","1","2","3","4","3","4","6","4","8","3","7","6","5","7","5","5","3","3","6","2","5","2","5","5","1","2","2","5","1","1","5","5","4","6","3","1","2","2","1","1","2","6","2","1","7","1","1","1","1","1","2","1","7","1","3","799230569765543938","仲","102","Female","[""坏我"",""好我"",""好她"",""坏她""]","[""弱我"",""强我"",""强她"",""弱她""]","","","","","","","","","","","","","","","","","","feedback_test","","","","","","","","","","","","","","","","","","","","",""
"606","","f","psychophysics","826","1563523","0.0-10.0-1.0-4.0-0.1-0.68","5","2","5","1","1","5","3","4","4","5","5","0","0","1","2","-2","1","1","2","5","4","5","4","2","1","2","3","4","3","4","6","4","8","3","7","6","5","7","5","5","3","3","6","2","5","2","5","5","1","2","2","5","1","1","5","5","4","6","3","1","2","2","1","1","2","6","2","1","7","1","1","1","1","1","2","1","7","1","3","799230569765543938","仲","102","Female","[""坏我"",""好我"",""好她"",""坏她""]","[""弱我"",""强我"",""强她"",""弱她""]","","","","","","","","match","","","","","","","","","ALT2","ability","","key","f","16.666315789474176","683","380","","弱我","","","","f","true","","","match","","img/trapezoid.png","弱我","",""
"null","<span style='color:GreenYellow; font-size: 70px;'>正确! </span>","null","html-keyboard-response","827","1564026","0.0-10.0-1.0-4.0-0.1-1.68","5","2","5","1","1","5","3","4","4","5","5","0","0","1","2","-2","1","1","2","5","4","5","4","2","1","2","3","4","3","4","6","4","8","3","7","6","5","7","5","5","3","3","6","2","5","2","5","5","1","2","2","5","1","1","5","5","4","6","3","1","2","2","1","1","2","6","2","1","7","1","1","1","1","1","2","1","7","1","3","799230569765543938","仲","102","Female","[""坏我"",""好我"",""好她"",""坏她""]","[""弱我"",""强我"",""强她"",""弱她""]","","","","","","","","","","","","","","","","","","feedback_test","","","","","","","","","","","","","","","","","","","","",""
"746","","j","psychophysics","828","1565774","0.0-10.0-1.0-4.0-0.1-0.69","5","2","5","1","1","5","3","4","4","5","5","0","0","1","2","-2","1","1","2","5","4","5","4","2","1","2","3","4","3","4","6","4","8","3","7","6","5","7","5","5","3","3","6","2","5","2","5","5","1","2","2","5","1","1","5","5","4","6","3","1","2","2","1","1","2","6","2","1","7","1","1","1","1","1","2","1","7","1","3","799230569765543938","仲","102","Female","[""坏我"",""好我"",""好她"",""坏她""]","[""弱我"",""强我"",""强她"",""弱她""]","","","","","","","","nonmatch","","","","","","","","","ALT2","ability","","key","j","16.66504854368932","683","380","","弱我","","","","j","true","","","nonmatch","","img/pentagon.png","强我","",""
"null","<span style='color:GreenYellow; font-size: 70px;'>正确! </span>","null","html-keyboard-response","829","1566279","0.0-10.0-1.0-4.0-0.1-1.69","5","2","5","1","1","5","3","4","4","5","5","0","0","1","2","-2","1","1","2","5","4","5","4","2","1","2","3","4","3","4","6","4","8","3","7","6","5","7","5","5","3","3","6","2","5","2","5","5","1","2","2","5","1","1","5","5","4","6","3","1","2","2","1","1","2","6","2","1","7","1","1","1","1","1","2","1","7","1","3","799230569765543938","仲","102","Female","[""坏我"",""好我"",""好她"",""坏她""]","[""弱我"",""强我"",""强她"",""弱她""]","","","","","","","","","","","","","","","","","","feedback_test","","","","","","","","","","","","","","","","","","","","",""
"853","","j","psychophysics","830","1568138","0.0-10.0-1.0-4.0-0.1-0.70","5","2","5","1","1","5","3","4","4","5","5","0","0","1","2","-2","1","1","2","5","4","5","4","2","1","2","3","4","3","4","6","4","8","3","7","6","5","7","5","5","3","3","6","2","5","2","5","5","1","2","2","5","1","1","5","5","4","6","3","1","2","2","1","1","2","6","2","1","7","1","1","1","1","1","2","1","7","1","3","799230569765543938","仲","102","Female","[""坏我"",""好我"",""好她"",""坏她""]","[""弱我"",""强我"",""强她"",""弱她""]","","","","","","","","nonmatch","","","","","","","","","ALT2","ability","","key","j","16.66545454545412","683","380","","弱她","","","","j","true","","","nonmatch","","img/diamond.png","强她","",""
"null","<span style='color:GreenYellow; font-size: 70px;'>正确! </span>","null","html-keyboard-response","831","1568644","0.0-10.0-1.0-4.0-0.1-1.70","5","2","5","1","1","5","3","4","4","5","5","0","0","1","2","-2","1","1","2","5","4","5","4","2","1","2","3","4","3","4","6","4","8","3","7","6","5","7","5","5","3","3","6","2","5","2","5","5","1","2","2","5","1","1","5","5","4","6","3","1","2","2","1","1","2","6","2","1","7","1","1","1","1","1","2","1","7","1","3","799230569765543938","仲","102","Female","[""坏我"",""好我"",""好她"",""坏她""]","[""弱我"",""强我"",""强她"",""弱她""]","","","","","","","","","","","","","","","","","","feedback_test","","","","","","","","","","","","","","","","","","","","",""
"614","","f","psychophysics","832","1570263","0.0-10.0-1.0-4.0-0.1-0.71","5","2","5","1","1","5","3","4","4","5","5","0","0","1","2","-2","1","1","2","5","4","5","4","2","1","2","3","4","3","4","6","4","8","3","7","6","5","7","5","5","3","3","6","2","5","2","5","5","1","2","2","5","1","1","5","5","4","6","3","1","2","2","1","1","2","6","2","1","7","1","1","1","1","1","2","1","7","1","3","799230569765543938","仲","102","Female","[""坏我"",""好我"",""好她"",""坏她""]","[""弱我"",""强我"",""强她"",""弱她""]","","","","","","","","match","","","","","","","","","ALT2","ability","","key","f","16.66421052631677","683","380","","弱我","","","","f","true","","","match","","img/trapezoid.png","弱我","",""
"null","<span style='color:GreenYellow; font-size: 70px;'>正确! </span>","null","html-keyboard-response","833","1570772","0.0-10.0-1.0-4.0-0.1-1.71","5","2","5","1","1","5","3","4","4","5","5","0","0","1","2","-2","1","1","2","5","4","5","4","2","1","2","3","4","3","4","6","4","8","3","7","6","5","7","5","5","3","3","6","2","5","2","5","5","1","2","2","5","1","1","5","5","4","6","3","1","2","2","1","1","2","6","2","1","7","1","1","1","1","1","2","1","7","1","3","799230569765543938","仲","102","Female","[""坏我"",""好我"",""好她"",""坏她""]","[""弱我"",""强我"",""强她"",""弱她""]","","","","","","","","","","","","","","","","","","feedback_test","","","","","","","","","","","","","","","","","","","","",""
"736","","j","psychophysics","834","1572517","0.0-10.0-1.0-4.0-0.1-0.72","5","2","5","1","1","5","3","4","4","5","5","0","0","1","2","-2","1","1","2","5","4","5","4","2","1","2","3","4","3","4","6","4","8","3","7","6","5","7","5","5","3","3","6","2","5","2","5","5","1","2","2","5","1","1","5","5","4","6","3","1","2","2","1","1","2","6","2","1","7","1","1","1","1","1","2","1","7","1","3","799230569765543938","仲","102","Female","[""坏我"",""好我"",""好她"",""坏她""]","[""弱我"",""强我"",""强她"",""弱她""]","","","","","","","","nonmatch","","","","","","","","","ALT2","ability","","key","j","16.6647058823534","683","380","","弱我","","","","j","true","","","nonmatch","","img/pentagon.png","强我","",""
"null","<span style='color:GreenYellow; font-size: 70px;'>正确! </span>","null","html-keyboard-response","835","1573021","0.0-10.0-1.0-4.0-0.1-1.72","5","2","5","1","1","5","3","4","4","5","5","0","0","1","2","-2","1","1","2","5","4","5","4","2","1","2","3","4","3","4","6","4","8","3","7","6","5","7","5","5","3","3","6","2","5","2","5","5","1","2","2","5","1","1","5","5","4","6","3","1","2","2","1","1","2","6","2","1","7","1","1","1","1","1","2","1","7","1","3","799230569765543938","仲","102","Female","[""坏我"",""好我"",""好她"",""坏她""]","[""弱我"",""强我"",""强她"",""弱她""]","","","","","","","","","","","","","","","","","","feedback_test","","","","","","","","","","","","","","","","","","","","",""
"771","","j","psychophysics","836","1574793","0.0-10.0-1.0-4.0-0.1-0.73","5","2","5","1","1","5","3","4","4","5","5","0","0","1","2","-2","1","1","2","5","4","5","4","2","1","2","3","4","3","4","6","4","8","3","7","6","5","7","5","5","3","3","6","2","5","2","5","5","1","2","2","5","1","1","5","5","4","6","3","1","2","2","1","1","2","6","2","1","7","1","1","1","1","1","2","1","7","1","3","799230569765543938","仲","102","Female","[""坏我"",""好我"",""好她"",""坏她""]","[""弱我"",""强我"",""强她"",""弱她""]","","","","","","","","nonmatch","","","","","","","","","ALT2","ability","","key","j","16.605714285712956","683","380","","强我","","","","j","true","","","nonmatch","","img/trapezoid.png","弱我","",""
"null","<span style='color:GreenYellow; font-size: 70px;'>正确! </span>","null","html-keyboard-response","837","1575302","0.0-10.0-1.0-4.0-0.1-1.73","5","2","5","1","1","5","3","4","4","5","5","0","0","1","2","-2","1","1","2","5","4","5","4","2","1","2","3","4","3","4","6","4","8","3","7","6","5","7","5","5","3","3","6","2","5","2","5","5","1","2","2","5","1","1","5","5","4","6","3","1","2","2","1","1","2","6","2","1","7","1","1","1","1","1","2","1","7","1","3","799230569765543938","仲","102","Female","[""坏我"",""好我"",""好她"",""坏她""]","[""弱我"",""强我"",""强她"",""弱她""]","","","","","","","","","","","","","","","","","","feedback_test","","","","","","","","","","","","","","","","","","","","",""
"712","","f","psychophysics","838","1577017","0.0-10.0-1.0-4.0-0.1-0.74","5","2","5","1","1","5","3","4","4","5","5","0","0","1","2","-2","1","1","2","5","4","5","4","2","1","2","3","4","3","4","6","4","8","3","7","6","5","7","5","5","3","3","6","2","5","2","5","5","1","2","2","5","1","1","5","5","4","6","3","1","2","2","1","1","2","6","2","1","7","1","1","1","1","1","2","1","7","1","3","799230569765543938","仲","102","Female","[""坏我"",""好我"",""好她"",""坏她""]","[""弱我"",""强我"",""强她"",""弱她""]","","","","","","","","match","","","","","","","","","ALT2","ability","","key","f","16.665686274511174","683","380","","弱我","","","","f","true","","","match","","img/trapezoid.png","弱我","",""
"null","<span style='color:GreenYellow; font-size: 70px;'>正确! </span>","null","html-keyboard-response","839","1577523","0.0-10.0-1.0-4.0-0.1-1.74","5","2","5","1","1","5","3","4","4","5","5","0","0","1","2","-2","1","1","2","5","4","5","4","2","1","2","3","4","3","4","6","4","8","3","7","6","5","7","5","5","3","3","6","2","5","2","5","5","1","2","2","5","1","1","5","5","4","6","3","1","2","2","1","1","2","6","2","1","7","1","1","1","1","1","2","1","7","1","3","799230569765543938","仲","102","Female","[""坏我"",""好我"",""好她"",""坏她""]","[""弱我"",""强我"",""强她"",""弱她""]","","","","","","","","","","","","","","","","","","feedback_test","","","","","","","","","","","","","","","","","","","","",""
"674","","j","psychophysics","840","1579198","0.0-10.0-1.0-4.0-0.1-0.75","5","2","5","1","1","5","3","4","4","5","5","0","0","1","2","-2","1","1","2","5","4","5","4","2","1","2","3","4","3","4","6","4","8","3","7","6","5","7","5","5","3","3","6","2","5","2","5","5","1","2","2","5","1","1","5","5","4","6","3","1","2","2","1","1","2","6","2","1","7","1","1","1","1","1","2","1","7","1","3","799230569765543938","仲","102","Female","[""坏我"",""好我"",""好她"",""坏她""]","[""弱我"",""强我"",""强她"",""弱她""]","","","","","","","","nonmatch","","","","","","","","","ALT2","ability","","key","j","16.666666666666668","683","380","","弱她","","","","j","true","","","nonmatch","","img/pentagon.png","强我","",""
"null","<span style='color:GreenYellow; font-size: 70px;'>正确! </span>","null","html-keyboard-response","841","1579704","0.0-10.0-1.0-4.0-0.1-1.75","5","2","5","1","1","5","3","4","4","5","5","0","0","1","2","-2","1","1","2","5","4","5","4","2","1","2","3","4","3","4","6","4","8","3","7","6","5","7","5","5","3","3","6","2","5","2","5","5","1","2","2","5","1","1","5","5","4","6","3","1","2","2","1","1","2","6","2","1","7","1","1","1","1","1","2","1","7","1","3","799230569765543938","仲","102","Female","[""坏我"",""好我"",""好她"",""坏她""]","[""弱我"",""强我"",""强她"",""弱她""]","","","","","","","","","","","","","","","","","","feedback_test","","","","","","","","","","","","","","","","","","","","",""
"602","","f","psychophysics","842","1581308","0.0-10.0-1.0-4.0-0.1-0.76","5","2","5","1","1","5","3","4","4","5","5","0","0","1","2","-2","1","1","2","5","4","5","4","2","1","2","3","4","3","4","6","4","8","3","7","6","5","7","5","5","3","3","6","2","5","2","5","5","1","2","2","5","1","1","5","5","4","6","3","1","2","2","1","1","2","6","2","1","7","1","1","1","1","1","2","1","7","1","3","799230569765543938","仲","102","Female","[""坏我"",""好我"",""好她"",""坏她""]","[""弱我"",""强我"",""强她"",""弱她""]","","","","","","","","match","","","","","","","","","ALT2","ability","","key","f","16.598947368420074","683","380","","强我","","","","f","true","","","match","","img/pentagon.png","强我","",""
"null","<span style='color:GreenYellow; font-size: 70px;'>正确! </span>","null","html-keyboard-response","843","1581810","0.0-10.0-1.0-4.0-0.1-1.76","5","2","5","1","1","5","3","4","4","5","5","0","0","1","2","-2","1","1","2","5","4","5","4","2","1","2","3","4","3","4","6","4","8","3","7","6","5","7","5","5","3","3","6","2","5","2","5","5","1","2","2","5","1","1","5","5","4","6","3","1","2","2","1","1","2","6","2","1","7","1","1","1","1","1","2","1","7","1","3","799230569765543938","仲","102","Female","[""坏我"",""好我"",""好她"",""坏她""]","[""弱我"",""强我"",""强她"",""弱她""]","","","","","","","","","","","","","","","","","","feedback_test","","","","","","","","","","","","","","","","","","","","",""
"777","","f","psychophysics","844","1583593","0.0-10.0-1.0-4.0-0.1-0.77","5","2","5","1","1","5","3","4","4","5","5","0","0","1","2","-2","1","1","2","5","4","5","4","2","1","2","3","4","3","4","6","4","8","3","7","6","5","7","5","5","3","3","6","2","5","2","5","5","1","2","2","5","1","1","5","5","4","6","3","1","2","2","1","1","2","6","2","1","7","1","1","1","1","1","2","1","7","1","3","799230569765543938","仲","102","Female","[""坏我"",""好我"",""好她"",""坏她""]","[""弱我"",""强我"",""强她"",""弱她""]","","","","","","","","match","","","","","","","","","ALT2","ability","","key","f","16.66509433962264","683","380","","强她","","","","f","true","","","match","","img/diamond.png","强她","",""
"null","<span style='color:GreenYellow; font-size: 70px;'>正确! </span>","null","html-keyboard-response","845","1584098","0.0-10.0-1.0-4.0-0.1-1.77","5","2","5","1","1","5","3","4","4","5","5","0","0","1","2","-2","1","1","2","5","4","5","4","2","1","2","3","4","3","4","6","4","8","3","7","6","5","7","5","5","3","3","6","2","5","2","5","5","1","2","2","5","1","1","5","5","4","6","3","1","2","2","1","1","2","6","2","1","7","1","1","1","1","1","2","1","7","1","3","799230569765543938","仲","102","Female","[""坏我"",""好我"",""好她"",""坏她""]","[""弱我"",""强我"",""强她"",""弱她""]","","","","","","","","","","","","","","","","","","feedback_test","","","","","","","","","","","","","","","","","","","","",""
"689","","j","psychophysics","846","1585794","0.0-10.0-1.0-4.0-0.1-0.78","5","2","5","1","1","5","3","4","4","5","5","0","0","1","2","-2","1","1","2","5","4","5","4","2","1","2","3","4","3","4","6","4","8","3","7","6","5","7","5","5","3","3","6","2","5","2","5","5","1","2","2","5","1","1","5","5","4","6","3","1","2","2","1","1","2","6","2","1","7","1","1","1","1","1","2","1","7","1","3","799230569765543938","仲","102","Female","[""坏我"",""好我"",""好她"",""坏她""]","[""弱我"",""强我"",""强她"",""弱她""]","","","","","","","","nonmatch","","","","","","","","","ALT2","ability","","key","j","16.663999999999067","683","380","","强她","","","","j","true","","","nonmatch","","img/circle.png","弱她","",""
"null","<span style='color:GreenYellow; font-size: 70px;'>正确! </span>","null","html-keyboard-response","847","1586302","0.0-10.0-1.0-4.0-0.1-1.78","5","2","5","1","1","5","3","4","4","5","5","0","0","1","2","-2","1","1","2","5","4","5","4","2","1","2","3","4","3","4","6","4","8","3","7","6","5","7","5","5","3","3","6","2","5","2","5","5","1","2","2","5","1","1","5","5","4","6","3","1","2","2","1","1","2","6","2","1","7","1","1","1","1","1","2","1","7","1","3","799230569765543938","仲","102","Female","[""坏我"",""好我"",""好她"",""坏她""]","[""弱我"",""强我"",""强她"",""弱她""]","","","","","","","","","","","","","","","","","","feedback_test","","","","","","","","","","","","","","","","","","","","",""
"856","","f","psychophysics","848","1588161","0.0-10.0-1.0-4.0-0.1-0.79","5","2","5","1","1","5","3","4","4","5","5","0","0","1","2","-2","1","1","2","5","4","5","4","2","1","2","3","4","3","4","6","4","8","3","7","6","5","7","5","5","3","3","6","2","5","2","5","5","1","2","2","5","1","1","5","5","4","6","3","1","2","2","1","1","2","6","2","1","7","1","1","1","1","1","2","1","7","1","3","799230569765543938","仲","102","Female","[""坏我"",""好我"",""好她"",""坏她""]","[""弱我"",""强我"",""强她"",""弱她""]","","","","","","","","match","","","","","","","","","ALT2","ability","","key","f","16.665765765767024","683","380","","强她","","","","j","false","","","nonmatch","","img/pentagon.png","强我","",""
"null","<span style='color:red; font-size: 70px;'>错误! </span>","null","html-keyboard-response","849","1588669","0.0-10.0-1.0-4.0-0.1-1.79","5","2","5","1","1","5","3","4","4","5","5","0","0","1","2","-2","1","1","2","5","4","5","4","2","1","2","3","4","3","4","6","4","8","3","7","6","5","7","5","5","3","3","6","2","5","2","5","5","1","2","2","5","1","1","5","5","4","6","3","1","2","2","1","1","2","6","2","1","7","1","1","1","1","1","2","1","7","1","3","799230569765543938","仲","102","Female","[""坏我"",""好我"",""好她"",""坏她""]","[""弱我"",""强我"",""强她"",""弱她""]","","","","","","","","","","","","","","","","","","feedback_test","","","","","","","","","","","","","","","","","","","","",""
"779","","f","psychophysics","850","1590450","0.0-10.0-1.0-4.0-0.1-0.80","5","2","5","1","1","5","3","4","4","5","5","0","0","1","2","-2","1","1","2","5","4","5","4","2","1","2","3","4","3","4","6","4","8","3","7","6","5","7","5","5","3","3","6","2","5","2","5","5","1","2","2","5","1","1","5","5","4","6","3","1","2","2","1","1","2","6","2","1","7","1","1","1","1","1","2","1","7","1","3","799230569765543938","仲","102","Female","[""坏我"",""好我"",""好她"",""坏她""]","[""弱我"",""强我"",""强她"",""弱她""]","","","","","","","","match","","","","","","","","","ALT2","ability","","key","f","16.665384615384166","683","380","","弱她","","","","f","true","","","match","","img/circle.png","弱她","",""
"null","<span style='color:GreenYellow; font-size: 70px;'>正确! </span>","null","html-keyboard-response","851","1590959","0.0-10.0-1.0-4.0-0.1-1.80","5","2","5","1","1","5","3","4","4","5","5","0","0","1","2","-2","1","1","2","5","4","5","4","2","1","2","3","4","3","4","6","4","8","3","7","6","5","7","5","5","3","3","6","2","5","2","5","5","1","2","2","5","1","1","5","5","4","6","3","1","2","2","1","1","2","6","2","1","7","1","1","1","1","1","2","1","7","1","3","799230569765543938","仲","102","Female","[""坏我"",""好我"",""好她"",""坏她""]","[""弱我"",""强我"",""强她"",""弱她""]","","","","","","","","","","","","","","","","","","feedback_test","","","","","","","","","","","","","","","","","","","","",""
"677","","j","psychophysics","852","1592642","0.0-10.0-1.0-4.0-0.1-0.81","5","2","5","1","1","5","3","4","4","5","5","0","0","1","2","-2","1","1","2","5","4","5","4","2","1","2","3","4","3","4","6","4","8","3","7","6","5","7","5","5","3","3","6","2","5","2","5","5","1","2","2","5","1","1","5","5","4","6","3","1","2","2","1","1","2","6","2","1","7","1","1","1","1","1","2","1","7","1","3","799230569765543938","仲","102","Female","[""坏我"",""好我"",""好她"",""坏她""]","[""弱我"",""强我"",""强她"",""弱她""]","","","","","","","","nonmatch","","","","","","","","","ALT2","ability","","key","j","16.666666666666668","683","380","","弱我","","","","j","true","","","nonmatch","","img/circle.png","弱她","",""
"null","<span style='color:GreenYellow; font-size: 70px;'>正确! </span>","null","html-keyboard-response","853","1593150","0.0-10.0-1.0-4.0-0.1-1.81","5","2","5","1","1","5","3","4","4","5","5","0","0","1","2","-2","1","1","2","5","4","5","4","2","1","2","3","4","3","4","6","4","8","3","7","6","5","7","5","5","3","3","6","2","5","2","5","5","1","2","2","5","1","1","5","5","4","6","3","1","2","2","1","1","2","6","2","1","7","1","1","1","1","1","2","1","7","1","3","799230569765543938","仲","102","Female","[""坏我"",""好我"",""好她"",""坏她""]","[""弱我"",""强我"",""强她"",""弱她""]","","","","","","","","","","","","","","","","","","feedback_test","","","","","","","","","","","","","","","","","","","","",""
"699","","j","psychophysics","854","1594856","0.0-10.0-1.0-4.0-0.1-0.82","5","2","5","1","1","5","3","4","4","5","5","0","0","1","2","-2","1","1","2","5","4","5","4","2","1","2","3","4","3","4","6","4","8","3","7","6","5","7","5","5","3","3","6","2","5","2","5","5","1","2","2","5","1","1","5","5","4","6","3","1","2","2","1","1","2","6","2","1","7","1","1","1","1","1","2","1","7","1","3","799230569765543938","仲","102","Female","[""坏我"",""好我"",""好她"",""坏她""]","[""弱我"",""强我"",""强她"",""弱她""]","","","","","","","","nonmatch","","","","","","","","","ALT2","ability","","key","j","16.66633663366383","683","380","","强她","","","","j","true","","","nonmatch","","img/trapezoid.png","弱我","",""
"null","<span style='color:GreenYellow; font-size: 70px;'>正确! </span>","null","html-keyboard-response","855","1595357","0.0-10.0-1.0-4.0-0.1-1.82","5","2","5","1","1","5","3","4","4","5","5","0","0","1","2","-2","1","1","2","5","4","5","4","2","1","2","3","4","3","4","6","4","8","3","7","6","5","7","5","5","3","3","6","2","5","2","5","5","1","2","2","5","1","1","5","5","4","6","3","1","2","2","1","1","2","6","2","1","7","1","1","1","1","1","2","1","7","1","3","799230569765543938","仲","102","Female","[""坏我"",""好我"",""好她"",""坏她""]","[""弱我"",""强我"",""强她"",""弱她""]","","","","","","","","","","","","","","","","","","feedback_test","","","","","","","","","","","","","","","","","","","","",""
"871","","f","psychophysics","856","1597229","0.0-10.0-1.0-4.0-0.1-0.83","5","2","5","1","1","5","3","4","4","5","5","0","0","1","2","-2","1","1","2","5","4","5","4","2","1","2","3","4","3","4","6","4","8","3","7","6","5","7","5","5","3","3","6","2","5","2","5","5","1","2","2","5","1","1","5","5","4","6","3","1","2","2","1","1","2","6","2","1","7","1","1","1","1","1","2","1","7","1","3","799230569765543938","仲","102","Female","[""坏我"",""好我"",""好她"",""坏她""]","[""弱我"",""强我"",""强她"",""弱她""]","","","","","","","","match","","","","","","","","","ALT2","ability","","key","f","16.665178571428573","683","380","","弱她","","","","f","true","","","match","","img/circle.png","弱她","",""
"null","<span style='color:GreenYellow; font-size: 70px;'>正确! </span>","null","html-keyboard-response","857","1597732","0.0-10.0-1.0-4.0-0.1-1.83","5","2","5","1","1","5","3","4","4","5","5","0","0","1","2","-2","1","1","2","5","4","5","4","2","1","2","3","4","3","4","6","4","8","3","7","6","5","7","5","5","3","3","6","2","5","2","5","5","1","2","2","5","1","1","5","5","4","6","3","1","2","2","1","1","2","6","2","1","7","1","1","1","1","1","2","1","7","1","3","799230569765543938","仲","102","Female","[""坏我"",""好我"",""好她"",""坏她""]","[""弱我"",""强我"",""强她"",""弱她""]","","","","","","","","","","","","","","","","","","feedback_test","","","","","","","","","","","","","","","","","","","","",""
"701","","f","psychophysics","858","1599441","0.0-10.0-1.0-4.0-0.1-0.84","5","2","5","1","1","5","3","4","4","5","5","0","0","1","2","-2","1","1","2","5","4","5","4","2","1","2","3","4","3","4","6","4","8","3","7","6","5","7","5","5","3","3","6","2","5","2","5","5","1","2","2","5","1","1","5","5","4","6","3","1","2","2","1","1","2","6","2","1","7","1","1","1","1","1","2","1","7","1","3","799230569765543938","仲","102","Female","[""坏我"",""好我"",""好她"",""坏她""]","[""弱我"",""强我"",""强她"",""弱她""]","","","","","","","","match","","","","","","","","","ALT2","ability","","key","f","16.66633663366383","683","380","","强我","","","","f","true","","","match","","img/pentagon.png","强我","",""
"null","<span style='color:GreenYellow; font-size: 70px;'>正确! </span>","null","html-keyboard-response","859","1599949","0.0-10.0-1.0-4.0-0.1-1.84","5","2","5","1","1","5","3","4","4","5","5","0","0","1","2","-2","1","1","2","5","4","5","4","2","1","2","3","4","3","4","6","4","8","3","7","6","5","7","5","5","3","3","6","2","5","2","5","5","1","2","2","5","1","1","5","5","4","6","3","1","2","2","1","1","2","6","2","1","7","1","1","1","1","1","2","1","7","1","3","799230569765543938","仲","102","Female","[""坏我"",""好我"",""好她"",""坏她""]","[""弱我"",""强我"",""强她"",""弱她""]","","","","","","","","","","","","","","","","","","feedback_test","","","","","","","","","","","","","","","","","","","","",""
"719","","j","psychophysics","860","1601670","0.0-10.0-1.0-4.0-0.1-0.85","5","2","5","1","1","5","3","4","4","5","5","0","0","1","2","-2","1","1","2","5","4","5","4","2","1","2","3","4","3","4","6","4","8","3","7","6","5","7","5","5","3","3","6","2","5","2","5","5","1","2","2","5","1","1","5","5","4","6","3","1","2","2","1","1","2","6","2","1","7","1","1","1","1","1","2","1","7","1","3","799230569765543938","仲","102","Female","[""坏我"",""好我"",""好她"",""坏她""]","[""弱我"",""强我"",""强她"",""弱她""]","","","","","","","","nonmatch","","","","","","","","","ALT2","ability","","key","j","16.665686274511174","683","380","","强我","","","","j","true","","","nonmatch","","img/diamond.png","强她","",""
"null","<span style='color:GreenYellow; font-size: 70px;'>正确! </span>","null","html-keyboard-response","861","1602173","0.0-10.0-1.0-4.0-0.1-1.85","5","2","5","1","1","5","3","4","4","5","5","0","0","1","2","-2","1","1","2","5","4","5","4","2","1","2","3","4","3","4","6","4","8","3","7","6","5","7","5","5","3","3","6","2","5","2","5","5","1","2","2","5","1","1","5","5","4","6","3","1","2","2","1","1","2","6","2","1","7","1","1","1","1","1","2","1","7","1","3","799230569765543938","仲","102","Female","[""坏我"",""好我"",""好她"",""坏她""]","[""弱我"",""强我"",""强她"",""弱她""]","","","","","","","","","","","","","","","","","","feedback_test","","","","","","","","","","","","","","","","","","","","",""
"669","","f","psychophysics","862","1603848","0.0-10.0-1.0-4.0-0.1-0.86","5","2","5","1","1","5","3","4","4","5","5","0","0","1","2","-2","1","1","2","5","4","5","4","2","1","2","3","4","3","4","6","4","8","3","7","6","5","7","5","5","3","3","6","2","5","2","5","5","1","2","2","5","1","1","5","5","4","6","3","1","2","2","1","1","2","6","2","1","7","1","1","1","1","1","2","1","7","1","3","799230569765543938","仲","102","Female","[""坏我"",""好我"",""好她"",""坏她""]","[""弱我"",""强我"",""强她"",""弱她""]","","","","","","","","match","","","","","","","","","ALT2","ability","","key","f","16.664646464644584","683","380","","强她","","","","f","true","","","match","","img/diamond.png","强她","",""
"null","<span style='color:GreenYellow; font-size: 70px;'>正确! </span>","null","html-keyboard-response","863","1604353","0.0-10.0-1.0-4.0-0.1-1.86","5","2","5","1","1","5","3","4","4","5","5","0","0","1","2","-2","1","1","2","5","4","5","4","2","1","2","3","4","3","4","6","4","8","3","7","6","5","7","5","5","3","3","6","2","5","2","5","5","1","2","2","5","1","1","5","5","4","6","3","1","2","2","1","1","2","6","2","1","7","1","1","1","1","1","2","1","7","1","3","799230569765543938","仲","102","Female","[""坏我"",""好我"",""好她"",""坏她""]","[""弱我"",""强我"",""强她"",""弱她""]","","","","","","","","","","","","","","","","","","feedback_test","","","","","","","","","","","","","","","","","","","","",""
"762","","f","psychophysics","864","1606120","0.0-10.0-1.0-4.0-0.1-0.87","5","2","5","1","1","5","3","4","4","5","5","0","0","1","2","-2","1","1","2","5","4","5","4","2","1","2","3","4","3","4","6","4","8","3","7","6","5","7","5","5","3","3","6","2","5","2","5","5","1","2","2","5","1","1","5","5","4","6","3","1","2","2","1","1","2","6","2","1","7","1","1","1","1","1","2","1","7","1","3","799230569765543938","仲","102","Female","[""坏我"",""好我"",""好她"",""坏她""]","[""弱我"",""强我"",""强她"",""弱她""]","","","","","","","","match","","","","","","","","","ALT2","ability","","key","f","16.6657142857134","683","380","","弱我","","","","j","false","","","nonmatch","","img/diamond.png","强她","",""
"null","<span style='color:red; font-size: 70px;'>错误! </span>","null","html-keyboard-response","865","1606621","0.0-10.0-1.0-4.0-0.1-1.87","5","2","5","1","1","5","3","4","4","5","5","0","0","1","2","-2","1","1","2","5","4","5","4","2","1","2","3","4","3","4","6","4","8","3","7","6","5","7","5","5","3","3","6","2","5","2","5","5","1","2","2","5","1","1","5","5","4","6","3","1","2","2","1","1","2","6","2","1","7","1","1","1","1","1","2","1","7","1","3","799230569765543938","仲","102","Female","[""坏我"",""好我"",""好她"",""坏她""]","[""弱我"",""强我"",""强她"",""弱她""]","","","","","","","","","","","","","","","","","","feedback_test","","","","","","","","","","","","","","","","","","","","",""
"993","","f","psychophysics","866","1608616","0.0-10.0-1.0-4.0-0.1-0.88","5","2","5","1","1","5","3","4","4","5","5","0","0","1","2","-2","1","1","2","5","4","5","4","2","1","2","3","4","3","4","6","4","8","3","7","6","5","7","5","5","3","3","6","2","5","2","5","5","1","2","2","5","1","1","5","5","4","6","3","1","2","2","1","1","2","6","2","1","7","1","1","1","1","1","2","1","7","1","3","799230569765543938","仲","102","Female","[""坏我"",""好我"",""好她"",""坏她""]","[""弱我"",""强我"",""强她"",""弱她""]","","","","","","","","match","","","","","","","","","ALT2","ability","","key","f","16.665546218487005","683","380","","弱我","","","","f","true","","","match","","img/trapezoid.png","弱我","",""
"null","<span style='color:GreenYellow; font-size: 70px;'>正确! </span>","null","html-keyboard-response","867","1609118","0.0-10.0-1.0-4.0-0.1-1.88","5","2","5","1","1","5","3","4","4","5","5","0","0","1","2","-2","1","1","2","5","4","5","4","2","1","2","3","4","3","4","6","4","8","3","7","6","5","7","5","5","3","3","6","2","5","2","5","5","1","2","2","5","1","1","5","5","4","6","3","1","2","2","1","1","2","6","2","1","7","1","1","1","1","1","2","1","7","1","3","799230569765543938","仲","102","Female","[""坏我"",""好我"",""好她"",""坏她""]","[""弱我"",""强我"",""强她"",""弱她""]","","","","","","","","","","","","","","","","","","feedback_test","","","","","","","","","","","","","","","","","","","","",""
"803","","f","psychophysics","868","1610927","0.0-10.0-1.0-4.0-0.1-0.89","5","2","5","1","1","5","3","4","4","5","5","0","0","1","2","-2","1","1","2","5","4","5","4","2","1","2","3","4","3","4","6","4","8","3","7","6","5","7","5","5","3","3","6","2","5","2","5","5","1","2","2","5","1","1","5","5","4","6","3","1","2","2","1","1","2","6","2","1","7","1","1","1","1","1","2","1","7","1","3","799230569765543938","仲","102","Female","[""坏我"",""好我"",""好她"",""坏她""]","[""弱我"",""强我"",""强她"",""弱她""]","","","","","","","","match","","","","","","","","","ALT2","ability","","key","f","16.664814814815244","683","380","","弱我","","","","f","true","","","match","","img/trapezoid.png","弱我","",""
"null","<span style='color:GreenYellow; font-size: 70px;'>正确! </span>","null","html-keyboard-response","869","1611432","0.0-10.0-1.0-4.0-0.1-1.89","5","2","5","1","1","5","3","4","4","5","5","0","0","1","2","-2","1","1","2","5","4","5","4","2","1","2","3","4","3","4","6","4","8","3","7","6","5","7","5","5","3","3","6","2","5","2","5","5","1","2","2","5","1","1","5","5","4","6","3","1","2","2","1","1","2","6","2","1","7","1","1","1","1","1","2","1","7","1","3","799230569765543938","仲","102","Female","[""坏我"",""好我"",""好她"",""坏她""]","[""弱我"",""强我"",""强她"",""弱她""]","","","","","","","","","","","","","","","","","","feedback_test","","","","","","","","","","","","","","","","","","","","",""
"626","","j","psychophysics","870","1613066","0.0-10.0-1.0-4.0-0.1-0.90","5","2","5","1","1","5","3","4","4","5","5","0","0","1","2","-2","1","1","2","5","4","5","4","2","1","2","3","4","3","4","6","4","8","3","7","6","5","7","5","5","3","3","6","2","5","2","5","5","1","2","2","5","1","1","5","5","4","6","3","1","2","2","1","1","2","6","2","1","7","1","1","1","1","1","2","1","7","1","3","799230569765543938","仲","102","Female","[""坏我"",""好我"",""好她"",""坏她""]","[""弱我"",""强我"",""强她"",""弱她""]","","","","","","","","nonmatch","","","","","","","","","ALT2","ability","","key","j","16.66597938144426","683","380","","弱她","","","","j","true","","","nonmatch","","img/trapezoid.png","弱我","",""
"null","<span style='color:GreenYellow; font-size: 70px;'>正确! </span>","null","html-keyboard-response","871","1613576","0.0-10.0-1.0-4.0-0.1-1.90","5","2","5","1","1","5","3","4","4","5","5","0","0","1","2","-2","1","1","2","5","4","5","4","2","1","2","3","4","3","4","6","4","8","3","7","6","5","7","5","5","3","3","6","2","5","2","5","5","1","2","2","5","1","1","5","5","4","6","3","1","2","2","1","1","2","6","2","1","7","1","1","1","1","1","2","1","7","1","3","799230569765543938","仲","102","Female","[""坏我"",""好我"",""好她"",""坏她""]","[""弱我"",""强我"",""强她"",""弱她""]","","","","","","","","","","","","","","","","","","feedback_test","","","","","","","","","","","","","","","","","","","","",""
"1152","","f","psychophysics","872","1615737","0.0-10.0-1.0-4.0-0.1-0.91","5","2","5","1","1","5","3","4","4","5","5","0","0","1","2","-2","1","1","2","5","4","5","4","2","1","2","3","4","3","4","6","4","8","3","7","6","5","7","5","5","3","3","6","2","5","2","5","5","1","2","2","5","1","1","5","5","4","6","3","1","2","2","1","1","2","6","2","1","7","1","1","1","1","1","2","1","7","1","3","799230569765543938","仲","102","Female","[""坏我"",""好我"",""好她"",""坏她""]","[""弱我"",""强我"",""强她"",""弱她""]","","","","","","","","match","","","","","","","","","ALT2","ability","","key","f","16.665354330708663","683","380","","弱她","","","","f","true","","","match","","img/circle.png","弱她","",""
"null","<span style='color:GreenYellow; font-size: 70px;'>正确! </span>","null","html-keyboard-response","873","1616245","0.0-10.0-1.0-4.0-0.1-1.91","5","2","5","1","1","5","3","4","4","5","5","0","0","1","2","-2","1","1","2","5","4","5","4","2","1","2","3","4","3","4","6","4","8","3","7","6","5","7","5","5","3","3","6","2","5","2","5","5","1","2","2","5","1","1","5","5","4","6","3","1","2","2","1","1","2","6","2","1","7","1","1","1","1","1","2","1","7","1","3","799230569765543938","仲","102","Female","[""坏我"",""好我"",""好她"",""坏她""]","[""弱我"",""强我"",""强她"",""弱她""]","","","","","","","","","","","","","","","","","","feedback_test","","","","","","","","","","","","","","","","","","","","",""
"707","","f","psychophysics","874","1617954","0.0-10.0-1.0-4.0-0.1-0.92","5","2","5","1","1","5","3","4","4","5","5","0","0","1","2","-2","1","1","2","5","4","5","4","2","1","2","3","4","3","4","6","4","8","3","7","6","5","7","5","5","3","3","6","2","5","2","5","5","1","2","2","5","1","1","5","5","4","6","3","1","2","2","1","1","2","6","2","1","7","1","1","1","1","1","2","1","7","1","3","799230569765543938","仲","102","Female","[""坏我"",""好我"",""好她"",""坏她""]","[""弱我"",""强我"",""强她"",""弱她""]","","","","","","","","match","","","","","","","","","ALT2","ability","","key","f","16.665999999998604","683","380","","强她","","","","f","true","","","match","","img/diamond.png","强她","",""
"null","<span style='color:GreenYellow; font-size: 70px;'>正确! </span>","null","html-keyboard-response","875","1618460","0.0-10.0-1.0-4.0-0.1-1.92","5","2","5","1","1","5","3","4","4","5","5","0","0","1","2","-2","1","1","2","5","4","5","4","2","1","2","3","4","3","4","6","4","8","3","7","6","5","7","5","5","3","3","6","2","5","2","5","5","1","2","2","5","1","1","5","5","4","6","3","1","2","2","1","1","2","6","2","1","7","1","1","1","1","1","2","1","7","1","3","799230569765543938","仲","102","Female","[""坏我"",""好我"",""好她"",""坏她""]","[""弱我"",""强我"",""强她"",""弱她""]","","","","","","","","","","","","","","","","","","feedback_test","","","","","","","","","","","","","","","","","","","","",""
"957","","f","psychophysics","876","1620419","0.0-10.0-1.0-4.0-0.1-0.93","5","2","5","1","1","5","3","4","4","5","5","0","0","1","2","-2","1","1","2","5","4","5","4","2","1","2","3","4","3","4","6","4","8","3","7","6","5","7","5","5","3","3","6","2","5","2","5","5","1","2","2","5","1","1","5","5","4","6","3","1","2","2","1","1","2","6","2","1","7","1","1","1","1","1","2","1","7","1","3","799230569765543938","仲","102","Female","[""坏我"",""好我"",""好她"",""坏她""]","[""弱我"",""强我"",""强她"",""弱她""]","","","","","","","","match","","","","","","","","","ALT2","ability","","key","f","16.666379310345228","683","380","","强我","","","","j","false","","","nonmatch","","img/circle.png","弱她","",""
"null","<span style='color:red; font-size: 70px;'>错误! </span>","null","html-keyboard-response","877","1620928","0.0-10.0-1.0-4.0-0.1-1.93","5","2","5","1","1","5","3","4","4","5","5","0","0","1","2","-2","1","1","2","5","4","5","4","2","1","2","3","4","3","4","6","4","8","3","7","6","5","7","5","5","3","3","6","2","5","2","5","5","1","2","2","5","1","1","5","5","4","6","3","1","2","2","1","1","2","6","2","1","7","1","1","1","1","1","2","1","7","1","3","799230569765543938","仲","102","Female","[""坏我"",""好我"",""好她"",""坏她""]","[""弱我"",""强我"",""强她"",""弱她""]","","","","","","","","","","","","","","","","","","feedback_test","","","","","","","","","","","","","","","","","","","","",""
"724","","f","psychophysics","878","1622660","0.0-10.0-1.0-4.0-0.1-0.94","5","2","5","1","1","5","3","4","4","5","5","0","0","1","2","-2","1","1","2","5","4","5","4","2","1","2","3","4","3","4","6","4","8","3","7","6","5","7","5","5","3","3","6","2","5","2","5","5","1","2","2","5","1","1","5","5","4","6","3","1","2","2","1","1","2","6","2","1","7","1","1","1","1","1","2","1","7","1","3","799230569765543938","仲","102","Female","[""坏我"",""好我"",""好她"",""坏她""]","[""弱我"",""强我"",""强她"",""弱她""]","","","","","","","","match","","","","","","","","","ALT2","ability","","key","f","16.66504854368932","683","380","","弱她","","","","j","false","","","nonmatch","","img/diamond.png","强她","",""
"null","<span style='color:red; font-size: 70px;'>错误! </span>","null","html-keyboard-response","879","1623196","0.0-10.0-1.0-4.0-0.1-1.94","5","2","5","1","1","5","3","4","4","5","5","0","0","1","2","-2","1","1","2","5","4","5","4","2","1","2","3","4","3","4","6","4","8","3","7","6","5","7","5","5","3","3","6","2","5","2","5","5","1","2","2","5","1","1","5","5","4","6","3","1","2","2","1","1","2","6","2","1","7","1","1","1","1","1","2","1","7","1","3","799230569765543938","仲","102","Female","[""坏我"",""好我"",""好她"",""坏她""]","[""弱我"",""强我"",""强她"",""弱她""]","","","","","","","","","","","","","","","","","","feedback_test","","","","","","","","","","","","","","","","","","","","",""
"634","","f","psychophysics","880","1624836","0.0-10.0-1.0-4.0-0.1-0.95","5","2","5","1","1","5","3","4","4","5","5","0","0","1","2","-2","1","1","2","5","4","5","4","2","1","2","3","4","3","4","6","4","8","3","7","6","5","7","5","5","3","3","6","2","5","2","5","5","1","2","2","5","1","1","5","5","4","6","3","1","2","2","1","1","2","6","2","1","7","1","1","1","1","1","2","1","7","1","3","799230569765543938","仲","102","Female","[""坏我"",""好我"",""好她"",""坏她""]","[""弱我"",""强我"",""强她"",""弱她""]","","","","","","","","match","","","","","","","","","ALT2","ability","","key","f","16.66597938144426","683","380","","强我","","","","f","true","","","match","","img/pentagon.png","强我","",""
"null","<span style='color:GreenYellow; font-size: 70px;'>正确! </span>","null","html-keyboard-response","881","1625344","0.0-10.0-1.0-4.0-0.1-1.95","5","2","5","1","1","5","3","4","4","5","5","0","0","1","2","-2","1","1","2","5","4","5","4","2","1","2","3","4","3","4","6","4","8","3","7","6","5","7","5","5","3","3","6","2","5","2","5","5","1","2","2","5","1","1","5","5","4","6","3","1","2","2","1","1","2","6","2","1","7","1","1","1","1","1","2","1","7","1","3","799230569765543938","仲","102","Female","[""坏我"",""好我"",""好她"",""坏她""]","[""弱我"",""强我"",""强她"",""弱她""]","","","","","","","","","","","","","","","","","","feedback_test","","","","","","","","","","","","","","","","","","","","",""
"2354","<style>.context{color:white; font-size: 35px; line-height:40px}</style>                          <div><p class='context'>您正确回答了88% 的试次。</p><p class='context'>您的平均反应时为772毫秒。</p><p class='context'>请按空格键进入休息。</p></div>"," ","html-keyboard-response","882","1627705","0.0-10.0-1.0-4.0-1.1","5","2","5","1","1","5","3","4","4","5","5","0","0","1","2","-2","1","1","2","5","4","5","4","2","1","2","3","4","3","4","6","4","8","3","7","6","5","7","5","5","3","3","6","2","5","2","5","5","1","2","2","5","1","1","5","5","4","6","3","1","2","2","1","1","2","6","2","1","7","1","1","1","1","1","2","1","7","1","3","799230569765543938","仲","102","Female","[""坏我"",""好我"",""好她"",""坏她""]","[""弱我"",""强我"",""强她"",""弱她""]","","","","","","","","","","","","","","","","","","","","","","","","","","","","","","","","","","","","","","",""
"15247","
        <p >您当前还剩余6组实验</p>
        <p >现在是休息时间，当您结束休息后，</p>
        <p >您可以点击 结束休息 按钮 继续。</p>
        <p >建议休息时间还剩余<span id=""iii"">60</span>秒。</p>","0","html-button-response","883","1642958","0.0-10.0-1.0-4.0-2.1","5","2","5","1","1","5","3","4","4","5","5","0","0","1","2","-2","1","1","2","5","4","5","4","2","1","2","3","4","3","4","6","4","8","3","7","6","5","7","5","5","3","3","6","2","5","2","5","5","1","2","2","5","1","1","5","5","4","6","3","1","2","2","1","1","2","6","2","1","7","1","1","1","1","1","2","1","7","1","3","799230569765543938","仲","102","Female","[""坏我"",""好我"",""好她"",""坏她""]","[""弱我"",""强我"",""强她"",""弱她""]","","","","","","","","","","","","","","","","","","","","","","","","","","","","","","","","","","","","","","",""
"685","","f","psychophysics","884","1644652","0.0-10.0-1.0-4.0-0.2-0.96","5","2","5","1","1","5","3","4","4","5","5","0","0","1","2","-2","1","1","2","5","4","5","4","2","1","2","3","4","3","4","6","4","8","3","7","6","5","7","5","5","3","3","6","2","5","2","5","5","1","2","2","5","1","1","5","5","4","6","3","1","2","2","1","1","2","6","2","1","7","1","1","1","1","1","2","1","7","1","3","799230569765543938","仲","102","Female","[""坏我"",""好我"",""好她"",""坏她""]","[""弱我"",""强我"",""强她"",""弱她""]","","","","","","","","match","","","","","","","","","ALT2","ability","","key","f","16.667000000001863","683","380","","强我","","","","j","false","","","nonmatch","","img/circle.png","弱她","",""
"null","<span style='color:red; font-size: 70px;'>错误! </span>","null","html-keyboard-response","885","1645155","0.0-10.0-1.0-4.0-0.2-1.96","5","2","5","1","1","5","3","4","4","5","5","0","0","1","2","-2","1","1","2","5","4","5","4","2","1","2","3","4","3","4","6","4","8","3","7","6","5","7","5","5","3","3","6","2","5","2","5","5","1","2","2","5","1","1","5","5","4","6","3","1","2","2","1","1","2","6","2","1","7","1","1","1","1","1","2","1","7","1","3","799230569765543938","仲","102","Female","[""坏我"",""好我"",""好她"",""坏她""]","[""弱我"",""强我"",""强她"",""弱她""]","","","","","","","","","","","","","","","","","","feedback_test","","","","","","","","","","","","","","","","","","","","",""
"853","","j","psychophysics","886","1647010","0.0-10.0-1.0-4.0-0.2-0.97","5","2","5","1","1","5","3","4","4","5","5","0","0","1","2","-2","1","1","2","5","4","5","4","2","1","2","3","4","3","4","6","4","8","3","7","6","5","7","5","5","3","3","6","2","5","2","5","5","1","2","2","5","1","1","5","5","4","6","3","1","2","2","1","1","2","6","2","1","7","1","1","1","1","1","2","1","7","1","3","799230569765543938","仲","102","Female","[""坏我"",""好我"",""好她"",""坏她""]","[""弱我"",""强我"",""强她"",""弱她""]","","","","","","","","nonmatch","","","","","","","","","ALT2","ability","","key","j","16.663888888888458","683","380","","强我","","","","j","true","","","nonmatch","","img/trapezoid.png","弱我","",""
"null","<span style='color:GreenYellow; font-size: 70px;'>正确! </span>","null","html-keyboard-response","887","1647513","0.0-10.0-1.0-4.0-0.2-1.97","5","2","5","1","1","5","3","4","4","5","5","0","0","1","2","-2","1","1","2","5","4","5","4","2","1","2","3","4","3","4","6","4","8","3","7","6","5","7","5","5","3","3","6","2","5","2","5","5","1","2","2","5","1","1","5","5","4","6","3","1","2","2","1","1","2","6","2","1","7","1","1","1","1","1","2","1","7","1","3","799230569765543938","仲","102","Female","[""坏我"",""好我"",""好她"",""坏她""]","[""弱我"",""强我"",""强她"",""弱她""]","","","","","","","","","","","","","","","","","","feedback_test","","","","","","","","","","","","","","","","","","","","",""
"1022","","j","psychophysics","888","1649538","0.0-10.0-1.0-4.0-0.2-0.98","5","2","5","1","1","5","3","4","4","5","5","0","0","1","2","-2","1","1","2","5","4","5","4","2","1","2","3","4","3","4","6","4","8","3","7","6","5","7","5","5","3","3","6","2","5","2","5","5","1","2","2","5","1","1","5","5","4","6","3","1","2","2","1","1","2","6","2","1","7","1","1","1","1","1","2","1","7","1","3","799230569765543938","仲","102","Female","[""坏我"",""好我"",""好她"",""坏她""]","[""弱我"",""强我"",""强她"",""弱她""]","","","","","","","","nonmatch","","","","","","","","","ALT2","ability","","key","j","16.66554621848896","683","380","","弱她","","","","j","true","","","nonmatch","","img/pentagon.png","强我","",""
"null","<span style='color:GreenYellow; font-size: 70px;'>正确! </span>","null","html-keyboard-response","889","1650043","0.0-10.0-1.0-4.0-0.2-1.98","5","2","5","1","1","5","3","4","4","5","5","0","0","1","2","-2","1","1","2","5","4","5","4","2","1","2","3","4","3","4","6","4","8","3","7","6","5","7","5","5","3","3","6","2","5","2","5","5","1","2","2","5","1","1","5","5","4","6","3","1","2","2","1","1","2","6","2","1","7","1","1","1","1","1","2","1","7","1","3","799230569765543938","仲","102","Female","[""坏我"",""好我"",""好她"",""坏她""]","[""弱我"",""强我"",""强她"",""弱她""]","","","","","","","","","","","","","","","","","","feedback_test","","","","","","","","","","","","","","","","","","","","",""
"895","","f","psychophysics","890","1651942","0.0-10.0-1.0-4.0-0.2-0.99","5","2","5","1","1","5","3","4","4","5","5","0","0","1","2","-2","1","1","2","5","4","5","4","2","1","2","3","4","3","4","6","4","8","3","7","6","5","7","5","5","3","3","6","2","5","2","5","5","1","2","2","5","1","1","5","5","4","6","3","1","2","2","1","1","2","6","2","1","7","1","1","1","1","1","2","1","7","1","3","799230569765543938","仲","102","Female","[""坏我"",""好我"",""好她"",""坏她""]","[""弱我"",""强我"",""强她"",""弱她""]","","","","","","","","match","","","","","","","","","ALT2","ability","","key","f","16.665178571428573","683","380","","弱她","","","","f","true","","","match","","img/circle.png","弱她","",""
"null","<span style='color:GreenYellow; font-size: 70px;'>正确! </span>","null","html-keyboard-response","891","1652446","0.0-10.0-1.0-4.0-0.2-1.99","5","2","5","1","1","5","3","4","4","5","5","0","0","1","2","-2","1","1","2","5","4","5","4","2","1","2","3","4","3","4","6","4","8","3","7","6","5","7","5","5","3","3","6","2","5","2","5","5","1","2","2","5","1","1","5","5","4","6","3","1","2","2","1","1","2","6","2","1","7","1","1","1","1","1","2","1","7","1","3","799230569765543938","仲","102","Female","[""坏我"",""好我"",""好她"",""坏她""]","[""弱我"",""强我"",""强她"",""弱她""]","","","","","","","","","","","","","","","","","","feedback_test","","","","","","","","","","","","","","","","","","","","",""
"682","","f","psychophysics","892","1654133","0.0-10.0-1.0-4.0-0.2-0.100","5","2","5","1","1","5","3","4","4","5","5","0","0","1","2","-2","1","1","2","5","4","5","4","2","1","2","3","4","3","4","6","4","8","3","7","6","5","7","5","5","3","3","6","2","5","2","5","5","1","2","2","5","1","1","5","5","4","6","3","1","2","2","1","1","2","6","2","1","7","1","1","1","1","1","2","1","7","1","3","799230569765543938","仲","102","Female","[""坏我"",""好我"",""好她"",""坏她""]","[""弱我"",""强我"",""强她"",""弱她""]","","","","","","","","match","","","","","","","","","ALT2","ability","","key","f","16.66600000000093","683","380","","强她","","","","j","false","","","nonmatch","","img/pentagon.png","强我","",""
"null","<span style='color:red; font-size: 70px;'>错误! </span>","null","html-keyboard-response","893","1654635","0.0-10.0-1.0-4.0-0.2-1.100","5","2","5","1","1","5","3","4","4","5","5","0","0","1","2","-2","1","1","2","5","4","5","4","2","1","2","3","4","3","4","6","4","8","3","7","6","5","7","5","5","3","3","6","2","5","2","5","5","1","2","2","5","1","1","5","5","4","6","3","1","2","2","1","1","2","6","2","1","7","1","1","1","1","1","2","1","7","1","3","799230569765543938","仲","102","Female","[""坏我"",""好我"",""好她"",""坏她""]","[""弱我"",""强我"",""强她"",""弱她""]","","","","","","","","","","","","","","","","","","feedback_test","","","","","","","","","","","","","","","","","","","","",""
"918","","j","psychophysics","894","1656558","0.0-10.0-1.0-4.0-0.2-0.101","5","2","5","1","1","5","3","4","4","5","5","0","0","1","2","-2","1","1","2","5","4","5","4","2","1","2","3","4","3","4","6","4","8","3","7","6","5","7","5","5","3","3","6","2","5","2","5","5","1","2","2","5","1","1","5","5","4","6","3","1","2","2","1","1","2","6","2","1","7","1","1","1","1","1","2","1","7","1","3","799230569765543938","仲","102","Female","[""坏我"",""好我"",""好她"",""坏她""]","[""弱我"",""强我"",""强她"",""弱她""]","","","","","","","","nonmatch","","","","","","","","","ALT2","ability","","key","j","16.664601769912327","683","380","","弱我","","","","j","true","","","nonmatch","","img/diamond.png","强她","",""
"null","<span style='color:GreenYellow; font-size: 70px;'>正确! </span>","null","html-keyboard-response","895","1657068","0.0-10.0-1.0-4.0-0.2-1.101","5","2","5","1","1","5","3","4","4","5","5","0","0","1","2","-2","1","1","2","5","4","5","4","2","1","2","3","4","3","4","6","4","8","3","7","6","5","7","5","5","3","3","6","2","5","2","5","5","1","2","2","5","1","1","5","5","4","6","3","1","2","2","1","1","2","6","2","1","7","1","1","1","1","1","2","1","7","1","3","799230569765543938","仲","102","Female","[""坏我"",""好我"",""好她"",""坏她""]","[""弱我"",""强我"",""强她"",""弱她""]","","","","","","","","","","","","","","","","","","feedback_test","","","","","","","","","","","","","","","","","","","","",""
"956","","j","psychophysics","896","1659027","0.0-10.0-1.0-4.0-0.2-0.102","5","2","5","1","1","5","3","4","4","5","5","0","0","1","2","-2","1","1","2","5","4","5","4","2","1","2","3","4","3","4","6","4","8","3","7","6","5","7","5","5","3","3","6","2","5","2","5","5","1","2","2","5","1","1","5","5","4","6","3","1","2","2","1","1","2","6","2","1","7","1","1","1","1","1","2","1","7","1","3","799230569765543938","仲","102","Female","[""坏我"",""好我"",""好她"",""坏她""]","[""弱我"",""强我"",""强她"",""弱她""]","","","","","","","","nonmatch","","","","","","","","","ALT2","ability","","key","j","16.665517241380915","683","380","","弱我","","","","j","true","","","nonmatch","","img/circle.png","弱她","",""
"null","<span style='color:GreenYellow; font-size: 70px;'>正确! </span>","null","html-keyboard-response","897","1659536","0.0-10.0-1.0-4.0-0.2-1.102","5","2","5","1","1","5","3","4","4","5","5","0","0","1","2","-2","1","1","2","5","4","5","4","2","1","2","3","4","3","4","6","4","8","3","7","6","5","7","5","5","3","3","6","2","5","2","5","5","1","2","2","5","1","1","5","5","4","6","3","1","2","2","1","1","2","6","2","1","7","1","1","1","1","1","2","1","7","1","3","799230569765543938","仲","102","Female","[""坏我"",""好我"",""好她"",""坏她""]","[""弱我"",""强我"",""强她"",""弱她""]","","","","","","","","","","","","","","","","","","feedback_test","","","","","","","","","","","","","","","","","","","","",""
"784","","f","psychophysics","898","1661325","0.0-10.0-1.0-4.0-0.2-0.103","5","2","5","1","1","5","3","4","4","5","5","0","0","1","2","-2","1","1","2","5","4","5","4","2","1","2","3","4","3","4","6","4","8","3","7","6","5","7","5","5","3","3","6","2","5","2","5","5","1","2","2","5","1","1","5","5","4","6","3","1","2","2","1","1","2","6","2","1","7","1","1","1","1","1","2","1","7","1","3","799230569765543938","仲","102","Female","[""坏我"",""好我"",""好她"",""坏她""]","[""弱我"",""强我"",""强她"",""弱她""]","","","","","","","","match","","","","","","","","","ALT2","ability","","key","f","16.66509433962264","683","380","","弱她","","","","f","true","","","match","","img/circle.png","弱她","",""
"null","<span style='color:GreenYellow; font-size: 70px;'>正确! </span>","null","html-keyboard-response","899","1661829","0.0-10.0-1.0-4.0-0.2-1.103","5","2","5","1","1","5","3","4","4","5","5","0","0","1","2","-2","1","1","2","5","4","5","4","2","1","2","3","4","3","4","6","4","8","3","7","6","5","7","5","5","3","3","6","2","5","2","5","5","1","2","2","5","1","1","5","5","4","6","3","1","2","2","1","1","2","6","2","1","7","1","1","1","1","1","2","1","7","1","3","799230569765543938","仲","102","Female","[""坏我"",""好我"",""好她"",""坏她""]","[""弱我"",""强我"",""强她"",""弱她""]","","","","","","","","","","","","","","","","","","feedback_test","","","","","","","","","","","","","","","","","","","","",""
"898","","f","psychophysics","900","1663728","0.0-10.0-1.0-4.0-0.2-0.104","5","2","5","1","1","5","3","4","4","5","5","0","0","1","2","-2","1","1","2","5","4","5","4","2","1","2","3","4","3","4","6","4","8","3","7","6","5","7","5","5","3","3","6","2","5","2","5","5","1","2","2","5","1","1","5","5","4","6","3","1","2","2","1","1","2","6","2","1","7","1","1","1","1","1","2","1","7","1","3","799230569765543938","仲","102","Female","[""坏我"",""好我"",""好她"",""坏她""]","[""弱我"",""强我"",""强她"",""弱她""]","","","","","","","","match","","","","","","","","","ALT2","ability","","key","f","16.66607142857226","683","380","","弱我","","","","f","true","","","match","","img/trapezoid.png","弱我","",""
"null","<span style='color:GreenYellow; font-size: 70px;'>正确! </span>","null","html-keyboard-response","901","1664232","0.0-10.0-1.0-4.0-0.2-1.104","5","2","5","1","1","5","3","4","4","5","5","0","0","1","2","-2","1","1","2","5","4","5","4","2","1","2","3","4","3","4","6","4","8","3","7","6","5","7","5","5","3","3","6","2","5","2","5","5","1","2","2","5","1","1","5","5","4","6","3","1","2","2","1","1","2","6","2","1","7","1","1","1","1","1","2","1","7","1","3","799230569765543938","仲","102","Female","[""坏我"",""好我"",""好她"",""坏她""]","[""弱我"",""强我"",""强她"",""弱她""]","","","","","","","","","","","","","","","","","","feedback_test","","","","","","","","","","","","","","","","","","","","",""
"600","","f","psychophysics","902","1665837","0.0-10.0-1.0-4.0-0.2-0.105","5","2","5","1","1","5","3","4","4","5","5","0","0","1","2","-2","1","1","2","5","4","5","4","2","1","2","3","4","3","4","6","4","8","3","7","6","5","7","5","5","3","3","6","2","5","2","5","5","1","2","2","5","1","1","5","5","4","6","3","1","2","2","1","1","2","6","2","1","7","1","1","1","1","1","2","1","7","1","3","799230569765543938","仲","102","Female","[""坏我"",""好我"",""好她"",""坏她""]","[""弱我"",""强我"",""强她"",""弱她""]","","","","","","","","match","","","","","","","","","ALT2","ability","","key","f","16.665263157896696","683","380","","强我","","","","f","true","","","match","","img/pentagon.png","强我","",""
"null","<span style='color:GreenYellow; font-size: 70px;'>正确! </span>","null","html-keyboard-response","903","1666344","0.0-10.0-1.0-4.0-0.2-1.105","5","2","5","1","1","5","3","4","4","5","5","0","0","1","2","-2","1","1","2","5","4","5","4","2","1","2","3","4","3","4","6","4","8","3","7","6","5","7","5","5","3","3","6","2","5","2","5","5","1","2","2","5","1","1","5","5","4","6","3","1","2","2","1","1","2","6","2","1","7","1","1","1","1","1","2","1","7","1","3","799230569765543938","仲","102","Female","[""坏我"",""好我"",""好她"",""坏她""]","[""弱我"",""强我"",""强她"",""弱她""]","","","","","","","","","","","","","","","","","","feedback_test","","","","","","","","","","","","","","","","","","","","",""
"715","","j","psychophysics","904","1668067","0.0-10.0-1.0-4.0-0.2-0.106","5","2","5","1","1","5","3","4","4","5","5","0","0","1","2","-2","1","1","2","5","4","5","4","2","1","2","3","4","3","4","6","4","8","3","7","6","5","7","5","5","3","3","6","2","5","2","5","5","1","2","2","5","1","1","5","5","4","6","3","1","2","2","1","1","2","6","2","1","7","1","1","1","1","1","2","1","7","1","3","799230569765543938","仲","102","Female","[""坏我"",""好我"",""好她"",""坏她""]","[""弱我"",""强我"",""强她"",""弱她""]","","","","","","","","nonmatch","","","","","","","","","ALT2","ability","","key","j","16.665686274511174","683","380","","强她","","","","j","true","","","nonmatch","","img/circle.png","弱她","",""
"null","<span style='color:GreenYellow; font-size: 70px;'>正确! </span>","null","html-keyboard-response","905","1668573","0.0-10.0-1.0-4.0-0.2-1.106","5","2","5","1","1","5","3","4","4","5","5","0","0","1","2","-2","1","1","2","5","4","5","4","2","1","2","3","4","3","4","6","4","8","3","7","6","5","7","5","5","3","3","6","2","5","2","5","5","1","2","2","5","1","1","5","5","4","6","3","1","2","2","1","1","2","6","2","1","7","1","1","1","1","1","2","1","7","1","3","799230569765543938","仲","102","Female","[""坏我"",""好我"",""好她"",""坏她""]","[""弱我"",""强我"",""强她"",""弱她""]","","","","","","","","","","","","","","","","","","feedback_test","","","","","","","","","","","","","","","","","","","","",""
"770","","j","psychophysics","906","1670344","0.0-10.0-1.0-4.0-0.2-0.107","5","2","5","1","1","5","3","4","4","5","5","0","0","1","2","-2","1","1","2","5","4","5","4","2","1","2","3","4","3","4","6","4","8","3","7","6","5","7","5","5","3","3","6","2","5","2","5","5","1","2","2","5","1","1","5","5","4","6","3","1","2","2","1","1","2","6","2","1","7","1","1","1","1","1","2","1","7","1","3","799230569765543938","仲","102","Female","[""坏我"",""好我"",""好她"",""坏她""]","[""弱我"",""强我"",""强她"",""弱她""]","","","","","","","","nonmatch","","","","","","","","","ALT2","ability","","key","j","16.603809523808636","683","380","","强她","","","","j","true","","","nonmatch","","img/trapezoid.png","弱我","",""
"null","<span style='color:GreenYellow; font-size: 70px;'>正确! </span>","null","html-keyboard-response","907","1670849","0.0-10.0-1.0-4.0-0.2-1.107","5","2","5","1","1","5","3","4","4","5","5","0","0","1","2","-2","1","1","2","5","4","5","4","2","1","2","3","4","3","4","6","4","8","3","7","6","5","7","5","5","3","3","6","2","5","2","5","5","1","2","2","5","1","1","5","5","4","6","3","1","2","2","1","1","2","6","2","1","7","1","1","1","1","1","2","1","7","1","3","799230569765543938","仲","102","Female","[""坏我"",""好我"",""好她"",""坏她""]","[""弱我"",""强我"",""强她"",""弱她""]","","","","","","","","","","","","","","","","","","feedback_test","","","","","","","","","","","","","","","","","","","","",""
"720","","f","psychophysics","908","1672576","0.0-10.0-1.0-4.0-0.2-0.108","5","2","5","1","1","5","3","4","4","5","5","0","0","1","2","-2","1","1","2","5","4","5","4","2","1","2","3","4","3","4","6","4","8","3","7","6","5","7","5","5","3","3","6","2","5","2","5","5","1","2","2","5","1","1","5","5","4","6","3","1","2","2","1","1","2","6","2","1","7","1","1","1","1","1","2","1","7","1","3","799230569765543938","仲","102","Female","[""坏我"",""好我"",""好她"",""坏她""]","[""弱我"",""强我"",""强她"",""弱她""]","","","","","","","","match","","","","","","","","","ALT2","ability","","key","f","16.666019417476633","683","380","","强我","","","","f","true","","","match","","img/pentagon.png","强我","",""
"null","<span style='color:GreenYellow; font-size: 70px;'>正确! </span>","null","html-keyboard-response","909","1673082","0.0-10.0-1.0-4.0-0.2-1.108","5","2","5","1","1","5","3","4","4","5","5","0","0","1","2","-2","1","1","2","5","4","5","4","2","1","2","3","4","3","4","6","4","8","3","7","6","5","7","5","5","3","3","6","2","5","2","5","5","1","2","2","5","1","1","5","5","4","6","3","1","2","2","1","1","2","6","2","1","7","1","1","1","1","1","2","1","7","1","3","799230569765543938","仲","102","Female","[""坏我"",""好我"",""好她"",""坏她""]","[""弱我"",""强我"",""强她"",""弱她""]","","","","","","","","","","","","","","","","","","feedback_test","","","","","","","","","","","","","","","","","","","","",""
"961","","f","psychophysics","910","1675044","0.0-10.0-1.0-4.0-0.2-0.109","5","2","5","1","1","5","3","4","4","5","5","0","0","1","2","-2","1","1","2","5","4","5","4","2","1","2","3","4","3","4","6","4","8","3","7","6","5","7","5","5","3","3","6","2","5","2","5","5","1","2","2","5","1","1","5","5","4","6","3","1","2","2","1","1","2","6","2","1","7","1","1","1","1","1","2","1","7","1","3","799230569765543938","仲","102","Female","[""坏我"",""好我"",""好她"",""坏她""]","[""弱我"",""强我"",""强她"",""弱她""]","","","","","","","","match","","","","","","","","","ALT2","ability","","key","f","16.66581196581117","683","380","","强她","","","","f","true","","","match","","img/diamond.png","强她","",""
"null","<span style='color:GreenYellow; font-size: 70px;'>正确! </span>","null","html-keyboard-response","911","1675553","0.0-10.0-1.0-4.0-0.2-1.109","5","2","5","1","1","5","3","4","4","5","5","0","0","1","2","-2","1","1","2","5","4","5","4","2","1","2","3","4","3","4","6","4","8","3","7","6","5","7","5","5","3","3","6","2","5","2","5","5","1","2","2","5","1","1","5","5","4","6","3","1","2","2","1","1","2","6","2","1","7","1","1","1","1","1","2","1","7","1","3","799230569765543938","仲","102","Female","[""坏我"",""好我"",""好她"",""坏她""]","[""弱我"",""强我"",""强她"",""弱她""]","","","","","","","","","","","","","","","","","","feedback_test","","","","","","","","","","","","","","","","","","","","",""
"657","","f","psychophysics","912","1677213","0.0-10.0-1.0-4.0-0.2-0.110","5","2","5","1","1","5","3","4","4","5","5","0","0","1","2","-2","1","1","2","5","4","5","4","2","1","2","3","4","3","4","6","4","8","3","7","6","5","7","5","5","3","3","6","2","5","2","5","5","1","2","2","5","1","1","5","5","4","6","3","1","2","2","1","1","2","6","2","1","7","1","1","1","1","1","2","1","7","1","3","799230569765543938","仲","102","Female","[""坏我"",""好我"",""好她"",""坏她""]","[""弱我"",""强我"",""强她"",""弱她""]","","","","","","","","match","","","","","","","","","ALT2","ability","","key","f","16.665625000001455","683","380","","强她","","","","f","true","","","match","","img/diamond.png","强她","",""
"null","<span style='color:GreenYellow; font-size: 70px;'>正确! </span>","null","html-keyboard-response","913","1677717","0.0-10.0-1.0-4.0-0.2-1.110","5","2","5","1","1","5","3","4","4","5","5","0","0","1","2","-2","1","1","2","5","4","5","4","2","1","2","3","4","3","4","6","4","8","3","7","6","5","7","5","5","3","3","6","2","5","2","5","5","1","2","2","5","1","1","5","5","4","6","3","1","2","2","1","1","2","6","2","1","7","1","1","1","1","1","2","1","7","1","3","799230569765543938","仲","102","Female","[""坏我"",""好我"",""好她"",""坏她""]","[""弱我"",""强我"",""强她"",""弱她""]","","","","","","","","","","","","","","","","","","feedback_test","","","","","","","","","","","","","","","","","","","","",""
"723","","f","psychophysics","914","1679445","0.0-10.0-1.0-4.0-0.2-0.111","5","2","5","1","1","5","3","4","4","5","5","0","0","1","2","-2","1","1","2","5","4","5","4","2","1","2","3","4","3","4","6","4","8","3","7","6","5","7","5","5","3","3","6","2","5","2","5","5","1","2","2","5","1","1","5","5","4","6","3","1","2","2","1","1","2","6","2","1","7","1","1","1","1","1","2","1","7","1","3","799230569765543938","仲","102","Female","[""坏我"",""好我"",""好她"",""坏她""]","[""弱我"",""强我"",""强她"",""弱她""]","","","","","","","","match","","","","","","","","","ALT2","ability","","key","f","16.66407766990201","683","380","","弱我","","","","f","true","","","match","","img/trapezoid.png","弱我","",""
"null","<span style='color:GreenYellow; font-size: 70px;'>正确! </span>","null","html-keyboard-response","915","1679953","0.0-10.0-1.0-4.0-0.2-1.111","5","2","5","1","1","5","3","4","4","5","5","0","0","1","2","-2","1","1","2","5","4","5","4","2","1","2","3","4","3","4","6","4","8","3","7","6","5","7","5","5","3","3","6","2","5","2","5","5","1","2","2","5","1","1","5","5","4","6","3","1","2","2","1","1","2","6","2","1","7","1","1","1","1","1","2","1","7","1","3","799230569765543938","仲","102","Female","[""坏我"",""好我"",""好她"",""坏她""]","[""弱我"",""强我"",""强她"",""弱她""]","","","","","","","","","","","","","","","","","","feedback_test","","","","","","","","","","","","","","","","","","","","",""
"793","","f","psychophysics","916","1681748","0.0-10.0-1.0-4.0-0.2-0.112","5","2","5","1","1","5","3","4","4","5","5","0","0","1","2","-2","1","1","2","5","4","5","4","2","1","2","3","4","3","4","6","4","8","3","7","6","5","7","5","5","3","3","6","2","5","2","5","5","1","2","2","5","1","1","5","5","4","6","3","1","2","2","1","1","2","6","2","1","7","1","1","1","1","1","2","1","7","1","3","799230569765543938","仲","102","Female","[""坏我"",""好我"",""好她"",""坏她""]","[""弱我"",""强我"",""强她"",""弱她""]","","","","","","","","match","","","","","","","","","ALT2","ability","","key","f","16.666037735847738","683","380","","弱她","","","","f","true","","","match","","img/circle.png","弱她","",""
"null","<span style='color:GreenYellow; font-size: 70px;'>正确! </span>","null","html-keyboard-response","917","1682251","0.0-10.0-1.0-4.0-0.2-1.112","5","2","5","1","1","5","3","4","4","5","5","0","0","1","2","-2","1","1","2","5","4","5","4","2","1","2","3","4","3","4","6","4","8","3","7","6","5","7","5","5","3","3","6","2","5","2","5","5","1","2","2","5","1","1","5","5","4","6","3","1","2","2","1","1","2","6","2","1","7","1","1","1","1","1","2","1","7","1","3","799230569765543938","仲","102","Female","[""坏我"",""好我"",""好她"",""坏她""]","[""弱我"",""强我"",""强她"",""弱她""]","","","","","","","","","","","","","","","","","","feedback_test","","","","","","","","","","","","","","","","","","","","",""
"820","","j","psychophysics","918","1684075","0.0-10.0-1.0-4.0-0.2-0.113","5","2","5","1","1","5","3","4","4","5","5","0","0","1","2","-2","1","1","2","5","4","5","4","2","1","2","3","4","3","4","6","4","8","3","7","6","5","7","5","5","3","3","6","2","5","2","5","5","1","2","2","5","1","1","5","5","4","6","3","1","2","2","1","1","2","6","2","1","7","1","1","1","1","1","2","1","7","1","3","799230569765543938","仲","102","Female","[""坏我"",""好我"",""好她"",""坏她""]","[""弱我"",""强我"",""强她"",""弱她""]","","","","","","","","nonmatch","","","","","","","","","ALT2","ability","","key","j","16.666055045872415","683","380","","弱我","","","","j","true","","","nonmatch","","img/pentagon.png","强我","",""
"null","<span style='color:GreenYellow; font-size: 70px;'>正确! </span>","null","html-keyboard-response","919","1684582","0.0-10.0-1.0-4.0-0.2-1.113","5","2","5","1","1","5","3","4","4","5","5","0","0","1","2","-2","1","1","2","5","4","5","4","2","1","2","3","4","3","4","6","4","8","3","7","6","5","7","5","5","3","3","6","2","5","2","5","5","1","2","2","5","1","1","5","5","4","6","3","1","2","2","1","1","2","6","2","1","7","1","1","1","1","1","2","1","7","1","3","799230569765543938","仲","102","Female","[""坏我"",""好我"",""好她"",""坏她""]","[""弱我"",""强我"",""强她"",""弱她""]","","","","","","","","","","","","","","","","","","feedback_test","","","","","","","","","","","","","","","","","","","","",""
"787","","f","psychophysics","920","1686376","0.0-10.0-1.0-4.0-0.2-0.114","5","2","5","1","1","5","3","4","4","5","5","0","0","1","2","-2","1","1","2","5","4","5","4","2","1","2","3","4","3","4","6","4","8","3","7","6","5","7","5","5","3","3","6","2","5","2","5","5","1","2","2","5","1","1","5","5","4","6","3","1","2","2","1","1","2","6","2","1","7","1","1","1","1","1","2","1","7","1","3","799230569765543938","仲","102","Female","[""坏我"",""好我"",""好她"",""坏她""]","[""弱我"",""强我"",""强她"",""弱她""]","","","","","","","","match","","","","","","","","","ALT2","ability","","key","f","16.666355140185175","683","380","","弱我","","","","f","true","","","match","","img/trapezoid.png","弱我","",""
"null","<span style='color:GreenYellow; font-size: 70px;'>正确! </span>","null","html-keyboard-response","921","1686885","0.0-10.0-1.0-4.0-0.2-1.114","5","2","5","1","1","5","3","4","4","5","5","0","0","1","2","-2","1","1","2","5","4","5","4","2","1","2","3","4","3","4","6","4","8","3","7","6","5","7","5","5","3","3","6","2","5","2","5","5","1","2","2","5","1","1","5","5","4","6","3","1","2","2","1","1","2","6","2","1","7","1","1","1","1","1","2","1","7","1","3","799230569765543938","仲","102","Female","[""坏我"",""好我"",""好她"",""坏她""]","[""弱我"",""强我"",""强她"",""弱她""]","","","","","","","","","","","","","","","","","","feedback_test","","","","","","","","","","","","","","","","","","","","",""
"736","","j","psychophysics","922","1688625","0.0-10.0-1.0-4.0-0.2-0.115","5","2","5","1","1","5","3","4","4","5","5","0","0","1","2","-2","1","1","2","5","4","5","4","2","1","2","3","4","3","4","6","4","8","3","7","6","5","7","5","5","3","3","6","2","5","2","5","5","1","2","2","5","1","1","5","5","4","6","3","1","2","2","1","1","2","6","2","1","7","1","1","1","1","1","2","1","7","1","3","799230569765543938","仲","102","Female","[""坏我"",""好我"",""好她"",""坏她""]","[""弱我"",""强我"",""强她"",""弱她""]","","","","","","","","nonmatch","","","","","","","","","ALT2","ability","","key","j","16.66407766990201","683","380","","弱她","","","","j","true","","","nonmatch","","img/trapezoid.png","弱我","",""
"null","<span style='color:GreenYellow; font-size: 70px;'>正确! </span>","null","html-keyboard-response","923","1689133","0.0-10.0-1.0-4.0-0.2-1.115","5","2","5","1","1","5","3","4","4","5","5","0","0","1","2","-2","1","1","2","5","4","5","4","2","1","2","3","4","3","4","6","4","8","3","7","6","5","7","5","5","3","3","6","2","5","2","5","5","1","2","2","5","1","1","5","5","4","6","3","1","2","2","1","1","2","6","2","1","7","1","1","1","1","1","2","1","7","1","3","799230569765543938","仲","102","Female","[""坏我"",""好我"",""好她"",""坏她""]","[""弱我"",""强我"",""强她"",""弱她""]","","","","","","","","","","","","","","","","","","feedback_test","","","","","","","","","","","","","","","","","","","","",""
"666","","f","psychophysics","924","1690804","0.0-10.0-1.0-4.0-0.2-0.116","5","2","5","1","1","5","3","4","4","5","5","0","0","1","2","-2","1","1","2","5","4","5","4","2","1","2","3","4","3","4","6","4","8","3","7","6","5","7","5","5","3","3","6","2","5","2","5","5","1","2","2","5","1","1","5","5","4","6","3","1","2","2","1","1","2","6","2","1","7","1","1","1","1","1","2","1","7","1","3","799230569765543938","仲","102","Female","[""坏我"",""好我"",""好她"",""坏她""]","[""弱我"",""强我"",""强她"",""弱她""]","","","","","","","","match","","","","","","","","","ALT2","ability","","key","f","16.83571428571571","683","380","","强她","","","","f","true","","","match","","img/diamond.png","强她","",""
"null","<span style='color:GreenYellow; font-size: 70px;'>正确! </span>","null","html-keyboard-response","925","1691311","0.0-10.0-1.0-4.0-0.2-1.116","5","2","5","1","1","5","3","4","4","5","5","0","0","1","2","-2","1","1","2","5","4","5","4","2","1","2","3","4","3","4","6","4","8","3","7","6","5","7","5","5","3","3","6","2","5","2","5","5","1","2","2","5","1","1","5","5","4","6","3","1","2","2","1","1","2","6","2","1","7","1","1","1","1","1","2","1","7","1","3","799230569765543938","仲","102","Female","[""坏我"",""好我"",""好她"",""坏她""]","[""弱我"",""强我"",""强她"",""弱她""]","","","","","","","","","","","","","","","","","","feedback_test","","","","","","","","","","","","","","","","","","","","",""
"934","","j","psychophysics","926","1693251","0.0-10.0-1.0-4.0-0.2-0.117","5","2","5","1","1","5","3","4","4","5","5","0","0","1","2","-2","1","1","2","5","4","5","4","2","1","2","3","4","3","4","6","4","8","3","7","6","5","7","5","5","3","3","6","2","5","2","5","5","1","2","2","5","1","1","5","5","4","6","3","1","2","2","1","1","2","6","2","1","7","1","1","1","1","1","2","1","7","1","3","799230569765543938","仲","102","Female","[""坏我"",""好我"",""好她"",""坏她""]","[""弱我"",""强我"",""强她"",""弱她""]","","","","","","","","nonmatch","","","","","","","","","ALT2","ability","","key","j","16.812389380531386","683","380","","强我","","","","j","true","","","nonmatch","","img/diamond.png","强她","",""
"null","<span style='color:GreenYellow; font-size: 70px;'>正确! </span>","null","html-keyboard-response","927","1693759","0.0-10.0-1.0-4.0-0.2-1.117","5","2","5","1","1","5","3","4","4","5","5","0","0","1","2","-2","1","1","2","5","4","5","4","2","1","2","3","4","3","4","6","4","8","3","7","6","5","7","5","5","3","3","6","2","5","2","5","5","1","2","2","5","1","1","5","5","4","6","3","1","2","2","1","1","2","6","2","1","7","1","1","1","1","1","2","1","7","1","3","799230569765543938","仲","102","Female","[""坏我"",""好我"",""好她"",""坏她""]","[""弱我"",""强我"",""强她"",""弱她""]","","","","","","","","","","","","","","","","","","feedback_test","","","","","","","","","","","","","","","","","","","","",""
"866","","f","psychophysics","928","1695633","0.0-10.0-1.0-4.0-0.2-0.118","5","2","5","1","1","5","3","4","4","5","5","0","0","1","2","-2","1","1","2","5","4","5","4","2","1","2","3","4","3","4","6","4","8","3","7","6","5","7","5","5","3","3","6","2","5","2","5","5","1","2","2","5","1","1","5","5","4","6","3","1","2","2","1","1","2","6","2","1","7","1","1","1","1","1","2","1","7","1","3","799230569765543938","仲","102","Female","[""坏我"",""好我"",""好她"",""坏她""]","[""弱我"",""强我"",""强她"",""弱她""]","","","","","","","","match","","","","","","","","","ALT2","ability","","key","f","16.665765765767024","683","380","","强我","","","","f","true","","","match","","img/pentagon.png","强我","",""
"null","<span style='color:GreenYellow; font-size: 70px;'>正确! </span>","null","html-keyboard-response","929","1696136","0.0-10.0-1.0-4.0-0.2-1.118","5","2","5","1","1","5","3","4","4","5","5","0","0","1","2","-2","1","1","2","5","4","5","4","2","1","2","3","4","3","4","6","4","8","3","7","6","5","7","5","5","3","3","6","2","5","2","5","5","1","2","2","5","1","1","5","5","4","6","3","1","2","2","1","1","2","6","2","1","7","1","1","1","1","1","2","1","7","1","3","799230569765543938","仲","102","Female","[""坏我"",""好我"",""好她"",""坏她""]","[""弱我"",""强我"",""强她"",""弱她""]","","","","","","","","","","","","","","","","","","feedback_test","","","","","","","","","","","","","","","","","","","","",""
"1187","","j","psychophysics","930","1698325","0.0-10.0-1.0-4.0-0.2-0.119","5","2","5","1","1","5","3","4","4","5","5","0","0","1","2","-2","1","1","2","5","4","5","4","2","1","2","3","4","3","4","6","4","8","3","7","6","5","7","5","5","3","3","6","2","5","2","5","5","1","2","2","5","1","1","5","5","4","6","3","1","2","2","1","1","2","6","2","1","7","1","1","1","1","1","2","1","7","1","3","799230569765543938","仲","102","Female","[""坏我"",""好我"",""好她"",""坏她""]","[""弱我"",""强我"",""强她"",""弱她""]","","","","","","","","nonmatch","","","","","","","","","ALT2","ability","","key","j","16.619999999998925","683","380","","弱她","","","","j","true","","","nonmatch","","img/diamond.png","强她","",""
"null","<span style='color:GreenYellow; font-size: 70px;'>正确! </span>","null","html-keyboard-response","931","1698830","0.0-10.0-1.0-4.0-0.2-1.119","5","2","5","1","1","5","3","4","4","5","5","0","0","1","2","-2","1","1","2","5","4","5","4","2","1","2","3","4","3","4","6","4","8","3","7","6","5","7","5","5","3","3","6","2","5","2","5","5","1","2","2","5","1","1","5","5","4","6","3","1","2","2","1","1","2","6","2","1","7","1","1","1","1","1","2","1","7","1","3","799230569765543938","仲","102","Female","[""坏我"",""好我"",""好她"",""坏她""]","[""弱我"",""强我"",""强她"",""弱她""]","","","","","","","","","","","","","","","","","","feedback_test","","","","","","","","","","","","","","","","","","","","",""
"766","","f","psychophysics","932","1700605","0.0-10.0-1.0-4.0-0.2-0.120","5","2","5","1","1","5","3","4","4","5","5","0","0","1","2","-2","1","1","2","5","4","5","4","2","1","2","3","4","3","4","6","4","8","3","7","6","5","7","5","5","3","3","6","2","5","2","5","5","1","2","2","5","1","1","5","5","4","6","3","1","2","2","1","1","2","6","2","1","7","1","1","1","1","1","2","1","7","1","3","799230569765543938","仲","102","Female","[""坏我"",""好我"",""好她"",""坏她""]","[""弱我"",""强我"",""强她"",""弱她""]","","","","","","","","match","","","","","","","","","ALT2","ability","","key","f","16.6657142857134","683","380","","弱我","","","","f","true","","","match","","img/trapezoid.png","弱我","",""
"null","<span style='color:GreenYellow; font-size: 70px;'>正确! </span>","null","html-keyboard-response","933","1701111","0.0-10.0-1.0-4.0-0.2-1.120","5","2","5","1","1","5","3","4","4","5","5","0","0","1","2","-2","1","1","2","5","4","5","4","2","1","2","3","4","3","4","6","4","8","3","7","6","5","7","5","5","3","3","6","2","5","2","5","5","1","2","2","5","1","1","5","5","4","6","3","1","2","2","1","1","2","6","2","1","7","1","1","1","1","1","2","1","7","1","3","799230569765543938","仲","102","Female","[""坏我"",""好我"",""好她"",""坏她""]","[""弱我"",""强我"",""强她"",""弱她""]","","","","","","","","","","","","","","","","","","feedback_test","","","","","","","","","","","","","","","","","","","","",""
"982","","j","psychophysics","934","1703101","0.0-10.0-1.0-4.0-0.2-0.121","5","2","5","1","1","5","3","4","4","5","5","0","0","1","2","-2","1","1","2","5","4","5","4","2","1","2","3","4","3","4","6","4","8","3","7","6","5","7","5","5","3","3","6","2","5","2","5","5","1","2","2","5","1","1","5","5","4","6","3","1","2","2","1","1","2","6","2","1","7","1","1","1","1","1","2","1","7","1","3","799230569765543938","仲","102","Female","[""坏我"",""好我"",""好她"",""坏她""]","[""弱我"",""强我"",""强她"",""弱她""]","","","","","","","","nonmatch","","","","","","","","","ALT2","ability","","key","j","16.666101694916044","683","380","","强她","","","","j","true","","","nonmatch","","img/pentagon.png","强我","",""
"null","<span style='color:GreenYellow; font-size: 70px;'>正确! </span>","null","html-keyboard-response","935","1703609","0.0-10.0-1.0-4.0-0.2-1.121","5","2","5","1","1","5","3","4","4","5","5","0","0","1","2","-2","1","1","2","5","4","5","4","2","1","2","3","4","3","4","6","4","8","3","7","6","5","7","5","5","3","3","6","2","5","2","5","5","1","2","2","5","1","1","5","5","4","6","3","1","2","2","1","1","2","6","2","1","7","1","1","1","1","1","2","1","7","1","3","799230569765543938","仲","102","Female","[""坏我"",""好我"",""好她"",""坏她""]","[""弱我"",""强我"",""强她"",""弱她""]","","","","","","","","","","","","","","","","","","feedback_test","","","","","","","","","","","","","","","","","","","","",""
"924","","j","psychophysics","936","1705538","0.0-10.0-1.0-4.0-0.2-0.122","5","2","5","1","1","5","3","4","4","5","5","0","0","1","2","-2","1","1","2","5","4","5","4","2","1","2","3","4","3","4","6","4","8","3","7","6","5","7","5","5","3","3","6","2","5","2","5","5","1","2","2","5","1","1","5","5","4","6","3","1","2","2","1","1","2","6","2","1","7","1","1","1","1","1","2","1","7","1","3","799230569765543938","仲","102","Female","[""坏我"",""好我"",""好她"",""坏她""]","[""弱我"",""强我"",""强她"",""弱她""]","","","","","","","","nonmatch","","","","","","","","","ALT2","ability","","key","j","16.66842105263117","683","380","","弱她","","","","f","false","","","match","","img/circle.png","弱她","",""
"null","<span style='color:red; font-size: 70px;'>错误! </span>","null","html-keyboard-response","937","1706045","0.0-10.0-1.0-4.0-0.2-1.122","5","2","5","1","1","5","3","4","4","5","5","0","0","1","2","-2","1","1","2","5","4","5","4","2","1","2","3","4","3","4","6","4","8","3","7","6","5","7","5","5","3","3","6","2","5","2","5","5","1","2","2","5","1","1","5","5","4","6","3","1","2","2","1","1","2","6","2","1","7","1","1","1","1","1","2","1","7","1","3","799230569765543938","仲","102","Female","[""坏我"",""好我"",""好她"",""坏她""]","[""弱我"",""强我"",""强她"",""弱她""]","","","","","","","","","","","","","","","","","","feedback_test","","","","","","","","","","","","","","","","","","","","",""
"735","","f","psychophysics","938","1707784","0.0-10.0-1.0-4.0-0.2-0.123","5","2","5","1","1","5","3","4","4","5","5","0","0","1","2","-2","1","1","2","5","4","5","4","2","1","2","3","4","3","4","6","4","8","3","7","6","5","7","5","5","3","3","6","2","5","2","5","5","1","2","2","5","1","1","5","5","4","6","3","1","2","2","1","1","2","6","2","1","7","1","1","1","1","1","2","1","7","1","3","799230569765543938","仲","102","Female","[""坏我"",""好我"",""好她"",""坏她""]","[""弱我"",""强我"",""强她"",""弱她""]","","","","","","","","match","","","","","","","","","ALT2","ability","","key","f","16.6647058823534","683","380","","弱她","","","","f","true","","","match","","img/circle.png","弱她","",""
"null","<span style='color:GreenYellow; font-size: 70px;'>正确! </span>","null","html-keyboard-response","939","1708287","0.0-10.0-1.0-4.0-0.2-1.123","5","2","5","1","1","5","3","4","4","5","5","0","0","1","2","-2","1","1","2","5","4","5","4","2","1","2","3","4","3","4","6","4","8","3","7","6","5","7","5","5","3","3","6","2","5","2","5","5","1","2","2","5","1","1","5","5","4","6","3","1","2","2","1","1","2","6","2","1","7","1","1","1","1","1","2","1","7","1","3","799230569765543938","仲","102","Female","[""坏我"",""好我"",""好她"",""坏她""]","[""弱我"",""强我"",""强她"",""弱她""]","","","","","","","","","","","","","","","","","","feedback_test","","","","","","","","","","","","","","","","","","","","",""
"974","","f","psychophysics","940","1710263","0.0-10.0-1.0-4.0-0.2-0.124","5","2","5","1","1","5","3","4","4","5","5","0","0","1","2","-2","1","1","2","5","4","5","4","2","1","2","3","4","3","4","6","4","8","3","7","6","5","7","5","5","3","3","6","2","5","2","5","5","1","2","2","5","1","1","5","5","4","6","3","1","2","2","1","1","2","6","2","1","7","1","1","1","1","1","2","1","7","1","3","799230569765543938","仲","102","Female","[""坏我"",""好我"",""好她"",""坏她""]","[""弱我"",""强我"",""强她"",""弱她""]","","","","","","","","match","","","","","","","","","ALT2","ability","","key","f","16.66581196581316","683","380","","强她","","","","f","true","","","match","","img/diamond.png","强她","",""
"null","<span style='color:GreenYellow; font-size: 70px;'>正确! </span>","null","html-keyboard-response","941","1710767","0.0-10.0-1.0-4.0-0.2-1.124","5","2","5","1","1","5","3","4","4","5","5","0","0","1","2","-2","1","1","2","5","4","5","4","2","1","2","3","4","3","4","6","4","8","3","7","6","5","7","5","5","3","3","6","2","5","2","5","5","1","2","2","5","1","1","5","5","4","6","3","1","2","2","1","1","2","6","2","1","7","1","1","1","1","1","2","1","7","1","3","799230569765543938","仲","102","Female","[""坏我"",""好我"",""好她"",""坏她""]","[""弱我"",""强我"",""强她"",""弱她""]","","","","","","","","","","","","","","","","","","feedback_test","","","","","","","","","","","","","","","","","","","","",""
"851","","j","psychophysics","942","1712614","0.0-10.0-1.0-4.0-0.2-0.125","5","2","5","1","1","5","3","4","4","5","5","0","0","1","2","-2","1","1","2","5","4","5","4","2","1","2","3","4","3","4","6","4","8","3","7","6","5","7","5","5","3","3","6","2","5","2","5","5","1","2","2","5","1","1","5","5","4","6","3","1","2","2","1","1","2","6","2","1","7","1","1","1","1","1","2","1","7","1","3","799230569765543938","仲","102","Female","[""坏我"",""好我"",""好她"",""坏她""]","[""弱我"",""强我"",""强她"",""弱她""]","","","","","","","","nonmatch","","","","","","","","","ALT2","ability","","key","j","16.66545454545412","683","380","","弱我","","","","j","true","","","nonmatch","","img/pentagon.png","强我","",""
"null","<span style='color:GreenYellow; font-size: 70px;'>正确! </span>","null","html-keyboard-response","943","1713124","0.0-10.0-1.0-4.0-0.2-1.125","5","2","5","1","1","5","3","4","4","5","5","0","0","1","2","-2","1","1","2","5","4","5","4","2","1","2","3","4","3","4","6","4","8","3","7","6","5","7","5","5","3","3","6","2","5","2","5","5","1","2","2","5","1","1","5","5","4","6","3","1","2","2","1","1","2","6","2","1","7","1","1","1","1","1","2","1","7","1","3","799230569765543938","仲","102","Female","[""坏我"",""好我"",""好她"",""坏她""]","[""弱我"",""强我"",""强她"",""弱她""]","","","","","","","","","","","","","","","","","","feedback_test","","","","","","","","","","","","","","","","","","","","",""
"1046","","j","psychophysics","944","1715176","0.0-10.0-1.0-4.0-0.2-0.126","5","2","5","1","1","5","3","4","4","5","5","0","0","1","2","-2","1","1","2","5","4","5","4","2","1","2","3","4","3","4","6","4","8","3","7","6","5","7","5","5","3","3","6","2","5","2","5","5","1","2","2","5","1","1","5","5","4","6","3","1","2","2","1","1","2","6","2","1","7","1","1","1","1","1","2","1","7","1","3","799230569765543938","仲","102","Female","[""坏我"",""好我"",""好她"",""坏她""]","[""弱我"",""强我"",""强她"",""弱她""]","","","","","","","","nonmatch","","","","","","","","","ALT2","ability","","key","j","16.666115702478184","683","380","","弱她","","","","j","true","","","nonmatch","","img/pentagon.png","强我","",""
"null","<span style='color:GreenYellow; font-size: 70px;'>正确! </span>","null","html-keyboard-response","945","1715685","0.0-10.0-1.0-4.0-0.2-1.126","5","2","5","1","1","5","3","4","4","5","5","0","0","1","2","-2","1","1","2","5","4","5","4","2","1","2","3","4","3","4","6","4","8","3","7","6","5","7","5","5","3","3","6","2","5","2","5","5","1","2","2","5","1","1","5","5","4","6","3","1","2","2","1","1","2","6","2","1","7","1","1","1","1","1","2","1","7","1","3","799230569765543938","仲","102","Female","[""坏我"",""好我"",""好她"",""坏她""]","[""弱我"",""强我"",""强她"",""弱她""]","","","","","","","","","","","","","","","","","","feedback_test","","","","","","","","","","","","","","","","","","","","",""
"764","","f","psychophysics","946","1717455","0.0-10.0-1.0-4.0-0.2-0.127","5","2","5","1","1","5","3","4","4","5","5","0","0","1","2","-2","1","1","2","5","4","5","4","2","1","2","3","4","3","4","6","4","8","3","7","6","5","7","5","5","3","3","6","2","5","2","5","5","1","2","2","5","1","1","5","5","4","6","3","1","2","2","1","1","2","6","2","1","7","1","1","1","1","1","2","1","7","1","3","799230569765543938","仲","102","Female","[""坏我"",""好我"",""好她"",""坏她""]","[""弱我"",""强我"",""强她"",""弱她""]","","","","","","","","match","","","","","","","","","ALT2","ability","","key","f","16.665714285715616","683","380","","强我","","","","f","true","","","match","","img/pentagon.png","强我","",""
"null","<span style='color:GreenYellow; font-size: 70px;'>正确! </span>","null","html-keyboard-response","947","1717963","0.0-10.0-1.0-4.0-0.2-1.127","5","2","5","1","1","5","3","4","4","5","5","0","0","1","2","-2","1","1","2","5","4","5","4","2","1","2","3","4","3","4","6","4","8","3","7","6","5","7","5","5","3","3","6","2","5","2","5","5","1","2","2","5","1","1","5","5","4","6","3","1","2","2","1","1","2","6","2","1","7","1","1","1","1","1","2","1","7","1","3","799230569765543938","仲","102","Female","[""坏我"",""好我"",""好她"",""坏她""]","[""弱我"",""强我"",""强她"",""弱她""]","","","","","","","","","","","","","","","","","","feedback_test","","","","","","","","","","","","","","","","","","","","",""
"803","","j","psychophysics","948","1719767","0.0-10.0-1.0-4.0-0.2-0.128","5","2","5","1","1","5","3","4","4","5","5","0","0","1","2","-2","1","1","2","5","4","5","4","2","1","2","3","4","3","4","6","4","8","3","7","6","5","7","5","5","3","3","6","2","5","2","5","5","1","2","2","5","1","1","5","5","4","6","3","1","2","2","1","1","2","6","2","1","7","1","1","1","1","1","2","1","7","1","3","799230569765543938","仲","102","Female","[""坏我"",""好我"",""好她"",""坏她""]","[""弱我"",""强我"",""强她"",""弱她""]","","","","","","","","nonmatch","","","","","","","","","ALT2","ability","","key","j","16.66542056074723","683","380","","弱她","","","","j","true","","","nonmatch","","img/trapezoid.png","弱我","",""
"null","<span style='color:GreenYellow; font-size: 70px;'>正确! </span>","null","html-keyboard-response","949","1720269","0.0-10.0-1.0-4.0-0.2-1.128","5","2","5","1","1","5","3","4","4","5","5","0","0","1","2","-2","1","1","2","5","4","5","4","2","1","2","3","4","3","4","6","4","8","3","7","6","5","7","5","5","3","3","6","2","5","2","5","5","1","2","2","5","1","1","5","5","4","6","3","1","2","2","1","1","2","6","2","1","7","1","1","1","1","1","2","1","7","1","3","799230569765543938","仲","102","Female","[""坏我"",""好我"",""好她"",""坏她""]","[""弱我"",""强我"",""强她"",""弱她""]","","","","","","","","","","","","","","","","","","feedback_test","","","","","","","","","","","","","","","","","","","","",""
"961","","j","psychophysics","950","1722233","0.0-10.0-1.0-4.0-0.2-0.129","5","2","5","1","1","5","3","4","4","5","5","0","0","1","2","-2","1","1","2","5","4","5","4","2","1","2","3","4","3","4","6","4","8","3","7","6","5","7","5","5","3","3","6","2","5","2","5","5","1","2","2","5","1","1","5","5","4","6","3","1","2","2","1","1","2","6","2","1","7","1","1","1","1","1","2","1","7","1","3","799230569765543938","仲","102","Female","[""坏我"",""好我"",""好她"",""坏她""]","[""弱我"",""强我"",""强她"",""弱她""]","","","","","","","","nonmatch","","","","","","","","","ALT2","ability","","key","j","16.66581196581117","683","380","","强她","","","","j","true","","","nonmatch","","img/circle.png","弱她","",""
"null","<span style='color:GreenYellow; font-size: 70px;'>正确! </span>","null","html-keyboard-response","951","1722735","0.0-10.0-1.0-4.0-0.2-1.129","5","2","5","1","1","5","3","4","4","5","5","0","0","1","2","-2","1","1","2","5","4","5","4","2","1","2","3","4","3","4","6","4","8","3","7","6","5","7","5","5","3","3","6","2","5","2","5","5","1","2","2","5","1","1","5","5","4","6","3","1","2","2","1","1","2","6","2","1","7","1","1","1","1","1","2","1","7","1","3","799230569765543938","仲","102","Female","[""坏我"",""好我"",""好她"",""坏她""]","[""弱我"",""强我"",""强她"",""弱她""]","","","","","","","","","","","","","","","","","","feedback_test","","","","","","","","","","","","","","","","","","","","",""
"754","","f","psychophysics","952","1724491","0.0-10.0-1.0-4.0-0.2-0.130","5","2","5","1","1","5","3","4","4","5","5","0","0","1","2","-2","1","1","2","5","4","5","4","2","1","2","3","4","3","4","6","4","8","3","7","6","5","7","5","5","3","3","6","2","5","2","5","5","1","2","2","5","1","1","5","5","4","6","3","1","2","2","1","1","2","6","2","1","7","1","1","1","1","1","2","1","7","1","3","799230569765543938","仲","102","Female","[""坏我"",""好我"",""好她"",""坏她""]","[""弱我"",""强我"",""强她"",""弱她""]","","","","","","","","match","","","","","","","","","ALT2","ability","","key","f","16.665384615384166","683","380","","强她","","","","f","true","","","match","","img/diamond.png","强她","",""
"null","<span style='color:GreenYellow; font-size: 70px;'>正确! </span>","null","html-keyboard-response","953","1724996","0.0-10.0-1.0-4.0-0.2-1.130","5","2","5","1","1","5","3","4","4","5","5","0","0","1","2","-2","1","1","2","5","4","5","4","2","1","2","3","4","3","4","6","4","8","3","7","6","5","7","5","5","3","3","6","2","5","2","5","5","1","2","2","5","1","1","5","5","4","6","3","1","2","2","1","1","2","6","2","1","7","1","1","1","1","1","2","1","7","1","3","799230569765543938","仲","102","Female","[""坏我"",""好我"",""好她"",""坏她""]","[""弱我"",""强我"",""强她"",""弱她""]","","","","","","","","","","","","","","","","","","feedback_test","","","","","","","","","","","","","","","","","","","","",""
"837","","f","psychophysics","954","1726837","0.0-10.0-1.0-4.0-0.2-0.131","5","2","5","1","1","5","3","4","4","5","5","0","0","1","2","-2","1","1","2","5","4","5","4","2","1","2","3","4","3","4","6","4","8","3","7","6","5","7","5","5","3","3","6","2","5","2","5","5","1","2","2","5","1","1","5","5","4","6","3","1","2","2","1","1","2","6","2","1","7","1","1","1","1","1","2","1","7","1","3","799230569765543938","仲","102","Female","[""坏我"",""好我"",""好她"",""坏她""]","[""弱我"",""强我"",""强她"",""弱她""]","","","","","","","","match","","","","","","","","","ALT2","ability","","key","f","16.666055045872415","683","380","","强我","","","","f","true","","","match","","img/pentagon.png","强我","",""
"null","<span style='color:GreenYellow; font-size: 70px;'>正确! </span>","null","html-keyboard-response","955","1727343","0.0-10.0-1.0-4.0-0.2-1.131","5","2","5","1","1","5","3","4","4","5","5","0","0","1","2","-2","1","1","2","5","4","5","4","2","1","2","3","4","3","4","6","4","8","3","7","6","5","7","5","5","3","3","6","2","5","2","5","5","1","2","2","5","1","1","5","5","4","6","3","1","2","2","1","1","2","6","2","1","7","1","1","1","1","1","2","1","7","1","3","799230569765543938","仲","102","Female","[""坏我"",""好我"",""好她"",""坏她""]","[""弱我"",""强我"",""强她"",""弱她""]","","","","","","","","","","","","","","","","","","feedback_test","","","","","","","","","","","","","","","","","","","","",""
"927","","j","psychophysics","956","1729273","0.0-10.0-1.0-4.0-0.2-0.132","5","2","5","1","1","5","3","4","4","5","5","0","0","1","2","-2","1","1","2","5","4","5","4","2","1","2","3","4","3","4","6","4","8","3","7","6","5","7","5","5","3","3","6","2","5","2","5","5","1","2","2","5","1","1","5","5","4","6","3","1","2","2","1","1","2","6","2","1","7","1","1","1","1","1","2","1","7","1","3","799230569765543938","仲","102","Female","[""坏我"",""好我"",""好她"",""坏她""]","[""弱我"",""强我"",""强她"",""弱她""]","","","","","","","","nonmatch","","","","","","","","","ALT2","ability","","key","j","16.66491228070216","683","380","","弱我","","","","j","true","","","nonmatch","","img/diamond.png","强她","",""
"null","<span style='color:GreenYellow; font-size: 70px;'>正确! </span>","null","html-keyboard-response","957","1729776","0.0-10.0-1.0-4.0-0.2-1.132","5","2","5","1","1","5","3","4","4","5","5","0","0","1","2","-2","1","1","2","5","4","5","4","2","1","2","3","4","3","4","6","4","8","3","7","6","5","7","5","5","3","3","6","2","5","2","5","5","1","2","2","5","1","1","5","5","4","6","3","1","2","2","1","1","2","6","2","1","7","1","1","1","1","1","2","1","7","1","3","799230569765543938","仲","102","Female","[""坏我"",""好我"",""好她"",""坏她""]","[""弱我"",""强我"",""强她"",""弱她""]","","","","","","","","","","","","","","","","","","feedback_test","","","","","","","","","","","","","","","","","","","","",""
"819","","j","psychophysics","958","1731598","0.0-10.0-1.0-4.0-0.2-0.133","5","2","5","1","1","5","3","4","4","5","5","0","0","1","2","-2","1","1","2","5","4","5","4","2","1","2","3","4","3","4","6","4","8","3","7","6","5","7","5","5","3","3","6","2","5","2","5","5","1","2","2","5","1","1","5","5","4","6","3","1","2","2","1","1","2","6","2","1","7","1","1","1","1","1","2","1","7","1","3","799230569765543938","仲","102","Female","[""坏我"",""好我"",""好她"",""坏她""]","[""弱我"",""强我"",""强她"",""弱她""]","","","","","","","","nonmatch","","","","","","","","","ALT2","ability","","key","j","16.665137614678898","683","380","","弱她","","","","j","true","","","nonmatch","","img/diamond.png","强她","",""
"null","<span style='color:GreenYellow; font-size: 70px;'>正确! </span>","null","html-keyboard-response","959","1732101","0.0-10.0-1.0-4.0-0.2-1.133","5","2","5","1","1","5","3","4","4","5","5","0","0","1","2","-2","1","1","2","5","4","5","4","2","1","2","3","4","3","4","6","4","8","3","7","6","5","7","5","5","3","3","6","2","5","2","5","5","1","2","2","5","1","1","5","5","4","6","3","1","2","2","1","1","2","6","2","1","7","1","1","1","1","1","2","1","7","1","3","799230569765543938","仲","102","Female","[""坏我"",""好我"",""好她"",""坏她""]","[""弱我"",""强我"",""强她"",""弱她""]","","","","","","","","","","","","","","","","","","feedback_test","","","","","","","","","","","","","","","","","","","","",""
"794","","j","psychophysics","960","1733900","0.0-10.0-1.0-4.0-0.2-0.134","5","2","5","1","1","5","3","4","4","5","5","0","0","1","2","-2","1","1","2","5","4","5","4","2","1","2","3","4","3","4","6","4","8","3","7","6","5","7","5","5","3","3","6","2","5","2","5","5","1","2","2","5","1","1","5","5","4","6","3","1","2","2","1","1","2","6","2","1","7","1","1","1","1","1","2","1","7","1","3","799230569765543938","仲","102","Female","[""坏我"",""好我"",""好她"",""坏她""]","[""弱我"",""强我"",""强她"",""弱她""]","","","","","","","","nonmatch","","","","","","","","","ALT2","ability","","key","j","16.666355140185175","683","380","","强我","","","","j","true","","","nonmatch","","img/diamond.png","强她","",""
"null","<span style='color:GreenYellow; font-size: 70px;'>正确! </span>","null","html-keyboard-response","961","1734409","0.0-10.0-1.0-4.0-0.2-1.134","5","2","5","1","1","5","3","4","4","5","5","0","0","1","2","-2","1","1","2","5","4","5","4","2","1","2","3","4","3","4","6","4","8","3","7","6","5","7","5","5","3","3","6","2","5","2","5","5","1","2","2","5","1","1","5","5","4","6","3","1","2","2","1","1","2","6","2","1","7","1","1","1","1","1","2","1","7","1","3","799230569765543938","仲","102","Female","[""坏我"",""好我"",""好她"",""坏她""]","[""弱我"",""强我"",""强她"",""弱她""]","","","","","","","","","","","","","","","","","","feedback_test","","","","","","","","","","","","","","","","","","","","",""
"762","","f","psychophysics","962","1736174","0.0-10.0-1.0-4.0-0.2-0.135","5","2","5","1","1","5","3","4","4","5","5","0","0","1","2","-2","1","1","2","5","4","5","4","2","1","2","3","4","3","4","6","4","8","3","7","6","5","7","5","5","3","3","6","2","5","2","5","5","1","2","2","5","1","1","5","5","4","6","3","1","2","2","1","1","2","6","2","1","7","1","1","1","1","1","2","1","7","1","3","799230569765543938","仲","102","Female","[""坏我"",""好我"",""好她"",""坏她""]","[""弱我"",""强我"",""强她"",""弱她""]","","","","","","","","match","","","","","","","","","ALT2","ability","","key","f","16.6663461538466","683","380","","弱我","","","","f","true","","","match","","img/trapezoid.png","弱我","",""
"null","<span style='color:GreenYellow; font-size: 70px;'>正确! </span>","null","html-keyboard-response","963","1736680","0.0-10.0-1.0-4.0-0.2-1.135","5","2","5","1","1","5","3","4","4","5","5","0","0","1","2","-2","1","1","2","5","4","5","4","2","1","2","3","4","3","4","6","4","8","3","7","6","5","7","5","5","3","3","6","2","5","2","5","5","1","2","2","5","1","1","5","5","4","6","3","1","2","2","1","1","2","6","2","1","7","1","1","1","1","1","2","1","7","1","3","799230569765543938","仲","102","Female","[""坏我"",""好我"",""好她"",""坏她""]","[""弱我"",""强我"",""强她"",""弱她""]","","","","","","","","","","","","","","","","","","feedback_test","","","","","","","","","","","","","","","","","","","","",""
"780","","j","psychophysics","964","1738468","0.0-10.0-1.0-4.0-0.2-0.136","5","2","5","1","1","5","3","4","4","5","5","0","0","1","2","-2","1","1","2","5","4","5","4","2","1","2","3","4","3","4","6","4","8","3","7","6","5","7","5","5","3","3","6","2","5","2","5","5","1","2","2","5","1","1","5","5","4","6","3","1","2","2","1","1","2","6","2","1","7","1","1","1","1","1","2","1","7","1","3","799230569765543938","仲","102","Female","[""坏我"",""好我"",""好她"",""坏她""]","[""弱我"",""强我"",""强她"",""弱她""]","","","","","","","","nonmatch","","","","","","","","","ALT2","ability","","key","j","16.665714285715616","683","380","","强我","","","","j","true","","","nonmatch","","img/trapezoid.png","弱我","",""
"null","<span style='color:GreenYellow; font-size: 70px;'>正确! </span>","null","html-keyboard-response","965","1738976","0.0-10.0-1.0-4.0-0.2-1.136","5","2","5","1","1","5","3","4","4","5","5","0","0","1","2","-2","1","1","2","5","4","5","4","2","1","2","3","4","3","4","6","4","8","3","7","6","5","7","5","5","3","3","6","2","5","2","5","5","1","2","2","5","1","1","5","5","4","6","3","1","2","2","1","1","2","6","2","1","7","1","1","1","1","1","2","1","7","1","3","799230569765543938","仲","102","Female","[""坏我"",""好我"",""好她"",""坏她""]","[""弱我"",""强我"",""强她"",""弱她""]","","","","","","","","","","","","","","","","","","feedback_test","","","","","","","","","","","","","","","","","","","","",""
"673","","f","psychophysics","966","1740653","0.0-10.0-1.0-4.0-0.2-0.137","5","2","5","1","1","5","3","4","4","5","5","0","0","1","2","-2","1","1","2","5","4","5","4","2","1","2","3","4","3","4","6","4","8","3","7","6","5","7","5","5","3","3","6","2","5","2","5","5","1","2","2","5","1","1","5","5","4","6","3","1","2","2","1","1","2","6","2","1","7","1","1","1","1","1","2","1","7","1","3","799230569765543938","仲","102","Female","[""坏我"",""好我"",""好她"",""坏她""]","[""弱我"",""强我"",""强她"",""弱她""]","","","","","","","","match","","","","","","","","","ALT2","ability","","key","f","16.66600000000093","683","380","","强我","","","","f","true","","","match","","img/pentagon.png","强我","",""
"null","<span style='color:GreenYellow; font-size: 70px;'>正确! </span>","null","html-keyboard-response","967","1741187","0.0-10.0-1.0-4.0-0.2-1.137","5","2","5","1","1","5","3","4","4","5","5","0","0","1","2","-2","1","1","2","5","4","5","4","2","1","2","3","4","3","4","6","4","8","3","7","6","5","7","5","5","3","3","6","2","5","2","5","5","1","2","2","5","1","1","5","5","4","6","3","1","2","2","1","1","2","6","2","1","7","1","1","1","1","1","2","1","7","1","3","799230569765543938","仲","102","Female","[""坏我"",""好我"",""好她"",""坏她""]","[""弱我"",""强我"",""强她"",""弱她""]","","","","","","","","","","","","","","","","","","feedback_test","","","","","","","","","","","","","","","","","","","","",""
"804","","j","psychophysics","968","1742999","0.0-10.0-1.0-4.0-0.2-0.138","5","2","5","1","1","5","3","4","4","5","5","0","0","1","2","-2","1","1","2","5","4","5","4","2","1","2","3","4","3","4","6","4","8","3","7","6","5","7","5","5","3","3","6","2","5","2","5","5","1","2","2","5","1","1","5","5","4","6","3","1","2","2","1","1","2","6","2","1","7","1","1","1","1","1","2","1","7","1","3","799230569765543938","仲","102","Female","[""坏我"",""好我"",""好她"",""坏她""]","[""弱我"",""强我"",""强她"",""弱她""]","","","","","","","","nonmatch","","","","","","","","","ALT2","ability","","key","j","16.66542056074723","683","380","","弱我","","","","j","true","","","nonmatch","","img/circle.png","弱她","",""
"null","<span style='color:GreenYellow; font-size: 70px;'>正确! </span>","null","html-keyboard-response","969","1743504","0.0-10.0-1.0-4.0-0.2-1.138","5","2","5","1","1","5","3","4","4","5","5","0","0","1","2","-2","1","1","2","5","4","5","4","2","1","2","3","4","3","4","6","4","8","3","7","6","5","7","5","5","3","3","6","2","5","2","5","5","1","2","2","5","1","1","5","5","4","6","3","1","2","2","1","1","2","6","2","1","7","1","1","1","1","1","2","1","7","1","3","799230569765543938","仲","102","Female","[""坏我"",""好我"",""好她"",""坏她""]","[""弱我"",""强我"",""强她"",""弱她""]","","","","","","","","","","","","","","","","","","feedback_test","","","","","","","","","","","","","","","","","","","","",""
"693","","f","psychophysics","970","1745204","0.0-10.0-1.0-4.0-0.2-0.139","5","2","5","1","1","5","3","4","4","5","5","0","0","1","2","-2","1","1","2","5","4","5","4","2","1","2","3","4","3","4","6","4","8","3","7","6","5","7","5","5","3","3","6","2","5","2","5","5","1","2","2","5","1","1","5","5","4","6","3","1","2","2","1","1","2","6","2","1","7","1","1","1","1","1","2","1","7","1","3","799230569765543938","仲","102","Female","[""坏我"",""好我"",""好她"",""坏她""]","[""弱我"",""强我"",""强她"",""弱她""]","","","","","","","","match","","","","","","","","","ALT2","ability","","key","f","16.66633663366383","683","380","","强她","","","","f","true","","","match","","img/diamond.png","强她","",""
"null","<span style='color:GreenYellow; font-size: 70px;'>正确! </span>","null","html-keyboard-response","971","1745708","0.0-10.0-1.0-4.0-0.2-1.139","5","2","5","1","1","5","3","4","4","5","5","0","0","1","2","-2","1","1","2","5","4","5","4","2","1","2","3","4","3","4","6","4","8","3","7","6","5","7","5","5","3","3","6","2","5","2","5","5","1","2","2","5","1","1","5","5","4","6","3","1","2","2","1","1","2","6","2","1","7","1","1","1","1","1","2","1","7","1","3","799230569765543938","仲","102","Female","[""坏我"",""好我"",""好她"",""坏她""]","[""弱我"",""强我"",""强她"",""弱她""]","","","","","","","","","","","","","","","","","","feedback_test","","","","","","","","","","","","","","","","","","","","",""
"753","","j","psychophysics","972","1747465","0.0-10.0-1.0-4.0-0.2-0.140","5","2","5","1","1","5","3","4","4","5","5","0","0","1","2","-2","1","1","2","5","4","5","4","2","1","2","3","4","3","4","6","4","8","3","7","6","5","7","5","5","3","3","6","2","5","2","5","5","1","2","2","5","1","1","5","5","4","6","3","1","2","2","1","1","2","6","2","1","7","1","1","1","1","1","2","1","7","1","3","799230569765543938","仲","102","Female","[""坏我"",""好我"",""好她"",""坏她""]","[""弱我"",""强我"",""强她"",""弱她""]","","","","","","","","nonmatch","","","","","","","","","ALT2","ability","","key","j","16.66504854368932","683","380","","强我","","","","j","true","","","nonmatch","","img/circle.png","弱她","",""
"null","<span style='color:GreenYellow; font-size: 70px;'>正确! </span>","null","html-keyboard-response","973","1747968","0.0-10.0-1.0-4.0-0.2-1.140","5","2","5","1","1","5","3","4","4","5","5","0","0","1","2","-2","1","1","2","5","4","5","4","2","1","2","3","4","3","4","6","4","8","3","7","6","5","7","5","5","3","3","6","2","5","2","5","5","1","2","2","5","1","1","5","5","4","6","3","1","2","2","1","1","2","6","2","1","7","1","1","1","1","1","2","1","7","1","3","799230569765543938","仲","102","Female","[""坏我"",""好我"",""好她"",""坏她""]","[""弱我"",""强我"",""强她"",""弱她""]","","","","","","","","","","","","","","","","","","feedback_test","","","","","","","","","","","","","","","","","","","","",""
"613","","f","psychophysics","974","1749585","0.0-10.0-1.0-4.0-0.2-0.141","5","2","5","1","1","5","3","4","4","5","5","0","0","1","2","-2","1","1","2","5","4","5","4","2","1","2","3","4","3","4","6","4","8","3","7","6","5","7","5","5","3","3","6","2","5","2","5","5","1","2","2","5","1","1","5","5","4","6","3","1","2","2","1","1","2","6","2","1","7","1","1","1","1","1","2","1","7","1","3","799230569765543938","仲","102","Female","[""坏我"",""好我"",""好她"",""坏她""]","[""弱我"",""强我"",""强她"",""弱她""]","","","","","","","","match","","","","","","","","","ALT2","ability","","key","f","16.665625000001455","683","380","","弱我","","","","f","true","","","match","","img/trapezoid.png","弱我","",""
"null","<span style='color:GreenYellow; font-size: 70px;'>正确! </span>","null","html-keyboard-response","975","1750090","0.0-10.0-1.0-4.0-0.2-1.141","5","2","5","1","1","5","3","4","4","5","5","0","0","1","2","-2","1","1","2","5","4","5","4","2","1","2","3","4","3","4","6","4","8","3","7","6","5","7","5","5","3","3","6","2","5","2","5","5","1","2","2","5","1","1","5","5","4","6","3","1","2","2","1","1","2","6","2","1","7","1","1","1","1","1","2","1","7","1","3","799230569765543938","仲","102","Female","[""坏我"",""好我"",""好她"",""坏她""]","[""弱我"",""强我"",""强她"",""弱她""]","","","","","","","","","","","","","","","","","","feedback_test","","","","","","","","","","","","","","","","","","","","",""
"719","","j","psychophysics","976","1751813","0.0-10.0-1.0-4.0-0.2-0.142","5","2","5","1","1","5","3","4","4","5","5","0","0","1","2","-2","1","1","2","5","4","5","4","2","1","2","3","4","3","4","6","4","8","3","7","6","5","7","5","5","3","3","6","2","5","2","5","5","1","2","2","5","1","1","5","5","4","6","3","1","2","2","1","1","2","6","2","1","7","1","1","1","1","1","2","1","7","1","3","799230569765543938","仲","102","Female","[""坏我"",""好我"",""好她"",""坏她""]","[""弱我"",""强我"",""强她"",""弱她""]","","","","","","","","nonmatch","","","","","","","","","ALT2","ability","","key","j","16.665686274511174","683","380","","强她","","","","j","true","","","nonmatch","","img/trapezoid.png","弱我","",""
"null","<span style='color:GreenYellow; font-size: 70px;'>正确! </span>","null","html-keyboard-response","977","1752318","0.0-10.0-1.0-4.0-0.2-1.142","5","2","5","1","1","5","3","4","4","5","5","0","0","1","2","-2","1","1","2","5","4","5","4","2","1","2","3","4","3","4","6","4","8","3","7","6","5","7","5","5","3","3","6","2","5","2","5","5","1","2","2","5","1","1","5","5","4","6","3","1","2","2","1","1","2","6","2","1","7","1","1","1","1","1","2","1","7","1","3","799230569765543938","仲","102","Female","[""坏我"",""好我"",""好她"",""坏她""]","[""弱我"",""强我"",""强她"",""弱她""]","","","","","","","","","","","","","","","","","","feedback_test","","","","","","","","","","","","","","","","","","","","",""
"1022","","f","psychophysics","978","1754344","0.0-10.0-1.0-4.0-0.2-0.143","5","2","5","1","1","5","3","4","4","5","5","0","0","1","2","-2","1","1","2","5","4","5","4","2","1","2","3","4","3","4","6","4","8","3","7","6","5","7","5","5","3","3","6","2","5","2","5","5","1","2","2","5","1","1","5","5","4","6","3","1","2","2","1","1","2","6","2","1","7","1","1","1","1","1","2","1","7","1","3","799230569765543938","仲","102","Female","[""坏我"",""好我"",""好她"",""坏她""]","[""弱我"",""强我"",""强她"",""弱她""]","","","","","","","","match","","","","","","","","","ALT2","ability","","key","f","16.665833333332557","683","380","","弱她","","","","f","true","","","match","","img/circle.png","弱她","",""
"null","<span style='color:GreenYellow; font-size: 70px;'>正确! </span>","null","html-keyboard-response","979","1754848","0.0-10.0-1.0-4.0-0.2-1.143","5","2","5","1","1","5","3","4","4","5","5","0","0","1","2","-2","1","1","2","5","4","5","4","2","1","2","3","4","3","4","6","4","8","3","7","6","5","7","5","5","3","3","6","2","5","2","5","5","1","2","2","5","1","1","5","5","4","6","3","1","2","2","1","1","2","6","2","1","7","1","1","1","1","1","2","1","7","1","3","799230569765543938","仲","102","Female","[""坏我"",""好我"",""好她"",""坏她""]","[""弱我"",""强我"",""强她"",""弱她""]","","","","","","","","","","","","","","","","","","feedback_test","","","","","","","","","","","","","","","","","","","","",""
"5438","<style>.context{color:white; font-size: 35px; line-height:40px}</style>                          <div><p class='context'>您正确回答了94% 的试次。</p><p class='context'>您的平均反应时为824毫秒。</p><p class='context'>请按空格键进入休息。</p></div>"," ","html-keyboard-response","980","1760289","0.0-10.0-1.0-4.0-1.2","5","2","5","1","1","5","3","4","4","5","5","0","0","1","2","-2","1","1","2","5","4","5","4","2","1","2","3","4","3","4","6","4","8","3","7","6","5","7","5","5","3","3","6","2","5","2","5","5","1","2","2","5","1","1","5","5","4","6","3","1","2","2","1","1","2","6","2","1","7","1","1","1","1","1","2","1","7","1","3","799230569765543938","仲","102","Female","[""坏我"",""好我"",""好她"",""坏她""]","[""弱我"",""强我"",""强她"",""弱她""]","","","","","","","","","","","","","","","","","","","","","","","","","","","","","","","","","","","","","","",""
"3507","
        <p >您当前还剩余5组实验</p>
        <p >现在是休息时间，当您结束休息后，</p>
        <p >您可以点击 结束休息 按钮 继续。</p>
        <p >建议休息时间还剩余<span id=""iii"">60</span>秒。</p>","0","html-button-response","981","1763802","0.0-10.0-1.0-4.0-2.2","5","2","5","1","1","5","3","4","4","5","5","0","0","1","2","-2","1","1","2","5","4","5","4","2","1","2","3","4","3","4","6","4","8","3","7","6","5","7","5","5","3","3","6","2","5","2","5","5","1","2","2","5","1","1","5","5","4","6","3","1","2","2","1","1","2","6","2","1","7","1","1","1","1","1","2","1","7","1","3","799230569765543938","仲","102","Female","[""坏我"",""好我"",""好她"",""坏她""]","[""弱我"",""强我"",""强她"",""弱她""]","","","","","","","","","","","","","","","","","","","","","","","","","","","","","","","","","","","","","","",""
"724","","f","psychophysics","982","1765534","0.0-10.0-1.0-4.0-0.3-0.144","5","2","5","1","1","5","3","4","4","5","5","0","0","1","2","-2","1","1","2","5","4","5","4","2","1","2","3","4","3","4","6","4","8","3","7","6","5","7","5","5","3","3","6","2","5","2","5","5","1","2","2","5","1","1","5","5","4","6","3","1","2","2","1","1","2","6","2","1","7","1","1","1","1","1","2","1","7","1","3","799230569765543938","仲","102","Female","[""坏我"",""好我"",""好她"",""坏她""]","[""弱我"",""强我"",""强她"",""弱她""]","","","","","","","","match","","","","","","","","","ALT2","ability","","key","f","16.666990291261683","683","380","","弱我","","","","f","true","","","match","","img/trapezoid.png","弱我","",""
"null","<span style='color:GreenYellow; font-size: 70px;'>正确! </span>","null","html-keyboard-response","983","1766039","0.0-10.0-1.0-4.0-0.3-1.144","5","2","5","1","1","5","3","4","4","5","5","0","0","1","2","-2","1","1","2","5","4","5","4","2","1","2","3","4","3","4","6","4","8","3","7","6","5","7","5","5","3","3","6","2","5","2","5","5","1","2","2","5","1","1","5","5","4","6","3","1","2","2","1","1","2","6","2","1","7","1","1","1","1","1","2","1","7","1","3","799230569765543938","仲","102","Female","[""坏我"",""好我"",""好她"",""坏她""]","[""弱我"",""强我"",""强她"",""弱她""]","","","","","","","","","","","","","","","","","","feedback_test","","","","","","","","","","","","","","","","","","","","",""
"689","","j","psychophysics","984","1767730","0.0-10.0-1.0-4.0-0.3-0.145","5","2","5","1","1","5","3","4","4","5","5","0","0","1","2","-2","1","1","2","5","4","5","4","2","1","2","3","4","3","4","6","4","8","3","7","6","5","7","5","5","3","3","6","2","5","2","5","5","1","2","2","5","1","1","5","5","4","6","3","1","2","2","1","1","2","6","2","1","7","1","1","1","1","1","2","1","7","1","3","799230569765543938","仲","102","Female","[""坏我"",""好我"",""好她"",""坏她""]","[""弱我"",""强我"",""强她"",""弱她""]","","","","","","","","nonmatch","","","","","","","","","ALT2","ability","","key","j","16.665346534653004","683","380","","强她","","","","j","true","","","nonmatch","","img/circle.png","弱她","",""
"null","<span style='color:GreenYellow; font-size: 70px;'>正确! </span>","null","html-keyboard-response","985","1768234","0.0-10.0-1.0-4.0-0.3-1.145","5","2","5","1","1","5","3","4","4","5","5","0","0","1","2","-2","1","1","2","5","4","5","4","2","1","2","3","4","3","4","6","4","8","3","7","6","5","7","5","5","3","3","6","2","5","2","5","5","1","2","2","5","1","1","5","5","4","6","3","1","2","2","1","1","2","6","2","1","7","1","1","1","1","1","2","1","7","1","3","799230569765543938","仲","102","Female","[""坏我"",""好我"",""好她"",""坏她""]","[""弱我"",""强我"",""强她"",""弱她""]","","","","","","","","","","","","","","","","","","feedback_test","","","","","","","","","","","","","","","","","","","","",""
"851","","f","psychophysics","986","1770089","0.0-10.0-1.0-4.0-0.3-0.146","5","2","5","1","1","5","3","4","4","5","5","0","0","1","2","-2","1","1","2","5","4","5","4","2","1","2","3","4","3","4","6","4","8","3","7","6","5","7","5","5","3","3","6","2","5","2","5","5","1","2","2","5","1","1","5","5","4","6","3","1","2","2","1","1","2","6","2","1","7","1","1","1","1","1","2","1","7","1","3","799230569765543938","仲","102","Female","[""坏我"",""好我"",""好她"",""坏她""]","[""弱我"",""强我"",""强她"",""弱她""]","","","","","","","","match","","","","","","","","","ALT2","ability","","key","f","16.66636363636406","683","380","","强她","","","","f","true","","","match","","img/diamond.png","强她","",""
"null","<span style='color:GreenYellow; font-size: 70px;'>正确! </span>","null","html-keyboard-response","987","1770592","0.0-10.0-1.0-4.0-0.3-1.146","5","2","5","1","1","5","3","4","4","5","5","0","0","1","2","-2","1","1","2","5","4","5","4","2","1","2","3","4","3","4","6","4","8","3","7","6","5","7","5","5","3","3","6","2","5","2","5","5","1","2","2","5","1","1","5","5","4","6","3","1","2","2","1","1","2","6","2","1","7","1","1","1","1","1","2","1","7","1","3","799230569765543938","仲","102","Female","[""坏我"",""好我"",""好她"",""坏她""]","[""弱我"",""强我"",""强她"",""弱她""]","","","","","","","","","","","","","","","","","","feedback_test","","","","","","","","","","","","","","","","","","","","",""
"806","","f","psychophysics","988","1772405","0.0-10.0-1.0-4.0-0.3-0.147","5","2","5","1","1","5","3","4","4","5","5","0","0","1","2","-2","1","1","2","5","4","5","4","2","1","2","3","4","3","4","6","4","8","3","7","6","5","7","5","5","3","3","6","2","5","2","5","5","1","2","2","5","1","1","5","5","4","6","3","1","2","2","1","1","2","6","2","1","7","1","1","1","1","1","2","1","7","1","3","799230569765543938","仲","102","Female","[""坏我"",""好我"",""好她"",""坏她""]","[""弱我"",""强我"",""强她"",""弱她""]","","","","","","","","match","","","","","","","","","ALT2","ability","","key","f","16.664814814815244","683","380","","强我","","","","f","true","","","match","","img/pentagon.png","强我","",""
"null","<span style='color:GreenYellow; font-size: 70px;'>正确! </span>","null","html-keyboard-response","989","1772910","0.0-10.0-1.0-4.0-0.3-1.147","5","2","5","1","1","5","3","4","4","5","5","0","0","1","2","-2","1","1","2","5","4","5","4","2","1","2","3","4","3","4","6","4","8","3","7","6","5","7","5","5","3","3","6","2","5","2","5","5","1","2","2","5","1","1","5","5","4","6","3","1","2","2","1","1","2","6","2","1","7","1","1","1","1","1","2","1","7","1","3","799230569765543938","仲","102","Female","[""坏我"",""好我"",""好她"",""坏她""]","[""弱我"",""强我"",""强她"",""弱她""]","","","","","","","","","","","","","","","","","","feedback_test","","","","","","","","","","","","","","","","","","","","",""
"748","","f","psychophysics","990","1774663","0.0-10.0-1.0-4.0-0.3-0.148","5","2","5","1","1","5","3","4","4","5","5","0","0","1","2","-2","1","1","2","5","4","5","4","2","1","2","3","4","3","4","6","4","8","3","7","6","5","7","5","5","3","3","6","2","5","2","5","5","1","2","2","5","1","1","5","5","4","6","3","1","2","2","1","1","2","6","2","1","7","1","1","1","1","1","2","1","7","1","3","799230569765543938","仲","102","Female","[""坏我"",""好我"",""好她"",""坏她""]","[""弱我"",""强我"",""强她"",""弱她""]","","","","","","","","match","","","","","","","","","ALT2","ability","","key","f","16.6663461538466","683","380","","强她","","","","f","true","","","match","","img/diamond.png","强她","",""
"null","<span style='color:GreenYellow; font-size: 70px;'>正确! </span>","null","html-keyboard-response","991","1775168","0.0-10.0-1.0-4.0-0.3-1.148","5","2","5","1","1","5","3","4","4","5","5","0","0","1","2","-2","1","1","2","5","4","5","4","2","1","2","3","4","3","4","6","4","8","3","7","6","5","7","5","5","3","3","6","2","5","2","5","5","1","2","2","5","1","1","5","5","4","6","3","1","2","2","1","1","2","6","2","1","7","1","1","1","1","1","2","1","7","1","3","799230569765543938","仲","102","Female","[""坏我"",""好我"",""好她"",""坏她""]","[""弱我"",""强我"",""强她"",""弱她""]","","","","","","","","","","","","","","","","","","feedback_test","","","","","","","","","","","","","","","","","","","","",""
"837","","j","psychophysics","992","1777009","0.0-10.0-1.0-4.0-0.3-0.149","5","2","5","1","1","5","3","4","4","5","5","0","0","1","2","-2","1","1","2","5","4","5","4","2","1","2","3","4","3","4","6","4","8","3","7","6","5","7","5","5","3","3","6","2","5","2","5","5","1","2","2","5","1","1","5","5","4","6","3","1","2","2","1","1","2","6","2","1","7","1","1","1","1","1","2","1","7","1","3","799230569765543938","仲","102","Female","[""坏我"",""好我"",""好她"",""坏她""]","[""弱我"",""强我"",""强她"",""弱她""]","","","","","","","","nonmatch","","","","","","","","","ALT2","ability","","key","j","16.664814814815244","683","380","","弱我","","","","j","true","","","nonmatch","","img/diamond.png","强她","",""
"null","<span style='color:GreenYellow; font-size: 70px;'>正确! </span>","null","html-keyboard-response","993","1777512","0.0-10.0-1.0-4.0-0.3-1.149","5","2","5","1","1","5","3","4","4","5","5","0","0","1","2","-2","1","1","2","5","4","5","4","2","1","2","3","4","3","4","6","4","8","3","7","6","5","7","5","5","3","3","6","2","5","2","5","5","1","2","2","5","1","1","5","5","4","6","3","1","2","2","1","1","2","6","2","1","7","1","1","1","1","1","2","1","7","1","3","799230569765543938","仲","102","Female","[""坏我"",""好我"",""好她"",""坏她""]","[""弱我"",""强我"",""强她"",""弱她""]","","","","","","","","","","","","","","","","","","feedback_test","","","","","","","","","","","","","","","","","","","","",""
"1036","","f","psychophysics","994","1779552","0.0-10.0-1.0-4.0-0.3-0.150","5","2","5","1","1","5","3","4","4","5","5","0","0","1","2","-2","1","1","2","5","4","5","4","2","1","2","3","4","3","4","6","4","8","3","7","6","5","7","5","5","3","3","6","2","5","2","5","5","1","2","2","5","1","1","5","5","4","6","3","1","2","2","1","1","2","6","2","1","7","1","1","1","1","1","2","1","7","1","3","799230569765543938","仲","102","Female","[""坏我"",""好我"",""好她"",""坏她""]","[""弱我"",""强我"",""强她"",""弱她""]","","","","","","","","match","","","","","","","","","ALT2","ability","","key","f","16.665289256198346","683","380","","弱她","","","","f","true","","","match","","img/circle.png","弱她","",""
"null","<span style='color:GreenYellow; font-size: 70px;'>正确! </span>","null","html-keyboard-response","995","1780059","0.0-10.0-1.0-4.0-0.3-1.150","5","2","5","1","1","5","3","4","4","5","5","0","0","1","2","-2","1","1","2","5","4","5","4","2","1","2","3","4","3","4","6","4","8","3","7","6","5","7","5","5","3","3","6","2","5","2","5","5","1","2","2","5","1","1","5","5","4","6","3","1","2","2","1","1","2","6","2","1","7","1","1","1","1","1","2","1","7","1","3","799230569765543938","仲","102","Female","[""坏我"",""好我"",""好她"",""坏她""]","[""弱我"",""强我"",""强她"",""弱她""]","","","","","","","","","","","","","","","","","","feedback_test","","","","","","","","","","","","","","","","","","","","",""
"726","","j","psychophysics","996","1781791","0.0-10.0-1.0-4.0-0.3-0.151","5","2","5","1","1","5","3","4","4","5","5","0","0","1","2","-2","1","1","2","5","4","5","4","2","1","2","3","4","3","4","6","4","8","3","7","6","5","7","5","5","3","3","6","2","5","2","5","5","1","2","2","5","1","1","5","5","4","6","3","1","2","2","1","1","2","6","2","1","7","1","1","1","1","1","2","1","7","1","3","799230569765543938","仲","102","Female","[""坏我"",""好我"",""好她"",""坏她""]","[""弱我"",""强我"",""强她"",""弱她""]","","","","","","","","nonmatch","","","","","","","","","ALT2","ability","","key","j","16.66568627450889","683","380","","强她","","","","j","true","","","nonmatch","","img/trapezoid.png","弱我","",""
"null","<span style='color:GreenYellow; font-size: 70px;'>正确! </span>","null","html-keyboard-response","997","1782293","0.0-10.0-1.0-4.0-0.3-1.151","5","2","5","1","1","5","3","4","4","5","5","0","0","1","2","-2","1","1","2","5","4","5","4","2","1","2","3","4","3","4","6","4","8","3","7","6","5","7","5","5","3","3","6","2","5","2","5","5","1","2","2","5","1","1","5","5","4","6","3","1","2","2","1","1","2","6","2","1","7","1","1","1","1","1","2","1","7","1","3","799230569765543938","仲","102","Female","[""坏我"",""好我"",""好她"",""坏她""]","[""弱我"",""强我"",""强她"",""弱她""]","","","","","","","","","","","","","","","","","","feedback_test","","","","","","","","","","","","","","","","","","","","",""
"794","","f","psychophysics","998","1784093","0.0-10.0-1.0-4.0-0.3-0.152","5","2","5","1","1","5","3","4","4","5","5","0","0","1","2","-2","1","1","2","5","4","5","4","2","1","2","3","4","3","4","6","4","8","3","7","6","5","7","5","5","3","3","6","2","5","2","5","5","1","2","2","5","1","1","5","5","4","6","3","1","2","2","1","1","2","6","2","1","7","1","1","1","1","1","2","1","7","1","3","799230569765543938","仲","102","Female","[""坏我"",""好我"",""好她"",""坏她""]","[""弱我"",""强我"",""强她"",""弱她""]","","","","","","","","match","","","","","","","","","ALT2","ability","","key","f","16.66542056074723","683","380","","强她","","","","f","true","","","match","","img/diamond.png","强她","",""
"null","<span style='color:GreenYellow; font-size: 70px;'>正确! </span>","null","html-keyboard-response","999","1784598","0.0-10.0-1.0-4.0-0.3-1.152","5","2","5","1","1","5","3","4","4","5","5","0","0","1","2","-2","1","1","2","5","4","5","4","2","1","2","3","4","3","4","6","4","8","3","7","6","5","7","5","5","3","3","6","2","5","2","5","5","1","2","2","5","1","1","5","5","4","6","3","1","2","2","1","1","2","6","2","1","7","1","1","1","1","1","2","1","7","1","3","799230569765543938","仲","102","Female","[""坏我"",""好我"",""好她"",""坏她""]","[""弱我"",""强我"",""强她"",""弱她""]","","","","","","","","","","","","","","","","","","feedback_test","","","","","","","","","","","","","","","","","","","","",""
"871","","j","psychophysics","1000","1786470","0.0-10.0-1.0-4.0-0.3-0.153","5","2","5","1","1","5","3","4","4","5","5","0","0","1","2","-2","1","1","2","5","4","5","4","2","1","2","3","4","3","4","6","4","8","3","7","6","5","7","5","5","3","3","6","2","5","2","5","5","1","2","2","5","1","1","5","5","4","6","3","1","2","2","1","1","2","6","2","1","7","1","1","1","1","1","2","1","7","1","3","799230569765543938","仲","102","Female","[""坏我"",""好我"",""好她"",""坏她""]","[""弱我"",""强我"",""强她"",""弱她""]","","","","","","","","nonmatch","","","","","","","","","ALT2","ability","","key","j","16.60900900900985","683","380","","弱我","","","","j","true","","","nonmatch","","img/circle.png","弱她","",""
"null","<span style='color:GreenYellow; font-size: 70px;'>正确! </span>","null","html-keyboard-response","1001","1786979","0.0-10.0-1.0-4.0-0.3-1.153","5","2","5","1","1","5","3","4","4","5","5","0","0","1","2","-2","1","1","2","5","4","5","4","2","1","2","3","4","3","4","6","4","8","3","7","6","5","7","5","5","3","3","6","2","5","2","5","5","1","2","2","5","1","1","5","5","4","6","3","1","2","2","1","1","2","6","2","1","7","1","1","1","1","1","2","1","7","1","3","799230569765543938","仲","102","Female","[""坏我"",""好我"",""好她"",""坏她""]","[""弱我"",""强我"",""强她"",""弱她""]","","","","","","","","","","","","","","","","","","feedback_test","","","","","","","","","","","","","","","","","","","","",""
"796","","f","psychophysics","1002","1788777","0.0-10.0-1.0-4.0-0.3-0.154","5","2","5","1","1","5","3","4","4","5","5","0","0","1","2","-2","1","1","2","5","4","5","4","2","1","2","3","4","3","4","6","4","8","3","7","6","5","7","5","5","3","3","6","2","5","2","5","5","1","2","2","5","1","1","5","5","4","6","3","1","2","2","1","1","2","6","2","1","7","1","1","1","1","1","2","1","7","1","3","799230569765543938","仲","102","Female","[""坏我"",""好我"",""好她"",""坏她""]","[""弱我"",""强我"",""强她"",""弱她""]","","","","","","","","match","","","","","","","","","ALT2","ability","","key","f","16.66542056074723","683","380","","弱她","","","","f","true","","","match","","img/circle.png","弱她","",""
"null","<span style='color:GreenYellow; font-size: 70px;'>正确! </span>","null","html-keyboard-response","1003","1789286","0.0-10.0-1.0-4.0-0.3-1.154","5","2","5","1","1","5","3","4","4","5","5","0","0","1","2","-2","1","1","2","5","4","5","4","2","1","2","3","4","3","4","6","4","8","3","7","6","5","7","5","5","3","3","6","2","5","2","5","5","1","2","2","5","1","1","5","5","4","6","3","1","2","2","1","1","2","6","2","1","7","1","1","1","1","1","2","1","7","1","3","799230569765543938","仲","102","Female","[""坏我"",""好我"",""好她"",""坏她""]","[""弱我"",""强我"",""强她"",""弱她""]","","","","","","","","","","","","","","","","","","feedback_test","","","","","","","","","","","","","","","","","","","","",""
"710","","j","psychophysics","1004","1791002","0.0-10.0-1.0-4.0-0.3-0.155","5","2","5","1","1","5","3","4","4","5","5","0","0","1","2","-2","1","1","2","5","4","5","4","2","1","2","3","4","3","4","6","4","8","3","7","6","5","7","5","5","3","3","6","2","5","2","5","5","1","2","2","5","1","1","5","5","4","6","3","1","2","2","1","1","2","6","2","1","7","1","1","1","1","1","2","1","7","1","3","799230569765543938","仲","102","Female","[""坏我"",""好我"",""好她"",""坏她""]","[""弱我"",""强我"",""强她"",""弱她""]","","","","","","","","nonmatch","","","","","","","","","ALT2","ability","","key","j","16.66568627450889","683","380","","强她","","","","j","true","","","nonmatch","","img/pentagon.png","强我","",""
"null","<span style='color:GreenYellow; font-size: 70px;'>正确! </span>","null","html-keyboard-response","1005","1791505","0.0-10.0-1.0-4.0-0.3-1.155","5","2","5","1","1","5","3","4","4","5","5","0","0","1","2","-2","1","1","2","5","4","5","4","2","1","2","3","4","3","4","6","4","8","3","7","6","5","7","5","5","3","3","6","2","5","2","5","5","1","2","2","5","1","1","5","5","4","6","3","1","2","2","1","1","2","6","2","1","7","1","1","1","1","1","2","1","7","1","3","799230569765543938","仲","102","Female","[""坏我"",""好我"",""好她"",""坏她""]","[""弱我"",""强我"",""强她"",""弱她""]","","","","","","","","","","","","","","","","","","feedback_test","","","","","","","","","","","","","","","","","","","","",""
"1109","","j","psychophysics","1006","1793620","0.0-10.0-1.0-4.0-0.3-0.156","5","2","5","1","1","5","3","4","4","5","5","0","0","1","2","-2","1","1","2","5","4","5","4","2","1","2","3","4","3","4","6","4","8","3","7","6","5","7","5","5","3","3","6","2","5","2","5","5","1","2","2","5","1","1","5","5","4","6","3","1","2","2","1","1","2","6","2","1","7","1","1","1","1","1","2","1","7","1","3","799230569765543938","仲","102","Female","[""坏我"",""好我"",""好她"",""坏她""]","[""弱我"",""强我"",""强她"",""弱她""]","","","","","","","","nonmatch","","","","","","","","","ALT2","ability","","key","j","16.665873015872275","683","380","","弱她","","","","j","true","","","nonmatch","","img/pentagon.png","强我","",""
"null","<span style='color:GreenYellow; font-size: 70px;'>正确! </span>","null","html-keyboard-response","1007","1794124","0.0-10.0-1.0-4.0-0.3-1.156","5","2","5","1","1","5","3","4","4","5","5","0","0","1","2","-2","1","1","2","5","4","5","4","2","1","2","3","4","3","4","6","4","8","3","7","6","5","7","5","5","3","3","6","2","5","2","5","5","1","2","2","5","1","1","5","5","4","6","3","1","2","2","1","1","2","6","2","1","7","1","1","1","1","1","2","1","7","1","3","799230569765543938","仲","102","Female","[""坏我"",""好我"",""好她"",""坏她""]","[""弱我"",""强我"",""强她"",""弱她""]","","","","","","","","","","","","","","","","","","feedback_test","","","","","","","","","","","","","","","","","","","","",""
"789","","j","psychophysics","1008","1795915","0.0-10.0-1.0-4.0-0.3-0.157","5","2","5","1","1","5","3","4","4","5","5","0","0","1","2","-2","1","1","2","5","4","5","4","2","1","2","3","4","3","4","6","4","8","3","7","6","5","7","5","5","3","3","6","2","5","2","5","5","1","2","2","5","1","1","5","5","4","6","3","1","2","2","1","1","2","6","2","1","7","1","1","1","1","1","2","1","7","1","3","799230569765543938","仲","102","Female","[""坏我"",""好我"",""好她"",""坏她""]","[""弱我"",""强我"",""强她"",""弱她""]","","","","","","","","nonmatch","","","","","","","","","ALT2","ability","","key","j","16.666037735847738","683","380","","弱她","","","","f","false","","","match","","img/circle.png","弱她","",""
"null","<span style='color:red; font-size: 70px;'>错误! </span>","null","html-keyboard-response","1009","1796425","0.0-10.0-1.0-4.0-0.3-1.157","5","2","5","1","1","5","3","4","4","5","5","0","0","1","2","-2","1","1","2","5","4","5","4","2","1","2","3","4","3","4","6","4","8","3","7","6","5","7","5","5","3","3","6","2","5","2","5","5","1","2","2","5","1","1","5","5","4","6","3","1","2","2","1","1","2","6","2","1","7","1","1","1","1","1","2","1","7","1","3","799230569765543938","仲","102","Female","[""坏我"",""好我"",""好她"",""坏她""]","[""弱我"",""强我"",""强她"",""弱她""]","","","","","","","","","","","","","","","","","","feedback_test","","","","","","","","","","","","","","","","","","","","",""
"627","","f","psychophysics","1010","1798058","0.0-10.0-1.0-4.0-0.3-0.158","5","2","5","1","1","5","3","4","4","5","5","0","0","1","2","-2","1","1","2","5","4","5","4","2","1","2","3","4","3","4","6","4","8","3","7","6","5","7","5","5","3","3","6","2","5","2","5","5","1","2","2","5","1","1","5","5","4","6","3","1","2","2","1","1","2","6","2","1","7","1","1","1","1","1","2","1","7","1","3","799230569765543938","仲","102","Female","[""坏我"",""好我"",""好她"",""坏她""]","[""弱我"",""强我"",""强她"",""弱她""]","","","","","","","","match","","","","","","","","","ALT2","ability","","key","f","16.666315789474176","683","380","","强我","","","","f","true","","","match","","img/pentagon.png","强我","",""
"null","<span style='color:GreenYellow; font-size: 70px;'>正确! </span>","null","html-keyboard-response","1011","1798560","0.0-10.0-1.0-4.0-0.3-1.158","5","2","5","1","1","5","3","4","4","5","5","0","0","1","2","-2","1","1","2","5","4","5","4","2","1","2","3","4","3","4","6","4","8","3","7","6","5","7","5","5","3","3","6","2","5","2","5","5","1","2","2","5","1","1","5","5","4","6","3","1","2","2","1","1","2","6","2","1","7","1","1","1","1","1","2","1","7","1","3","799230569765543938","仲","102","Female","[""坏我"",""好我"",""好她"",""坏她""]","[""弱我"",""强我"",""强她"",""弱她""]","","","","","","","","","","","","","","","","","","feedback_test","","","","","","","","","","","","","","","","","","","","",""
"847","","j","psychophysics","1012","1800411","0.0-10.0-1.0-4.0-0.3-0.159","5","2","5","1","1","5","3","4","4","5","5","0","0","1","2","-2","1","1","2","5","4","5","4","2","1","2","3","4","3","4","6","4","8","3","7","6","5","7","5","5","3","3","6","2","5","2","5","5","1","2","2","5","1","1","5","5","4","6","3","1","2","2","1","1","2","6","2","1","7","1","1","1","1","1","2","1","7","1","3","799230569765543938","仲","102","Female","[""坏我"",""好我"",""好她"",""坏她""]","[""弱我"",""强我"",""强她"",""弱她""]","","","","","","","","nonmatch","","","","","","","","","ALT2","ability","","key","j","16.66545454545412","683","380","","弱我","","","","j","true","","","nonmatch","","img/pentagon.png","强我","",""
"null","<span style='color:GreenYellow; font-size: 70px;'>正确! </span>","null","html-keyboard-response","1013","1800919","0.0-10.0-1.0-4.0-0.3-1.159","5","2","5","1","1","5","3","4","4","5","5","0","0","1","2","-2","1","1","2","5","4","5","4","2","1","2","3","4","3","4","6","4","8","3","7","6","5","7","5","5","3","3","6","2","5","2","5","5","1","2","2","5","1","1","5","5","4","6","3","1","2","2","1","1","2","6","2","1","7","1","1","1","1","1","2","1","7","1","3","799230569765543938","仲","102","Female","[""坏我"",""好我"",""好她"",""坏她""]","[""弱我"",""强我"",""强她"",""弱她""]","","","","","","","","","","","","","","","","","","feedback_test","","","","","","","","","","","","","","","","","","","","",""
"726","","j","psychophysics","1014","1802651","0.0-10.0-1.0-4.0-0.3-0.160","5","2","5","1","1","5","3","4","4","5","5","0","0","1","2","-2","1","1","2","5","4","5","4","2","1","2","3","4","3","4","6","4","8","3","7","6","5","7","5","5","3","3","6","2","5","2","5","5","1","2","2","5","1","1","5","5","4","6","3","1","2","2","1","1","2","6","2","1","7","1","1","1","1","1","2","1","7","1","3","799230569765543938","仲","102","Female","[""坏我"",""好我"",""好她"",""坏她""]","[""弱我"",""强我"",""强她"",""弱她""]","","","","","","","","nonmatch","","","","","","","","","ALT2","ability","","key","j","16.666019417476633","683","380","","强我","","","","j","true","","","nonmatch","","img/diamond.png","强她","",""
"null","<span style='color:GreenYellow; font-size: 70px;'>正确! </span>","null","html-keyboard-response","1015","1803161","0.0-10.0-1.0-4.0-0.3-1.160","5","2","5","1","1","5","3","4","4","5","5","0","0","1","2","-2","1","1","2","5","4","5","4","2","1","2","3","4","3","4","6","4","8","3","7","6","5","7","5","5","3","3","6","2","5","2","5","5","1","2","2","5","1","1","5","5","4","6","3","1","2","2","1","1","2","6","2","1","7","1","1","1","1","1","2","1","7","1","3","799230569765543938","仲","102","Female","[""坏我"",""好我"",""好她"",""坏她""]","[""弱我"",""强我"",""强她"",""弱她""]","","","","","","","","","","","","","","","","","","feedback_test","","","","","","","","","","","","","","","","","","","","",""
"906","","f","psychophysics","1016","1805070","0.0-10.0-1.0-4.0-0.3-0.161","5","2","5","1","1","5","3","4","4","5","5","0","0","1","2","-2","1","1","2","5","4","5","4","2","1","2","3","4","3","4","6","4","8","3","7","6","5","7","5","5","3","3","6","2","5","2","5","5","1","2","2","5","1","1","5","5","4","6","3","1","2","2","1","1","2","6","2","1","7","1","1","1","1","1","2","1","7","1","3","799230569765543938","仲","102","Female","[""坏我"",""好我"",""好她"",""坏她""]","[""弱我"",""强我"",""强她"",""弱她""]","","","","","","","","match","","","","","","","","","ALT2","ability","","key","f","16.665178571428573","683","380","","弱我","","","","f","true","","","match","","img/trapezoid.png","弱我","",""
"null","<span style='color:GreenYellow; font-size: 70px;'>正确! </span>","null","html-keyboard-response","1017","1805579","0.0-10.0-1.0-4.0-0.3-1.161","5","2","5","1","1","5","3","4","4","5","5","0","0","1","2","-2","1","1","2","5","4","5","4","2","1","2","3","4","3","4","6","4","8","3","7","6","5","7","5","5","3","3","6","2","5","2","5","5","1","2","2","5","1","1","5","5","4","6","3","1","2","2","1","1","2","6","2","1","7","1","1","1","1","1","2","1","7","1","3","799230569765543938","仲","102","Female","[""坏我"",""好我"",""好她"",""坏她""]","[""弱我"",""强我"",""强她"",""弱她""]","","","","","","","","","","","","","","","","","","feedback_test","","","","","","","","","","","","","","","","","","","","",""
"990","","j","psychophysics","1018","1807572","0.0-10.0-1.0-4.0-0.3-0.162","5","2","5","1","1","5","3","4","4","5","5","0","0","1","2","-2","1","1","2","5","4","5","4","2","1","2","3","4","3","4","6","4","8","3","7","6","5","7","5","5","3","3","6","2","5","2","5","5","1","2","2","5","1","1","5","5","4","6","3","1","2","2","1","1","2","6","2","1","7","1","1","1","1","1","2","1","7","1","3","799230569765543938","仲","102","Female","[""坏我"",""好我"",""好她"",""坏她""]","[""弱我"",""强我"",""强她"",""弱她""]","","","","","","","","nonmatch","","","","","","","","","ALT2","ability","","key","j","16.665546218487005","683","380","","弱她","","","","j","true","","","nonmatch","","img/trapezoid.png","弱我","",""
"null","<span style='color:GreenYellow; font-size: 70px;'>正确! </span>","null","html-keyboard-response","1019","1808078","0.0-10.0-1.0-4.0-0.3-1.162","5","2","5","1","1","5","3","4","4","5","5","0","0","1","2","-2","1","1","2","5","4","5","4","2","1","2","3","4","3","4","6","4","8","3","7","6","5","7","5","5","3","3","6","2","5","2","5","5","1","2","2","5","1","1","5","5","4","6","3","1","2","2","1","1","2","6","2","1","7","1","1","1","1","1","2","1","7","1","3","799230569765543938","仲","102","Female","[""坏我"",""好我"",""好她"",""坏她""]","[""弱我"",""强我"",""强她"",""弱她""]","","","","","","","","","","","","","","","","","","feedback_test","","","","","","","","","","","","","","","","","","","","",""
"883","","j","psychophysics","1020","1809964","0.0-10.0-1.0-4.0-0.3-0.163","5","2","5","1","1","5","3","4","4","5","5","0","0","1","2","-2","1","1","2","5","4","5","4","2","1","2","3","4","3","4","6","4","8","3","7","6","5","7","5","5","3","3","6","2","5","2","5","5","1","2","2","5","1","1","5","5","4","6","3","1","2","2","1","1","2","6","2","1","7","1","1","1","1","1","2","1","7","1","3","799230569765543938","仲","102","Female","[""坏我"",""好我"",""好她"",""坏她""]","[""弱我"",""强我"",""强她"",""弱她""]","","","","","","","","nonmatch","","","","","","","","","ALT2","ability","","key","j","16.66607142857018","683","380","","强我","","","","j","true","","","nonmatch","","img/trapezoid.png","弱我","",""
"null","<span style='color:GreenYellow; font-size: 70px;'>正确! </span>","null","html-keyboard-response","1021","1810470","0.0-10.0-1.0-4.0-0.3-1.163","5","2","5","1","1","5","3","4","4","5","5","0","0","1","2","-2","1","1","2","5","4","5","4","2","1","2","3","4","3","4","6","4","8","3","7","6","5","7","5","5","3","3","6","2","5","2","5","5","1","2","2","5","1","1","5","5","4","6","3","1","2","2","1","1","2","6","2","1","7","1","1","1","1","1","2","1","7","1","3","799230569765543938","仲","102","Female","[""坏我"",""好我"",""好她"",""坏她""]","[""弱我"",""强我"",""强她"",""弱她""]","","","","","","","","","","","","","","","","","","feedback_test","","","","","","","","","","","","","","","","","","","","",""
"816","","j","psychophysics","1022","1812288","0.0-10.0-1.0-4.0-0.3-0.164","5","2","5","1","1","5","3","4","4","5","5","0","0","1","2","-2","1","1","2","5","4","5","4","2","1","2","3","4","3","4","6","4","8","3","7","6","5","7","5","5","3","3","6","2","5","2","5","5","1","2","2","5","1","1","5","5","4","6","3","1","2","2","1","1","2","6","2","1","7","1","1","1","1","1","2","1","7","1","3","799230569765543938","仲","102","Female","[""坏我"",""好我"",""好她"",""坏她""]","[""弱我"",""强我"",""强她"",""弱她""]","","","","","","","","nonmatch","","","","","","","","","ALT2","ability","","key","j","16.666666666666668","683","380","","弱她","","","","j","true","","","nonmatch","","img/diamond.png","强她","",""
"null","<span style='color:GreenYellow; font-size: 70px;'>正确! </span>","null","html-keyboard-response","1023","1812791","0.0-10.0-1.0-4.0-0.3-1.164","5","2","5","1","1","5","3","4","4","5","5","0","0","1","2","-2","1","1","2","5","4","5","4","2","1","2","3","4","3","4","6","4","8","3","7","6","5","7","5","5","3","3","6","2","5","2","5","5","1","2","2","5","1","1","5","5","4","6","3","1","2","2","1","1","2","6","2","1","7","1","1","1","1","1","2","1","7","1","3","799230569765543938","仲","102","Female","[""坏我"",""好我"",""好她"",""坏她""]","[""弱我"",""强我"",""强她"",""弱她""]","","","","","","","","","","","","","","","","","","feedback_test","","","","","","","","","","","","","","","","","","","","",""
"1039","","j","psychophysics","1024","1814836","0.0-10.0-1.0-4.0-0.3-0.165","5","2","5","1","1","5","3","4","4","5","5","0","0","1","2","-2","1","1","2","5","4","5","4","2","1","2","3","4","3","4","6","4","8","3","7","6","5","7","5","5","3","3","6","2","5","2","5","5","1","2","2","5","1","1","5","5","4","6","3","1","2","2","1","1","2","6","2","1","7","1","1","1","1","1","2","1","7","1","3","799230569765543938","仲","102","Female","[""坏我"",""好我"",""好她"",""坏她""]","[""弱我"",""强我"",""强她"",""弱她""]","","","","","","","","nonmatch","","","","","","","","","ALT2","ability","","key","j","16.664999999998447","683","380","","强我","","","","j","true","","","nonmatch","","img/circle.png","弱她","",""
"null","<span style='color:GreenYellow; font-size: 70px;'>正确! </span>","null","html-keyboard-response","1025","1815337","0.0-10.0-1.0-4.0-0.3-1.165","5","2","5","1","1","5","3","4","4","5","5","0","0","1","2","-2","1","1","2","5","4","5","4","2","1","2","3","4","3","4","6","4","8","3","7","6","5","7","5","5","3","3","6","2","5","2","5","5","1","2","2","5","1","1","5","5","4","6","3","1","2","2","1","1","2","6","2","1","7","1","1","1","1","1","2","1","7","1","3","799230569765543938","仲","102","Female","[""坏我"",""好我"",""好她"",""坏她""]","[""弱我"",""强我"",""强她"",""弱她""]","","","","","","","","","","","","","","","","","","feedback_test","","","","","","","","","","","","","","","","","","","","",""
"685","","f","psychophysics","1026","1817031","0.0-10.0-1.0-4.0-0.3-0.166","5","2","5","1","1","5","3","4","4","5","5","0","0","1","2","-2","1","1","2","5","4","5","4","2","1","2","3","4","3","4","6","4","8","3","7","6","5","7","5","5","3","3","6","2","5","2","5","5","1","2","2","5","1","1","5","5","4","6","3","1","2","2","1","1","2","6","2","1","7","1","1","1","1","1","2","1","7","1","3","799230569765543938","仲","102","Female","[""坏我"",""好我"",""好她"",""坏她""]","[""弱我"",""强我"",""强她"",""弱她""]","","","","","","","","match","","","","","","","","","ALT2","ability","","key","f","16.834693877551494","683","380","","弱我","","","","f","true","","","match","","img/trapezoid.png","弱我","",""
"null","<span style='color:GreenYellow; font-size: 70px;'>正确! </span>","null","html-keyboard-response","1027","1817540","0.0-10.0-1.0-4.0-0.3-1.166","5","2","5","1","1","5","3","4","4","5","5","0","0","1","2","-2","1","1","2","5","4","5","4","2","1","2","3","4","3","4","6","4","8","3","7","6","5","7","5","5","3","3","6","2","5","2","5","5","1","2","2","5","1","1","5","5","4","6","3","1","2","2","1","1","2","6","2","1","7","1","1","1","1","1","2","1","7","1","3","799230569765543938","仲","102","Female","[""坏我"",""好我"",""好她"",""坏她""]","[""弱我"",""强我"",""强她"",""弱她""]","","","","","","","","","","","","","","","","","","feedback_test","","","","","","","","","","","","","","","","","","","","",""
"777","","f","psychophysics","1028","1819324","0.0-10.0-1.0-4.0-0.3-0.167","5","2","5","1","1","5","3","4","4","5","5","0","0","1","2","-2","1","1","2","5","4","5","4","2","1","2","3","4","3","4","6","4","8","3","7","6","5","7","5","5","3","3","6","2","5","2","5","5","1","2","2","5","1","1","5","5","4","6","3","1","2","2","1","1","2","6","2","1","7","1","1","1","1","1","2","1","7","1","3","799230569765543938","仲","102","Female","[""坏我"",""好我"",""好她"",""坏她""]","[""弱我"",""强我"",""强她"",""弱她""]","","","","","","","","match","","","","","","","","","ALT2","ability","","key","f","16.66509433962264","683","380","","强我","","","","f","true","","","match","","img/pentagon.png","强我","",""
"null","<span style='color:GreenYellow; font-size: 70px;'>正确! </span>","null","html-keyboard-response","1029","1819827","0.0-10.0-1.0-4.0-0.3-1.167","5","2","5","1","1","5","3","4","4","5","5","0","0","1","2","-2","1","1","2","5","4","5","4","2","1","2","3","4","3","4","6","4","8","3","7","6","5","7","5","5","3","3","6","2","5","2","5","5","1","2","2","5","1","1","5","5","4","6","3","1","2","2","1","1","2","6","2","1","7","1","1","1","1","1","2","1","7","1","3","799230569765543938","仲","102","Female","[""坏我"",""好我"",""好她"",""坏她""]","[""弱我"",""强我"",""强她"",""弱她""]","","","","","","","","","","","","","","","","","","feedback_test","","","","","","","","","","","","","","","","","","","","",""
"791","","f","psychophysics","1030","1821621","0.0-10.0-1.0-4.0-0.3-0.168","5","2","5","1","1","5","3","4","4","5","5","0","0","1","2","-2","1","1","2","5","4","5","4","2","1","2","3","4","3","4","6","4","8","3","7","6","5","7","5","5","3","3","6","2","5","2","5","5","1","2","2","5","1","1","5","5","4","6","3","1","2","2","1","1","2","6","2","1","7","1","1","1","1","1","2","1","7","1","3","799230569765543938","仲","102","Female","[""坏我"",""好我"",""好她"",""坏她""]","[""弱我"",""强我"",""强她"",""弱她""]","","","","","","","","match","","","","","","","","","ALT2","ability","","key","f","16.66542056074723","683","380","","强她","","","","f","true","","","match","","img/diamond.png","强她","",""
"null","<span style='color:GreenYellow; font-size: 70px;'>正确! </span>","null","html-keyboard-response","1031","1822130","0.0-10.0-1.0-4.0-0.3-1.168","5","2","5","1","1","5","3","4","4","5","5","0","0","1","2","-2","1","1","2","5","4","5","4","2","1","2","3","4","3","4","6","4","8","3","7","6","5","7","5","5","3","3","6","2","5","2","5","5","1","2","2","5","1","1","5","5","4","6","3","1","2","2","1","1","2","6","2","1","7","1","1","1","1","1","2","1","7","1","3","799230569765543938","仲","102","Female","[""坏我"",""好我"",""好她"",""坏她""]","[""弱我"",""强我"",""强她"",""弱她""]","","","","","","","","","","","","","","","","","","feedback_test","","","","","","","","","","","","","","","","","","","","",""
"954","","j","psychophysics","1032","1824092","0.0-10.0-1.0-4.0-0.3-0.169","5","2","5","1","1","5","3","4","4","5","5","0","0","1","2","-2","1","1","2","5","4","5","4","2","1","2","3","4","3","4","6","4","8","3","7","6","5","7","5","5","3","3","6","2","5","2","5","5","1","2","2","5","1","1","5","5","4","6","3","1","2","2","1","1","2","6","2","1","7","1","1","1","1","1","2","1","7","1","3","799230569765543938","仲","102","Female","[""坏我"",""好我"",""好她"",""坏她""]","[""弱我"",""强我"",""强她"",""弱她""]","","","","","","","","nonmatch","","","","","","","","","ALT2","ability","","key","j","16.665517241378907","683","380","","弱她","","","","j","true","","","nonmatch","","img/pentagon.png","强我","",""
"null","<span style='color:GreenYellow; font-size: 70px;'>正确! </span>","null","html-keyboard-response","1033","1824595","0.0-10.0-1.0-4.0-0.3-1.169","5","2","5","1","1","5","3","4","4","5","5","0","0","1","2","-2","1","1","2","5","4","5","4","2","1","2","3","4","3","4","6","4","8","3","7","6","5","7","5","5","3","3","6","2","5","2","5","5","1","2","2","5","1","1","5","5","4","6","3","1","2","2","1","1","2","6","2","1","7","1","1","1","1","1","2","1","7","1","3","799230569765543938","仲","102","Female","[""坏我"",""好我"",""好她"",""坏她""]","[""弱我"",""强我"",""强她"",""弱她""]","","","","","","","","","","","","","","","","","","feedback_test","","","","","","","","","","","","","","","","","","","","",""
"702","","f","psychophysics","1034","1826299","0.0-10.0-1.0-4.0-0.3-0.170","5","2","5","1","1","5","3","4","4","5","5","0","0","1","2","-2","1","1","2","5","4","5","4","2","1","2","3","4","3","4","6","4","8","3","7","6","5","7","5","5","3","3","6","2","5","2","5","5","1","2","2","5","1","1","5","5","4","6","3","1","2","2","1","1","2","6","2","1","7","1","1","1","1","1","2","1","7","1","3","799230569765543938","仲","102","Female","[""坏我"",""好我"",""好她"",""坏她""]","[""弱我"",""强我"",""强她"",""弱她""]","","","","","","","","match","","","","","","","","","ALT2","ability","","key","f","16.604950495048122","683","380","","强我","","","","f","true","","","match","","img/pentagon.png","强我","",""
"null","<span style='color:GreenYellow; font-size: 70px;'>正确! </span>","null","html-keyboard-response","1035","1826803","0.0-10.0-1.0-4.0-0.3-1.170","5","2","5","1","1","5","3","4","4","5","5","0","0","1","2","-2","1","1","2","5","4","5","4","2","1","2","3","4","3","4","6","4","8","3","7","6","5","7","5","5","3","3","6","2","5","2","5","5","1","2","2","5","1","1","5","5","4","6","3","1","2","2","1","1","2","6","2","1","7","1","1","1","1","1","2","1","7","1","3","799230569765543938","仲","102","Female","[""坏我"",""好我"",""好她"",""坏她""]","[""弱我"",""强我"",""强她"",""弱她""]","","","","","","","","","","","","","","","","","","feedback_test","","","","","","","","","","","","","","","","","","","","",""
"746","","j","psychophysics","1036","1828555","0.0-10.0-1.0-4.0-0.3-0.171","5","2","5","1","1","5","3","4","4","5","5","0","0","1","2","-2","1","1","2","5","4","5","4","2","1","2","3","4","3","4","6","4","8","3","7","6","5","7","5","5","3","3","6","2","5","2","5","5","1","2","2","5","1","1","5","5","4","6","3","1","2","2","1","1","2","6","2","1","7","1","1","1","1","1","2","1","7","1","3","799230569765543938","仲","102","Female","[""坏我"",""好我"",""好她"",""坏她""]","[""弱我"",""强我"",""强她"",""弱她""]","","","","","","","","nonmatch","","","","","","","","","ALT2","ability","","key","j","16.665384615384166","683","380","","弱我","","","","j","true","","","nonmatch","","img/diamond.png","强她","",""
"null","<span style='color:GreenYellow; font-size: 70px;'>正确! </span>","null","html-keyboard-response","1037","1829057","0.0-10.0-1.0-4.0-0.3-1.171","5","2","5","1","1","5","3","4","4","5","5","0","0","1","2","-2","1","1","2","5","4","5","4","2","1","2","3","4","3","4","6","4","8","3","7","6","5","7","5","5","3","3","6","2","5","2","5","5","1","2","2","5","1","1","5","5","4","6","3","1","2","2","1","1","2","6","2","1","7","1","1","1","1","1","2","1","7","1","3","799230569765543938","仲","102","Female","[""坏我"",""好我"",""好她"",""坏她""]","[""弱我"",""强我"",""强她"",""弱她""]","","","","","","","","","","","","","","","","","","feedback_test","","","","","","","","","","","","","","","","","","","","",""
"725","","j","psychophysics","1038","1830787","0.0-10.0-1.0-4.0-0.3-0.172","5","2","5","1","1","5","3","4","4","5","5","0","0","1","2","-2","1","1","2","5","4","5","4","2","1","2","3","4","3","4","6","4","8","3","7","6","5","7","5","5","3","3","6","2","5","2","5","5","1","2","2","5","1","1","5","5","4","6","3","1","2","2","1","1","2","6","2","1","7","1","1","1","1","1","2","1","7","1","3","799230569765543938","仲","102","Female","[""坏我"",""好我"",""好她"",""坏她""]","[""弱我"",""强我"",""强她"",""弱她""]","","","","","","","","nonmatch","","","","","","","","","ALT2","ability","","key","j","16.664705882351114","683","380","","强我","","","","j","true","","","nonmatch","","img/trapezoid.png","弱我","",""
"null","<span style='color:GreenYellow; font-size: 70px;'>正确! </span>","null","html-keyboard-response","1039","1831289","0.0-10.0-1.0-4.0-0.3-1.172","5","2","5","1","1","5","3","4","4","5","5","0","0","1","2","-2","1","1","2","5","4","5","4","2","1","2","3","4","3","4","6","4","8","3","7","6","5","7","5","5","3","3","6","2","5","2","5","5","1","2","2","5","1","1","5","5","4","6","3","1","2","2","1","1","2","6","2","1","7","1","1","1","1","1","2","1","7","1","3","799230569765543938","仲","102","Female","[""坏我"",""好我"",""好她"",""坏她""]","[""弱我"",""强我"",""强她"",""弱她""]","","","","","","","","","","","","","","","","","","feedback_test","","","","","","","","","","","","","","","","","","","","",""
"909","","j","psychophysics","1040","1833200","0.0-10.0-1.0-4.0-0.3-0.173","5","2","5","1","1","5","3","4","4","5","5","0","0","1","2","-2","1","1","2","5","4","5","4","2","1","2","3","4","3","4","6","4","8","3","7","6","5","7","5","5","3","3","6","2","5","2","5","5","1","2","2","5","1","1","5","5","4","6","3","1","2","2","1","1","2","6","2","1","7","1","1","1","1","1","2","1","7","1","3","799230569765543938","仲","102","Female","[""坏我"",""好我"",""好她"",""坏她""]","[""弱我"",""强我"",""强她"",""弱她""]","","","","","","","","nonmatch","","","","","","","","","ALT2","ability","","key","j","16.664912280700122","683","380","","弱我","","","","j","true","","","nonmatch","","img/pentagon.png","强我","",""
"null","<span style='color:GreenYellow; font-size: 70px;'>正确! </span>","null","html-keyboard-response","1041","1833704","0.0-10.0-1.0-4.0-0.3-1.173","5","2","5","1","1","5","3","4","4","5","5","0","0","1","2","-2","1","1","2","5","4","5","4","2","1","2","3","4","3","4","6","4","8","3","7","6","5","7","5","5","3","3","6","2","5","2","5","5","1","2","2","5","1","1","5","5","4","6","3","1","2","2","1","1","2","6","2","1","7","1","1","1","1","1","2","1","7","1","3","799230569765543938","仲","102","Female","[""坏我"",""好我"",""好她"",""坏她""]","[""弱我"",""强我"",""强她"",""弱她""]","","","","","","","","","","","","","","","","","","feedback_test","","","","","","","","","","","","","","","","","","","","",""
"746","","f","psychophysics","1042","1835455","0.0-10.0-1.0-4.0-0.3-0.174","5","2","5","1","1","5","3","4","4","5","5","0","0","1","2","-2","1","1","2","5","4","5","4","2","1","2","3","4","3","4","6","4","8","3","7","6","5","7","5","5","3","3","6","2","5","2","5","5","1","2","2","5","1","1","5","5","4","6","3","1","2","2","1","1","2","6","2","1","7","1","1","1","1","1","2","1","7","1","3","799230569765543938","仲","102","Female","[""坏我"",""好我"",""好她"",""坏她""]","[""弱我"",""强我"",""强她"",""弱她""]","","","","","","","","match","","","","","","","","","ALT2","ability","","key","f","16.666019417476633","683","380","","强她","","","","f","true","","","match","","img/diamond.png","强她","",""
"null","<span style='color:GreenYellow; font-size: 70px;'>正确! </span>","null","html-keyboard-response","1043","1835962","0.0-10.0-1.0-4.0-0.3-1.174","5","2","5","1","1","5","3","4","4","5","5","0","0","1","2","-2","1","1","2","5","4","5","4","2","1","2","3","4","3","4","6","4","8","3","7","6","5","7","5","5","3","3","6","2","5","2","5","5","1","2","2","5","1","1","5","5","4","6","3","1","2","2","1","1","2","6","2","1","7","1","1","1","1","1","2","1","7","1","3","799230569765543938","仲","102","Female","[""坏我"",""好我"",""好她"",""坏她""]","[""弱我"",""强我"",""强她"",""弱她""]","","","","","","","","","","","","","","","","","","feedback_test","","","","","","","","","","","","","","","","","","","","",""
"691","","j","psychophysics","1044","1837660","0.0-10.0-1.0-4.0-0.3-0.175","5","2","5","1","1","5","3","4","4","5","5","0","0","1","2","-2","1","1","2","5","4","5","4","2","1","2","3","4","3","4","6","4","8","3","7","6","5","7","5","5","3","3","6","2","5","2","5","5","1","2","2","5","1","1","5","5","4","6","3","1","2","2","1","1","2","6","2","1","7","1","1","1","1","1","2","1","7","1","3","799230569765543938","仲","102","Female","[""坏我"",""好我"",""好她"",""坏她""]","[""弱我"",""强我"",""强她"",""弱她""]","","","","","","","","nonmatch","","","","","","","","","ALT2","ability","","key","j","16.667326732672347","683","380","","强我","","","","j","true","","","nonmatch","","img/circle.png","弱她","",""
"null","<span style='color:GreenYellow; font-size: 70px;'>正确! </span>","null","html-keyboard-response","1045","1838164","0.0-10.0-1.0-4.0-0.3-1.175","5","2","5","1","1","5","3","4","4","5","5","0","0","1","2","-2","1","1","2","5","4","5","4","2","1","2","3","4","3","4","6","4","8","3","7","6","5","7","5","5","3","3","6","2","5","2","5","5","1","2","2","5","1","1","5","5","4","6","3","1","2","2","1","1","2","6","2","1","7","1","1","1","1","1","2","1","7","1","3","799230569765543938","仲","102","Female","[""坏我"",""好我"",""好她"",""坏她""]","[""弱我"",""强我"",""强她"",""弱她""]","","","","","","","","","","","","","","","","","","feedback_test","","","","","","","","","","","","","","","","","","","","",""
"707","","f","psychophysics","1046","1839876","0.0-10.0-1.0-4.0-0.3-0.176","5","2","5","1","1","5","3","4","4","5","5","0","0","1","2","-2","1","1","2","5","4","5","4","2","1","2","3","4","3","4","6","4","8","3","7","6","5","7","5","5","3","3","6","2","5","2","5","5","1","2","2","5","1","1","5","5","4","6","3","1","2","2","1","1","2","6","2","1","7","1","1","1","1","1","2","1","7","1","3","799230569765543938","仲","102","Female","[""坏我"",""好我"",""好她"",""坏她""]","[""弱我"",""强我"",""强她"",""弱她""]","","","","","","","","match","","","","","","","","","ALT2","ability","","key","f","16.66568627450889","683","380","","弱我","","","","f","true","","","match","","img/trapezoid.png","弱我","",""
"null","<span style='color:GreenYellow; font-size: 70px;'>正确! </span>","null","html-keyboard-response","1047","1840385","0.0-10.0-1.0-4.0-0.3-1.176","5","2","5","1","1","5","3","4","4","5","5","0","0","1","2","-2","1","1","2","5","4","5","4","2","1","2","3","4","3","4","6","4","8","3","7","6","5","7","5","5","3","3","6","2","5","2","5","5","1","2","2","5","1","1","5","5","4","6","3","1","2","2","1","1","2","6","2","1","7","1","1","1","1","1","2","1","7","1","3","799230569765543938","仲","102","Female","[""坏我"",""好我"",""好她"",""坏她""]","[""弱我"",""强我"",""强她"",""弱她""]","","","","","","","","","","","","","","","","","","feedback_test","","","","","","","","","","","","","","","","","","","","",""
"807","","j","psychophysics","1048","1842194","0.0-10.0-1.0-4.0-0.3-0.177","5","2","5","1","1","5","3","4","4","5","5","0","0","1","2","-2","1","1","2","5","4","5","4","2","1","2","3","4","3","4","6","4","8","3","7","6","5","7","5","5","3","3","6","2","5","2","5","5","1","2","2","5","1","1","5","5","4","6","3","1","2","2","1","1","2","6","2","1","7","1","1","1","1","1","2","1","7","1","3","799230569765543938","仲","102","Female","[""坏我"",""好我"",""好她"",""坏她""]","[""弱我"",""强我"",""强她"",""弱她""]","","","","","","","","nonmatch","","","","","","","","","ALT2","ability","","key","j","16.666666666666668","683","380","","弱我","","","","j","true","","","nonmatch","","img/circle.png","弱她","",""
"null","<span style='color:GreenYellow; font-size: 70px;'>正确! </span>","null","html-keyboard-response","1049","1842698","0.0-10.0-1.0-4.0-0.3-1.177","5","2","5","1","1","5","3","4","4","5","5","0","0","1","2","-2","1","1","2","5","4","5","4","2","1","2","3","4","3","4","6","4","8","3","7","6","5","7","5","5","3","3","6","2","5","2","5","5","1","2","2","5","1","1","5","5","4","6","3","1","2","2","1","1","2","6","2","1","7","1","1","1","1","1","2","1","7","1","3","799230569765543938","仲","102","Female","[""坏我"",""好我"",""好她"",""坏她""]","[""弱我"",""强我"",""强她"",""弱她""]","","","","","","","","","","","","","","","","","","feedback_test","","","","","","","","","","","","","","","","","","","","",""
"827","","f","psychophysics","1050","1844528","0.0-10.0-1.0-4.0-0.3-0.178","5","2","5","1","1","5","3","4","4","5","5","0","0","1","2","-2","1","1","2","5","4","5","4","2","1","2","3","4","3","4","6","4","8","3","7","6","5","7","5","5","3","3","6","2","5","2","5","5","1","2","2","5","1","1","5","5","4","6","3","1","2","2","1","1","2","6","2","1","7","1","1","1","1","1","2","1","7","1","3","799230569765543938","仲","102","Female","[""坏我"",""好我"",""好她"",""坏她""]","[""弱我"",""强我"",""强她"",""弱她""]","","","","","","","","match","","","","","","","","","ALT2","ability","","key","f","16.665137614678898","683","380","","弱她","","","","f","true","","","match","","img/circle.png","弱她","",""
"null","<span style='color:GreenYellow; font-size: 70px;'>正确! </span>","null","html-keyboard-response","1051","1845031","0.0-10.0-1.0-4.0-0.3-1.178","5","2","5","1","1","5","3","4","4","5","5","0","0","1","2","-2","1","1","2","5","4","5","4","2","1","2","3","4","3","4","6","4","8","3","7","6","5","7","5","5","3","3","6","2","5","2","5","5","1","2","2","5","1","1","5","5","4","6","3","1","2","2","1","1","2","6","2","1","7","1","1","1","1","1","2","1","7","1","3","799230569765543938","仲","102","Female","[""坏我"",""好我"",""好她"",""坏她""]","[""弱我"",""强我"",""强她"",""弱她""]","","","","","","","","","","","","","","","","","","feedback_test","","","","","","","","","","","","","","","","","","","","",""
"665","","f","psychophysics","1052","1846701","0.0-10.0-1.0-4.0-0.3-0.179","5","2","5","1","1","5","3","4","4","5","5","0","0","1","2","-2","1","1","2","5","4","5","4","2","1","2","3","4","3","4","6","4","8","3","7","6","5","7","5","5","3","3","6","2","5","2","5","5","1","2","2","5","1","1","5","5","4","6","3","1","2","2","1","1","2","6","2","1","7","1","1","1","1","1","2","1","7","1","3","799230569765543938","仲","102","Female","[""坏我"",""好我"",""好她"",""坏她""]","[""弱我"",""强我"",""强她"",""弱她""]","","","","","","","","match","","","","","","","","","ALT2","ability","","key","f","16.666666666666668","683","380","","强我","","","","f","true","","","match","","img/pentagon.png","强我","",""
"null","<span style='color:GreenYellow; font-size: 70px;'>正确! </span>","null","html-keyboard-response","1053","1847207","0.0-10.0-1.0-4.0-0.3-1.179","5","2","5","1","1","5","3","4","4","5","5","0","0","1","2","-2","1","1","2","5","4","5","4","2","1","2","3","4","3","4","6","4","8","3","7","6","5","7","5","5","3","3","6","2","5","2","5","5","1","2","2","5","1","1","5","5","4","6","3","1","2","2","1","1","2","6","2","1","7","1","1","1","1","1","2","1","7","1","3","799230569765543938","仲","102","Female","[""坏我"",""好我"",""好她"",""坏她""]","[""弱我"",""强我"",""强她"",""弱她""]","","","","","","","","","","","","","","","","","","feedback_test","","","","","","","","","","","","","","","","","","","","",""
"664","","j","psychophysics","1054","1848872","0.0-10.0-1.0-4.0-0.3-0.180","5","2","5","1","1","5","3","4","4","5","5","0","0","1","2","-2","1","1","2","5","4","5","4","2","1","2","3","4","3","4","6","4","8","3","7","6","5","7","5","5","3","3","6","2","5","2","5","5","1","2","2","5","1","1","5","5","4","6","3","1","2","2","1","1","2","6","2","1","7","1","1","1","1","1","2","1","7","1","3","799230569765543938","仲","102","Female","[""坏我"",""好我"",""好她"",""坏她""]","[""弱我"",""强我"",""强她"",""弱她""]","","","","","","","","nonmatch","","","","","","","","","ALT2","ability","","key","j","16.66632653061272","683","380","","强她","","","","j","true","","","nonmatch","","img/circle.png","弱她","",""
"null","<span style='color:GreenYellow; font-size: 70px;'>正确! </span>","null","html-keyboard-response","1055","1849379","0.0-10.0-1.0-4.0-0.3-1.180","5","2","5","1","1","5","3","4","4","5","5","0","0","1","2","-2","1","1","2","5","4","5","4","2","1","2","3","4","3","4","6","4","8","3","7","6","5","7","5","5","3","3","6","2","5","2","5","5","1","2","2","5","1","1","5","5","4","6","3","1","2","2","1","1","2","6","2","1","7","1","1","1","1","1","2","1","7","1","3","799230569765543938","仲","102","Female","[""坏我"",""好我"",""好她"",""坏她""]","[""弱我"",""强我"",""强她"",""弱她""]","","","","","","","","","","","","","","","","","","feedback_test","","","","","","","","","","","","","","","","","","","","",""
"794","","j","psychophysics","1056","1851177","0.0-10.0-1.0-4.0-0.3-0.181","5","2","5","1","1","5","3","4","4","5","5","0","0","1","2","-2","1","1","2","5","4","5","4","2","1","2","3","4","3","4","6","4","8","3","7","6","5","7","5","5","3","3","6","2","5","2","5","5","1","2","2","5","1","1","5","5","4","6","3","1","2","2","1","1","2","6","2","1","7","1","1","1","1","1","2","1","7","1","3","799230569765543938","仲","102","Female","[""坏我"",""好我"",""好她"",""坏她""]","[""弱我"",""强我"",""强她"",""弱她""]","","","","","","","","nonmatch","","","","","","","","","ALT2","ability","","key","j","16.66415094339535","683","380","","弱她","","","","j","true","","","nonmatch","","img/trapezoid.png","弱我","",""
"null","<span style='color:GreenYellow; font-size: 70px;'>正确! </span>","null","html-keyboard-response","1057","1851679","0.0-10.0-1.0-4.0-0.3-1.181","5","2","5","1","1","5","3","4","4","5","5","0","0","1","2","-2","1","1","2","5","4","5","4","2","1","2","3","4","3","4","6","4","8","3","7","6","5","7","5","5","3","3","6","2","5","2","5","5","1","2","2","5","1","1","5","5","4","6","3","1","2","2","1","1","2","6","2","1","7","1","1","1","1","1","2","1","7","1","3","799230569765543938","仲","102","Female","[""坏我"",""好我"",""好她"",""坏她""]","[""弱我"",""强我"",""强她"",""弱她""]","","","","","","","","","","","","","","","","","","feedback_test","","","","","","","","","","","","","","","","","","","","",""
"599","","f","psychophysics","1058","1853284","0.0-10.0-1.0-4.0-0.3-0.182","5","2","5","1","1","5","3","4","4","5","5","0","0","1","2","-2","1","1","2","5","4","5","4","2","1","2","3","4","3","4","6","4","8","3","7","6","5","7","5","5","3","3","6","2","5","2","5","5","1","2","2","5","1","1","5","5","4","6","3","1","2","2","1","1","2","6","2","1","7","1","1","1","1","1","2","1","7","1","3","799230569765543938","仲","102","Female","[""坏我"",""好我"",""好她"",""坏她""]","[""弱我"",""强我"",""强她"",""弱她""]","","","","","","","","match","","","","","","","","","ALT2","ability","","key","f","16.665263157896696","683","380","","强我","","","","f","true","","","match","","img/pentagon.png","强我","",""
"null","<span style='color:GreenYellow; font-size: 70px;'>正确! </span>","null","html-keyboard-response","1059","1853787","0.0-10.0-1.0-4.0-0.3-1.182","5","2","5","1","1","5","3","4","4","5","5","0","0","1","2","-2","1","1","2","5","4","5","4","2","1","2","3","4","3","4","6","4","8","3","7","6","5","7","5","5","3","3","6","2","5","2","5","5","1","2","2","5","1","1","5","5","4","6","3","1","2","2","1","1","2","6","2","1","7","1","1","1","1","1","2","1","7","1","3","799230569765543938","仲","102","Female","[""坏我"",""好我"",""好她"",""坏她""]","[""弱我"",""强我"",""强她"",""弱她""]","","","","","","","","","","","","","","","","","","feedback_test","","","","","","","","","","","","","","","","","","","","",""
"869","","f","psychophysics","1060","1855666","0.0-10.0-1.0-4.0-0.3-0.183","5","2","5","1","1","5","3","4","4","5","5","0","0","1","2","-2","1","1","2","5","4","5","4","2","1","2","3","4","3","4","6","4","8","3","7","6","5","7","5","5","3","3","6","2","5","2","5","5","1","2","2","5","1","1","5","5","4","6","3","1","2","2","1","1","2","6","2","1","7","1","1","1","1","1","2","1","7","1","3","799230569765543938","仲","102","Female","[""坏我"",""好我"",""好她"",""坏她""]","[""弱我"",""强我"",""强她"",""弱她""]","","","","","","","","match","","","","","","","","","ALT2","ability","","key","f","16.664864864865283","683","380","","弱她","","","","f","true","","","match","","img/circle.png","弱她","",""
"null","<span style='color:GreenYellow; font-size: 70px;'>正确! </span>","null","html-keyboard-response","1061","1856180","0.0-10.0-1.0-4.0-0.3-1.183","5","2","5","1","1","5","3","4","4","5","5","0","0","1","2","-2","1","1","2","5","4","5","4","2","1","2","3","4","3","4","6","4","8","3","7","6","5","7","5","5","3","3","6","2","5","2","5","5","1","2","2","5","1","1","5","5","4","6","3","1","2","2","1","1","2","6","2","1","7","1","1","1","1","1","2","1","7","1","3","799230569765543938","仲","102","Female","[""坏我"",""好我"",""好她"",""坏她""]","[""弱我"",""强我"",""强她"",""弱她""]","","","","","","","","","","","","","","","","","","feedback_test","","","","","","","","","","","","","","","","","","","","",""
"667","","j","psychophysics","1062","1857857","0.0-10.0-1.0-4.0-0.3-0.184","5","2","5","1","1","5","3","4","4","5","5","0","0","1","2","-2","1","1","2","5","4","5","4","2","1","2","3","4","3","4","6","4","8","3","7","6","5","7","5","5","3","3","6","2","5","2","5","5","1","2","2","5","1","1","5","5","4","6","3","1","2","2","1","1","2","6","2","1","7","1","1","1","1","1","2","1","7","1","3","799230569765543938","仲","102","Female","[""坏我"",""好我"",""好她"",""坏她""]","[""弱我"",""强我"",""强她"",""弱她""]","","","","","","","","nonmatch","","","","","","","","","ALT2","ability","","key","j","16.665306122448506","683","380","","强她","","","","j","true","","","nonmatch","","img/trapezoid.png","弱我","",""
"null","<span style='color:GreenYellow; font-size: 70px;'>正确! </span>","null","html-keyboard-response","1063","1858367","0.0-10.0-1.0-4.0-0.3-1.184","5","2","5","1","1","5","3","4","4","5","5","0","0","1","2","-2","1","1","2","5","4","5","4","2","1","2","3","4","3","4","6","4","8","3","7","6","5","7","5","5","3","3","6","2","5","2","5","5","1","2","2","5","1","1","5","5","4","6","3","1","2","2","1","1","2","6","2","1","7","1","1","1","1","1","2","1","7","1","3","799230569765543938","仲","102","Female","[""坏我"",""好我"",""好她"",""坏她""]","[""弱我"",""强我"",""强她"",""弱她""]","","","","","","","","","","","","","","","","","","feedback_test","","","","","","","","","","","","","","","","","","","","",""
"723","","f","psychophysics","1064","1860096","0.0-10.0-1.0-4.0-0.3-0.185","5","2","5","1","1","5","3","4","4","5","5","0","0","1","2","-2","1","1","2","5","4","5","4","2","1","2","3","4","3","4","6","4","8","3","7","6","5","7","5","5","3","3","6","2","5","2","5","5","1","2","2","5","1","1","5","5","4","6","3","1","2","2","1","1","2","6","2","1","7","1","1","1","1","1","2","1","7","1","3","799230569765543938","仲","102","Female","[""坏我"",""好我"",""好她"",""坏她""]","[""弱我"",""强我"",""强她"",""弱她""]","","","","","","","","match","","","","","","","","","ALT2","ability","","key","f","16.66601941747437","683","380","","弱我","","","","f","true","","","match","","img/trapezoid.png","弱我","",""
"null","<span style='color:GreenYellow; font-size: 70px;'>正确! </span>","null","html-keyboard-response","1065","1860597","0.0-10.0-1.0-4.0-0.3-1.185","5","2","5","1","1","5","3","4","4","5","5","0","0","1","2","-2","1","1","2","5","4","5","4","2","1","2","3","4","3","4","6","4","8","3","7","6","5","7","5","5","3","3","6","2","5","2","5","5","1","2","2","5","1","1","5","5","4","6","3","1","2","2","1","1","2","6","2","1","7","1","1","1","1","1","2","1","7","1","3","799230569765543938","仲","102","Female","[""坏我"",""好我"",""好她"",""坏她""]","[""弱我"",""强我"",""强她"",""弱她""]","","","","","","","","","","","","","","","","","","feedback_test","","","","","","","","","","","","","","","","","","","","",""
"732","","j","psychophysics","1066","1862338","0.0-10.0-1.0-4.0-0.3-0.186","5","2","5","1","1","5","3","4","4","5","5","0","0","1","2","-2","1","1","2","5","4","5","4","2","1","2","3","4","3","4","6","4","8","3","7","6","5","7","5","5","3","3","6","2","5","2","5","5","1","2","2","5","1","1","5","5","4","6","3","1","2","2","1","1","2","6","2","1","7","1","1","1","1","1","2","1","7","1","3","799230569765543938","仲","102","Female","[""坏我"",""好我"",""好她"",""坏她""]","[""弱我"",""强我"",""强她"",""弱她""]","","","","","","","","nonmatch","","","","","","","","","ALT2","ability","","key","j","16.6647058823534","683","380","","弱她","","","","j","true","","","nonmatch","","img/diamond.png","强她","",""
"null","<span style='color:GreenYellow; font-size: 70px;'>正确! </span>","null","html-keyboard-response","1067","1862843","0.0-10.0-1.0-4.0-0.3-1.186","5","2","5","1","1","5","3","4","4","5","5","0","0","1","2","-2","1","1","2","5","4","5","4","2","1","2","3","4","3","4","6","4","8","3","7","6","5","7","5","5","3","3","6","2","5","2","5","5","1","2","2","5","1","1","5","5","4","6","3","1","2","2","1","1","2","6","2","1","7","1","1","1","1","1","2","1","7","1","3","799230569765543938","仲","102","Female","[""坏我"",""好我"",""好她"",""坏她""]","[""弱我"",""强我"",""强她"",""弱她""]","","","","","","","","","","","","","","","","","","feedback_test","","","","","","","","","","","","","","","","","","","","",""
"961","","j","psychophysics","1068","1864809","0.0-10.0-1.0-4.0-0.3-0.187","5","2","5","1","1","5","3","4","4","5","5","0","0","1","2","-2","1","1","2","5","4","5","4","2","1","2","3","4","3","4","6","4","8","3","7","6","5","7","5","5","3","3","6","2","5","2","5","5","1","2","2","5","1","1","5","5","4","6","3","1","2","2","1","1","2","6","2","1","7","1","1","1","1","1","2","1","7","1","3","799230569765543938","仲","102","Female","[""坏我"",""好我"",""好她"",""坏她""]","[""弱我"",""强我"",""强她"",""弱她""]","","","","","","","","nonmatch","","","","","","","","","ALT2","ability","","key","j","16.666666666666668","683","380","","强我","","","","j","true","","","nonmatch","","img/diamond.png","强她","",""
"null","<span style='color:GreenYellow; font-size: 70px;'>正确! </span>","null","html-keyboard-response","1069","1865313","0.0-10.0-1.0-4.0-0.3-1.187","5","2","5","1","1","5","3","4","4","5","5","0","0","1","2","-2","1","1","2","5","4","5","4","2","1","2","3","4","3","4","6","4","8","3","7","6","5","7","5","5","3","3","6","2","5","2","5","5","1","2","2","5","1","1","5","5","4","6","3","1","2","2","1","1","2","6","2","1","7","1","1","1","1","1","2","1","7","1","3","799230569765543938","仲","102","Female","[""坏我"",""好我"",""好她"",""坏她""]","[""弱我"",""强我"",""强她"",""弱她""]","","","","","","","","","","","","","","","","","","feedback_test","","","","","","","","","","","","","","","","","","","","",""
"1047","","j","psychophysics","1070","1867362","0.0-10.0-1.0-4.0-0.3-0.188","5","2","5","1","1","5","3","4","4","5","5","0","0","1","2","-2","1","1","2","5","4","5","4","2","1","2","3","4","3","4","6","4","8","3","7","6","5","7","5","5","3","3","6","2","5","2","5","5","1","2","2","5","1","1","5","5","4","6","3","1","2","2","1","1","2","6","2","1","7","1","1","1","1","1","2","1","7","1","3","799230569765543938","仲","102","Female","[""坏我"",""好我"",""好她"",""坏她""]","[""弱我"",""强我"",""强她"",""弱她""]","","","","","","","","nonmatch","","","","","","","","","ALT2","ability","","key","j","16.66611570248011","683","380","","强她","","","","j","true","","","nonmatch","","img/pentagon.png","强我","",""
"null","<span style='color:GreenYellow; font-size: 70px;'>正确! </span>","null","html-keyboard-response","1071","1867870","0.0-10.0-1.0-4.0-0.3-1.188","5","2","5","1","1","5","3","4","4","5","5","0","0","1","2","-2","1","1","2","5","4","5","4","2","1","2","3","4","3","4","6","4","8","3","7","6","5","7","5","5","3","3","6","2","5","2","5","5","1","2","2","5","1","1","5","5","4","6","3","1","2","2","1","1","2","6","2","1","7","1","1","1","1","1","2","1","7","1","3","799230569765543938","仲","102","Female","[""坏我"",""好我"",""好她"",""坏她""]","[""弱我"",""强我"",""强她"",""弱她""]","","","","","","","","","","","","","","","","","","feedback_test","","","","","","","","","","","","","","","","","","","","",""
"632","","f","psychophysics","1072","1869504","0.0-10.0-1.0-4.0-0.3-0.189","5","2","5","1","1","5","3","4","4","5","5","0","0","1","2","-2","1","1","2","5","4","5","4","2","1","2","3","4","3","4","6","4","8","3","7","6","5","7","5","5","3","3","6","2","5","2","5","5","1","2","2","5","1","1","5","5","4","6","3","1","2","2","1","1","2","6","2","1","7","1","1","1","1","1","2","1","7","1","3","799230569765543938","仲","102","Female","[""坏我"",""好我"",""好她"",""坏她""]","[""弱我"",""强我"",""强她"",""弱她""]","","","","","","","","match","","","","","","","","","ALT2","ability","","key","f","16.66597938144426","683","380","","弱我","","","","f","true","","","match","","img/trapezoid.png","弱我","",""
"null","<span style='color:GreenYellow; font-size: 70px;'>正确! </span>","null","html-keyboard-response","1073","1870010","0.0-10.0-1.0-4.0-0.3-1.189","5","2","5","1","1","5","3","4","4","5","5","0","0","1","2","-2","1","1","2","5","4","5","4","2","1","2","3","4","3","4","6","4","8","3","7","6","5","7","5","5","3","3","6","2","5","2","5","5","1","2","2","5","1","1","5","5","4","6","3","1","2","2","1","1","2","6","2","1","7","1","1","1","1","1","2","1","7","1","3","799230569765543938","仲","102","Female","[""坏我"",""好我"",""好她"",""坏她""]","[""弱我"",""强我"",""强她"",""弱她""]","","","","","","","","","","","","","","","","","","feedback_test","","","","","","","","","","","","","","","","","","","","",""
"775","","f","psychophysics","1074","1871787","0.0-10.0-1.0-4.0-0.3-0.190","5","2","5","1","1","5","3","4","4","5","5","0","0","1","2","-2","1","1","2","5","4","5","4","2","1","2","3","4","3","4","6","4","8","3","7","6","5","7","5","5","3","3","6","2","5","2","5","5","1","2","2","5","1","1","5","5","4","6","3","1","2","2","1","1","2","6","2","1","7","1","1","1","1","1","2","1","7","1","3","799230569765543938","仲","102","Female","[""坏我"",""好我"",""好她"",""坏她""]","[""弱我"",""强我"",""强她"",""弱她""]","","","","","","","","match","","","","","","","","","ALT2","ability","","key","f","16.6657142857134","683","380","","强她","","","","f","true","","","match","","img/diamond.png","强她","",""
"null","<span style='color:GreenYellow; font-size: 70px;'>正确! </span>","null","html-keyboard-response","1075","1872293","0.0-10.0-1.0-4.0-0.3-1.190","5","2","5","1","1","5","3","4","4","5","5","0","0","1","2","-2","1","1","2","5","4","5","4","2","1","2","3","4","3","4","6","4","8","3","7","6","5","7","5","5","3","3","6","2","5","2","5","5","1","2","2","5","1","1","5","5","4","6","3","1","2","2","1","1","2","6","2","1","7","1","1","1","1","1","2","1","7","1","3","799230569765543938","仲","102","Female","[""坏我"",""好我"",""好她"",""坏她""]","[""弱我"",""强我"",""强她"",""弱她""]","","","","","","","","","","","","","","","","","","feedback_test","","","","","","","","","","","","","","","","","","","","",""
"731","","j","psychophysics","1076","1874034","0.0-10.0-1.0-4.0-0.3-0.191","5","2","5","1","1","5","3","4","4","5","5","0","0","1","2","-2","1","1","2","5","4","5","4","2","1","2","3","4","3","4","6","4","8","3","7","6","5","7","5","5","3","3","6","2","5","2","5","5","1","2","2","5","1","1","5","5","4","6","3","1","2","2","1","1","2","6","2","1","7","1","1","1","1","1","2","1","7","1","3","799230569765543938","仲","102","Female","[""坏我"",""好我"",""好她"",""坏她""]","[""弱我"",""强我"",""强她"",""弱她""]","","","","","","","","nonmatch","","","","","","","","","ALT2","ability","","key","j","16.666019417476633","683","380","","弱她","","","","f","false","","","match","","img/circle.png","弱她","",""
"null","<span style='color:red; font-size: 70px;'>错误! </span>","null","html-keyboard-response","1077","1874540","0.0-10.0-1.0-4.0-0.3-1.191","5","2","5","1","1","5","3","4","4","5","5","0","0","1","2","-2","1","1","2","5","4","5","4","2","1","2","3","4","3","4","6","4","8","3","7","6","5","7","5","5","3","3","6","2","5","2","5","5","1","2","2","5","1","1","5","5","4","6","3","1","2","2","1","1","2","6","2","1","7","1","1","1","1","1","2","1","7","1","3","799230569765543938","仲","102","Female","[""坏我"",""好我"",""好她"",""坏她""]","[""弱我"",""强我"",""强她"",""弱她""]","","","","","","","","","","","","","","","","","","feedback_test","","","","","","","","","","","","","","","","","","","","",""
"2494","<style>.context{color:white; font-size: 35px; line-height:40px}</style>                          <div><p class='context'>您正确回答了96% 的试次。</p><p class='context'>您的平均反应时为798毫秒。</p><p class='context'>请按空格键进入休息。</p></div>"," ","html-keyboard-response","1078","1877038","0.0-10.0-1.0-4.0-1.3","5","2","5","1","1","5","3","4","4","5","5","0","0","1","2","-2","1","1","2","5","4","5","4","2","1","2","3","4","3","4","6","4","8","3","7","6","5","7","5","5","3","3","6","2","5","2","5","5","1","2","2","5","1","1","5","5","4","6","3","1","2","2","1","1","2","6","2","1","7","1","1","1","1","1","2","1","7","1","3","799230569765543938","仲","102","Female","[""坏我"",""好我"",""好她"",""坏她""]","[""弱我"",""强我"",""强她"",""弱她""]","","","","","","","","","","","","","","","","","","","","","","","","","","","","","","","","","","","","","","",""
"36722","
        <p >您当前还剩余4组实验</p>
        <p >现在是休息时间，当您结束休息后，</p>
        <p >您可以点击 结束休息 按钮 继续。</p>
        <p >建议休息时间还剩余<span id=""iii"">60</span>秒。</p>","0","html-button-response","1079","1913771","0.0-10.0-1.0-4.0-2.3","5","2","5","1","1","5","3","4","4","5","5","0","0","1","2","-2","1","1","2","5","4","5","4","2","1","2","3","4","3","4","6","4","8","3","7","6","5","7","5","5","3","3","6","2","5","2","5","5","1","2","2","5","1","1","5","5","4","6","3","1","2","2","1","1","2","6","2","1","7","1","1","1","1","1","2","1","7","1","3","799230569765543938","仲","102","Female","[""坏我"",""好我"",""好她"",""坏她""]","[""弱我"",""强我"",""强她"",""弱她""]","","","","","","","","","","","","","","","","","","","","","","","","","","","","","","","","","","","","","","",""
"709","","j","psychophysics","1080","1915487","0.0-10.0-1.0-4.0-0.4-0.192","5","2","5","1","1","5","3","4","4","5","5","0","0","1","2","-2","1","1","2","5","4","5","4","2","1","2","3","4","3","4","6","4","8","3","7","6","5","7","5","5","3","3","6","2","5","2","5","5","1","2","2","5","1","1","5","5","4","6","3","1","2","2","1","1","2","6","2","1","7","1","1","1","1","1","2","1","7","1","3","799230569765543938","仲","102","Female","[""坏我"",""好我"",""好她"",""坏她""]","[""弱我"",""强我"",""强她"",""弱她""]","","","","","","","","nonmatch","","","","","","","","","ALT2","ability","","key","j","16.82277227722634","683","380","","强她","","","","j","true","","","nonmatch","","img/trapezoid.png","弱我","",""
"null","<span style='color:GreenYellow; font-size: 70px;'>正确! </span>","null","html-keyboard-response","1081","1915994","0.0-10.0-1.0-4.0-0.4-1.192","5","2","5","1","1","5","3","4","4","5","5","0","0","1","2","-2","1","1","2","5","4","5","4","2","1","2","3","4","3","4","6","4","8","3","7","6","5","7","5","5","3","3","6","2","5","2","5","5","1","2","2","5","1","1","5","5","4","6","3","1","2","2","1","1","2","6","2","1","7","1","1","1","1","1","2","1","7","1","3","799230569765543938","仲","102","Female","[""坏我"",""好我"",""好她"",""坏她""]","[""弱我"",""强我"",""强她"",""弱她""]","","","","","","","","","","","","","","","","","","feedback_test","","","","","","","","","","","","","","","","","","","","",""
"1027","","j","psychophysics","1082","1918028","0.0-10.0-1.0-4.0-0.4-0.193","5","2","5","1","1","5","3","4","4","5","5","0","0","1","2","-2","1","1","2","5","4","5","4","2","1","2","3","4","3","4","6","4","8","3","7","6","5","7","5","5","3","3","6","2","5","2","5","5","1","2","2","5","1","1","5","5","4","6","3","1","2","2","1","1","2","6","2","1","7","1","1","1","1","1","2","1","7","1","3","799230569765543938","仲","102","Female","[""坏我"",""好我"",""好她"",""坏她""]","[""弱我"",""强我"",""强她"",""弱她""]","","","","","","","","nonmatch","","","","","","","","","ALT2","ability","","key","j","16.663636363636748","683","380","","弱她","","","","j","true","","","nonmatch","","img/pentagon.png","强我","",""
"null","<span style='color:GreenYellow; font-size: 70px;'>正确! </span>","null","html-keyboard-response","1083","1918536","0.0-10.0-1.0-4.0-0.4-1.193","5","2","5","1","1","5","3","4","4","5","5","0","0","1","2","-2","1","1","2","5","4","5","4","2","1","2","3","4","3","4","6","4","8","3","7","6","5","7","5","5","3","3","6","2","5","2","5","5","1","2","2","5","1","1","5","5","4","6","3","1","2","2","1","1","2","6","2","1","7","1","1","1","1","1","2","1","7","1","3","799230569765543938","仲","102","Female","[""坏我"",""好我"",""好她"",""坏她""]","[""弱我"",""强我"",""强她"",""弱她""]","","","","","","","","","","","","","","","","","","feedback_test","","","","","","","","","","","","","","","","","","","","",""
"837","","j","psychophysics","1084","1920377","0.0-10.0-1.0-4.0-0.4-0.194","5","2","5","1","1","5","3","4","4","5","5","0","0","1","2","-2","1","1","2","5","4","5","4","2","1","2","3","4","3","4","6","4","8","3","7","6","5","7","5","5","3","3","6","2","5","2","5","5","1","2","2","5","1","1","5","5","4","6","3","1","2","2","1","1","2","6","2","1","7","1","1","1","1","1","2","1","7","1","3","799230569765543938","仲","102","Female","[""坏我"",""好我"",""好她"",""坏她""]","[""弱我"",""强我"",""强她"",""弱她""]","","","","","","","","nonmatch","","","","","","","","","ALT2","ability","","key","j","16.66545454545624","683","380","","弱我","","","","j","true","","","nonmatch","","img/circle.png","弱她","",""
"null","<span style='color:GreenYellow; font-size: 70px;'>正确! </span>","null","html-keyboard-response","1085","1920885","0.0-10.0-1.0-4.0-0.4-1.194","5","2","5","1","1","5","3","4","4","5","5","0","0","1","2","-2","1","1","2","5","4","5","4","2","1","2","3","4","3","4","6","4","8","3","7","6","5","7","5","5","3","3","6","2","5","2","5","5","1","2","2","5","1","1","5","5","4","6","3","1","2","2","1","1","2","6","2","1","7","1","1","1","1","1","2","1","7","1","3","799230569765543938","仲","102","Female","[""坏我"",""好我"",""好她"",""坏她""]","[""弱我"",""强我"",""强她"",""弱她""]","","","","","","","","","","","","","","","","","","feedback_test","","","","","","","","","","","","","","","","","","","","",""
"756","","j","psychophysics","1086","1922643","0.0-10.0-1.0-4.0-0.4-0.195","5","2","5","1","1","5","3","4","4","5","5","0","0","1","2","-2","1","1","2","5","4","5","4","2","1","2","3","4","3","4","6","4","8","3","7","6","5","7","5","5","3","3","6","2","5","2","5","5","1","2","2","5","1","1","5","5","4","6","3","1","2","2","1","1","2","6","2","1","7","1","1","1","1","1","2","1","7","1","3","799230569765543938","仲","102","Female","[""坏我"",""好我"",""好她"",""坏她""]","[""弱我"",""强我"",""强她"",""弱她""]","","","","","","","","nonmatch","","","","","","","","","ALT2","ability","","key","j","16.665384615386408","683","380","","弱她","","","","j","true","","","nonmatch","","img/diamond.png","强她","",""
"null","<span style='color:GreenYellow; font-size: 70px;'>正确! </span>","null","html-keyboard-response","1087","1923150","0.0-10.0-1.0-4.0-0.4-1.195","5","2","5","1","1","5","3","4","4","5","5","0","0","1","2","-2","1","1","2","5","4","5","4","2","1","2","3","4","3","4","6","4","8","3","7","6","5","7","5","5","3","3","6","2","5","2","5","5","1","2","2","5","1","1","5","5","4","6","3","1","2","2","1","1","2","6","2","1","7","1","1","1","1","1","2","1","7","1","3","799230569765543938","仲","102","Female","[""坏我"",""好我"",""好她"",""坏她""]","[""弱我"",""强我"",""强她"",""弱她""]","","","","","","","","","","","","","","","","","","feedback_test","","","","","","","","","","","","","","","","","","","","",""
"856","","f","psychophysics","1088","1925012","0.0-10.0-1.0-4.0-0.4-0.196","5","2","5","1","1","5","3","4","4","5","5","0","0","1","2","-2","1","1","2","5","4","5","4","2","1","2","3","4","3","4","6","4","8","3","7","6","5","7","5","5","3","3","6","2","5","2","5","5","1","2","2","5","1","1","5","5","4","6","3","1","2","2","1","1","2","6","2","1","7","1","1","1","1","1","2","1","7","1","3","799230569765543938","仲","102","Female","[""坏我"",""好我"",""好她"",""坏她""]","[""弱我"",""强我"",""强她"",""弱她""]","","","","","","","","match","","","","","","","","","ALT2","ability","","key","f","16.665137614678898","683","380","","弱我","","","","f","true","","","match","","img/trapezoid.png","弱我","",""
"null","<span style='color:GreenYellow; font-size: 70px;'>正确! </span>","null","html-keyboard-response","1089","1925517","0.0-10.0-1.0-4.0-0.4-1.196","5","2","5","1","1","5","3","4","4","5","5","0","0","1","2","-2","1","1","2","5","4","5","4","2","1","2","3","4","3","4","6","4","8","3","7","6","5","7","5","5","3","3","6","2","5","2","5","5","1","2","2","5","1","1","5","5","4","6","3","1","2","2","1","1","2","6","2","1","7","1","1","1","1","1","2","1","7","1","3","799230569765543938","仲","102","Female","[""坏我"",""好我"",""好她"",""坏她""]","[""弱我"",""强我"",""强她"",""弱她""]","","","","","","","","","","","","","","","","","","feedback_test","","","","","","","","","","","","","","","","","","","","",""
"684","","f","psychophysics","1090","1927205","0.0-10.0-1.0-4.0-0.4-0.197","5","2","5","1","1","5","3","4","4","5","5","0","0","1","2","-2","1","1","2","5","4","5","4","2","1","2","3","4","3","4","6","4","8","3","7","6","5","7","5","5","3","3","6","2","5","2","5","5","1","2","2","5","1","1","5","5","4","6","3","1","2","2","1","1","2","6","2","1","7","1","1","1","1","1","2","1","7","1","3","799230569765543938","仲","102","Female","[""坏我"",""好我"",""好她"",""坏她""]","[""弱我"",""强我"",""强她"",""弱她""]","","","","","","","","match","","","","","","","","","ALT2","ability","","key","f","16.665","683","380","","强她","","","","f","true","","","match","","img/diamond.png","强她","",""
"null","<span style='color:GreenYellow; font-size: 70px;'>正确! </span>","null","html-keyboard-response","1091","1927710","0.0-10.0-1.0-4.0-0.4-1.197","5","2","5","1","1","5","3","4","4","5","5","0","0","1","2","-2","1","1","2","5","4","5","4","2","1","2","3","4","3","4","6","4","8","3","7","6","5","7","5","5","3","3","6","2","5","2","5","5","1","2","2","5","1","1","5","5","4","6","3","1","2","2","1","1","2","6","2","1","7","1","1","1","1","1","2","1","7","1","3","799230569765543938","仲","102","Female","[""坏我"",""好我"",""好她"",""坏她""]","[""弱我"",""强我"",""强她"",""弱她""]","","","","","","","","","","","","","","","","","","feedback_test","","","","","","","","","","","","","","","","","","","","",""
"835","","f","psychophysics","1092","1929548","0.0-10.0-1.0-4.0-0.4-0.198","5","2","5","1","1","5","3","4","4","5","5","0","0","1","2","-2","1","1","2","5","4","5","4","2","1","2","3","4","3","4","6","4","8","3","7","6","5","7","5","5","3","3","6","2","5","2","5","5","1","2","2","5","1","1","5","5","4","6","3","1","2","2","1","1","2","6","2","1","7","1","1","1","1","1","2","1","7","1","3","799230569765543938","仲","102","Female","[""坏我"",""好我"",""好她"",""坏她""]","[""弱我"",""强我"",""强她"",""弱她""]","","","","","","","","match","","","","","","","","","ALT2","ability","","key","f","16.666055045870277","683","380","","强我","","","","f","true","","","match","","img/pentagon.png","强我","",""
"null","<span style='color:GreenYellow; font-size: 70px;'>正确! </span>","null","html-keyboard-response","1093","1930051","0.0-10.0-1.0-4.0-0.4-1.198","5","2","5","1","1","5","3","4","4","5","5","0","0","1","2","-2","1","1","2","5","4","5","4","2","1","2","3","4","3","4","6","4","8","3","7","6","5","7","5","5","3","3","6","2","5","2","5","5","1","2","2","5","1","1","5","5","4","6","3","1","2","2","1","1","2","6","2","1","7","1","1","1","1","1","2","1","7","1","3","799230569765543938","仲","102","Female","[""坏我"",""好我"",""好她"",""坏她""]","[""弱我"",""强我"",""强她"",""弱她""]","","","","","","","","","","","","","","","","","","feedback_test","","","","","","","","","","","","","","","","","","","","",""
"840","","f","psychophysics","1094","1931895","0.0-10.0-1.0-4.0-0.4-0.199","5","2","5","1","1","5","3","4","4","5","5","0","0","1","2","-2","1","1","2","5","4","5","4","2","1","2","3","4","3","4","6","4","8","3","7","6","5","7","5","5","3","3","6","2","5","2","5","5","1","2","2","5","1","1","5","5","4","6","3","1","2","2","1","1","2","6","2","1","7","1","1","1","1","1","2","1","7","1","3","799230569765543938","仲","102","Female","[""坏我"",""好我"",""好她"",""坏她""]","[""弱我"",""强我"",""强她"",""弱她""]","","","","","","","","match","","","","","","","","","ALT2","ability","","key","f","16.66636363636406","683","380","","弱她","","","","f","true","","","match","","img/circle.png","弱她","",""
"null","<span style='color:GreenYellow; font-size: 70px;'>正确! </span>","null","html-keyboard-response","1095","1932404","0.0-10.0-1.0-4.0-0.4-1.199","5","2","5","1","1","5","3","4","4","5","5","0","0","1","2","-2","1","1","2","5","4","5","4","2","1","2","3","4","3","4","6","4","8","3","7","6","5","7","5","5","3","3","6","2","5","2","5","5","1","2","2","5","1","1","5","5","4","6","3","1","2","2","1","1","2","6","2","1","7","1","1","1","1","1","2","1","7","1","3","799230569765543938","仲","102","Female","[""坏我"",""好我"",""好她"",""坏她""]","[""弱我"",""强我"",""强她"",""弱她""]","","","","","","","","","","","","","","","","","","feedback_test","","","","","","","","","","","","","","","","","","","","",""
"605","","f","psychophysics","1096","1934011","0.0-10.0-1.0-4.0-0.4-0.200","5","2","5","1","1","5","3","4","4","5","5","0","0","1","2","-2","1","1","2","5","4","5","4","2","1","2","3","4","3","4","6","4","8","3","7","6","5","7","5","5","3","3","6","2","5","2","5","5","1","2","2","5","1","1","5","5","4","6","3","1","2","2","1","1","2","6","2","1","7","1","1","1","1","1","2","1","7","1","3","799230569765543938","仲","102","Female","[""坏我"",""好我"",""好她"",""坏她""]","[""弱我"",""强我"",""强她"",""弱她""]","","","","","","","","match","","","","","","","","","ALT2","ability","","key","f","16.66458333333382","683","380","","强我","","","","f","true","","","match","","img/pentagon.png","强我","",""
"null","<span style='color:GreenYellow; font-size: 70px;'>正确! </span>","null","html-keyboard-response","1097","1934516","0.0-10.0-1.0-4.0-0.4-1.200","5","2","5","1","1","5","3","4","4","5","5","0","0","1","2","-2","1","1","2","5","4","5","4","2","1","2","3","4","3","4","6","4","8","3","7","6","5","7","5","5","3","3","6","2","5","2","5","5","1","2","2","5","1","1","5","5","4","6","3","1","2","2","1","1","2","6","2","1","7","1","1","1","1","1","2","1","7","1","3","799230569765543938","仲","102","Female","[""坏我"",""好我"",""好她"",""坏她""]","[""弱我"",""强我"",""强她"",""弱她""]","","","","","","","","","","","","","","","","","","feedback_test","","","","","","","","","","","","","","","","","","","","",""
"824","","f","psychophysics","1098","1936346","0.0-10.0-1.0-4.0-0.4-0.201","5","2","5","1","1","5","3","4","4","5","5","0","0","1","2","-2","1","1","2","5","4","5","4","2","1","2","3","4","3","4","6","4","8","3","7","6","5","7","5","5","3","3","6","2","5","2","5","5","1","2","2","5","1","1","5","5","4","6","3","1","2","2","1","1","2","6","2","1","7","1","1","1","1","1","2","1","7","1","3","799230569765543938","仲","102","Female","[""坏我"",""好我"",""好她"",""坏她""]","[""弱我"",""强我"",""强她"",""弱她""]","","","","","","","","match","","","","","","","","","ALT2","ability","","key","f","16.666055045872415","683","380","","强我","","","","j","false","","","nonmatch","","img/trapezoid.png","弱我","",""
"null","<span style='color:red; font-size: 70px;'>错误! </span>","null","html-keyboard-response","1099","1936851","0.0-10.0-1.0-4.0-0.4-1.201","5","2","5","1","1","5","3","4","4","5","5","0","0","1","2","-2","1","1","2","5","4","5","4","2","1","2","3","4","3","4","6","4","8","3","7","6","5","7","5","5","3","3","6","2","5","2","5","5","1","2","2","5","1","1","5","5","4","6","3","1","2","2","1","1","2","6","2","1","7","1","1","1","1","1","2","1","7","1","3","799230569765543938","仲","102","Female","[""坏我"",""好我"",""好她"",""坏她""]","[""弱我"",""强我"",""强她"",""弱她""]","","","","","","","","","","","","","","","","","","feedback_test","","","","","","","","","","","","","","","","","","","","",""
"720","","j","psychophysics","1100","1938575","0.0-10.0-1.0-4.0-0.4-0.202","5","2","5","1","1","5","3","4","4","5","5","0","0","1","2","-2","1","1","2","5","4","5","4","2","1","2","3","4","3","4","6","4","8","3","7","6","5","7","5","5","3","3","6","2","5","2","5","5","1","2","2","5","1","1","5","5","4","6","3","1","2","2","1","1","2","6","2","1","7","1","1","1","1","1","2","1","7","1","3","799230569765543938","仲","102","Female","[""坏我"",""好我"",""好她"",""坏她""]","[""弱我"",""强我"",""强她"",""弱她""]","","","","","","","","nonmatch","","","","","","","","","ALT2","ability","","key","j","16.66504854368932","683","380","","强她","","","","j","true","","","nonmatch","","img/circle.png","弱她","",""
"null","<span style='color:GreenYellow; font-size: 70px;'>正确! </span>","null","html-keyboard-response","1101","1939083","0.0-10.0-1.0-4.0-0.4-1.202","5","2","5","1","1","5","3","4","4","5","5","0","0","1","2","-2","1","1","2","5","4","5","4","2","1","2","3","4","3","4","6","4","8","3","7","6","5","7","5","5","3","3","6","2","5","2","5","5","1","2","2","5","1","1","5","5","4","6","3","1","2","2","1","1","2","6","2","1","7","1","1","1","1","1","2","1","7","1","3","799230569765543938","仲","102","Female","[""坏我"",""好我"",""好她"",""坏她""]","[""弱我"",""强我"",""强她"",""弱她""]","","","","","","","","","","","","","","","","","","feedback_test","","","","","","","","","","","","","","","","","","","","",""
"1087","","j","psychophysics","1102","1941175","0.0-10.0-1.0-4.0-0.4-0.203","5","2","5","1","1","5","3","4","4","5","5","0","0","1","2","-2","1","1","2","5","4","5","4","2","1","2","3","4","3","4","6","4","8","3","7","6","5","7","5","5","3","3","6","2","5","2","5","5","1","2","2","5","1","1","5","5","4","6","3","1","2","2","1","1","2","6","2","1","7","1","1","1","1","1","2","1","7","1","3","799230569765543938","仲","102","Female","[""坏我"",""好我"",""好她"",""坏她""]","[""弱我"",""强我"",""强她"",""弱她""]","","","","","","","","nonmatch","","","","","","","","","ALT2","ability","","key","j","16.66557377049142","683","380","","弱我","","","","j","true","","","nonmatch","","img/pentagon.png","强我","",""
"null","<span style='color:GreenYellow; font-size: 70px;'>正确! </span>","null","html-keyboard-response","1103","1941684","0.0-10.0-1.0-4.0-0.4-1.203","5","2","5","1","1","5","3","4","4","5","5","0","0","1","2","-2","1","1","2","5","4","5","4","2","1","2","3","4","3","4","6","4","8","3","7","6","5","7","5","5","3","3","6","2","5","2","5","5","1","2","2","5","1","1","5","5","4","6","3","1","2","2","1","1","2","6","2","1","7","1","1","1","1","1","2","1","7","1","3","799230569765543938","仲","102","Female","[""坏我"",""好我"",""好她"",""坏她""]","[""弱我"",""强我"",""强她"",""弱她""]","","","","","","","","","","","","","","","","","","feedback_test","","","","","","","","","","","","","","","","","","","","",""
"639","","f","psychophysics","1104","1943327","0.0-10.0-1.0-4.0-0.4-0.204","5","2","5","1","1","5","3","4","4","5","5","0","0","1","2","-2","1","1","2","5","4","5","4","2","1","2","3","4","3","4","6","4","8","3","7","6","5","7","5","5","3","3","6","2","5","2","5","5","1","2","2","5","1","1","5","5","4","6","3","1","2","2","1","1","2","6","2","1","7","1","1","1","1","1","2","1","7","1","3","799230569765543938","仲","102","Female","[""坏我"",""好我"",""好她"",""坏她""]","[""弱我"",""强我"",""强她"",""弱她""]","","","","","","","","match","","","","","","","","","ALT2","ability","","key","f","16.66632653061272","683","380","","强她","","","","f","true","","","match","","img/diamond.png","强她","",""
"null","<span style='color:GreenYellow; font-size: 70px;'>正确! </span>","null","html-keyboard-response","1105","1943837","0.0-10.0-1.0-4.0-0.4-1.204","5","2","5","1","1","5","3","4","4","5","5","0","0","1","2","-2","1","1","2","5","4","5","4","2","1","2","3","4","3","4","6","4","8","3","7","6","5","7","5","5","3","3","6","2","5","2","5","5","1","2","2","5","1","1","5","5","4","6","3","1","2","2","1","1","2","6","2","1","7","1","1","1","1","1","2","1","7","1","3","799230569765543938","仲","102","Female","[""坏我"",""好我"",""好她"",""坏她""]","[""弱我"",""强我"",""强她"",""弱她""]","","","","","","","","","","","","","","","","","","feedback_test","","","","","","","","","","","","","","","","","","","","",""
"1006","","j","psychophysics","1106","1945845","0.0-10.0-1.0-4.0-0.4-0.205","5","2","5","1","1","5","3","4","4","5","5","0","0","1","2","-2","1","1","2","5","4","5","4","2","1","2","3","4","3","4","6","4","8","3","7","6","5","7","5","5","3","3","6","2","5","2","5","5","1","2","2","5","1","1","5","5","4","6","3","1","2","2","1","1","2","6","2","1","7","1","1","1","1","1","2","1","7","1","3","799230569765543938","仲","102","Female","[""坏我"",""好我"",""好她"",""坏她""]","[""弱我"",""强我"",""强她"",""弱她""]","","","","","","","","nonmatch","","","","","","","","","ALT2","ability","","key","j","16.664705882351768","683","380","","强她","","","","j","true","","","nonmatch","","img/pentagon.png","强我","",""
"null","<span style='color:GreenYellow; font-size: 70px;'>正确! </span>","null","html-keyboard-response","1107","1946350","0.0-10.0-1.0-4.0-0.4-1.205","5","2","5","1","1","5","3","4","4","5","5","0","0","1","2","-2","1","1","2","5","4","5","4","2","1","2","3","4","3","4","6","4","8","3","7","6","5","7","5","5","3","3","6","2","5","2","5","5","1","2","2","5","1","1","5","5","4","6","3","1","2","2","1","1","2","6","2","1","7","1","1","1","1","1","2","1","7","1","3","799230569765543938","仲","102","Female","[""坏我"",""好我"",""好她"",""坏她""]","[""弱我"",""强我"",""强她"",""弱她""]","","","","","","","","","","","","","","","","","","feedback_test","","","","","","","","","","","","","","","","","","","","",""
"714","","f","psychophysics","1108","1948069","0.0-10.0-1.0-4.0-0.4-0.206","5","2","5","1","1","5","3","4","4","5","5","0","0","1","2","-2","1","1","2","5","4","5","4","2","1","2","3","4","3","4","6","4","8","3","7","6","5","7","5","5","3","3","6","2","5","2","5","5","1","2","2","5","1","1","5","5","4","6","3","1","2","2","1","1","2","6","2","1","7","1","1","1","1","1","2","1","7","1","3","799230569765543938","仲","102","Female","[""坏我"",""好我"",""好她"",""坏她""]","[""弱我"",""强我"",""强她"",""弱她""]","","","","","","","","match","","","","","","","","","ALT2","ability","","key","f","16.66633663366383","683","380","","弱我","","","","f","true","","","match","","img/trapezoid.png","弱我","",""
"null","<span style='color:GreenYellow; font-size: 70px;'>正确! </span>","null","html-keyboard-response","1109","1948577","0.0-10.0-1.0-4.0-0.4-1.206","5","2","5","1","1","5","3","4","4","5","5","0","0","1","2","-2","1","1","2","5","4","5","4","2","1","2","3","4","3","4","6","4","8","3","7","6","5","7","5","5","3","3","6","2","5","2","5","5","1","2","2","5","1","1","5","5","4","6","3","1","2","2","1","1","2","6","2","1","7","1","1","1","1","1","2","1","7","1","3","799230569765543938","仲","102","Female","[""坏我"",""好我"",""好她"",""坏她""]","[""弱我"",""强我"",""强她"",""弱她""]","","","","","","","","","","","","","","","","","","feedback_test","","","","","","","","","","","","","","","","","","","","",""
"885","","j","psychophysics","1110","1950468","0.0-10.0-1.0-4.0-0.4-0.207","5","2","5","1","1","5","3","4","4","5","5","0","0","1","2","-2","1","1","2","5","4","5","4","2","1","2","3","4","3","4","6","4","8","3","7","6","5","7","5","5","3","3","6","2","5","2","5","5","1","2","2","5","1","1","5","5","4","6","3","1","2","2","1","1","2","6","2","1","7","1","1","1","1","1","2","1","7","1","3","799230569765543938","仲","102","Female","[""坏我"",""好我"",""好她"",""坏她""]","[""弱我"",""强我"",""强她"",""弱她""]","","","","","","","","nonmatch","","","","","","","","","ALT2","ability","","key","j","16.66607142857226","683","380","","强我","","","","j","true","","","nonmatch","","img/circle.png","弱她","",""
"null","<span style='color:GreenYellow; font-size: 70px;'>正确! </span>","null","html-keyboard-response","1111","1950976","0.0-10.0-1.0-4.0-0.4-1.207","5","2","5","1","1","5","3","4","4","5","5","0","0","1","2","-2","1","1","2","5","4","5","4","2","1","2","3","4","3","4","6","4","8","3","7","6","5","7","5","5","3","3","6","2","5","2","5","5","1","2","2","5","1","1","5","5","4","6","3","1","2","2","1","1","2","6","2","1","7","1","1","1","1","1","2","1","7","1","3","799230569765543938","仲","102","Female","[""坏我"",""好我"",""好她"",""坏她""]","[""弱我"",""强我"",""强她"",""弱她""]","","","","","","","","","","","","","","","","","","feedback_test","","","","","","","","","","","","","","","","","","","","",""
"606","","j","psychophysics","1112","1952585","0.0-10.0-1.0-4.0-0.4-0.208","5","2","5","1","1","5","3","4","4","5","5","0","0","1","2","-2","1","1","2","5","4","5","4","2","1","2","3","4","3","4","6","4","8","3","7","6","5","7","5","5","3","3","6","2","5","2","5","5","1","2","2","5","1","1","5","5","4","6","3","1","2","2","1","1","2","6","2","1","7","1","1","1","1","1","2","1","7","1","3","799230569765543938","仲","102","Female","[""坏我"",""好我"",""好她"",""坏她""]","[""弱我"",""强我"",""强她"",""弱她""]","","","","","","","","nonmatch","","","","","","","","","ALT2","ability","","key","j","16.66526315789425","683","380","","弱她","","","","f","false","","","match","","img/circle.png","弱她","",""
"null","<span style='color:red; font-size: 70px;'>错误! </span>","null","html-keyboard-response","1113","1953090","0.0-10.0-1.0-4.0-0.4-1.208","5","2","5","1","1","5","3","4","4","5","5","0","0","1","2","-2","1","1","2","5","4","5","4","2","1","2","3","4","3","4","6","4","8","3","7","6","5","7","5","5","3","3","6","2","5","2","5","5","1","2","2","5","1","1","5","5","4","6","3","1","2","2","1","1","2","6","2","1","7","1","1","1","1","1","2","1","7","1","3","799230569765543938","仲","102","Female","[""坏我"",""好我"",""好她"",""坏她""]","[""弱我"",""强我"",""强她"",""弱她""]","","","","","","","","","","","","","","","","","","feedback_test","","","","","","","","","","","","","","","","","","","","",""
"901","","j","psychophysics","1114","1954996","0.0-10.0-1.0-4.0-0.4-0.209","5","2","5","1","1","5","3","4","4","5","5","0","0","1","2","-2","1","1","2","5","4","5","4","2","1","2","3","4","3","4","6","4","8","3","7","6","5","7","5","5","3","3","6","2","5","2","5","5","1","2","2","5","1","1","5","5","4","6","3","1","2","2","1","1","2","6","2","1","7","1","1","1","1","1","2","1","7","1","3","799230569765543938","仲","102","Female","[""坏我"",""好我"",""好她"",""坏她""]","[""弱我"",""强我"",""强她"",""弱她""]","","","","","","","","nonmatch","","","","","","","","","ALT2","ability","","key","j","16.665178571428573","683","380","","弱我","","","","j","true","","","nonmatch","","img/diamond.png","强她","",""
"null","<span style='color:GreenYellow; font-size: 70px;'>正确! </span>","null","html-keyboard-response","1115","1955504","0.0-10.0-1.0-4.0-0.4-1.209","5","2","5","1","1","5","3","4","4","5","5","0","0","1","2","-2","1","1","2","5","4","5","4","2","1","2","3","4","3","4","6","4","8","3","7","6","5","7","5","5","3","3","6","2","5","2","5","5","1","2","2","5","1","1","5","5","4","6","3","1","2","2","1","1","2","6","2","1","7","1","1","1","1","1","2","1","7","1","3","799230569765543938","仲","102","Female","[""坏我"",""好我"",""好她"",""坏她""]","[""弱我"",""强我"",""强她"",""弱她""]","","","","","","","","","","","","","","","","","","feedback_test","","","","","","","","","","","","","","","","","","","","",""
"1119","","f","psychophysics","1116","1957630","0.0-10.0-1.0-4.0-0.4-0.210","5","2","5","1","1","5","3","4","4","5","5","0","0","1","2","-2","1","1","2","5","4","5","4","2","1","2","3","4","3","4","6","4","8","3","7","6","5","7","5","5","3","3","6","2","5","2","5","5","1","2","2","5","1","1","5","5","4","6","3","1","2","2","1","1","2","6","2","1","7","1","1","1","1","1","2","1","7","1","3","799230569765543938","仲","102","Female","[""坏我"",""好我"",""好她"",""坏她""]","[""弱我"",""强我"",""强她"",""弱她""]","","","","","","","","match","","","","","","","","","ALT2","ability","","key","f","16.665873015872275","683","380","","弱我","","","","f","true","","","match","","img/trapezoid.png","弱我","",""
"null","<span style='color:GreenYellow; font-size: 70px;'>正确! </span>","null","html-keyboard-response","1117","1958134","0.0-10.0-1.0-4.0-0.4-1.210","5","2","5","1","1","5","3","4","4","5","5","0","0","1","2","-2","1","1","2","5","4","5","4","2","1","2","3","4","3","4","6","4","8","3","7","6","5","7","5","5","3","3","6","2","5","2","5","5","1","2","2","5","1","1","5","5","4","6","3","1","2","2","1","1","2","6","2","1","7","1","1","1","1","1","2","1","7","1","3","799230569765543938","仲","102","Female","[""坏我"",""好我"",""好她"",""坏她""]","[""弱我"",""强我"",""强她"",""弱她""]","","","","","","","","","","","","","","","","","","feedback_test","","","","","","","","","","","","","","","","","","","","",""
"576","","f","psychophysics","1118","1959711","0.0-10.0-1.0-4.0-0.4-0.211","5","2","5","1","1","5","3","4","4","5","5","0","0","1","2","-2","1","1","2","5","4","5","4","2","1","2","3","4","3","4","6","4","8","3","7","6","5","7","5","5","3","3","6","2","5","2","5","5","1","2","2","5","1","1","5","5","4","6","3","1","2","2","1","1","2","6","2","1","7","1","1","1","1","1","2","1","7","1","3","799230569765543938","仲","102","Female","[""坏我"",""好我"",""好她"",""坏她""]","[""弱我"",""强我"",""强她"",""弱她""]","","","","","","","","match","","","","","","","","","ALT2","ability","","key","f","16.665591397850964","683","380","","强她","","","","f","true","","","match","","img/diamond.png","强她","",""
"null","<span style='color:GreenYellow; font-size: 70px;'>正确! </span>","null","html-keyboard-response","1119","1960212","0.0-10.0-1.0-4.0-0.4-1.211","5","2","5","1","1","5","3","4","4","5","5","0","0","1","2","-2","1","1","2","5","4","5","4","2","1","2","3","4","3","4","6","4","8","3","7","6","5","7","5","5","3","3","6","2","5","2","5","5","1","2","2","5","1","1","5","5","4","6","3","1","2","2","1","1","2","6","2","1","7","1","1","1","1","1","2","1","7","1","3","799230569765543938","仲","102","Female","[""坏我"",""好我"",""好她"",""坏她""]","[""弱我"",""强我"",""强她"",""弱她""]","","","","","","","","","","","","","","","","","","feedback_test","","","","","","","","","","","","","","","","","","","","",""
"726","","j","psychophysics","1120","1961943","0.0-10.0-1.0-4.0-0.4-0.212","5","2","5","1","1","5","3","4","4","5","5","0","0","1","2","-2","1","1","2","5","4","5","4","2","1","2","3","4","3","4","6","4","8","3","7","6","5","7","5","5","3","3","6","2","5","2","5","5","1","2","2","5","1","1","5","5","4","6","3","1","2","2","1","1","2","6","2","1","7","1","1","1","1","1","2","1","7","1","3","799230569765543938","仲","102","Female","[""坏我"",""好我"",""好她"",""坏她""]","[""弱我"",""强我"",""强她"",""弱她""]","","","","","","","","nonmatch","","","","","","","","","ALT2","ability","","key","j","16.666019417476633","683","380","","弱她","","","","j","true","","","nonmatch","","img/trapezoid.png","弱我","",""
"null","<span style='color:GreenYellow; font-size: 70px;'>正确! </span>","null","html-keyboard-response","1121","1962448","0.0-10.0-1.0-4.0-0.4-1.212","5","2","5","1","1","5","3","4","4","5","5","0","0","1","2","-2","1","1","2","5","4","5","4","2","1","2","3","4","3","4","6","4","8","3","7","6","5","7","5","5","3","3","6","2","5","2","5","5","1","2","2","5","1","1","5","5","4","6","3","1","2","2","1","1","2","6","2","1","7","1","1","1","1","1","2","1","7","1","3","799230569765543938","仲","102","Female","[""坏我"",""好我"",""好她"",""坏她""]","[""弱我"",""强我"",""强她"",""弱她""]","","","","","","","","","","","","","","","","","","feedback_test","","","","","","","","","","","","","","","","","","","","",""
"695","","f","psychophysics","1122","1964145","0.0-10.0-1.0-4.0-0.4-0.213","5","2","5","1","1","5","3","4","4","5","5","0","0","1","2","-2","1","1","2","5","4","5","4","2","1","2","3","4","3","4","6","4","8","3","7","6","5","7","5","5","3","3","6","2","5","2","5","5","1","2","2","5","1","1","5","5","4","6","3","1","2","2","1","1","2","6","2","1","7","1","1","1","1","1","2","1","7","1","3","799230569765543938","仲","102","Female","[""坏我"",""好我"",""好她"",""坏她""]","[""弱我"",""强我"",""强她"",""弱她""]","","","","","","","","match","","","","","","","","","ALT2","ability","","key","f","16.66633663366383","683","380","","强我","","","","f","true","","","match","","img/pentagon.png","强我","",""
"null","<span style='color:GreenYellow; font-size: 70px;'>正确! </span>","null","html-keyboard-response","1123","1964652","0.0-10.0-1.0-4.0-0.4-1.213","5","2","5","1","1","5","3","4","4","5","5","0","0","1","2","-2","1","1","2","5","4","5","4","2","1","2","3","4","3","4","6","4","8","3","7","6","5","7","5","5","3","3","6","2","5","2","5","5","1","2","2","5","1","1","5","5","4","6","3","1","2","2","1","1","2","6","2","1","7","1","1","1","1","1","2","1","7","1","3","799230569765543938","仲","102","Female","[""坏我"",""好我"",""好她"",""坏她""]","[""弱我"",""强我"",""强她"",""弱她""]","","","","","","","","","","","","","","","","","","feedback_test","","","","","","","","","","","","","","","","","","","","",""
"952","","f","psychophysics","1124","1966609","0.0-10.0-1.0-4.0-0.4-0.214","5","2","5","1","1","5","3","4","4","5","5","0","0","1","2","-2","1","1","2","5","4","5","4","2","1","2","3","4","3","4","6","4","8","3","7","6","5","7","5","5","3","3","6","2","5","2","5","5","1","2","2","5","1","1","5","5","4","6","3","1","2","2","1","1","2","6","2","1","7","1","1","1","1","1","2","1","7","1","3","799230569765543938","仲","102","Female","[""坏我"",""好我"",""好她"",""坏她""]","[""弱我"",""强我"",""强她"",""弱她""]","","","","","","","","match","","","","","","","","","ALT2","ability","","key","f","16.666379310345228","683","380","","弱她","","","","f","true","","","match","","img/circle.png","弱她","",""
"null","<span style='color:GreenYellow; font-size: 70px;'>正确! </span>","null","html-keyboard-response","1125","1967112","0.0-10.0-1.0-4.0-0.4-1.214","5","2","5","1","1","5","3","4","4","5","5","0","0","1","2","-2","1","1","2","5","4","5","4","2","1","2","3","4","3","4","6","4","8","3","7","6","5","7","5","5","3","3","6","2","5","2","5","5","1","2","2","5","1","1","5","5","4","6","3","1","2","2","1","1","2","6","2","1","7","1","1","1","1","1","2","1","7","1","3","799230569765543938","仲","102","Female","[""坏我"",""好我"",""好她"",""坏她""]","[""弱我"",""强我"",""强她"",""弱她""]","","","","","","","","","","","","","","","","","","feedback_test","","","","","","","","","","","","","","","","","","","","",""
"905","","j","psychophysics","1126","1969019","0.0-10.0-1.0-4.0-0.4-0.215","5","2","5","1","1","5","3","4","4","5","5","0","0","1","2","-2","1","1","2","5","4","5","4","2","1","2","3","4","3","4","6","4","8","3","7","6","5","7","5","5","3","3","6","2","5","2","5","5","1","2","2","5","1","1","5","5","4","6","3","1","2","2","1","1","2","6","2","1","7","1","1","1","1","1","2","1","7","1","3","799230569765543938","仲","102","Female","[""坏我"",""好我"",""好她"",""坏她""]","[""弱我"",""强我"",""强她"",""弱她""]","","","","","","","","nonmatch","","","","","","","","","ALT2","ability","","key","j","16.665789473683393","683","380","","强我","","","","j","true","","","nonmatch","","img/diamond.png","强她","",""
"null","<span style='color:GreenYellow; font-size: 70px;'>正确! </span>","null","html-keyboard-response","1127","1969526","0.0-10.0-1.0-4.0-0.4-1.215","5","2","5","1","1","5","3","4","4","5","5","0","0","1","2","-2","1","1","2","5","4","5","4","2","1","2","3","4","3","4","6","4","8","3","7","6","5","7","5","5","3","3","6","2","5","2","5","5","1","2","2","5","1","1","5","5","4","6","3","1","2","2","1","1","2","6","2","1","7","1","1","1","1","1","2","1","7","1","3","799230569765543938","仲","102","Female","[""坏我"",""好我"",""好她"",""坏她""]","[""弱我"",""强我"",""强她"",""弱她""]","","","","","","","","","","","","","","","","","","feedback_test","","","","","","","","","","","","","","","","","","","","",""
"796","","j","psychophysics","1128","1971329","0.0-10.0-1.0-4.0-0.4-0.216","5","2","5","1","1","5","3","4","4","5","5","0","0","1","2","-2","1","1","2","5","4","5","4","2","1","2","3","4","3","4","6","4","8","3","7","6","5","7","5","5","3","3","6","2","5","2","5","5","1","2","2","5","1","1","5","5","4","6","3","1","2","2","1","1","2","6","2","1","7","1","1","1","1","1","2","1","7","1","3","799230569765543938","仲","102","Female","[""坏我"",""好我"",""好她"",""坏她""]","[""弱我"",""强我"",""强她"",""弱她""]","","","","","","","","nonmatch","","","","","","","","","ALT2","ability","","key","j","16.665714285715616","683","380","","强我","","","","j","true","","","nonmatch","","img/trapezoid.png","弱我","",""
"null","<span style='color:GreenYellow; font-size: 70px;'>正确! </span>","null","html-keyboard-response","1129","1971842","0.0-10.0-1.0-4.0-0.4-1.216","5","2","5","1","1","5","3","4","4","5","5","0","0","1","2","-2","1","1","2","5","4","5","4","2","1","2","3","4","3","4","6","4","8","3","7","6","5","7","5","5","3","3","6","2","5","2","5","5","1","2","2","5","1","1","5","5","4","6","3","1","2","2","1","1","2","6","2","1","7","1","1","1","1","1","2","1","7","1","3","799230569765543938","仲","102","Female","[""坏我"",""好我"",""好她"",""坏她""]","[""弱我"",""强我"",""强她"",""弱她""]","","","","","","","","","","","","","","","","","","feedback_test","","","","","","","","","","","","","","","","","","","","",""
"760","","j","psychophysics","1130","1973608","0.0-10.0-1.0-4.0-0.4-0.217","5","2","5","1","1","5","3","4","4","5","5","0","0","1","2","-2","1","1","2","5","4","5","4","2","1","2","3","4","3","4","6","4","8","3","7","6","5","7","5","5","3","3","6","2","5","2","5","5","1","2","2","5","1","1","5","5","4","6","3","1","2","2","1","1","2","6","2","1","7","1","1","1","1","1","2","1","7","1","3","799230569765543938","仲","102","Female","[""坏我"",""好我"",""好她"",""坏她""]","[""弱我"",""强我"",""强她"",""弱她""]","","","","","","","","nonmatch","","","","","","","","","ALT2","ability","","key","j","16.665384615384166","683","380","","弱她","","","","j","true","","","nonmatch","","img/diamond.png","强她","",""
"null","<span style='color:GreenYellow; font-size: 70px;'>正确! </span>","null","html-keyboard-response","1131","1974111","0.0-10.0-1.0-4.0-0.4-1.217","5","2","5","1","1","5","3","4","4","5","5","0","0","1","2","-2","1","1","2","5","4","5","4","2","1","2","3","4","3","4","6","4","8","3","7","6","5","7","5","5","3","3","6","2","5","2","5","5","1","2","2","5","1","1","5","5","4","6","3","1","2","2","1","1","2","6","2","1","7","1","1","1","1","1","2","1","7","1","3","799230569765543938","仲","102","Female","[""坏我"",""好我"",""好她"",""坏她""]","[""弱我"",""强我"",""强她"",""弱她""]","","","","","","","","","","","","","","","","","","feedback_test","","","","","","","","","","","","","","","","","","","","",""
"989","","f","psychophysics","1132","1976106","0.0-10.0-1.0-4.0-0.4-0.218","5","2","5","1","1","5","3","4","4","5","5","0","0","1","2","-2","1","1","2","5","4","5","4","2","1","2","3","4","3","4","6","4","8","3","7","6","5","7","5","5","3","3","6","2","5","2","5","5","1","2","2","5","1","1","5","5","4","6","3","1","2","2","1","1","2","6","2","1","7","1","1","1","1","1","2","1","7","1","3","799230569765543938","仲","102","Female","[""坏我"",""好我"",""好她"",""坏她""]","[""弱我"",""强我"",""强她"",""弱她""]","","","","","","","","match","","","","","","","","","ALT2","ability","","key","f","16.66581196581316","683","380","","弱她","","","","f","true","","","match","","img/circle.png","弱她","",""
"null","<span style='color:GreenYellow; font-size: 70px;'>正确! </span>","null","html-keyboard-response","1133","1976611","0.0-10.0-1.0-4.0-0.4-1.218","5","2","5","1","1","5","3","4","4","5","5","0","0","1","2","-2","1","1","2","5","4","5","4","2","1","2","3","4","3","4","6","4","8","3","7","6","5","7","5","5","3","3","6","2","5","2","5","5","1","2","2","5","1","1","5","5","4","6","3","1","2","2","1","1","2","6","2","1","7","1","1","1","1","1","2","1","7","1","3","799230569765543938","仲","102","Female","[""坏我"",""好我"",""好她"",""坏她""]","[""弱我"",""强我"",""强她"",""弱她""]","","","","","","","","","","","","","","","","","","feedback_test","","","","","","","","","","","","","","","","","","","","",""
"764","","j","psychophysics","1134","1978380","0.0-10.0-1.0-4.0-0.4-0.219","5","2","5","1","1","5","3","4","4","5","5","0","0","1","2","-2","1","1","2","5","4","5","4","2","1","2","3","4","3","4","6","4","8","3","7","6","5","7","5","5","3","3","6","2","5","2","5","5","1","2","2","5","1","1","5","5","4","6","3","1","2","2","1","1","2","6","2","1","7","1","1","1","1","1","2","1","7","1","3","799230569765543938","仲","102","Female","[""坏我"",""好我"",""好她"",""坏她""]","[""弱我"",""强我"",""强她"",""弱她""]","","","","","","","","nonmatch","","","","","","","","","ALT2","ability","","key","j","16.665714285715616","683","380","","强她","","","","j","true","","","nonmatch","","img/circle.png","弱她","",""
"null","<span style='color:GreenYellow; font-size: 70px;'>正确! </span>","null","html-keyboard-response","1135","1978886","0.0-10.0-1.0-4.0-0.4-1.219","5","2","5","1","1","5","3","4","4","5","5","0","0","1","2","-2","1","1","2","5","4","5","4","2","1","2","3","4","3","4","6","4","8","3","7","6","5","7","5","5","3","3","6","2","5","2","5","5","1","2","2","5","1","1","5","5","4","6","3","1","2","2","1","1","2","6","2","1","7","1","1","1","1","1","2","1","7","1","3","799230569765543938","仲","102","Female","[""坏我"",""好我"",""好她"",""坏她""]","[""弱我"",""强我"",""强她"",""弱她""]","","","","","","","","","","","","","","","","","","feedback_test","","","","","","","","","","","","","","","","","","","","",""
"714","","f","psychophysics","1136","1980602","0.0-10.0-1.0-4.0-0.4-0.220","5","2","5","1","1","5","3","4","4","5","5","0","0","1","2","-2","1","1","2","5","4","5","4","2","1","2","3","4","3","4","6","4","8","3","7","6","5","7","5","5","3","3","6","2","5","2","5","5","1","2","2","5","1","1","5","5","4","6","3","1","2","2","1","1","2","6","2","1","7","1","1","1","1","1","2","1","7","1","3","799230569765543938","仲","102","Female","[""坏我"",""好我"",""好她"",""坏她""]","[""弱我"",""强我"",""强她"",""弱她""]","","","","","","","","match","","","","","","","","","ALT2","ability","","key","f","16.666336633661523","683","380","","强我","","","","f","true","","","match","","img/pentagon.png","强我","",""
"null","<span style='color:GreenYellow; font-size: 70px;'>正确! </span>","null","html-keyboard-response","1137","1981108","0.0-10.0-1.0-4.0-0.4-1.220","5","2","5","1","1","5","3","4","4","5","5","0","0","1","2","-2","1","1","2","5","4","5","4","2","1","2","3","4","3","4","6","4","8","3","7","6","5","7","5","5","3","3","6","2","5","2","5","5","1","2","2","5","1","1","5","5","4","6","3","1","2","2","1","1","2","6","2","1","7","1","1","1","1","1","2","1","7","1","3","799230569765543938","仲","102","Female","[""坏我"",""好我"",""好她"",""坏她""]","[""弱我"",""强我"",""强她"",""弱她""]","","","","","","","","","","","","","","","","","","feedback_test","","","","","","","","","","","","","","","","","","","","",""
"947","","j","psychophysics","1138","1983058","0.0-10.0-1.0-4.0-0.4-0.221","5","2","5","1","1","5","3","4","4","5","5","0","0","1","2","-2","1","1","2","5","4","5","4","2","1","2","3","4","3","4","6","4","8","3","7","6","5","7","5","5","3","3","6","2","5","2","5","5","1","2","2","5","1","1","5","5","4","6","3","1","2","2","1","1","2","6","2","1","7","1","1","1","1","1","2","1","7","1","3","799230569765543938","仲","102","Female","[""坏我"",""好我"",""好她"",""坏她""]","[""弱我"",""强我"",""强她"",""弱她""]","","","","","","","","nonmatch","","","","","","","","","ALT2","ability","","key","j","16.666379310345228","683","380","","弱我","","","","j","true","","","nonmatch","","img/diamond.png","强她","",""
"null","<span style='color:GreenYellow; font-size: 70px;'>正确! </span>","null","html-keyboard-response","1139","1983565","0.0-10.0-1.0-4.0-0.4-1.221","5","2","5","1","1","5","3","4","4","5","5","0","0","1","2","-2","1","1","2","5","4","5","4","2","1","2","3","4","3","4","6","4","8","3","7","6","5","7","5","5","3","3","6","2","5","2","5","5","1","2","2","5","1","1","5","5","4","6","3","1","2","2","1","1","2","6","2","1","7","1","1","1","1","1","2","1","7","1","3","799230569765543938","仲","102","Female","[""坏我"",""好我"",""好她"",""坏她""]","[""弱我"",""强我"",""强她"",""弱她""]","","","","","","","","","","","","","","","","","","feedback_test","","","","","","","","","","","","","","","","","","","","",""
"856","","f","psychophysics","1140","1985423","0.0-10.0-1.0-4.0-0.4-0.222","5","2","5","1","1","5","3","4","4","5","5","0","0","1","2","-2","1","1","2","5","4","5","4","2","1","2","3","4","3","4","6","4","8","3","7","6","5","7","5","5","3","3","6","2","5","2","5","5","1","2","2","5","1","1","5","5","4","6","3","1","2","2","1","1","2","6","2","1","7","1","1","1","1","1","2","1","7","1","3","799230569765543938","仲","102","Female","[""坏我"",""好我"",""好她"",""坏她""]","[""弱我"",""强我"",""强她"",""弱她""]","","","","","","","","match","","","","","","","","","ALT2","ability","","key","f","16.666055045870277","683","380","","弱我","","","","f","true","","","match","","img/trapezoid.png","弱我","",""
"null","<span style='color:GreenYellow; font-size: 70px;'>正确! </span>","null","html-keyboard-response","1141","1985931","0.0-10.0-1.0-4.0-0.4-1.222","5","2","5","1","1","5","3","4","4","5","5","0","0","1","2","-2","1","1","2","5","4","5","4","2","1","2","3","4","3","4","6","4","8","3","7","6","5","7","5","5","3","3","6","2","5","2","5","5","1","2","2","5","1","1","5","5","4","6","3","1","2","2","1","1","2","6","2","1","7","1","1","1","1","1","2","1","7","1","3","799230569765543938","仲","102","Female","[""坏我"",""好我"",""好她"",""坏她""]","[""弱我"",""强我"",""强她"",""弱她""]","","","","","","","","","","","","","","","","","","feedback_test","","","","","","","","","","","","","","","","","","","","",""
"1032","","f","psychophysics","1142","1987965","0.0-10.0-1.0-4.0-0.4-0.223","5","2","5","1","1","5","3","4","4","5","5","0","0","1","2","-2","1","1","2","5","4","5","4","2","1","2","3","4","3","4","6","4","8","3","7","6","5","7","5","5","3","3","6","2","5","2","5","5","1","2","2","5","1","1","5","5","4","6","3","1","2","2","1","1","2","6","2","1","7","1","1","1","1","1","2","1","7","1","3","799230569765543938","仲","102","Female","[""坏我"",""好我"",""好她"",""坏她""]","[""弱我"",""强我"",""强她"",""弱她""]","","","","","","","","match","","","","","","","","","ALT2","ability","","key","f","16.61166666666589","683","380","","弱她","","","","f","true","","","match","","img/circle.png","弱她","",""
"null","<span style='color:GreenYellow; font-size: 70px;'>正确! </span>","null","html-keyboard-response","1143","1988472","0.0-10.0-1.0-4.0-0.4-1.223","5","2","5","1","1","5","3","4","4","5","5","0","0","1","2","-2","1","1","2","5","4","5","4","2","1","2","3","4","3","4","6","4","8","3","7","6","5","7","5","5","3","3","6","2","5","2","5","5","1","2","2","5","1","1","5","5","4","6","3","1","2","2","1","1","2","6","2","1","7","1","1","1","1","1","2","1","7","1","3","799230569765543938","仲","102","Female","[""坏我"",""好我"",""好她"",""坏她""]","[""弱我"",""强我"",""强她"",""弱她""]","","","","","","","","","","","","","","","","","","feedback_test","","","","","","","","","","","","","","","","","","","","",""
"682","","f","psychophysics","1144","1990156","0.0-10.0-1.0-4.0-0.4-0.224","5","2","5","1","1","5","3","4","4","5","5","0","0","1","2","-2","1","1","2","5","4","5","4","2","1","2","3","4","3","4","6","4","8","3","7","6","5","7","5","5","3","3","6","2","5","2","5","5","1","2","2","5","1","1","5","5","4","6","3","1","2","2","1","1","2","6","2","1","7","1","1","1","1","1","2","1","7","1","3","799230569765543938","仲","102","Female","[""坏我"",""好我"",""好她"",""坏她""]","[""弱我"",""强我"",""强她"",""弱她""]","","","","","","","","match","","","","","","","","","ALT2","ability","","key","f","16.665656565657976","683","380","","强我","","","","f","true","","","match","","img/pentagon.png","强我","",""
"null","<span style='color:GreenYellow; font-size: 70px;'>正确! </span>","null","html-keyboard-response","1145","1990658","0.0-10.0-1.0-4.0-0.4-1.224","5","2","5","1","1","5","3","4","4","5","5","0","0","1","2","-2","1","1","2","5","4","5","4","2","1","2","3","4","3","4","6","4","8","3","7","6","5","7","5","5","3","3","6","2","5","2","5","5","1","2","2","5","1","1","5","5","4","6","3","1","2","2","1","1","2","6","2","1","7","1","1","1","1","1","2","1","7","1","3","799230569765543938","仲","102","Female","[""坏我"",""好我"",""好她"",""坏她""]","[""弱我"",""强我"",""强她"",""弱她""]","","","","","","","","","","","","","","","","","","feedback_test","","","","","","","","","","","","","","","","","","","","",""
"785","","j","psychophysics","1146","1992445","0.0-10.0-1.0-4.0-0.4-0.225","5","2","5","1","1","5","3","4","4","5","5","0","0","1","2","-2","1","1","2","5","4","5","4","2","1","2","3","4","3","4","6","4","8","3","7","6","5","7","5","5","3","3","6","2","5","2","5","5","1","2","2","5","1","1","5","5","4","6","3","1","2","2","1","1","2","6","2","1","7","1","1","1","1","1","2","1","7","1","3","799230569765543938","仲","102","Female","[""坏我"",""好我"",""好她"",""坏她""]","[""弱我"",""强我"",""强她"",""弱她""]","","","","","","","","nonmatch","","","","","","","","","ALT2","ability","","key","j","16.82476190476279","683","380","","弱我","","","","j","true","","","nonmatch","","img/circle.png","弱她","",""
"null","<span style='color:GreenYellow; font-size: 70px;'>正确! </span>","null","html-keyboard-response","1147","1992950","0.0-10.0-1.0-4.0-0.4-1.225","5","2","5","1","1","5","3","4","4","5","5","0","0","1","2","-2","1","1","2","5","4","5","4","2","1","2","3","4","3","4","6","4","8","3","7","6","5","7","5","5","3","3","6","2","5","2","5","5","1","2","2","5","1","1","5","5","4","6","3","1","2","2","1","1","2","6","2","1","7","1","1","1","1","1","2","1","7","1","3","799230569765543938","仲","102","Female","[""坏我"",""好我"",""好她"",""坏她""]","[""弱我"",""强我"",""强她"",""弱她""]","","","","","","","","","","","","","","","","","","feedback_test","","","","","","","","","","","","","","","","","","","","",""
"1035","","j","psychophysics","1148","1994988","0.0-10.0-1.0-4.0-0.4-0.226","5","2","5","1","1","5","3","4","4","5","5","0","0","1","2","-2","1","1","2","5","4","5","4","2","1","2","3","4","3","4","6","4","8","3","7","6","5","7","5","5","3","3","6","2","5","2","5","5","1","2","2","5","1","1","5","5","4","6","3","1","2","2","1","1","2","6","2","1","7","1","1","1","1","1","2","1","7","1","3","799230569765543938","仲","102","Female","[""坏我"",""好我"",""好她"",""坏她""]","[""弱我"",""强我"",""强她"",""弱她""]","","","","","","","","nonmatch","","","","","","","","","ALT2","ability","","key","j","16.66611570248011","683","380","","强她","","","","j","true","","","nonmatch","","img/pentagon.png","强我","",""
"null","<span style='color:GreenYellow; font-size: 70px;'>正确! </span>","null","html-keyboard-response","1149","1995492","0.0-10.0-1.0-4.0-0.4-1.226","5","2","5","1","1","5","3","4","4","5","5","0","0","1","2","-2","1","1","2","5","4","5","4","2","1","2","3","4","3","4","6","4","8","3","7","6","5","7","5","5","3","3","6","2","5","2","5","5","1","2","2","5","1","1","5","5","4","6","3","1","2","2","1","1","2","6","2","1","7","1","1","1","1","1","2","1","7","1","3","799230569765543938","仲","102","Female","[""坏我"",""好我"",""好她"",""坏她""]","[""弱我"",""强我"",""强她"",""弱她""]","","","","","","","","","","","","","","","","","","feedback_test","","","","","","","","","","","","","","","","","","","","",""
"736","","f","psychophysics","1150","1997233","0.0-10.0-1.0-4.0-0.4-0.227","5","2","5","1","1","5","3","4","4","5","5","0","0","1","2","-2","1","1","2","5","4","5","4","2","1","2","3","4","3","4","6","4","8","3","7","6","5","7","5","5","3","3","6","2","5","2","5","5","1","2","2","5","1","1","5","5","4","6","3","1","2","2","1","1","2","6","2","1","7","1","1","1","1","1","2","1","7","1","3","799230569765543938","仲","102","Female","[""坏我"",""好我"",""好她"",""坏她""]","[""弱我"",""强我"",""强她"",""弱她""]","","","","","","","","match","","","","","","","","","ALT2","ability","","key","f","16.666990291263943","683","380","","弱我","","","","f","true","","","match","","img/trapezoid.png","弱我","",""
"null","<span style='color:GreenYellow; font-size: 70px;'>正确! </span>","null","html-keyboard-response","1151","1997742","0.0-10.0-1.0-4.0-0.4-1.227","5","2","5","1","1","5","3","4","4","5","5","0","0","1","2","-2","1","1","2","5","4","5","4","2","1","2","3","4","3","4","6","4","8","3","7","6","5","7","5","5","3","3","6","2","5","2","5","5","1","2","2","5","1","1","5","5","4","6","3","1","2","2","1","1","2","6","2","1","7","1","1","1","1","1","2","1","7","1","3","799230569765543938","仲","102","Female","[""坏我"",""好我"",""好她"",""坏她""]","[""弱我"",""强我"",""强她"",""弱她""]","","","","","","","","","","","","","","","","","","feedback_test","","","","","","","","","","","","","","","","","","","","",""
"787","","j","psychophysics","1152","1999535","0.0-10.0-1.0-4.0-0.4-0.228","5","2","5","1","1","5","3","4","4","5","5","0","0","1","2","-2","1","1","2","5","4","5","4","2","1","2","3","4","3","4","6","4","8","3","7","6","5","7","5","5","3","3","6","2","5","2","5","5","1","2","2","5","1","1","5","5","4","6","3","1","2","2","1","1","2","6","2","1","7","1","1","1","1","1","2","1","7","1","3","799230569765543938","仲","102","Female","[""坏我"",""好我"",""好她"",""坏她""]","[""弱我"",""强我"",""强她"",""弱她""]","","","","","","","","nonmatch","","","","","","","","","ALT2","ability","","key","j","16.66542056074723","683","380","","弱我","","","","j","true","","","nonmatch","","img/pentagon.png","强我","",""
"null","<span style='color:GreenYellow; font-size: 70px;'>正确! </span>","null","html-keyboard-response","1153","2000037","0.0-10.0-1.0-4.0-0.4-1.228","5","2","5","1","1","5","3","4","4","5","5","0","0","1","2","-2","1","1","2","5","4","5","4","2","1","2","3","4","3","4","6","4","8","3","7","6","5","7","5","5","3","3","6","2","5","2","5","5","1","2","2","5","1","1","5","5","4","6","3","1","2","2","1","1","2","6","2","1","7","1","1","1","1","1","2","1","7","1","3","799230569765543938","仲","102","Female","[""坏我"",""好我"",""好她"",""坏她""]","[""弱我"",""强我"",""强她"",""弱她""]","","","","","","","","","","","","","","","","","","feedback_test","","","","","","","","","","","","","","","","","","","","",""
"1088","","f","psychophysics","1154","2002126","0.0-10.0-1.0-4.0-0.4-0.229","5","2","5","1","1","5","3","4","4","5","5","0","0","1","2","-2","1","1","2","5","4","5","4","2","1","2","3","4","3","4","6","4","8","3","7","6","5","7","5","5","3","3","6","2","5","2","5","5","1","2","2","5","1","1","5","5","4","6","3","1","2","2","1","1","2","6","2","1","7","1","1","1","1","1","2","1","7","1","3","799230569765543938","仲","102","Female","[""坏我"",""好我"",""好她"",""坏她""]","[""弱我"",""强我"",""强她"",""弱她""]","","","","","","","","match","","","","","","","","","ALT2","ability","","key","f","16.666935483870592","683","380","","弱她","","","","j","false","","","nonmatch","","img/trapezoid.png","弱我","",""
"null","<span style='color:red; font-size: 70px;'>错误! </span>","null","html-keyboard-response","1155","2002629","0.0-10.0-1.0-4.0-0.4-1.229","5","2","5","1","1","5","3","4","4","5","5","0","0","1","2","-2","1","1","2","5","4","5","4","2","1","2","3","4","3","4","6","4","8","3","7","6","5","7","5","5","3","3","6","2","5","2","5","5","1","2","2","5","1","1","5","5","4","6","3","1","2","2","1","1","2","6","2","1","7","1","1","1","1","1","2","1","7","1","3","799230569765543938","仲","102","Female","[""坏我"",""好我"",""好她"",""坏她""]","[""弱我"",""强我"",""强她"",""弱她""]","","","","","","","","","","","","","","","","","","feedback_test","","","","","","","","","","","","","","","","","","","","",""
"675","","f","psychophysics","1156","2004307","0.0-10.0-1.0-4.0-0.4-0.230","5","2","5","1","1","5","3","4","4","5","5","0","0","1","2","-2","1","1","2","5","4","5","4","2","1","2","3","4","3","4","6","4","8","3","7","6","5","7","5","5","3","3","6","2","5","2","5","5","1","2","2","5","1","1","5","5","4","6","3","1","2","2","1","1","2","6","2","1","7","1","1","1","1","1","2","1","7","1","3","799230569765543938","仲","102","Female","[""坏我"",""好我"",""好她"",""坏她""]","[""弱我"",""强我"",""强她"",""弱她""]","","","","","","","","match","","","","","","","","","ALT2","ability","","key","f","16.665","683","380","","强她","","","","f","true","","","match","","img/diamond.png","强她","",""
"null","<span style='color:GreenYellow; font-size: 70px;'>正确! </span>","null","html-keyboard-response","1157","2004809","0.0-10.0-1.0-4.0-0.4-1.230","5","2","5","1","1","5","3","4","4","5","5","0","0","1","2","-2","1","1","2","5","4","5","4","2","1","2","3","4","3","4","6","4","8","3","7","6","5","7","5","5","3","3","6","2","5","2","5","5","1","2","2","5","1","1","5","5","4","6","3","1","2","2","1","1","2","6","2","1","7","1","1","1","1","1","2","1","7","1","3","799230569765543938","仲","102","Female","[""坏我"",""好我"",""好她"",""坏她""]","[""弱我"",""强我"",""强她"",""弱她""]","","","","","","","","","","","","","","","","","","feedback_test","","","","","","","","","","","","","","","","","","","","",""
"693","","j","psychophysics","1158","2006508","0.0-10.0-1.0-4.0-0.4-0.231","5","2","5","1","1","5","3","4","4","5","5","0","0","1","2","-2","1","1","2","5","4","5","4","2","1","2","3","4","3","4","6","4","8","3","7","6","5","7","5","5","3","3","6","2","5","2","5","5","1","2","2","5","1","1","5","5","4","6","3","1","2","2","1","1","2","6","2","1","7","1","1","1","1","1","2","1","7","1","3","799230569765543938","仲","102","Female","[""坏我"",""好我"",""好她"",""坏她""]","[""弱我"",""强我"",""强她"",""弱她""]","","","","","","","","nonmatch","","","","","","","","","ALT2","ability","","key","j","16.665346534653004","683","380","","强我","","","","j","true","","","nonmatch","","img/circle.png","弱她","",""
"null","<span style='color:GreenYellow; font-size: 70px;'>正确! </span>","null","html-keyboard-response","1159","2007014","0.0-10.0-1.0-4.0-0.4-1.231","5","2","5","1","1","5","3","4","4","5","5","0","0","1","2","-2","1","1","2","5","4","5","4","2","1","2","3","4","3","4","6","4","8","3","7","6","5","7","5","5","3","3","6","2","5","2","5","5","1","2","2","5","1","1","5","5","4","6","3","1","2","2","1","1","2","6","2","1","7","1","1","1","1","1","2","1","7","1","3","799230569765543938","仲","102","Female","[""坏我"",""好我"",""好她"",""坏她""]","[""弱我"",""强我"",""强她"",""弱她""]","","","","","","","","","","","","","","","","","","feedback_test","","","","","","","","","","","","","","","","","","","","",""
"733","","f","psychophysics","1160","2008752","0.0-10.0-1.0-4.0-0.4-0.232","5","2","5","1","1","5","3","4","4","5","5","0","0","1","2","-2","1","1","2","5","4","5","4","2","1","2","3","4","3","4","6","4","8","3","7","6","5","7","5","5","3","3","6","2","5","2","5","5","1","2","2","5","1","1","5","5","4","6","3","1","2","2","1","1","2","6","2","1","7","1","1","1","1","1","2","1","7","1","3","799230569765543938","仲","102","Female","[""坏我"",""好我"",""好她"",""坏她""]","[""弱我"",""强我"",""强她"",""弱她""]","","","","","","","","match","","","","","","","","","ALT2","ability","","key","f","16.66504854368932","683","380","","弱我","","","","f","true","","","match","","img/trapezoid.png","弱我","",""
"null","<span style='color:GreenYellow; font-size: 70px;'>正确! </span>","null","html-keyboard-response","1161","2009256","0.0-10.0-1.0-4.0-0.4-1.232","5","2","5","1","1","5","3","4","4","5","5","0","0","1","2","-2","1","1","2","5","4","5","4","2","1","2","3","4","3","4","6","4","8","3","7","6","5","7","5","5","3","3","6","2","5","2","5","5","1","2","2","5","1","1","5","5","4","6","3","1","2","2","1","1","2","6","2","1","7","1","1","1","1","1","2","1","7","1","3","799230569765543938","仲","102","Female","[""坏我"",""好我"",""好她"",""坏她""]","[""弱我"",""强我"",""强她"",""弱她""]","","","","","","","","","","","","","","","","","","feedback_test","","","","","","","","","","","","","","","","","","","","",""
"603","","f","psychophysics","1162","2010867","0.0-10.0-1.0-4.0-0.4-0.233","5","2","5","1","1","5","3","4","4","5","5","0","0","1","2","-2","1","1","2","5","4","5","4","2","1","2","3","4","3","4","6","4","8","3","7","6","5","7","5","5","3","3","6","2","5","2","5","5","1","2","2","5","1","1","5","5","4","6","3","1","2","2","1","1","2","6","2","1","7","1","1","1","1","1","2","1","7","1","3","799230569765543938","仲","102","Female","[""坏我"",""好我"",""好她"",""坏她""]","[""弱我"",""强我"",""强她"",""弱她""]","","","","","","","","match","","","","","","","","","ALT2","ability","","key","f","16.666666666666668","683","380","","强她","","","","f","true","","","match","","img/diamond.png","强她","",""
"null","<span style='color:GreenYellow; font-size: 70px;'>正确! </span>","null","html-keyboard-response","1163","2011377","0.0-10.0-1.0-4.0-0.4-1.233","5","2","5","1","1","5","3","4","4","5","5","0","0","1","2","-2","1","1","2","5","4","5","4","2","1","2","3","4","3","4","6","4","8","3","7","6","5","7","5","5","3","3","6","2","5","2","5","5","1","2","2","5","1","1","5","5","4","6","3","1","2","2","1","1","2","6","2","1","7","1","1","1","1","1","2","1","7","1","3","799230569765543938","仲","102","Female","[""坏我"",""好我"",""好她"",""坏她""]","[""弱我"",""强我"",""强她"",""弱她""]","","","","","","","","","","","","","","","","","","feedback_test","","","","","","","","","","","","","","","","","","","","",""
"null","","null","psychophysics","1164","2013585","0.0-10.0-1.0-4.0-0.4-0.234","5","2","5","1","1","5","3","4","4","5","5","0","0","1","2","-2","1","1","2","5","4","5","4","2","1","2","3","4","3","4","6","4","8","3","7","6","5","7","5","5","3","3","6","2","5","2","5","5","1","2","2","5","1","1","5","5","4","6","3","1","2","2","1","1","2","6","2","1","7","1","1","1","1","1","2","1","7","1","3","799230569765543938","仲","102","Female","[""坏我"",""好我"",""好她"",""坏她""]","[""弱我"",""强我"",""强她"",""弱她""]","","","","","","","","null","","","","","","","","","ALT2","ability","","key","null","16.665909090908386","683","380","","弱她","","","","f","false","","","match","","img/circle.png","弱她","",""
"null","<span class='add_' style='color:yellow; font-size: 70px;'> 太慢! </span>","null","html-keyboard-response","1165","2014090","0.0-10.0-1.0-4.0-0.4-1.234","5","2","5","1","1","5","3","4","4","5","5","0","0","1","2","-2","1","1","2","5","4","5","4","2","1","2","3","4","3","4","6","4","8","3","7","6","5","7","5","5","3","3","6","2","5","2","5","5","1","2","2","5","1","1","5","5","4","6","3","1","2","2","1","1","2","6","2","1","7","1","1","1","1","1","2","1","7","1","3","799230569765543938","仲","102","Female","[""坏我"",""好我"",""好她"",""坏她""]","[""弱我"",""强我"",""强她"",""弱她""]","","","","","","","","","","","","","","","","","","feedback_test","","","","","","","","","","","","","","","","","","","","",""
"688","","j","psychophysics","1166","2015783","0.0-10.0-1.0-4.0-0.4-0.235","5","2","5","1","1","5","3","4","4","5","5","0","0","1","2","-2","1","1","2","5","4","5","4","2","1","2","3","4","3","4","6","4","8","3","7","6","5","7","5","5","3","3","6","2","5","2","5","5","1","2","2","5","1","1","5","5","4","6","3","1","2","2","1","1","2","6","2","1","7","1","1","1","1","1","2","1","7","1","3","799230569765543938","仲","102","Female","[""坏我"",""好我"",""好她"",""坏她""]","[""弱我"",""强我"",""强她"",""弱她""]","","","","","","","","nonmatch","","","","","","","","","ALT2","ability","","key","j","16.66534653465531","683","380","","弱她","","","","j","true","","","nonmatch","","img/pentagon.png","强我","",""
"null","<span style='color:GreenYellow; font-size: 70px;'>正确! </span>","null","html-keyboard-response","1167","2016289","0.0-10.0-1.0-4.0-0.4-1.235","5","2","5","1","1","5","3","4","4","5","5","0","0","1","2","-2","1","1","2","5","4","5","4","2","1","2","3","4","3","4","6","4","8","3","7","6","5","7","5","5","3","3","6","2","5","2","5","5","1","2","2","5","1","1","5","5","4","6","3","1","2","2","1","1","2","6","2","1","7","1","1","1","1","1","2","1","7","1","3","799230569765543938","仲","102","Female","[""坏我"",""好我"",""好她"",""坏她""]","[""弱我"",""强我"",""强她"",""弱她""]","","","","","","","","","","","","","","","","","","feedback_test","","","","","","","","","","","","","","","","","","","","",""
"562","","f","psychophysics","1168","2017855","0.0-10.0-1.0-4.0-0.4-0.236","5","2","5","1","1","5","3","4","4","5","5","0","0","1","2","-2","1","1","2","5","4","5","4","2","1","2","3","4","3","4","6","4","8","3","7","6","5","7","5","5","3","3","6","2","5","2","5","5","1","2","2","5","1","1","5","5","4","6","3","1","2","2","1","1","2","6","2","1","7","1","1","1","1","1","2","1","7","1","3","799230569765543938","仲","102","Female","[""坏我"",""好我"",""好她"",""坏她""]","[""弱我"",""强我"",""强她"",""弱她""]","","","","","","","","match","","","","","","","","","ALT2","ability","","key","f","16.665591397848463","683","380","","强我","","","","f","true","","","match","","img/pentagon.png","强我","",""
"null","<span style='color:GreenYellow; font-size: 70px;'>正确! </span>","null","html-keyboard-response","1169","2018360","0.0-10.0-1.0-4.0-0.4-1.236","5","2","5","1","1","5","3","4","4","5","5","0","0","1","2","-2","1","1","2","5","4","5","4","2","1","2","3","4","3","4","6","4","8","3","7","6","5","7","5","5","3","3","6","2","5","2","5","5","1","2","2","5","1","1","5","5","4","6","3","1","2","2","1","1","2","6","2","1","7","1","1","1","1","1","2","1","7","1","3","799230569765543938","仲","102","Female","[""坏我"",""好我"",""好她"",""坏她""]","[""弱我"",""强我"",""强她"",""弱她""]","","","","","","","","","","","","","","","","","","feedback_test","","","","","","","","","","","","","","","","","","","","",""
"689","","j","psychophysics","1170","2020051","0.0-10.0-1.0-4.0-0.4-0.237","5","2","5","1","1","5","3","4","4","5","5","0","0","1","2","-2","1","1","2","5","4","5","4","2","1","2","3","4","3","4","6","4","8","3","7","6","5","7","5","5","3","3","6","2","5","2","5","5","1","2","2","5","1","1","5","5","4","6","3","1","2","2","1","1","2","6","2","1","7","1","1","1","1","1","2","1","7","1","3","799230569765543938","仲","102","Female","[""坏我"",""好我"",""好她"",""坏她""]","[""弱我"",""强我"",""强她"",""弱她""]","","","","","","","","nonmatch","","","","","","","","","ALT2","ability","","key","j","16.665346534653004","683","380","","强我","","","","j","true","","","nonmatch","","img/diamond.png","强她","",""
"null","<span style='color:GreenYellow; font-size: 70px;'>正确! </span>","null","html-keyboard-response","1171","2020567","0.0-10.0-1.0-4.0-0.4-1.237","5","2","5","1","1","5","3","4","4","5","5","0","0","1","2","-2","1","1","2","5","4","5","4","2","1","2","3","4","3","4","6","4","8","3","7","6","5","7","5","5","3","3","6","2","5","2","5","5","1","2","2","5","1","1","5","5","4","6","3","1","2","2","1","1","2","6","2","1","7","1","1","1","1","1","2","1","7","1","3","799230569765543938","仲","102","Female","[""坏我"",""好我"",""好她"",""坏她""]","[""弱我"",""强我"",""强她"",""弱她""]","","","","","","","","","","","","","","","","","","feedback_test","","","","","","","","","","","","","","","","","","","","",""
"706","","j","psychophysics","1172","2022282","0.0-10.0-1.0-4.0-0.4-0.238","5","2","5","1","1","5","3","4","4","5","5","0","0","1","2","-2","1","1","2","5","4","5","4","2","1","2","3","4","3","4","6","4","8","3","7","6","5","7","5","5","3","3","6","2","5","2","5","5","1","2","2","5","1","1","5","5","4","6","3","1","2","2","1","1","2","6","2","1","7","1","1","1","1","1","2","1","7","1","3","799230569765543938","仲","102","Female","[""坏我"",""好我"",""好她"",""坏她""]","[""弱我"",""强我"",""强她"",""弱她""]","","","","","","","","nonmatch","","","","","","","","","ALT2","ability","","key","j","16.6647058823534","683","380","","强她","","","","j","true","","","nonmatch","","img/trapezoid.png","弱我","",""
"null","<span style='color:GreenYellow; font-size: 70px;'>正确! </span>","null","html-keyboard-response","1173","2022788","0.0-10.0-1.0-4.0-0.4-1.238","5","2","5","1","1","5","3","4","4","5","5","0","0","1","2","-2","1","1","2","5","4","5","4","2","1","2","3","4","3","4","6","4","8","3","7","6","5","7","5","5","3","3","6","2","5","2","5","5","1","2","2","5","1","1","5","5","4","6","3","1","2","2","1","1","2","6","2","1","7","1","1","1","1","1","2","1","7","1","3","799230569765543938","仲","102","Female","[""坏我"",""好我"",""好她"",""坏她""]","[""弱我"",""强我"",""强她"",""弱她""]","","","","","","","","","","","","","","","","","","feedback_test","","","","","","","","","","","","","","","","","","","","",""
"724","","f","psychophysics","1174","2024514","0.0-10.0-1.0-4.0-0.4-0.239","5","2","5","1","1","5","3","4","4","5","5","0","0","1","2","-2","1","1","2","5","4","5","4","2","1","2","3","4","3","4","6","4","8","3","7","6","5","7","5","5","3","3","6","2","5","2","5","5","1","2","2","5","1","1","5","5","4","6","3","1","2","2","1","1","2","6","2","1","7","1","1","1","1","1","2","1","7","1","3","799230569765543938","仲","102","Female","[""坏我"",""好我"",""好她"",""坏她""]","[""弱我"",""强我"",""强她"",""弱她""]","","","","","","","","match","","","","","","","","","ALT2","ability","","key","f","16.665346534653004","683","380","","强她","","","","f","true","","","match","","img/diamond.png","强她","",""
"null","<span style='color:GreenYellow; font-size: 70px;'>正确! </span>","null","html-keyboard-response","1175","2025016","0.0-10.0-1.0-4.0-0.4-1.239","5","2","5","1","1","5","3","4","4","5","5","0","0","1","2","-2","1","1","2","5","4","5","4","2","1","2","3","4","3","4","6","4","8","3","7","6","5","7","5","5","3","3","6","2","5","2","5","5","1","2","2","5","1","1","5","5","4","6","3","1","2","2","1","1","2","6","2","1","7","1","1","1","1","1","2","1","7","1","3","799230569765543938","仲","102","Female","[""坏我"",""好我"",""好她"",""坏她""]","[""弱我"",""强我"",""强她"",""弱她""]","","","","","","","","","","","","","","","","","","feedback_test","","","","","","","","","","","","","","","","","","","","",""
"1838","<style>.context{color:white; font-size: 35px; line-height:40px}</style>                          <div><p class='context'>您正确回答了92% 的试次。</p><p class='context'>您的平均反应时为796毫秒。</p><p class='context'>请按空格键进入休息。</p></div>"," ","html-keyboard-response","1176","2026858","0.0-10.0-1.0-4.0-1.4","5","2","5","1","1","5","3","4","4","5","5","0","0","1","2","-2","1","1","2","5","4","5","4","2","1","2","3","4","3","4","6","4","8","3","7","6","5","7","5","5","3","3","6","2","5","2","5","5","1","2","2","5","1","1","5","5","4","6","3","1","2","2","1","1","2","6","2","1","7","1","1","1","1","1","2","1","7","1","3","799230569765543938","仲","102","Female","[""坏我"",""好我"",""好她"",""坏她""]","[""弱我"",""强我"",""强她"",""弱她""]","","","","","","","","","","","","","","","","","","","","","","","","","","","","","","","","","","","","","","",""
"1509","
        <p >您当前还剩余3组实验</p>
        <p >现在是休息时间，当您结束休息后，</p>
        <p >您可以点击 结束休息 按钮 继续。</p>
        <p >建议休息时间还剩余<span id=""iii"">60</span>秒。</p>","0","html-button-response","1177","2028376","0.0-10.0-1.0-4.0-2.4","5","2","5","1","1","5","3","4","4","5","5","0","0","1","2","-2","1","1","2","5","4","5","4","2","1","2","3","4","3","4","6","4","8","3","7","6","5","7","5","5","3","3","6","2","5","2","5","5","1","2","2","5","1","1","5","5","4","6","3","1","2","2","1","1","2","6","2","1","7","1","1","1","1","1","2","1","7","1","3","799230569765543938","仲","102","Female","[""坏我"",""好我"",""好她"",""坏她""]","[""弱我"",""强我"",""强她"",""弱她""]","","","","","","","","","","","","","","","","","","","","","","","","","","","","","","","","","","","","","","",""
"815","","j","psychophysics","1178","2030203","0.0-10.0-1.0-4.0-0.5-0.240","5","2","5","1","1","5","3","4","4","5","5","0","0","1","2","-2","1","1","2","5","4","5","4","2","1","2","3","4","3","4","6","4","8","3","7","6","5","7","5","5","3","3","6","2","5","2","5","5","1","2","2","5","1","1","5","5","4","6","3","1","2","2","1","1","2","6","2","1","7","1","1","1","1","1","2","1","7","1","3","799230569765543938","仲","102","Female","[""坏我"",""好我"",""好她"",""坏她""]","[""弱我"",""强我"",""强她"",""弱她""]","","","","","","","","nonmatch","","","","","","","","","ALT2","ability","","key","j","16.665137614678898","683","380","","强我","","","","j","true","","","nonmatch","","img/circle.png","弱她","",""
"null","<span style='color:GreenYellow; font-size: 70px;'>正确! </span>","null","html-keyboard-response","1179","2030706","0.0-10.0-1.0-4.0-0.5-1.240","5","2","5","1","1","5","3","4","4","5","5","0","0","1","2","-2","1","1","2","5","4","5","4","2","1","2","3","4","3","4","6","4","8","3","7","6","5","7","5","5","3","3","6","2","5","2","5","5","1","2","2","5","1","1","5","5","4","6","3","1","2","2","1","1","2","6","2","1","7","1","1","1","1","1","2","1","7","1","3","799230569765543938","仲","102","Female","[""坏我"",""好我"",""好她"",""坏她""]","[""弱我"",""强我"",""强她"",""弱她""]","","","","","","","","","","","","","","","","","","feedback_test","","","","","","","","","","","","","","","","","","","","",""
"646","","j","psychophysics","1180","2032357","0.0-10.0-1.0-4.0-0.5-0.241","5","2","5","1","1","5","3","4","4","5","5","0","0","1","2","-2","1","1","2","5","4","5","4","2","1","2","3","4","3","4","6","4","8","3","7","6","5","7","5","5","3","3","6","2","5","2","5","5","1","2","2","5","1","1","5","5","4","6","3","1","2","2","1","1","2","6","2","1","7","1","1","1","1","1","2","1","7","1","3","799230569765543938","仲","102","Female","[""坏我"",""好我"",""好她"",""坏她""]","[""弱我"",""强我"",""强她"",""弱她""]","","","","","","","","nonmatch","","","","","","","","","ALT2","ability","","key","j","16.66428571428429","683","380","","弱她","","","","f","false","","","match","","img/circle.png","弱她","",""
"null","<span style='color:red; font-size: 70px;'>错误! </span>","null","html-keyboard-response","1181","2032864","0.0-10.0-1.0-4.0-0.5-1.241","5","2","5","1","1","5","3","4","4","5","5","0","0","1","2","-2","1","1","2","5","4","5","4","2","1","2","3","4","3","4","6","4","8","3","7","6","5","7","5","5","3","3","6","2","5","2","5","5","1","2","2","5","1","1","5","5","4","6","3","1","2","2","1","1","2","6","2","1","7","1","1","1","1","1","2","1","7","1","3","799230569765543938","仲","102","Female","[""坏我"",""好我"",""好她"",""坏她""]","[""弱我"",""强我"",""强她"",""弱她""]","","","","","","","","","","","","","","","","","","feedback_test","","","","","","","","","","","","","","","","","","","","",""
"683","","j","psychophysics","1182","2034555","0.0-10.0-1.0-4.0-0.5-0.242","5","2","5","1","1","5","3","4","4","5","5","0","0","1","2","-2","1","1","2","5","4","5","4","2","1","2","3","4","3","4","6","4","8","3","7","6","5","7","5","5","3","3","6","2","5","2","5","5","1","2","2","5","1","1","5","5","4","6","3","1","2","2","1","1","2","6","2","1","7","1","1","1","1","1","2","1","7","1","3","799230569765543938","仲","102","Female","[""坏我"",""好我"",""好她"",""坏她""]","[""弱我"",""强我"",""强她"",""弱她""]","","","","","","","","nonmatch","","","","","","","","","ALT2","ability","","key","j","16.66600000000093","683","380","","强她","","","","j","true","","","nonmatch","","img/trapezoid.png","弱我","",""
"null","<span style='color:GreenYellow; font-size: 70px;'>正确! </span>","null","html-keyboard-response","1183","2035063","0.0-10.0-1.0-4.0-0.5-1.242","5","2","5","1","1","5","3","4","4","5","5","0","0","1","2","-2","1","1","2","5","4","5","4","2","1","2","3","4","3","4","6","4","8","3","7","6","5","7","5","5","3","3","6","2","5","2","5","5","1","2","2","5","1","1","5","5","4","6","3","1","2","2","1","1","2","6","2","1","7","1","1","1","1","1","2","1","7","1","3","799230569765543938","仲","102","Female","[""坏我"",""好我"",""好她"",""坏她""]","[""弱我"",""强我"",""强她"",""弱她""]","","","","","","","","","","","","","","","","","","feedback_test","","","","","","","","","","","","","","","","","","","","",""
"665","","f","psychophysics","1184","2036736","0.0-10.0-1.0-4.0-0.5-0.243","5","2","5","1","1","5","3","4","4","5","5","0","0","1","2","-2","1","1","2","5","4","5","4","2","1","2","3","4","3","4","6","4","8","3","7","6","5","7","5","5","3","3","6","2","5","2","5","5","1","2","2","5","1","1","5","5","4","6","3","1","2","2","1","1","2","6","2","1","7","1","1","1","1","1","2","1","7","1","3","799230569765543938","仲","102","Female","[""坏我"",""好我"",""好她"",""坏她""]","[""弱我"",""强我"",""强她"",""弱她""]","","","","","","","","match","","","","","","","","","ALT2","ability","","key","f","16.665656565657976","683","380","","强她","","","","f","true","","","match","","img/diamond.png","强她","",""
"null","<span style='color:GreenYellow; font-size: 70px;'>正确! </span>","null","html-keyboard-response","1185","2037238","0.0-10.0-1.0-4.0-0.5-1.243","5","2","5","1","1","5","3","4","4","5","5","0","0","1","2","-2","1","1","2","5","4","5","4","2","1","2","3","4","3","4","6","4","8","3","7","6","5","7","5","5","3","3","6","2","5","2","5","5","1","2","2","5","1","1","5","5","4","6","3","1","2","2","1","1","2","6","2","1","7","1","1","1","1","1","2","1","7","1","3","799230569765543938","仲","102","Female","[""坏我"",""好我"",""好她"",""坏她""]","[""弱我"",""强我"",""强她"",""弱她""]","","","","","","","","","","","","","","","","","","feedback_test","","","","","","","","","","","","","","","","","","","","",""
"872","","j","psychophysics","1186","2039116","0.0-10.0-1.0-4.0-0.5-0.244","5","2","5","1","1","5","3","4","4","5","5","0","0","1","2","-2","1","1","2","5","4","5","4","2","1","2","3","4","3","4","6","4","8","3","7","6","5","7","5","5","3","3","6","2","5","2","5","5","1","2","2","5","1","1","5","5","4","6","3","1","2","2","1","1","2","6","2","1","7","1","1","1","1","1","2","1","7","1","3","799230569765543938","仲","102","Female","[""坏我"",""好我"",""好她"",""坏她""]","[""弱我"",""强我"",""强她"",""弱她""]","","","","","","","","nonmatch","","","","","","","","","ALT2","ability","","key","j","16.66607142857226","683","380","","弱我","","","","j","true","","","nonmatch","","img/pentagon.png","强我","",""
"null","<span style='color:GreenYellow; font-size: 70px;'>正确! </span>","null","html-keyboard-response","1187","2039620","0.0-10.0-1.0-4.0-0.5-1.244","5","2","5","1","1","5","3","4","4","5","5","0","0","1","2","-2","1","1","2","5","4","5","4","2","1","2","3","4","3","4","6","4","8","3","7","6","5","7","5","5","3","3","6","2","5","2","5","5","1","2","2","5","1","1","5","5","4","6","3","1","2","2","1","1","2","6","2","1","7","1","1","1","1","1","2","1","7","1","3","799230569765543938","仲","102","Female","[""坏我"",""好我"",""好她"",""坏她""]","[""弱我"",""强我"",""强她"",""弱她""]","","","","","","","","","","","","","","","","","","feedback_test","","","","","","","","","","","","","","","","","","","","",""
"622","","f","psychophysics","1188","2041249","0.0-10.0-1.0-4.0-0.5-0.245","5","2","5","1","1","5","3","4","4","5","5","0","0","1","2","-2","1","1","2","5","4","5","4","2","1","2","3","4","3","4","6","4","8","3","7","6","5","7","5","5","3","3","6","2","5","2","5","5","1","2","2","5","1","1","5","5","4","6","3","1","2","2","1","1","2","6","2","1","7","1","1","1","1","1","2","1","7","1","3","799230569765543938","仲","102","Female","[""坏我"",""好我"",""好她"",""坏她""]","[""弱我"",""强我"",""强她"",""弱她""]","","","","","","","","match","","","","","","","","","ALT2","ability","","key","f","16.665979381441858","683","380","","强她","","","","j","false","","","nonmatch","","img/pentagon.png","强我","",""
"null","<span style='color:red; font-size: 70px;'>错误! </span>","null","html-keyboard-response","1189","2041756","0.0-10.0-1.0-4.0-0.5-1.245","5","2","5","1","1","5","3","4","4","5","5","0","0","1","2","-2","1","1","2","5","4","5","4","2","1","2","3","4","3","4","6","4","8","3","7","6","5","7","5","5","3","3","6","2","5","2","5","5","1","2","2","5","1","1","5","5","4","6","3","1","2","2","1","1","2","6","2","1","7","1","1","1","1","1","2","1","7","1","3","799230569765543938","仲","102","Female","[""坏我"",""好我"",""好她"",""坏她""]","[""弱我"",""强我"",""强她"",""弱她""]","","","","","","","","","","","","","","","","","","feedback_test","","","","","","","","","","","","","","","","","","","","",""
"873","","f","psychophysics","1190","2043634","0.0-10.0-1.0-4.0-0.5-0.246","5","2","5","1","1","5","3","4","4","5","5","0","0","1","2","-2","1","1","2","5","4","5","4","2","1","2","3","4","3","4","6","4","8","3","7","6","5","7","5","5","3","3","6","2","5","2","5","5","1","2","2","5","1","1","5","5","4","6","3","1","2","2","1","1","2","6","2","1","7","1","1","1","1","1","2","1","7","1","3","799230569765543938","仲","102","Female","[""坏我"",""好我"",""好她"",""坏她""]","[""弱我"",""强我"",""强她"",""弱她""]","","","","","","","","match","","","","","","","","","ALT2","ability","","key","f","16.66607142857018","683","380","","弱她","","","","j","false","","","nonmatch","","img/diamond.png","强她","",""
"null","<span style='color:red; font-size: 70px;'>错误! </span>","null","html-keyboard-response","1191","2044146","0.0-10.0-1.0-4.0-0.5-1.246","5","2","5","1","1","5","3","4","4","5","5","0","0","1","2","-2","1","1","2","5","4","5","4","2","1","2","3","4","3","4","6","4","8","3","7","6","5","7","5","5","3","3","6","2","5","2","5","5","1","2","2","5","1","1","5","5","4","6","3","1","2","2","1","1","2","6","2","1","7","1","1","1","1","1","2","1","7","1","3","799230569765543938","仲","102","Female","[""坏我"",""好我"",""好她"",""坏她""]","[""弱我"",""强我"",""强她"",""弱她""]","","","","","","","","","","","","","","","","","","feedback_test","","","","","","","","","","","","","","","","","","","","",""
"694","","f","psychophysics","1192","2045843","0.0-10.0-1.0-4.0-0.5-0.247","5","2","5","1","1","5","3","4","4","5","5","0","0","1","2","-2","1","1","2","5","4","5","4","2","1","2","3","4","3","4","6","4","8","3","7","6","5","7","5","5","3","3","6","2","5","2","5","5","1","2","2","5","1","1","5","5","4","6","3","1","2","2","1","1","2","6","2","1","7","1","1","1","1","1","2","1","7","1","3","799230569765543938","仲","102","Female","[""坏我"",""好我"",""好她"",""坏她""]","[""弱我"",""强我"",""强她"",""弱她""]","","","","","","","","match","","","","","","","","","ALT2","ability","","key","f","16.66600000000093","683","380","","弱我","","","","f","true","","","match","","img/trapezoid.png","弱我","",""
"null","<span style='color:GreenYellow; font-size: 70px;'>正确! </span>","null","html-keyboard-response","1193","2046348","0.0-10.0-1.0-4.0-0.5-1.247","5","2","5","1","1","5","3","4","4","5","5","0","0","1","2","-2","1","1","2","5","4","5","4","2","1","2","3","4","3","4","6","4","8","3","7","6","5","7","5","5","3","3","6","2","5","2","5","5","1","2","2","5","1","1","5","5","4","6","3","1","2","2","1","1","2","6","2","1","7","1","1","1","1","1","2","1","7","1","3","799230569765543938","仲","102","Female","[""坏我"",""好我"",""好她"",""坏她""]","[""弱我"",""强我"",""强她"",""弱她""]","","","","","","","","","","","","","","","","","","feedback_test","","","","","","","","","","","","","","","","","","","","",""
"805","","f","psychophysics","1194","2048159","0.0-10.0-1.0-4.0-0.5-0.248","5","2","5","1","1","5","3","4","4","5","5","0","0","1","2","-2","1","1","2","5","4","5","4","2","1","2","3","4","3","4","6","4","8","3","7","6","5","7","5","5","3","3","6","2","5","2","5","5","1","2","2","5","1","1","5","5","4","6","3","1","2","2","1","1","2","6","2","1","7","1","1","1","1","1","2","1","7","1","3","799230569765543938","仲","102","Female","[""坏我"",""好我"",""好她"",""坏她""]","[""弱我"",""强我"",""强她"",""弱她""]","","","","","","","","match","","","","","","","","","ALT2","ability","","key","f","16.666355140187353","683","380","","强我","","","","f","true","","","match","","img/pentagon.png","强我","",""
"null","<span style='color:GreenYellow; font-size: 70px;'>正确! </span>","null","html-keyboard-response","1195","2048661","0.0-10.0-1.0-4.0-0.5-1.248","5","2","5","1","1","5","3","4","4","5","5","0","0","1","2","-2","1","1","2","5","4","5","4","2","1","2","3","4","3","4","6","4","8","3","7","6","5","7","5","5","3","3","6","2","5","2","5","5","1","2","2","5","1","1","5","5","4","6","3","1","2","2","1","1","2","6","2","1","7","1","1","1","1","1","2","1","7","1","3","799230569765543938","仲","102","Female","[""坏我"",""好我"",""好她"",""坏她""]","[""弱我"",""强我"",""强她"",""弱她""]","","","","","","","","","","","","","","","","","","feedback_test","","","","","","","","","","","","","","","","","","","","",""
"992","","f","psychophysics","1196","2050658","0.0-10.0-1.0-4.0-0.5-0.249","5","2","5","1","1","5","3","4","4","5","5","0","0","1","2","-2","1","1","2","5","4","5","4","2","1","2","3","4","3","4","6","4","8","3","7","6","5","7","5","5","3","3","6","2","5","2","5","5","1","2","2","5","1","1","5","5","4","6","3","1","2","2","1","1","2","6","2","1","7","1","1","1","1","1","2","1","7","1","3","799230569765543938","仲","102","Female","[""坏我"",""好我"",""好她"",""坏她""]","[""弱我"",""强我"",""强她"",""弱她""]","","","","","","","","match","","","","","","","","","ALT2","ability","","key","f","16.66610169491407","683","380","","弱她","","","","f","true","","","match","","img/circle.png","弱她","",""
"null","<span style='color:GreenYellow; font-size: 70px;'>正确! </span>","null","html-keyboard-response","1197","2051178","0.0-10.0-1.0-4.0-0.5-1.249","5","2","5","1","1","5","3","4","4","5","5","0","0","1","2","-2","1","1","2","5","4","5","4","2","1","2","3","4","3","4","6","4","8","3","7","6","5","7","5","5","3","3","6","2","5","2","5","5","1","2","2","5","1","1","5","5","4","6","3","1","2","2","1","1","2","6","2","1","7","1","1","1","1","1","2","1","7","1","3","799230569765543938","仲","102","Female","[""坏我"",""好我"",""好她"",""坏她""]","[""弱我"",""强我"",""强她"",""弱她""]","","","","","","","","","","","","","","","","","","feedback_test","","","","","","","","","","","","","","","","","","","","",""
"729","","j","psychophysics","1198","2052916","0.0-10.0-1.0-4.0-0.5-0.250","5","2","5","1","1","5","3","4","4","5","5","0","0","1","2","-2","1","1","2","5","4","5","4","2","1","2","3","4","3","4","6","4","8","3","7","6","5","7","5","5","3","3","6","2","5","2","5","5","1","2","2","5","1","1","5","5","4","6","3","1","2","2","1","1","2","6","2","1","7","1","1","1","1","1","2","1","7","1","3","799230569765543938","仲","102","Female","[""坏我"",""好我"",""好她"",""坏她""]","[""弱我"",""强我"",""强她"",""弱她""]","","","","","","","","nonmatch","","","","","","","","","ALT2","ability","","key","j","16.66601941747437","683","380","","弱我","","","","j","true","","","nonmatch","","img/circle.png","弱她","",""
"null","<span style='color:GreenYellow; font-size: 70px;'>正确! </span>","null","html-keyboard-response","1199","2053425","0.0-10.0-1.0-4.0-0.5-1.250","5","2","5","1","1","5","3","4","4","5","5","0","0","1","2","-2","1","1","2","5","4","5","4","2","1","2","3","4","3","4","6","4","8","3","7","6","5","7","5","5","3","3","6","2","5","2","5","5","1","2","2","5","1","1","5","5","4","6","3","1","2","2","1","1","2","6","2","1","7","1","1","1","1","1","2","1","7","1","3","799230569765543938","仲","102","Female","[""坏我"",""好我"",""好她"",""坏她""]","[""弱我"",""强我"",""强她"",""弱她""]","","","","","","","","","","","","","","","","","","feedback_test","","","","","","","","","","","","","","","","","","","","",""
"742","","j","psychophysics","1200","2055169","0.0-10.0-1.0-4.0-0.5-0.251","5","2","5","1","1","5","3","4","4","5","5","0","0","1","2","-2","1","1","2","5","4","5","4","2","1","2","3","4","3","4","6","4","8","3","7","6","5","7","5","5","3","3","6","2","5","2","5","5","1","2","2","5","1","1","5","5","4","6","3","1","2","2","1","1","2","6","2","1","7","1","1","1","1","1","2","1","7","1","3","799230569765543938","仲","102","Female","[""坏我"",""好我"",""好她"",""坏她""]","[""弱我"",""强我"",""强她"",""弱她""]","","","","","","","","nonmatch","","","","","","","","","ALT2","ability","","key","j","16.664423076923974","683","380","","弱我","","","","j","true","","","nonmatch","","img/diamond.png","强她","",""
"null","<span style='color:GreenYellow; font-size: 70px;'>正确! </span>","null","html-keyboard-response","1201","2055677","0.0-10.0-1.0-4.0-0.5-1.251","5","2","5","1","1","5","3","4","4","5","5","0","0","1","2","-2","1","1","2","5","4","5","4","2","1","2","3","4","3","4","6","4","8","3","7","6","5","7","5","5","3","3","6","2","5","2","5","5","1","2","2","5","1","1","5","5","4","6","3","1","2","2","1","1","2","6","2","1","7","1","1","1","1","1","2","1","7","1","3","799230569765543938","仲","102","Female","[""坏我"",""好我"",""好她"",""坏她""]","[""弱我"",""强我"",""强她"",""弱她""]","","","","","","","","","","","","","","","","","","feedback_test","","","","","","","","","","","","","","","","","","","","",""
"661","","j","psychophysics","1202","2057340","0.0-10.0-1.0-4.0-0.5-0.252","5","2","5","1","1","5","3","4","4","5","5","0","0","1","2","-2","1","1","2","5","4","5","4","2","1","2","3","4","3","4","6","4","8","3","7","6","5","7","5","5","3","3","6","2","5","2","5","5","1","2","2","5","1","1","5","5","4","6","3","1","2","2","1","1","2","6","2","1","7","1","1","1","1","1","2","1","7","1","3","799230569765543938","仲","102","Female","[""坏我"",""好我"",""好她"",""坏她""]","[""弱我"",""强我"",""强她"",""弱她""]","","","","","","","","nonmatch","","","","","","","","","ALT2","ability","","key","j","16.66632653061272","683","380","","弱她","","","","j","true","","","nonmatch","","img/trapezoid.png","弱我","",""
"null","<span style='color:GreenYellow; font-size: 70px;'>正确! </span>","null","html-keyboard-response","1203","2057849","0.0-10.0-1.0-4.0-0.5-1.252","5","2","5","1","1","5","3","4","4","5","5","0","0","1","2","-2","1","1","2","5","4","5","4","2","1","2","3","4","3","4","6","4","8","3","7","6","5","7","5","5","3","3","6","2","5","2","5","5","1","2","2","5","1","1","5","5","4","6","3","1","2","2","1","1","2","6","2","1","7","1","1","1","1","1","2","1","7","1","3","799230569765543938","仲","102","Female","[""坏我"",""好我"",""好她"",""坏她""]","[""弱我"",""强我"",""强她"",""弱她""]","","","","","","","","","","","","","","","","","","feedback_test","","","","","","","","","","","","","","","","","","","","",""
"631","","f","psychophysics","1204","2059484","0.0-10.0-1.0-4.0-0.5-0.253","5","2","5","1","1","5","3","4","4","5","5","0","0","1","2","-2","1","1","2","5","4","5","4","2","1","2","3","4","3","4","6","4","8","3","7","6","5","7","5","5","3","3","6","2","5","2","5","5","1","2","2","5","1","1","5","5","4","6","3","1","2","2","1","1","2","6","2","1","7","1","1","1","1","1","2","1","7","1","3","799230569765543938","仲","102","Female","[""坏我"",""好我"",""好她"",""坏她""]","[""弱我"",""强我"",""强她"",""弱她""]","","","","","","","","match","","","","","","","","","ALT2","ability","","key","f","16.66701030927787","683","380","","强她","","","","f","true","","","match","","img/diamond.png","强她","",""
"null","<span style='color:GreenYellow; font-size: 70px;'>正确! </span>","null","html-keyboard-response","1205","2059988","0.0-10.0-1.0-4.0-0.5-1.253","5","2","5","1","1","5","3","4","4","5","5","0","0","1","2","-2","1","1","2","5","4","5","4","2","1","2","3","4","3","4","6","4","8","3","7","6","5","7","5","5","3","3","6","2","5","2","5","5","1","2","2","5","1","1","5","5","4","6","3","1","2","2","1","1","2","6","2","1","7","1","1","1","1","1","2","1","7","1","3","799230569765543938","仲","102","Female","[""坏我"",""好我"",""好她"",""坏她""]","[""弱我"",""强我"",""强她"",""弱她""]","","","","","","","","","","","","","","","","","","feedback_test","","","","","","","","","","","","","","","","","","","","",""
"970","","j","psychophysics","1206","2061963","0.0-10.0-1.0-4.0-0.5-0.254","5","2","5","1","1","5","3","4","4","5","5","0","0","1","2","-2","1","1","2","5","4","5","4","2","1","2","3","4","3","4","6","4","8","3","7","6","5","7","5","5","3","3","6","2","5","2","5","5","1","2","2","5","1","1","5","5","4","6","3","1","2","2","1","1","2","6","2","1","7","1","1","1","1","1","2","1","7","1","3","799230569765543938","仲","102","Female","[""坏我"",""好我"",""好她"",""坏她""]","[""弱我"",""强我"",""强她"",""弱她""]","","","","","","","","nonmatch","","","","","","","","","ALT2","ability","","key","j","16.66610169491407","683","380","","强她","","","","j","true","","","nonmatch","","img/circle.png","弱她","",""
"null","<span style='color:GreenYellow; font-size: 70px;'>正确! </span>","null","html-keyboard-response","1207","2062471","0.0-10.0-1.0-4.0-0.5-1.254","5","2","5","1","1","5","3","4","4","5","5","0","0","1","2","-2","1","1","2","5","4","5","4","2","1","2","3","4","3","4","6","4","8","3","7","6","5","7","5","5","3","3","6","2","5","2","5","5","1","2","2","5","1","1","5","5","4","6","3","1","2","2","1","1","2","6","2","1","7","1","1","1","1","1","2","1","7","1","3","799230569765543938","仲","102","Female","[""坏我"",""好我"",""好她"",""坏她""]","[""弱我"",""强我"",""强她"",""弱她""]","","","","","","","","","","","","","","","","","","feedback_test","","","","","","","","","","","","","","","","","","","","",""
"698","","f","psychophysics","1208","2064171","0.0-10.0-1.0-4.0-0.5-0.255","5","2","5","1","1","5","3","4","4","5","5","0","0","1","2","-2","1","1","2","5","4","5","4","2","1","2","3","4","3","4","6","4","8","3","7","6","5","7","5","5","3","3","6","2","5","2","5","5","1","2","2","5","1","1","5","5","4","6","3","1","2","2","1","1","2","6","2","1","7","1","1","1","1","1","2","1","7","1","3","799230569765543938","仲","102","Female","[""坏我"",""好我"",""好她"",""坏她""]","[""弱我"",""强我"",""强她"",""弱她""]","","","","","","","","match","","","","","","","","","ALT2","ability","","key","f","16.665346534653004","683","380","","弱她","","","","f","true","","","match","","img/circle.png","弱她","",""
"null","<span style='color:GreenYellow; font-size: 70px;'>正确! </span>","null","html-keyboard-response","1209","2064678","0.0-10.0-1.0-4.0-0.5-1.255","5","2","5","1","1","5","3","4","4","5","5","0","0","1","2","-2","1","1","2","5","4","5","4","2","1","2","3","4","3","4","6","4","8","3","7","6","5","7","5","5","3","3","6","2","5","2","5","5","1","2","2","5","1","1","5","5","4","6","3","1","2","2","1","1","2","6","2","1","7","1","1","1","1","1","2","1","7","1","3","799230569765543938","仲","102","Female","[""坏我"",""好我"",""好她"",""坏她""]","[""弱我"",""强我"",""强她"",""弱她""]","","","","","","","","","","","","","","","","","","feedback_test","","","","","","","","","","","","","","","","","","","","",""
"728","","j","psychophysics","1210","2066415","0.0-10.0-1.0-4.0-0.5-0.256","5","2","5","1","1","5","3","4","4","5","5","0","0","1","2","-2","1","1","2","5","4","5","4","2","1","2","3","4","3","4","6","4","8","3","7","6","5","7","5","5","3","3","6","2","5","2","5","5","1","2","2","5","1","1","5","5","4","6","3","1","2","2","1","1","2","6","2","1","7","1","1","1","1","1","2","1","7","1","3","799230569765543938","仲","102","Female","[""坏我"",""好我"",""好她"",""坏她""]","[""弱我"",""强我"",""强她"",""弱她""]","","","","","","","","nonmatch","","","","","","","","","ALT2","ability","","key","j","16.663106796116956","683","380","","弱她","","","","j","true","","","nonmatch","","img/pentagon.png","强我","",""
"null","<span style='color:GreenYellow; font-size: 70px;'>正确! </span>","null","html-keyboard-response","1211","2066920","0.0-10.0-1.0-4.0-0.5-1.256","5","2","5","1","1","5","3","4","4","5","5","0","0","1","2","-2","1","1","2","5","4","5","4","2","1","2","3","4","3","4","6","4","8","3","7","6","5","7","5","5","3","3","6","2","5","2","5","5","1","2","2","5","1","1","5","5","4","6","3","1","2","2","1","1","2","6","2","1","7","1","1","1","1","1","2","1","7","1","3","799230569765543938","仲","102","Female","[""坏我"",""好我"",""好她"",""坏她""]","[""弱我"",""强我"",""强她"",""弱她""]","","","","","","","","","","","","","","","","","","feedback_test","","","","","","","","","","","","","","","","","","","","",""
"745","","f","psychophysics","1212","2068671","0.0-10.0-1.0-4.0-0.5-0.257","5","2","5","1","1","5","3","4","4","5","5","0","0","1","2","-2","1","1","2","5","4","5","4","2","1","2","3","4","3","4","6","4","8","3","7","6","5","7","5","5","3","3","6","2","5","2","5","5","1","2","2","5","1","1","5","5","4","6","3","1","2","2","1","1","2","6","2","1","7","1","1","1","1","1","2","1","7","1","3","799230569765543938","仲","102","Female","[""坏我"",""好我"",""好她"",""坏她""]","[""弱我"",""强我"",""强她"",""弱她""]","","","","","","","","match","","","","","","","","","ALT2","ability","","key","f","16.665384615384166","683","380","","强她","","","","f","true","","","match","","img/diamond.png","强她","",""
"null","<span style='color:GreenYellow; font-size: 70px;'>正确! </span>","null","html-keyboard-response","1213","2069180","0.0-10.0-1.0-4.0-0.5-1.257","5","2","5","1","1","5","3","4","4","5","5","0","0","1","2","-2","1","1","2","5","4","5","4","2","1","2","3","4","3","4","6","4","8","3","7","6","5","7","5","5","3","3","6","2","5","2","5","5","1","2","2","5","1","1","5","5","4","6","3","1","2","2","1","1","2","6","2","1","7","1","1","1","1","1","2","1","7","1","3","799230569765543938","仲","102","Female","[""坏我"",""好我"",""好她"",""坏她""]","[""弱我"",""强我"",""强她"",""弱她""]","","","","","","","","","","","","","","","","","","feedback_test","","","","","","","","","","","","","","","","","","","","",""
"599","","f","psychophysics","1214","2070788","0.0-10.0-1.0-4.0-0.5-0.258","5","2","5","1","1","5","3","4","4","5","5","0","0","1","2","-2","1","1","2","5","4","5","4","2","1","2","3","4","3","4","6","4","8","3","7","6","5","7","5","5","3","3","6","2","5","2","5","5","1","2","2","5","1","1","5","5","4","6","3","1","2","2","1","1","2","6","2","1","7","1","1","1","1","1","2","1","7","1","3","799230569765543938","仲","102","Female","[""坏我"",""好我"",""好她"",""坏她""]","[""弱我"",""强我"",""强她"",""弱她""]","","","","","","","","match","","","","","","","","","ALT2","ability","","key","f","16.664210526314317","683","380","","强我","","","","f","true","","","match","","img/pentagon.png","强我","",""
"null","<span style='color:GreenYellow; font-size: 70px;'>正确! </span>","null","html-keyboard-response","1215","2071296","0.0-10.0-1.0-4.0-0.5-1.258","5","2","5","1","1","5","3","4","4","5","5","0","0","1","2","-2","1","1","2","5","4","5","4","2","1","2","3","4","3","4","6","4","8","3","7","6","5","7","5","5","3","3","6","2","5","2","5","5","1","2","2","5","1","1","5","5","4","6","3","1","2","2","1","1","2","6","2","1","7","1","1","1","1","1","2","1","7","1","3","799230569765543938","仲","102","Female","[""坏我"",""好我"",""好她"",""坏她""]","[""弱我"",""强我"",""强她"",""弱她""]","","","","","","","","","","","","","","","","","","feedback_test","","","","","","","","","","","","","","","","","","","","",""
"820","","j","psychophysics","1216","2073126","0.0-10.0-1.0-4.0-0.5-0.259","5","2","5","1","1","5","3","4","4","5","5","0","0","1","2","-2","1","1","2","5","4","5","4","2","1","2","3","4","3","4","6","4","8","3","7","6","5","7","5","5","3","3","6","2","5","2","5","5","1","2","2","5","1","1","5","5","4","6","3","1","2","2","1","1","2","6","2","1","7","1","1","1","1","1","2","1","7","1","3","799230569765543938","仲","102","Female","[""坏我"",""好我"",""好她"",""坏她""]","[""弱我"",""强我"",""强她"",""弱她""]","","","","","","","","nonmatch","","","","","","","","","ALT2","ability","","key","j","16.665740740739878","683","380","","强我","","","","j","true","","","nonmatch","","img/diamond.png","强她","",""
"null","<span style='color:GreenYellow; font-size: 70px;'>正确! </span>","null","html-keyboard-response","1217","2073629","0.0-10.0-1.0-4.0-0.5-1.259","5","2","5","1","1","5","3","4","4","5","5","0","0","1","2","-2","1","1","2","5","4","5","4","2","1","2","3","4","3","4","6","4","8","3","7","6","5","7","5","5","3","3","6","2","5","2","5","5","1","2","2","5","1","1","5","5","4","6","3","1","2","2","1","1","2","6","2","1","7","1","1","1","1","1","2","1","7","1","3","799230569765543938","仲","102","Female","[""坏我"",""好我"",""好她"",""坏她""]","[""弱我"",""强我"",""强她"",""弱她""]","","","","","","","","","","","","","","","","","","feedback_test","","","","","","","","","","","","","","","","","","","","",""
"673","","f","psychophysics","1218","2075303","0.0-10.0-1.0-4.0-0.5-0.260","5","2","5","1","1","5","3","4","4","5","5","0","0","1","2","-2","1","1","2","5","4","5","4","2","1","2","3","4","3","4","6","4","8","3","7","6","5","7","5","5","3","3","6","2","5","2","5","5","1","2","2","5","1","1","5","5","4","6","3","1","2","2","1","1","2","6","2","1","7","1","1","1","1","1","2","1","7","1","3","799230569765543938","仲","102","Female","[""坏我"",""好我"",""好她"",""坏她""]","[""弱我"",""强我"",""强她"",""弱她""]","","","","","","","","match","","","","","","","","","ALT2","ability","","key","f","16.665656565655624","683","380","","弱我","","","","f","true","","","match","","img/trapezoid.png","弱我","",""
"null","<span style='color:GreenYellow; font-size: 70px;'>正确! </span>","null","html-keyboard-response","1219","2075810","0.0-10.0-1.0-4.0-0.5-1.260","5","2","5","1","1","5","3","4","4","5","5","0","0","1","2","-2","1","1","2","5","4","5","4","2","1","2","3","4","3","4","6","4","8","3","7","6","5","7","5","5","3","3","6","2","5","2","5","5","1","2","2","5","1","1","5","5","4","6","3","1","2","2","1","1","2","6","2","1","7","1","1","1","1","1","2","1","7","1","3","799230569765543938","仲","102","Female","[""坏我"",""好我"",""好她"",""坏她""]","[""弱我"",""强我"",""强她"",""弱她""]","","","","","","","","","","","","","","","","","","feedback_test","","","","","","","","","","","","","","","","","","","","",""
"679","","j","psychophysics","1220","2077491","0.0-10.0-1.0-4.0-0.5-0.261","5","2","5","1","1","5","3","4","4","5","5","0","0","1","2","-2","1","1","2","5","4","5","4","2","1","2","3","4","3","4","6","4","8","3","7","6","5","7","5","5","3","3","6","2","5","2","5","5","1","2","2","5","1","1","5","5","4","6","3","1","2","2","1","1","2","6","2","1","7","1","1","1","1","1","2","1","7","1","3","799230569765543938","仲","102","Female","[""坏我"",""好我"",""好她"",""坏她""]","[""弱我"",""强我"",""强她"",""弱她""]","","","","","","","","nonmatch","","","","","","","","","ALT2","ability","","key","j","16.665656565655624","683","380","","强我","","","","j","true","","","nonmatch","","img/trapezoid.png","弱我","",""
"null","<span style='color:GreenYellow; font-size: 70px;'>正确! </span>","null","html-keyboard-response","1221","2078001","0.0-10.0-1.0-4.0-0.5-1.261","5","2","5","1","1","5","3","4","4","5","5","0","0","1","2","-2","1","1","2","5","4","5","4","2","1","2","3","4","3","4","6","4","8","3","7","6","5","7","5","5","3","3","6","2","5","2","5","5","1","2","2","5","1","1","5","5","4","6","3","1","2","2","1","1","2","6","2","1","7","1","1","1","1","1","2","1","7","1","3","799230569765543938","仲","102","Female","[""坏我"",""好我"",""好她"",""坏她""]","[""弱我"",""强我"",""强她"",""弱她""]","","","","","","","","","","","","","","","","","","feedback_test","","","","","","","","","","","","","","","","","","","","",""
"585","","f","psychophysics","1222","2079593","0.0-10.0-1.0-4.0-0.5-0.262","5","2","5","1","1","5","3","4","4","5","5","0","0","1","2","-2","1","1","2","5","4","5","4","2","1","2","3","4","3","4","6","4","8","3","7","6","5","7","5","5","3","3","6","2","5","2","5","5","1","2","2","5","1","1","5","5","4","6","3","1","2","2","1","1","2","6","2","1","7","1","1","1","1","1","2","1","7","1","3","799230569765543938","仲","102","Female","[""坏我"",""好我"",""好她"",""坏她""]","[""弱我"",""强我"",""强她"",""弱她""]","","","","","","","","match","","","","","","","","","ALT2","ability","","key","f","16.664893617021278","683","380","","强我","","","","f","true","","","match","","img/pentagon.png","强我","",""
"null","<span style='color:GreenYellow; font-size: 70px;'>正确! </span>","null","html-keyboard-response","1223","2080094","0.0-10.0-1.0-4.0-0.5-1.262","5","2","5","1","1","5","3","4","4","5","5","0","0","1","2","-2","1","1","2","5","4","5","4","2","1","2","3","4","3","4","6","4","8","3","7","6","5","7","5","5","3","3","6","2","5","2","5","5","1","2","2","5","1","1","5","5","4","6","3","1","2","2","1","1","2","6","2","1","7","1","1","1","1","1","2","1","7","1","3","799230569765543938","仲","102","Female","[""坏我"",""好我"",""好她"",""坏她""]","[""弱我"",""强我"",""强她"",""弱她""]","","","","","","","","","","","","","","","","","","feedback_test","","","","","","","","","","","","","","","","","","","","",""
"754","","f","psychophysics","1224","2081850","0.0-10.0-1.0-4.0-0.5-0.263","5","2","5","1","1","5","3","4","4","5","5","0","0","1","2","-2","1","1","2","5","4","5","4","2","1","2","3","4","3","4","6","4","8","3","7","6","5","7","5","5","3","3","6","2","5","2","5","5","1","2","2","5","1","1","5","5","4","6","3","1","2","2","1","1","2","6","2","1","7","1","1","1","1","1","2","1","7","1","3","799230569765543938","仲","102","Female","[""坏我"",""好我"",""好她"",""坏她""]","[""弱我"",""强我"",""强她"",""弱她""]","","","","","","","","match","","","","","","","","","ALT2","ability","","key","f","16.664423076921732","683","380","","弱我","","","","f","true","","","match","","img/trapezoid.png","弱我","",""
"null","<span style='color:GreenYellow; font-size: 70px;'>正确! </span>","null","html-keyboard-response","1225","2082352","0.0-10.0-1.0-4.0-0.5-1.263","5","2","5","1","1","5","3","4","4","5","5","0","0","1","2","-2","1","1","2","5","4","5","4","2","1","2","3","4","3","4","6","4","8","3","7","6","5","7","5","5","3","3","6","2","5","2","5","5","1","2","2","5","1","1","5","5","4","6","3","1","2","2","1","1","2","6","2","1","7","1","1","1","1","1","2","1","7","1","3","799230569765543938","仲","102","Female","[""坏我"",""好我"",""好她"",""坏她""]","[""弱我"",""强我"",""强她"",""弱她""]","","","","","","","","","","","","","","","","","","feedback_test","","","","","","","","","","","","","","","","","","","","",""
"1168","","j","psychophysics","1226","2084530","0.0-10.0-1.0-4.0-0.5-0.264","5","2","5","1","1","5","3","4","4","5","5","0","0","1","2","-2","1","1","2","5","4","5","4","2","1","2","3","4","3","4","6","4","8","3","7","6","5","7","5","5","3","3","6","2","5","2","5","5","1","2","2","5","1","1","5","5","4","6","3","1","2","2","1","1","2","6","2","1","7","1","1","1","1","1","2","1","7","1","3","799230569765543938","仲","102","Female","[""坏我"",""好我"",""好她"",""坏她""]","[""弱我"",""强我"",""强她"",""弱她""]","","","","","","","","nonmatch","","","","","","","","","ALT2","ability","","key","j","16.662992125983884","683","380","","弱她","","","","j","true","","","nonmatch","","img/diamond.png","强她","",""
"null","<span style='color:GreenYellow; font-size: 70px;'>正确! </span>","null","html-keyboard-response","1227","2085035","0.0-10.0-1.0-4.0-0.5-1.264","5","2","5","1","1","5","3","4","4","5","5","0","0","1","2","-2","1","1","2","5","4","5","4","2","1","2","3","4","3","4","6","4","8","3","7","6","5","7","5","5","3","3","6","2","5","2","5","5","1","2","2","5","1","1","5","5","4","6","3","1","2","2","1","1","2","6","2","1","7","1","1","1","1","1","2","1","7","1","3","799230569765543938","仲","102","Female","[""坏我"",""好我"",""好她"",""坏她""]","[""弱我"",""强我"",""强她"",""弱她""]","","","","","","","","","","","","","","","","","","feedback_test","","","","","","","","","","","","","","","","","","","","",""
"721","","f","psychophysics","1228","2086759","0.0-10.0-1.0-4.0-0.5-0.265","5","2","5","1","1","5","3","4","4","5","5","0","0","1","2","-2","1","1","2","5","4","5","4","2","1","2","3","4","3","4","6","4","8","3","7","6","5","7","5","5","3","3","6","2","5","2","5","5","1","2","2","5","1","1","5","5","4","6","3","1","2","2","1","1","2","6","2","1","7","1","1","1","1","1","2","1","7","1","3","799230569765543938","仲","102","Female","[""坏我"",""好我"",""好她"",""坏她""]","[""弱我"",""强我"",""强她"",""弱她""]","","","","","","","","match","","","","","","","","","ALT2","ability","","key","f","16.666666666666668","683","380","","强我","","","","f","true","","","match","","img/pentagon.png","强我","",""
"null","<span style='color:GreenYellow; font-size: 70px;'>正确! </span>","null","html-keyboard-response","1229","2087261","0.0-10.0-1.0-4.0-0.5-1.265","5","2","5","1","1","5","3","4","4","5","5","0","0","1","2","-2","1","1","2","5","4","5","4","2","1","2","3","4","3","4","6","4","8","3","7","6","5","7","5","5","3","3","6","2","5","2","5","5","1","2","2","5","1","1","5","5","4","6","3","1","2","2","1","1","2","6","2","1","7","1","1","1","1","1","2","1","7","1","3","799230569765543938","仲","102","Female","[""坏我"",""好我"",""好她"",""坏她""]","[""弱我"",""强我"",""强她"",""弱她""]","","","","","","","","","","","","","","","","","","feedback_test","","","","","","","","","","","","","","","","","","","","",""
"737","","j","psychophysics","1230","2089000","0.0-10.0-1.0-4.0-0.5-0.266","5","2","5","1","1","5","3","4","4","5","5","0","0","1","2","-2","1","1","2","5","4","5","4","2","1","2","3","4","3","4","6","4","8","3","7","6","5","7","5","5","3","3","6","2","5","2","5","5","1","2","2","5","1","1","5","5","4","6","3","1","2","2","1","1","2","6","2","1","7","1","1","1","1","1","2","1","7","1","3","799230569765543938","仲","102","Female","[""坏我"",""好我"",""好她"",""坏她""]","[""弱我"",""强我"",""强她"",""弱她""]","","","","","","","","nonmatch","","","","","","","","","ALT2","ability","","key","j","16.666990291261683","683","380","","弱她","","","","j","true","","","nonmatch","","img/pentagon.png","强我","",""
"null","<span style='color:GreenYellow; font-size: 70px;'>正确! </span>","null","html-keyboard-response","1231","2089503","0.0-10.0-1.0-4.0-0.5-1.266","5","2","5","1","1","5","3","4","4","5","5","0","0","1","2","-2","1","1","2","5","4","5","4","2","1","2","3","4","3","4","6","4","8","3","7","6","5","7","5","5","3","3","6","2","5","2","5","5","1","2","2","5","1","1","5","5","4","6","3","1","2","2","1","1","2","6","2","1","7","1","1","1","1","1","2","1","7","1","3","799230569765543938","仲","102","Female","[""坏我"",""好我"",""好她"",""坏她""]","[""弱我"",""强我"",""强她"",""弱她""]","","","","","","","","","","","","","","","","","","feedback_test","","","","","","","","","","","","","","","","","","","","",""
"759","","j","psychophysics","1232","2091264","0.0-10.0-1.0-4.0-0.5-0.267","5","2","5","1","1","5","3","4","4","5","5","0","0","1","2","-2","1","1","2","5","4","5","4","2","1","2","3","4","3","4","6","4","8","3","7","6","5","7","5","5","3","3","6","2","5","2","5","5","1","2","2","5","1","1","5","5","4","6","3","1","2","2","1","1","2","6","2","1","7","1","1","1","1","1","2","1","7","1","3","799230569765543938","仲","102","Female","[""坏我"",""好我"",""好她"",""坏她""]","[""弱我"",""强我"",""强她"",""弱她""]","","","","","","","","nonmatch","","","","","","","","","ALT2","ability","","key","j","16.6663461538466","683","380","","弱我","","","","j","true","","","nonmatch","","img/circle.png","弱她","",""
"null","<span style='color:GreenYellow; font-size: 70px;'>正确! </span>","null","html-keyboard-response","1233","2091773","0.0-10.0-1.0-4.0-0.5-1.267","5","2","5","1","1","5","3","4","4","5","5","0","0","1","2","-2","1","1","2","5","4","5","4","2","1","2","3","4","3","4","6","4","8","3","7","6","5","7","5","5","3","3","6","2","5","2","5","5","1","2","2","5","1","1","5","5","4","6","3","1","2","2","1","1","2","6","2","1","7","1","1","1","1","1","2","1","7","1","3","799230569765543938","仲","102","Female","[""坏我"",""好我"",""好她"",""坏她""]","[""弱我"",""强我"",""强她"",""弱她""]","","","","","","","","","","","","","","","","","","feedback_test","","","","","","","","","","","","","","","","","","","","",""
"807","","j","psychophysics","1234","2093585","0.0-10.0-1.0-4.0-0.5-0.268","5","2","5","1","1","5","3","4","4","5","5","0","0","1","2","-2","1","1","2","5","4","5","4","2","1","2","3","4","3","4","6","4","8","3","7","6","5","7","5","5","3","3","6","2","5","2","5","5","1","2","2","5","1","1","5","5","4","6","3","1","2","2","1","1","2","6","2","1","7","1","1","1","1","1","2","1","7","1","3","799230569765543938","仲","102","Female","[""坏我"",""好我"",""好她"",""坏她""]","[""弱我"",""强我"",""强她"",""弱她""]","","","","","","","","nonmatch","","","","","","","","","ALT2","ability","","key","j","16.665740740739878","683","380","","弱我","","","","j","true","","","nonmatch","","img/pentagon.png","强我","",""
"null","<span style='color:GreenYellow; font-size: 70px;'>正确! </span>","null","html-keyboard-response","1235","2094091","0.0-10.0-1.0-4.0-0.5-1.268","5","2","5","1","1","5","3","4","4","5","5","0","0","1","2","-2","1","1","2","5","4","5","4","2","1","2","3","4","3","4","6","4","8","3","7","6","5","7","5","5","3","3","6","2","5","2","5","5","1","2","2","5","1","1","5","5","4","6","3","1","2","2","1","1","2","6","2","1","7","1","1","1","1","1","2","1","7","1","3","799230569765543938","仲","102","Female","[""坏我"",""好我"",""好她"",""坏她""]","[""弱我"",""强我"",""强她"",""弱她""]","","","","","","","","","","","","","","","","","","feedback_test","","","","","","","","","","","","","","","","","","","","",""
"616","","f","psychophysics","1236","2095711","0.0-10.0-1.0-4.0-0.5-0.269","5","2","5","1","1","5","3","4","4","5","5","0","0","1","2","-2","1","1","2","5","4","5","4","2","1","2","3","4","3","4","6","4","8","3","7","6","5","7","5","5","3","3","6","2","5","2","5","5","1","2","2","5","1","1","5","5","4","6","3","1","2","2","1","1","2","6","2","1","7","1","1","1","1","1","2","1","7","1","3","799230569765543938","仲","102","Female","[""坏我"",""好我"",""好她"",""坏她""]","[""弱我"",""强我"",""强她"",""弱她""]","","","","","","","","match","","","","","","","","","ALT2","ability","","key","f","16.66562499999903","683","380","","强我","","","","f","true","","","match","","img/pentagon.png","强我","",""
"null","<span style='color:GreenYellow; font-size: 70px;'>正确! </span>","null","html-keyboard-response","1237","2096215","0.0-10.0-1.0-4.0-0.5-1.269","5","2","5","1","1","5","3","4","4","5","5","0","0","1","2","-2","1","1","2","5","4","5","4","2","1","2","3","4","3","4","6","4","8","3","7","6","5","7","5","5","3","3","6","2","5","2","5","5","1","2","2","5","1","1","5","5","4","6","3","1","2","2","1","1","2","6","2","1","7","1","1","1","1","1","2","1","7","1","3","799230569765543938","仲","102","Female","[""坏我"",""好我"",""好她"",""坏她""]","[""弱我"",""强我"",""强她"",""弱她""]","","","","","","","","","","","","","","","","","","feedback_test","","","","","","","","","","","","","","","","","","","","",""
"714","","f","psychophysics","1238","2097937","0.0-10.0-1.0-4.0-0.5-0.270","5","2","5","1","1","5","3","4","4","5","5","0","0","1","2","-2","1","1","2","5","4","5","4","2","1","2","3","4","3","4","6","4","8","3","7","6","5","7","5","5","3","3","6","2","5","2","5","5","1","2","2","5","1","1","5","5","4","6","3","1","2","2","1","1","2","6","2","1","7","1","1","1","1","1","2","1","7","1","3","799230569765543938","仲","102","Female","[""坏我"",""好我"",""好她"",""坏她""]","[""弱我"",""强我"",""强她"",""弱她""]","","","","","","","","match","","","","","","","","","ALT2","ability","","key","f","16.666666666666668","683","380","","强她","","","","f","true","","","match","","img/diamond.png","强她","",""
"null","<span style='color:GreenYellow; font-size: 70px;'>正确! </span>","null","html-keyboard-response","1239","2098446","0.0-10.0-1.0-4.0-0.5-1.270","5","2","5","1","1","5","3","4","4","5","5","0","0","1","2","-2","1","1","2","5","4","5","4","2","1","2","3","4","3","4","6","4","8","3","7","6","5","7","5","5","3","3","6","2","5","2","5","5","1","2","2","5","1","1","5","5","4","6","3","1","2","2","1","1","2","6","2","1","7","1","1","1","1","1","2","1","7","1","3","799230569765543938","仲","102","Female","[""坏我"",""好我"",""好她"",""坏她""]","[""弱我"",""强我"",""强她"",""弱她""]","","","","","","","","","","","","","","","","","","feedback_test","","","","","","","","","","","","","","","","","","","","",""
"713","","j","psychophysics","1240","2100169","0.0-10.0-1.0-4.0-0.5-0.271","5","2","5","1","1","5","3","4","4","5","5","0","0","1","2","-2","1","1","2","5","4","5","4","2","1","2","3","4","3","4","6","4","8","3","7","6","5","7","5","5","3","3","6","2","5","2","5","5","1","2","2","5","1","1","5","5","4","6","3","1","2","2","1","1","2","6","2","1","7","1","1","1","1","1","2","1","7","1","3","799230569765543938","仲","102","Female","[""坏我"",""好我"",""好她"",""坏她""]","[""弱我"",""强我"",""强她"",""弱她""]","","","","","","","","nonmatch","","","","","","","","","ALT2","ability","","key","j","16.666666666666668","683","380","","强我","","","","j","true","","","nonmatch","","img/trapezoid.png","弱我","",""
"null","<span style='color:GreenYellow; font-size: 70px;'>正确! </span>","null","html-keyboard-response","1241","2100673","0.0-10.0-1.0-4.0-0.5-1.271","5","2","5","1","1","5","3","4","4","5","5","0","0","1","2","-2","1","1","2","5","4","5","4","2","1","2","3","4","3","4","6","4","8","3","7","6","5","7","5","5","3","3","6","2","5","2","5","5","1","2","2","5","1","1","5","5","4","6","3","1","2","2","1","1","2","6","2","1","7","1","1","1","1","1","2","1","7","1","3","799230569765543938","仲","102","Female","[""坏我"",""好我"",""好她"",""坏她""]","[""弱我"",""强我"",""强她"",""弱她""]","","","","","","","","","","","","","","","","","","feedback_test","","","","","","","","","","","","","","","","","","","","",""
"958","","f","psychophysics","1242","2102635","0.0-10.0-1.0-4.0-0.5-0.272","5","2","5","1","1","5","3","4","4","5","5","0","0","1","2","-2","1","1","2","5","4","5","4","2","1","2","3","4","3","4","6","4","8","3","7","6","5","7","5","5","3","3","6","2","5","2","5","5","1","2","2","5","1","1","5","5","4","6","3","1","2","2","1","1","2","6","2","1","7","1","1","1","1","1","2","1","7","1","3","799230569765543938","仲","102","Female","[""坏我"",""好我"",""好她"",""坏她""]","[""弱我"",""强我"",""强她"",""弱她""]","","","","","","","","match","","","","","","","","","ALT2","ability","","key","f","16.66581196581117","683","380","","弱我","","","","f","true","","","match","","img/trapezoid.png","弱我","",""
"null","<span style='color:GreenYellow; font-size: 70px;'>正确! </span>","null","html-keyboard-response","1243","2103144","0.0-10.0-1.0-4.0-0.5-1.272","5","2","5","1","1","5","3","4","4","5","5","0","0","1","2","-2","1","1","2","5","4","5","4","2","1","2","3","4","3","4","6","4","8","3","7","6","5","7","5","5","3","3","6","2","5","2","5","5","1","2","2","5","1","1","5","5","4","6","3","1","2","2","1","1","2","6","2","1","7","1","1","1","1","1","2","1","7","1","3","799230569765543938","仲","102","Female","[""坏我"",""好我"",""好她"",""坏她""]","[""弱我"",""强我"",""强她"",""弱她""]","","","","","","","","","","","","","","","","","","feedback_test","","","","","","","","","","","","","","","","","","","","",""
"825","","j","psychophysics","1244","2104972","0.0-10.0-1.0-4.0-0.5-0.273","5","2","5","1","1","5","3","4","4","5","5","0","0","1","2","-2","1","1","2","5","4","5","4","2","1","2","3","4","3","4","6","4","8","3","7","6","5","7","5","5","3","3","6","2","5","2","5","5","1","2","2","5","1","1","5","5","4","6","3","1","2","2","1","1","2","6","2","1","7","1","1","1","1","1","2","1","7","1","3","799230569765543938","仲","102","Female","[""坏我"",""好我"",""好她"",""坏她""]","[""弱我"",""强我"",""强她"",""弱她""]","","","","","","","","nonmatch","","","","","","","","","ALT2","ability","","key","j","16.665420560749403","683","380","","弱我","","","","j","true","","","nonmatch","","img/diamond.png","强她","",""
"null","<span style='color:GreenYellow; font-size: 70px;'>正确! </span>","null","html-keyboard-response","1245","2105479","0.0-10.0-1.0-4.0-0.5-1.273","5","2","5","1","1","5","3","4","4","5","5","0","0","1","2","-2","1","1","2","5","4","5","4","2","1","2","3","4","3","4","6","4","8","3","7","6","5","7","5","5","3","3","6","2","5","2","5","5","1","2","2","5","1","1","5","5","4","6","3","1","2","2","1","1","2","6","2","1","7","1","1","1","1","1","2","1","7","1","3","799230569765543938","仲","102","Female","[""坏我"",""好我"",""好她"",""坏她""]","[""弱我"",""强我"",""强她"",""弱她""]","","","","","","","","","","","","","","","","","","feedback_test","","","","","","","","","","","","","","","","","","","","",""
"772","","f","psychophysics","1246","2107260","0.0-10.0-1.0-4.0-0.5-0.274","5","2","5","1","1","5","3","4","4","5","5","0","0","1","2","-2","1","1","2","5","4","5","4","2","1","2","3","4","3","4","6","4","8","3","7","6","5","7","5","5","3","3","6","2","5","2","5","5","1","2","2","5","1","1","5","5","4","6","3","1","2","2","1","1","2","6","2","1","7","1","1","1","1","1","2","1","7","1","3","799230569765543938","仲","102","Female","[""坏我"",""好我"",""好她"",""坏她""]","[""弱我"",""强我"",""强她"",""弱她""]","","","","","","","","match","","","","","","","","","ALT2","ability","","key","f","16.666666666666668","683","380","","弱我","","","","f","true","","","match","","img/trapezoid.png","弱我","",""
"null","<span style='color:GreenYellow; font-size: 70px;'>正确! </span>","null","html-keyboard-response","1247","2107763","0.0-10.0-1.0-4.0-0.5-1.274","5","2","5","1","1","5","3","4","4","5","5","0","0","1","2","-2","1","1","2","5","4","5","4","2","1","2","3","4","3","4","6","4","8","3","7","6","5","7","5","5","3","3","6","2","5","2","5","5","1","2","2","5","1","1","5","5","4","6","3","1","2","2","1","1","2","6","2","1","7","1","1","1","1","1","2","1","7","1","3","799230569765543938","仲","102","Female","[""坏我"",""好我"",""好她"",""坏她""]","[""弱我"",""强我"",""强她"",""弱她""]","","","","","","","","","","","","","","","","","","feedback_test","","","","","","","","","","","","","","","","","","","","",""
"611","","f","psychophysics","1248","2109381","0.0-10.0-1.0-4.0-0.5-0.275","5","2","5","1","1","5","3","4","4","5","5","0","0","1","2","-2","1","1","2","5","4","5","4","2","1","2","3","4","3","4","6","4","8","3","7","6","5","7","5","5","3","3","6","2","5","2","5","5","1","2","2","5","1","1","5","5","4","6","3","1","2","2","1","1","2","6","2","1","7","1","1","1","1","1","2","1","7","1","3","799230569765543938","仲","102","Female","[""坏我"",""好我"",""好她"",""坏她""]","[""弱我"",""强我"",""强她"",""弱她""]","","","","","","","","match","","","","","","","","","ALT2","ability","","key","f","16.66562499999903","683","380","","强她","","","","f","true","","","match","","img/diamond.png","强她","",""
"null","<span style='color:GreenYellow; font-size: 70px;'>正确! </span>","null","html-keyboard-response","1249","2109884","0.0-10.0-1.0-4.0-0.5-1.275","5","2","5","1","1","5","3","4","4","5","5","0","0","1","2","-2","1","1","2","5","4","5","4","2","1","2","3","4","3","4","6","4","8","3","7","6","5","7","5","5","3","3","6","2","5","2","5","5","1","2","2","5","1","1","5","5","4","6","3","1","2","2","1","1","2","6","2","1","7","1","1","1","1","1","2","1","7","1","3","799230569765543938","仲","102","Female","[""坏我"",""好我"",""好她"",""坏她""]","[""弱我"",""强我"",""强她"",""弱她""]","","","","","","","","","","","","","","","","","","feedback_test","","","","","","","","","","","","","","","","","","","","",""
"748","","f","psychophysics","1250","2111635","0.0-10.0-1.0-4.0-0.5-0.276","5","2","5","1","1","5","3","4","4","5","5","0","0","1","2","-2","1","1","2","5","4","5","4","2","1","2","3","4","3","4","6","4","8","3","7","6","5","7","5","5","3","3","6","2","5","2","5","5","1","2","2","5","1","1","5","5","4","6","3","1","2","2","1","1","2","6","2","1","7","1","1","1","1","1","2","1","7","1","3","799230569765543938","仲","102","Female","[""坏我"",""好我"",""好她"",""坏她""]","[""弱我"",""强我"",""强她"",""弱她""]","","","","","","","","match","","","","","","","","","ALT2","ability","","key","f","16.666346153844362","683","380","","强我","","","","f","true","","","match","","img/pentagon.png","强我","",""
"null","<span style='color:GreenYellow; font-size: 70px;'>正确! </span>","null","html-keyboard-response","1251","2112140","0.0-10.0-1.0-4.0-0.5-1.276","5","2","5","1","1","5","3","4","4","5","5","0","0","1","2","-2","1","1","2","5","4","5","4","2","1","2","3","4","3","4","6","4","8","3","7","6","5","7","5","5","3","3","6","2","5","2","5","5","1","2","2","5","1","1","5","5","4","6","3","1","2","2","1","1","2","6","2","1","7","1","1","1","1","1","2","1","7","1","3","799230569765543938","仲","102","Female","[""坏我"",""好我"",""好她"",""坏她""]","[""弱我"",""强我"",""强她"",""弱她""]","","","","","","","","","","","","","","","","","","feedback_test","","","","","","","","","","","","","","","","","","","","",""
"751","","j","psychophysics","1252","2113894","0.0-10.0-1.0-4.0-0.5-0.277","5","2","5","1","1","5","3","4","4","5","5","0","0","1","2","-2","1","1","2","5","4","5","4","2","1","2","3","4","3","4","6","4","8","3","7","6","5","7","5","5","3","3","6","2","5","2","5","5","1","2","2","5","1","1","5","5","4","6","3","1","2","2","1","1","2","6","2","1","7","1","1","1","1","1","2","1","7","1","3","799230569765543938","仲","102","Female","[""坏我"",""好我"",""好她"",""坏她""]","[""弱我"",""强我"",""强她"",""弱她""]","","","","","","","","nonmatch","","","","","","","","","ALT2","ability","","key","j","16.66504854368932","683","380","","强她","","","","j","true","","","nonmatch","","img/trapezoid.png","弱我","",""
"null","<span style='color:GreenYellow; font-size: 70px;'>正确! </span>","null","html-keyboard-response","1253","2114400","0.0-10.0-1.0-4.0-0.5-1.277","5","2","5","1","1","5","3","4","4","5","5","0","0","1","2","-2","1","1","2","5","4","5","4","2","1","2","3","4","3","4","6","4","8","3","7","6","5","7","5","5","3","3","6","2","5","2","5","5","1","2","2","5","1","1","5","5","4","6","3","1","2","2","1","1","2","6","2","1","7","1","1","1","1","1","2","1","7","1","3","799230569765543938","仲","102","Female","[""坏我"",""好我"",""好她"",""坏她""]","[""弱我"",""强我"",""强她"",""弱她""]","","","","","","","","","","","","","","","","","","feedback_test","","","","","","","","","","","","","","","","","","","","",""
"743","","j","psychophysics","1254","2116150","0.0-10.0-1.0-4.0-0.5-0.278","5","2","5","1","1","5","3","4","4","5","5","0","0","1","2","-2","1","1","2","5","4","5","4","2","1","2","3","4","3","4","6","4","8","3","7","6","5","7","5","5","3","3","6","2","5","2","5","5","1","2","2","5","1","1","5","5","4","6","3","1","2","2","1","1","2","6","2","1","7","1","1","1","1","1","2","1","7","1","3","799230569765543938","仲","102","Female","[""坏我"",""好我"",""好她"",""坏她""]","[""弱我"",""强我"",""强她"",""弱她""]","","","","","","","","nonmatch","","","","","","","","","ALT2","ability","","key","j","16.66504854368932","683","380","","弱她","","","","f","false","","","match","","img/circle.png","弱她","",""
"null","<span style='color:red; font-size: 70px;'>错误! </span>","null","html-keyboard-response","1255","2116657","0.0-10.0-1.0-4.0-0.5-1.278","5","2","5","1","1","5","3","4","4","5","5","0","0","1","2","-2","1","1","2","5","4","5","4","2","1","2","3","4","3","4","6","4","8","3","7","6","5","7","5","5","3","3","6","2","5","2","5","5","1","2","2","5","1","1","5","5","4","6","3","1","2","2","1","1","2","6","2","1","7","1","1","1","1","1","2","1","7","1","3","799230569765543938","仲","102","Female","[""坏我"",""好我"",""好她"",""坏她""]","[""弱我"",""强我"",""强她"",""弱她""]","","","","","","","","","","","","","","","","","","feedback_test","","","","","","","","","","","","","","","","","","","","",""
"1015","","j","psychophysics","1256","2118675","0.0-10.0-1.0-4.0-0.5-0.279","5","2","5","1","1","5","3","4","4","5","5","0","0","1","2","-2","1","1","2","5","4","5","4","2","1","2","3","4","3","4","6","4","8","3","7","6","5","7","5","5","3","3","6","2","5","2","5","5","1","2","2","5","1","1","5","5","4","6","3","1","2","2","1","1","2","6","2","1","7","1","1","1","1","1","2","1","7","1","3","799230569765543938","仲","102","Female","[""坏我"",""好我"",""好她"",""坏她""]","[""弱我"",""强我"",""强她"",""弱她""]","","","","","","","","nonmatch","","","","","","","","","ALT2","ability","","key","j","16.665546218485048","683","380","","强她","","","","j","true","","","nonmatch","","img/pentagon.png","强我","",""
"null","<span style='color:GreenYellow; font-size: 70px;'>正确! </span>","null","html-keyboard-response","1257","2119185","0.0-10.0-1.0-4.0-0.5-1.279","5","2","5","1","1","5","3","4","4","5","5","0","0","1","2","-2","1","1","2","5","4","5","4","2","1","2","3","4","3","4","6","4","8","3","7","6","5","7","5","5","3","3","6","2","5","2","5","5","1","2","2","5","1","1","5","5","4","6","3","1","2","2","1","1","2","6","2","1","7","1","1","1","1","1","2","1","7","1","3","799230569765543938","仲","102","Female","[""坏我"",""好我"",""好她"",""坏她""]","[""弱我"",""强我"",""强她"",""弱她""]","","","","","","","","","","","","","","","","","","feedback_test","","","","","","","","","","","","","","","","","","","","",""
"796","","j","psychophysics","1258","2120989","0.0-10.0-1.0-4.0-0.5-0.280","5","2","5","1","1","5","3","4","4","5","5","0","0","1","2","-2","1","1","2","5","4","5","4","2","1","2","3","4","3","4","6","4","8","3","7","6","5","7","5","5","3","3","6","2","5","2","5","5","1","2","2","5","1","1","5","5","4","6","3","1","2","2","1","1","2","6","2","1","7","1","1","1","1","1","2","1","7","1","3","799230569765543938","仲","102","Female","[""坏我"",""好我"",""好她"",""坏她""]","[""弱我"",""强我"",""强她"",""弱她""]","","","","","","","","nonmatch","","","","","","","","","ALT2","ability","","key","j","16.666037735845542","683","380","","强她","","","","j","true","","","nonmatch","","img/circle.png","弱她","",""
"null","<span style='color:GreenYellow; font-size: 70px;'>正确! </span>","null","html-keyboard-response","1259","2121497","0.0-10.0-1.0-4.0-0.5-1.280","5","2","5","1","1","5","3","4","4","5","5","0","0","1","2","-2","1","1","2","5","4","5","4","2","1","2","3","4","3","4","6","4","8","3","7","6","5","7","5","5","3","3","6","2","5","2","5","5","1","2","2","5","1","1","5","5","4","6","3","1","2","2","1","1","2","6","2","1","7","1","1","1","1","1","2","1","7","1","3","799230569765543938","仲","102","Female","[""坏我"",""好我"",""好她"",""坏她""]","[""弱我"",""强我"",""强她"",""弱她""]","","","","","","","","","","","","","","","","","","feedback_test","","","","","","","","","","","","","","","","","","","","",""
"785","","f","psychophysics","1260","2123287","0.0-10.0-1.0-4.0-0.5-0.281","5","2","5","1","1","5","3","4","4","5","5","0","0","1","2","-2","1","1","2","5","4","5","4","2","1","2","3","4","3","4","6","4","8","3","7","6","5","7","5","5","3","3","6","2","5","2","5","5","1","2","2","5","1","1","5","5","4","6","3","1","2","2","1","1","2","6","2","1","7","1","1","1","1","1","2","1","7","1","3","799230569765543938","仲","102","Female","[""坏我"",""好我"",""好她"",""坏她""]","[""弱我"",""强我"",""强她"",""弱她""]","","","","","","","","match","","","","","","","","","ALT2","ability","","key","f","16.66698113207723","683","380","","弱我","","","","f","true","","","match","","img/trapezoid.png","弱我","",""
"null","<span style='color:GreenYellow; font-size: 70px;'>正确! </span>","null","html-keyboard-response","1261","2123791","0.0-10.0-1.0-4.0-0.5-1.281","5","2","5","1","1","5","3","4","4","5","5","0","0","1","2","-2","1","1","2","5","4","5","4","2","1","2","3","4","3","4","6","4","8","3","7","6","5","7","5","5","3","3","6","2","5","2","5","5","1","2","2","5","1","1","5","5","4","6","3","1","2","2","1","1","2","6","2","1","7","1","1","1","1","1","2","1","7","1","3","799230569765543938","仲","102","Female","[""坏我"",""好我"",""好她"",""坏她""]","[""弱我"",""强我"",""强她"",""弱她""]","","","","","","","","","","","","","","","","","","feedback_test","","","","","","","","","","","","","","","","","","","","",""
"790","","j","psychophysics","1262","2125583","0.0-10.0-1.0-4.0-0.5-0.282","5","2","5","1","1","5","3","4","4","5","5","0","0","1","2","-2","1","1","2","5","4","5","4","2","1","2","3","4","3","4","6","4","8","3","7","6","5","7","5","5","3","3","6","2","5","2","5","5","1","2","2","5","1","1","5","5","4","6","3","1","2","2","1","1","2","6","2","1","7","1","1","1","1","1","2","1","7","1","3","799230569765543938","仲","102","Female","[""坏我"",""好我"",""好她"",""坏她""]","[""弱我"",""强我"",""强她"",""弱她""]","","","","","","","","nonmatch","","","","","","","","","ALT2","ability","","key","j","16.665420560749403","683","380","","弱她","","","","j","true","","","nonmatch","","img/trapezoid.png","弱我","",""
"null","<span style='color:GreenYellow; font-size: 70px;'>正确! </span>","null","html-keyboard-response","1263","2126091","0.0-10.0-1.0-4.0-0.5-1.282","5","2","5","1","1","5","3","4","4","5","5","0","0","1","2","-2","1","1","2","5","4","5","4","2","1","2","3","4","3","4","6","4","8","3","7","6","5","7","5","5","3","3","6","2","5","2","5","5","1","2","2","5","1","1","5","5","4","6","3","1","2","2","1","1","2","6","2","1","7","1","1","1","1","1","2","1","7","1","3","799230569765543938","仲","102","Female","[""坏我"",""好我"",""好她"",""坏她""]","[""弱我"",""强我"",""强她"",""弱她""]","","","","","","","","","","","","","","","","","","feedback_test","","","","","","","","","","","","","","","","","","","","",""
"870","","f","psychophysics","1264","2127962","0.0-10.0-1.0-4.0-0.5-0.283","5","2","5","1","1","5","3","4","4","5","5","0","0","1","2","-2","1","1","2","5","4","5","4","2","1","2","3","4","3","4","6","4","8","3","7","6","5","7","5","5","3","3","6","2","5","2","5","5","1","2","2","5","1","1","5","5","4","6","3","1","2","2","1","1","2","6","2","1","7","1","1","1","1","1","2","1","7","1","3","799230569765543938","仲","102","Female","[""坏我"",""好我"",""好她"",""坏她""]","[""弱我"",""强我"",""强她"",""弱她""]","","","","","","","","match","","","","","","","","","ALT2","ability","","key","f","16.610810810813327","683","380","","弱她","","","","f","true","","","match","","img/circle.png","弱她","",""
"null","<span style='color:GreenYellow; font-size: 70px;'>正确! </span>","null","html-keyboard-response","1265","2128472","0.0-10.0-1.0-4.0-0.5-1.283","5","2","5","1","1","5","3","4","4","5","5","0","0","1","2","-2","1","1","2","5","4","5","4","2","1","2","3","4","3","4","6","4","8","3","7","6","5","7","5","5","3","3","6","2","5","2","5","5","1","2","2","5","1","1","5","5","4","6","3","1","2","2","1","1","2","6","2","1","7","1","1","1","1","1","2","1","7","1","3","799230569765543938","仲","102","Female","[""坏我"",""好我"",""好她"",""坏她""]","[""弱我"",""强我"",""强她"",""弱她""]","","","","","","","","","","","","","","","","","","feedback_test","","","","","","","","","","","","","","","","","","","","",""
"726","","f","psychophysics","1266","2130202","0.0-10.0-1.0-4.0-0.5-0.284","5","2","5","1","1","5","3","4","4","5","5","0","0","1","2","-2","1","1","2","5","4","5","4","2","1","2","3","4","3","4","6","4","8","3","7","6","5","7","5","5","3","3","6","2","5","2","5","5","1","2","2","5","1","1","5","5","4","6","3","1","2","2","1","1","2","6","2","1","7","1","1","1","1","1","2","1","7","1","3","799230569765543938","仲","102","Female","[""坏我"",""好我"",""好她"",""坏她""]","[""弱我"",""强我"",""强她"",""弱她""]","","","","","","","","match","","","","","","","","","ALT2","ability","","key","f","16.666019417476633","683","380","","强她","","","","f","true","","","match","","img/diamond.png","强她","",""
"null","<span style='color:GreenYellow; font-size: 70px;'>正确! </span>","null","html-keyboard-response","1267","2130705","0.0-10.0-1.0-4.0-0.5-1.284","5","2","5","1","1","5","3","4","4","5","5","0","0","1","2","-2","1","1","2","5","4","5","4","2","1","2","3","4","3","4","6","4","8","3","7","6","5","7","5","5","3","3","6","2","5","2","5","5","1","2","2","5","1","1","5","5","4","6","3","1","2","2","1","1","2","6","2","1","7","1","1","1","1","1","2","1","7","1","3","799230569765543938","仲","102","Female","[""坏我"",""好我"",""好她"",""坏她""]","[""弱我"",""强我"",""强她"",""弱她""]","","","","","","","","","","","","","","","","","","feedback_test","","","","","","","","","","","","","","","","","","","","",""
"747","","j","psychophysics","1268","2132459","0.0-10.0-1.0-4.0-0.5-0.285","5","2","5","1","1","5","3","4","4","5","5","0","0","1","2","-2","1","1","2","5","4","5","4","2","1","2","3","4","3","4","6","4","8","3","7","6","5","7","5","5","3","3","6","2","5","2","5","5","1","2","2","5","1","1","5","5","4","6","3","1","2","2","1","1","2","6","2","1","7","1","1","1","1","1","2","1","7","1","3","799230569765543938","仲","102","Female","[""坏我"",""好我"",""好她"",""坏她""]","[""弱我"",""强我"",""强她"",""弱她""]","","","","","","","","nonmatch","","","","","","","","","ALT2","ability","","key","j","16.665384615386408","683","380","","强我","","","","j","true","","","nonmatch","","img/circle.png","弱她","",""
"null","<span style='color:GreenYellow; font-size: 70px;'>正确! </span>","null","html-keyboard-response","1269","2132961","0.0-10.0-1.0-4.0-0.5-1.285","5","2","5","1","1","5","3","4","4","5","5","0","0","1","2","-2","1","1","2","5","4","5","4","2","1","2","3","4","3","4","6","4","8","3","7","6","5","7","5","5","3","3","6","2","5","2","5","5","1","2","2","5","1","1","5","5","4","6","3","1","2","2","1","1","2","6","2","1","7","1","1","1","1","1","2","1","7","1","3","799230569765543938","仲","102","Female","[""坏我"",""好我"",""好她"",""坏她""]","[""弱我"",""强我"",""强她"",""弱她""]","","","","","","","","","","","","","","","","","","feedback_test","","","","","","","","","","","","","","","","","","","","",""
"772","","f","psychophysics","1270","2134734","0.0-10.0-1.0-4.0-0.5-0.286","5","2","5","1","1","5","3","4","4","5","5","0","0","1","2","-2","1","1","2","5","4","5","4","2","1","2","3","4","3","4","6","4","8","3","7","6","5","7","5","5","3","3","6","2","5","2","5","5","1","2","2","5","1","1","5","5","4","6","3","1","2","2","1","1","2","6","2","1","7","1","1","1","1","1","2","1","7","1","3","799230569765543938","仲","102","Female","[""坏我"",""好我"",""好她"",""坏她""]","[""弱我"",""强我"",""强她"",""弱她""]","","","","","","","","match","","","","","","","","","ALT2","ability","","key","f","16.6657142857134","683","380","","弱她","","","","f","true","","","match","","img/circle.png","弱她","",""
"null","<span style='color:GreenYellow; font-size: 70px;'>正确! </span>","null","html-keyboard-response","1271","2135239","0.0-10.0-1.0-4.0-0.5-1.286","5","2","5","1","1","5","3","4","4","5","5","0","0","1","2","-2","1","1","2","5","4","5","4","2","1","2","3","4","3","4","6","4","8","3","7","6","5","7","5","5","3","3","6","2","5","2","5","5","1","2","2","5","1","1","5","5","4","6","3","1","2","2","1","1","2","6","2","1","7","1","1","1","1","1","2","1","7","1","3","799230569765543938","仲","102","Female","[""坏我"",""好我"",""好她"",""坏她""]","[""弱我"",""强我"",""强她"",""弱她""]","","","","","","","","","","","","","","","","","","feedback_test","","","","","","","","","","","","","","","","","","","","",""
"696","","f","psychophysics","1272","2136941","0.0-10.0-1.0-4.0-0.5-0.287","5","2","5","1","1","5","3","4","4","5","5","0","0","1","2","-2","1","1","2","5","4","5","4","2","1","2","3","4","3","4","6","4","8","3","7","6","5","7","5","5","3","3","6","2","5","2","5","5","1","2","2","5","1","1","5","5","4","6","3","1","2","2","1","1","2","6","2","1","7","1","1","1","1","1","2","1","7","1","3","799230569765543938","仲","102","Female","[""坏我"",""好我"",""好她"",""坏她""]","[""弱我"",""强我"",""强她"",""弱她""]","","","","","","","","match","","","","","","","","","ALT2","ability","","key","f","16.665656565655624","683","380","","强我","","","","j","false","","","nonmatch","","img/diamond.png","强她","",""
"null","<span style='color:red; font-size: 70px;'>错误! </span>","null","html-keyboard-response","1273","2137443","0.0-10.0-1.0-4.0-0.5-1.287","5","2","5","1","1","5","3","4","4","5","5","0","0","1","2","-2","1","1","2","5","4","5","4","2","1","2","3","4","3","4","6","4","8","3","7","6","5","7","5","5","3","3","6","2","5","2","5","5","1","2","2","5","1","1","5","5","4","6","3","1","2","2","1","1","2","6","2","1","7","1","1","1","1","1","2","1","7","1","3","799230569765543938","仲","102","Female","[""坏我"",""好我"",""好她"",""坏她""]","[""弱我"",""强我"",""强她"",""弱她""]","","","","","","","","","","","","","","","","","","feedback_test","","","","","","","","","","","","","","","","","","","","",""
"2285","<style>.context{color:white; font-size: 35px; line-height:40px}</style>                          <div><p class='context'>您正确回答了90% 的试次。</p><p class='context'>您的平均反应时为766毫秒。</p><p class='context'>请按空格键进入休息。</p></div>"," ","html-keyboard-response","1274","2139732","0.0-10.0-1.0-4.0-1.5","5","2","5","1","1","5","3","4","4","5","5","0","0","1","2","-2","1","1","2","5","4","5","4","2","1","2","3","4","3","4","6","4","8","3","7","6","5","7","5","5","3","3","6","2","5","2","5","5","1","2","2","5","1","1","5","5","4","6","3","1","2","2","1","1","2","6","2","1","7","1","1","1","1","1","2","1","7","1","3","799230569765543938","仲","102","Female","[""坏我"",""好我"",""好她"",""坏她""]","[""弱我"",""强我"",""强她"",""弱她""]","","","","","","","","","","","","","","","","","","","","","","","","","","","","","","","","","","","","","","",""
"2738","
        <p >您当前还剩余2组实验</p>
        <p >现在是休息时间，当您结束休息后，</p>
        <p >您可以点击 结束休息 按钮 继续。</p>
        <p >建议休息时间还剩余<span id=""iii"">60</span>秒。</p>","0","html-button-response","1275","2142477","0.0-10.0-1.0-4.0-2.5","5","2","5","1","1","5","3","4","4","5","5","0","0","1","2","-2","1","1","2","5","4","5","4","2","1","2","3","4","3","4","6","4","8","3","7","6","5","7","5","5","3","3","6","2","5","2","5","5","1","2","2","5","1","1","5","5","4","6","3","1","2","2","1","1","2","6","2","1","7","1","1","1","1","1","2","1","7","1","3","799230569765543938","仲","102","Female","[""坏我"",""好我"",""好她"",""坏她""]","[""弱我"",""强我"",""强她"",""弱她""]","","","","","","","","","","","","","","","","","","","","","","","","","","","","","","","","","","","","","","",""
"856","","f","psychophysics","1276","2144343","0.0-10.0-1.0-4.0-0.6-0.288","5","2","5","1","1","5","3","4","4","5","5","0","0","1","2","-2","1","1","2","5","4","5","4","2","1","2","3","4","3","4","6","4","8","3","7","6","5","7","5","5","3","3","6","2","5","2","5","5","1","2","2","5","1","1","5","5","4","6","3","1","2","2","1","1","2","6","2","1","7","1","1","1","1","1","2","1","7","1","3","799230569765543938","仲","102","Female","[""坏我"",""好我"",""好她"",""坏她""]","[""弱我"",""强我"",""强她"",""弱她""]","","","","","","","","match","","","","","","","","","ALT2","ability","","key","f","16.663963963961447","683","380","","弱我","","","","f","true","","","match","","img/trapezoid.png","弱我","",""
"null","<span style='color:GreenYellow; font-size: 70px;'>正确! </span>","null","html-keyboard-response","1277","2144847","0.0-10.0-1.0-4.0-0.6-1.288","5","2","5","1","1","5","3","4","4","5","5","0","0","1","2","-2","1","1","2","5","4","5","4","2","1","2","3","4","3","4","6","4","8","3","7","6","5","7","5","5","3","3","6","2","5","2","5","5","1","2","2","5","1","1","5","5","4","6","3","1","2","2","1","1","2","6","2","1","7","1","1","1","1","1","2","1","7","1","3","799230569765543938","仲","102","Female","[""坏我"",""好我"",""好她"",""坏她""]","[""弱我"",""强我"",""强她"",""弱她""]","","","","","","","","","","","","","","","","","","feedback_test","","","","","","","","","","","","","","","","","","","","",""
"700","","f","psychophysics","1278","2146549","0.0-10.0-1.0-4.0-0.6-0.289","5","2","5","1","1","5","3","4","4","5","5","0","0","1","2","-2","1","1","2","5","4","5","4","2","1","2","3","4","3","4","6","4","8","3","7","6","5","7","5","5","3","3","6","2","5","2","5","5","1","2","2","5","1","1","5","5","4","6","3","1","2","2","1","1","2","6","2","1","7","1","1","1","1","1","2","1","7","1","3","799230569765543938","仲","102","Female","[""坏我"",""好我"",""好她"",""坏她""]","[""弱我"",""强我"",""强她"",""弱她""]","","","","","","","","match","","","","","","","","","ALT2","ability","","key","f","16.666336633661523","683","380","","强我","","","","f","true","","","match","","img/pentagon.png","强我","",""
"null","<span style='color:GreenYellow; font-size: 70px;'>正确! </span>","null","html-keyboard-response","1279","2147054","0.0-10.0-1.0-4.0-0.6-1.289","5","2","5","1","1","5","3","4","4","5","5","0","0","1","2","-2","1","1","2","5","4","5","4","2","1","2","3","4","3","4","6","4","8","3","7","6","5","7","5","5","3","3","6","2","5","2","5","5","1","2","2","5","1","1","5","5","4","6","3","1","2","2","1","1","2","6","2","1","7","1","1","1","1","1","2","1","7","1","3","799230569765543938","仲","102","Female","[""坏我"",""好我"",""好她"",""坏她""]","[""弱我"",""强我"",""强她"",""弱她""]","","","","","","","","","","","","","","","","","","feedback_test","","","","","","","","","","","","","","","","","","","","",""
"882","","f","psychophysics","1280","2148942","0.0-10.0-1.0-4.0-0.6-0.290","5","2","5","1","1","5","3","4","4","5","5","0","0","1","2","-2","1","1","2","5","4","5","4","2","1","2","3","4","3","4","6","4","8","3","7","6","5","7","5","5","3","3","6","2","5","2","5","5","1","2","2","5","1","1","5","5","4","6","3","1","2","2","1","1","2","6","2","1","7","1","1","1","1","1","2","1","7","1","3","799230569765543938","仲","102","Female","[""坏我"",""好我"",""好她"",""坏她""]","[""弱我"",""强我"",""强她"",""弱她""]","","","","","","","","match","","","","","","","","","ALT2","ability","","key","f","16.664864864867383","683","380","","强她","","","","f","true","","","match","","img/diamond.png","强她","",""
"null","<span style='color:GreenYellow; font-size: 70px;'>正确! </span>","null","html-keyboard-response","1281","2149446","0.0-10.0-1.0-4.0-0.6-1.290","5","2","5","1","1","5","3","4","4","5","5","0","0","1","2","-2","1","1","2","5","4","5","4","2","1","2","3","4","3","4","6","4","8","3","7","6","5","7","5","5","3","3","6","2","5","2","5","5","1","2","2","5","1","1","5","5","4","6","3","1","2","2","1","1","2","6","2","1","7","1","1","1","1","1","2","1","7","1","3","799230569765543938","仲","102","Female","[""坏我"",""好我"",""好她"",""坏她""]","[""弱我"",""强我"",""强她"",""弱她""]","","","","","","","","","","","","","","","","","","feedback_test","","","","","","","","","","","","","","","","","","","","",""
"849","","f","psychophysics","1282","2151303","0.0-10.0-1.0-4.0-0.6-0.291","5","2","5","1","1","5","3","4","4","5","5","0","0","1","2","-2","1","1","2","5","4","5","4","2","1","2","3","4","3","4","6","4","8","3","7","6","5","7","5","5","3","3","6","2","5","2","5","5","1","2","2","5","1","1","5","5","4","6","3","1","2","2","1","1","2","6","2","1","7","1","1","1","1","1","2","1","7","1","3","799230569765543938","仲","102","Female","[""坏我"",""好我"",""好她"",""坏她""]","[""弱我"",""强我"",""强她"",""弱她""]","","","","","","","","match","","","","","","","","","ALT2","ability","","key","f","16.66545454545624","683","380","","弱她","","","","f","true","","","match","","img/circle.png","弱她","",""
"null","<span style='color:GreenYellow; font-size: 70px;'>正确! </span>","null","html-keyboard-response","1283","2151806","0.0-10.0-1.0-4.0-0.6-1.291","5","2","5","1","1","5","3","4","4","5","5","0","0","1","2","-2","1","1","2","5","4","5","4","2","1","2","3","4","3","4","6","4","8","3","7","6","5","7","5","5","3","3","6","2","5","2","5","5","1","2","2","5","1","1","5","5","4","6","3","1","2","2","1","1","2","6","2","1","7","1","1","1","1","1","2","1","7","1","3","799230569765543938","仲","102","Female","[""坏我"",""好我"",""好她"",""坏她""]","[""弱我"",""强我"",""强她"",""弱她""]","","","","","","","","","","","","","","","","","","feedback_test","","","","","","","","","","","","","","","","","","","","",""
"753","","j","psychophysics","1284","2153563","0.0-10.0-1.0-4.0-0.6-0.292","5","2","5","1","1","5","3","4","4","5","5","0","0","1","2","-2","1","1","2","5","4","5","4","2","1","2","3","4","3","4","6","4","8","3","7","6","5","7","5","5","3","3","6","2","5","2","5","5","1","2","2","5","1","1","5","5","4","6","3","1","2","2","1","1","2","6","2","1","7","1","1","1","1","1","2","1","7","1","3","799230569765543938","仲","102","Female","[""坏我"",""好我"",""好她"",""坏她""]","[""弱我"",""强我"",""强她"",""弱她""]","","","","","","","","nonmatch","","","","","","","","","ALT2","ability","","key","j","16.665714285717833","683","380","","弱我","","","","j","true","","","nonmatch","","img/pentagon.png","强我","",""
"null","<span style='color:GreenYellow; font-size: 70px;'>正确! </span>","null","html-keyboard-response","1285","2154068","0.0-10.0-1.0-4.0-0.6-1.292","5","2","5","1","1","5","3","4","4","5","5","0","0","1","2","-2","1","1","2","5","4","5","4","2","1","2","3","4","3","4","6","4","8","3","7","6","5","7","5","5","3","3","6","2","5","2","5","5","1","2","2","5","1","1","5","5","4","6","3","1","2","2","1","1","2","6","2","1","7","1","1","1","1","1","2","1","7","1","3","799230569765543938","仲","102","Female","[""坏我"",""好我"",""好她"",""坏她""]","[""弱我"",""强我"",""强她"",""弱她""]","","","","","","","","","","","","","","","","","","feedback_test","","","","","","","","","","","","","","","","","","","","",""
"1019","","j","psychophysics","1286","2156095","0.0-10.0-1.0-4.0-0.6-0.293","5","2","5","1","1","5","3","4","4","5","5","0","0","1","2","-2","1","1","2","5","4","5","4","2","1","2","3","4","3","4","6","4","8","3","7","6","5","7","5","5","3","3","6","2","5","2","5","5","1","2","2","5","1","1","5","5","4","6","3","1","2","2","1","1","2","6","2","1","7","1","1","1","1","1","2","1","7","1","3","799230569765543938","仲","102","Female","[""坏我"",""好我"",""好她"",""坏她""]","[""弱我"",""强我"",""强她"",""弱她""]","","","","","","","","nonmatch","","","","","","","","","ALT2","ability","","key","j","16.665289256198346","683","380","","弱她","","","","j","true","","","nonmatch","","img/trapezoid.png","弱我","",""
"null","<span style='color:GreenYellow; font-size: 70px;'>正确! </span>","null","html-keyboard-response","1287","2156599","0.0-10.0-1.0-4.0-0.6-1.293","5","2","5","1","1","5","3","4","4","5","5","0","0","1","2","-2","1","1","2","5","4","5","4","2","1","2","3","4","3","4","6","4","8","3","7","6","5","7","5","5","3","3","6","2","5","2","5","5","1","2","2","5","1","1","5","5","4","6","3","1","2","2","1","1","2","6","2","1","7","1","1","1","1","1","2","1","7","1","3","799230569765543938","仲","102","Female","[""坏我"",""好我"",""好她"",""坏她""]","[""弱我"",""强我"",""强她"",""弱她""]","","","","","","","","","","","","","","","","","","feedback_test","","","","","","","","","","","","","","","","","","","","",""
"668","","f","psychophysics","1288","2158269","0.0-10.0-1.0-4.0-0.6-0.294","5","2","5","1","1","5","3","4","4","5","5","0","0","1","2","-2","1","1","2","5","4","5","4","2","1","2","3","4","3","4","6","4","8","3","7","6","5","7","5","5","3","3","6","2","5","2","5","5","1","2","2","5","1","1","5","5","4","6","3","1","2","2","1","1","2","6","2","1","7","1","1","1","1","1","2","1","7","1","3","799230569765543938","仲","102","Female","[""坏我"",""好我"",""好她"",""坏她""]","[""弱我"",""强我"",""强她"",""弱她""]","","","","","","","","match","","","","","","","","","ALT2","ability","","key","f","16.666666666666668","683","380","","强她","","","","f","true","","","match","","img/diamond.png","强她","",""
"null","<span style='color:GreenYellow; font-size: 70px;'>正确! </span>","null","html-keyboard-response","1289","2158774","0.0-10.0-1.0-4.0-0.6-1.294","5","2","5","1","1","5","3","4","4","5","5","0","0","1","2","-2","1","1","2","5","4","5","4","2","1","2","3","4","3","4","6","4","8","3","7","6","5","7","5","5","3","3","6","2","5","2","5","5","1","2","2","5","1","1","5","5","4","6","3","1","2","2","1","1","2","6","2","1","7","1","1","1","1","1","2","1","7","1","3","799230569765543938","仲","102","Female","[""坏我"",""好我"",""好她"",""坏她""]","[""弱我"",""强我"",""强她"",""弱她""]","","","","","","","","","","","","","","","","","","feedback_test","","","","","","","","","","","","","","","","","","","","",""
"627","","f","psychophysics","1290","2160404","0.0-10.0-1.0-4.0-0.6-0.295","5","2","5","1","1","5","3","4","4","5","5","0","0","1","2","-2","1","1","2","5","4","5","4","2","1","2","3","4","3","4","6","4","8","3","7","6","5","7","5","5","3","3","6","2","5","2","5","5","1","2","2","5","1","1","5","5","4","6","3","1","2","2","1","1","2","6","2","1","7","1","1","1","1","1","2","1","7","1","3","799230569765543938","仲","102","Female","[""坏我"",""好我"",""好她"",""坏她""]","[""弱我"",""强我"",""强她"",""弱她""]","","","","","","","","match","","","","","","","","","ALT2","ability","","key","f","16.665263157896696","683","380","","强我","","","","f","true","","","match","","img/pentagon.png","强我","",""
"null","<span style='color:GreenYellow; font-size: 70px;'>正确! </span>","null","html-keyboard-response","1291","2160905","0.0-10.0-1.0-4.0-0.6-1.295","5","2","5","1","1","5","3","4","4","5","5","0","0","1","2","-2","1","1","2","5","4","5","4","2","1","2","3","4","3","4","6","4","8","3","7","6","5","7","5","5","3","3","6","2","5","2","5","5","1","2","2","5","1","1","5","5","4","6","3","1","2","2","1","1","2","6","2","1","7","1","1","1","1","1","2","1","7","1","3","799230569765543938","仲","102","Female","[""坏我"",""好我"",""好她"",""坏她""]","[""弱我"",""强我"",""强她"",""弱她""]","","","","","","","","","","","","","","","","","","feedback_test","","","","","","","","","","","","","","","","","","","","",""
"607","","f","psychophysics","1292","2162517","0.0-10.0-1.0-4.0-0.6-0.296","5","2","5","1","1","5","3","4","4","5","5","0","0","1","2","-2","1","1","2","5","4","5","4","2","1","2","3","4","3","4","6","4","8","3","7","6","5","7","5","5","3","3","6","2","5","2","5","5","1","2","2","5","1","1","5","5","4","6","3","1","2","2","1","1","2","6","2","1","7","1","1","1","1","1","2","1","7","1","3","799230569765543938","仲","102","Female","[""坏我"",""好我"",""好她"",""坏她""]","[""弱我"",""强我"",""强她"",""弱她""]","","","","","","","","match","","","","","","","","","ALT2","ability","","key","f","16.66562499999903","683","380","","弱我","","","","f","true","","","match","","img/trapezoid.png","弱我","",""
"null","<span style='color:GreenYellow; font-size: 70px;'>正确! </span>","null","html-keyboard-response","1293","2163022","0.0-10.0-1.0-4.0-0.6-1.296","5","2","5","1","1","5","3","4","4","5","5","0","0","1","2","-2","1","1","2","5","4","5","4","2","1","2","3","4","3","4","6","4","8","3","7","6","5","7","5","5","3","3","6","2","5","2","5","5","1","2","2","5","1","1","5","5","4","6","3","1","2","2","1","1","2","6","2","1","7","1","1","1","1","1","2","1","7","1","3","799230569765543938","仲","102","Female","[""坏我"",""好我"",""好她"",""坏她""]","[""弱我"",""强我"",""强她"",""弱她""]","","","","","","","","","","","","","","","","","","feedback_test","","","","","","","","","","","","","","","","","","","","",""
"851","","j","psychophysics","1294","2164877","0.0-10.0-1.0-4.0-0.6-0.297","5","2","5","1","1","5","3","4","4","5","5","0","0","1","2","-2","1","1","2","5","4","5","4","2","1","2","3","4","3","4","6","4","8","3","7","6","5","7","5","5","3","3","6","2","5","2","5","5","1","2","2","5","1","1","5","5","4","6","3","1","2","2","1","1","2","6","2","1","7","1","1","1","1","1","2","1","7","1","3","799230569765543938","仲","102","Female","[""坏我"",""好我"",""好她"",""坏她""]","[""弱我"",""强我"",""强她"",""弱她""]","","","","","","","","nonmatch","","","","","","","","","ALT2","ability","","key","j","16.6645454545463","683","380","","强我","","","","j","true","","","nonmatch","","img/trapezoid.png","弱我","",""
"null","<span style='color:GreenYellow; font-size: 70px;'>正确! </span>","null","html-keyboard-response","1295","2165380","0.0-10.0-1.0-4.0-0.6-1.297","5","2","5","1","1","5","3","4","4","5","5","0","0","1","2","-2","1","1","2","5","4","5","4","2","1","2","3","4","3","4","6","4","8","3","7","6","5","7","5","5","3","3","6","2","5","2","5","5","1","2","2","5","1","1","5","5","4","6","3","1","2","2","1","1","2","6","2","1","7","1","1","1","1","1","2","1","7","1","3","799230569765543938","仲","102","Female","[""坏我"",""好我"",""好她"",""坏她""]","[""弱我"",""强我"",""强她"",""弱她""]","","","","","","","","","","","","","","","","","","feedback_test","","","","","","","","","","","","","","","","","","","","",""
"709","","j","psychophysics","1296","2167092","0.0-10.0-1.0-4.0-0.6-0.298","5","2","5","1","1","5","3","4","4","5","5","0","0","1","2","-2","1","1","2","5","4","5","4","2","1","2","3","4","3","4","6","4","8","3","7","6","5","7","5","5","3","3","6","2","5","2","5","5","1","2","2","5","1","1","5","5","4","6","3","1","2","2","1","1","2","6","2","1","7","1","1","1","1","1","2","1","7","1","3","799230569765543938","仲","102","Female","[""坏我"",""好我"",""好她"",""坏她""]","[""弱我"",""强我"",""强她"",""弱她""]","","","","","","","","nonmatch","","","","","","","","","ALT2","ability","","key","j","16.666336633666134","683","380","","弱她","","","","j","true","","","nonmatch","","img/pentagon.png","强我","",""
"null","<span style='color:GreenYellow; font-size: 70px;'>正确! </span>","null","html-keyboard-response","1297","2167599","0.0-10.0-1.0-4.0-0.6-1.298","5","2","5","1","1","5","3","4","4","5","5","0","0","1","2","-2","1","1","2","5","4","5","4","2","1","2","3","4","3","4","6","4","8","3","7","6","5","7","5","5","3","3","6","2","5","2","5","5","1","2","2","5","1","1","5","5","4","6","3","1","2","2","1","1","2","6","2","1","7","1","1","1","1","1","2","1","7","1","3","799230569765543938","仲","102","Female","[""坏我"",""好我"",""好她"",""坏她""]","[""弱我"",""强我"",""强她"",""弱她""]","","","","","","","","","","","","","","","","","","feedback_test","","","","","","","","","","","","","","","","","","","","",""
"579","","f","psychophysics","1298","2169182","0.0-10.0-1.0-4.0-0.6-0.299","5","2","5","1","1","5","3","4","4","5","5","0","0","1","2","-2","1","1","2","5","4","5","4","2","1","2","3","4","3","4","6","4","8","3","7","6","5","7","5","5","3","3","6","2","5","2","5","5","1","2","2","5","1","1","5","5","4","6","3","1","2","2","1","1","2","6","2","1","7","1","1","1","1","1","2","1","7","1","3","799230569765543938","仲","102","Female","[""坏我"",""好我"",""好她"",""坏她""]","[""弱我"",""强我"",""强她"",""弱她""]","","","","","","","","match","","","","","","","","","ALT2","ability","","key","f","16.6659574468095","683","380","","弱我","","","","f","true","","","match","","img/trapezoid.png","弱我","",""
"null","<span style='color:GreenYellow; font-size: 70px;'>正确! </span>","null","html-keyboard-response","1299","2169690","0.0-10.0-1.0-4.0-0.6-1.299","5","2","5","1","1","5","3","4","4","5","5","0","0","1","2","-2","1","1","2","5","4","5","4","2","1","2","3","4","3","4","6","4","8","3","7","6","5","7","5","5","3","3","6","2","5","2","5","5","1","2","2","5","1","1","5","5","4","6","3","1","2","2","1","1","2","6","2","1","7","1","1","1","1","1","2","1","7","1","3","799230569765543938","仲","102","Female","[""坏我"",""好我"",""好她"",""坏她""]","[""弱我"",""强我"",""强她"",""弱她""]","","","","","","","","","","","","","","","","","","feedback_test","","","","","","","","","","","","","","","","","","","","",""
"695","","j","psychophysics","1300","2171388","0.0-10.0-1.0-4.0-0.6-0.300","5","2","5","1","1","5","3","4","4","5","5","0","0","1","2","-2","1","1","2","5","4","5","4","2","1","2","3","4","3","4","6","4","8","3","7","6","5","7","5","5","3","3","6","2","5","2","5","5","1","2","2","5","1","1","5","5","4","6","3","1","2","2","1","1","2","6","2","1","7","1","1","1","1","1","2","1","7","1","3","799230569765543938","仲","102","Female","[""坏我"",""好我"",""好她"",""坏她""]","[""弱我"",""强我"",""强她"",""弱她""]","","","","","","","","nonmatch","","","","","","","","","ALT2","ability","","key","j","16.66534653465531","683","380","","强我","","","","j","true","","","nonmatch","","img/diamond.png","强她","",""
"null","<span style='color:GreenYellow; font-size: 70px;'>正确! </span>","null","html-keyboard-response","1301","2171890","0.0-10.0-1.0-4.0-0.6-1.300","5","2","5","1","1","5","3","4","4","5","5","0","0","1","2","-2","1","1","2","5","4","5","4","2","1","2","3","4","3","4","6","4","8","3","7","6","5","7","5","5","3","3","6","2","5","2","5","5","1","2","2","5","1","1","5","5","4","6","3","1","2","2","1","1","2","6","2","1","7","1","1","1","1","1","2","1","7","1","3","799230569765543938","仲","102","Female","[""坏我"",""好我"",""好她"",""坏她""]","[""弱我"",""强我"",""强她"",""弱她""]","","","","","","","","","","","","","","","","","","feedback_test","","","","","","","","","","","","","","","","","","","","",""
"809","","f","psychophysics","1302","2173702","0.0-10.0-1.0-4.0-0.6-0.301","5","2","5","1","1","5","3","4","4","5","5","0","0","1","2","-2","1","1","2","5","4","5","4","2","1","2","3","4","3","4","6","4","8","3","7","6","5","7","5","5","3","3","6","2","5","2","5","5","1","2","2","5","1","1","5","5","4","6","3","1","2","2","1","1","2","6","2","1","7","1","1","1","1","1","2","1","7","1","3","799230569765543938","仲","102","Female","[""坏我"",""好我"",""好她"",""坏她""]","[""弱我"",""强我"",""强她"",""弱她""]","","","","","","","","match","","","","","","","","","ALT2","ability","","key","f","16.66481481481309","683","380","","强我","","","","f","true","","","match","","img/pentagon.png","强我","",""
"null","<span style='color:GreenYellow; font-size: 70px;'>正确! </span>","null","html-keyboard-response","1303","2174205","0.0-10.0-1.0-4.0-0.6-1.301","5","2","5","1","1","5","3","4","4","5","5","0","0","1","2","-2","1","1","2","5","4","5","4","2","1","2","3","4","3","4","6","4","8","3","7","6","5","7","5","5","3","3","6","2","5","2","5","5","1","2","2","5","1","1","5","5","4","6","3","1","2","2","1","1","2","6","2","1","7","1","1","1","1","1","2","1","7","1","3","799230569765543938","仲","102","Female","[""坏我"",""好我"",""好她"",""坏她""]","[""弱我"",""强我"",""强她"",""弱她""]","","","","","","","","","","","","","","","","","","feedback_test","","","","","","","","","","","","","","","","","","","","",""
"694","","j","psychophysics","1304","2175903","0.0-10.0-1.0-4.0-0.6-0.302","5","2","5","1","1","5","3","4","4","5","5","0","0","1","2","-2","1","1","2","5","4","5","4","2","1","2","3","4","3","4","6","4","8","3","7","6","5","7","5","5","3","3","6","2","5","2","5","5","1","2","2","5","1","1","5","5","4","6","3","1","2","2","1","1","2","6","2","1","7","1","1","1","1","1","2","1","7","1","3","799230569765543938","仲","102","Female","[""坏我"",""好我"",""好她"",""坏她""]","[""弱我"",""强我"",""强她"",""弱她""]","","","","","","","","nonmatch","","","","","","","","","ALT2","ability","","key","j","16.664356435644486","683","380","","强她","","","","j","true","","","nonmatch","","img/circle.png","弱她","",""
"null","<span style='color:GreenYellow; font-size: 70px;'>正确! </span>","null","html-keyboard-response","1305","2176404","0.0-10.0-1.0-4.0-0.6-1.302","5","2","5","1","1","5","3","4","4","5","5","0","0","1","2","-2","1","1","2","5","4","5","4","2","1","2","3","4","3","4","6","4","8","3","7","6","5","7","5","5","3","3","6","2","5","2","5","5","1","2","2","5","1","1","5","5","4","6","3","1","2","2","1","1","2","6","2","1","7","1","1","1","1","1","2","1","7","1","3","799230569765543938","仲","102","Female","[""坏我"",""好我"",""好她"",""坏她""]","[""弱我"",""强我"",""强她"",""弱她""]","","","","","","","","","","","","","","","","","","feedback_test","","","","","","","","","","","","","","","","","","","","",""
"933","","j","psychophysics","1306","2178341","0.0-10.0-1.0-4.0-0.6-0.303","5","2","5","1","1","5","3","4","4","5","5","0","0","1","2","-2","1","1","2","5","4","5","4","2","1","2","3","4","3","4","6","4","8","3","7","6","5","7","5","5","3","3","6","2","5","2","5","5","1","2","2","5","1","1","5","5","4","6","3","1","2","2","1","1","2","6","2","1","7","1","1","1","1","1","2","1","7","1","3","799230569765543938","仲","102","Female","[""坏我"",""好我"",""好她"",""坏她""]","[""弱我"",""强我"",""强她"",""弱她""]","","","","","","","","nonmatch","","","","","","","","","ALT2","ability","","key","j","16.66608695652255","683","380","","强她","","","","j","true","","","nonmatch","","img/pentagon.png","强我","",""
"null","<span style='color:GreenYellow; font-size: 70px;'>正确! </span>","null","html-keyboard-response","1307","2178849","0.0-10.0-1.0-4.0-0.6-1.303","5","2","5","1","1","5","3","4","4","5","5","0","0","1","2","-2","1","1","2","5","4","5","4","2","1","2","3","4","3","4","6","4","8","3","7","6","5","7","5","5","3","3","6","2","5","2","5","5","1","2","2","5","1","1","5","5","4","6","3","1","2","2","1","1","2","6","2","1","7","1","1","1","1","1","2","1","7","1","3","799230569765543938","仲","102","Female","[""坏我"",""好我"",""好她"",""坏她""]","[""弱我"",""强我"",""强她"",""弱她""]","","","","","","","","","","","","","","","","","","feedback_test","","","","","","","","","","","","","","","","","","","","",""
"729","","j","psychophysics","1308","2180582","0.0-10.0-1.0-4.0-0.6-0.304","5","2","5","1","1","5","3","4","4","5","5","0","0","1","2","-2","1","1","2","5","4","5","4","2","1","2","3","4","3","4","6","4","8","3","7","6","5","7","5","5","3","3","6","2","5","2","5","5","1","2","2","5","1","1","5","5","4","6","3","1","2","2","1","1","2","6","2","1","7","1","1","1","1","1","2","1","7","1","3","799230569765543938","仲","102","Female","[""坏我"",""好我"",""好她"",""坏她""]","[""弱我"",""强我"",""强她"",""弱她""]","","","","","","","","nonmatch","","","","","","","","","ALT2","ability","","key","j","16.666990291259424","683","380","","弱我","","","","j","true","","","nonmatch","","img/diamond.png","强她","",""
"null","<span style='color:GreenYellow; font-size: 70px;'>正确! </span>","null","html-keyboard-response","1309","2181084","0.0-10.0-1.0-4.0-0.6-1.304","5","2","5","1","1","5","3","4","4","5","5","0","0","1","2","-2","1","1","2","5","4","5","4","2","1","2","3","4","3","4","6","4","8","3","7","6","5","7","5","5","3","3","6","2","5","2","5","5","1","2","2","5","1","1","5","5","4","6","3","1","2","2","1","1","2","6","2","1","7","1","1","1","1","1","2","1","7","1","3","799230569765543938","仲","102","Female","[""坏我"",""好我"",""好她"",""坏她""]","[""弱我"",""强我"",""强她"",""弱她""]","","","","","","","","","","","","","","","","","","feedback_test","","","","","","","","","","","","","","","","","","","","",""
"823","","f","psychophysics","1310","2182912","0.0-10.0-1.0-4.0-0.6-0.305","5","2","5","1","1","5","3","4","4","5","5","0","0","1","2","-2","1","1","2","5","4","5","4","2","1","2","3","4","3","4","6","4","8","3","7","6","5","7","5","5","3","3","6","2","5","2","5","5","1","2","2","5","1","1","5","5","4","6","3","1","2","2","1","1","2","6","2","1","7","1","1","1","1","1","2","1","7","1","3","799230569765543938","仲","102","Female","[""坏我"",""好我"",""好她"",""坏她""]","[""弱我"",""强我"",""强她"",""弱她""]","","","","","","","","match","","","","","","","","","ALT2","ability","","key","f","16.66697247706593","683","380","","弱她","","","","f","true","","","match","","img/circle.png","弱她","",""
"null","<span style='color:GreenYellow; font-size: 70px;'>正确! </span>","null","html-keyboard-response","1311","2183416","0.0-10.0-1.0-4.0-0.6-1.305","5","2","5","1","1","5","3","4","4","5","5","0","0","1","2","-2","1","1","2","5","4","5","4","2","1","2","3","4","3","4","6","4","8","3","7","6","5","7","5","5","3","3","6","2","5","2","5","5","1","2","2","5","1","1","5","5","4","6","3","1","2","2","1","1","2","6","2","1","7","1","1","1","1","1","2","1","7","1","3","799230569765543938","仲","102","Female","[""坏我"",""好我"",""好她"",""坏她""]","[""弱我"",""强我"",""强她"",""弱她""]","","","","","","","","","","","","","","","","","","feedback_test","","","","","","","","","","","","","","","","","","","","",""
"910","","j","psychophysics","1312","2185328","0.0-10.0-1.0-4.0-0.6-0.306","5","2","5","1","1","5","3","4","4","5","5","0","0","1","2","-2","1","1","2","5","4","5","4","2","1","2","3","4","3","4","6","4","8","3","7","6","5","7","5","5","3","3","6","2","5","2","5","5","1","2","2","5","1","1","5","5","4","6","3","1","2","2","1","1","2","6","2","1","7","1","1","1","1","1","2","1","7","1","3","799230569765543938","仲","102","Female","[""坏我"",""好我"",""好她"",""坏她""]","[""弱我"",""强我"",""强她"",""弱她""]","","","","","","","","nonmatch","","","","","","","","","ALT2","ability","","key","j","16.665486725665364","683","380","","弱她","","","","j","true","","","nonmatch","","img/diamond.png","强她","",""
"null","<span style='color:GreenYellow; font-size: 70px;'>正确! </span>","null","html-keyboard-response","1313","2185832","0.0-10.0-1.0-4.0-0.6-1.306","5","2","5","1","1","5","3","4","4","5","5","0","0","1","2","-2","1","1","2","5","4","5","4","2","1","2","3","4","3","4","6","4","8","3","7","6","5","7","5","5","3","3","6","2","5","2","5","5","1","2","2","5","1","1","5","5","4","6","3","1","2","2","1","1","2","6","2","1","7","1","1","1","1","1","2","1","7","1","3","799230569765543938","仲","102","Female","[""坏我"",""好我"",""好她"",""坏她""]","[""弱我"",""强我"",""强她"",""弱她""]","","","","","","","","","","","","","","","","","","feedback_test","","","","","","","","","","","","","","","","","","","","",""
"690","","j","psychophysics","1314","2187525","0.0-10.0-1.0-4.0-0.6-0.307","5","2","5","1","1","5","3","4","4","5","5","0","0","1","2","-2","1","1","2","5","4","5","4","2","1","2","3","4","3","4","6","4","8","3","7","6","5","7","5","5","3","3","6","2","5","2","5","5","1","2","2","5","1","1","5","5","4","6","3","1","2","2","1","1","2","6","2","1","7","1","1","1","1","1","2","1","7","1","3","799230569765543938","仲","102","Female","[""坏我"",""好我"",""好她"",""坏她""]","[""弱我"",""强我"",""强她"",""弱她""]","","","","","","","","nonmatch","","","","","","","","","ALT2","ability","","key","j","16.66600000000093","683","380","","强她","","","","j","true","","","nonmatch","","img/trapezoid.png","弱我","",""
"null","<span style='color:GreenYellow; font-size: 70px;'>正确! </span>","null","html-keyboard-response","1315","2188034","0.0-10.0-1.0-4.0-0.6-1.307","5","2","5","1","1","5","3","4","4","5","5","0","0","1","2","-2","1","1","2","5","4","5","4","2","1","2","3","4","3","4","6","4","8","3","7","6","5","7","5","5","3","3","6","2","5","2","5","5","1","2","2","5","1","1","5","5","4","6","3","1","2","2","1","1","2","6","2","1","7","1","1","1","1","1","2","1","7","1","3","799230569765543938","仲","102","Female","[""坏我"",""好我"",""好她"",""坏她""]","[""弱我"",""强我"",""强她"",""弱她""]","","","","","","","","","","","","","","","","","","feedback_test","","","","","","","","","","","","","","","","","","","","",""
"801","","j","psychophysics","1316","2189836","0.0-10.0-1.0-4.0-0.6-0.308","5","2","5","1","1","5","3","4","4","5","5","0","0","1","2","-2","1","1","2","5","4","5","4","2","1","2","3","4","3","4","6","4","8","3","7","6","5","7","5","5","3","3","6","2","5","2","5","5","1","2","2","5","1","1","5","5","4","6","3","1","2","2","1","1","2","6","2","1","7","1","1","1","1","1","2","1","7","1","3","799230569765543938","仲","102","Female","[""坏我"",""好我"",""好她"",""坏她""]","[""弱我"",""强我"",""强她"",""弱她""]","","","","","","","","nonmatch","","","","","","","","","ALT2","ability","","key","j","16.666355140189527","683","380","","强我","","","","j","true","","","nonmatch","","img/circle.png","弱她","",""
"null","<span style='color:GreenYellow; font-size: 70px;'>正确! </span>","null","html-keyboard-response","1317","2190340","0.0-10.0-1.0-4.0-0.6-1.308","5","2","5","1","1","5","3","4","4","5","5","0","0","1","2","-2","1","1","2","5","4","5","4","2","1","2","3","4","3","4","6","4","8","3","7","6","5","7","5","5","3","3","6","2","5","2","5","5","1","2","2","5","1","1","5","5","4","6","3","1","2","2","1","1","2","6","2","1","7","1","1","1","1","1","2","1","7","1","3","799230569765543938","仲","102","Female","[""坏我"",""好我"",""好她"",""坏她""]","[""弱我"",""强我"",""强她"",""弱她""]","","","","","","","","","","","","","","","","","","feedback_test","","","","","","","","","","","","","","","","","","","","",""
"719","","j","psychophysics","1318","2192061","0.0-10.0-1.0-4.0-0.6-0.309","5","2","5","1","1","5","3","4","4","5","5","0","0","1","2","-2","1","1","2","5","4","5","4","2","1","2","3","4","3","4","6","4","8","3","7","6","5","7","5","5","3","3","6","2","5","2","5","5","1","2","2","5","1","1","5","5","4","6","3","1","2","2","1","1","2","6","2","1","7","1","1","1","1","1","2","1","7","1","3","799230569765543938","仲","102","Female","[""坏我"",""好我"",""好她"",""坏她""]","[""弱我"",""强我"",""强她"",""弱她""]","","","","","","","","nonmatch","","","","","","","","","ALT2","ability","","key","j","16.604901960781575","683","380","","弱她","","","","f","false","","","match","","img/circle.png","弱她","",""
"null","<span style='color:red; font-size: 70px;'>错误! </span>","null","html-keyboard-response","1319","2192570","0.0-10.0-1.0-4.0-0.6-1.309","5","2","5","1","1","5","3","4","4","5","5","0","0","1","2","-2","1","1","2","5","4","5","4","2","1","2","3","4","3","4","6","4","8","3","7","6","5","7","5","5","3","3","6","2","5","2","5","5","1","2","2","5","1","1","5","5","4","6","3","1","2","2","1","1","2","6","2","1","7","1","1","1","1","1","2","1","7","1","3","799230569765543938","仲","102","Female","[""坏我"",""好我"",""好她"",""坏她""]","[""弱我"",""强我"",""强她"",""弱她""]","","","","","","","","","","","","","","","","","","feedback_test","","","","","","","","","","","","","","","","","","","","",""
"760","","j","psychophysics","1320","2194334","0.0-10.0-1.0-4.0-0.6-0.310","5","2","5","1","1","5","3","4","4","5","5","0","0","1","2","-2","1","1","2","5","4","5","4","2","1","2","3","4","3","4","6","4","8","3","7","6","5","7","5","5","3","3","6","2","5","2","5","5","1","2","2","5","1","1","5","5","4","6","3","1","2","2","1","1","2","6","2","1","7","1","1","1","1","1","2","1","7","1","3","799230569765543938","仲","102","Female","[""坏我"",""好我"",""好她"",""坏她""]","[""弱我"",""强我"",""强她"",""弱她""]","","","","","","","","nonmatch","","","","","","","","","ALT2","ability","","key","j","16.666666666666668","683","380","","强她","","","","f","false","","","match","","img/diamond.png","强她","",""
"null","<span style='color:red; font-size: 70px;'>错误! </span>","null","html-keyboard-response","1321","2194837","0.0-10.0-1.0-4.0-0.6-1.310","5","2","5","1","1","5","3","4","4","5","5","0","0","1","2","-2","1","1","2","5","4","5","4","2","1","2","3","4","3","4","6","4","8","3","7","6","5","7","5","5","3","3","6","2","5","2","5","5","1","2","2","5","1","1","5","5","4","6","3","1","2","2","1","1","2","6","2","1","7","1","1","1","1","1","2","1","7","1","3","799230569765543938","仲","102","Female","[""坏我"",""好我"",""好她"",""坏她""]","[""弱我"",""强我"",""强她"",""弱她""]","","","","","","","","","","","","","","","","","","feedback_test","","","","","","","","","","","","","","","","","","","","",""
"1204","","j","psychophysics","1322","2197045","0.0-10.0-1.0-4.0-0.6-0.311","5","2","5","1","1","5","3","4","4","5","5","0","0","1","2","-2","1","1","2","5","4","5","4","2","1","2","3","4","3","4","6","4","8","3","7","6","5","7","5","5","3","3","6","2","5","2","5","5","1","2","2","5","1","1","5","5","4","6","3","1","2","2","1","1","2","6","2","1","7","1","1","1","1","1","2","1","7","1","3","799230569765543938","仲","102","Female","[""坏我"",""好我"",""好她"",""坏她""]","[""弱我"",""强我"",""强她"",""弱她""]","","","","","","","","nonmatch","","","","","","","","","ALT2","ability","","key","j","16.665151515150104","683","380","","弱我","","","","j","true","","","nonmatch","","img/circle.png","弱她","",""
"null","<span class='add_' style='color:yellow; font-size: 70px;'> 太慢! </span>","null","html-keyboard-response","1323","2197554","0.0-10.0-1.0-4.0-0.6-1.311","5","2","5","1","1","5","3","4","4","5","5","0","0","1","2","-2","1","1","2","5","4","5","4","2","1","2","3","4","3","4","6","4","8","3","7","6","5","7","5","5","3","3","6","2","5","2","5","5","1","2","2","5","1","1","5","5","4","6","3","1","2","2","1","1","2","6","2","1","7","1","1","1","1","1","2","1","7","1","3","799230569765543938","仲","102","Female","[""坏我"",""好我"",""好她"",""坏她""]","[""弱我"",""强我"",""强她"",""弱她""]","","","","","","","","","","","","","","","","","","feedback_test","","","","","","","","","","","","","","","","","","","","",""
"848","","f","psychophysics","1324","2199406","0.0-10.0-1.0-4.0-0.6-0.312","5","2","5","1","1","5","3","4","4","5","5","0","0","1","2","-2","1","1","2","5","4","5","4","2","1","2","3","4","3","4","6","4","8","3","7","6","5","7","5","5","3","3","6","2","5","2","5","5","1","2","2","5","1","1","5","5","4","6","3","1","2","2","1","1","2","6","2","1","7","1","1","1","1","1","2","1","7","1","3","799230569765543938","仲","102","Female","[""坏我"",""好我"",""好她"",""坏她""]","[""弱我"",""强我"",""强她"",""弱她""]","","","","","","","","match","","","","","","","","","ALT2","ability","","key","f","16.820560747666164","683","380","","强她","","","","f","true","","","match","","img/diamond.png","强她","",""
"null","<span style='color:GreenYellow; font-size: 70px;'>正确! </span>","null","html-keyboard-response","1325","2199913","0.0-10.0-1.0-4.0-0.6-1.312","5","2","5","1","1","5","3","4","4","5","5","0","0","1","2","-2","1","1","2","5","4","5","4","2","1","2","3","4","3","4","6","4","8","3","7","6","5","7","5","5","3","3","6","2","5","2","5","5","1","2","2","5","1","1","5","5","4","6","3","1","2","2","1","1","2","6","2","1","7","1","1","1","1","1","2","1","7","1","3","799230569765543938","仲","102","Female","[""坏我"",""好我"",""好她"",""坏她""]","[""弱我"",""强我"",""强她"",""弱她""]","","","","","","","","","","","","","","","","","","feedback_test","","","","","","","","","","","","","","","","","","","","",""
"831","","j","psychophysics","1326","2201747","0.0-10.0-1.0-4.0-0.6-0.313","5","2","5","1","1","5","3","4","4","5","5","0","0","1","2","-2","1","1","2","5","4","5","4","2","1","2","3","4","3","4","6","4","8","3","7","6","5","7","5","5","3","3","6","2","5","2","5","5","1","2","2","5","1","1","5","5","4","6","3","1","2","2","1","1","2","6","2","1","7","1","1","1","1","1","2","1","7","1","3","799230569765543938","仲","102","Female","[""坏我"",""好我"",""好她"",""坏她""]","[""弱我"",""强我"",""强她"",""弱她""]","","","","","","","","nonmatch","","","","","","","","","ALT2","ability","","key","j","16.66697247706593","683","380","","弱我","","","","j","true","","","nonmatch","","img/pentagon.png","强我","",""
"null","<span style='color:GreenYellow; font-size: 70px;'>正确! </span>","null","html-keyboard-response","1327","2202249","0.0-10.0-1.0-4.0-0.6-1.313","5","2","5","1","1","5","3","4","4","5","5","0","0","1","2","-2","1","1","2","5","4","5","4","2","1","2","3","4","3","4","6","4","8","3","7","6","5","7","5","5","3","3","6","2","5","2","5","5","1","2","2","5","1","1","5","5","4","6","3","1","2","2","1","1","2","6","2","1","7","1","1","1","1","1","2","1","7","1","3","799230569765543938","仲","102","Female","[""坏我"",""好我"",""好她"",""坏她""]","[""弱我"",""强我"",""强她"",""弱她""]","","","","","","","","","","","","","","","","","","feedback_test","","","","","","","","","","","","","","","","","","","","",""
"1000","","f","psychophysics","1328","2204255","0.0-10.0-1.0-4.0-0.6-0.314","5","2","5","1","1","5","3","4","4","5","5","0","0","1","2","-2","1","1","2","5","4","5","4","2","1","2","3","4","3","4","6","4","8","3","7","6","5","7","5","5","3","3","6","2","5","2","5","5","1","2","2","5","1","1","5","5","4","6","3","1","2","2","1","1","2","6","2","1","7","1","1","1","1","1","2","1","7","1","3","799230569765543938","仲","102","Female","[""坏我"",""好我"",""好她"",""坏她""]","[""弱我"",""强我"",""强她"",""弱她""]","","","","","","","","match","","","","","","","","","ALT2","ability","","key","f","16.66554621848896","683","380","","弱她","","","","f","true","","","match","","img/circle.png","弱她","",""
"null","<span style='color:GreenYellow; font-size: 70px;'>正确! </span>","null","html-keyboard-response","1329","2204757","0.0-10.0-1.0-4.0-0.6-1.314","5","2","5","1","1","5","3","4","4","5","5","0","0","1","2","-2","1","1","2","5","4","5","4","2","1","2","3","4","3","4","6","4","8","3","7","6","5","7","5","5","3","3","6","2","5","2","5","5","1","2","2","5","1","1","5","5","4","6","3","1","2","2","1","1","2","6","2","1","7","1","1","1","1","1","2","1","7","1","3","799230569765543938","仲","102","Female","[""坏我"",""好我"",""好她"",""坏她""]","[""弱我"",""强我"",""强她"",""弱她""]","","","","","","","","","","","","","","","","","","feedback_test","","","","","","","","","","","","","","","","","","","","",""
"745","","f","psychophysics","1330","2206511","0.0-10.0-1.0-4.0-0.6-0.315","5","2","5","1","1","5","3","4","4","5","5","0","0","1","2","-2","1","1","2","5","4","5","4","2","1","2","3","4","3","4","6","4","8","3","7","6","5","7","5","5","3","3","6","2","5","2","5","5","1","2","2","5","1","1","5","5","4","6","3","1","2","2","1","1","2","6","2","1","7","1","1","1","1","1","2","1","7","1","3","799230569765543938","仲","102","Female","[""坏我"",""好我"",""好她"",""坏她""]","[""弱我"",""强我"",""强她"",""弱她""]","","","","","","","","match","","","","","","","","","ALT2","ability","","key","f","16.66504854368932","683","380","","弱我","","","","f","true","","","match","","img/trapezoid.png","弱我","",""
"null","<span style='color:GreenYellow; font-size: 70px;'>正确! </span>","null","html-keyboard-response","1331","2207019","0.0-10.0-1.0-4.0-0.6-1.315","5","2","5","1","1","5","3","4","4","5","5","0","0","1","2","-2","1","1","2","5","4","5","4","2","1","2","3","4","3","4","6","4","8","3","7","6","5","7","5","5","3","3","6","2","5","2","5","5","1","2","2","5","1","1","5","5","4","6","3","1","2","2","1","1","2","6","2","1","7","1","1","1","1","1","2","1","7","1","3","799230569765543938","仲","102","Female","[""坏我"",""好我"",""好她"",""坏她""]","[""弱我"",""强我"",""强她"",""弱她""]","","","","","","","","","","","","","","","","","","feedback_test","","","","","","","","","","","","","","","","","","","","",""
"907","","j","psychophysics","1332","2208931","0.0-10.0-1.0-4.0-0.6-0.316","5","2","5","1","1","5","3","4","4","5","5","0","0","1","2","-2","1","1","2","5","4","5","4","2","1","2","3","4","3","4","6","4","8","3","7","6","5","7","5","5","3","3","6","2","5","2","5","5","1","2","2","5","1","1","5","5","4","6","3","1","2","2","1","1","2","6","2","1","7","1","1","1","1","1","2","1","7","1","3","799230569765543938","仲","102","Female","[""坏我"",""好我"",""好她"",""坏她""]","[""弱我"",""强我"",""强她"",""弱她""]","","","","","","","","nonmatch","","","","","","","","","ALT2","ability","","key","j","16.665789473683393","683","380","","强她","","","","j","true","","","nonmatch","","img/pentagon.png","强我","",""
"null","<span style='color:GreenYellow; font-size: 70px;'>正确! </span>","null","html-keyboard-response","1333","2209433","0.0-10.0-1.0-4.0-0.6-1.316","5","2","5","1","1","5","3","4","4","5","5","0","0","1","2","-2","1","1","2","5","4","5","4","2","1","2","3","4","3","4","6","4","8","3","7","6","5","7","5","5","3","3","6","2","5","2","5","5","1","2","2","5","1","1","5","5","4","6","3","1","2","2","1","1","2","6","2","1","7","1","1","1","1","1","2","1","7","1","3","799230569765543938","仲","102","Female","[""坏我"",""好我"",""好她"",""坏她""]","[""弱我"",""强我"",""强她"",""弱她""]","","","","","","","","","","","","","","","","","","feedback_test","","","","","","","","","","","","","","","","","","","","",""
"849","","j","psychophysics","1334","2211284","0.0-10.0-1.0-4.0-0.6-0.317","5","2","5","1","1","5","3","4","4","5","5","0","0","1","2","-2","1","1","2","5","4","5","4","2","1","2","3","4","3","4","6","4","8","3","7","6","5","7","5","5","3","3","6","2","5","2","5","5","1","2","2","5","1","1","5","5","4","6","3","1","2","2","1","1","2","6","2","1","7","1","1","1","1","1","2","1","7","1","3","799230569765543938","仲","102","Female","[""坏我"",""好我"",""好她"",""坏她""]","[""弱我"",""强我"",""强她"",""弱她""]","","","","","","","","nonmatch","","","","","","","","","ALT2","ability","","key","j","16.666055045872415","683","380","","强她","","","","j","true","","","nonmatch","","img/trapezoid.png","弱我","",""
"null","<span style='color:GreenYellow; font-size: 70px;'>正确! </span>","null","html-keyboard-response","1335","2211787","0.0-10.0-1.0-4.0-0.6-1.317","5","2","5","1","1","5","3","4","4","5","5","0","0","1","2","-2","1","1","2","5","4","5","4","2","1","2","3","4","3","4","6","4","8","3","7","6","5","7","5","5","3","3","6","2","5","2","5","5","1","2","2","5","1","1","5","5","4","6","3","1","2","2","1","1","2","6","2","1","7","1","1","1","1","1","2","1","7","1","3","799230569765543938","仲","102","Female","[""坏我"",""好我"",""好她"",""坏她""]","[""弱我"",""强我"",""强她"",""弱她""]","","","","","","","","","","","","","","","","","","feedback_test","","","","","","","","","","","","","","","","","","","","",""
"860","","j","psychophysics","1336","2213650","0.0-10.0-1.0-4.0-0.6-0.318","5","2","5","1","1","5","3","4","4","5","5","0","0","1","2","-2","1","1","2","5","4","5","4","2","1","2","3","4","3","4","6","4","8","3","7","6","5","7","5","5","3","3","6","2","5","2","5","5","1","2","2","5","1","1","5","5","4","6","3","1","2","2","1","1","2","6","2","1","7","1","1","1","1","1","2","1","7","1","3","799230569765543938","仲","102","Female","[""坏我"",""好我"",""好她"",""坏她""]","[""弱我"",""强我"",""强她"",""弱她""]","","","","","","","","nonmatch","","","","","","","","","ALT2","ability","","key","j","16.664864864863187","683","380","","弱她","","","","j","true","","","nonmatch","","img/diamond.png","强她","",""
"null","<span style='color:GreenYellow; font-size: 70px;'>正确! </span>","null","html-keyboard-response","1337","2214152","0.0-10.0-1.0-4.0-0.6-1.318","5","2","5","1","1","5","3","4","4","5","5","0","0","1","2","-2","1","1","2","5","4","5","4","2","1","2","3","4","3","4","6","4","8","3","7","6","5","7","5","5","3","3","6","2","5","2","5","5","1","2","2","5","1","1","5","5","4","6","3","1","2","2","1","1","2","6","2","1","7","1","1","1","1","1","2","1","7","1","3","799230569765543938","仲","102","Female","[""坏我"",""好我"",""好她"",""坏她""]","[""弱我"",""强我"",""强她"",""弱她""]","","","","","","","","","","","","","","","","","","feedback_test","","","","","","","","","","","","","","","","","","","","",""
"734","","j","psychophysics","1338","2215888","0.0-10.0-1.0-4.0-0.6-0.319","5","2","5","1","1","5","3","4","4","5","5","0","0","1","2","-2","1","1","2","5","4","5","4","2","1","2","3","4","3","4","6","4","8","3","7","6","5","7","5","5","3","3","6","2","5","2","5","5","1","2","2","5","1","1","5","5","4","6","3","1","2","2","1","1","2","6","2","1","7","1","1","1","1","1","2","1","7","1","3","799230569765543938","仲","102","Female","[""坏我"",""好我"",""好她"",""坏她""]","[""弱我"",""强我"",""强她"",""弱她""]","","","","","","","","nonmatch","","","","","","","","","ALT2","ability","","key","j","16.66407766990201","683","380","","强她","","","","j","true","","","nonmatch","","img/circle.png","弱她","",""
"null","<span style='color:GreenYellow; font-size: 70px;'>正确! </span>","null","html-keyboard-response","1339","2216389","0.0-10.0-1.0-4.0-0.6-1.319","5","2","5","1","1","5","3","4","4","5","5","0","0","1","2","-2","1","1","2","5","4","5","4","2","1","2","3","4","3","4","6","4","8","3","7","6","5","7","5","5","3","3","6","2","5","2","5","5","1","2","2","5","1","1","5","5","4","6","3","1","2","2","1","1","2","6","2","1","7","1","1","1","1","1","2","1","7","1","3","799230569765543938","仲","102","Female","[""坏我"",""好我"",""好她"",""坏她""]","[""弱我"",""强我"",""强她"",""弱她""]","","","","","","","","","","","","","","","","","","feedback_test","","","","","","","","","","","","","","","","","","","","",""
"746","","j","psychophysics","1340","2218137","0.0-10.0-1.0-4.0-0.6-0.320","5","2","5","1","1","5","3","4","4","5","5","0","0","1","2","-2","1","1","2","5","4","5","4","2","1","2","3","4","3","4","6","4","8","3","7","6","5","7","5","5","3","3","6","2","5","2","5","5","1","2","2","5","1","1","5","5","4","6","3","1","2","2","1","1","2","6","2","1","7","1","1","1","1","1","2","1","7","1","3","799230569765543938","仲","102","Female","[""坏我"",""好我"",""好她"",""坏她""]","[""弱我"",""强我"",""强她"",""弱她""]","","","","","","","","nonmatch","","","","","","","","","ALT2","ability","","key","j","16.602912621360126","683","380","","强我","","","","j","true","","","nonmatch","","img/trapezoid.png","弱我","",""
"null","<span style='color:GreenYellow; font-size: 70px;'>正确! </span>","null","html-keyboard-response","1341","2218643","0.0-10.0-1.0-4.0-0.6-1.320","5","2","5","1","1","5","3","4","4","5","5","0","0","1","2","-2","1","1","2","5","4","5","4","2","1","2","3","4","3","4","6","4","8","3","7","6","5","7","5","5","3","3","6","2","5","2","5","5","1","2","2","5","1","1","5","5","4","6","3","1","2","2","1","1","2","6","2","1","7","1","1","1","1","1","2","1","7","1","3","799230569765543938","仲","102","Female","[""坏我"",""好我"",""好她"",""坏她""]","[""弱我"",""强我"",""强她"",""弱她""]","","","","","","","","","","","","","","","","","","feedback_test","","","","","","","","","","","","","","","","","","","","",""
"742","","j","psychophysics","1342","2220391","0.0-10.0-1.0-4.0-0.6-0.321","5","2","5","1","1","5","3","4","4","5","5","0","0","1","2","-2","1","1","2","5","4","5","4","2","1","2","3","4","3","4","6","4","8","3","7","6","5","7","5","5","3","3","6","2","5","2","5","5","1","2","2","5","1","1","5","5","4","6","3","1","2","2","1","1","2","6","2","1","7","1","1","1","1","1","2","1","7","1","3","799230569765543938","仲","102","Female","[""坏我"",""好我"",""好她"",""坏她""]","[""弱我"",""强我"",""强她"",""弱她""]","","","","","","","","nonmatch","","","","","","","","","ALT2","ability","","key","j","16.66601941747211","683","380","","强我","","","","j","true","","","nonmatch","","img/circle.png","弱她","",""
"null","<span style='color:GreenYellow; font-size: 70px;'>正确! </span>","null","html-keyboard-response","1343","2220892","0.0-10.0-1.0-4.0-0.6-1.321","5","2","5","1","1","5","3","4","4","5","5","0","0","1","2","-2","1","1","2","5","4","5","4","2","1","2","3","4","3","4","6","4","8","3","7","6","5","7","5","5","3","3","6","2","5","2","5","5","1","2","2","5","1","1","5","5","4","6","3","1","2","2","1","1","2","6","2","1","7","1","1","1","1","1","2","1","7","1","3","799230569765543938","仲","102","Female","[""坏我"",""好我"",""好她"",""坏她""]","[""弱我"",""强我"",""强她"",""弱她""]","","","","","","","","","","","","","","","","","","feedback_test","","","","","","","","","","","","","","","","","","","","",""
"629","","f","psychophysics","1344","2222528","0.0-10.0-1.0-4.0-0.6-0.322","5","2","5","1","1","5","3","4","4","5","5","0","0","1","2","-2","1","1","2","5","4","5","4","2","1","2","3","4","3","4","6","4","8","3","7","6","5","7","5","5","3","3","6","2","5","2","5","5","1","2","2","5","1","1","5","5","4","6","3","1","2","2","1","1","2","6","2","1","7","1","1","1","1","1","2","1","7","1","3","799230569765543938","仲","102","Female","[""坏我"",""好我"",""好她"",""坏她""]","[""弱我"",""强我"",""强她"",""弱她""]","","","","","","","","match","","","","","","","","","ALT2","ability","","key","f","16.66597938144426","683","380","","强我","","","","f","true","","","match","","img/pentagon.png","强我","",""
"null","<span style='color:GreenYellow; font-size: 70px;'>正确! </span>","null","html-keyboard-response","1345","2223031","0.0-10.0-1.0-4.0-0.6-1.322","5","2","5","1","1","5","3","4","4","5","5","0","0","1","2","-2","1","1","2","5","4","5","4","2","1","2","3","4","3","4","6","4","8","3","7","6","5","7","5","5","3","3","6","2","5","2","5","5","1","2","2","5","1","1","5","5","4","6","3","1","2","2","1","1","2","6","2","1","7","1","1","1","1","1","2","1","7","1","3","799230569765543938","仲","102","Female","[""坏我"",""好我"",""好她"",""坏她""]","[""弱我"",""强我"",""强她"",""弱她""]","","","","","","","","","","","","","","","","","","feedback_test","","","","","","","","","","","","","","","","","","","","",""
"655","","f","psychophysics","1346","2224689","0.0-10.0-1.0-4.0-0.6-0.323","5","2","5","1","1","5","3","4","4","5","5","0","0","1","2","-2","1","1","2","5","4","5","4","2","1","2","3","4","3","4","6","4","8","3","7","6","5","7","5","5","3","3","6","2","5","2","5","5","1","2","2","5","1","1","5","5","4","6","3","1","2","2","1","1","2","6","2","1","7","1","1","1","1","1","2","1","7","1","3","799230569765543938","仲","102","Female","[""坏我"",""好我"",""好她"",""坏她""]","[""弱我"",""强我"",""强她"",""弱她""]","","","","","","","","match","","","","","","","","","ALT2","ability","","key","f","16.666326530615095","683","380","","强我","","","","f","true","","","match","","img/pentagon.png","强我","",""
"null","<span style='color:GreenYellow; font-size: 70px;'>正确! </span>","null","html-keyboard-response","1347","2225194","0.0-10.0-1.0-4.0-0.6-1.323","5","2","5","1","1","5","3","4","4","5","5","0","0","1","2","-2","1","1","2","5","4","5","4","2","1","2","3","4","3","4","6","4","8","3","7","6","5","7","5","5","3","3","6","2","5","2","5","5","1","2","2","5","1","1","5","5","4","6","3","1","2","2","1","1","2","6","2","1","7","1","1","1","1","1","2","1","7","1","3","799230569765543938","仲","102","Female","[""坏我"",""好我"",""好她"",""坏她""]","[""弱我"",""强我"",""强她"",""弱她""]","","","","","","","","","","","","","","","","","","feedback_test","","","","","","","","","","","","","","","","","","","","",""
"494","","f","psychophysics","1348","2226693","0.0-10.0-1.0-4.0-0.6-0.324","5","2","5","1","1","5","3","4","4","5","5","0","0","1","2","-2","1","1","2","5","4","5","4","2","1","2","3","4","3","4","6","4","8","3","7","6","5","7","5","5","3","3","6","2","5","2","5","5","1","2","2","5","1","1","5","5","4","6","3","1","2","2","1","1","2","6","2","1","7","1","1","1","1","1","2","1","7","1","3","799230569765543938","仲","102","Female","[""坏我"",""好我"",""好她"",""坏她""]","[""弱我"",""强我"",""强她"",""弱她""]","","","","","","","","match","","","","","","","","","ALT2","ability","","key","f","16.6662921348346","683","380","","强我","","","","f","true","","","match","","img/pentagon.png","强我","",""
"null","<span style='color:GreenYellow; font-size: 70px;'>正确! </span>","null","html-keyboard-response","1349","2227198","0.0-10.0-1.0-4.0-0.6-1.324","5","2","5","1","1","5","3","4","4","5","5","0","0","1","2","-2","1","1","2","5","4","5","4","2","1","2","3","4","3","4","6","4","8","3","7","6","5","7","5","5","3","3","6","2","5","2","5","5","1","2","2","5","1","1","5","5","4","6","3","1","2","2","1","1","2","6","2","1","7","1","1","1","1","1","2","1","7","1","3","799230569765543938","仲","102","Female","[""坏我"",""好我"",""好她"",""坏她""]","[""弱我"",""强我"",""强她"",""弱她""]","","","","","","","","","","","","","","","","","","feedback_test","","","","","","","","","","","","","","","","","","","","",""
"752","","f","psychophysics","1350","2228954","0.0-10.0-1.0-4.0-0.6-0.325","5","2","5","1","1","5","3","4","4","5","5","0","0","1","2","-2","1","1","2","5","4","5","4","2","1","2","3","4","3","4","6","4","8","3","7","6","5","7","5","5","3","3","6","2","5","2","5","5","1","2","2","5","1","1","5","5","4","6","3","1","2","2","1","1","2","6","2","1","7","1","1","1","1","1","2","1","7","1","3","799230569765543938","仲","102","Female","[""坏我"",""好我"",""好她"",""坏她""]","[""弱我"",""强我"",""强她"",""弱她""]","","","","","","","","match","","","","","","","","","ALT2","ability","","key","f","16.666346153844362","683","380","","弱她","","","","f","true","","","match","","img/circle.png","弱她","",""
"null","<span style='color:GreenYellow; font-size: 70px;'>正确! </span>","null","html-keyboard-response","1351","2229455","0.0-10.0-1.0-4.0-0.6-1.325","5","2","5","1","1","5","3","4","4","5","5","0","0","1","2","-2","1","1","2","5","4","5","4","2","1","2","3","4","3","4","6","4","8","3","7","6","5","7","5","5","3","3","6","2","5","2","5","5","1","2","2","5","1","1","5","5","4","6","3","1","2","2","1","1","2","6","2","1","7","1","1","1","1","1","2","1","7","1","3","799230569765543938","仲","102","Female","[""坏我"",""好我"",""好她"",""坏她""]","[""弱我"",""强我"",""强她"",""弱她""]","","","","","","","","","","","","","","","","","","feedback_test","","","","","","","","","","","","","","","","","","","","",""
"708","","j","psychophysics","1352","2231165","0.0-10.0-1.0-4.0-0.6-0.326","5","2","5","1","1","5","3","4","4","5","5","0","0","1","2","-2","1","1","2","5","4","5","4","2","1","2","3","4","3","4","6","4","8","3","7","6","5","7","5","5","3","3","6","2","5","2","5","5","1","2","2","5","1","1","5","5","4","6","3","1","2","2","1","1","2","6","2","1","7","1","1","1","1","1","2","1","7","1","3","799230569765543938","仲","102","Female","[""坏我"",""好我"",""好她"",""坏她""]","[""弱我"",""强我"",""强她"",""弱她""]","","","","","","","","nonmatch","","","","","","","","","ALT2","ability","","key","j","16.666336633666134","683","380","","弱她","","","","j","true","","","nonmatch","","img/trapezoid.png","弱我","",""
"null","<span style='color:GreenYellow; font-size: 70px;'>正确! </span>","null","html-keyboard-response","1353","2231666","0.0-10.0-1.0-4.0-0.6-1.326","5","2","5","1","1","5","3","4","4","5","5","0","0","1","2","-2","1","1","2","5","4","5","4","2","1","2","3","4","3","4","6","4","8","3","7","6","5","7","5","5","3","3","6","2","5","2","5","5","1","2","2","5","1","1","5","5","4","6","3","1","2","2","1","1","2","6","2","1","7","1","1","1","1","1","2","1","7","1","3","799230569765543938","仲","102","Female","[""坏我"",""好我"",""好她"",""坏她""]","[""弱我"",""强我"",""强她"",""弱她""]","","","","","","","","","","","","","","","","","","feedback_test","","","","","","","","","","","","","","","","","","","","",""
"1035","","j","psychophysics","1354","2233708","0.0-10.0-1.0-4.0-0.6-0.327","5","2","5","1","1","5","3","4","4","5","5","0","0","1","2","-2","1","1","2","5","4","5","4","2","1","2","3","4","3","4","6","4","8","3","7","6","5","7","5","5","3","3","6","2","5","2","5","5","1","2","2","5","1","1","5","5","4","6","3","1","2","2","1","1","2","6","2","1","7","1","1","1","1","1","2","1","7","1","3","799230569765543938","仲","102","Female","[""坏我"",""好我"",""好她"",""坏她""]","[""弱我"",""强我"",""强她"",""弱她""]","","","","","","","","nonmatch","","","","","","","","","ALT2","ability","","key","j","16.666393442621423","683","380","","弱我","","","","j","true","","","nonmatch","","img/diamond.png","强她","",""
"null","<span style='color:GreenYellow; font-size: 70px;'>正确! </span>","null","html-keyboard-response","1355","2234211","0.0-10.0-1.0-4.0-0.6-1.327","5","2","5","1","1","5","3","4","4","5","5","0","0","1","2","-2","1","1","2","5","4","5","4","2","1","2","3","4","3","4","6","4","8","3","7","6","5","7","5","5","3","3","6","2","5","2","5","5","1","2","2","5","1","1","5","5","4","6","3","1","2","2","1","1","2","6","2","1","7","1","1","1","1","1","2","1","7","1","3","799230569765543938","仲","102","Female","[""坏我"",""好我"",""好她"",""坏她""]","[""弱我"",""强我"",""强她"",""弱她""]","","","","","","","","","","","","","","","","","","feedback_test","","","","","","","","","","","","","","","","","","","","",""
"915","","f","psychophysics","1356","2236132","0.0-10.0-1.0-4.0-0.6-0.328","5","2","5","1","1","5","3","4","4","5","5","0","0","1","2","-2","1","1","2","5","4","5","4","2","1","2","3","4","3","4","6","4","8","3","7","6","5","7","5","5","3","3","6","2","5","2","5","5","1","2","2","5","1","1","5","5","4","6","3","1","2","2","1","1","2","6","2","1","7","1","1","1","1","1","2","1","7","1","3","799230569765543938","仲","102","Female","[""坏我"",""好我"",""好她"",""坏她""]","[""弱我"",""强我"",""强她"",""弱她""]","","","","","","","","match","","","","","","","","","ALT2","ability","","key","f","16.665789473683393","683","380","","强她","","","","f","true","","","match","","img/diamond.png","强她","",""
"null","<span style='color:GreenYellow; font-size: 70px;'>正确! </span>","null","html-keyboard-response","1357","2236640","0.0-10.0-1.0-4.0-0.6-1.328","5","2","5","1","1","5","3","4","4","5","5","0","0","1","2","-2","1","1","2","5","4","5","4","2","1","2","3","4","3","4","6","4","8","3","7","6","5","7","5","5","3","3","6","2","5","2","5","5","1","2","2","5","1","1","5","5","4","6","3","1","2","2","1","1","2","6","2","1","7","1","1","1","1","1","2","1","7","1","3","799230569765543938","仲","102","Female","[""坏我"",""好我"",""好她"",""坏她""]","[""弱我"",""强我"",""强她"",""弱她""]","","","","","","","","","","","","","","","","","","feedback_test","","","","","","","","","","","","","","","","","","","","",""
"699","","j","psychophysics","1358","2238345","0.0-10.0-1.0-4.0-0.6-0.329","5","2","5","1","1","5","3","4","4","5","5","0","0","1","2","-2","1","1","2","5","4","5","4","2","1","2","3","4","3","4","6","4","8","3","7","6","5","7","5","5","3","3","6","2","5","2","5","5","1","2","2","5","1","1","5","5","4","6","3","1","2","2","1","1","2","6","2","1","7","1","1","1","1","1","2","1","7","1","3","799230569765543938","仲","102","Female","[""坏我"",""好我"",""好她"",""坏她""]","[""弱我"",""强我"",""强她"",""弱她""]","","","","","","","","nonmatch","","","","","","","","","ALT2","ability","","key","j","16.6653465346507","683","380","","强我","","","","j","true","","","nonmatch","","img/diamond.png","强她","",""
"null","<span style='color:GreenYellow; font-size: 70px;'>正确! </span>","null","html-keyboard-response","1359","2238849","0.0-10.0-1.0-4.0-0.6-1.329","5","2","5","1","1","5","3","4","4","5","5","0","0","1","2","-2","1","1","2","5","4","5","4","2","1","2","3","4","3","4","6","4","8","3","7","6","5","7","5","5","3","3","6","2","5","2","5","5","1","2","2","5","1","1","5","5","4","6","3","1","2","2","1","1","2","6","2","1","7","1","1","1","1","1","2","1","7","1","3","799230569765543938","仲","102","Female","[""坏我"",""好我"",""好她"",""坏她""]","[""弱我"",""强我"",""强她"",""弱她""]","","","","","","","","","","","","","","","","","","feedback_test","","","","","","","","","","","","","","","","","","","","",""
"771","","f","psychophysics","1360","2240626","0.0-10.0-1.0-4.0-0.6-0.330","5","2","5","1","1","5","3","4","4","5","5","0","0","1","2","-2","1","1","2","5","4","5","4","2","1","2","3","4","3","4","6","4","8","3","7","6","5","7","5","5","3","3","6","2","5","2","5","5","1","2","2","5","1","1","5","5","4","6","3","1","2","2","1","1","2","6","2","1","7","1","1","1","1","1","2","1","7","1","3","799230569765543938","仲","102","Female","[""坏我"",""好我"",""好她"",""坏她""]","[""弱我"",""强我"",""强她"",""弱她""]","","","","","","","","match","","","","","","","","","ALT2","ability","","key","f","16.666346153848842","683","380","","强她","","","","f","true","","","match","","img/diamond.png","强她","",""
"null","<span style='color:GreenYellow; font-size: 70px;'>正确! </span>","null","html-keyboard-response","1361","2241128","0.0-10.0-1.0-4.0-0.6-1.330","5","2","5","1","1","5","3","4","4","5","5","0","0","1","2","-2","1","1","2","5","4","5","4","2","1","2","3","4","3","4","6","4","8","3","7","6","5","7","5","5","3","3","6","2","5","2","5","5","1","2","2","5","1","1","5","5","4","6","3","1","2","2","1","1","2","6","2","1","7","1","1","1","1","1","2","1","7","1","3","799230569765543938","仲","102","Female","[""坏我"",""好我"",""好她"",""坏她""]","[""弱我"",""强我"",""强她"",""弱她""]","","","","","","","","","","","","","","","","","","feedback_test","","","","","","","","","","","","","","","","","","","","",""
"644","","f","psychophysics","1362","2242777","0.0-10.0-1.0-4.0-0.6-0.331","5","2","5","1","1","5","3","4","4","5","5","0","0","1","2","-2","1","1","2","5","4","5","4","2","1","2","3","4","3","4","6","4","8","3","7","6","5","7","5","5","3","3","6","2","5","2","5","5","1","2","2","5","1","1","5","5","4","6","3","1","2","2","1","1","2","6","2","1","7","1","1","1","1","1","2","1","7","1","3","799230569765543938","仲","102","Female","[""坏我"",""好我"",""好她"",""坏她""]","[""弱我"",""强我"",""强她"",""弱她""]","","","","","","","","match","","","","","","","","","ALT2","ability","","key","f","16.66530612245088","683","380","","弱我","","","","f","true","","","match","","img/trapezoid.png","弱我","",""
"null","<span style='color:GreenYellow; font-size: 70px;'>正确! </span>","null","html-keyboard-response","1363","2243284","0.0-10.0-1.0-4.0-0.6-1.331","5","2","5","1","1","5","3","4","4","5","5","0","0","1","2","-2","1","1","2","5","4","5","4","2","1","2","3","4","3","4","6","4","8","3","7","6","5","7","5","5","3","3","6","2","5","2","5","5","1","2","2","5","1","1","5","5","4","6","3","1","2","2","1","1","2","6","2","1","7","1","1","1","1","1","2","1","7","1","3","799230569765543938","仲","102","Female","[""坏我"",""好我"",""好她"",""坏她""]","[""弱我"",""强我"",""强她"",""弱她""]","","","","","","","","","","","","","","","","","","feedback_test","","","","","","","","","","","","","","","","","","","","",""
"672","","f","psychophysics","1364","2244958","0.0-10.0-1.0-4.0-0.6-0.332","5","2","5","1","1","5","3","4","4","5","5","0","0","1","2","-2","1","1","2","5","4","5","4","2","1","2","3","4","3","4","6","4","8","3","7","6","5","7","5","5","3","3","6","2","5","2","5","5","1","2","2","5","1","1","5","5","4","6","3","1","2","2","1","1","2","6","2","1","7","1","1","1","1","1","2","1","7","1","3","799230569765543938","仲","102","Female","[""坏我"",""好我"",""好她"",""坏她""]","[""弱我"",""强我"",""强她"",""弱她""]","","","","","","","","match","","","","","","","","","ALT2","ability","","key","f","16.665999999996274","683","380","","弱她","","","","f","true","","","match","","img/circle.png","弱她","",""
"null","<span style='color:GreenYellow; font-size: 70px;'>正确! </span>","null","html-keyboard-response","1365","2245460","0.0-10.0-1.0-4.0-0.6-1.332","5","2","5","1","1","5","3","4","4","5","5","0","0","1","2","-2","1","1","2","5","4","5","4","2","1","2","3","4","3","4","6","4","8","3","7","6","5","7","5","5","3","3","6","2","5","2","5","5","1","2","2","5","1","1","5","5","4","6","3","1","2","2","1","1","2","6","2","1","7","1","1","1","1","1","2","1","7","1","3","799230569765543938","仲","102","Female","[""坏我"",""好我"",""好她"",""坏她""]","[""弱我"",""强我"",""强她"",""弱她""]","","","","","","","","","","","","","","","","","","feedback_test","","","","","","","","","","","","","","","","","","","","",""
"730","","j","psychophysics","1366","2247197","0.0-10.0-1.0-4.0-0.6-0.333","5","2","5","1","1","5","3","4","4","5","5","0","0","1","2","-2","1","1","2","5","4","5","4","2","1","2","3","4","3","4","6","4","8","3","7","6","5","7","5","5","3","3","6","2","5","2","5","5","1","2","2","5","1","1","5","5","4","6","3","1","2","2","1","1","2","6","2","1","7","1","1","1","1","1","2","1","7","1","3","799230569765543938","仲","102","Female","[""坏我"",""好我"",""好她"",""坏她""]","[""弱我"",""强我"",""强她"",""弱她""]","","","","","","","","nonmatch","","","","","","","","","ALT2","ability","","key","j","16.66504854368932","683","380","","弱我","","","","f","false","","","match","","img/trapezoid.png","弱我","",""
"null","<span style='color:red; font-size: 70px;'>错误! </span>","null","html-keyboard-response","1367","2247699","0.0-10.0-1.0-4.0-0.6-1.333","5","2","5","1","1","5","3","4","4","5","5","0","0","1","2","-2","1","1","2","5","4","5","4","2","1","2","3","4","3","4","6","4","8","3","7","6","5","7","5","5","3","3","6","2","5","2","5","5","1","2","2","5","1","1","5","5","4","6","3","1","2","2","1","1","2","6","2","1","7","1","1","1","1","1","2","1","7","1","3","799230569765543938","仲","102","Female","[""坏我"",""好我"",""好她"",""坏她""]","[""弱我"",""强我"",""强她"",""弱她""]","","","","","","","","","","","","","","","","","","feedback_test","","","","","","","","","","","","","","","","","","","","",""
"812","","f","psychophysics","1368","2249517","0.0-10.0-1.0-4.0-0.6-0.334","5","2","5","1","1","5","3","4","4","5","5","0","0","1","2","-2","1","1","2","5","4","5","4","2","1","2","3","4","3","4","6","4","8","3","7","6","5","7","5","5","3","3","6","2","5","2","5","5","1","2","2","5","1","1","5","5","4","6","3","1","2","2","1","1","2","6","2","1","7","1","1","1","1","1","2","1","7","1","3","799230569765543938","仲","102","Female","[""坏我"",""好我"",""好她"",""坏她""]","[""弱我"",""强我"",""强她"",""弱她""]","","","","","","","","match","","","","","","","","","ALT2","ability","","key","f","16.665740740739878","683","380","","弱她","","","","j","false","","","nonmatch","","img/pentagon.png","强我","",""
"null","<span style='color:red; font-size: 70px;'>错误! </span>","null","html-keyboard-response","1369","2250023","0.0-10.0-1.0-4.0-0.6-1.334","5","2","5","1","1","5","3","4","4","5","5","0","0","1","2","-2","1","1","2","5","4","5","4","2","1","2","3","4","3","4","6","4","8","3","7","6","5","7","5","5","3","3","6","2","5","2","5","5","1","2","2","5","1","1","5","5","4","6","3","1","2","2","1","1","2","6","2","1","7","1","1","1","1","1","2","1","7","1","3","799230569765543938","仲","102","Female","[""坏我"",""好我"",""好她"",""坏她""]","[""弱我"",""强我"",""强她"",""弱她""]","","","","","","","","","","","","","","","","","","feedback_test","","","","","","","","","","","","","","","","","","","","",""
"895","","j","psychophysics","1370","2251926","0.0-10.0-1.0-4.0-0.6-0.335","5","2","5","1","1","5","3","4","4","5","5","0","0","1","2","-2","1","1","2","5","4","5","4","2","1","2","3","4","3","4","6","4","8","3","7","6","5","7","5","5","3","3","6","2","5","2","5","5","1","2","2","5","1","1","5","5","4","6","3","1","2","2","1","1","2","6","2","1","7","1","1","1","1","1","2","1","7","1","3","799230569765543938","仲","102","Female","[""坏我"",""好我"",""好她"",""坏她""]","[""弱我"",""强我"",""强她"",""弱她""]","","","","","","","","nonmatch","","","","","","","","","ALT2","ability","","key","j","16.665178571428573","683","380","","弱我","","","","j","true","","","nonmatch","","img/circle.png","弱她","",""
"null","<span style='color:GreenYellow; font-size: 70px;'>正确! </span>","null","html-keyboard-response","1371","2252427","0.0-10.0-1.0-4.0-0.6-1.335","5","2","5","1","1","5","3","4","4","5","5","0","0","1","2","-2","1","1","2","5","4","5","4","2","1","2","3","4","3","4","6","4","8","3","7","6","5","7","5","5","3","3","6","2","5","2","5","5","1","2","2","5","1","1","5","5","4","6","3","1","2","2","1","1","2","6","2","1","7","1","1","1","1","1","2","1","7","1","3","799230569765543938","仲","102","Female","[""坏我"",""好我"",""好她"",""坏她""]","[""弱我"",""强我"",""强她"",""弱她""]","","","","","","","","","","","","","","","","","","feedback_test","","","","","","","","","","","","","","","","","","","","",""
"2189","<style>.context{color:white; font-size: 35px; line-height:40px}</style>                          <div><p class='context'>您正确回答了92% 的试次。</p><p class='context'>您的平均反应时为785毫秒。</p><p class='context'>请按空格键进入休息。</p></div>"," ","html-keyboard-response","1372","2254620","0.0-10.0-1.0-4.0-1.6","5","2","5","1","1","5","3","4","4","5","5","0","0","1","2","-2","1","1","2","5","4","5","4","2","1","2","3","4","3","4","6","4","8","3","7","6","5","7","5","5","3","3","6","2","5","2","5","5","1","2","2","5","1","1","5","5","4","6","3","1","2","2","1","1","2","6","2","1","7","1","1","1","1","1","2","1","7","1","3","799230569765543938","仲","102","Female","[""坏我"",""好我"",""好她"",""坏她""]","[""弱我"",""强我"",""强她"",""弱她""]","","","","","","","","","","","","","","","","","","","","","","","","","","","","","","","","","","","","","","",""
"6178","
        <p >您当前还剩余1组实验</p>
        <p >现在是休息时间，当您结束休息后，</p>
        <p >您可以点击 结束休息 按钮 继续。</p>
        <p >建议休息时间还剩余<span id=""iii"">60</span>秒。</p>","0","html-button-response","1373","2260807","0.0-10.0-1.0-4.0-2.6","5","2","5","1","1","5","3","4","4","5","5","0","0","1","2","-2","1","1","2","5","4","5","4","2","1","2","3","4","3","4","6","4","8","3","7","6","5","7","5","5","3","3","6","2","5","2","5","5","1","2","2","5","1","1","5","5","4","6","3","1","2","2","1","1","2","6","2","1","7","1","1","1","1","1","2","1","7","1","3","799230569765543938","仲","102","Female","[""坏我"",""好我"",""好她"",""坏她""]","[""弱我"",""强我"",""强她"",""弱她""]","","","","","","","","","","","","","","","","","","","","","","","","","","","","","","","","","","","","","","",""
"936","","f","psychophysics","1374","2262750","0.0-10.0-1.0-4.0-0.7-0.336","5","2","5","1","1","5","3","4","4","5","5","0","0","1","2","-2","1","1","2","5","4","5","4","2","1","2","3","4","3","4","6","4","8","3","7","6","5","7","5","5","3","3","6","2","5","2","5","5","1","2","2","5","1","1","5","5","4","6","3","1","2","2","1","1","2","6","2","1","7","1","1","1","1","1","2","1","7","1","3","799230569765543938","仲","102","Female","[""坏我"",""好我"",""好她"",""坏她""]","[""弱我"",""强我"",""强她"",""弱她""]","","","","","","","","match","","","","","","","","","ALT2","ability","","key","f","16.664347826086146","683","380","","强我","","","","f","true","","","match","","img/pentagon.png","强我","",""
"null","<span style='color:GreenYellow; font-size: 70px;'>正确! </span>","null","html-keyboard-response","1375","2263258","0.0-10.0-1.0-4.0-0.7-1.336","5","2","5","1","1","5","3","4","4","5","5","0","0","1","2","-2","1","1","2","5","4","5","4","2","1","2","3","4","3","4","6","4","8","3","7","6","5","7","5","5","3","3","6","2","5","2","5","5","1","2","2","5","1","1","5","5","4","6","3","1","2","2","1","1","2","6","2","1","7","1","1","1","1","1","2","1","7","1","3","799230569765543938","仲","102","Female","[""坏我"",""好我"",""好她"",""坏她""]","[""弱我"",""强我"",""强她"",""弱她""]","","","","","","","","","","","","","","","","","","feedback_test","","","","","","","","","","","","","","","","","","","","",""
"1071","","j","psychophysics","1376","2265332","0.0-10.0-1.0-4.0-0.7-0.337","5","2","5","1","1","5","3","4","4","5","5","0","0","1","2","-2","1","1","2","5","4","5","4","2","1","2","3","4","3","4","6","4","8","3","7","6","5","7","5","5","3","3","6","2","5","2","5","5","1","2","2","5","1","1","5","5","4","6","3","1","2","2","1","1","2","6","2","1","7","1","1","1","1","1","2","1","7","1","3","799230569765543938","仲","102","Female","[""坏我"",""好我"",""好她"",""坏她""]","[""弱我"",""强我"",""强她"",""弱她""]","","","","","","","","nonmatch","","","","","","","","","ALT2","ability","","key","j","16.666666666666668","683","380","","强她","","","","j","true","","","nonmatch","","img/circle.png","弱她","",""
"null","<span style='color:GreenYellow; font-size: 70px;'>正确! </span>","null","html-keyboard-response","1377","2265841","0.0-10.0-1.0-4.0-0.7-1.337","5","2","5","1","1","5","3","4","4","5","5","0","0","1","2","-2","1","1","2","5","4","5","4","2","1","2","3","4","3","4","6","4","8","3","7","6","5","7","5","5","3","3","6","2","5","2","5","5","1","2","2","5","1","1","5","5","4","6","3","1","2","2","1","1","2","6","2","1","7","1","1","1","1","1","2","1","7","1","3","799230569765543938","仲","102","Female","[""坏我"",""好我"",""好她"",""坏她""]","[""弱我"",""强我"",""强她"",""弱她""]","","","","","","","","","","","","","","","","","","feedback_test","","","","","","","","","","","","","","","","","","","","",""
"816","","f","psychophysics","1378","2267665","0.0-10.0-1.0-4.0-0.7-0.338","5","2","5","1","1","5","3","4","4","5","5","0","0","1","2","-2","1","1","2","5","4","5","4","2","1","2","3","4","3","4","6","4","8","3","7","6","5","7","5","5","3","3","6","2","5","2","5","5","1","2","2","5","1","1","5","5","4","6","3","1","2","2","1","1","2","6","2","1","7","1","1","1","1","1","2","1","7","1","3","799230569765543938","仲","102","Female","[""坏我"",""好我"",""好她"",""坏她""]","[""弱我"",""强我"",""强她"",""弱她""]","","","","","","","","match","","","","","","","","","ALT2","ability","","key","f","16.665740740739878","683","380","","强她","","","","f","true","","","match","","img/diamond.png","强她","",""
"null","<span style='color:GreenYellow; font-size: 70px;'>正确! </span>","null","html-keyboard-response","1379","2268172","0.0-10.0-1.0-4.0-0.7-1.338","5","2","5","1","1","5","3","4","4","5","5","0","0","1","2","-2","1","1","2","5","4","5","4","2","1","2","3","4","3","4","6","4","8","3","7","6","5","7","5","5","3","3","6","2","5","2","5","5","1","2","2","5","1","1","5","5","4","6","3","1","2","2","1","1","2","6","2","1","7","1","1","1","1","1","2","1","7","1","3","799230569765543938","仲","102","Female","[""坏我"",""好我"",""好她"",""坏她""]","[""弱我"",""强我"",""强她"",""弱她""]","","","","","","","","","","","","","","","","","","feedback_test","","","","","","","","","","","","","","","","","","","","",""
"933","","j","psychophysics","1380","2270107","0.0-10.0-1.0-4.0-0.7-0.339","5","2","5","1","1","5","3","4","4","5","5","0","0","1","2","-2","1","1","2","5","4","5","4","2","1","2","3","4","3","4","6","4","8","3","7","6","5","7","5","5","3","3","6","2","5","2","5","5","1","2","2","5","1","1","5","5","4","6","3","1","2","2","1","1","2","6","2","1","7","1","1","1","1","1","2","1","7","1","3","799230569765543938","仲","102","Female","[""坏我"",""好我"",""好她"",""坏她""]","[""弱我"",""强我"",""强她"",""弱她""]","","","","","","","","nonmatch","","","","","","","","","ALT2","ability","","key","j","16.66608695652255","683","380","","弱我","","","","j","true","","","nonmatch","","img/diamond.png","强她","",""
"null","<span style='color:GreenYellow; font-size: 70px;'>正确! </span>","null","html-keyboard-response","1381","2270612","0.0-10.0-1.0-4.0-0.7-1.339","5","2","5","1","1","5","3","4","4","5","5","0","0","1","2","-2","1","1","2","5","4","5","4","2","1","2","3","4","3","4","6","4","8","3","7","6","5","7","5","5","3","3","6","2","5","2","5","5","1","2","2","5","1","1","5","5","4","6","3","1","2","2","1","1","2","6","2","1","7","1","1","1","1","1","2","1","7","1","3","799230569765543938","仲","102","Female","[""坏我"",""好我"",""好她"",""坏她""]","[""弱我"",""强我"",""强她"",""弱她""]","","","","","","","","","","","","","","","","","","feedback_test","","","","","","","","","","","","","","","","","","","","",""
"720","","f","psychophysics","1382","2272335","0.0-10.0-1.0-4.0-0.7-0.340","5","2","5","1","1","5","3","4","4","5","5","0","0","1","2","-2","1","1","2","5","4","5","4","2","1","2","3","4","3","4","6","4","8","3","7","6","5","7","5","5","3","3","6","2","5","2","5","5","1","2","2","5","1","1","5","5","4","6","3","1","2","2","1","1","2","6","2","1","7","1","1","1","1","1","2","1","7","1","3","799230569765543938","仲","102","Female","[""坏我"",""好我"",""好她"",""坏她""]","[""弱我"",""强我"",""强她"",""弱她""]","","","","","","","","match","","","","","","","","","ALT2","ability","","key","f","16.6653465346507","683","380","","强我","","","","f","true","","","match","","img/pentagon.png","强我","",""
"null","<span style='color:GreenYellow; font-size: 70px;'>正确! </span>","null","html-keyboard-response","1383","2272837","0.0-10.0-1.0-4.0-0.7-1.340","5","2","5","1","1","5","3","4","4","5","5","0","0","1","2","-2","1","1","2","5","4","5","4","2","1","2","3","4","3","4","6","4","8","3","7","6","5","7","5","5","3","3","6","2","5","2","5","5","1","2","2","5","1","1","5","5","4","6","3","1","2","2","1","1","2","6","2","1","7","1","1","1","1","1","2","1","7","1","3","799230569765543938","仲","102","Female","[""坏我"",""好我"",""好她"",""坏她""]","[""弱我"",""强我"",""强她"",""弱她""]","","","","","","","","","","","","","","","","","","feedback_test","","","","","","","","","","","","","","","","","","","","",""
"664","","f","psychophysics","1384","2274506","0.0-10.0-1.0-4.0-0.7-0.341","5","2","5","1","1","5","3","4","4","5","5","0","0","1","2","-2","1","1","2","5","4","5","4","2","1","2","3","4","3","4","6","4","8","3","7","6","5","7","5","5","3","3","6","2","5","2","5","5","1","2","2","5","1","1","5","5","4","6","3","1","2","2","1","1","2","6","2","1","7","1","1","1","1","1","2","1","7","1","3","799230569765543938","仲","102","Female","[""坏我"",""好我"",""好她"",""坏她""]","[""弱我"",""强我"",""强她"",""弱她""]","","","","","","","","match","","","","","","","","","ALT2","ability","","key","f","16.664646464644584","683","380","","弱我","","","","f","true","","","match","","img/trapezoid.png","弱我","",""
"null","<span style='color:GreenYellow; font-size: 70px;'>正确! </span>","null","html-keyboard-response","1385","2275009","0.0-10.0-1.0-4.0-0.7-1.341","5","2","5","1","1","5","3","4","4","5","5","0","0","1","2","-2","1","1","2","5","4","5","4","2","1","2","3","4","3","4","6","4","8","3","7","6","5","7","5","5","3","3","6","2","5","2","5","5","1","2","2","5","1","1","5","5","4","6","3","1","2","2","1","1","2","6","2","1","7","1","1","1","1","1","2","1","7","1","3","799230569765543938","仲","102","Female","[""坏我"",""好我"",""好她"",""坏她""]","[""弱我"",""强我"",""强她"",""弱她""]","","","","","","","","","","","","","","","","","","feedback_test","","","","","","","","","","","","","","","","","","","","",""
"633","","f","psychophysics","1386","2276647","0.0-10.0-1.0-4.0-0.7-0.342","5","2","5","1","1","5","3","4","4","5","5","0","0","1","2","-2","1","1","2","5","4","5","4","2","1","2","3","4","3","4","6","4","8","3","7","6","5","7","5","5","3","3","6","2","5","2","5","5","1","2","2","5","1","1","5","5","4","6","3","1","2","2","1","1","2","6","2","1","7","1","1","1","1","1","2","1","7","1","3","799230569765543938","仲","102","Female","[""坏我"",""好我"",""好她"",""坏她""]","[""弱我"",""强我"",""强她"",""弱她""]","","","","","","","","match","","","","","","","","","ALT2","ability","","key","f","16.66597938144426","683","380","","强我","","","","f","true","","","match","","img/pentagon.png","强我","",""
"null","<span style='color:GreenYellow; font-size: 70px;'>正确! </span>","null","html-keyboard-response","1387","2277151","0.0-10.0-1.0-4.0-0.7-1.342","5","2","5","1","1","5","3","4","4","5","5","0","0","1","2","-2","1","1","2","5","4","5","4","2","1","2","3","4","3","4","6","4","8","3","7","6","5","7","5","5","3","3","6","2","5","2","5","5","1","2","2","5","1","1","5","5","4","6","3","1","2","2","1","1","2","6","2","1","7","1","1","1","1","1","2","1","7","1","3","799230569765543938","仲","102","Female","[""坏我"",""好我"",""好她"",""坏她""]","[""弱我"",""强我"",""强她"",""弱她""]","","","","","","","","","","","","","","","","","","feedback_test","","","","","","","","","","","","","","","","","","","","",""
"703","","f","psychophysics","1388","2278857","0.0-10.0-1.0-4.0-0.7-0.343","5","2","5","1","1","5","3","4","4","5","5","0","0","1","2","-2","1","1","2","5","4","5","4","2","1","2","3","4","3","4","6","4","8","3","7","6","5","7","5","5","3","3","6","2","5","2","5","5","1","2","2","5","1","1","5","5","4","6","3","1","2","2","1","1","2","6","2","1","7","1","1","1","1","1","2","1","7","1","3","799230569765543938","仲","102","Female","[""坏我"",""好我"",""好她"",""坏她""]","[""弱我"",""强我"",""强她"",""弱她""]","","","","","","","","match","","","","","","","","","ALT2","ability","","key","f","16.66470588235568","683","380","","弱我","","","","f","true","","","match","","img/trapezoid.png","弱我","",""
"null","<span style='color:GreenYellow; font-size: 70px;'>正确! </span>","null","html-keyboard-response","1389","2279359","0.0-10.0-1.0-4.0-0.7-1.343","5","2","5","1","1","5","3","4","4","5","5","0","0","1","2","-2","1","1","2","5","4","5","4","2","1","2","3","4","3","4","6","4","8","3","7","6","5","7","5","5","3","3","6","2","5","2","5","5","1","2","2","5","1","1","5","5","4","6","3","1","2","2","1","1","2","6","2","1","7","1","1","1","1","1","2","1","7","1","3","799230569765543938","仲","102","Female","[""坏我"",""好我"",""好她"",""坏她""]","[""弱我"",""强我"",""强她"",""弱她""]","","","","","","","","","","","","","","","","","","feedback_test","","","","","","","","","","","","","","","","","","","","",""
"659","","f","psychophysics","1390","2281023","0.0-10.0-1.0-4.0-0.7-0.344","5","2","5","1","1","5","3","4","4","5","5","0","0","1","2","-2","1","1","2","5","4","5","4","2","1","2","3","4","3","4","6","4","8","3","7","6","5","7","5","5","3","3","6","2","5","2","5","5","1","2","2","5","1","1","5","5","4","6","3","1","2","2","1","1","2","6","2","1","7","1","1","1","1","1","2","1","7","1","3","799230569765543938","仲","102","Female","[""坏我"",""好我"",""好她"",""坏她""]","[""弱我"",""强我"",""强她"",""弱她""]","","","","","","","","match","","","","","","","","","ALT2","ability","","key","f","16.665656565660328","683","380","","强她","","","","f","true","","","match","","img/diamond.png","强她","",""
"null","<span style='color:GreenYellow; font-size: 70px;'>正确! </span>","null","html-keyboard-response","1391","2281525","0.0-10.0-1.0-4.0-0.7-1.344","5","2","5","1","1","5","3","4","4","5","5","0","0","1","2","-2","1","1","2","5","4","5","4","2","1","2","3","4","3","4","6","4","8","3","7","6","5","7","5","5","3","3","6","2","5","2","5","5","1","2","2","5","1","1","5","5","4","6","3","1","2","2","1","1","2","6","2","1","7","1","1","1","1","1","2","1","7","1","3","799230569765543938","仲","102","Female","[""坏我"",""好我"",""好她"",""坏她""]","[""弱我"",""强我"",""强她"",""弱她""]","","","","","","","","","","","","","","","","","","feedback_test","","","","","","","","","","","","","","","","","","","","",""
"776","","f","psychophysics","1392","2283310","0.0-10.0-1.0-4.0-0.7-0.345","5","2","5","1","1","5","3","4","4","5","5","0","0","1","2","-2","1","1","2","5","4","5","4","2","1","2","3","4","3","4","6","4","8","3","7","6","5","7","5","5","3","3","6","2","5","2","5","5","1","2","2","5","1","1","5","5","4","6","3","1","2","2","1","1","2","6","2","1","7","1","1","1","1","1","2","1","7","1","3","799230569765543938","仲","102","Female","[""坏我"",""好我"",""好她"",""坏她""]","[""弱我"",""强我"",""强她"",""弱她""]","","","","","","","","match","","","","","","","","","ALT2","ability","","key","f","16.666037735849937","683","380","","强她","","","","f","true","","","match","","img/diamond.png","强她","",""
"null","<span style='color:GreenYellow; font-size: 70px;'>正确! </span>","null","html-keyboard-response","1393","2283813","0.0-10.0-1.0-4.0-0.7-1.345","5","2","5","1","1","5","3","4","4","5","5","0","0","1","2","-2","1","1","2","5","4","5","4","2","1","2","3","4","3","4","6","4","8","3","7","6","5","7","5","5","3","3","6","2","5","2","5","5","1","2","2","5","1","1","5","5","4","6","3","1","2","2","1","1","2","6","2","1","7","1","1","1","1","1","2","1","7","1","3","799230569765543938","仲","102","Female","[""坏我"",""好我"",""好她"",""坏她""]","[""弱我"",""强我"",""强她"",""弱她""]","","","","","","","","","","","","","","","","","","feedback_test","","","","","","","","","","","","","","","","","","","","",""
"880","","f","psychophysics","1394","2285699","0.0-10.0-1.0-4.0-0.7-0.346","5","2","5","1","1","5","3","4","4","5","5","0","0","1","2","-2","1","1","2","5","4","5","4","2","1","2","3","4","3","4","6","4","8","3","7","6","5","7","5","5","3","3","6","2","5","2","5","5","1","2","2","5","1","1","5","5","4","6","3","1","2","2","1","1","2","6","2","1","7","1","1","1","1","1","2","1","7","1","3","799230569765543938","仲","102","Female","[""坏我"",""好我"",""好她"",""坏她""]","[""弱我"",""强我"",""强她"",""弱她""]","","","","","","","","match","","","","","","","","","ALT2","ability","","key","f","16.664864864867383","683","380","","弱她","","","","f","true","","","match","","img/circle.png","弱她","",""
"null","<span style='color:GreenYellow; font-size: 70px;'>正确! </span>","null","html-keyboard-response","1395","2286202","0.0-10.0-1.0-4.0-0.7-1.346","5","2","5","1","1","5","3","4","4","5","5","0","0","1","2","-2","1","1","2","5","4","5","4","2","1","2","3","4","3","4","6","4","8","3","7","6","5","7","5","5","3","3","6","2","5","2","5","5","1","2","2","5","1","1","5","5","4","6","3","1","2","2","1","1","2","6","2","1","7","1","1","1","1","1","2","1","7","1","3","799230569765543938","仲","102","Female","[""坏我"",""好我"",""好她"",""坏她""]","[""弱我"",""强我"",""强她"",""弱她""]","","","","","","","","","","","","","","","","","","feedback_test","","","","","","","","","","","","","","","","","","","","",""
"719","","j","psychophysics","1396","2287922","0.0-10.0-1.0-4.0-0.7-0.347","5","2","5","1","1","5","3","4","4","5","5","0","0","1","2","-2","1","1","2","5","4","5","4","2","1","2","3","4","3","4","6","4","8","3","7","6","5","7","5","5","3","3","6","2","5","2","5","5","1","2","2","5","1","1","5","5","4","6","3","1","2","2","1","1","2","6","2","1","7","1","1","1","1","1","2","1","7","1","3","799230569765543938","仲","102","Female","[""坏我"",""好我"",""好她"",""坏她""]","[""弱我"",""强我"",""强她"",""弱她""]","","","","","","","","nonmatch","","","","","","","","","ALT2","ability","","key","j","16.66504854368932","683","380","","强她","","","","j","true","","","nonmatch","","img/trapezoid.png","弱我","",""
"null","<span style='color:GreenYellow; font-size: 70px;'>正确! </span>","null","html-keyboard-response","1397","2288427","0.0-10.0-1.0-4.0-0.7-1.347","5","2","5","1","1","5","3","4","4","5","5","0","0","1","2","-2","1","1","2","5","4","5","4","2","1","2","3","4","3","4","6","4","8","3","7","6","5","7","5","5","3","3","6","2","5","2","5","5","1","2","2","5","1","1","5","5","4","6","3","1","2","2","1","1","2","6","2","1","7","1","1","1","1","1","2","1","7","1","3","799230569765543938","仲","102","Female","[""坏我"",""好我"",""好她"",""坏她""]","[""弱我"",""强我"",""强她"",""弱她""]","","","","","","","","","","","","","","","","","","feedback_test","","","","","","","","","","","","","","","","","","","","",""
"826","","j","psychophysics","1398","2290258","0.0-10.0-1.0-4.0-0.7-0.348","5","2","5","1","1","5","3","4","4","5","5","0","0","1","2","-2","1","1","2","5","4","5","4","2","1","2","3","4","3","4","6","4","8","3","7","6","5","7","5","5","3","3","6","2","5","2","5","5","1","2","2","5","1","1","5","5","4","6","3","1","2","2","1","1","2","6","2","1","7","1","1","1","1","1","2","1","7","1","3","799230569765543938","仲","102","Female","[""坏我"",""好我"",""好她"",""坏她""]","[""弱我"",""强我"",""强她"",""弱她""]","","","","","","","","nonmatch","","","","","","","","","ALT2","ability","","key","j","16.666055045872415","683","380","","弱她","","","","j","true","","","nonmatch","","img/pentagon.png","强我","",""
"null","<span style='color:GreenYellow; font-size: 70px;'>正确! </span>","null","html-keyboard-response","1399","2290761","0.0-10.0-1.0-4.0-0.7-1.348","5","2","5","1","1","5","3","4","4","5","5","0","0","1","2","-2","1","1","2","5","4","5","4","2","1","2","3","4","3","4","6","4","8","3","7","6","5","7","5","5","3","3","6","2","5","2","5","5","1","2","2","5","1","1","5","5","4","6","3","1","2","2","1","1","2","6","2","1","7","1","1","1","1","1","2","1","7","1","3","799230569765543938","仲","102","Female","[""坏我"",""好我"",""好她"",""坏她""]","[""弱我"",""强我"",""强她"",""弱她""]","","","","","","","","","","","","","","","","","","feedback_test","","","","","","","","","","","","","","","","","","","","",""
"942","","f","psychophysics","1400","2292711","0.0-10.0-1.0-4.0-0.7-0.349","5","2","5","1","1","5","3","4","4","5","5","0","0","1","2","-2","1","1","2","5","4","5","4","2","1","2","3","4","3","4","6","4","8","3","7","6","5","7","5","5","3","3","6","2","5","2","5","5","1","2","2","5","1","1","5","5","4","6","3","1","2","2","1","1","2","6","2","1","7","1","1","1","1","1","2","1","7","1","3","799230569765543938","仲","102","Female","[""坏我"",""好我"",""好她"",""坏她""]","[""弱我"",""强我"",""强她"",""弱她""]","","","","","","","","match","","","","","","","","","ALT2","ability","","key","f","16.66810344827586","683","380","","弱她","","","","f","true","","","match","","img/circle.png","弱她","",""
"null","<span style='color:GreenYellow; font-size: 70px;'>正确! </span>","null","html-keyboard-response","1401","2293213","0.0-10.0-1.0-4.0-0.7-1.349","5","2","5","1","1","5","3","4","4","5","5","0","0","1","2","-2","1","1","2","5","4","5","4","2","1","2","3","4","3","4","6","4","8","3","7","6","5","7","5","5","3","3","6","2","5","2","5","5","1","2","2","5","1","1","5","5","4","6","3","1","2","2","1","1","2","6","2","1","7","1","1","1","1","1","2","1","7","1","3","799230569765543938","仲","102","Female","[""坏我"",""好我"",""好她"",""坏她""]","[""弱我"",""强我"",""强她"",""弱她""]","","","","","","","","","","","","","","","","","","feedback_test","","","","","","","","","","","","","","","","","","","","",""
"798","","j","psychophysics","1402","2295017","0.0-10.0-1.0-4.0-0.7-0.350","5","2","5","1","1","5","3","4","4","5","5","0","0","1","2","-2","1","1","2","5","4","5","4","2","1","2","3","4","3","4","6","4","8","3","7","6","5","7","5","5","3","3","6","2","5","2","5","5","1","2","2","5","1","1","5","5","4","6","3","1","2","2","1","1","2","6","2","1","7","1","1","1","1","1","2","1","7","1","3","799230569765543938","仲","102","Female","[""坏我"",""好我"",""好她"",""坏她""]","[""弱我"",""强我"",""强她"",""弱她""]","","","","","","","","nonmatch","","","","","","","","","ALT2","ability","","key","j","16.666355140189527","683","380","","弱她","","","","j","true","","","nonmatch","","img/diamond.png","强她","",""
"null","<span style='color:GreenYellow; font-size: 70px;'>正确! </span>","null","html-keyboard-response","1403","2295521","0.0-10.0-1.0-4.0-0.7-1.350","5","2","5","1","1","5","3","4","4","5","5","0","0","1","2","-2","1","1","2","5","4","5","4","2","1","2","3","4","3","4","6","4","8","3","7","6","5","7","5","5","3","3","6","2","5","2","5","5","1","2","2","5","1","1","5","5","4","6","3","1","2","2","1","1","2","6","2","1","7","1","1","1","1","1","2","1","7","1","3","799230569765543938","仲","102","Female","[""坏我"",""好我"",""好她"",""坏她""]","[""弱我"",""强我"",""强她"",""弱她""]","","","","","","","","","","","","","","","","","","feedback_test","","","","","","","","","","","","","","","","","","","","",""
"672","","f","psychophysics","1404","2297201","0.0-10.0-1.0-4.0-0.7-0.351","5","2","5","1","1","5","3","4","4","5","5","0","0","1","2","-2","1","1","2","5","4","5","4","2","1","2","3","4","3","4","6","4","8","3","7","6","5","7","5","5","3","3","6","2","5","2","5","5","1","2","2","5","1","1","5","5","4","6","3","1","2","2","1","1","2","6","2","1","7","1","1","1","1","1","2","1","7","1","3","799230569765543938","仲","102","Female","[""坏我"",""好我"",""好她"",""坏她""]","[""弱我"",""强我"",""强她"",""弱她""]","","","","","","","","match","","","","","","","","","ALT2","ability","","key","f","16.665656565655624","683","380","","弱我","","","","f","true","","","match","","img/trapezoid.png","弱我","",""
"null","<span style='color:GreenYellow; font-size: 70px;'>正确! </span>","null","html-keyboard-response","1405","2297710","0.0-10.0-1.0-4.0-0.7-1.351","5","2","5","1","1","5","3","4","4","5","5","0","0","1","2","-2","1","1","2","5","4","5","4","2","1","2","3","4","3","4","6","4","8","3","7","6","5","7","5","5","3","3","6","2","5","2","5","5","1","2","2","5","1","1","5","5","4","6","3","1","2","2","1","1","2","6","2","1","7","1","1","1","1","1","2","1","7","1","3","799230569765543938","仲","102","Female","[""坏我"",""好我"",""好她"",""坏她""]","[""弱我"",""强我"",""强她"",""弱她""]","","","","","","","","","","","","","","","","","","feedback_test","","","","","","","","","","","","","","","","","","","","",""
"1046","","f","psychophysics","1406","2299762","0.0-10.0-1.0-4.0-0.7-0.352","5","2","5","1","1","5","3","4","4","5","5","0","0","1","2","-2","1","1","2","5","4","5","4","2","1","2","3","4","3","4","6","4","8","3","7","6","5","7","5","5","3","3","6","2","5","2","5","5","1","2","2","5","1","1","5","5","4","6","3","1","2","2","1","1","2","6","2","1","7","1","1","1","1","1","2","1","7","1","3","799230569765543938","仲","102","Female","[""坏我"",""好我"",""好她"",""坏她""]","[""弱我"",""强我"",""强她"",""弱她""]","","","","","","","","match","","","","","","","","","ALT2","ability","","key","f","16.665573770489512","683","380","","弱我","","","","j","false","","","nonmatch","","img/pentagon.png","强我","",""
"null","<span style='color:red; font-size: 70px;'>错误! </span>","null","html-keyboard-response","1407","2300270","0.0-10.0-1.0-4.0-0.7-1.352","5","2","5","1","1","5","3","4","4","5","5","0","0","1","2","-2","1","1","2","5","4","5","4","2","1","2","3","4","3","4","6","4","8","3","7","6","5","7","5","5","3","3","6","2","5","2","5","5","1","2","2","5","1","1","5","5","4","6","3","1","2","2","1","1","2","6","2","1","7","1","1","1","1","1","2","1","7","1","3","799230569765543938","仲","102","Female","[""坏我"",""好我"",""好她"",""坏她""]","[""弱我"",""强我"",""强她"",""弱她""]","","","","","","","","","","","","","","","","","","feedback_test","","","","","","","","","","","","","","","","","","","","",""
"708","","j","psychophysics","1408","2301983","0.0-10.0-1.0-4.0-0.7-0.353","5","2","5","1","1","5","3","4","4","5","5","0","0","1","2","-2","1","1","2","5","4","5","4","2","1","2","3","4","3","4","6","4","8","3","7","6","5","7","5","5","3","3","6","2","5","2","5","5","1","2","2","5","1","1","5","5","4","6","3","1","2","2","1","1","2","6","2","1","7","1","1","1","1","1","2","1","7","1","3","799230569765543938","仲","102","Female","[""坏我"",""好我"",""好她"",""坏她""]","[""弱我"",""强我"",""强她"",""弱她""]","","","","","","","","nonmatch","","","","","","","","","ALT2","ability","","key","j","16.666336633661523","683","380","","强她","","","","j","true","","","nonmatch","","img/pentagon.png","强我","",""
"null","<span style='color:GreenYellow; font-size: 70px;'>正确! </span>","null","html-keyboard-response","1409","2302485","0.0-10.0-1.0-4.0-0.7-1.353","5","2","5","1","1","5","3","4","4","5","5","0","0","1","2","-2","1","1","2","5","4","5","4","2","1","2","3","4","3","4","6","4","8","3","7","6","5","7","5","5","3","3","6","2","5","2","5","5","1","2","2","5","1","1","5","5","4","6","3","1","2","2","1","1","2","6","2","1","7","1","1","1","1","1","2","1","7","1","3","799230569765543938","仲","102","Female","[""坏我"",""好我"",""好她"",""坏她""]","[""弱我"",""强我"",""强她"",""弱她""]","","","","","","","","","","","","","","","","","","feedback_test","","","","","","","","","","","","","","","","","","","","",""
"1024","","j","psychophysics","1410","2304513","0.0-10.0-1.0-4.0-0.7-0.354","5","2","5","1","1","5","3","4","4","5","5","0","0","1","2","-2","1","1","2","5","4","5","4","2","1","2","3","4","3","4","6","4","8","3","7","6","5","7","5","5","3","3","6","2","5","2","5","5","1","2","2","5","1","1","5","5","4","6","3","1","2","2","1","1","2","6","2","1","7","1","1","1","1","1","2","1","7","1","3","799230569765543938","仲","102","Female","[""坏我"",""好我"",""好她"",""坏她""]","[""弱我"",""强我"",""强她"",""弱她""]","","","","","","","","nonmatch","","","","","","","","","ALT2","ability","","key","j","16.665833333336437","683","380","","弱她","","","","j","true","","","nonmatch","","img/trapezoid.png","弱我","",""
"null","<span style='color:GreenYellow; font-size: 70px;'>正确! </span>","null","html-keyboard-response","1411","2305021","0.0-10.0-1.0-4.0-0.7-1.354","5","2","5","1","1","5","3","4","4","5","5","0","0","1","2","-2","1","1","2","5","4","5","4","2","1","2","3","4","3","4","6","4","8","3","7","6","5","7","5","5","3","3","6","2","5","2","5","5","1","2","2","5","1","1","5","5","4","6","3","1","2","2","1","1","2","6","2","1","7","1","1","1","1","1","2","1","7","1","3","799230569765543938","仲","102","Female","[""坏我"",""好我"",""好她"",""坏她""]","[""弱我"",""强我"",""强她"",""弱她""]","","","","","","","","","","","","","","","","","","feedback_test","","","","","","","","","","","","","","","","","","","","",""
"777","","j","psychophysics","1412","2306808","0.0-10.0-1.0-4.0-0.7-0.355","5","2","5","1","1","5","3","4","4","5","5","0","0","1","2","-2","1","1","2","5","4","5","4","2","1","2","3","4","3","4","6","4","8","3","7","6","5","7","5","5","3","3","6","2","5","2","5","5","1","2","2","5","1","1","5","5","4","6","3","1","2","2","1","1","2","6","2","1","7","1","1","1","1","1","2","1","7","1","3","799230569765543938","仲","102","Female","[""坏我"",""好我"",""好她"",""坏她""]","[""弱我"",""强我"",""强她"",""弱她""]","","","","","","","","nonmatch","","","","","","","","","ALT2","ability","","key","j","16.666037735849937","683","380","","强我","","","","j","true","","","nonmatch","","img/diamond.png","强她","",""
"null","<span style='color:GreenYellow; font-size: 70px;'>正确! </span>","null","html-keyboard-response","1413","2307315","0.0-10.0-1.0-4.0-0.7-1.355","5","2","5","1","1","5","3","4","4","5","5","0","0","1","2","-2","1","1","2","5","4","5","4","2","1","2","3","4","3","4","6","4","8","3","7","6","5","7","5","5","3","3","6","2","5","2","5","5","1","2","2","5","1","1","5","5","4","6","3","1","2","2","1","1","2","6","2","1","7","1","1","1","1","1","2","1","7","1","3","799230569765543938","仲","102","Female","[""坏我"",""好我"",""好她"",""坏她""]","[""弱我"",""强我"",""强她"",""弱她""]","","","","","","","","","","","","","","","","","","feedback_test","","","","","","","","","","","","","","","","","","","","",""
"856","","j","psychophysics","1414","2309173","0.0-10.0-1.0-4.0-0.7-0.356","5","2","5","1","1","5","3","4","4","5","5","0","0","1","2","-2","1","1","2","5","4","5","4","2","1","2","3","4","3","4","6","4","8","3","7","6","5","7","5","5","3","3","6","2","5","2","5","5","1","2","2","5","1","1","5","5","4","6","3","1","2","2","1","1","2","6","2","1","7","1","1","1","1","1","2","1","7","1","3","799230569765543938","仲","102","Female","[""坏我"",""好我"",""好她"",""坏她""]","[""弱我"",""强我"",""强她"",""弱她""]","","","","","","","","nonmatch","","","","","","","","","ALT2","ability","","key","j","16.664864864863187","683","380","","强我","","","","j","true","","","nonmatch","","img/trapezoid.png","弱我","",""
"null","<span style='color:GreenYellow; font-size: 70px;'>正确! </span>","null","html-keyboard-response","1415","2309675","0.0-10.0-1.0-4.0-0.7-1.356","5","2","5","1","1","5","3","4","4","5","5","0","0","1","2","-2","1","1","2","5","4","5","4","2","1","2","3","4","3","4","6","4","8","3","7","6","5","7","5","5","3","3","6","2","5","2","5","5","1","2","2","5","1","1","5","5","4","6","3","1","2","2","1","1","2","6","2","1","7","1","1","1","1","1","2","1","7","1","3","799230569765543938","仲","102","Female","[""坏我"",""好我"",""好她"",""坏她""]","[""弱我"",""强我"",""强她"",""弱她""]","","","","","","","","","","","","","","","","","","feedback_test","","","","","","","","","","","","","","","","","","","","",""
"735","","j","psychophysics","1416","2311413","0.0-10.0-1.0-4.0-0.7-0.357","5","2","5","1","1","5","3","4","4","5","5","0","0","1","2","-2","1","1","2","5","4","5","4","2","1","2","3","4","3","4","6","4","8","3","7","6","5","7","5","5","3","3","6","2","5","2","5","5","1","2","2","5","1","1","5","5","4","6","3","1","2","2","1","1","2","6","2","1","7","1","1","1","1","1","2","1","7","1","3","799230569765543938","仲","102","Female","[""坏我"",""好我"",""好她"",""坏她""]","[""弱我"",""强我"",""强她"",""弱她""]","","","","","","","","nonmatch","","","","","","","","","ALT2","ability","","key","j","16.666019417476633","683","380","","强我","","","","j","true","","","nonmatch","","img/circle.png","弱她","",""
"null","<span style='color:GreenYellow; font-size: 70px;'>正确! </span>","null","html-keyboard-response","1417","2311918","0.0-10.0-1.0-4.0-0.7-1.357","5","2","5","1","1","5","3","4","4","5","5","0","0","1","2","-2","1","1","2","5","4","5","4","2","1","2","3","4","3","4","6","4","8","3","7","6","5","7","5","5","3","3","6","2","5","2","5","5","1","2","2","5","1","1","5","5","4","6","3","1","2","2","1","1","2","6","2","1","7","1","1","1","1","1","2","1","7","1","3","799230569765543938","仲","102","Female","[""坏我"",""好我"",""好她"",""坏她""]","[""弱我"",""强我"",""强她"",""弱她""]","","","","","","","","","","","","","","","","","","feedback_test","","","","","","","","","","","","","","","","","","","","",""
"864","","j","psychophysics","1418","2313777","0.0-10.0-1.0-4.0-0.7-0.358","5","2","5","1","1","5","3","4","4","5","5","0","0","1","2","-2","1","1","2","5","4","5","4","2","1","2","3","4","3","4","6","4","8","3","7","6","5","7","5","5","3","3","6","2","5","2","5","5","1","2","2","5","1","1","5","5","4","6","3","1","2","2","1","1","2","6","2","1","7","1","1","1","1","1","2","1","7","1","3","799230569765543938","仲","102","Female","[""坏我"",""好我"",""好她"",""坏她""]","[""弱我"",""强我"",""强她"",""弱她""]","","","","","","","","nonmatch","","","","","","","","","ALT2","ability","","key","j","16.66545454545624","683","380","","弱我","","","","j","true","","","nonmatch","","img/circle.png","弱她","",""
"null","<span style='color:GreenYellow; font-size: 70px;'>正确! </span>","null","html-keyboard-response","1419","2314282","0.0-10.0-1.0-4.0-0.7-1.358","5","2","5","1","1","5","3","4","4","5","5","0","0","1","2","-2","1","1","2","5","4","5","4","2","1","2","3","4","3","4","6","4","8","3","7","6","5","7","5","5","3","3","6","2","5","2","5","5","1","2","2","5","1","1","5","5","4","6","3","1","2","2","1","1","2","6","2","1","7","1","1","1","1","1","2","1","7","1","3","799230569765543938","仲","102","Female","[""坏我"",""好我"",""好她"",""坏她""]","[""弱我"",""强我"",""强她"",""弱她""]","","","","","","","","","","","","","","","","","","feedback_test","","","","","","","","","","","","","","","","","","","","",""
"734","","f","psychophysics","1420","2316024","0.0-10.0-1.0-4.0-0.7-0.359","5","2","5","1","1","5","3","4","4","5","5","0","0","1","2","-2","1","1","2","5","4","5","4","2","1","2","3","4","3","4","6","4","8","3","7","6","5","7","5","5","3","3","6","2","5","2","5","5","1","2","2","5","1","1","5","5","4","6","3","1","2","2","1","1","2","6","2","1","7","1","1","1","1","1","2","1","7","1","3","799230569765543938","仲","102","Female","[""坏我"",""好我"",""好她"",""坏她""]","[""弱我"",""强我"",""强她"",""弱她""]","","","","","","","","match","","","","","","","","","ALT2","ability","","key","f","16.666990291263943","683","380","","弱她","","","","f","true","","","match","","img/circle.png","弱她","",""
"null","<span style='color:GreenYellow; font-size: 70px;'>正确! </span>","null","html-keyboard-response","1421","2316533","0.0-10.0-1.0-4.0-0.7-1.359","5","2","5","1","1","5","3","4","4","5","5","0","0","1","2","-2","1","1","2","5","4","5","4","2","1","2","3","4","3","4","6","4","8","3","7","6","5","7","5","5","3","3","6","2","5","2","5","5","1","2","2","5","1","1","5","5","4","6","3","1","2","2","1","1","2","6","2","1","7","1","1","1","1","1","2","1","7","1","3","799230569765543938","仲","102","Female","[""坏我"",""好我"",""好她"",""坏她""]","[""弱我"",""强我"",""强她"",""弱她""]","","","","","","","","","","","","","","","","","","feedback_test","","","","","","","","","","","","","","","","","","","","",""
"834","","f","psychophysics","1422","2318372","0.0-10.0-1.0-4.0-0.7-0.360","5","2","5","1","1","5","3","4","4","5","5","0","0","1","2","-2","1","1","2","5","4","5","4","2","1","2","3","4","3","4","6","4","8","3","7","6","5","7","5","5","3","3","6","2","5","2","5","5","1","2","2","5","1","1","5","5","4","6","3","1","2","2","1","1","2","6","2","1","7","1","1","1","1","1","2","1","7","1","3","799230569765543938","仲","102","Female","[""坏我"",""好我"",""好她"",""坏她""]","[""弱我"",""强我"",""强她"",""弱她""]","","","","","","","","match","","","","","","","","","ALT2","ability","","key","f","16.665137614678898","683","380","","强她","","","","f","true","","","match","","img/diamond.png","强她","",""
"null","<span style='color:GreenYellow; font-size: 70px;'>正确! </span>","null","html-keyboard-response","1423","2318879","0.0-10.0-1.0-4.0-0.7-1.360","5","2","5","1","1","5","3","4","4","5","5","0","0","1","2","-2","1","1","2","5","4","5","4","2","1","2","3","4","3","4","6","4","8","3","7","6","5","7","5","5","3","3","6","2","5","2","5","5","1","2","2","5","1","1","5","5","4","6","3","1","2","2","1","1","2","6","2","1","7","1","1","1","1","1","2","1","7","1","3","799230569765543938","仲","102","Female","[""坏我"",""好我"",""好她"",""坏她""]","[""弱我"",""强我"",""强她"",""弱她""]","","","","","","","","","","","","","","","","","","feedback_test","","","","","","","","","","","","","","","","","","","","",""
"834","","f","psychophysics","1424","2320722","0.0-10.0-1.0-4.0-0.7-0.361","5","2","5","1","1","5","3","4","4","5","5","0","0","1","2","-2","1","1","2","5","4","5","4","2","1","2","3","4","3","4","6","4","8","3","7","6","5","7","5","5","3","3","6","2","5","2","5","5","1","2","2","5","1","1","5","5","4","6","3","1","2","2","1","1","2","6","2","1","7","1","1","1","1","1","2","1","7","1","3","799230569765543938","仲","102","Female","[""坏我"",""好我"",""好她"",""坏她""]","[""弱我"",""强我"",""强她"",""弱她""]","","","","","","","","match","","","","","","","","","ALT2","ability","","key","f","16.665137614678898","683","380","","强我","","","","f","true","","","match","","img/pentagon.png","强我","",""
"null","<span style='color:GreenYellow; font-size: 70px;'>正确! </span>","null","html-keyboard-response","1425","2321225","0.0-10.0-1.0-4.0-0.7-1.361","5","2","5","1","1","5","3","4","4","5","5","0","0","1","2","-2","1","1","2","5","4","5","4","2","1","2","3","4","3","4","6","4","8","3","7","6","5","7","5","5","3","3","6","2","5","2","5","5","1","2","2","5","1","1","5","5","4","6","3","1","2","2","1","1","2","6","2","1","7","1","1","1","1","1","2","1","7","1","3","799230569765543938","仲","102","Female","[""坏我"",""好我"",""好她"",""坏她""]","[""弱我"",""强我"",""强她"",""弱她""]","","","","","","","","","","","","","","","","","","feedback_test","","","","","","","","","","","","","","","","","","","","",""
"763","","j","psychophysics","1426","2322991","0.0-10.0-1.0-4.0-0.7-0.362","5","2","5","1","1","5","3","4","4","5","5","0","0","1","2","-2","1","1","2","5","4","5","4","2","1","2","3","4","3","4","6","4","8","3","7","6","5","7","5","5","3","3","6","2","5","2","5","5","1","2","2","5","1","1","5","5","4","6","3","1","2","2","1","1","2","6","2","1","7","1","1","1","1","1","2","1","7","1","3","799230569765543938","仲","102","Female","[""坏我"",""好我"",""好她"",""坏她""]","[""弱我"",""强我"",""强她"",""弱她""]","","","","","","","","nonmatch","","","","","","","","","ALT2","ability","","key","j","16.6657142857134","683","380","","强她","","","","j","true","","","nonmatch","","img/pentagon.png","强我","",""
"null","<span style='color:GreenYellow; font-size: 70px;'>正确! </span>","null","html-keyboard-response","1427","2323501","0.0-10.0-1.0-4.0-0.7-1.362","5","2","5","1","1","5","3","4","4","5","5","0","0","1","2","-2","1","1","2","5","4","5","4","2","1","2","3","4","3","4","6","4","8","3","7","6","5","7","5","5","3","3","6","2","5","2","5","5","1","2","2","5","1","1","5","5","4","6","3","1","2","2","1","1","2","6","2","1","7","1","1","1","1","1","2","1","7","1","3","799230569765543938","仲","102","Female","[""坏我"",""好我"",""好她"",""坏她""]","[""弱我"",""强我"",""强她"",""弱她""]","","","","","","","","","","","","","","","","","","feedback_test","","","","","","","","","","","","","","","","","","","","",""
"759","","j","psychophysics","1428","2325264","0.0-10.0-1.0-4.0-0.7-0.363","5","2","5","1","1","5","3","4","4","5","5","0","0","1","2","-2","1","1","2","5","4","5","4","2","1","2","3","4","3","4","6","4","8","3","7","6","5","7","5","5","3","3","6","2","5","2","5","5","1","2","2","5","1","1","5","5","4","6","3","1","2","2","1","1","2","6","2","1","7","1","1","1","1","1","2","1","7","1","3","799230569765543938","仲","102","Female","[""坏我"",""好我"",""好她"",""坏她""]","[""弱我"",""强我"",""强她"",""弱她""]","","","","","","","","nonmatch","","","","","","","","","ALT2","ability","","key","j","16.666666666666668","683","380","","弱我","","","","j","true","","","nonmatch","","img/diamond.png","强她","",""
"null","<span style='color:GreenYellow; font-size: 70px;'>正确! </span>","null","html-keyboard-response","1429","2325765","0.0-10.0-1.0-4.0-0.7-1.363","5","2","5","1","1","5","3","4","4","5","5","0","0","1","2","-2","1","1","2","5","4","5","4","2","1","2","3","4","3","4","6","4","8","3","7","6","5","7","5","5","3","3","6","2","5","2","5","5","1","2","2","5","1","1","5","5","4","6","3","1","2","2","1","1","2","6","2","1","7","1","1","1","1","1","2","1","7","1","3","799230569765543938","仲","102","Female","[""坏我"",""好我"",""好她"",""坏她""]","[""弱我"",""强我"",""强她"",""弱她""]","","","","","","","","","","","","","","","","","","feedback_test","","","","","","","","","","","","","","","","","","","","",""
"636","","f","psychophysics","1430","2327405","0.0-10.0-1.0-4.0-0.7-0.364","5","2","5","1","1","5","3","4","4","5","5","0","0","1","2","-2","1","1","2","5","4","5","4","2","1","2","3","4","3","4","6","4","8","3","7","6","5","7","5","5","3","3","6","2","5","2","5","5","1","2","2","5","1","1","5","5","4","6","3","1","2","2","1","1","2","6","2","1","7","1","1","1","1","1","2","1","7","1","3","799230569765543938","仲","102","Female","[""坏我"",""好我"",""好她"",""坏她""]","[""弱我"",""强我"",""强她"",""弱她""]","","","","","","","","match","","","","","","","","","ALT2","ability","","key","f","16.66597938143946","683","380","","强她","","","","f","true","","","match","","img/diamond.png","强她","",""
"null","<span style='color:GreenYellow; font-size: 70px;'>正确! </span>","null","html-keyboard-response","1431","2327907","0.0-10.0-1.0-4.0-0.7-1.364","5","2","5","1","1","5","3","4","4","5","5","0","0","1","2","-2","1","1","2","5","4","5","4","2","1","2","3","4","3","4","6","4","8","3","7","6","5","7","5","5","3","3","6","2","5","2","5","5","1","2","2","5","1","1","5","5","4","6","3","1","2","2","1","1","2","6","2","1","7","1","1","1","1","1","2","1","7","1","3","799230569765543938","仲","102","Female","[""坏我"",""好我"",""好她"",""坏她""]","[""弱我"",""强我"",""强她"",""弱她""]","","","","","","","","","","","","","","","","","","feedback_test","","","","","","","","","","","","","","","","","","","","",""
"881","","j","psychophysics","1432","2329792","0.0-10.0-1.0-4.0-0.7-0.365","5","2","5","1","1","5","3","4","4","5","5","0","0","1","2","-2","1","1","2","5","4","5","4","2","1","2","3","4","3","4","6","4","8","3","7","6","5","7","5","5","3","3","6","2","5","2","5","5","1","2","2","5","1","1","5","5","4","6","3","1","2","2","1","1","2","6","2","1","7","1","1","1","1","1","2","1","7","1","3","799230569765543938","仲","102","Female","[""坏我"",""好我"",""好她"",""坏她""]","[""弱我"",""强我"",""强她"",""弱她""]","","","","","","","","nonmatch","","","","","","","","","ALT2","ability","","key","j","16.665178571428573","683","380","","强我","","","","j","true","","","nonmatch","","img/trapezoid.png","弱我","",""
"null","<span style='color:GreenYellow; font-size: 70px;'>正确! </span>","null","html-keyboard-response","1433","2330296","0.0-10.0-1.0-4.0-0.7-1.365","5","2","5","1","1","5","3","4","4","5","5","0","0","1","2","-2","1","1","2","5","4","5","4","2","1","2","3","4","3","4","6","4","8","3","7","6","5","7","5","5","3","3","6","2","5","2","5","5","1","2","2","5","1","1","5","5","4","6","3","1","2","2","1","1","2","6","2","1","7","1","1","1","1","1","2","1","7","1","3","799230569765543938","仲","102","Female","[""坏我"",""好我"",""好她"",""坏她""]","[""弱我"",""强我"",""强她"",""弱她""]","","","","","","","","","","","","","","","","","","feedback_test","","","","","","","","","","","","","","","","","","","","",""
"626","","f","psychophysics","1434","2331932","0.0-10.0-1.0-4.0-0.7-0.366","5","2","5","1","1","5","3","4","4","5","5","0","0","1","2","-2","1","1","2","5","4","5","4","2","1","2","3","4","3","4","6","4","8","3","7","6","5","7","5","5","3","3","6","2","5","2","5","5","1","2","2","5","1","1","5","5","4","6","3","1","2","2","1","1","2","6","2","1","7","1","1","1","1","1","2","1","7","1","3","799230569765543938","仲","102","Female","[""坏我"",""好我"",""好她"",""坏她""]","[""弱我"",""强我"",""强她"",""弱她""]","","","","","","","","match","","","","","","","","","ALT2","ability","","key","f","16.664948453608247","683","380","","强我","","","","f","true","","","match","","img/pentagon.png","强我","",""
"null","<span style='color:GreenYellow; font-size: 70px;'>正确! </span>","null","html-keyboard-response","1435","2332437","0.0-10.0-1.0-4.0-0.7-1.366","5","2","5","1","1","5","3","4","4","5","5","0","0","1","2","-2","1","1","2","5","4","5","4","2","1","2","3","4","3","4","6","4","8","3","7","6","5","7","5","5","3","3","6","2","5","2","5","5","1","2","2","5","1","1","5","5","4","6","3","1","2","2","1","1","2","6","2","1","7","1","1","1","1","1","2","1","7","1","3","799230569765543938","仲","102","Female","[""坏我"",""好我"",""好她"",""坏她""]","[""弱我"",""强我"",""强她"",""弱她""]","","","","","","","","","","","","","","","","","","feedback_test","","","","","","","","","","","","","","","","","","","","",""
"908","","j","psychophysics","1436","2334352","0.0-10.0-1.0-4.0-0.7-0.367","5","2","5","1","1","5","3","4","4","5","5","0","0","1","2","-2","1","1","2","5","4","5","4","2","1","2","3","4","3","4","6","4","8","3","7","6","5","7","5","5","3","3","6","2","5","2","5","5","1","2","2","5","1","1","5","5","4","6","3","1","2","2","1","1","2","6","2","1","7","1","1","1","1","1","2","1","7","1","3","799230569765543938","仲","102","Female","[""坏我"",""好我"",""好她"",""坏她""]","[""弱我"",""强我"",""强她"",""弱她""]","","","","","","","","nonmatch","","","","","","","","","ALT2","ability","","key","j","16.665789473683393","683","380","","弱我","","","","j","true","","","nonmatch","","img/circle.png","弱她","",""
"null","<span style='color:GreenYellow; font-size: 70px;'>正确! </span>","null","html-keyboard-response","1437","2334853","0.0-10.0-1.0-4.0-0.7-1.367","5","2","5","1","1","5","3","4","4","5","5","0","0","1","2","-2","1","1","2","5","4","5","4","2","1","2","3","4","3","4","6","4","8","3","7","6","5","7","5","5","3","3","6","2","5","2","5","5","1","2","2","5","1","1","5","5","4","6","3","1","2","2","1","1","2","6","2","1","7","1","1","1","1","1","2","1","7","1","3","799230569765543938","仲","102","Female","[""坏我"",""好我"",""好她"",""坏她""]","[""弱我"",""强我"",""强她"",""弱她""]","","","","","","","","","","","","","","","","","","feedback_test","","","","","","","","","","","","","","","","","","","","",""
"862","","j","psychophysics","1438","2336720","0.0-10.0-1.0-4.0-0.7-0.368","5","2","5","1","1","5","3","4","4","5","5","0","0","1","2","-2","1","1","2","5","4","5","4","2","1","2","3","4","3","4","6","4","8","3","7","6","5","7","5","5","3","3","6","2","5","2","5","5","1","2","2","5","1","1","5","5","4","6","3","1","2","2","1","1","2","6","2","1","7","1","1","1","1","1","2","1","7","1","3","799230569765543938","仲","102","Female","[""坏我"",""好我"",""好她"",""坏她""]","[""弱我"",""强我"",""强她"",""弱她""]","","","","","","","","nonmatch","","","","","","","","","ALT2","ability","","key","j","16.665765765764927","683","380","","强我","","","","j","true","","","nonmatch","","img/diamond.png","强她","",""
"null","<span style='color:GreenYellow; font-size: 70px;'>正确! </span>","null","html-keyboard-response","1439","2337226","0.0-10.0-1.0-4.0-0.7-1.368","5","2","5","1","1","5","3","4","4","5","5","0","0","1","2","-2","1","1","2","5","4","5","4","2","1","2","3","4","3","4","6","4","8","3","7","6","5","7","5","5","3","3","6","2","5","2","5","5","1","2","2","5","1","1","5","5","4","6","3","1","2","2","1","1","2","6","2","1","7","1","1","1","1","1","2","1","7","1","3","799230569765543938","仲","102","Female","[""坏我"",""好我"",""好她"",""坏她""]","[""弱我"",""强我"",""强她"",""弱她""]","","","","","","","","","","","","","","","","","","feedback_test","","","","","","","","","","","","","","","","","","","","",""
"684","","f","psychophysics","1440","2338912","0.0-10.0-1.0-4.0-0.7-0.369","5","2","5","1","1","5","3","4","4","5","5","0","0","1","2","-2","1","1","2","5","4","5","4","2","1","2","3","4","3","4","6","4","8","3","7","6","5","7","5","5","3","3","6","2","5","2","5","5","1","2","2","5","1","1","5","5","4","6","3","1","2","2","1","1","2","6","2","1","7","1","1","1","1","1","2","1","7","1","3","799230569765543938","仲","102","Female","[""坏我"",""好我"",""好她"",""坏她""]","[""弱我"",""强我"",""强她"",""弱她""]","","","","","","","","match","","","","","","","","","ALT2","ability","","key","f","16.605050505049565","683","380","","弱我","","","","f","true","","","match","","img/trapezoid.png","弱我","",""
"null","<span style='color:GreenYellow; font-size: 70px;'>正确! </span>","null","html-keyboard-response","1441","2339418","0.0-10.0-1.0-4.0-0.7-1.369","5","2","5","1","1","5","3","4","4","5","5","0","0","1","2","-2","1","1","2","5","4","5","4","2","1","2","3","4","3","4","6","4","8","3","7","6","5","7","5","5","3","3","6","2","5","2","5","5","1","2","2","5","1","1","5","5","4","6","3","1","2","2","1","1","2","6","2","1","7","1","1","1","1","1","2","1","7","1","3","799230569765543938","仲","102","Female","[""坏我"",""好我"",""好她"",""坏她""]","[""弱我"",""强我"",""强她"",""弱她""]","","","","","","","","","","","","","","","","","","feedback_test","","","","","","","","","","","","","","","","","","","","",""
"913","","f","psychophysics","1442","2341334","0.0-10.0-1.0-4.0-0.7-0.370","5","2","5","1","1","5","3","4","4","5","5","0","0","1","2","-2","1","1","2","5","4","5","4","2","1","2","3","4","3","4","6","4","8","3","7","6","5","7","5","5","3","3","6","2","5","2","5","5","1","2","2","5","1","1","5","5","4","6","3","1","2","2","1","1","2","6","2","1","7","1","1","1","1","1","2","1","7","1","3","799230569765543938","仲","102","Female","[""坏我"",""好我"",""好她"",""坏她""]","[""弱我"",""强我"",""强她"",""弱她""]","","","","","","","","match","","","","","","","","","ALT2","ability","","key","f","16.665486725661243","683","380","","弱她","","","","f","true","","","match","","img/circle.png","弱她","",""
"null","<span style='color:GreenYellow; font-size: 70px;'>正确! </span>","null","html-keyboard-response","1443","2341836","0.0-10.0-1.0-4.0-0.7-1.370","5","2","5","1","1","5","3","4","4","5","5","0","0","1","2","-2","1","1","2","5","4","5","4","2","1","2","3","4","3","4","6","4","8","3","7","6","5","7","5","5","3","3","6","2","5","2","5","5","1","2","2","5","1","1","5","5","4","6","3","1","2","2","1","1","2","6","2","1","7","1","1","1","1","1","2","1","7","1","3","799230569765543938","仲","102","Female","[""坏我"",""好我"",""好她"",""坏她""]","[""弱我"",""强我"",""强她"",""弱她""]","","","","","","","","","","","","","","","","","","feedback_test","","","","","","","","","","","","","","","","","","","","",""
"690","","f","psychophysics","1444","2343530","0.0-10.0-1.0-4.0-0.7-0.371","5","2","5","1","1","5","3","4","4","5","5","0","0","1","2","-2","1","1","2","5","4","5","4","2","1","2","3","4","3","4","6","4","8","3","7","6","5","7","5","5","3","3","6","2","5","2","5","5","1","2","2","5","1","1","5","5","4","6","3","1","2","2","1","1","2","6","2","1","7","1","1","1","1","1","2","1","7","1","3","799230569765543938","仲","102","Female","[""坏我"",""好我"",""好她"",""坏她""]","[""弱我"",""强我"",""强她"",""弱她""]","","","","","","","","match","","","","","","","","","ALT2","ability","","key","f","16.66534653465531","683","380","","弱我","","","","f","true","","","match","","img/trapezoid.png","弱我","",""
"null","<span style='color:GreenYellow; font-size: 70px;'>正确! </span>","null","html-keyboard-response","1445","2344036","0.0-10.0-1.0-4.0-0.7-1.371","5","2","5","1","1","5","3","4","4","5","5","0","0","1","2","-2","1","1","2","5","4","5","4","2","1","2","3","4","3","4","6","4","8","3","7","6","5","7","5","5","3","3","6","2","5","2","5","5","1","2","2","5","1","1","5","5","4","6","3","1","2","2","1","1","2","6","2","1","7","1","1","1","1","1","2","1","7","1","3","799230569765543938","仲","102","Female","[""坏我"",""好我"",""好她"",""坏她""]","[""弱我"",""强我"",""强她"",""弱她""]","","","","","","","","","","","","","","","","","","feedback_test","","","","","","","","","","","","","","","","","","","","",""
"763","","f","psychophysics","1446","2345802","0.0-10.0-1.0-4.0-0.7-0.372","5","2","5","1","1","5","3","4","4","5","5","0","0","1","2","-2","1","1","2","5","4","5","4","2","1","2","3","4","3","4","6","4","8","3","7","6","5","7","5","5","3","3","6","2","5","2","5","5","1","2","2","5","1","1","5","5","4","6","3","1","2","2","1","1","2","6","2","1","7","1","1","1","1","1","2","1","7","1","3","799230569765543938","仲","102","Female","[""坏我"",""好我"",""好她"",""坏她""]","[""弱我"",""强我"",""强她"",""弱她""]","","","","","","","","match","","","","","","","","","ALT2","ability","","key","f","16.664761904764564","683","380","","弱她","","","","j","false","","","nonmatch","","img/diamond.png","强她","",""
"null","<span style='color:red; font-size: 70px;'>错误! </span>","null","html-keyboard-response","1447","2346310","0.0-10.0-1.0-4.0-0.7-1.372","5","2","5","1","1","5","3","4","4","5","5","0","0","1","2","-2","1","1","2","5","4","5","4","2","1","2","3","4","3","4","6","4","8","3","7","6","5","7","5","5","3","3","6","2","5","2","5","5","1","2","2","5","1","1","5","5","4","6","3","1","2","2","1","1","2","6","2","1","7","1","1","1","1","1","2","1","7","1","3","799230569765543938","仲","102","Female","[""坏我"",""好我"",""好她"",""坏她""]","[""弱我"",""强我"",""强她"",""弱她""]","","","","","","","","","","","","","","","","","","feedback_test","","","","","","","","","","","","","","","","","","","","",""
"830","","j","psychophysics","1448","2348142","0.0-10.0-1.0-4.0-0.7-0.373","5","2","5","1","1","5","3","4","4","5","5","0","0","1","2","-2","1","1","2","5","4","5","4","2","1","2","3","4","3","4","6","4","8","3","7","6","5","7","5","5","3","3","6","2","5","2","5","5","1","2","2","5","1","1","5","5","4","6","3","1","2","2","1","1","2","6","2","1","7","1","1","1","1","1","2","1","7","1","3","799230569765543938","仲","102","Female","[""坏我"",""好我"",""好她"",""坏她""]","[""弱我"",""强我"",""强她"",""弱她""]","","","","","","","","nonmatch","","","","","","","","","ALT2","ability","","key","j","16.66481481481309","683","380","","强我","","","","j","true","","","nonmatch","","img/circle.png","弱她","",""
"null","<span style='color:GreenYellow; font-size: 70px;'>正确! </span>","null","html-keyboard-response","1449","2348651","0.0-10.0-1.0-4.0-0.7-1.373","5","2","5","1","1","5","3","4","4","5","5","0","0","1","2","-2","1","1","2","5","4","5","4","2","1","2","3","4","3","4","6","4","8","3","7","6","5","7","5","5","3","3","6","2","5","2","5","5","1","2","2","5","1","1","5","5","4","6","3","1","2","2","1","1","2","6","2","1","7","1","1","1","1","1","2","1","7","1","3","799230569765543938","仲","102","Female","[""坏我"",""好我"",""好她"",""坏她""]","[""弱我"",""强我"",""强她"",""弱她""]","","","","","","","","","","","","","","","","","","feedback_test","","","","","","","","","","","","","","","","","","","","",""
"1103","","j","psychophysics","1450","2350760","0.0-10.0-1.0-4.0-0.7-0.374","5","2","5","1","1","5","3","4","4","5","5","0","0","1","2","-2","1","1","2","5","4","5","4","2","1","2","3","4","3","4","6","4","8","3","7","6","5","7","5","5","3","3","6","2","5","2","5","5","1","2","2","5","1","1","5","5","4","6","3","1","2","2","1","1","2","6","2","1","7","1","1","1","1","1","2","1","7","1","3","799230569765543938","仲","102","Female","[""坏我"",""好我"",""好她"",""坏她""]","[""弱我"",""强我"",""强她"",""弱她""]","","","","","","","","nonmatch","","","","","","","","","ALT2","ability","","key","j","16.66532258064516","683","380","","强她","","","","j","true","","","nonmatch","","img/circle.png","弱她","",""
"null","<span style='color:GreenYellow; font-size: 70px;'>正确! </span>","null","html-keyboard-response","1451","2351263","0.0-10.0-1.0-4.0-0.7-1.374","5","2","5","1","1","5","3","4","4","5","5","0","0","1","2","-2","1","1","2","5","4","5","4","2","1","2","3","4","3","4","6","4","8","3","7","6","5","7","5","5","3","3","6","2","5","2","5","5","1","2","2","5","1","1","5","5","4","6","3","1","2","2","1","1","2","6","2","1","7","1","1","1","1","1","2","1","7","1","3","799230569765543938","仲","102","Female","[""坏我"",""好我"",""好她"",""坏她""]","[""弱我"",""强我"",""强她"",""弱她""]","","","","","","","","","","","","","","","","","","feedback_test","","","","","","","","","","","","","","","","","","","","",""
"738","","f","psychophysics","1452","2353007","0.0-10.0-1.0-4.0-0.7-0.375","5","2","5","1","1","5","3","4","4","5","5","0","0","1","2","-2","1","1","2","5","4","5","4","2","1","2","3","4","3","4","6","4","8","3","7","6","5","7","5","5","3","3","6","2","5","2","5","5","1","2","2","5","1","1","5","5","4","6","3","1","2","2","1","1","2","6","2","1","7","1","1","1","1","1","2","1","7","1","3","799230569765543938","仲","102","Female","[""坏我"",""好我"",""好她"",""坏她""]","[""弱我"",""强我"",""强她"",""弱她""]","","","","","","","","match","","","","","","","","","ALT2","ability","","key","f","16.66504854368932","683","380","","强她","","","","f","true","","","match","","img/diamond.png","强她","",""
"null","<span style='color:GreenYellow; font-size: 70px;'>正确! </span>","null","html-keyboard-response","1453","2353513","0.0-10.0-1.0-4.0-0.7-1.375","5","2","5","1","1","5","3","4","4","5","5","0","0","1","2","-2","1","1","2","5","4","5","4","2","1","2","3","4","3","4","6","4","8","3","7","6","5","7","5","5","3","3","6","2","5","2","5","5","1","2","2","5","1","1","5","5","4","6","3","1","2","2","1","1","2","6","2","1","7","1","1","1","1","1","2","1","7","1","3","799230569765543938","仲","102","Female","[""坏我"",""好我"",""好她"",""坏她""]","[""弱我"",""强我"",""强她"",""弱她""]","","","","","","","","","","","","","","","","","","feedback_test","","","","","","","","","","","","","","","","","","","","",""
"1010","","j","psychophysics","1454","2355526","0.0-10.0-1.0-4.0-0.7-0.376","5","2","5","1","1","5","3","4","4","5","5","0","0","1","2","-2","1","1","2","5","4","5","4","2","1","2","3","4","3","4","6","4","8","3","7","6","5","7","5","5","3","3","6","2","5","2","5","5","1","2","2","5","1","1","5","5","4","6","3","1","2","2","1","1","2","6","2","1","7","1","1","1","1","1","2","1","7","1","3","799230569765543938","仲","102","Female","[""坏我"",""好我"",""好她"",""坏她""]","[""弱我"",""强我"",""强她"",""弱她""]","","","","","","","","nonmatch","","","","","","","","","ALT2","ability","","key","j","16.664406779664173","683","380","","弱她","","","","j","true","","","nonmatch","","img/trapezoid.png","弱我","",""
"null","<span style='color:GreenYellow; font-size: 70px;'>正确! </span>","null","html-keyboard-response","1455","2356029","0.0-10.0-1.0-4.0-0.7-1.376","5","2","5","1","1","5","3","4","4","5","5","0","0","1","2","-2","1","1","2","5","4","5","4","2","1","2","3","4","3","4","6","4","8","3","7","6","5","7","5","5","3","3","6","2","5","2","5","5","1","2","2","5","1","1","5","5","4","6","3","1","2","2","1","1","2","6","2","1","7","1","1","1","1","1","2","1","7","1","3","799230569765543938","仲","102","Female","[""坏我"",""好我"",""好她"",""坏她""]","[""弱我"",""强我"",""强她"",""弱她""]","","","","","","","","","","","","","","","","","","feedback_test","","","","","","","","","","","","","","","","","","","","",""
"688","","f","psychophysics","1456","2357723","0.0-10.0-1.0-4.0-0.7-0.377","5","2","5","1","1","5","3","4","4","5","5","0","0","1","2","-2","1","1","2","5","4","5","4","2","1","2","3","4","3","4","6","4","8","3","7","6","5","7","5","5","3","3","6","2","5","2","5","5","1","2","2","5","1","1","5","5","4","6","3","1","2","2","1","1","2","6","2","1","7","1","1","1","1","1","2","1","7","1","3","799230569765543938","仲","102","Female","[""坏我"",""好我"",""好她"",""坏她""]","[""弱我"",""强我"",""强她"",""弱她""]","","","","","","","","match","","","","","","","","","ALT2","ability","","key","f","16.667000000001863","683","380","","弱我","","","","f","true","","","match","","img/trapezoid.png","弱我","",""
"null","<span style='color:GreenYellow; font-size: 70px;'>正确! </span>","null","html-keyboard-response","1457","2358228","0.0-10.0-1.0-4.0-0.7-1.377","5","2","5","1","1","5","3","4","4","5","5","0","0","1","2","-2","1","1","2","5","4","5","4","2","1","2","3","4","3","4","6","4","8","3","7","6","5","7","5","5","3","3","6","2","5","2","5","5","1","2","2","5","1","1","5","5","4","6","3","1","2","2","1","1","2","6","2","1","7","1","1","1","1","1","2","1","7","1","3","799230569765543938","仲","102","Female","[""坏我"",""好我"",""好她"",""坏她""]","[""弱我"",""强我"",""强她"",""弱她""]","","","","","","","","","","","","","","","","","","feedback_test","","","","","","","","","","","","","","","","","","","","",""
"967","","j","psychophysics","1458","2360198","0.0-10.0-1.0-4.0-0.7-0.378","5","2","5","1","1","5","3","4","4","5","5","0","0","1","2","-2","1","1","2","5","4","5","4","2","1","2","3","4","3","4","6","4","8","3","7","6","5","7","5","5","3","3","6","2","5","2","5","5","1","2","2","5","1","1","5","5","4","6","3","1","2","2","1","1","2","6","2","1","7","1","1","1","1","1","2","1","7","1","3","799230569765543938","仲","102","Female","[""坏我"",""好我"",""好她"",""坏她""]","[""弱我"",""强我"",""强她"",""弱她""]","","","","","","","","nonmatch","","","","","","","","","ALT2","ability","","key","j","16.66581196581117","683","380","","弱她","","","","j","true","","","nonmatch","","img/pentagon.png","强我","",""
"null","<span style='color:GreenYellow; font-size: 70px;'>正确! </span>","null","html-keyboard-response","1459","2360700","0.0-10.0-1.0-4.0-0.7-1.378","5","2","5","1","1","5","3","4","4","5","5","0","0","1","2","-2","1","1","2","5","4","5","4","2","1","2","3","4","3","4","6","4","8","3","7","6","5","7","5","5","3","3","6","2","5","2","5","5","1","2","2","5","1","1","5","5","4","6","3","1","2","2","1","1","2","6","2","1","7","1","1","1","1","1","2","1","7","1","3","799230569765543938","仲","102","Female","[""坏我"",""好我"",""好她"",""坏她""]","[""弱我"",""强我"",""强她"",""弱她""]","","","","","","","","","","","","","","","","","","feedback_test","","","","","","","","","","","","","","","","","","","","",""
"774","","j","psychophysics","1460","2362476","0.0-10.0-1.0-4.0-0.7-0.379","5","2","5","1","1","5","3","4","4","5","5","0","0","1","2","-2","1","1","2","5","4","5","4","2","1","2","3","4","3","4","6","4","8","3","7","6","5","7","5","5","3","3","6","2","5","2","5","5","1","2","2","5","1","1","5","5","4","6","3","1","2","2","1","1","2","6","2","1","7","1","1","1","1","1","2","1","7","1","3","799230569765543938","仲","102","Female","[""坏我"",""好我"",""好她"",""坏她""]","[""弱我"",""强我"",""强她"",""弱她""]","","","","","","","","nonmatch","","","","","","","","","ALT2","ability","","key","j","16.666666666666668","683","380","","强她","","","","j","true","","","nonmatch","","img/trapezoid.png","弱我","",""
"null","<span style='color:GreenYellow; font-size: 70px;'>正确! </span>","null","html-keyboard-response","1461","2362985","0.0-10.0-1.0-4.0-0.7-1.379","5","2","5","1","1","5","3","4","4","5","5","0","0","1","2","-2","1","1","2","5","4","5","4","2","1","2","3","4","3","4","6","4","8","3","7","6","5","7","5","5","3","3","6","2","5","2","5","5","1","2","2","5","1","1","5","5","4","6","3","1","2","2","1","1","2","6","2","1","7","1","1","1","1","1","2","1","7","1","3","799230569765543938","仲","102","Female","[""坏我"",""好我"",""好她"",""坏她""]","[""弱我"",""强我"",""强她"",""弱她""]","","","","","","","","","","","","","","","","","","feedback_test","","","","","","","","","","","","","","","","","","","","",""
"1026","","f","psychophysics","1462","2365017","0.0-10.0-1.0-4.0-0.7-0.380","5","2","5","1","1","5","3","4","4","5","5","0","0","1","2","-2","1","1","2","5","4","5","4","2","1","2","3","4","3","4","6","4","8","3","7","6","5","7","5","5","3","3","6","2","5","2","5","5","1","2","2","5","1","1","5","5","4","6","3","1","2","2","1","1","2","6","2","1","7","1","1","1","1","1","2","1","7","1","3","799230569765543938","仲","102","Female","[""坏我"",""好我"",""好她"",""坏她""]","[""弱我"",""强我"",""强她"",""弱她""]","","","","","","","","match","","","","","","","","","ALT2","ability","","key","f","16.665833333336437","683","380","","弱她","","","","f","true","","","match","","img/circle.png","弱她","",""
"null","<span style='color:GreenYellow; font-size: 70px;'>正确! </span>","null","html-keyboard-response","1463","2365521","0.0-10.0-1.0-4.0-0.7-1.380","5","2","5","1","1","5","3","4","4","5","5","0","0","1","2","-2","1","1","2","5","4","5","4","2","1","2","3","4","3","4","6","4","8","3","7","6","5","7","5","5","3","3","6","2","5","2","5","5","1","2","2","5","1","1","5","5","4","6","3","1","2","2","1","1","2","6","2","1","7","1","1","1","1","1","2","1","7","1","3","799230569765543938","仲","102","Female","[""坏我"",""好我"",""好她"",""坏她""]","[""弱我"",""强我"",""强她"",""弱她""]","","","","","","","","","","","","","","","","","","feedback_test","","","","","","","","","","","","","","","","","","","","",""
"841","","j","psychophysics","1464","2367367","0.0-10.0-1.0-4.0-0.7-0.381","5","2","5","1","1","5","3","4","4","5","5","0","0","1","2","-2","1","1","2","5","4","5","4","2","1","2","3","4","3","4","6","4","8","3","7","6","5","7","5","5","3","3","6","2","5","2","5","5","1","2","2","5","1","1","5","5","4","6","3","1","2","2","1","1","2","6","2","1","7","1","1","1","1","1","2","1","7","1","3","799230569765543938","仲","102","Female","[""坏我"",""好我"",""好她"",""坏她""]","[""弱我"",""强我"",""强她"",""弱她""]","","","","","","","","nonmatch","","","","","","","","","ALT2","ability","","key","j","16.665740740739878","683","380","","弱我","","","","j","true","","","nonmatch","","img/pentagon.png","强我","",""
"null","<span style='color:GreenYellow; font-size: 70px;'>正确! </span>","null","html-keyboard-response","1465","2367870","0.0-10.0-1.0-4.0-0.7-1.381","5","2","5","1","1","5","3","4","4","5","5","0","0","1","2","-2","1","1","2","5","4","5","4","2","1","2","3","4","3","4","6","4","8","3","7","6","5","7","5","5","3","3","6","2","5","2","5","5","1","2","2","5","1","1","5","5","4","6","3","1","2","2","1","1","2","6","2","1","7","1","1","1","1","1","2","1","7","1","3","799230569765543938","仲","102","Female","[""坏我"",""好我"",""好她"",""坏她""]","[""弱我"",""强我"",""强她"",""弱她""]","","","","","","","","","","","","","","","","","","feedback_test","","","","","","","","","","","","","","","","","","","","",""
"860","","f","psychophysics","1466","2369735","0.0-10.0-1.0-4.0-0.7-0.382","5","2","5","1","1","5","3","4","4","5","5","0","0","1","2","-2","1","1","2","5","4","5","4","2","1","2","3","4","3","4","6","4","8","3","7","6","5","7","5","5","3","3","6","2","5","2","5","5","1","2","2","5","1","1","5","5","4","6","3","1","2","2","1","1","2","6","2","1","7","1","1","1","1","1","2","1","7","1","3","799230569765543938","仲","102","Female","[""坏我"",""好我"",""好她"",""坏她""]","[""弱我"",""强我"",""强她"",""弱她""]","","","","","","","","match","","","","","","","","","ALT2","ability","","key","f","16.818181818181817","683","380","","弱她","","","","f","true","","","match","","img/circle.png","弱她","",""
"null","<span style='color:GreenYellow; font-size: 70px;'>正确! </span>","null","html-keyboard-response","1467","2370239","0.0-10.0-1.0-4.0-0.7-1.382","5","2","5","1","1","5","3","4","4","5","5","0","0","1","2","-2","1","1","2","5","4","5","4","2","1","2","3","4","3","4","6","4","8","3","7","6","5","7","5","5","3","3","6","2","5","2","5","5","1","2","2","5","1","1","5","5","4","6","3","1","2","2","1","1","2","6","2","1","7","1","1","1","1","1","2","1","7","1","3","799230569765543938","仲","102","Female","[""坏我"",""好我"",""好她"",""坏她""]","[""弱我"",""强我"",""强她"",""弱她""]","","","","","","","","","","","","","","","","","","feedback_test","","","","","","","","","","","","","","","","","","","","",""
"667","","f","psychophysics","1468","2371909","0.0-10.0-1.0-4.0-0.7-0.383","5","2","5","1","1","5","3","4","4","5","5","0","0","1","2","-2","1","1","2","5","4","5","4","2","1","2","3","4","3","4","6","4","8","3","7","6","5","7","5","5","3","3","6","2","5","2","5","5","1","2","2","5","1","1","5","5","4","6","3","1","2","2","1","1","2","6","2","1","7","1","1","1","1","1","2","1","7","1","3","799230569765543938","仲","102","Female","[""坏我"",""好我"",""好她"",""坏她""]","[""弱我"",""强我"",""强她"",""弱她""]","","","","","","","","match","","","","","","","","","ALT2","ability","","key","f","16.664646464649287","683","380","","强我","","","","f","true","","","match","","img/pentagon.png","强我","",""
"null","<span style='color:GreenYellow; font-size: 70px;'>正确! </span>","null","html-keyboard-response","1469","2372413","0.0-10.0-1.0-4.0-0.7-1.383","5","2","5","1","1","5","3","4","4","5","5","0","0","1","2","-2","1","1","2","5","4","5","4","2","1","2","3","4","3","4","6","4","8","3","7","6","5","7","5","5","3","3","6","2","5","2","5","5","1","2","2","5","1","1","5","5","4","6","3","1","2","2","1","1","2","6","2","1","7","1","1","1","1","1","2","1","7","1","3","799230569765543938","仲","102","Female","[""坏我"",""好我"",""好她"",""坏她""]","[""弱我"",""强我"",""强她"",""弱她""]","","","","","","","","","","","","","","","","","","feedback_test","","","","","","","","","","","","","","","","","","","","",""
"2458","<style>.context{color:white; font-size: 35px; line-height:40px}</style>                          <div><p class='context'>您正确回答了96% 的试次。</p><p class='context'>您的平均反应时为812毫秒。</p><p class='context'>请按空格键进入休息。</p></div>"," ","html-keyboard-response","1470","2374881","0.0-10.0-1.0-4.0-1.7","5","2","5","1","1","5","3","4","4","5","5","0","0","1","2","-2","1","1","2","5","4","5","4","2","1","2","3","4","3","4","6","4","8","3","7","6","5","7","5","5","3","3","6","2","5","2","5","5","1","2","2","5","1","1","5","5","4","6","3","1","2","2","1","1","2","6","2","1","7","1","1","1","1","1","2","1","7","1","3","799230569765543938","仲","102","Female","[""坏我"",""好我"",""好她"",""坏她""]","[""弱我"",""强我"",""强她"",""弱她""]","","","","","","","","","","","","","","","","","","","","","","","","","","","","","","","","","","","","","","",""
"1769","
        <p >您当前还剩余0组实验</p>
        <p >现在是休息时间，当您结束休息后，</p>
        <p >您可以点击 结束休息 按钮 继续。</p>
        <p >建议休息时间还剩余<span id=""iii"">60</span>秒。</p>","0","html-button-response","1471","2376658","0.0-10.0-1.0-4.0-2.7","5","2","5","1","1","5","3","4","4","5","5","0","0","1","2","-2","1","1","2","5","4","5","4","2","1","2","3","4","3","4","6","4","8","3","7","6","5","7","5","5","3","3","6","2","5","2","5","5","1","2","2","5","1","1","5","5","4","6","3","1","2","2","1","1","2","6","2","1","7","1","1","1","1","1","2","1","7","1","3","799230569765543938","仲","102","Female","[""坏我"",""好我"",""好她"",""坏她""]","[""弱我"",""强我"",""强她"",""弱她""]","","","","","","","","","","","","","","","","","","","","","","","","","","","","","","","","","","","","","","",""
"1599","
  <p style='color: white; font-size: 22px'>恭喜您，当前子任务已经完成。</p>
  <p> <div style = ""color: green""><按空格键继续></div></p>
  "," ","html-keyboard-response","1472","2378259","0.0-10.0-1.0-5.0","5","2","5","1","1","5","3","4","4","5","5","0","0","1","2","-2","1","1","2","5","4","5","4","2","1","2","3","4","3","4","6","4","8","3","7","6","5","7","5","5","3","3","6","2","5","2","5","5","1","2","2","5","1","1","5","5","4","6","3","1","2","2","1","1","2","6","2","1","7","1","1","1","1","1","2","1","7","1","3","799230569765543938","仲","102","Female","[""坏我"",""好我"",""好她"",""坏她""]","[""弱我"",""强我"",""强她"",""弱她""]","","","","","","","","","","","","","","","","","","","","","","","","","","","","","","","","","","","","","","",""
"46997","","","instructions","1473","2425258","0.0-10.0-0.1-0.1","5","2","5","1","1","5","3","4","4","5","5","0","0","1","2","-2","1","1","2","5","4","5","4","2","1","2","3","4","3","4","6","4","8","3","7","6","5","7","5","5","3","3","6","2","5","2","5","5","1","2","2","5","1","1","5","5","4","6","3","1","2","2","1","1","2","6","2","1","7","1","1","1","1","1","2","1","7","1","3","799230569765543938","仲","102","Female","[""坏我"",""好我"",""好她"",""坏她""]","[""弱我"",""强我"",""强她"",""弱她""]","","","","","","","","","","","","","","","","","","","","","","","","","","","","","","","","","[{""page_index"":0,""viewing_time"":14617},{""page_index"":1,""viewing_time"":25942},{""page_index"":2,""viewing_time"":4632},{""page_index"":3,""viewing_time"":1805}]","","","","","",""
"1037","","j","psychophysics","1474","2427299","0.0-10.0-0.1-1.1-0.1-0.1","5","2","5","1","1","5","3","4","4","5","5","0","0","1","2","-2","1","1","2","5","4","5","4","2","1","2","3","4","3","4","6","4","8","3","7","6","5","7","5","5","3","3","6","2","5","2","5","5","1","2","2","5","1","1","5","5","4","6","3","1","2","2","1","1","2","6","2","1","7","1","1","1","1","1","2","1","7","1","3","799230569765543938","仲","102","Female","[""坏我"",""好我"",""好她"",""坏她""]","[""弱我"",""强我"",""强她"",""弱她""]","","","","","","","","nonmatch","","","","","","","","","prac_ALT2_moral","practice_moral","","key","j","16.80330578512166","683","380","","坏她","","","","j","true","","","nonmatch","","img/square.png","坏我","",""
"null","<span style='color:GreenYellow; font-size: 70px;'>正确! </span>","null","html-keyboard-response","1475","2427807","0.0-10.0-0.1-1.1-0.1-1.1","5","2","5","1","1","5","3","4","4","5","5","0","0","1","2","-2","1","1","2","5","4","5","4","2","1","2","3","4","3","4","6","4","8","3","7","6","5","7","5","5","3","3","6","2","5","2","5","5","1","2","2","5","1","1","5","5","4","6","3","1","2","2","1","1","2","6","2","1","7","1","1","1","1","1","2","1","7","1","3","799230569765543938","仲","102","Female","[""坏我"",""好我"",""好她"",""坏她""]","[""弱我"",""强我"",""强她"",""弱她""]","","","","","","","","","","","","","","","","","","feedback_test","","","","","","","","","","","","","","","","","","","","",""
"778","","f","psychophysics","1476","2429589","0.0-10.0-0.1-1.1-0.1-0.2","5","2","5","1","1","5","3","4","4","5","5","0","0","1","2","-2","1","1","2","5","4","5","4","2","1","2","3","4","3","4","6","4","8","3","7","6","5","7","5","5","3","3","6","2","5","2","5","5","1","2","2","5","1","1","5","5","4","6","3","1","2","2","1","1","2","6","2","1","7","1","1","1","1","1","2","1","7","1","3","799230569765543938","仲","102","Female","[""坏我"",""好我"",""好她"",""坏她""]","[""弱我"",""强我"",""强她"",""弱她""]","","","","","","","","match","","","","","","","","","prac_ALT2_moral","practice_moral","","key","f","16.66698113207723","683","380","","好她","","","","f","true","","","match","","img/triangle.png","好她","",""
"null","<span style='color:GreenYellow; font-size: 70px;'>正确! </span>","null","html-keyboard-response","1477","2430093","0.0-10.0-0.1-1.1-0.1-1.2","5","2","5","1","1","5","3","4","4","5","5","0","0","1","2","-2","1","1","2","5","4","5","4","2","1","2","3","4","3","4","6","4","8","3","7","6","5","7","5","5","3","3","6","2","5","2","5","5","1","2","2","5","1","1","5","5","4","6","3","1","2","2","1","1","2","6","2","1","7","1","1","1","1","1","2","1","7","1","3","799230569765543938","仲","102","Female","[""坏我"",""好我"",""好她"",""坏她""]","[""弱我"",""强我"",""强她"",""弱她""]","","","","","","","","","","","","","","","","","","feedback_test","","","","","","","","","","","","","","","","","","","","",""
"826","","j","psychophysics","1478","2431921","0.0-10.0-0.1-1.1-0.1-0.3","5","2","5","1","1","5","3","4","4","5","5","0","0","1","2","-2","1","1","2","5","4","5","4","2","1","2","3","4","3","4","6","4","8","3","7","6","5","7","5","5","3","3","6","2","5","2","5","5","1","2","2","5","1","1","5","5","4","6","3","1","2","2","1","1","2","6","2","1","7","1","1","1","1","1","2","1","7","1","3","799230569765543938","仲","102","Female","[""坏我"",""好我"",""好她"",""坏她""]","[""弱我"",""强我"",""强她"",""弱她""]","","","","","","","","nonmatch","","","","","","","","","prac_ALT2_moral","practice_moral","","key","j","16.665137614678898","683","380","","好她","","","","j","true","","","nonmatch","","img/ellipse.png","好我","",""
"null","<span style='color:GreenYellow; font-size: 70px;'>正确! </span>","null","html-keyboard-response","1479","2432424","0.0-10.0-0.1-1.1-0.1-1.3","5","2","5","1","1","5","3","4","4","5","5","0","0","1","2","-2","1","1","2","5","4","5","4","2","1","2","3","4","3","4","6","4","8","3","7","6","5","7","5","5","3","3","6","2","5","2","5","5","1","2","2","5","1","1","5","5","4","6","3","1","2","2","1","1","2","6","2","1","7","1","1","1","1","1","2","1","7","1","3","799230569765543938","仲","102","Female","[""坏我"",""好我"",""好她"",""坏她""]","[""弱我"",""强我"",""强她"",""弱她""]","","","","","","","","","","","","","","","","","","feedback_test","","","","","","","","","","","","","","","","","","","","",""
"865","","f","psychophysics","1480","2434293","0.0-10.0-0.1-1.1-0.1-0.4","5","2","5","1","1","5","3","4","4","5","5","0","0","1","2","-2","1","1","2","5","4","5","4","2","1","2","3","4","3","4","6","4","8","3","7","6","5","7","5","5","3","3","6","2","5","2","5","5","1","2","2","5","1","1","5","5","4","6","3","1","2","2","1","1","2","6","2","1","7","1","1","1","1","1","2","1","7","1","3","799230569765543938","仲","102","Female","[""坏我"",""好我"",""好她"",""坏她""]","[""弱我"",""强我"",""强她"",""弱她""]","","","","","","","","match","","","","","","","","","prac_ALT2_moral","practice_moral","","key","f","16.664864864867383","683","380","","坏她","","","","f","true","","","match","","img/hexagon.png","坏她","",""
"null","<span style='color:GreenYellow; font-size: 70px;'>正确! </span>","null","html-keyboard-response","1481","2434798","0.0-10.0-0.1-1.1-0.1-1.4","5","2","5","1","1","5","3","4","4","5","5","0","0","1","2","-2","1","1","2","5","4","5","4","2","1","2","3","4","3","4","6","4","8","3","7","6","5","7","5","5","3","3","6","2","5","2","5","5","1","2","2","5","1","1","5","5","4","6","3","1","2","2","1","1","2","6","2","1","7","1","1","1","1","1","2","1","7","1","3","799230569765543938","仲","102","Female","[""坏我"",""好我"",""好她"",""坏她""]","[""弱我"",""强我"",""强她"",""弱她""]","","","","","","","","","","","","","","","","","","feedback_test","","","","","","","","","","","","","","","","","","","","",""
"985","","j","psychophysics","1482","2436792","0.0-10.0-0.1-1.1-0.1-0.5","5","2","5","1","1","5","3","4","4","5","5","0","0","1","2","-2","1","1","2","5","4","5","4","2","1","2","3","4","3","4","6","4","8","3","7","6","5","7","5","5","3","3","6","2","5","2","5","5","1","2","2","5","1","1","5","5","4","6","3","1","2","2","1","1","2","6","2","1","7","1","1","1","1","1","2","1","7","1","3","799230569765543938","仲","102","Female","[""坏我"",""好我"",""好她"",""坏她""]","[""弱我"",""强我"",""强她"",""弱她""]","","","","","","","","nonmatch","","","","","","","","","prac_ALT2_moral","practice_moral","","key","j","16.665254237288135","683","380","","好我","","","","j","true","","","nonmatch","","img/triangle.png","好她","",""
"null","<span style='color:GreenYellow; font-size: 70px;'>正确! </span>","null","html-keyboard-response","1483","2437298","0.0-10.0-0.1-1.1-0.1-1.5","5","2","5","1","1","5","3","4","4","5","5","0","0","1","2","-2","1","1","2","5","4","5","4","2","1","2","3","4","3","4","6","4","8","3","7","6","5","7","5","5","3","3","6","2","5","2","5","5","1","2","2","5","1","1","5","5","4","6","3","1","2","2","1","1","2","6","2","1","7","1","1","1","1","1","2","1","7","1","3","799230569765543938","仲","102","Female","[""坏我"",""好我"",""好她"",""坏她""]","[""弱我"",""强我"",""强她"",""弱她""]","","","","","","","","","","","","","","","","","","feedback_test","","","","","","","","","","","","","","","","","","","","",""
"612","","f","psychophysics","1484","2438914","0.0-10.0-0.1-1.1-0.1-0.6","5","2","5","1","1","5","3","4","4","5","5","0","0","1","2","-2","1","1","2","5","4","5","4","2","1","2","3","4","3","4","6","4","8","3","7","6","5","7","5","5","3","3","6","2","5","2","5","5","1","2","2","5","1","1","5","5","4","6","3","1","2","2","1","1","2","6","2","1","7","1","1","1","1","1","2","1","7","1","3","799230569765543938","仲","102","Female","[""坏我"",""好我"",""好她"",""坏她""]","[""弱我"",""强我"",""强她"",""弱她""]","","","","","","","","match","","","","","","","","","prac_ALT2_moral","practice_moral","","key","f","16.66562499999903","683","380","","好我","","","","f","true","","","match","","img/ellipse.png","好我","",""
"null","<span style='color:GreenYellow; font-size: 70px;'>正确! </span>","null","html-keyboard-response","1485","2439423","0.0-10.0-0.1-1.1-0.1-1.6","5","2","5","1","1","5","3","4","4","5","5","0","0","1","2","-2","1","1","2","5","4","5","4","2","1","2","3","4","3","4","6","4","8","3","7","6","5","7","5","5","3","3","6","2","5","2","5","5","1","2","2","5","1","1","5","5","4","6","3","1","2","2","1","1","2","6","2","1","7","1","1","1","1","1","2","1","7","1","3","799230569765543938","仲","102","Female","[""坏我"",""好我"",""好她"",""坏她""]","[""弱我"",""强我"",""强她"",""弱她""]","","","","","","","","","","","","","","","","","","feedback_test","","","","","","","","","","","","","","","","","","","","",""
"824","","f","psychophysics","1486","2441251","0.0-10.0-0.1-1.1-0.1-0.7","5","2","5","1","1","5","3","4","4","5","5","0","0","1","2","-2","1","1","2","5","4","5","4","2","1","2","3","4","3","4","6","4","8","3","7","6","5","7","5","5","3","3","6","2","5","2","5","5","1","2","2","5","1","1","5","5","4","6","3","1","2","2","1","1","2","6","2","1","7","1","1","1","1","1","2","1","7","1","3","799230569765543938","仲","102","Female","[""坏我"",""好我"",""好她"",""坏她""]","[""弱我"",""强我"",""强她"",""弱她""]","","","","","","","","match","","","","","","","","","prac_ALT2_moral","practice_moral","","key","f","16.665137614678898","683","380","","坏我","","","","f","true","","","match","","img/square.png","坏我","",""
"null","<span style='color:GreenYellow; font-size: 70px;'>正确! </span>","null","html-keyboard-response","1487","2441757","0.0-10.0-0.1-1.1-0.1-1.7","5","2","5","1","1","5","3","4","4","5","5","0","0","1","2","-2","1","1","2","5","4","5","4","2","1","2","3","4","3","4","6","4","8","3","7","6","5","7","5","5","3","3","6","2","5","2","5","5","1","2","2","5","1","1","5","5","4","6","3","1","2","2","1","1","2","6","2","1","7","1","1","1","1","1","2","1","7","1","3","799230569765543938","仲","102","Female","[""坏我"",""好我"",""好她"",""坏她""]","[""弱我"",""强我"",""强她"",""弱她""]","","","","","","","","","","","","","","","","","","feedback_test","","","","","","","","","","","","","","","","","","","","",""
"879","","j","psychophysics","1488","2443639","0.0-10.0-0.1-1.1-0.1-0.8","5","2","5","1","1","5","3","4","4","5","5","0","0","1","2","-2","1","1","2","5","4","5","4","2","1","2","3","4","3","4","6","4","8","3","7","6","5","7","5","5","3","3","6","2","5","2","5","5","1","2","2","5","1","1","5","5","4","6","3","1","2","2","1","1","2","6","2","1","7","1","1","1","1","1","2","1","7","1","3","799230569765543938","仲","102","Female","[""坏我"",""好我"",""好她"",""坏她""]","[""弱我"",""强我"",""强她"",""弱她""]","","","","","","","","nonmatch","","","","","","","","","prac_ALT2_moral","practice_moral","","key","j","16.663963963965642","683","380","","坏我","","","","j","true","","","nonmatch","","img/ellipse.png","好我","",""
"null","<span style='color:GreenYellow; font-size: 70px;'>正确! </span>","null","html-keyboard-response","1489","2444148","0.0-10.0-0.1-1.1-0.1-1.8","5","2","5","1","1","5","3","4","4","5","5","0","0","1","2","-2","1","1","2","5","4","5","4","2","1","2","3","4","3","4","6","4","8","3","7","6","5","7","5","5","3","3","6","2","5","2","5","5","1","2","2","5","1","1","5","5","4","6","3","1","2","2","1","1","2","6","2","1","7","1","1","1","1","1","2","1","7","1","3","799230569765543938","仲","102","Female","[""坏我"",""好我"",""好她"",""坏她""]","[""弱我"",""强我"",""强她"",""弱她""]","","","","","","","","","","","","","","","","","","feedback_test","","","","","","","","","","","","","","","","","","","","",""
"938","","j","psychophysics","1490","2446093","0.0-10.0-0.1-1.1-0.1-0.9","5","2","5","1","1","5","3","4","4","5","5","0","0","1","2","-2","1","1","2","5","4","5","4","2","1","2","3","4","3","4","6","4","8","3","7","6","5","7","5","5","3","3","6","2","5","2","5","5","1","2","2","5","1","1","5","5","4","6","3","1","2","2","1","1","2","6","2","1","7","1","1","1","1","1","2","1","7","1","3","799230569765543938","仲","102","Female","[""坏我"",""好我"",""好她"",""坏她""]","[""弱我"",""强我"",""强她"",""弱她""]","","","","","","","","nonmatch","","","","","","","","","prac_ALT2_moral","practice_moral","","key","j","16.81140350877193","683","380","","好她","","","","j","true","","","nonmatch","","img/hexagon.png","坏她","",""
"null","<span style='color:GreenYellow; font-size: 70px;'>正确! </span>","null","html-keyboard-response","1491","2446597","0.0-10.0-0.1-1.1-0.1-1.9","5","2","5","1","1","5","3","4","4","5","5","0","0","1","2","-2","1","1","2","5","4","5","4","2","1","2","3","4","3","4","6","4","8","3","7","6","5","7","5","5","3","3","6","2","5","2","5","5","1","2","2","5","1","1","5","5","4","6","3","1","2","2","1","1","2","6","2","1","7","1","1","1","1","1","2","1","7","1","3","799230569765543938","仲","102","Female","[""坏我"",""好我"",""好她"",""坏她""]","[""弱我"",""强我"",""强她"",""弱她""]","","","","","","","","","","","","","","","","","","feedback_test","","","","","","","","","","","","","","","","","","","","",""
"864","","f","psychophysics","1492","2448465","0.0-10.0-0.1-1.1-0.1-0.10","5","2","5","1","1","5","3","4","4","5","5","0","0","1","2","-2","1","1","2","5","4","5","4","2","1","2","3","4","3","4","6","4","8","3","7","6","5","7","5","5","3","3","6","2","5","2","5","5","1","2","2","5","1","1","5","5","4","6","3","1","2","2","1","1","2","6","2","1","7","1","1","1","1","1","2","1","7","1","3","799230569765543938","仲","102","Female","[""坏我"",""好我"",""好她"",""坏她""]","[""弱我"",""强我"",""强她"",""弱她""]","","","","","","","","match","","","","","","","","","prac_ALT2_moral","practice_moral","","key","f","16.66545454545624","683","380","","好我","","","","f","true","","","match","","img/ellipse.png","好我","",""
"null","<span style='color:GreenYellow; font-size: 70px;'>正确! </span>","null","html-keyboard-response","1493","2448971","0.0-10.0-0.1-1.1-0.1-1.10","5","2","5","1","1","5","3","4","4","5","5","0","0","1","2","-2","1","1","2","5","4","5","4","2","1","2","3","4","3","4","6","4","8","3","7","6","5","7","5","5","3","3","6","2","5","2","5","5","1","2","2","5","1","1","5","5","4","6","3","1","2","2","1","1","2","6","2","1","7","1","1","1","1","1","2","1","7","1","3","799230569765543938","仲","102","Female","[""坏我"",""好我"",""好她"",""坏她""]","[""弱我"",""强我"",""强她"",""弱她""]","","","","","","","","","","","","","","","","","","feedback_test","","","","","","","","","","","","","","","","","","","","",""
"774","","f","psychophysics","1494","2450751","0.0-10.0-0.1-1.1-0.1-0.11","5","2","5","1","1","5","3","4","4","5","5","0","0","1","2","-2","1","1","2","5","4","5","4","2","1","2","3","4","3","4","6","4","8","3","7","6","5","7","5","5","3","3","6","2","5","2","5","5","1","2","2","5","1","1","5","5","4","6","3","1","2","2","1","1","2","6","2","1","7","1","1","1","1","1","2","1","7","1","3","799230569765543938","仲","102","Female","[""坏我"",""好我"",""好她"",""坏她""]","[""弱我"",""强我"",""强她"",""弱她""]","","","","","","","","match","","","","","","","","","prac_ALT2_moral","practice_moral","","key","f","16.66509433962264","683","380","","坏我","","","","f","true","","","match","","img/square.png","坏我","",""
"null","<span style='color:GreenYellow; font-size: 70px;'>正确! </span>","null","html-keyboard-response","1495","2451253","0.0-10.0-0.1-1.1-0.1-1.11","5","2","5","1","1","5","3","4","4","5","5","0","0","1","2","-2","1","1","2","5","4","5","4","2","1","2","3","4","3","4","6","4","8","3","7","6","5","7","5","5","3","3","6","2","5","2","5","5","1","2","2","5","1","1","5","5","4","6","3","1","2","2","1","1","2","6","2","1","7","1","1","1","1","1","2","1","7","1","3","799230569765543938","仲","102","Female","[""坏我"",""好我"",""好她"",""坏她""]","[""弱我"",""强我"",""强她"",""弱她""]","","","","","","","","","","","","","","","","","","feedback_test","","","","","","","","","","","","","","","","","","","","",""
"773","","f","psychophysics","1496","2453031","0.0-10.0-0.1-1.1-0.1-0.12","5","2","5","1","1","5","3","4","4","5","5","0","0","1","2","-2","1","1","2","5","4","5","4","2","1","2","3","4","3","4","6","4","8","3","7","6","5","7","5","5","3","3","6","2","5","2","5","5","1","2","2","5","1","1","5","5","4","6","3","1","2","2","1","1","2","6","2","1","7","1","1","1","1","1","2","1","7","1","3","799230569765543938","仲","102","Female","[""坏我"",""好我"",""好她"",""坏她""]","[""弱我"",""强我"",""强她"",""弱她""]","","","","","","","","match","","","","","","","","","prac_ALT2_moral","practice_moral","","key","f","16.66509433962264","683","380","","坏她","","","","f","true","","","match","","img/hexagon.png","坏她","",""
"null","<span style='color:GreenYellow; font-size: 70px;'>正确! </span>","null","html-keyboard-response","1497","2453538","0.0-10.0-0.1-1.1-0.1-1.12","5","2","5","1","1","5","3","4","4","5","5","0","0","1","2","-2","1","1","2","5","4","5","4","2","1","2","3","4","3","4","6","4","8","3","7","6","5","7","5","5","3","3","6","2","5","2","5","5","1","2","2","5","1","1","5","5","4","6","3","1","2","2","1","1","2","6","2","1","7","1","1","1","1","1","2","1","7","1","3","799230569765543938","仲","102","Female","[""坏我"",""好我"",""好她"",""坏她""]","[""弱我"",""强我"",""强她"",""弱她""]","","","","","","","","","","","","","","","","","","feedback_test","","","","","","","","","","","","","","","","","","","","",""
"902","","j","psychophysics","1498","2455445","0.0-10.0-0.1-1.1-0.1-0.13","5","2","5","1","1","5","3","4","4","5","5","0","0","1","2","-2","1","1","2","5","4","5","4","2","1","2","3","4","3","4","6","4","8","3","7","6","5","7","5","5","3","3","6","2","5","2","5","5","1","2","2","5","1","1","5","5","4","6","3","1","2","2","1","1","2","6","2","1","7","1","1","1","1","1","2","1","7","1","3","799230569765543938","仲","102","Female","[""坏我"",""好我"",""好她"",""坏她""]","[""弱我"",""强我"",""强她"",""弱她""]","","","","","","","","nonmatch","","","","","","","","","prac_ALT2_moral","practice_moral","","key","j","16.665178571428573","683","380","","好我","","","","j","true","","","nonmatch","","img/square.png","坏我","",""
"null","<span style='color:GreenYellow; font-size: 70px;'>正确! </span>","null","html-keyboard-response","1499","2455951","0.0-10.0-0.1-1.1-0.1-1.13","5","2","5","1","1","5","3","4","4","5","5","0","0","1","2","-2","1","1","2","5","4","5","4","2","1","2","3","4","3","4","6","4","8","3","7","6","5","7","5","5","3","3","6","2","5","2","5","5","1","2","2","5","1","1","5","5","4","6","3","1","2","2","1","1","2","6","2","1","7","1","1","1","1","1","2","1","7","1","3","799230569765543938","仲","102","Female","[""坏我"",""好我"",""好她"",""坏她""]","[""弱我"",""强我"",""强她"",""弱她""]","","","","","","","","","","","","","","","","","","feedback_test","","","","","","","","","","","","","","","","","","","","",""
"732","","j","psychophysics","1500","2457686","0.0-10.0-0.1-1.1-0.1-0.14","5","2","5","1","1","5","3","4","4","5","5","0","0","1","2","-2","1","1","2","5","4","5","4","2","1","2","3","4","3","4","6","4","8","3","7","6","5","7","5","5","3","3","6","2","5","2","5","5","1","2","2","5","1","1","5","5","4","6","3","1","2","2","1","1","2","6","2","1","7","1","1","1","1","1","2","1","7","1","3","799230569765543938","仲","102","Female","[""坏我"",""好我"",""好她"",""坏她""]","[""弱我"",""强我"",""强她"",""弱她""]","","","","","","","","nonmatch","","","","","","","","","prac_ALT2_moral","practice_moral","","key","j","16.666019417476633","683","380","","坏她","","","","j","true","","","nonmatch","","img/ellipse.png","好我","",""
"null","<span style='color:GreenYellow; font-size: 70px;'>正确! </span>","null","html-keyboard-response","1501","2458191","0.0-10.0-0.1-1.1-0.1-1.14","5","2","5","1","1","5","3","4","4","5","5","0","0","1","2","-2","1","1","2","5","4","5","4","2","1","2","3","4","3","4","6","4","8","3","7","6","5","7","5","5","3","3","6","2","5","2","5","5","1","2","2","5","1","1","5","5","4","6","3","1","2","2","1","1","2","6","2","1","7","1","1","1","1","1","2","1","7","1","3","799230569765543938","仲","102","Female","[""坏我"",""好我"",""好她"",""坏她""]","[""弱我"",""强我"",""强她"",""弱她""]","","","","","","","","","","","","","","","","","","feedback_test","","","","","","","","","","","","","","","","","","","","",""
"712","","j","psychophysics","1502","2459905","0.0-10.0-0.1-1.1-0.1-0.15","5","2","5","1","1","5","3","4","4","5","5","0","0","1","2","-2","1","1","2","5","4","5","4","2","1","2","3","4","3","4","6","4","8","3","7","6","5","7","5","5","3","3","6","2","5","2","5","5","1","2","2","5","1","1","5","5","4","6","3","1","2","2","1","1","2","6","2","1","7","1","1","1","1","1","2","1","7","1","3","799230569765543938","仲","102","Female","[""坏我"",""好我"",""好她"",""坏她""]","[""弱我"",""强我"",""强她"",""弱她""]","","","","","","","","nonmatch","","","","","","","","","prac_ALT2_moral","practice_moral","","key","j","16.66568627450889","683","380","","坏我","","","","j","true","","","nonmatch","","img/triangle.png","好她","",""
"null","<span style='color:GreenYellow; font-size: 70px;'>正确! </span>","null","html-keyboard-response","1503","2460408","0.0-10.0-0.1-1.1-0.1-1.15","5","2","5","1","1","5","3","4","4","5","5","0","0","1","2","-2","1","1","2","5","4","5","4","2","1","2","3","4","3","4","6","4","8","3","7","6","5","7","5","5","3","3","6","2","5","2","5","5","1","2","2","5","1","1","5","5","4","6","3","1","2","2","1","1","2","6","2","1","7","1","1","1","1","1","2","1","7","1","3","799230569765543938","仲","102","Female","[""坏我"",""好我"",""好她"",""坏她""]","[""弱我"",""强我"",""强她"",""弱她""]","","","","","","","","","","","","","","","","","","feedback_test","","","","","","","","","","","","","","","","","","","","",""
"745","","j","psychophysics","1504","2462155","0.0-10.0-0.1-1.1-0.1-0.16","5","2","5","1","1","5","3","4","4","5","5","0","0","1","2","-2","1","1","2","5","4","5","4","2","1","2","3","4","3","4","6","4","8","3","7","6","5","7","5","5","3","3","6","2","5","2","5","5","1","2","2","5","1","1","5","5","4","6","3","1","2","2","1","1","2","6","2","1","7","1","1","1","1","1","2","1","7","1","3","799230569765543938","仲","102","Female","[""坏我"",""好我"",""好她"",""坏她""]","[""弱我"",""强我"",""强她"",""弱她""]","","","","","","","","nonmatch","","","","","","","","","prac_ALT2_moral","practice_moral","","key","j","16.60485436893023","683","380","","坏她","","","","j","true","","","nonmatch","","img/triangle.png","好她","",""
"null","<span style='color:GreenYellow; font-size: 70px;'>正确! </span>","null","html-keyboard-response","1505","2462661","0.0-10.0-0.1-1.1-0.1-1.16","5","2","5","1","1","5","3","4","4","5","5","0","0","1","2","-2","1","1","2","5","4","5","4","2","1","2","3","4","3","4","6","4","8","3","7","6","5","7","5","5","3","3","6","2","5","2","5","5","1","2","2","5","1","1","5","5","4","6","3","1","2","2","1","1","2","6","2","1","7","1","1","1","1","1","2","1","7","1","3","799230569765543938","仲","102","Female","[""坏我"",""好我"",""好她"",""坏她""]","[""弱我"",""强我"",""强她"",""弱她""]","","","","","","","","","","","","","","","","","","feedback_test","","","","","","","","","","","","","","","","","","","","",""
"726","","f","psychophysics","1506","2464392","0.0-10.0-0.1-1.1-0.1-0.17","5","2","5","1","1","5","3","4","4","5","5","0","0","1","2","-2","1","1","2","5","4","5","4","2","1","2","3","4","3","4","6","4","8","3","7","6","5","7","5","5","3","3","6","2","5","2","5","5","1","2","2","5","1","1","5","5","4","6","3","1","2","2","1","1","2","6","2","1","7","1","1","1","1","1","2","1","7","1","3","799230569765543938","仲","102","Female","[""坏我"",""好我"",""好她"",""坏她""]","[""弱我"",""强我"",""强她"",""弱她""]","","","","","","","","match","","","","","","","","","prac_ALT2_moral","practice_moral","","key","f","16.664705882351114","683","380","","好我","","","","f","true","","","match","","img/ellipse.png","好我","",""
"null","<span style='color:GreenYellow; font-size: 70px;'>正确! </span>","null","html-keyboard-response","1507","2464900","0.0-10.0-0.1-1.1-0.1-1.17","5","2","5","1","1","5","3","4","4","5","5","0","0","1","2","-2","1","1","2","5","4","5","4","2","1","2","3","4","3","4","6","4","8","3","7","6","5","7","5","5","3","3","6","2","5","2","5","5","1","2","2","5","1","1","5","5","4","6","3","1","2","2","1","1","2","6","2","1","7","1","1","1","1","1","2","1","7","1","3","799230569765543938","仲","102","Female","[""坏我"",""好我"",""好她"",""坏她""]","[""弱我"",""强我"",""强她"",""弱她""]","","","","","","","","","","","","","","","","","","feedback_test","","","","","","","","","","","","","","","","","","","","",""
"1078","","f","psychophysics","1508","2466981","0.0-10.0-0.1-1.1-0.1-0.18","5","2","5","1","1","5","3","4","4","5","5","0","0","1","2","-2","1","1","2","5","4","5","4","2","1","2","3","4","3","4","6","4","8","3","7","6","5","7","5","5","3","3","6","2","5","2","5","5","1","2","2","5","1","1","5","5","4","6","3","1","2","2","1","1","2","6","2","1","7","1","1","1","1","1","2","1","7","1","3","799230569765543938","仲","102","Female","[""坏我"",""好我"",""好她"",""坏她""]","[""弱我"",""强我"",""强她"",""弱她""]","","","","","","","","match","","","","","","","","","prac_ALT2_moral","practice_moral","","key","f","16.665853658535827","683","380","","坏我","","","","j","false","","","nonmatch","","img/hexagon.png","坏她","",""
"null","<span style='color:red; font-size: 70px;'>错误! </span>","null","html-keyboard-response","1509","2467487","0.0-10.0-0.1-1.1-0.1-1.18","5","2","5","1","1","5","3","4","4","5","5","0","0","1","2","-2","1","1","2","5","4","5","4","2","1","2","3","4","3","4","6","4","8","3","7","6","5","7","5","5","3","3","6","2","5","2","5","5","1","2","2","5","1","1","5","5","4","6","3","1","2","2","1","1","2","6","2","1","7","1","1","1","1","1","2","1","7","1","3","799230569765543938","仲","102","Female","[""坏我"",""好我"",""好她"",""坏她""]","[""弱我"",""强我"",""强她"",""弱她""]","","","","","","","","","","","","","","","","","","feedback_test","","","","","","","","","","","","","","","","","","","","",""
"996","","j","psychophysics","1510","2469488","0.0-10.0-0.1-1.1-0.1-0.19","5","2","5","1","1","5","3","4","4","5","5","0","0","1","2","-2","1","1","2","5","4","5","4","2","1","2","3","4","3","4","6","4","8","3","7","6","5","7","5","5","3","3","6","2","5","2","5","5","1","2","2","5","1","1","5","5","4","6","3","1","2","2","1","1","2","6","2","1","7","1","1","1","1","1","2","1","7","1","3","799230569765543938","仲","102","Female","[""坏我"",""好我"",""好她"",""坏她""]","[""弱我"",""强我"",""强她"",""弱她""]","","","","","","","","nonmatch","","","","","","","","","prac_ALT2_moral","practice_moral","","key","j","16.664957264959654","683","380","","好我","","","","j","true","","","nonmatch","","img/hexagon.png","坏她","",""
"null","<span style='color:GreenYellow; font-size: 70px;'>正确! </span>","null","html-keyboard-response","1511","2469994","0.0-10.0-0.1-1.1-0.1-1.19","5","2","5","1","1","5","3","4","4","5","5","0","0","1","2","-2","1","1","2","5","4","5","4","2","1","2","3","4","3","4","6","4","8","3","7","6","5","7","5","5","3","3","6","2","5","2","5","5","1","2","2","5","1","1","5","5","4","6","3","1","2","2","1","1","2","6","2","1","7","1","1","1","1","1","2","1","7","1","3","799230569765543938","仲","102","Female","[""坏我"",""好我"",""好她"",""坏她""]","[""弱我"",""强我"",""强她"",""弱她""]","","","","","","","","","","","","","","","","","","feedback_test","","","","","","","","","","","","","","","","","","","","",""
"736","","f","psychophysics","1512","2471738","0.0-10.0-0.1-1.1-0.1-0.20","5","2","5","1","1","5","3","4","4","5","5","0","0","1","2","-2","1","1","2","5","4","5","4","2","1","2","3","4","3","4","6","4","8","3","7","6","5","7","5","5","3","3","6","2","5","2","5","5","1","2","2","5","1","1","5","5","4","6","3","1","2","2","1","1","2","6","2","1","7","1","1","1","1","1","2","1","7","1","3","799230569765543938","仲","102","Female","[""坏我"",""好我"",""好她"",""坏她""]","[""弱我"",""强我"",""强她"",""弱她""]","","","","","","","","match","","","","","","","","","prac_ALT2_moral","practice_moral","","key","f","16.66407766990201","683","380","","坏她","","","","f","true","","","match","","img/hexagon.png","坏她","",""
"null","<span style='color:GreenYellow; font-size: 70px;'>正确! </span>","null","html-keyboard-response","1513","2472240","0.0-10.0-0.1-1.1-0.1-1.20","5","2","5","1","1","5","3","4","4","5","5","0","0","1","2","-2","1","1","2","5","4","5","4","2","1","2","3","4","3","4","6","4","8","3","7","6","5","7","5","5","3","3","6","2","5","2","5","5","1","2","2","5","1","1","5","5","4","6","3","1","2","2","1","1","2","6","2","1","7","1","1","1","1","1","2","1","7","1","3","799230569765543938","仲","102","Female","[""坏我"",""好我"",""好她"",""坏她""]","[""弱我"",""强我"",""强她"",""弱她""]","","","","","","","","","","","","","","","","","","feedback_test","","","","","","","","","","","","","","","","","","","","",""
"849","","f","psychophysics","1514","2474092","0.0-10.0-0.1-1.1-0.1-0.21","5","2","5","1","1","5","3","4","4","5","5","0","0","1","2","-2","1","1","2","5","4","5","4","2","1","2","3","4","3","4","6","4","8","3","7","6","5","7","5","5","3","3","6","2","5","2","5","5","1","2","2","5","1","1","5","5","4","6","3","1","2","2","1","1","2","6","2","1","7","1","1","1","1","1","2","1","7","1","3","799230569765543938","仲","102","Female","[""坏我"",""好我"",""好她"",""坏她""]","[""弱我"",""强我"",""强她"",""弱她""]","","","","","","","","match","","","","","","","","","prac_ALT2_moral","practice_moral","","key","f","16.66454545454207","683","380","","坏我","","","","f","true","","","match","","img/square.png","坏我","",""
"null","<span style='color:GreenYellow; font-size: 70px;'>正确! </span>","null","html-keyboard-response","1515","2474601","0.0-10.0-0.1-1.1-0.1-1.21","5","2","5","1","1","5","3","4","4","5","5","0","0","1","2","-2","1","1","2","5","4","5","4","2","1","2","3","4","3","4","6","4","8","3","7","6","5","7","5","5","3","3","6","2","5","2","5","5","1","2","2","5","1","1","5","5","4","6","3","1","2","2","1","1","2","6","2","1","7","1","1","1","1","1","2","1","7","1","3","799230569765543938","仲","102","Female","[""坏我"",""好我"",""好她"",""坏她""]","[""弱我"",""强我"",""强她"",""弱她""]","","","","","","","","","","","","","","","","","","feedback_test","","","","","","","","","","","","","","","","","","","","",""
"724","","f","psychophysics","1516","2476332","0.0-10.0-0.1-1.1-0.1-0.22","5","2","5","1","1","5","3","4","4","5","5","0","0","1","2","-2","1","1","2","5","4","5","4","2","1","2","3","4","3","4","6","4","8","3","7","6","5","7","5","5","3","3","6","2","5","2","5","5","1","2","2","5","1","1","5","5","4","6","3","1","2","2","1","1","2","6","2","1","7","1","1","1","1","1","2","1","7","1","3","799230569765543938","仲","102","Female","[""坏我"",""好我"",""好她"",""坏她""]","[""弱我"",""强我"",""强她"",""弱她""]","","","","","","","","match","","","","","","","","","prac_ALT2_moral","practice_moral","","key","f","16.666990291259424","683","380","","好她","","","","f","true","","","match","","img/triangle.png","好她","",""
"null","<span style='color:GreenYellow; font-size: 70px;'>正确! </span>","null","html-keyboard-response","1517","2476835","0.0-10.0-0.1-1.1-0.1-1.22","5","2","5","1","1","5","3","4","4","5","5","0","0","1","2","-2","1","1","2","5","4","5","4","2","1","2","3","4","3","4","6","4","8","3","7","6","5","7","5","5","3","3","6","2","5","2","5","5","1","2","2","5","1","1","5","5","4","6","3","1","2","2","1","1","2","6","2","1","7","1","1","1","1","1","2","1","7","1","3","799230569765543938","仲","102","Female","[""坏我"",""好我"",""好她"",""坏她""]","[""弱我"",""强我"",""强她"",""弱她""]","","","","","","","","","","","","","","","","","","feedback_test","","","","","","","","","","","","","","","","","","","","",""
"870","","j","psychophysics","1518","2478712","0.0-10.0-0.1-1.1-0.1-0.23","5","2","5","1","1","5","3","4","4","5","5","0","0","1","2","-2","1","1","2","5","4","5","4","2","1","2","3","4","3","4","6","4","8","3","7","6","5","7","5","5","3","3","6","2","5","2","5","5","1","2","2","5","1","1","5","5","4","6","3","1","2","2","1","1","2","6","2","1","7","1","1","1","1","1","2","1","7","1","3","799230569765543938","仲","102","Female","[""坏我"",""好我"",""好她"",""坏她""]","[""弱我"",""强我"",""强她"",""弱她""]","","","","","","","","nonmatch","","","","","","","","","prac_ALT2_moral","practice_moral","","key","j","16.665178571428573","683","380","","好她","","","","j","true","","","nonmatch","","img/square.png","坏我","",""
"null","<span style='color:GreenYellow; font-size: 70px;'>正确! </span>","null","html-keyboard-response","1519","2479213","0.0-10.0-0.1-1.1-0.1-1.23","5","2","5","1","1","5","3","4","4","5","5","0","0","1","2","-2","1","1","2","5","4","5","4","2","1","2","3","4","3","4","6","4","8","3","7","6","5","7","5","5","3","3","6","2","5","2","5","5","1","2","2","5","1","1","5","5","4","6","3","1","2","2","1","1","2","6","2","1","7","1","1","1","1","1","2","1","7","1","3","799230569765543938","仲","102","Female","[""坏我"",""好我"",""好她"",""坏她""]","[""弱我"",""强我"",""强她"",""弱她""]","","","","","","","","","","","","","","","","","","feedback_test","","","","","","","","","","","","","","","","","","","","",""
"1097","","f","psychophysics","1520","2481312","0.0-10.0-0.1-1.1-0.1-0.24","5","2","5","1","1","5","3","4","4","5","5","0","0","1","2","-2","1","1","2","5","4","5","4","2","1","2","3","4","3","4","6","4","8","3","7","6","5","7","5","5","3","3","6","2","5","2","5","5","1","2","2","5","1","1","5","5","4","6","3","1","2","2","1","1","2","6","2","1","7","1","1","1","1","1","2","1","7","1","3","799230569765543938","仲","102","Female","[""坏我"",""好我"",""好她"",""坏她""]","[""弱我"",""强我"",""强她"",""弱她""]","","","","","","","","match","","","","","","","","","prac_ALT2_moral","practice_moral","","key","f","16.665599999997763","683","380","","好她","","","","f","true","","","match","","img/triangle.png","好她","",""
"null","<span style='color:GreenYellow; font-size: 70px;'>正确! </span>","null","html-keyboard-response","1521","2481821","0.0-10.0-0.1-1.1-0.1-1.24","5","2","5","1","1","5","3","4","4","5","5","0","0","1","2","-2","1","1","2","5","4","5","4","2","1","2","3","4","3","4","6","4","8","3","7","6","5","7","5","5","3","3","6","2","5","2","5","5","1","2","2","5","1","1","5","5","4","6","3","1","2","2","1","1","2","6","2","1","7","1","1","1","1","1","2","1","7","1","3","799230569765543938","仲","102","Female","[""坏我"",""好我"",""好她"",""坏她""]","[""弱我"",""强我"",""强她"",""弱她""]","","","","","","","","","","","","","","","","","","feedback_test","","","","","","","","","","","","","","","","","","","","",""
"722","","f","psychophysics","1522","2483547","0.0-10.0-0.1-1.1-0.1-0.25","5","2","5","1","1","5","3","4","4","5","5","0","0","1","2","-2","1","1","2","5","4","5","4","2","1","2","3","4","3","4","6","4","8","3","7","6","5","7","5","5","3","3","6","2","5","2","5","5","1","2","2","5","1","1","5","5","4","6","3","1","2","2","1","1","2","6","2","1","7","1","1","1","1","1","2","1","7","1","3","799230569765543938","仲","102","Female","[""坏我"",""好我"",""好她"",""坏她""]","[""弱我"",""强我"",""强她"",""弱她""]","","","","","","","","match","","","","","","","","","prac_ALT2_moral","practice_moral","","key","f","16.664705882351114","683","380","","好我","","","","f","true","","","match","","img/ellipse.png","好我","",""
"null","<span style='color:GreenYellow; font-size: 70px;'>正确! </span>","null","html-keyboard-response","1523","2484048","0.0-10.0-0.1-1.1-0.1-1.25","5","2","5","1","1","5","3","4","4","5","5","0","0","1","2","-2","1","1","2","5","4","5","4","2","1","2","3","4","3","4","6","4","8","3","7","6","5","7","5","5","3","3","6","2","5","2","5","5","1","2","2","5","1","1","5","5","4","6","3","1","2","2","1","1","2","6","2","1","7","1","1","1","1","1","2","1","7","1","3","799230569765543938","仲","102","Female","[""坏我"",""好我"",""好她"",""坏她""]","[""弱我"",""强我"",""强她"",""弱她""]","","","","","","","","","","","","","","","","","","feedback_test","","","","","","","","","","","","","","","","","","","","",""
"835","","f","psychophysics","1524","2485887","0.0-10.0-0.1-1.1-0.1-0.26","5","2","5","1","1","5","3","4","4","5","5","0","0","1","2","-2","1","1","2","5","4","5","4","2","1","2","3","4","3","4","6","4","8","3","7","6","5","7","5","5","3","3","6","2","5","2","5","5","1","2","2","5","1","1","5","5","4","6","3","1","2","2","1","1","2","6","2","1","7","1","1","1","1","1","2","1","7","1","3","799230569765543938","仲","102","Female","[""坏我"",""好我"",""好她"",""坏她""]","[""弱我"",""强我"",""强她"",""弱她""]","","","","","","","","match","","","","","","","","","prac_ALT2_moral","practice_moral","","key","f","16.665137614678898","683","380","","好她","","","","f","true","","","match","","img/triangle.png","好她","",""
"null","<span style='color:GreenYellow; font-size: 70px;'>正确! </span>","null","html-keyboard-response","1525","2486391","0.0-10.0-0.1-1.1-0.1-1.26","5","2","5","1","1","5","3","4","4","5","5","0","0","1","2","-2","1","1","2","5","4","5","4","2","1","2","3","4","3","4","6","4","8","3","7","6","5","7","5","5","3","3","6","2","5","2","5","5","1","2","2","5","1","1","5","5","4","6","3","1","2","2","1","1","2","6","2","1","7","1","1","1","1","1","2","1","7","1","3","799230569765543938","仲","102","Female","[""坏我"",""好我"",""好她"",""坏她""]","[""弱我"",""强我"",""强她"",""弱她""]","","","","","","","","","","","","","","","","","","feedback_test","","","","","","","","","","","","","","","","","","","","",""
"859","","j","psychophysics","1526","2488251","0.0-10.0-0.1-1.1-0.1-0.27","5","2","5","1","1","5","3","4","4","5","5","0","0","1","2","-2","1","1","2","5","4","5","4","2","1","2","3","4","3","4","6","4","8","3","7","6","5","7","5","5","3","3","6","2","5","2","5","5","1","2","2","5","1","1","5","5","4","6","3","1","2","2","1","1","2","6","2","1","7","1","1","1","1","1","2","1","7","1","3","799230569765543938","仲","102","Female","[""坏我"",""好我"",""好她"",""坏她""]","[""弱我"",""强我"",""强她"",""弱她""]","","","","","","","","nonmatch","","","","","","","","","prac_ALT2_moral","practice_moral","","key","j","16.66545454545624","683","380","","好她","","","","j","true","","","nonmatch","","img/ellipse.png","好我","",""
"null","<span style='color:GreenYellow; font-size: 70px;'>正确! </span>","null","html-keyboard-response","1527","2488758","0.0-10.0-0.1-1.1-0.1-1.27","5","2","5","1","1","5","3","4","4","5","5","0","0","1","2","-2","1","1","2","5","4","5","4","2","1","2","3","4","3","4","6","4","8","3","7","6","5","7","5","5","3","3","6","2","5","2","5","5","1","2","2","5","1","1","5","5","4","6","3","1","2","2","1","1","2","6","2","1","7","1","1","1","1","1","2","1","7","1","3","799230569765543938","仲","102","Female","[""坏我"",""好我"",""好她"",""坏她""]","[""弱我"",""强我"",""强她"",""弱她""]","","","","","","","","","","","","","","","","","","feedback_test","","","","","","","","","","","","","","","","","","","","",""
"932","","f","psychophysics","1528","2490692","0.0-10.0-0.1-1.1-0.1-0.28","5","2","5","1","1","5","3","4","4","5","5","0","0","1","2","-2","1","1","2","5","4","5","4","2","1","2","3","4","3","4","6","4","8","3","7","6","5","7","5","5","3","3","6","2","5","2","5","5","1","2","2","5","1","1","5","5","4","6","3","1","2","2","1","1","2","6","2","1","7","1","1","1","1","1","2","1","7","1","3","799230569765543938","仲","102","Female","[""坏我"",""好我"",""好她"",""坏她""]","[""弱我"",""强我"",""强她"",""弱她""]","","","","","","","","match","","","","","","","","","prac_ALT2_moral","practice_moral","","key","f","16.664912280700122","683","380","","好她","","","","j","false","","","nonmatch","","img/hexagon.png","坏她","",""
"null","<span style='color:red; font-size: 70px;'>错误! </span>","null","html-keyboard-response","1529","2491197","0.0-10.0-0.1-1.1-0.1-1.28","5","2","5","1","1","5","3","4","4","5","5","0","0","1","2","-2","1","1","2","5","4","5","4","2","1","2","3","4","3","4","6","4","8","3","7","6","5","7","5","5","3","3","6","2","5","2","5","5","1","2","2","5","1","1","5","5","4","6","3","1","2","2","1","1","2","6","2","1","7","1","1","1","1","1","2","1","7","1","3","799230569765543938","仲","102","Female","[""坏我"",""好我"",""好她"",""坏她""]","[""弱我"",""强我"",""强她"",""弱她""]","","","","","","","","","","","","","","","","","","feedback_test","","","","","","","","","","","","","","","","","","","","",""
"779","","j","psychophysics","1530","2492982","0.0-10.0-0.1-1.1-0.1-0.29","5","2","5","1","1","5","3","4","4","5","5","0","0","1","2","-2","1","1","2","5","4","5","4","2","1","2","3","4","3","4","6","4","8","3","7","6","5","7","5","5","3","3","6","2","5","2","5","5","1","2","2","5","1","1","5","5","4","6","3","1","2","2","1","1","2","6","2","1","7","1","1","1","1","1","2","1","7","1","3","799230569765543938","仲","102","Female","[""坏我"",""好我"",""好她"",""坏她""]","[""弱我"",""强我"",""强她"",""弱她""]","","","","","","","","nonmatch","","","","","","","","","prac_ALT2_moral","practice_moral","","key","j","16.666037735845542","683","380","","好我","","","","j","true","","","nonmatch","","img/square.png","坏我","",""
"null","<span style='color:GreenYellow; font-size: 70px;'>正确! </span>","null","html-keyboard-response","1531","2493490","0.0-10.0-0.1-1.1-0.1-1.29","5","2","5","1","1","5","3","4","4","5","5","0","0","1","2","-2","1","1","2","5","4","5","4","2","1","2","3","4","3","4","6","4","8","3","7","6","5","7","5","5","3","3","6","2","5","2","5","5","1","2","2","5","1","1","5","5","4","6","3","1","2","2","1","1","2","6","2","1","7","1","1","1","1","1","2","1","7","1","3","799230569765543938","仲","102","Female","[""坏我"",""好我"",""好她"",""坏她""]","[""弱我"",""强我"",""强她"",""弱她""]","","","","","","","","","","","","","","","","","","feedback_test","","","","","","","","","","","","","","","","","","","","",""
"1029","","f","psychophysics","1532","2495521","0.0-10.0-0.1-1.1-0.1-0.30","5","2","5","1","1","5","3","4","4","5","5","0","0","1","2","-2","1","1","2","5","4","5","4","2","1","2","3","4","3","4","6","4","8","3","7","6","5","7","5","5","3","3","6","2","5","2","5","5","1","2","2","5","1","1","5","5","4","6","3","1","2","2","1","1","2","6","2","1","7","1","1","1","1","1","2","1","7","1","3","799230569765543938","仲","102","Female","[""坏我"",""好我"",""好她"",""坏她""]","[""弱我"",""强我"",""强她"",""弱她""]","","","","","","","","match","","","","","","","","","prac_ALT2_moral","practice_moral","","key","f","16.61166666666589","683","380","","好她","","","","f","true","","","match","","img/triangle.png","好她","",""
"null","<span style='color:GreenYellow; font-size: 70px;'>正确! </span>","null","html-keyboard-response","1533","2496028","0.0-10.0-0.1-1.1-0.1-1.30","5","2","5","1","1","5","3","4","4","5","5","0","0","1","2","-2","1","1","2","5","4","5","4","2","1","2","3","4","3","4","6","4","8","3","7","6","5","7","5","5","3","3","6","2","5","2","5","5","1","2","2","5","1","1","5","5","4","6","3","1","2","2","1","1","2","6","2","1","7","1","1","1","1","1","2","1","7","1","3","799230569765543938","仲","102","Female","[""坏我"",""好我"",""好她"",""坏她""]","[""弱我"",""强我"",""强她"",""弱她""]","","","","","","","","","","","","","","","","","","feedback_test","","","","","","","","","","","","","","","","","","","","",""
"794","","f","psychophysics","1534","2497827","0.0-10.0-0.1-1.1-0.1-0.31","5","2","5","1","1","5","3","4","4","5","5","0","0","1","2","-2","1","1","2","5","4","5","4","2","1","2","3","4","3","4","6","4","8","3","7","6","5","7","5","5","3","3","6","2","5","2","5","5","1","2","2","5","1","1","5","5","4","6","3","1","2","2","1","1","2","6","2","1","7","1","1","1","1","1","2","1","7","1","3","799230569765543938","仲","102","Female","[""坏我"",""好我"",""好她"",""坏她""]","[""弱我"",""强我"",""强她"",""弱她""]","","","","","","","","match","","","","","","","","","prac_ALT2_moral","practice_moral","","key","f","16.666355140185175","683","380","","坏我","","","","j","false","","","nonmatch","","img/hexagon.png","坏她","",""
"null","<span style='color:red; font-size: 70px;'>错误! </span>","null","html-keyboard-response","1535","2498333","0.0-10.0-0.1-1.1-0.1-1.31","5","2","5","1","1","5","3","4","4","5","5","0","0","1","2","-2","1","1","2","5","4","5","4","2","1","2","3","4","3","4","6","4","8","3","7","6","5","7","5","5","3","3","6","2","5","2","5","5","1","2","2","5","1","1","5","5","4","6","3","1","2","2","1","1","2","6","2","1","7","1","1","1","1","1","2","1","7","1","3","799230569765543938","仲","102","Female","[""坏我"",""好我"",""好她"",""坏她""]","[""弱我"",""强我"",""强她"",""弱她""]","","","","","","","","","","","","","","","","","","feedback_test","","","","","","","","","","","","","","","","","","","","",""
"642","","f","psychophysics","1536","2499982","0.0-10.0-0.1-1.1-0.1-0.32","5","2","5","1","1","5","3","4","4","5","5","0","0","1","2","-2","1","1","2","5","4","5","4","2","1","2","3","4","3","4","6","4","8","3","7","6","5","7","5","5","3","3","6","2","5","2","5","5","1","2","2","5","1","1","5","5","4","6","3","1","2","2","1","1","2","6","2","1","7","1","1","1","1","1","2","1","7","1","3","799230569765543938","仲","102","Female","[""坏我"",""好我"",""好她"",""坏她""]","[""弱我"",""强我"",""强她"",""弱她""]","","","","","","","","match","","","","","","","","","prac_ALT2_moral","practice_moral","","key","f","16.66597938143946","683","380","","坏她","","","","f","true","","","match","","img/hexagon.png","坏她","",""
"null","<span style='color:GreenYellow; font-size: 70px;'>正确! </span>","null","html-keyboard-response","1537","2500491","0.0-10.0-0.1-1.1-0.1-1.32","5","2","5","1","1","5","3","4","4","5","5","0","0","1","2","-2","1","1","2","5","4","5","4","2","1","2","3","4","3","4","6","4","8","3","7","6","5","7","5","5","3","3","6","2","5","2","5","5","1","2","2","5","1","1","5","5","4","6","3","1","2","2","1","1","2","6","2","1","7","1","1","1","1","1","2","1","7","1","3","799230569765543938","仲","102","Female","[""坏我"",""好我"",""好她"",""坏她""]","[""弱我"",""强我"",""强她"",""弱她""]","","","","","","","","","","","","","","","","","","feedback_test","","","","","","","","","","","","","","","","","","","","",""
"943","","f","psychophysics","1538","2502443","0.0-10.0-0.1-1.1-0.1-0.33","5","2","5","1","1","5","3","4","4","5","5","0","0","1","2","-2","1","1","2","5","4","5","4","2","1","2","3","4","3","4","6","4","8","3","7","6","5","7","5","5","3","3","6","2","5","2","5","5","1","2","2","5","1","1","5","5","4","6","3","1","2","2","1","1","2","6","2","1","7","1","1","1","1","1","2","1","7","1","3","799230569765543938","仲","102","Female","[""坏我"",""好我"",""好她"",""坏她""]","[""弱我"",""强我"",""强她"",""弱她""]","","","","","","","","match","","","","","","","","","prac_ALT2_moral","practice_moral","","key","f","16.6655172413769","683","380","","坏她","","","","f","true","","","match","","img/hexagon.png","坏她","",""
"null","<span style='color:GreenYellow; font-size: 70px;'>正确! </span>","null","html-keyboard-response","1539","2502944","0.0-10.0-0.1-1.1-0.1-1.33","5","2","5","1","1","5","3","4","4","5","5","0","0","1","2","-2","1","1","2","5","4","5","4","2","1","2","3","4","3","4","6","4","8","3","7","6","5","7","5","5","3","3","6","2","5","2","5","5","1","2","2","5","1","1","5","5","4","6","3","1","2","2","1","1","2","6","2","1","7","1","1","1","1","1","2","1","7","1","3","799230569765543938","仲","102","Female","[""坏我"",""好我"",""好她"",""坏她""]","[""弱我"",""强我"",""强她"",""弱她""]","","","","","","","","","","","","","","","","","","feedback_test","","","","","","","","","","","","","","","","","","","","",""
"616","","f","psychophysics","1540","2504569","0.0-10.0-0.1-1.1-0.1-0.34","5","2","5","1","1","5","3","4","4","5","5","0","0","1","2","-2","1","1","2","5","4","5","4","2","1","2","3","4","3","4","6","4","8","3","7","6","5","7","5","5","3","3","6","2","5","2","5","5","1","2","2","5","1","1","5","5","4","6","3","1","2","2","1","1","2","6","2","1","7","1","1","1","1","1","2","1","7","1","3","799230569765543938","仲","102","Female","[""坏我"",""好我"",""好她"",""坏她""]","[""弱我"",""强我"",""强她"",""弱她""]","","","","","","","","match","","","","","","","","","prac_ALT2_moral","practice_moral","","key","f","16.666666666666668","683","380","","坏我","","","","f","true","","","match","","img/square.png","坏我","",""
"null","<span style='color:GreenYellow; font-size: 70px;'>正确! </span>","null","html-keyboard-response","1541","2505072","0.0-10.0-0.1-1.1-0.1-1.34","5","2","5","1","1","5","3","4","4","5","5","0","0","1","2","-2","1","1","2","5","4","5","4","2","1","2","3","4","3","4","6","4","8","3","7","6","5","7","5","5","3","3","6","2","5","2","5","5","1","2","2","5","1","1","5","5","4","6","3","1","2","2","1","1","2","6","2","1","7","1","1","1","1","1","2","1","7","1","3","799230569765543938","仲","102","Female","[""坏我"",""好我"",""好她"",""坏她""]","[""弱我"",""强我"",""强她"",""弱她""]","","","","","","","","","","","","","","","","","","feedback_test","","","","","","","","","","","","","","","","","","","","",""
"718","","f","psychophysics","1542","2506793","0.0-10.0-0.1-1.1-0.1-0.35","5","2","5","1","1","5","3","4","4","5","5","0","0","1","2","-2","1","1","2","5","4","5","4","2","1","2","3","4","3","4","6","4","8","3","7","6","5","7","5","5","3","3","6","2","5","2","5","5","1","2","2","5","1","1","5","5","4","6","3","1","2","2","1","1","2","6","2","1","7","1","1","1","1","1","2","1","7","1","3","799230569765543938","仲","102","Female","[""坏我"",""好我"",""好她"",""坏她""]","[""弱我"",""强我"",""强她"",""弱她""]","","","","","","","","match","","","","","","","","","prac_ALT2_moral","practice_moral","","key","f","16.666019417476633","683","380","","坏我","","","","f","true","","","match","","img/square.png","坏我","",""
"null","<span style='color:GreenYellow; font-size: 70px;'>正确! </span>","null","html-keyboard-response","1543","2507297","0.0-10.0-0.1-1.1-0.1-1.35","5","2","5","1","1","5","3","4","4","5","5","0","0","1","2","-2","1","1","2","5","4","5","4","2","1","2","3","4","3","4","6","4","8","3","7","6","5","7","5","5","3","3","6","2","5","2","5","5","1","2","2","5","1","1","5","5","4","6","3","1","2","2","1","1","2","6","2","1","7","1","1","1","1","1","2","1","7","1","3","799230569765543938","仲","102","Female","[""坏我"",""好我"",""好她"",""坏她""]","[""弱我"",""强我"",""强她"",""弱她""]","","","","","","","","","","","","","","","","","","feedback_test","","","","","","","","","","","","","","","","","","","","",""
"1014","","j","psychophysics","1544","2509314","0.0-10.0-0.1-1.1-0.1-0.36","5","2","5","1","1","5","3","4","4","5","5","0","0","1","2","-2","1","1","2","5","4","5","4","2","1","2","3","4","3","4","6","4","8","3","7","6","5","7","5","5","3","3","6","2","5","2","5","5","1","2","2","5","1","1","5","5","4","6","3","1","2","2","1","1","2","6","2","1","7","1","1","1","1","1","2","1","7","1","3","799230569765543938","仲","102","Female","[""坏我"",""好我"",""好她"",""坏她""]","[""弱我"",""强我"",""强她"",""弱她""]","","","","","","","","nonmatch","","","","","","","","","prac_ALT2_moral","practice_moral","","key","j","16.665254237288135","683","380","","好我","","","","j","true","","","nonmatch","","img/hexagon.png","坏她","",""
"null","<span style='color:GreenYellow; font-size: 70px;'>正确! </span>","null","html-keyboard-response","1545","2509815","0.0-10.0-0.1-1.1-0.1-1.36","5","2","5","1","1","5","3","4","4","5","5","0","0","1","2","-2","1","1","2","5","4","5","4","2","1","2","3","4","3","4","6","4","8","3","7","6","5","7","5","5","3","3","6","2","5","2","5","5","1","2","2","5","1","1","5","5","4","6","3","1","2","2","1","1","2","6","2","1","7","1","1","1","1","1","2","1","7","1","3","799230569765543938","仲","102","Female","[""坏我"",""好我"",""好她"",""坏她""]","[""弱我"",""强我"",""强她"",""弱她""]","","","","","","","","","","","","","","","","","","feedback_test","","","","","","","","","","","","","","","","","","","","",""
"795","","j","psychophysics","1546","2511612","0.0-10.0-0.1-1.1-0.1-0.37","5","2","5","1","1","5","3","4","4","5","5","0","0","1","2","-2","1","1","2","5","4","5","4","2","1","2","3","4","3","4","6","4","8","3","7","6","5","7","5","5","3","3","6","2","5","2","5","5","1","2","2","5","1","1","5","5","4","6","3","1","2","2","1","1","2","6","2","1","7","1","1","1","1","1","2","1","7","1","3","799230569765543938","仲","102","Female","[""坏我"",""好我"",""好她"",""坏她""]","[""弱我"",""强我"",""强她"",""弱她""]","","","","","","","","nonmatch","","","","","","","","","prac_ALT2_moral","practice_moral","","key","j","16.666355140185175","683","380","","坏她","","","","j","true","","","nonmatch","","img/ellipse.png","好我","",""
"null","<span style='color:GreenYellow; font-size: 70px;'>正确! </span>","null","html-keyboard-response","1547","2512116","0.0-10.0-0.1-1.1-0.1-1.37","5","2","5","1","1","5","3","4","4","5","5","0","0","1","2","-2","1","1","2","5","4","5","4","2","1","2","3","4","3","4","6","4","8","3","7","6","5","7","5","5","3","3","6","2","5","2","5","5","1","2","2","5","1","1","5","5","4","6","3","1","2","2","1","1","2","6","2","1","7","1","1","1","1","1","2","1","7","1","3","799230569765543938","仲","102","Female","[""坏我"",""好我"",""好她"",""坏她""]","[""弱我"",""强我"",""强她"",""弱她""]","","","","","","","","","","","","","","","","","","feedback_test","","","","","","","","","","","","","","","","","","","","",""
"null","","null","psychophysics","1548","2514357","0.0-10.0-0.1-1.1-0.1-0.38","5","2","5","1","1","5","3","4","4","5","5","0","0","1","2","-2","1","1","2","5","4","5","4","2","1","2","3","4","3","4","6","4","8","3","7","6","5","7","5","5","3","3","6","2","5","2","5","5","1","2","2","5","1","1","5","5","4","6","3","1","2","2","1","1","2","6","2","1","7","1","1","1","1","1","2","1","7","1","3","799230569765543938","仲","102","Female","[""坏我"",""好我"",""好她"",""坏她""]","[""弱我"",""强我"",""强她"",""弱她""]","","","","","","","","null","","","","","","","","","prac_ALT2_moral","practice_moral","","key","null","16.792366412215873","683","380","","坏我","","","","j","false","","","nonmatch","","img/triangle.png","好她","",""
"null","<span class='add_' style='color:yellow; font-size: 70px;'> 太慢! </span>","null","html-keyboard-response","1549","2514863","0.0-10.0-0.1-1.1-0.1-1.38","5","2","5","1","1","5","3","4","4","5","5","0","0","1","2","-2","1","1","2","5","4","5","4","2","1","2","3","4","3","4","6","4","8","3","7","6","5","7","5","5","3","3","6","2","5","2","5","5","1","2","2","5","1","1","5","5","4","6","3","1","2","2","1","1","2","6","2","1","7","1","1","1","1","1","2","1","7","1","3","799230569765543938","仲","102","Female","[""坏我"",""好我"",""好她"",""坏她""]","[""弱我"",""强我"",""强她"",""弱她""]","","","","","","","","","","","","","","","","","","feedback_test","","","","","","","","","","","","","","","","","","","","",""
"696","","f","psychophysics","1550","2516562","0.0-10.0-0.1-1.1-0.1-0.39","5","2","5","1","1","5","3","4","4","5","5","0","0","1","2","-2","1","1","2","5","4","5","4","2","1","2","3","4","3","4","6","4","8","3","7","6","5","7","5","5","3","3","6","2","5","2","5","5","1","2","2","5","1","1","5","5","4","6","3","1","2","2","1","1","2","6","2","1","7","1","1","1","1","1","2","1","7","1","3","799230569765543938","仲","102","Female","[""坏我"",""好我"",""好她"",""坏她""]","[""弱我"",""强我"",""强她"",""弱她""]","","","","","","","","match","","","","","","","","","prac_ALT2_moral","practice_moral","","key","f","16.666336633666134","683","380","","坏她","","","","f","true","","","match","","img/hexagon.png","坏她","",""
"null","<span style='color:GreenYellow; font-size: 70px;'>正确! </span>","null","html-keyboard-response","1551","2517068","0.0-10.0-0.1-1.1-0.1-1.39","5","2","5","1","1","5","3","4","4","5","5","0","0","1","2","-2","1","1","2","5","4","5","4","2","1","2","3","4","3","4","6","4","8","3","7","6","5","7","5","5","3","3","6","2","5","2","5","5","1","2","2","5","1","1","5","5","4","6","3","1","2","2","1","1","2","6","2","1","7","1","1","1","1","1","2","1","7","1","3","799230569765543938","仲","102","Female","[""坏我"",""好我"",""好她"",""坏她""]","[""弱我"",""强我"",""强她"",""弱她""]","","","","","","","","","","","","","","","","","","feedback_test","","","","","","","","","","","","","","","","","","","","",""
"595","","f","psychophysics","1552","2518665","0.0-10.0-0.1-1.1-0.1-0.40","5","2","5","1","1","5","3","4","4","5","5","0","0","1","2","-2","1","1","2","5","4","5","4","2","1","2","3","4","3","4","6","4","8","3","7","6","5","7","5","5","3","3","6","2","5","2","5","5","1","2","2","5","1","1","5","5","4","6","3","1","2","2","1","1","2","6","2","1","7","1","1","1","1","1","2","1","7","1","3","799230569765543938","仲","102","Female","[""坏我"",""好我"",""好她"",""坏她""]","[""弱我"",""强我"",""强她"",""弱她""]","","","","","","","","match","","","","","","","","","prac_ALT2_moral","practice_moral","","key","f","16.666315789476624","683","380","","好我","","","","f","true","","","match","","img/ellipse.png","好我","",""
"null","<span style='color:GreenYellow; font-size: 70px;'>正确! </span>","null","html-keyboard-response","1553","2519171","0.0-10.0-0.1-1.1-0.1-1.40","5","2","5","1","1","5","3","4","4","5","5","0","0","1","2","-2","1","1","2","5","4","5","4","2","1","2","3","4","3","4","6","4","8","3","7","6","5","7","5","5","3","3","6","2","5","2","5","5","1","2","2","5","1","1","5","5","4","6","3","1","2","2","1","1","2","6","2","1","7","1","1","1","1","1","2","1","7","1","3","799230569765543938","仲","102","Female","[""坏我"",""好我"",""好她"",""坏她""]","[""弱我"",""强我"",""强她"",""弱她""]","","","","","","","","","","","","","","","","","","feedback_test","","","","","","","","","","","","","","","","","","","","",""
"898","","f","psychophysics","1554","2521071","0.0-10.0-0.1-1.1-0.1-0.41","5","2","5","1","1","5","3","4","4","5","5","0","0","1","2","-2","1","1","2","5","4","5","4","2","1","2","3","4","3","4","6","4","8","3","7","6","5","7","5","5","3","3","6","2","5","2","5","5","1","2","2","5","1","1","5","5","4","6","3","1","2","2","1","1","2","6","2","1","7","1","1","1","1","1","2","1","7","1","3","799230569765543938","仲","102","Female","[""坏我"",""好我"",""好她"",""坏她""]","[""弱我"",""强我"",""强她"",""弱她""]","","","","","","","","match","","","","","","","","","prac_ALT2_moral","practice_moral","","key","f","16.664864864863187","683","380","","坏我","","","","j","false","","","nonmatch","","img/ellipse.png","好我","",""
"null","<span style='color:red; font-size: 70px;'>错误! </span>","null","html-keyboard-response","1555","2521573","0.0-10.0-0.1-1.1-0.1-1.41","5","2","5","1","1","5","3","4","4","5","5","0","0","1","2","-2","1","1","2","5","4","5","4","2","1","2","3","4","3","4","6","4","8","3","7","6","5","7","5","5","3","3","6","2","5","2","5","5","1","2","2","5","1","1","5","5","4","6","3","1","2","2","1","1","2","6","2","1","7","1","1","1","1","1","2","1","7","1","3","799230569765543938","仲","102","Female","[""坏我"",""好我"",""好她"",""坏她""]","[""弱我"",""强我"",""强她"",""弱她""]","","","","","","","","","","","","","","","","","","feedback_test","","","","","","","","","","","","","","","","","","","","",""
"1066","","j","psychophysics","1556","2523649","0.0-10.0-0.1-1.1-0.1-0.42","5","2","5","1","1","5","3","4","4","5","5","0","0","1","2","-2","1","1","2","5","4","5","4","2","1","2","3","4","3","4","6","4","8","3","7","6","5","7","5","5","3","3","6","2","5","2","5","5","1","2","2","5","1","1","5","5","4","6","3","1","2","2","1","1","2","6","2","1","7","1","1","1","1","1","2","1","7","1","3","799230569765543938","仲","102","Female","[""坏我"",""好我"",""好她"",""坏她""]","[""弱我"",""强我"",""强她"",""弱她""]","","","","","","","","nonmatch","","","","","","","","","prac_ALT2_moral","practice_moral","","key","j","16.665853658535827","683","380","","坏她","","","","j","true","","","nonmatch","","img/square.png","坏我","",""
"null","<span style='color:GreenYellow; font-size: 70px;'>正确! </span>","null","html-keyboard-response","1557","2524157","0.0-10.0-0.1-1.1-0.1-1.42","5","2","5","1","1","5","3","4","4","5","5","0","0","1","2","-2","1","1","2","5","4","5","4","2","1","2","3","4","3","4","6","4","8","3","7","6","5","7","5","5","3","3","6","2","5","2","5","5","1","2","2","5","1","1","5","5","4","6","3","1","2","2","1","1","2","6","2","1","7","1","1","1","1","1","2","1","7","1","3","799230569765543938","仲","102","Female","[""坏我"",""好我"",""好她"",""坏她""]","[""弱我"",""强我"",""强她"",""弱她""]","","","","","","","","","","","","","","","","","","feedback_test","","","","","","","","","","","","","","","","","","","","",""
"704","","j","psychophysics","1558","2525869","0.0-10.0-0.1-1.1-0.1-0.43","5","2","5","1","1","5","3","4","4","5","5","0","0","1","2","-2","1","1","2","5","4","5","4","2","1","2","3","4","3","4","6","4","8","3","7","6","5","7","5","5","3","3","6","2","5","2","5","5","1","2","2","5","1","1","5","5","4","6","3","1","2","2","1","1","2","6","2","1","7","1","1","1","1","1","2","1","7","1","3","799230569765543938","仲","102","Female","[""坏我"",""好我"",""好她"",""坏她""]","[""弱我"",""强我"",""强她"",""弱她""]","","","","","","","","nonmatch","","","","","","","","","prac_ALT2_moral","practice_moral","","key","j","16.666336633666134","683","380","","坏她","","","","j","true","","","nonmatch","","img/triangle.png","好她","",""
"null","<span style='color:GreenYellow; font-size: 70px;'>正确! </span>","null","html-keyboard-response","1559","2526378","0.0-10.0-0.1-1.1-0.1-1.43","5","2","5","1","1","5","3","4","4","5","5","0","0","1","2","-2","1","1","2","5","4","5","4","2","1","2","3","4","3","4","6","4","8","3","7","6","5","7","5","5","3","3","6","2","5","2","5","5","1","2","2","5","1","1","5","5","4","6","3","1","2","2","1","1","2","6","2","1","7","1","1","1","1","1","2","1","7","1","3","799230569765543938","仲","102","Female","[""坏我"",""好我"",""好她"",""坏她""]","[""弱我"",""强我"",""强她"",""弱她""]","","","","","","","","","","","","","","","","","","feedback_test","","","","","","","","","","","","","","","","","","","","",""
"828","","j","psychophysics","1560","2528214","0.0-10.0-0.1-1.1-0.1-0.44","5","2","5","1","1","5","3","4","4","5","5","0","0","1","2","-2","1","1","2","5","4","5","4","2","1","2","3","4","3","4","6","4","8","3","7","6","5","7","5","5","3","3","6","2","5","2","5","5","1","2","2","5","1","1","5","5","4","6","3","1","2","2","1","1","2","6","2","1","7","1","1","1","1","1","2","1","7","1","3","799230569765543938","仲","102","Female","[""坏我"",""好我"",""好她"",""坏她""]","[""弱我"",""强我"",""强她"",""弱她""]","","","","","","","","nonmatch","","","","","","","","","prac_ALT2_moral","practice_moral","","key","j","16.666055045872415","683","380","","好我","","","","j","true","","","nonmatch","","img/triangle.png","好她","",""
"null","<span style='color:GreenYellow; font-size: 70px;'>正确! </span>","null","html-keyboard-response","1561","2528720","0.0-10.0-0.1-1.1-0.1-1.44","5","2","5","1","1","5","3","4","4","5","5","0","0","1","2","-2","1","1","2","5","4","5","4","2","1","2","3","4","3","4","6","4","8","3","7","6","5","7","5","5","3","3","6","2","5","2","5","5","1","2","2","5","1","1","5","5","4","6","3","1","2","2","1","1","2","6","2","1","7","1","1","1","1","1","2","1","7","1","3","799230569765543938","仲","102","Female","[""坏我"",""好我"",""好她"",""坏她""]","[""弱我"",""强我"",""强她"",""弱她""]","","","","","","","","","","","","","","","","","","feedback_test","","","","","","","","","","","","","","","","","","","","",""
"673","","f","psychophysics","1562","2530395","0.0-10.0-0.1-1.1-0.1-0.45","5","2","5","1","1","5","3","4","4","5","5","0","0","1","2","-2","1","1","2","5","4","5","4","2","1","2","3","4","3","4","6","4","8","3","7","6","5","7","5","5","3","3","6","2","5","2","5","5","1","2","2","5","1","1","5","5","4","6","3","1","2","2","1","1","2","6","2","1","7","1","1","1","1","1","2","1","7","1","3","799230569765543938","仲","102","Female","[""坏我"",""好我"",""好她"",""坏她""]","[""弱我"",""强我"",""强她"",""弱她""]","","","","","","","","match","","","","","","","","","prac_ALT2_moral","practice_moral","","key","f","16.665656565660328","683","380","","好她","","","","f","true","","","match","","img/triangle.png","好她","",""
"null","<span style='color:GreenYellow; font-size: 70px;'>正确! </span>","null","html-keyboard-response","1563","2530897","0.0-10.0-0.1-1.1-0.1-1.45","5","2","5","1","1","5","3","4","4","5","5","0","0","1","2","-2","1","1","2","5","4","5","4","2","1","2","3","4","3","4","6","4","8","3","7","6","5","7","5","5","3","3","6","2","5","2","5","5","1","2","2","5","1","1","5","5","4","6","3","1","2","2","1","1","2","6","2","1","7","1","1","1","1","1","2","1","7","1","3","799230569765543938","仲","102","Female","[""坏我"",""好我"",""好她"",""坏她""]","[""弱我"",""强我"",""强她"",""弱她""]","","","","","","","","","","","","","","","","","","feedback_test","","","","","","","","","","","","","","","","","","","","",""
"598","","f","psychophysics","1564","2532497","0.0-10.0-0.1-1.1-0.1-0.46","5","2","5","1","1","5","3","4","4","5","5","0","0","1","2","-2","1","1","2","5","4","5","4","2","1","2","3","4","3","4","6","4","8","3","7","6","5","7","5","5","3","3","6","2","5","2","5","5","1","2","2","5","1","1","5","5","4","6","3","1","2","2","1","1","2","6","2","1","7","1","1","1","1","1","2","1","7","1","3","799230569765543938","仲","102","Female","[""坏我"",""好我"",""好她"",""坏她""]","[""弱我"",""强我"",""强她"",""弱她""]","","","","","","","","match","","","","","","","","","prac_ALT2_moral","practice_moral","","key","f","16.665263157896696","683","380","","好我","","","","f","true","","","match","","img/ellipse.png","好我","",""
"null","<span style='color:GreenYellow; font-size: 70px;'>正确! </span>","null","html-keyboard-response","1565","2533002","0.0-10.0-0.1-1.1-0.1-1.46","5","2","5","1","1","5","3","4","4","5","5","0","0","1","2","-2","1","1","2","5","4","5","4","2","1","2","3","4","3","4","6","4","8","3","7","6","5","7","5","5","3","3","6","2","5","2","5","5","1","2","2","5","1","1","5","5","4","6","3","1","2","2","1","1","2","6","2","1","7","1","1","1","1","1","2","1","7","1","3","799230569765543938","仲","102","Female","[""坏我"",""好我"",""好她"",""坏她""]","[""弱我"",""强我"",""强她"",""弱她""]","","","","","","","","","","","","","","","","","","feedback_test","","","","","","","","","","","","","","","","","","","","",""
"758","","f","psychophysics","1566","2534763","0.0-10.0-0.1-1.1-0.1-0.47","5","2","5","1","1","5","3","4","4","5","5","0","0","1","2","-2","1","1","2","5","4","5","4","2","1","2","3","4","3","4","6","4","8","3","7","6","5","7","5","5","3","3","6","2","5","2","5","5","1","2","2","5","1","1","5","5","4","6","3","1","2","2","1","1","2","6","2","1","7","1","1","1","1","1","2","1","7","1","3","799230569765543938","仲","102","Female","[""坏我"",""好我"",""好她"",""坏她""]","[""弱我"",""强我"",""强她"",""弱她""]","","","","","","","","match","","","","","","","","","prac_ALT2_moral","practice_moral","","key","f","16.664761904764564","683","380","","坏我","","","","f","true","","","match","","img/square.png","坏我","",""
"null","<span style='color:GreenYellow; font-size: 70px;'>正确! </span>","null","html-keyboard-response","1567","2535272","0.0-10.0-0.1-1.1-0.1-1.47","5","2","5","1","1","5","3","4","4","5","5","0","0","1","2","-2","1","1","2","5","4","5","4","2","1","2","3","4","3","4","6","4","8","3","7","6","5","7","5","5","3","3","6","2","5","2","5","5","1","2","2","5","1","1","5","5","4","6","3","1","2","2","1","1","2","6","2","1","7","1","1","1","1","1","2","1","7","1","3","799230569765543938","仲","102","Female","[""坏我"",""好我"",""好她"",""坏她""]","[""弱我"",""强我"",""强她"",""弱她""]","","","","","","","","","","","","","","","","","","feedback_test","","","","","","","","","","","","","","","","","","","","",""
"645","","j","psychophysics","1568","2536920","0.0-10.0-0.1-1.1-0.1-0.48","5","2","5","1","1","5","3","4","4","5","5","0","0","1","2","-2","1","1","2","5","4","5","4","2","1","2","3","4","3","4","6","4","8","3","7","6","5","7","5","5","3","3","6","2","5","2","5","5","1","2","2","5","1","1","5","5","4","6","3","1","2","2","1","1","2","6","2","1","7","1","1","1","1","1","2","1","7","1","3","799230569765543938","仲","102","Female","[""坏我"",""好我"",""好她"",""坏她""]","[""弱我"",""强我"",""强她"",""弱她""]","","","","","","","","nonmatch","","","","","","","","","prac_ALT2_moral","practice_moral","","key","j","16.667010309280272","683","380","","好她","","","","j","true","","","nonmatch","","img/square.png","坏我","",""
"null","<span style='color:GreenYellow; font-size: 70px;'>正确! </span>","null","html-keyboard-response","1569","2537428","0.0-10.0-0.1-1.1-0.1-1.48","5","2","5","1","1","5","3","4","4","5","5","0","0","1","2","-2","1","1","2","5","4","5","4","2","1","2","3","4","3","4","6","4","8","3","7","6","5","7","5","5","3","3","6","2","5","2","5","5","1","2","2","5","1","1","5","5","4","6","3","1","2","2","1","1","2","6","2","1","7","1","1","1","1","1","2","1","7","1","3","799230569765543938","仲","102","Female","[""坏我"",""好我"",""好她"",""坏她""]","[""弱我"",""强我"",""强她"",""弱她""]","","","","","","","","","","","","","","","","","","feedback_test","","","","","","","","","","","","","","","","","","","","",""
"3572","<style>.context{color:white; font-size: 35px; line-height:40px}</style>                            <div><p class='context'>您正确回答了90% 的试次。</p><p class='context'>您的平均反应时为808毫秒。</p><p class='context'>恭喜您完成练习。按空格键进入正式实验。</p><p class='footer' style='font-size: 35px; line-height:40px;'>请在进入正式实验实验之前将您的<span style='color: lightgreen;'>食指</span>放在电脑键盘的相应键位上进行按键。</p>"," ","html-keyboard-response","1570","2541006","0.0-10.0-0.1-2.1","5","2","5","1","1","5","3","4","4","5","5","0","0","1","2","-2","1","1","2","5","4","5","4","2","1","2","3","4","3","4","6","4","8","3","7","6","5","7","5","5","3","3","6","2","5","2","5","5","1","2","2","5","1","1","5","5","4","6","3","1","2","2","1","1","2","6","2","1","7","1","1","1","1","1","2","1","7","1","3","799230569765543938","仲","102","Female","[""坏我"",""好我"",""好她"",""坏她""]","[""弱我"",""强我"",""强她"",""弱她""]","","","","","","","","","","","","","","","","","","","","","","","","","","","","","","","","","","","","","","",""
"1338","
    <p style='color: white; font-size: 22px'>请您将手指放在按键上，准备进入正式的匹配任务。</p>
    <p> <div style = ""color: green""><按空格键进入下一阶段的匹配任务></div></p>
    "," ","html-keyboard-response","1571","2542350","0.0-10.0-0.1-3.1","5","2","5","1","1","5","3","4","4","5","5","0","0","1","2","-2","1","1","2","5","4","5","4","2","1","2","3","4","3","4","6","4","8","3","7","6","5","7","5","5","3","3","6","2","5","2","5","5","1","2","2","5","1","1","5","5","4","6","3","1","2","2","1","1","2","6","2","1","7","1","1","1","1","1","2","1","7","1","3","799230569765543938","仲","102","Female","[""坏我"",""好我"",""好她"",""坏她""]","[""弱我"",""强我"",""强她"",""弱她""]","","","","","","","","","","","","","","","","","","","","","","","","","","","","","","","","","","","","","","",""
"837","","f","psychophysics","1572","2544191","0.0-10.0-0.1-4.1-0.1-0.1","5","2","5","1","1","5","3","4","4","5","5","0","0","1","2","-2","1","1","2","5","4","5","4","2","1","2","3","4","3","4","6","4","8","3","7","6","5","7","5","5","3","3","6","2","5","2","5","5","1","2","2","5","1","1","5","5","4","6","3","1","2","2","1","1","2","6","2","1","7","1","1","1","1","1","2","1","7","1","3","799230569765543938","仲","102","Female","[""坏我"",""好我"",""好她"",""坏她""]","[""弱我"",""强我"",""强她"",""弱她""]","","","","","","","","match","","","","","","","","","ALT2","moral","","key","f","16.663636363636364","683","380","","坏我","","","","j","false","","","nonmatch","","img/hexagon.png","坏她","",""
"null","<span style='color:red; font-size: 70px;'>错误! </span>","null","html-keyboard-response","1573","2544700","0.0-10.0-0.1-4.1-0.1-1.1","5","2","5","1","1","5","3","4","4","5","5","0","0","1","2","-2","1","1","2","5","4","5","4","2","1","2","3","4","3","4","6","4","8","3","7","6","5","7","5","5","3","3","6","2","5","2","5","5","1","2","2","5","1","1","5","5","4","6","3","1","2","2","1","1","2","6","2","1","7","1","1","1","1","1","2","1","7","1","3","799230569765543938","仲","102","Female","[""坏我"",""好我"",""好她"",""坏她""]","[""弱我"",""强我"",""强她"",""弱她""]","","","","","","","","","","","","","","","","","","feedback_test","","","","","","","","","","","","","","","","","","","","",""
"661","","j","psychophysics","1574","2546366","0.0-10.0-0.1-4.1-0.1-0.2","5","2","5","1","1","5","3","4","4","5","5","0","0","1","2","-2","1","1","2","5","4","5","4","2","1","2","3","4","3","4","6","4","8","3","7","6","5","7","5","5","3","3","6","2","5","2","5","5","1","2","2","5","1","1","5","5","4","6","3","1","2","2","1","1","2","6","2","1","7","1","1","1","1","1","2","1","7","1","3","799230569765543938","仲","102","Female","[""坏我"",""好我"",""好她"",""坏她""]","[""弱我"",""强我"",""强她"",""弱她""]","","","","","","","","nonmatch","","","","","","","","","ALT2","moral","","key","j","16.664646464644584","683","380","","坏我","","","","j","true","","","nonmatch","","img/triangle.png","好她","",""
"null","<span style='color:GreenYellow; font-size: 70px;'>正确! </span>","null","html-keyboard-response","1575","2546869","0.0-10.0-0.1-4.1-0.1-1.2","5","2","5","1","1","5","3","4","4","5","5","0","0","1","2","-2","1","1","2","5","4","5","4","2","1","2","3","4","3","4","6","4","8","3","7","6","5","7","5","5","3","3","6","2","5","2","5","5","1","2","2","5","1","1","5","5","4","6","3","1","2","2","1","1","2","6","2","1","7","1","1","1","1","1","2","1","7","1","3","799230569765543938","仲","102","Female","[""坏我"",""好我"",""好她"",""坏她""]","[""弱我"",""强我"",""强她"",""弱她""]","","","","","","","","","","","","","","","","","","feedback_test","","","","","","","","","","","","","","","","","","","","",""
"717","","j","psychophysics","1576","2548588","0.0-10.0-0.1-4.1-0.1-0.3","5","2","5","1","1","5","3","4","4","5","5","0","0","1","2","-2","1","1","2","5","4","5","4","2","1","2","3","4","3","4","6","4","8","3","7","6","5","7","5","5","3","3","6","2","5","2","5","5","1","2","2","5","1","1","5","5","4","6","3","1","2","2","1","1","2","6","2","1","7","1","1","1","1","1","2","1","7","1","3","799230569765543938","仲","102","Female","[""坏我"",""好我"",""好她"",""坏她""]","[""弱我"",""强我"",""强她"",""弱她""]","","","","","","","","nonmatch","","","","","","","","","ALT2","moral","","key","j","16.607920792078286","683","380","","坏她","","","","j","true","","","nonmatch","","img/ellipse.png","好我","",""
"null","<span style='color:GreenYellow; font-size: 70px;'>正确! </span>","null","html-keyboard-response","1577","2549095","0.0-10.0-0.1-4.1-0.1-1.3","5","2","5","1","1","5","3","4","4","5","5","0","0","1","2","-2","1","1","2","5","4","5","4","2","1","2","3","4","3","4","6","4","8","3","7","6","5","7","5","5","3","3","6","2","5","2","5","5","1","2","2","5","1","1","5","5","4","6","3","1","2","2","1","1","2","6","2","1","7","1","1","1","1","1","2","1","7","1","3","799230569765543938","仲","102","Female","[""坏我"",""好我"",""好她"",""坏她""]","[""弱我"",""强我"",""强她"",""弱她""]","","","","","","","","","","","","","","","","","","feedback_test","","","","","","","","","","","","","","","","","","","","",""
"967","","f","psychophysics","1578","2551066","0.0-10.0-0.1-4.1-0.1-0.4","5","2","5","1","1","5","3","4","4","5","5","0","0","1","2","-2","1","1","2","5","4","5","4","2","1","2","3","4","3","4","6","4","8","3","7","6","5","7","5","5","3","3","6","2","5","2","5","5","1","2","2","5","1","1","5","5","4","6","3","1","2","2","1","1","2","6","2","1","7","1","1","1","1","1","2","1","7","1","3","799230569765543938","仲","102","Female","[""坏我"",""好我"",""好她"",""坏她""]","[""弱我"",""强我"",""强她"",""弱她""]","","","","","","","","match","","","","","","","","","ALT2","moral","","key","f","16.664957264959654","683","380","","坏她","","","","f","true","","","match","","img/hexagon.png","坏她","",""
"null","<span style='color:GreenYellow; font-size: 70px;'>正确! </span>","null","html-keyboard-response","1579","2551570","0.0-10.0-0.1-4.1-0.1-1.4","5","2","5","1","1","5","3","4","4","5","5","0","0","1","2","-2","1","1","2","5","4","5","4","2","1","2","3","4","3","4","6","4","8","3","7","6","5","7","5","5","3","3","6","2","5","2","5","5","1","2","2","5","1","1","5","5","4","6","3","1","2","2","1","1","2","6","2","1","7","1","1","1","1","1","2","1","7","1","3","799230569765543938","仲","102","Female","[""坏我"",""好我"",""好她"",""坏她""]","[""弱我"",""强我"",""强她"",""弱她""]","","","","","","","","","","","","","","","","","","feedback_test","","","","","","","","","","","","","","","","","","","","",""
"970","","j","psychophysics","1580","2553542","0.0-10.0-0.1-4.1-0.1-0.5","5","2","5","1","1","5","3","4","4","5","5","0","0","1","2","-2","1","1","2","5","4","5","4","2","1","2","3","4","3","4","6","4","8","3","7","6","5","7","5","5","3","3","6","2","5","2","5","5","1","2","2","5","1","1","5","5","4","6","3","1","2","2","1","1","2","6","2","1","7","1","1","1","1","1","2","1","7","1","3","799230569765543938","仲","102","Female","[""坏我"",""好我"",""好她"",""坏她""]","[""弱我"",""强我"",""强她"",""弱她""]","","","","","","","","nonmatch","","","","","","","","","ALT2","moral","","key","j","16.610256410255616","683","380","","好我","","","","j","true","","","nonmatch","","img/triangle.png","好她","",""
"null","<span style='color:GreenYellow; font-size: 70px;'>正确! </span>","null","html-keyboard-response","1581","2554043","0.0-10.0-0.1-4.1-0.1-1.5","5","2","5","1","1","5","3","4","4","5","5","0","0","1","2","-2","1","1","2","5","4","5","4","2","1","2","3","4","3","4","6","4","8","3","7","6","5","7","5","5","3","3","6","2","5","2","5","5","1","2","2","5","1","1","5","5","4","6","3","1","2","2","1","1","2","6","2","1","7","1","1","1","1","1","2","1","7","1","3","799230569765543938","仲","102","Female","[""坏我"",""好我"",""好她"",""坏她""]","[""弱我"",""强我"",""强她"",""弱她""]","","","","","","","","","","","","","","","","","","feedback_test","","","","","","","","","","","","","","","","","","","","",""
"828","","j","psychophysics","1582","2555879","0.0-10.0-0.1-4.1-0.1-0.6","5","2","5","1","1","5","3","4","4","5","5","0","0","1","2","-2","1","1","2","5","4","5","4","2","1","2","3","4","3","4","6","4","8","3","7","6","5","7","5","5","3","3","6","2","5","2","5","5","1","2","2","5","1","1","5","5","4","6","3","1","2","2","1","1","2","6","2","1","7","1","1","1","1","1","2","1","7","1","3","799230569765543938","仲","102","Female","[""坏我"",""好我"",""好她"",""坏她""]","[""弱我"",""强我"",""强她"",""弱她""]","","","","","","","","nonmatch","","","","","","","","","ALT2","moral","","key","j","16.665137614678898","683","380","","坏她","","","","j","true","","","nonmatch","","img/triangle.png","好她","",""
"null","<span style='color:GreenYellow; font-size: 70px;'>正确! </span>","null","html-keyboard-response","1583","2556382","0.0-10.0-0.1-4.1-0.1-1.6","5","2","5","1","1","5","3","4","4","5","5","0","0","1","2","-2","1","1","2","5","4","5","4","2","1","2","3","4","3","4","6","4","8","3","7","6","5","7","5","5","3","3","6","2","5","2","5","5","1","2","2","5","1","1","5","5","4","6","3","1","2","2","1","1","2","6","2","1","7","1","1","1","1","1","2","1","7","1","3","799230569765543938","仲","102","Female","[""坏我"",""好我"",""好她"",""坏她""]","[""弱我"",""强我"",""强她"",""弱她""]","","","","","","","","","","","","","","","","","","feedback_test","","","","","","","","","","","","","","","","","","","","",""
"608","","f","psychophysics","1584","2557994","0.0-10.0-0.1-4.1-0.1-0.7","5","2","5","1","1","5","3","4","4","5","5","0","0","1","2","-2","1","1","2","5","4","5","4","2","1","2","3","4","3","4","6","4","8","3","7","6","5","7","5","5","3","3","6","2","5","2","5","5","1","2","2","5","1","1","5","5","4","6","3","1","2","2","1","1","2","6","2","1","7","1","1","1","1","1","2","1","7","1","3","799230569765543938","仲","102","Female","[""坏我"",""好我"",""好她"",""坏她""]","[""弱我"",""强我"",""强她"",""弱她""]","","","","","","","","match","","","","","","","","","ALT2","moral","","key","f","16.666666666666668","683","380","","好她","","","","f","true","","","match","","img/triangle.png","好她","",""
"null","<span style='color:GreenYellow; font-size: 70px;'>正确! </span>","null","html-keyboard-response","1585","2558498","0.0-10.0-0.1-4.1-0.1-1.7","5","2","5","1","1","5","3","4","4","5","5","0","0","1","2","-2","1","1","2","5","4","5","4","2","1","2","3","4","3","4","6","4","8","3","7","6","5","7","5","5","3","3","6","2","5","2","5","5","1","2","2","5","1","1","5","5","4","6","3","1","2","2","1","1","2","6","2","1","7","1","1","1","1","1","2","1","7","1","3","799230569765543938","仲","102","Female","[""坏我"",""好我"",""好她"",""坏她""]","[""弱我"",""强我"",""强她"",""弱她""]","","","","","","","","","","","","","","","","","","feedback_test","","","","","","","","","","","","","","","","","","","","",""
"948","","j","psychophysics","1586","2560450","0.0-10.0-0.1-4.1-0.1-0.8","5","2","5","1","1","5","3","4","4","5","5","0","0","1","2","-2","1","1","2","5","4","5","4","2","1","2","3","4","3","4","6","4","8","3","7","6","5","7","5","5","3","3","6","2","5","2","5","5","1","2","2","5","1","1","5","5","4","6","3","1","2","2","1","1","2","6","2","1","7","1","1","1","1","1","2","1","7","1","3","799230569765543938","仲","102","Female","[""坏我"",""好我"",""好她"",""坏她""]","[""弱我"",""强我"",""强她"",""弱她""]","","","","","","","","nonmatch","","","","","","","","","ALT2","moral","","key","j","16.66637931034322","683","380","","坏我","","","","j","true","","","nonmatch","","img/ellipse.png","好我","",""
"null","<span style='color:GreenYellow; font-size: 70px;'>正确! </span>","null","html-keyboard-response","1587","2560959","0.0-10.0-0.1-4.1-0.1-1.8","5","2","5","1","1","5","3","4","4","5","5","0","0","1","2","-2","1","1","2","5","4","5","4","2","1","2","3","4","3","4","6","4","8","3","7","6","5","7","5","5","3","3","6","2","5","2","5","5","1","2","2","5","1","1","5","5","4","6","3","1","2","2","1","1","2","6","2","1","7","1","1","1","1","1","2","1","7","1","3","799230569765543938","仲","102","Female","[""坏我"",""好我"",""好她"",""坏她""]","[""弱我"",""强我"",""强她"",""弱她""]","","","","","","","","","","","","","","","","","","feedback_test","","","","","","","","","","","","","","","","","","","","",""
"956","","f","psychophysics","1588","2562918","0.0-10.0-0.1-4.1-0.1-0.9","5","2","5","1","1","5","3","4","4","5","5","0","0","1","2","-2","1","1","2","5","4","5","4","2","1","2","3","4","3","4","6","4","8","3","7","6","5","7","5","5","3","3","6","2","5","2","5","5","1","2","2","5","1","1","5","5","4","6","3","1","2","2","1","1","2","6","2","1","7","1","1","1","1","1","2","1","7","1","3","799230569765543938","仲","102","Female","[""坏我"",""好我"",""好她"",""坏她""]","[""弱我"",""强我"",""强她"",""弱她""]","","","","","","","","match","","","","","","","","","ALT2","moral","","key","f","16.665789473683393","683","380","","坏她","","","","f","true","","","match","","img/hexagon.png","坏她","",""
"null","<span style='color:GreenYellow; font-size: 70px;'>正确! </span>","null","html-keyboard-response","1589","2563425","0.0-10.0-0.1-4.1-0.1-1.9","5","2","5","1","1","5","3","4","4","5","5","0","0","1","2","-2","1","1","2","5","4","5","4","2","1","2","3","4","3","4","6","4","8","3","7","6","5","7","5","5","3","3","6","2","5","2","5","5","1","2","2","5","1","1","5","5","4","6","3","1","2","2","1","1","2","6","2","1","7","1","1","1","1","1","2","1","7","1","3","799230569765543938","仲","102","Female","[""坏我"",""好我"",""好她"",""坏她""]","[""弱我"",""强我"",""强她"",""弱她""]","","","","","","","","","","","","","","","","","","feedback_test","","","","","","","","","","","","","","","","","","","","",""
"823","","f","psychophysics","1590","2565251","0.0-10.0-0.1-4.1-0.1-0.10","5","2","5","1","1","5","3","4","4","5","5","0","0","1","2","-2","1","1","2","5","4","5","4","2","1","2","3","4","3","4","6","4","8","3","7","6","5","7","5","5","3","3","6","2","5","2","5","5","1","2","2","5","1","1","5","5","4","6","3","1","2","2","1","1","2","6","2","1","7","1","1","1","1","1","2","1","7","1","3","799230569765543938","仲","102","Female","[""坏我"",""好我"",""好她"",""坏她""]","[""弱我"",""强我"",""强她"",""弱她""]","","","","","","","","match","","","","","","","","","ALT2","moral","","key","f","16.6648148148174","683","380","","坏我","","","","f","true","","","match","","img/square.png","坏我","",""
"null","<span style='color:GreenYellow; font-size: 70px;'>正确! </span>","null","html-keyboard-response","1591","2565754","0.0-10.0-0.1-4.1-0.1-1.10","5","2","5","1","1","5","3","4","4","5","5","0","0","1","2","-2","1","1","2","5","4","5","4","2","1","2","3","4","3","4","6","4","8","3","7","6","5","7","5","5","3","3","6","2","5","2","5","5","1","2","2","5","1","1","5","5","4","6","3","1","2","2","1","1","2","6","2","1","7","1","1","1","1","1","2","1","7","1","3","799230569765543938","仲","102","Female","[""坏我"",""好我"",""好她"",""坏她""]","[""弱我"",""强我"",""强她"",""弱她""]","","","","","","","","","","","","","","","","","","feedback_test","","","","","","","","","","","","","","","","","","","","",""
"784","","j","psychophysics","1592","2567546","0.0-10.0-0.1-4.1-0.1-0.11","5","2","5","1","1","5","3","4","4","5","5","0","0","1","2","-2","1","1","2","5","4","5","4","2","1","2","3","4","3","4","6","4","8","3","7","6","5","7","5","5","3","3","6","2","5","2","5","5","1","2","2","5","1","1","5","5","4","6","3","1","2","2","1","1","2","6","2","1","7","1","1","1","1","1","2","1","7","1","3","799230569765543938","仲","102","Female","[""坏我"",""好我"",""好她"",""坏她""]","[""弱我"",""强我"",""强她"",""弱她""]","","","","","","","","nonmatch","","","","","","","","","ALT2","moral","","key","j","16.66415094339535","683","380","","好我","","","","j","true","","","nonmatch","","img/hexagon.png","坏她","",""
"null","<span style='color:GreenYellow; font-size: 70px;'>正确! </span>","null","html-keyboard-response","1593","2568055","0.0-10.0-0.1-4.1-0.1-1.11","5","2","5","1","1","5","3","4","4","5","5","0","0","1","2","-2","1","1","2","5","4","5","4","2","1","2","3","4","3","4","6","4","8","3","7","6","5","7","5","5","3","3","6","2","5","2","5","5","1","2","2","5","1","1","5","5","4","6","3","1","2","2","1","1","2","6","2","1","7","1","1","1","1","1","2","1","7","1","3","799230569765543938","仲","102","Female","[""坏我"",""好我"",""好她"",""坏她""]","[""弱我"",""强我"",""强她"",""弱她""]","","","","","","","","","","","","","","","","","","feedback_test","","","","","","","","","","","","","","","","","","","","",""
"886","","f","psychophysics","1594","2569950","0.0-10.0-0.1-4.1-0.1-0.12","5","2","5","1","1","5","3","4","4","5","5","0","0","1","2","-2","1","1","2","5","4","5","4","2","1","2","3","4","3","4","6","4","8","3","7","6","5","7","5","5","3","3","6","2","5","2","5","5","1","2","2","5","1","1","5","5","4","6","3","1","2","2","1","1","2","6","2","1","7","1","1","1","1","1","2","1","7","1","3","799230569765543938","仲","102","Female","[""坏我"",""好我"",""好她"",""坏她""]","[""弱我"",""强我"",""强她"",""弱她""]","","","","","","","","match","","","","","","","","","ALT2","moral","","key","f","16.66607142857226","683","380","","好她","","","","f","true","","","match","","img/triangle.png","好她","",""
"null","<span style='color:GreenYellow; font-size: 70px;'>正确! </span>","null","html-keyboard-response","1595","2570455","0.0-10.0-0.1-4.1-0.1-1.12","5","2","5","1","1","5","3","4","4","5","5","0","0","1","2","-2","1","1","2","5","4","5","4","2","1","2","3","4","3","4","6","4","8","3","7","6","5","7","5","5","3","3","6","2","5","2","5","5","1","2","2","5","1","1","5","5","4","6","3","1","2","2","1","1","2","6","2","1","7","1","1","1","1","1","2","1","7","1","3","799230569765543938","仲","102","Female","[""坏我"",""好我"",""好她"",""坏她""]","[""弱我"",""强我"",""强她"",""弱她""]","","","","","","","","","","","","","","","","","","feedback_test","","","","","","","","","","","","","","","","","","","","",""
"673","","f","psychophysics","1596","2572135","0.0-10.0-0.1-4.1-0.1-0.13","5","2","5","1","1","5","3","4","4","5","5","0","0","1","2","-2","1","1","2","5","4","5","4","2","1","2","3","4","3","4","6","4","8","3","7","6","5","7","5","5","3","3","6","2","5","2","5","5","1","2","2","5","1","1","5","5","4","6","3","1","2","2","1","1","2","6","2","1","7","1","1","1","1","1","2","1","7","1","3","799230569765543938","仲","102","Female","[""坏我"",""好我"",""好她"",""坏她""]","[""弱我"",""强我"",""强她"",""弱她""]","","","","","","","","match","","","","","","","","","ALT2","moral","","key","f","16.665656565655624","683","380","","坏我","","","","f","true","","","match","","img/square.png","坏我","",""
"null","<span style='color:GreenYellow; font-size: 70px;'>正确! </span>","null","html-keyboard-response","1597","2572642","0.0-10.0-0.1-4.1-0.1-1.13","5","2","5","1","1","5","3","4","4","5","5","0","0","1","2","-2","1","1","2","5","4","5","4","2","1","2","3","4","3","4","6","4","8","3","7","6","5","7","5","5","3","3","6","2","5","2","5","5","1","2","2","5","1","1","5","5","4","6","3","1","2","2","1","1","2","6","2","1","7","1","1","1","1","1","2","1","7","1","3","799230569765543938","仲","102","Female","[""坏我"",""好我"",""好她"",""坏她""]","[""弱我"",""强我"",""强她"",""弱她""]","","","","","","","","","","","","","","","","","","feedback_test","","","","","","","","","","","","","","","","","","","","",""
"1126","","f","psychophysics","1598","2574777","0.0-10.0-0.1-4.1-0.1-0.14","5","2","5","1","1","5","3","4","4","5","5","0","0","1","2","-2","1","1","2","5","4","5","4","2","1","2","3","4","3","4","6","4","8","3","7","6","5","7","5","5","3","3","6","2","5","2","5","5","1","2","2","5","1","1","5","5","4","6","3","1","2","2","1","1","2","6","2","1","7","1","1","1","1","1","2","1","7","1","3","799230569765543938","仲","102","Female","[""坏我"",""好我"",""好她"",""坏她""]","[""弱我"",""强我"",""强她"",""弱她""]","","","","","","","","match","","","","","","","","","ALT2","moral","","key","f","16.665354330708663","683","380","","好她","","","","f","true","","","match","","img/triangle.png","好她","",""
"null","<span style='color:GreenYellow; font-size: 70px;'>正确! </span>","null","html-keyboard-response","1599","2575278","0.0-10.0-0.1-4.1-0.1-1.14","5","2","5","1","1","5","3","4","4","5","5","0","0","1","2","-2","1","1","2","5","4","5","4","2","1","2","3","4","3","4","6","4","8","3","7","6","5","7","5","5","3","3","6","2","5","2","5","5","1","2","2","5","1","1","5","5","4","6","3","1","2","2","1","1","2","6","2","1","7","1","1","1","1","1","2","1","7","1","3","799230569765543938","仲","102","Female","[""坏我"",""好我"",""好她"",""坏她""]","[""弱我"",""强我"",""强她"",""弱她""]","","","","","","","","","","","","","","","","","","feedback_test","","","","","","","","","","","","","","","","","","","","",""
"726","","j","psychophysics","1600","2577012","0.0-10.0-0.1-4.1-0.1-0.15","5","2","5","1","1","5","3","4","4","5","5","0","0","1","2","-2","1","1","2","5","4","5","4","2","1","2","3","4","3","4","6","4","8","3","7","6","5","7","5","5","3","3","6","2","5","2","5","5","1","2","2","5","1","1","5","5","4","6","3","1","2","2","1","1","2","6","2","1","7","1","1","1","1","1","2","1","7","1","3","799230569765543938","仲","102","Female","[""坏我"",""好我"",""好她"",""坏她""]","[""弱我"",""强我"",""强她"",""弱她""]","","","","","","","","nonmatch","","","","","","","","","ALT2","moral","","key","j","16.66568627450889","683","380","","坏她","","","","j","true","","","nonmatch","","img/square.png","坏我","",""
"null","<span style='color:GreenYellow; font-size: 70px;'>正确! </span>","null","html-keyboard-response","1601","2577520","0.0-10.0-0.1-4.1-0.1-1.15","5","2","5","1","1","5","3","4","4","5","5","0","0","1","2","-2","1","1","2","5","4","5","4","2","1","2","3","4","3","4","6","4","8","3","7","6","5","7","5","5","3","3","6","2","5","2","5","5","1","2","2","5","1","1","5","5","4","6","3","1","2","2","1","1","2","6","2","1","7","1","1","1","1","1","2","1","7","1","3","799230569765543938","仲","102","Female","[""坏我"",""好我"",""好她"",""坏她""]","[""弱我"",""强我"",""强她"",""弱她""]","","","","","","","","","","","","","","","","","","feedback_test","","","","","","","","","","","","","","","","","","","","",""
"755","","f","psychophysics","1602","2579282","0.0-10.0-0.1-4.1-0.1-0.16","5","2","5","1","1","5","3","4","4","5","5","0","0","1","2","-2","1","1","2","5","4","5","4","2","1","2","3","4","3","4","6","4","8","3","7","6","5","7","5","5","3","3","6","2","5","2","5","5","1","2","2","5","1","1","5","5","4","6","3","1","2","2","1","1","2","6","2","1","7","1","1","1","1","1","2","1","7","1","3","799230569765543938","仲","102","Female","[""坏我"",""好我"",""好她"",""坏她""]","[""弱我"",""强我"",""强她"",""弱她""]","","","","","","","","match","","","","","","","","","ALT2","moral","","key","f","16.666346153848842","683","380","","好我","","","","f","true","","","match","","img/ellipse.png","好我","",""
"null","<span style='color:GreenYellow; font-size: 70px;'>正确! </span>","null","html-keyboard-response","1603","2579790","0.0-10.0-0.1-4.1-0.1-1.16","5","2","5","1","1","5","3","4","4","5","5","0","0","1","2","-2","1","1","2","5","4","5","4","2","1","2","3","4","3","4","6","4","8","3","7","6","5","7","5","5","3","3","6","2","5","2","5","5","1","2","2","5","1","1","5","5","4","6","3","1","2","2","1","1","2","6","2","1","7","1","1","1","1","1","2","1","7","1","3","799230569765543938","仲","102","Female","[""坏我"",""好我"",""好她"",""坏她""]","[""弱我"",""强我"",""强她"",""弱她""]","","","","","","","","","","","","","","","","","","feedback_test","","","","","","","","","","","","","","","","","","","","",""
"944","","f","psychophysics","1604","2581738","0.0-10.0-0.1-4.1-0.1-0.17","5","2","5","1","1","5","3","4","4","5","5","0","0","1","2","-2","1","1","2","5","4","5","4","2","1","2","3","4","3","4","6","4","8","3","7","6","5","7","5","5","3","3","6","2","5","2","5","5","1","2","2","5","1","1","5","5","4","6","3","1","2","2","1","1","2","6","2","1","7","1","1","1","1","1","2","1","7","1","3","799230569765543938","仲","102","Female","[""坏我"",""好我"",""好她"",""坏她""]","[""弱我"",""强我"",""强她"",""弱她""]","","","","","","","","match","","","","","","","","","ALT2","moral","","key","f","16.663793103448278","683","380","","坏她","","","","f","true","","","match","","img/hexagon.png","坏她","",""
"null","<span style='color:GreenYellow; font-size: 70px;'>正确! </span>","null","html-keyboard-response","1605","2582244","0.0-10.0-0.1-4.1-0.1-1.17","5","2","5","1","1","5","3","4","4","5","5","0","0","1","2","-2","1","1","2","5","4","5","4","2","1","2","3","4","3","4","6","4","8","3","7","6","5","7","5","5","3","3","6","2","5","2","5","5","1","2","2","5","1","1","5","5","4","6","3","1","2","2","1","1","2","6","2","1","7","1","1","1","1","1","2","1","7","1","3","799230569765543938","仲","102","Female","[""坏我"",""好我"",""好她"",""坏她""]","[""弱我"",""强我"",""强她"",""弱她""]","","","","","","","","","","","","","","","","","","feedback_test","","","","","","","","","","","","","","","","","","","","",""
"672","","j","psychophysics","1606","2583919","0.0-10.0-0.1-4.1-0.1-0.18","5","2","5","1","1","5","3","4","4","5","5","0","0","1","2","-2","1","1","2","5","4","5","4","2","1","2","3","4","3","4","6","4","8","3","7","6","5","7","5","5","3","3","6","2","5","2","5","5","1","2","2","5","1","1","5","5","4","6","3","1","2","2","1","1","2","6","2","1","7","1","1","1","1","1","2","1","7","1","3","799230569765543938","仲","102","Female","[""坏我"",""好我"",""好她"",""坏她""]","[""弱我"",""强我"",""强她"",""弱她""]","","","","","","","","nonmatch","","","","","","","","","ALT2","moral","","key","j","16.666666666666668","683","380","","好她","","","","j","true","","","nonmatch","","img/square.png","坏我","",""
"null","<span style='color:GreenYellow; font-size: 70px;'>正确! </span>","null","html-keyboard-response","1607","2584425","0.0-10.0-0.1-4.1-0.1-1.18","5","2","5","1","1","5","3","4","4","5","5","0","0","1","2","-2","1","1","2","5","4","5","4","2","1","2","3","4","3","4","6","4","8","3","7","6","5","7","5","5","3","3","6","2","5","2","5","5","1","2","2","5","1","1","5","5","4","6","3","1","2","2","1","1","2","6","2","1","7","1","1","1","1","1","2","1","7","1","3","799230569765543938","仲","102","Female","[""坏我"",""好我"",""好她"",""坏她""]","[""弱我"",""强我"",""强她"",""弱她""]","","","","","","","","","","","","","","","","","","feedback_test","","","","","","","","","","","","","","","","","","","","",""
"1043","","f","psychophysics","1608","2586471","0.0-10.0-0.1-4.1-0.1-0.19","5","2","5","1","1","5","3","4","4","5","5","0","0","1","2","-2","1","1","2","5","4","5","4","2","1","2","3","4","3","4","6","4","8","3","7","6","5","7","5","5","3","3","6","2","5","2","5","5","1","2","2","5","1","1","5","5","4","6","3","1","2","2","1","1","2","6","2","1","7","1","1","1","1","1","2","1","7","1","3","799230569765543938","仲","102","Female","[""坏我"",""好我"",""好她"",""坏她""]","[""弱我"",""强我"",""强她"",""弱她""]","","","","","","","","match","","","","","","","","","ALT2","moral","","key","f","16.666393442625242","683","380","","好她","","","","j","false","","","nonmatch","","img/hexagon.png","坏她","",""
"null","<span style='color:red; font-size: 70px;'>错误! </span>","null","html-keyboard-response","1609","2586974","0.0-10.0-0.1-4.1-0.1-1.19","5","2","5","1","1","5","3","4","4","5","5","0","0","1","2","-2","1","1","2","5","4","5","4","2","1","2","3","4","3","4","6","4","8","3","7","6","5","7","5","5","3","3","6","2","5","2","5","5","1","2","2","5","1","1","5","5","4","6","3","1","2","2","1","1","2","6","2","1","7","1","1","1","1","1","2","1","7","1","3","799230569765543938","仲","102","Female","[""坏我"",""好我"",""好她"",""坏她""]","[""弱我"",""强我"",""强她"",""弱她""]","","","","","","","","","","","","","","","","","","feedback_test","","","","","","","","","","","","","","","","","","","","",""
"529","","f","psychophysics","1610","2588509","0.0-10.0-0.1-4.1-0.1-0.20","5","2","5","1","1","5","3","4","4","5","5","0","0","1","2","-2","1","1","2","5","4","5","4","2","1","2","3","4","3","4","6","4","8","3","7","6","5","7","5","5","3","3","6","2","5","2","5","5","1","2","2","5","1","1","5","5","4","6","3","1","2","2","1","1","2","6","2","1","7","1","1","1","1","1","2","1","7","1","3","799230569765543938","仲","102","Female","[""坏我"",""好我"",""好她"",""坏她""]","[""弱我"",""强我"",""强她"",""弱她""]","","","","","","","","match","","","","","","","","","ALT2","moral","","key","f","16.66593406593509","683","380","","好我","","","","f","true","","","match","","img/ellipse.png","好我","",""
"null","<span style='color:GreenYellow; font-size: 70px;'>正确! </span>","null","html-keyboard-response","1611","2589014","0.0-10.0-0.1-4.1-0.1-1.20","5","2","5","1","1","5","3","4","4","5","5","0","0","1","2","-2","1","1","2","5","4","5","4","2","1","2","3","4","3","4","6","4","8","3","7","6","5","7","5","5","3","3","6","2","5","2","5","5","1","2","2","5","1","1","5","5","4","6","3","1","2","2","1","1","2","6","2","1","7","1","1","1","1","1","2","1","7","1","3","799230569765543938","仲","102","Female","[""坏我"",""好我"",""好她"",""坏她""]","[""弱我"",""强我"",""强她"",""弱她""]","","","","","","","","","","","","","","","","","","feedback_test","","","","","","","","","","","","","","","","","","","","",""
"829","","f","psychophysics","1612","2590847","0.0-10.0-0.1-4.1-0.1-0.21","5","2","5","1","1","5","3","4","4","5","5","0","0","1","2","-2","1","1","2","5","4","5","4","2","1","2","3","4","3","4","6","4","8","3","7","6","5","7","5","5","3","3","6","2","5","2","5","5","1","2","2","5","1","1","5","5","4","6","3","1","2","2","1","1","2","6","2","1","7","1","1","1","1","1","2","1","7","1","3","799230569765543938","仲","102","Female","[""坏我"",""好我"",""好她"",""坏她""]","[""弱我"",""强我"",""强她"",""弱她""]","","","","","","","","match","","","","","","","","","ALT2","moral","","key","f","16.665137614678898","683","380","","坏我","","","","f","true","","","match","","img/square.png","坏我","",""
"null","<span style='color:GreenYellow; font-size: 70px;'>正确! </span>","null","html-keyboard-response","1613","2591351","0.0-10.0-0.1-4.1-0.1-1.21","5","2","5","1","1","5","3","4","4","5","5","0","0","1","2","-2","1","1","2","5","4","5","4","2","1","2","3","4","3","4","6","4","8","3","7","6","5","7","5","5","3","3","6","2","5","2","5","5","1","2","2","5","1","1","5","5","4","6","3","1","2","2","1","1","2","6","2","1","7","1","1","1","1","1","2","1","7","1","3","799230569765543938","仲","102","Female","[""坏我"",""好我"",""好她"",""坏她""]","[""弱我"",""强我"",""强她"",""弱她""]","","","","","","","","","","","","","","","","","","feedback_test","","","","","","","","","","","","","","","","","","","","",""
"674","","f","psychophysics","1614","2593026","0.0-10.0-0.1-4.1-0.1-0.22","5","2","5","1","1","5","3","4","4","5","5","0","0","1","2","-2","1","1","2","5","4","5","4","2","1","2","3","4","3","4","6","4","8","3","7","6","5","7","5","5","3","3","6","2","5","2","5","5","1","2","2","5","1","1","5","5","4","6","3","1","2","2","1","1","2","6","2","1","7","1","1","1","1","1","2","1","7","1","3","799230569765543938","仲","102","Female","[""坏我"",""好我"",""好她"",""坏她""]","[""弱我"",""强我"",""强她"",""弱她""]","","","","","","","","match","","","","","","","","","ALT2","moral","","key","f","16.666666666666668","683","380","","好我","","","","f","true","","","match","","img/ellipse.png","好我","",""
"null","<span style='color:GreenYellow; font-size: 70px;'>正确! </span>","null","html-keyboard-response","1615","2593530","0.0-10.0-0.1-4.1-0.1-1.22","5","2","5","1","1","5","3","4","4","5","5","0","0","1","2","-2","1","1","2","5","4","5","4","2","1","2","3","4","3","4","6","4","8","3","7","6","5","7","5","5","3","3","6","2","5","2","5","5","1","2","2","5","1","1","5","5","4","6","3","1","2","2","1","1","2","6","2","1","7","1","1","1","1","1","2","1","7","1","3","799230569765543938","仲","102","Female","[""坏我"",""好我"",""好她"",""坏她""]","[""弱我"",""强我"",""强她"",""弱她""]","","","","","","","","","","","","","","","","","","feedback_test","","","","","","","","","","","","","","","","","","","","",""
"727","","j","psychophysics","1616","2595261","0.0-10.0-0.1-4.1-0.1-0.23","5","2","5","1","1","5","3","4","4","5","5","0","0","1","2","-2","1","1","2","5","4","5","4","2","1","2","3","4","3","4","6","4","8","3","7","6","5","7","5","5","3","3","6","2","5","2","5","5","1","2","2","5","1","1","5","5","4","6","3","1","2","2","1","1","2","6","2","1","7","1","1","1","1","1","2","1","7","1","3","799230569765543938","仲","102","Female","[""坏我"",""好我"",""好她"",""坏她""]","[""弱我"",""强我"",""强她"",""弱她""]","","","","","","","","nonmatch","","","","","","","","","ALT2","moral","","key","j","16.666336633661523","683","380","","好我","","","","j","true","","","nonmatch","","img/square.png","坏我","",""
"null","<span style='color:GreenYellow; font-size: 70px;'>正确! </span>","null","html-keyboard-response","1617","2595763","0.0-10.0-0.1-4.1-0.1-1.23","5","2","5","1","1","5","3","4","4","5","5","0","0","1","2","-2","1","1","2","5","4","5","4","2","1","2","3","4","3","4","6","4","8","3","7","6","5","7","5","5","3","3","6","2","5","2","5","5","1","2","2","5","1","1","5","5","4","6","3","1","2","2","1","1","2","6","2","1","7","1","1","1","1","1","2","1","7","1","3","799230569765543938","仲","102","Female","[""坏我"",""好我"",""好她"",""坏她""]","[""弱我"",""强我"",""强她"",""弱她""]","","","","","","","","","","","","","","","","","","feedback_test","","","","","","","","","","","","","","","","","","","","",""
"855","","j","psychophysics","1618","2597621","0.0-10.0-0.1-4.1-0.1-0.24","5","2","5","1","1","5","3","4","4","5","5","0","0","1","2","-2","1","1","2","5","4","5","4","2","1","2","3","4","3","4","6","4","8","3","7","6","5","7","5","5","3","3","6","2","5","2","5","5","1","2","2","5","1","1","5","5","4","6","3","1","2","2","1","1","2","6","2","1","7","1","1","1","1","1","2","1","7","1","3","799230569765543938","仲","102","Female","[""坏我"",""好我"",""好她"",""坏她""]","[""弱我"",""强我"",""强她"",""弱她""]","","","","","","","","nonmatch","","","","","","","","","ALT2","moral","","key","j","16.664220183485384","683","380","","好她","","","","j","true","","","nonmatch","","img/ellipse.png","好我","",""
"null","<span style='color:GreenYellow; font-size: 70px;'>正确! </span>","null","html-keyboard-response","1619","2598131","0.0-10.0-0.1-4.1-0.1-1.24","5","2","5","1","1","5","3","4","4","5","5","0","0","1","2","-2","1","1","2","5","4","5","4","2","1","2","3","4","3","4","6","4","8","3","7","6","5","7","5","5","3","3","6","2","5","2","5","5","1","2","2","5","1","1","5","5","4","6","3","1","2","2","1","1","2","6","2","1","7","1","1","1","1","1","2","1","7","1","3","799230569765543938","仲","102","Female","[""坏我"",""好我"",""好她"",""坏她""]","[""弱我"",""强我"",""强她"",""弱她""]","","","","","","","","","","","","","","","","","","feedback_test","","","","","","","","","","","","","","","","","","","","",""
"827","","j","psychophysics","1620","2599961","0.0-10.0-0.1-4.1-0.1-0.25","5","2","5","1","1","5","3","4","4","5","5","0","0","1","2","-2","1","1","2","5","4","5","4","2","1","2","3","4","3","4","6","4","8","3","7","6","5","7","5","5","3","3","6","2","5","2","5","5","1","2","2","5","1","1","5","5","4","6","3","1","2","2","1","1","2","6","2","1","7","1","1","1","1","1","2","1","7","1","3","799230569765543938","仲","102","Female","[""坏我"",""好我"",""好她"",""坏她""]","[""弱我"",""强我"",""强她"",""弱她""]","","","","","","","","nonmatch","","","","","","","","","ALT2","moral","","key","j","16.665137614678898","683","380","","坏我","","","","j","true","","","nonmatch","","img/ellipse.png","好我","",""
"null","<span style='color:GreenYellow; font-size: 70px;'>正确! </span>","null","html-keyboard-response","1621","2600464","0.0-10.0-0.1-4.1-0.1-1.25","5","2","5","1","1","5","3","4","4","5","5","0","0","1","2","-2","1","1","2","5","4","5","4","2","1","2","3","4","3","4","6","4","8","3","7","6","5","7","5","5","3","3","6","2","5","2","5","5","1","2","2","5","1","1","5","5","4","6","3","1","2","2","1","1","2","6","2","1","7","1","1","1","1","1","2","1","7","1","3","799230569765543938","仲","102","Female","[""坏我"",""好我"",""好她"",""坏她""]","[""弱我"",""强我"",""强她"",""弱她""]","","","","","","","","","","","","","","","","","","feedback_test","","","","","","","","","","","","","","","","","","","","",""
"738","","j","psychophysics","1622","2602205","0.0-10.0-0.1-4.1-0.1-0.26","5","2","5","1","1","5","3","4","4","5","5","0","0","1","2","-2","1","1","2","5","4","5","4","2","1","2","3","4","3","4","6","4","8","3","7","6","5","7","5","5","3","3","6","2","5","2","5","5","1","2","2","5","1","1","5","5","4","6","3","1","2","2","1","1","2","6","2","1","7","1","1","1","1","1","2","1","7","1","3","799230569765543938","仲","102","Female","[""坏我"",""好我"",""好她"",""坏她""]","[""弱我"",""强我"",""强她"",""弱她""]","","","","","","","","nonmatch","","","","","","","","","ALT2","moral","","key","j","16.829411764706794","683","380","","坏她","","","","j","true","","","nonmatch","","img/triangle.png","好她","",""
"null","<span style='color:GreenYellow; font-size: 70px;'>正确! </span>","null","html-keyboard-response","1623","2602712","0.0-10.0-0.1-4.1-0.1-1.26","5","2","5","1","1","5","3","4","4","5","5","0","0","1","2","-2","1","1","2","5","4","5","4","2","1","2","3","4","3","4","6","4","8","3","7","6","5","7","5","5","3","3","6","2","5","2","5","5","1","2","2","5","1","1","5","5","4","6","3","1","2","2","1","1","2","6","2","1","7","1","1","1","1","1","2","1","7","1","3","799230569765543938","仲","102","Female","[""坏我"",""好我"",""好她"",""坏她""]","[""弱我"",""强我"",""强她"",""弱她""]","","","","","","","","","","","","","","","","","","feedback_test","","","","","","","","","","","","","","","","","","","","",""
"1006","","j","psychophysics","1624","2604722","0.0-10.0-0.1-4.1-0.1-0.27","5","2","5","1","1","5","3","4","4","5","5","0","0","1","2","-2","1","1","2","5","4","5","4","2","1","2","3","4","3","4","6","4","8","3","7","6","5","7","5","5","3","3","6","2","5","2","5","5","1","2","2","5","1","1","5","5","4","6","3","1","2","2","1","1","2","6","2","1","7","1","1","1","1","1","2","1","7","1","3","799230569765543938","仲","102","Female","[""坏我"",""好我"",""好她"",""坏她""]","[""弱我"",""强我"",""强她"",""弱她""]","","","","","","","","nonmatch","","","","","","","","","ALT2","moral","","key","j","16.665833333332557","683","380","","好她","","","","j","true","","","nonmatch","","img/hexagon.png","坏她","",""
"null","<span style='color:GreenYellow; font-size: 70px;'>正确! </span>","null","html-keyboard-response","1625","2605231","0.0-10.0-0.1-4.1-0.1-1.27","5","2","5","1","1","5","3","4","4","5","5","0","0","1","2","-2","1","1","2","5","4","5","4","2","1","2","3","4","3","4","6","4","8","3","7","6","5","7","5","5","3","3","6","2","5","2","5","5","1","2","2","5","1","1","5","5","4","6","3","1","2","2","1","1","2","6","2","1","7","1","1","1","1","1","2","1","7","1","3","799230569765543938","仲","102","Female","[""坏我"",""好我"",""好她"",""坏她""]","[""弱我"",""强我"",""强她"",""弱她""]","","","","","","","","","","","","","","","","","","feedback_test","","","","","","","","","","","","","","","","","","","","",""
"673","","j","psychophysics","1626","2606906","0.0-10.0-0.1-4.1-0.1-0.28","5","2","5","1","1","5","3","4","4","5","5","0","0","1","2","-2","1","1","2","5","4","5","4","2","1","2","3","4","3","4","6","4","8","3","7","6","5","7","5","5","3","3","6","2","5","2","5","5","1","2","2","5","1","1","5","5","4","6","3","1","2","2","1","1","2","6","2","1","7","1","1","1","1","1","2","1","7","1","3","799230569765543938","仲","102","Female","[""坏我"",""好我"",""好她"",""坏她""]","[""弱我"",""强我"",""强她"",""弱她""]","","","","","","","","nonmatch","","","","","","","","","ALT2","moral","","key","j","16.665","683","380","","好她","","","","j","true","","","nonmatch","","img/ellipse.png","好我","",""
"null","<span style='color:GreenYellow; font-size: 70px;'>正确! </span>","null","html-keyboard-response","1627","2607411","0.0-10.0-0.1-4.1-0.1-1.28","5","2","5","1","1","5","3","4","4","5","5","0","0","1","2","-2","1","1","2","5","4","5","4","2","1","2","3","4","3","4","6","4","8","3","7","6","5","7","5","5","3","3","6","2","5","2","5","5","1","2","2","5","1","1","5","5","4","6","3","1","2","2","1","1","2","6","2","1","7","1","1","1","1","1","2","1","7","1","3","799230569765543938","仲","102","Female","[""坏我"",""好我"",""好她"",""坏她""]","[""弱我"",""强我"",""强她"",""弱她""]","","","","","","","","","","","","","","","","","","feedback_test","","","","","","","","","","","","","","","","","","","","",""
"673","","f","psychophysics","1628","2609089","0.0-10.0-0.1-4.1-0.1-0.29","5","2","5","1","1","5","3","4","4","5","5","0","0","1","2","-2","1","1","2","5","4","5","4","2","1","2","3","4","3","4","6","4","8","3","7","6","5","7","5","5","3","3","6","2","5","2","5","5","1","2","2","5","1","1","5","5","4","6","3","1","2","2","1","1","2","6","2","1","7","1","1","1","1","1","2","1","7","1","3","799230569765543938","仲","102","Female","[""坏我"",""好我"",""好她"",""坏她""]","[""弱我"",""强我"",""强她"",""弱她""]","","","","","","","","match","","","","","","","","","ALT2","moral","","key","f","16.664646464644584","683","380","","坏我","","","","f","true","","","match","","img/square.png","坏我","",""
"null","<span style='color:GreenYellow; font-size: 70px;'>正确! </span>","null","html-keyboard-response","1629","2609595","0.0-10.0-0.1-4.1-0.1-1.29","5","2","5","1","1","5","3","4","4","5","5","0","0","1","2","-2","1","1","2","5","4","5","4","2","1","2","3","4","3","4","6","4","8","3","7","6","5","7","5","5","3","3","6","2","5","2","5","5","1","2","2","5","1","1","5","5","4","6","3","1","2","2","1","1","2","6","2","1","7","1","1","1","1","1","2","1","7","1","3","799230569765543938","仲","102","Female","[""坏我"",""好我"",""好她"",""坏她""]","[""弱我"",""强我"",""强她"",""弱她""]","","","","","","","","","","","","","","","","","","feedback_test","","","","","","","","","","","","","","","","","","","","",""
"1144","","f","psychophysics","1630","2611744","0.0-10.0-0.1-4.1-0.1-0.30","5","2","5","1","1","5","3","4","4","5","5","0","0","1","2","-2","1","1","2","5","4","5","4","2","1","2","3","4","3","4","6","4","8","3","7","6","5","7","5","5","3","3","6","2","5","2","5","5","1","2","2","5","1","1","5","5","4","6","3","1","2","2","1","1","2","6","2","1","7","1","1","1","1","1","2","1","7","1","3","799230569765543938","仲","102","Female","[""坏我"",""好我"",""好她"",""坏她""]","[""弱我"",""强我"",""强她"",""弱她""]","","","","","","","","match","","","","","","","","","ALT2","moral","","key","f","16.665354330708663","683","380","","坏她","","","","f","true","","","match","","img/hexagon.png","坏她","",""
"null","<span style='color:GreenYellow; font-size: 70px;'>正确! </span>","null","html-keyboard-response","1631","2612245","0.0-10.0-0.1-4.1-0.1-1.30","5","2","5","1","1","5","3","4","4","5","5","0","0","1","2","-2","1","1","2","5","4","5","4","2","1","2","3","4","3","4","6","4","8","3","7","6","5","7","5","5","3","3","6","2","5","2","5","5","1","2","2","5","1","1","5","5","4","6","3","1","2","2","1","1","2","6","2","1","7","1","1","1","1","1","2","1","7","1","3","799230569765543938","仲","102","Female","[""坏我"",""好我"",""好她"",""坏她""]","[""弱我"",""强我"",""强她"",""弱她""]","","","","","","","","","","","","","","","","","","feedback_test","","","","","","","","","","","","","","","","","","","","",""
"582","","f","psychophysics","1632","2613831","0.0-10.0-0.1-4.1-0.1-0.31","5","2","5","1","1","5","3","4","4","5","5","0","0","1","2","-2","1","1","2","5","4","5","4","2","1","2","3","4","3","4","6","4","8","3","7","6","5","7","5","5","3","3","6","2","5","2","5","5","1","2","2","5","1","1","5","5","4","6","3","1","2","2","1","1","2","6","2","1","7","1","1","1","1","1","2","1","7","1","3","799230569765543938","仲","102","Female","[""坏我"",""好我"",""好她"",""坏她""]","[""弱我"",""强我"",""强她"",""弱她""]","","","","","","","","match","","","","","","","","","ALT2","moral","","key","f","16.6659574468095","683","380","","坏她","","","","f","true","","","match","","img/hexagon.png","坏她","",""
"null","<span style='color:GreenYellow; font-size: 70px;'>正确! </span>","null","html-keyboard-response","1633","2614340","0.0-10.0-0.1-4.1-0.1-1.31","5","2","5","1","1","5","3","4","4","5","5","0","0","1","2","-2","1","1","2","5","4","5","4","2","1","2","3","4","3","4","6","4","8","3","7","6","5","7","5","5","3","3","6","2","5","2","5","5","1","2","2","5","1","1","5","5","4","6","3","1","2","2","1","1","2","6","2","1","7","1","1","1","1","1","2","1","7","1","3","799230569765543938","仲","102","Female","[""坏我"",""好我"",""好她"",""坏她""]","[""弱我"",""强我"",""强她"",""弱她""]","","","","","","","","","","","","","","","","","","feedback_test","","","","","","","","","","","","","","","","","","","","",""
"575","","f","psychophysics","1634","2615921","0.0-10.0-0.1-4.1-0.1-0.32","5","2","5","1","1","5","3","4","4","5","5","0","0","1","2","-2","1","1","2","5","4","5","4","2","1","2","3","4","3","4","6","4","8","3","7","6","5","7","5","5","3","3","6","2","5","2","5","5","1","2","2","5","1","1","5","5","4","6","3","1","2","2","1","1","2","6","2","1","7","1","1","1","1","1","2","1","7","1","3","799230569765543938","仲","102","Female","[""坏我"",""好我"",""好她"",""坏她""]","[""弱我"",""强我"",""强她"",""弱她""]","","","","","","","","match","","","","","","","","","ALT2","moral","","key","f","16.6659574468095","683","380","","好我","","","","f","true","","","match","","img/ellipse.png","好我","",""
"null","<span style='color:GreenYellow; font-size: 70px;'>正确! </span>","null","html-keyboard-response","1635","2616427","0.0-10.0-0.1-4.1-0.1-1.32","5","2","5","1","1","5","3","4","4","5","5","0","0","1","2","-2","1","1","2","5","4","5","4","2","1","2","3","4","3","4","6","4","8","3","7","6","5","7","5","5","3","3","6","2","5","2","5","5","1","2","2","5","1","1","5","5","4","6","3","1","2","2","1","1","2","6","2","1","7","1","1","1","1","1","2","1","7","1","3","799230569765543938","仲","102","Female","[""坏我"",""好我"",""好她"",""坏她""]","[""弱我"",""强我"",""强她"",""弱她""]","","","","","","","","","","","","","","","","","","feedback_test","","","","","","","","","","","","","","","","","","","","",""
"760","","j","psychophysics","1636","2618189","0.0-10.0-0.1-4.1-0.1-0.33","5","2","5","1","1","5","3","4","4","5","5","0","0","1","2","-2","1","1","2","5","4","5","4","2","1","2","3","4","3","4","6","4","8","3","7","6","5","7","5","5","3","3","6","2","5","2","5","5","1","2","2","5","1","1","5","5","4","6","3","1","2","2","1","1","2","6","2","1","7","1","1","1","1","1","2","1","7","1","3","799230569765543938","仲","102","Female","[""坏我"",""好我"",""好她"",""坏她""]","[""弱我"",""强我"",""强她"",""弱她""]","","","","","","","","nonmatch","","","","","","","","","ALT2","moral","","key","j","16.6657142857134","683","380","","好我","","","","j","true","","","nonmatch","","img/hexagon.png","坏她","",""
"null","<span style='color:GreenYellow; font-size: 70px;'>正确! </span>","null","html-keyboard-response","1637","2618693","0.0-10.0-0.1-4.1-0.1-1.33","5","2","5","1","1","5","3","4","4","5","5","0","0","1","2","-2","1","1","2","5","4","5","4","2","1","2","3","4","3","4","6","4","8","3","7","6","5","7","5","5","3","3","6","2","5","2","5","5","1","2","2","5","1","1","5","5","4","6","3","1","2","2","1","1","2","6","2","1","7","1","1","1","1","1","2","1","7","1","3","799230569765543938","仲","102","Female","[""坏我"",""好我"",""好她"",""坏她""]","[""弱我"",""强我"",""强她"",""弱她""]","","","","","","","","","","","","","","","","","","feedback_test","","","","","","","","","","","","","","","","","","","","",""
"603","","f","psychophysics","1638","2620303","0.0-10.0-0.1-4.1-0.1-0.34","5","2","5","1","1","5","3","4","4","5","5","0","0","1","2","-2","1","1","2","5","4","5","4","2","1","2","3","4","3","4","6","4","8","3","7","6","5","7","5","5","3","3","6","2","5","2","5","5","1","2","2","5","1","1","5","5","4","6","3","1","2","2","1","1","2","6","2","1","7","1","1","1","1","1","2","1","7","1","3","799230569765543938","仲","102","Female","[""坏我"",""好我"",""好她"",""坏她""]","[""弱我"",""强我"",""强她"",""弱她""]","","","","","","","","match","","","","","","","","","ALT2","moral","","key","f","16.66562499999903","683","380","","好我","","","","f","true","","","match","","img/ellipse.png","好我","",""
"null","<span style='color:GreenYellow; font-size: 70px;'>正确! </span>","null","html-keyboard-response","1639","2620808","0.0-10.0-0.1-4.1-0.1-1.34","5","2","5","1","1","5","3","4","4","5","5","0","0","1","2","-2","1","1","2","5","4","5","4","2","1","2","3","4","3","4","6","4","8","3","7","6","5","7","5","5","3","3","6","2","5","2","5","5","1","2","2","5","1","1","5","5","4","6","3","1","2","2","1","1","2","6","2","1","7","1","1","1","1","1","2","1","7","1","3","799230569765543938","仲","102","Female","[""坏我"",""好我"",""好她"",""坏她""]","[""弱我"",""强我"",""强她"",""弱她""]","","","","","","","","","","","","","","","","","","feedback_test","","","","","","","","","","","","","","","","","","","","",""
"689","","j","psychophysics","1640","2622501","0.0-10.0-0.1-4.1-0.1-0.35","5","2","5","1","1","5","3","4","4","5","5","0","0","1","2","-2","1","1","2","5","4","5","4","2","1","2","3","4","3","4","6","4","8","3","7","6","5","7","5","5","3","3","6","2","5","2","5","5","1","2","2","5","1","1","5","5","4","6","3","1","2","2","1","1","2","6","2","1","7","1","1","1","1","1","2","1","7","1","3","799230569765543938","仲","102","Female","[""坏我"",""好我"",""好她"",""坏她""]","[""弱我"",""强我"",""强她"",""弱她""]","","","","","","","","nonmatch","","","","","","","","","ALT2","moral","","key","j","16.665656565655624","683","380","","坏她","","","","j","true","","","nonmatch","","img/ellipse.png","好我","",""
"null","<span style='color:GreenYellow; font-size: 70px;'>正确! </span>","null","html-keyboard-response","1641","2623005","0.0-10.0-0.1-4.1-0.1-1.35","5","2","5","1","1","5","3","4","4","5","5","0","0","1","2","-2","1","1","2","5","4","5","4","2","1","2","3","4","3","4","6","4","8","3","7","6","5","7","5","5","3","3","6","2","5","2","5","5","1","2","2","5","1","1","5","5","4","6","3","1","2","2","1","1","2","6","2","1","7","1","1","1","1","1","2","1","7","1","3","799230569765543938","仲","102","Female","[""坏我"",""好我"",""好她"",""坏她""]","[""弱我"",""强我"",""强她"",""弱她""]","","","","","","","","","","","","","","","","","","feedback_test","","","","","","","","","","","","","","","","","","","","",""
"775","","f","psychophysics","1642","2624786","0.0-10.0-0.1-4.1-0.1-0.36","5","2","5","1","1","5","3","4","4","5","5","0","0","1","2","-2","1","1","2","5","4","5","4","2","1","2","3","4","3","4","6","4","8","3","7","6","5","7","5","5","3","3","6","2","5","2","5","5","1","2","2","5","1","1","5","5","4","6","3","1","2","2","1","1","2","6","2","1","7","1","1","1","1","1","2","1","7","1","3","799230569765543938","仲","102","Female","[""坏我"",""好我"",""好她"",""坏她""]","[""弱我"",""强我"",""强她"",""弱她""]","","","","","","","","match","","","","","","","","","ALT2","moral","","key","f","16.664761904764564","683","380","","坏我","","","","j","false","","","nonmatch","","img/hexagon.png","坏她","",""
"null","<span style='color:red; font-size: 70px;'>错误! </span>","null","html-keyboard-response","1643","2625292","0.0-10.0-0.1-4.1-0.1-1.36","5","2","5","1","1","5","3","4","4","5","5","0","0","1","2","-2","1","1","2","5","4","5","4","2","1","2","3","4","3","4","6","4","8","3","7","6","5","7","5","5","3","3","6","2","5","2","5","5","1","2","2","5","1","1","5","5","4","6","3","1","2","2","1","1","2","6","2","1","7","1","1","1","1","1","2","1","7","1","3","799230569765543938","仲","102","Female","[""坏我"",""好我"",""好她"",""坏她""]","[""弱我"",""强我"",""强她"",""弱她""]","","","","","","","","","","","","","","","","","","feedback_test","","","","","","","","","","","","","","","","","","","","",""
"668","","f","psychophysics","1644","2626963","0.0-10.0-0.1-4.1-0.1-0.37","5","2","5","1","1","5","3","4","4","5","5","0","0","1","2","-2","1","1","2","5","4","5","4","2","1","2","3","4","3","4","6","4","8","3","7","6","5","7","5","5","3","3","6","2","5","2","5","5","1","2","2","5","1","1","5","5","4","6","3","1","2","2","1","1","2","6","2","1","7","1","1","1","1","1","2","1","7","1","3","799230569765543938","仲","102","Female","[""坏我"",""好我"",""好她"",""坏她""]","[""弱我"",""强我"",""强她"",""弱她""]","","","","","","","","match","","","","","","","","","ALT2","moral","","key","f","16.665656565655624","683","380","","坏我","","","","f","true","","","match","","img/square.png","坏我","",""
"null","<span style='color:GreenYellow; font-size: 70px;'>正确! </span>","null","html-keyboard-response","1645","2627468","0.0-10.0-0.1-4.1-0.1-1.37","5","2","5","1","1","5","3","4","4","5","5","0","0","1","2","-2","1","1","2","5","4","5","4","2","1","2","3","4","3","4","6","4","8","3","7","6","5","7","5","5","3","3","6","2","5","2","5","5","1","2","2","5","1","1","5","5","4","6","3","1","2","2","1","1","2","6","2","1","7","1","1","1","1","1","2","1","7","1","3","799230569765543938","仲","102","Female","[""坏我"",""好我"",""好她"",""坏她""]","[""弱我"",""强我"",""强她"",""弱她""]","","","","","","","","","","","","","","","","","","feedback_test","","","","","","","","","","","","","","","","","","","","",""
"810","","f","psychophysics","1646","2629287","0.0-10.0-0.1-4.1-0.1-0.38","5","2","5","1","1","5","3","4","4","5","5","0","0","1","2","-2","1","1","2","5","4","5","4","2","1","2","3","4","3","4","6","4","8","3","7","6","5","7","5","5","3","3","6","2","5","2","5","5","1","2","2","5","1","1","5","5","4","6","3","1","2","2","1","1","2","6","2","1","7","1","1","1","1","1","2","1","7","1","3","799230569765543938","仲","102","Female","[""坏我"",""好我"",""好她"",""坏她""]","[""弱我"",""强我"",""强她"",""弱她""]","","","","","","","","match","","","","","","","","","ALT2","moral","","key","f","16.66574074074419","683","380","","好她","","","","f","true","","","match","","img/triangle.png","好她","",""
"null","<span style='color:GreenYellow; font-size: 70px;'>正确! </span>","null","html-keyboard-response","1647","2629790","0.0-10.0-0.1-4.1-0.1-1.38","5","2","5","1","1","5","3","4","4","5","5","0","0","1","2","-2","1","1","2","5","4","5","4","2","1","2","3","4","3","4","6","4","8","3","7","6","5","7","5","5","3","3","6","2","5","2","5","5","1","2","2","5","1","1","5","5","4","6","3","1","2","2","1","1","2","6","2","1","7","1","1","1","1","1","2","1","7","1","3","799230569765543938","仲","102","Female","[""坏我"",""好我"",""好她"",""坏她""]","[""弱我"",""强我"",""强她"",""弱她""]","","","","","","","","","","","","","","","","","","feedback_test","","","","","","","","","","","","","","","","","","","","",""
"686","","f","psychophysics","1648","2631479","0.0-10.0-0.1-4.1-0.1-0.39","5","2","5","1","1","5","3","4","4","5","5","0","0","1","2","-2","1","1","2","5","4","5","4","2","1","2","3","4","3","4","6","4","8","3","7","6","5","7","5","5","3","3","6","2","5","2","5","5","1","2","2","5","1","1","5","5","4","6","3","1","2","2","1","1","2","6","2","1","7","1","1","1","1","1","2","1","7","1","3","799230569765543938","仲","102","Female","[""坏我"",""好我"",""好她"",""坏她""]","[""弱我"",""强我"",""强她"",""弱她""]","","","","","","","","match","","","","","","","","","ALT2","moral","","key","f","16.66600000000093","683","380","","好她","","","","f","true","","","match","","img/triangle.png","好她","",""
"null","<span style='color:GreenYellow; font-size: 70px;'>正确! </span>","null","html-keyboard-response","1649","2631982","0.0-10.0-0.1-4.1-0.1-1.39","5","2","5","1","1","5","3","4","4","5","5","0","0","1","2","-2","1","1","2","5","4","5","4","2","1","2","3","4","3","4","6","4","8","3","7","6","5","7","5","5","3","3","6","2","5","2","5","5","1","2","2","5","1","1","5","5","4","6","3","1","2","2","1","1","2","6","2","1","7","1","1","1","1","1","2","1","7","1","3","799230569765543938","仲","102","Female","[""坏我"",""好我"",""好她"",""坏她""]","[""弱我"",""强我"",""强她"",""弱她""]","","","","","","","","","","","","","","","","","","feedback_test","","","","","","","","","","","","","","","","","","","","",""
"627","","f","psychophysics","1650","2633619","0.0-10.0-0.1-4.1-0.1-0.40","5","2","5","1","1","5","3","4","4","5","5","0","0","1","2","-2","1","1","2","5","4","5","4","2","1","2","3","4","3","4","6","4","8","3","7","6","5","7","5","5","3","3","6","2","5","2","5","5","1","2","2","5","1","1","5","5","4","6","3","1","2","2","1","1","2","6","2","1","7","1","1","1","1","1","2","1","7","1","3","799230569765543938","仲","102","Female","[""坏我"",""好我"",""好她"",""坏她""]","[""弱我"",""强我"",""强她"",""弱她""]","","","","","","","","match","","","","","","","","","ALT2","moral","","key","f","16.664948453608247","683","380","","好我","","","","f","true","","","match","","img/ellipse.png","好我","",""
"null","<span style='color:GreenYellow; font-size: 70px;'>正确! </span>","null","html-keyboard-response","1651","2634123","0.0-10.0-0.1-4.1-0.1-1.40","5","2","5","1","1","5","3","4","4","5","5","0","0","1","2","-2","1","1","2","5","4","5","4","2","1","2","3","4","3","4","6","4","8","3","7","6","5","7","5","5","3","3","6","2","5","2","5","5","1","2","2","5","1","1","5","5","4","6","3","1","2","2","1","1","2","6","2","1","7","1","1","1","1","1","2","1","7","1","3","799230569765543938","仲","102","Female","[""坏我"",""好我"",""好她"",""坏她""]","[""弱我"",""强我"",""强她"",""弱她""]","","","","","","","","","","","","","","","","","","feedback_test","","","","","","","","","","","","","","","","","","","","",""
"691","","j","psychophysics","1652","2635818","0.0-10.0-0.1-4.1-0.1-0.41","5","2","5","1","1","5","3","4","4","5","5","0","0","1","2","-2","1","1","2","5","4","5","4","2","1","2","3","4","3","4","6","4","8","3","7","6","5","7","5","5","3","3","6","2","5","2","5","5","1","2","2","5","1","1","5","5","4","6","3","1","2","2","1","1","2","6","2","1","7","1","1","1","1","1","2","1","7","1","3","799230569765543938","仲","102","Female","[""坏我"",""好我"",""好她"",""坏她""]","[""弱我"",""强我"",""强她"",""弱她""]","","","","","","","","nonmatch","","","","","","","","","ALT2","moral","","key","j","16.66534653465531","683","380","","坏我","","","","j","true","","","nonmatch","","img/triangle.png","好她","",""
"null","<span style='color:GreenYellow; font-size: 70px;'>正确! </span>","null","html-keyboard-response","1653","2636320","0.0-10.0-0.1-4.1-0.1-1.41","5","2","5","1","1","5","3","4","4","5","5","0","0","1","2","-2","1","1","2","5","4","5","4","2","1","2","3","4","3","4","6","4","8","3","7","6","5","7","5","5","3","3","6","2","5","2","5","5","1","2","2","5","1","1","5","5","4","6","3","1","2","2","1","1","2","6","2","1","7","1","1","1","1","1","2","1","7","1","3","799230569765543938","仲","102","Female","[""坏我"",""好我"",""好她"",""坏她""]","[""弱我"",""强我"",""强她"",""弱她""]","","","","","","","","","","","","","","","","","","feedback_test","","","","","","","","","","","","","","","","","","","","",""
"662","","f","psychophysics","1654","2637991","0.0-10.0-0.1-4.1-0.1-0.42","5","2","5","1","1","5","3","4","4","5","5","0","0","1","2","-2","1","1","2","5","4","5","4","2","1","2","3","4","3","4","6","4","8","3","7","6","5","7","5","5","3","3","6","2","5","2","5","5","1","2","2","5","1","1","5","5","4","6","3","1","2","2","1","1","2","6","2","1","7","1","1","1","1","1","2","1","7","1","3","799230569765543938","仲","102","Female","[""坏我"",""好我"",""好她"",""坏她""]","[""弱我"",""强我"",""强她"",""弱她""]","","","","","","","","match","","","","","","","","","ALT2","moral","","key","f","16.666666666666668","683","380","","坏我","","","","f","true","","","match","","img/square.png","坏我","",""
"null","<span style='color:GreenYellow; font-size: 70px;'>正确! </span>","null","html-keyboard-response","1655","2638498","0.0-10.0-0.1-4.1-0.1-1.42","5","2","5","1","1","5","3","4","4","5","5","0","0","1","2","-2","1","1","2","5","4","5","4","2","1","2","3","4","3","4","6","4","8","3","7","6","5","7","5","5","3","3","6","2","5","2","5","5","1","2","2","5","1","1","5","5","4","6","3","1","2","2","1","1","2","6","2","1","7","1","1","1","1","1","2","1","7","1","3","799230569765543938","仲","102","Female","[""坏我"",""好我"",""好她"",""坏她""]","[""弱我"",""强我"",""强她"",""弱她""]","","","","","","","","","","","","","","","","","","feedback_test","","","","","","","","","","","","","","","","","","","","",""
"712","","f","psychophysics","1656","2640212","0.0-10.0-0.1-4.1-0.1-0.43","5","2","5","1","1","5","3","4","4","5","5","0","0","1","2","-2","1","1","2","5","4","5","4","2","1","2","3","4","3","4","6","4","8","3","7","6","5","7","5","5","3","3","6","2","5","2","5","5","1","2","2","5","1","1","5","5","4","6","3","1","2","2","1","1","2","6","2","1","7","1","1","1","1","1","2","1","7","1","3","799230569765543938","仲","102","Female","[""坏我"",""好我"",""好她"",""坏她""]","[""弱我"",""强我"",""强她"",""弱她""]","","","","","","","","match","","","","","","","","","ALT2","moral","","key","f","16.666336633661523","683","380","","坏她","","","","f","true","","","match","","img/hexagon.png","坏她","",""
"null","<span style='color:GreenYellow; font-size: 70px;'>正确! </span>","null","html-keyboard-response","1657","2640714","0.0-10.0-0.1-4.1-0.1-1.43","5","2","5","1","1","5","3","4","4","5","5","0","0","1","2","-2","1","1","2","5","4","5","4","2","1","2","3","4","3","4","6","4","8","3","7","6","5","7","5","5","3","3","6","2","5","2","5","5","1","2","2","5","1","1","5","5","4","6","3","1","2","2","1","1","2","6","2","1","7","1","1","1","1","1","2","1","7","1","3","799230569765543938","仲","102","Female","[""坏我"",""好我"",""好她"",""坏她""]","[""弱我"",""强我"",""强她"",""弱她""]","","","","","","","","","","","","","","","","","","feedback_test","","","","","","","","","","","","","","","","","","","","",""
"715","","j","psychophysics","1658","2642432","0.0-10.0-0.1-4.1-0.1-0.44","5","2","5","1","1","5","3","4","4","5","5","0","0","1","2","-2","1","1","2","5","4","5","4","2","1","2","3","4","3","4","6","4","8","3","7","6","5","7","5","5","3","3","6","2","5","2","5","5","1","2","2","5","1","1","5","5","4","6","3","1","2","2","1","1","2","6","2","1","7","1","1","1","1","1","2","1","7","1","3","799230569765543938","仲","102","Female","[""坏我"",""好我"",""好她"",""坏她""]","[""弱我"",""强我"",""强她"",""弱她""]","","","","","","","","nonmatch","","","","","","","","","ALT2","moral","","key","j","16.6653465346507","683","380","","好我","","","","j","true","","","nonmatch","","img/square.png","坏我","",""
"null","<span style='color:GreenYellow; font-size: 70px;'>正确! </span>","null","html-keyboard-response","1659","2642933","0.0-10.0-0.1-4.1-0.1-1.44","5","2","5","1","1","5","3","4","4","5","5","0","0","1","2","-2","1","1","2","5","4","5","4","2","1","2","3","4","3","4","6","4","8","3","7","6","5","7","5","5","3","3","6","2","5","2","5","5","1","2","2","5","1","1","5","5","4","6","3","1","2","2","1","1","2","6","2","1","7","1","1","1","1","1","2","1","7","1","3","799230569765543938","仲","102","Female","[""坏我"",""好我"",""好她"",""坏她""]","[""弱我"",""强我"",""强她"",""弱她""]","","","","","","","","","","","","","","","","","","feedback_test","","","","","","","","","","","","","","","","","","","","",""
"955","","j","psychophysics","1660","2644893","0.0-10.0-0.1-4.1-0.1-0.45","5","2","5","1","1","5","3","4","4","5","5","0","0","1","2","-2","1","1","2","5","4","5","4","2","1","2","3","4","3","4","6","4","8","3","7","6","5","7","5","5","3","3","6","2","5","2","5","5","1","2","2","5","1","1","5","5","4","6","3","1","2","2","1","1","2","6","2","1","7","1","1","1","1","1","2","1","7","1","3","799230569765543938","仲","102","Female","[""坏我"",""好我"",""好她"",""坏她""]","[""弱我"",""强我"",""强她"",""弱她""]","","","","","","","","nonmatch","","","","","","","","","ALT2","moral","","key","j","16.66521739130435","683","380","","好她","","","","j","true","","","nonmatch","","img/square.png","坏我","",""
"null","<span style='color:GreenYellow; font-size: 70px;'>正确! </span>","null","html-keyboard-response","1661","2645397","0.0-10.0-0.1-4.1-0.1-1.45","5","2","5","1","1","5","3","4","4","5","5","0","0","1","2","-2","1","1","2","5","4","5","4","2","1","2","3","4","3","4","6","4","8","3","7","6","5","7","5","5","3","3","6","2","5","2","5","5","1","2","2","5","1","1","5","5","4","6","3","1","2","2","1","1","2","6","2","1","7","1","1","1","1","1","2","1","7","1","3","799230569765543938","仲","102","Female","[""坏我"",""好我"",""好她"",""坏她""]","[""弱我"",""强我"",""强她"",""弱她""]","","","","","","","","","","","","","","","","","","feedback_test","","","","","","","","","","","","","","","","","","","","",""
"914","","f","psychophysics","1662","2647312","0.0-10.0-0.1-4.1-0.1-0.46","5","2","5","1","1","5","3","4","4","5","5","0","0","1","2","-2","1","1","2","5","4","5","4","2","1","2","3","4","3","4","6","4","8","3","7","6","5","7","5","5","3","3","6","2","5","2","5","5","1","2","2","5","1","1","5","5","4","6","3","1","2","2","1","1","2","6","2","1","7","1","1","1","1","1","2","1","7","1","3","799230569765543938","仲","102","Female","[""坏我"",""好我"",""好她"",""坏她""]","[""弱我"",""强我"",""强她"",""弱她""]","","","","","","","","match","","","","","","","","","ALT2","moral","","key","f","16.611504424779586","683","380","","好她","","","","f","true","","","match","","img/triangle.png","好她","",""
"null","<span style='color:GreenYellow; font-size: 70px;'>正确! </span>","null","html-keyboard-response","1663","2647819","0.0-10.0-0.1-4.1-0.1-1.46","5","2","5","1","1","5","3","4","4","5","5","0","0","1","2","-2","1","1","2","5","4","5","4","2","1","2","3","4","3","4","6","4","8","3","7","6","5","7","5","5","3","3","6","2","5","2","5","5","1","2","2","5","1","1","5","5","4","6","3","1","2","2","1","1","2","6","2","1","7","1","1","1","1","1","2","1","7","1","3","799230569765543938","仲","102","Female","[""坏我"",""好我"",""好她"",""坏她""]","[""弱我"",""强我"",""强她"",""弱她""]","","","","","","","","","","","","","","","","","","feedback_test","","","","","","","","","","","","","","","","","","","","",""
"730","","j","psychophysics","1664","2649557","0.0-10.0-0.1-4.1-0.1-0.47","5","2","5","1","1","5","3","4","4","5","5","0","0","1","2","-2","1","1","2","5","4","5","4","2","1","2","3","4","3","4","6","4","8","3","7","6","5","7","5","5","3","3","6","2","5","2","5","5","1","2","2","5","1","1","5","5","4","6","3","1","2","2","1","1","2","6","2","1","7","1","1","1","1","1","2","1","7","1","3","799230569765543938","仲","102","Female","[""坏我"",""好我"",""好她"",""坏她""]","[""弱我"",""强我"",""强她"",""弱她""]","","","","","","","","nonmatch","","","","","","","","","ALT2","moral","","key","j","16.66407766990201","683","380","","好我","","","","j","true","","","nonmatch","","img/triangle.png","好她","",""
"null","<span style='color:GreenYellow; font-size: 70px;'>正确! </span>","null","html-keyboard-response","1665","2650063","0.0-10.0-0.1-4.1-0.1-1.47","5","2","5","1","1","5","3","4","4","5","5","0","0","1","2","-2","1","1","2","5","4","5","4","2","1","2","3","4","3","4","6","4","8","3","7","6","5","7","5","5","3","3","6","2","5","2","5","5","1","2","2","5","1","1","5","5","4","6","3","1","2","2","1","1","2","6","2","1","7","1","1","1","1","1","2","1","7","1","3","799230569765543938","仲","102","Female","[""坏我"",""好我"",""好她"",""坏她""]","[""弱我"",""强我"",""强她"",""弱她""]","","","","","","","","","","","","","","","","","","feedback_test","","","","","","","","","","","","","","","","","","","","",""
"819","","j","psychophysics","1666","2651883","0.0-10.0-0.1-4.1-0.1-0.48","5","2","5","1","1","5","3","4","4","5","5","0","0","1","2","-2","1","1","2","5","4","5","4","2","1","2","3","4","3","4","6","4","8","3","7","6","5","7","5","5","3","3","6","2","5","2","5","5","1","2","2","5","1","1","5","5","4","6","3","1","2","2","1","1","2","6","2","1","7","1","1","1","1","1","2","1","7","1","3","799230569765543938","仲","102","Female","[""坏我"",""好我"",""好她"",""坏她""]","[""弱我"",""强我"",""强她"",""弱她""]","","","","","","","","nonmatch","","","","","","","","","ALT2","moral","","key","j","16.610185185184324","683","380","","坏她","","","","j","true","","","nonmatch","","img/square.png","坏我","",""
"null","<span style='color:GreenYellow; font-size: 70px;'>正确! </span>","null","html-keyboard-response","1667","2652389","0.0-10.0-0.1-4.1-0.1-1.48","5","2","5","1","1","5","3","4","4","5","5","0","0","1","2","-2","1","1","2","5","4","5","4","2","1","2","3","4","3","4","6","4","8","3","7","6","5","7","5","5","3","3","6","2","5","2","5","5","1","2","2","5","1","1","5","5","4","6","3","1","2","2","1","1","2","6","2","1","7","1","1","1","1","1","2","1","7","1","3","799230569765543938","仲","102","Female","[""坏我"",""好我"",""好她"",""坏她""]","[""弱我"",""强我"",""强她"",""弱她""]","","","","","","","","","","","","","","","","","","feedback_test","","","","","","","","","","","","","","","","","","","","",""
"1515","<style>.context{color:white; font-size: 35px; line-height:40px}</style>                            <div><p class='context'>您正确回答了94% 的试次。</p><p class='context'>您的平均反应时为776毫秒。</p><p class='context'>请按空格键进入休息。</p></div>"," ","html-keyboard-response","1668","2653907","0.0-10.0-0.1-4.1-1.1","5","2","5","1","1","5","3","4","4","5","5","0","0","1","2","-2","1","1","2","5","4","5","4","2","1","2","3","4","3","4","6","4","8","3","7","6","5","7","5","5","3","3","6","2","5","2","5","5","1","2","2","5","1","1","5","5","4","6","3","1","2","2","1","1","2","6","2","1","7","1","1","1","1","1","2","1","7","1","3","799230569765543938","仲","102","Female","[""坏我"",""好我"",""好她"",""坏她""]","[""弱我"",""强我"",""强她"",""弱她""]","","","","","","","","","","","","","","","","","","","","","","","","","","","","","","","","","","","","","","",""
"52439","
        <p >您当前还剩余7组实验</p>
        <p >现在是休息时间，当您结束休息后，</p>
        <p >您可以点击 结束休息 按钮 继续。</p>
        <p >建议休息时间还剩余<span id=""iii"">60</span>秒。</p>","0","html-button-response","1669","2706351","0.0-10.0-0.1-4.1-2.1","5","2","5","1","1","5","3","4","4","5","5","0","0","1","2","-2","1","1","2","5","4","5","4","2","1","2","3","4","3","4","6","4","8","3","7","6","5","7","5","5","3","3","6","2","5","2","5","5","1","2","2","5","1","1","5","5","4","6","3","1","2","2","1","1","2","6","2","1","7","1","1","1","1","1","2","1","7","1","3","799230569765543938","仲","102","Female","[""坏我"",""好我"",""好她"",""坏她""]","[""弱我"",""强我"",""强她"",""弱她""]","","","","","","","","","","","","","","","","","","","","","","","","","","","","","","","","","","","","","","",""
"1103","","j","psychophysics","1670","2708463","0.0-10.0-0.1-4.1-0.2-0.49","5","2","5","1","1","5","3","4","4","5","5","0","0","1","2","-2","1","1","2","5","4","5","4","2","1","2","3","4","3","4","6","4","8","3","7","6","5","7","5","5","3","3","6","2","5","2","5","5","1","2","2","5","1","1","5","5","4","6","3","1","2","2","1","1","2","6","2","1","7","1","1","1","1","1","2","1","7","1","3","799230569765543938","仲","102","Female","[""坏我"",""好我"",""好她"",""坏她""]","[""弱我"",""强我"",""强她"",""弱她""]","","","","","","","","nonmatch","","","","","","","","","ALT2","moral","","key","j","16.665079365077887","683","380","","坏我","","","","j","true","","","nonmatch","","img/ellipse.png","好我","",""
"null","<span style='color:GreenYellow; font-size: 70px;'>正确! </span>","null","html-keyboard-response","1671","2708967","0.0-10.0-0.1-4.1-0.2-1.49","5","2","5","1","1","5","3","4","4","5","5","0","0","1","2","-2","1","1","2","5","4","5","4","2","1","2","3","4","3","4","6","4","8","3","7","6","5","7","5","5","3","3","6","2","5","2","5","5","1","2","2","5","1","1","5","5","4","6","3","1","2","2","1","1","2","6","2","1","7","1","1","1","1","1","2","1","7","1","3","799230569765543938","仲","102","Female","[""坏我"",""好我"",""好她"",""坏她""]","[""弱我"",""强我"",""强她"",""弱她""]","","","","","","","","","","","","","","","","","","feedback_test","","","","","","","","","","","","","","","","","","","","",""
"859","","j","psychophysics","1672","2710835","0.0-10.0-0.1-4.1-0.2-0.50","5","2","5","1","1","5","3","4","4","5","5","0","0","1","2","-2","1","1","2","5","4","5","4","2","1","2","3","4","3","4","6","4","8","3","7","6","5","7","5","5","3","3","6","2","5","2","5","5","1","2","2","5","1","1","5","5","4","6","3","1","2","2","1","1","2","6","2","1","7","1","1","1","1","1","2","1","7","1","3","799230569765543938","仲","102","Female","[""坏我"",""好我"",""好她"",""坏她""]","[""弱我"",""强我"",""强她"",""弱她""]","","","","","","","","nonmatch","","","","","","","","","ALT2","moral","","key","j","16.665765765764927","683","380","","坏她","","","","j","true","","","nonmatch","","img/ellipse.png","好我","",""
"null","<span style='color:GreenYellow; font-size: 70px;'>正确! </span>","null","html-keyboard-response","1673","2711340","0.0-10.0-0.1-4.1-0.2-1.50","5","2","5","1","1","5","3","4","4","5","5","0","0","1","2","-2","1","1","2","5","4","5","4","2","1","2","3","4","3","4","6","4","8","3","7","6","5","7","5","5","3","3","6","2","5","2","5","5","1","2","2","5","1","1","5","5","4","6","3","1","2","2","1","1","2","6","2","1","7","1","1","1","1","1","2","1","7","1","3","799230569765543938","仲","102","Female","[""坏我"",""好我"",""好她"",""坏她""]","[""弱我"",""强我"",""强她"",""弱她""]","","","","","","","","","","","","","","","","","","feedback_test","","","","","","","","","","","","","","","","","","","","",""
"867","","f","psychophysics","1674","2713210","0.0-10.0-0.1-4.1-0.2-0.51","5","2","5","1","1","5","3","4","4","5","5","0","0","1","2","-2","1","1","2","5","4","5","4","2","1","2","3","4","3","4","6","4","8","3","7","6","5","7","5","5","3","3","6","2","5","2","5","5","1","2","2","5","1","1","5","5","4","6","3","1","2","2","1","1","2","6","2","1","7","1","1","1","1","1","2","1","7","1","3","799230569765543938","仲","102","Female","[""坏我"",""好我"",""好她"",""坏她""]","[""弱我"",""强我"",""强她"",""弱她""]","","","","","","","","match","","","","","","","","","ALT2","moral","","key","f","16.664864864863187","683","380","","好她","","","","f","true","","","match","","img/triangle.png","好她","",""
"null","<span style='color:GreenYellow; font-size: 70px;'>正确! </span>","null","html-keyboard-response","1675","2713718","0.0-10.0-0.1-4.1-0.2-1.51","5","2","5","1","1","5","3","4","4","5","5","0","0","1","2","-2","1","1","2","5","4","5","4","2","1","2","3","4","3","4","6","4","8","3","7","6","5","7","5","5","3","3","6","2","5","2","5","5","1","2","2","5","1","1","5","5","4","6","3","1","2","2","1","1","2","6","2","1","7","1","1","1","1","1","2","1","7","1","3","799230569765543938","仲","102","Female","[""坏我"",""好我"",""好她"",""坏她""]","[""弱我"",""强我"",""强她"",""弱她""]","","","","","","","","","","","","","","","","","","feedback_test","","","","","","","","","","","","","","","","","","","","",""
"743","","j","psychophysics","1676","2715466","0.0-10.0-0.1-4.1-0.2-0.52","5","2","5","1","1","5","3","4","4","5","5","0","0","1","2","-2","1","1","2","5","4","5","4","2","1","2","3","4","3","4","6","4","8","3","7","6","5","7","5","5","3","3","6","2","5","2","5","5","1","2","2","5","1","1","5","5","4","6","3","1","2","2","1","1","2","6","2","1","7","1","1","1","1","1","2","1","7","1","3","799230569765543938","仲","102","Female","[""坏我"",""好我"",""好她"",""坏她""]","[""弱我"",""强我"",""强她"",""弱她""]","","","","","","","","nonmatch","","","","","","","","","ALT2","moral","","key","j","16.665384615381928","683","380","","好她","","","","f","false","","","match","","img/triangle.png","好她","",""
"null","<span style='color:red; font-size: 70px;'>错误! </span>","null","html-keyboard-response","1677","2715975","0.0-10.0-0.1-4.1-0.2-1.52","5","2","5","1","1","5","3","4","4","5","5","0","0","1","2","-2","1","1","2","5","4","5","4","2","1","2","3","4","3","4","6","4","8","3","7","6","5","7","5","5","3","3","6","2","5","2","5","5","1","2","2","5","1","1","5","5","4","6","3","1","2","2","1","1","2","6","2","1","7","1","1","1","1","1","2","1","7","1","3","799230569765543938","仲","102","Female","[""坏我"",""好我"",""好她"",""坏她""]","[""弱我"",""强我"",""强她"",""弱她""]","","","","","","","","","","","","","","","","","","feedback_test","","","","","","","","","","","","","","","","","","","","",""
"642","","f","psychophysics","1678","2717618","0.0-10.0-0.1-4.1-0.2-0.53","5","2","5","1","1","5","3","4","4","5","5","0","0","1","2","-2","1","1","2","5","4","5","4","2","1","2","3","4","3","4","6","4","8","3","7","6","5","7","5","5","3","3","6","2","5","2","5","5","1","2","2","5","1","1","5","5","4","6","3","1","2","2","1","1","2","6","2","1","7","1","1","1","1","1","2","1","7","1","3","799230569765543938","仲","102","Female","[""坏我"",""好我"",""好她"",""坏她""]","[""弱我"",""强我"",""强她"",""弱她""]","","","","","","","","match","","","","","","","","","ALT2","moral","","key","f","16.598969072165907","683","380","","坏她","","","","f","true","","","match","","img/hexagon.png","坏她","",""
"null","<span style='color:GreenYellow; font-size: 70px;'>正确! </span>","null","html-keyboard-response","1679","2718126","0.0-10.0-0.1-4.1-0.2-1.53","5","2","5","1","1","5","3","4","4","5","5","0","0","1","2","-2","1","1","2","5","4","5","4","2","1","2","3","4","3","4","6","4","8","3","7","6","5","7","5","5","3","3","6","2","5","2","5","5","1","2","2","5","1","1","5","5","4","6","3","1","2","2","1","1","2","6","2","1","7","1","1","1","1","1","2","1","7","1","3","799230569765543938","仲","102","Female","[""坏我"",""好我"",""好她"",""坏她""]","[""弱我"",""强我"",""强她"",""弱她""]","","","","","","","","","","","","","","","","","","feedback_test","","","","","","","","","","","","","","","","","","","","",""
"933","","j","psychophysics","1680","2720063","0.0-10.0-0.1-4.1-0.2-0.54","5","2","5","1","1","5","3","4","4","5","5","0","0","1","2","-2","1","1","2","5","4","5","4","2","1","2","3","4","3","4","6","4","8","3","7","6","5","7","5","5","3","3","6","2","5","2","5","5","1","2","2","5","1","1","5","5","4","6","3","1","2","2","1","1","2","6","2","1","7","1","1","1","1","1","2","1","7","1","3","799230569765543938","仲","102","Female","[""坏我"",""好我"",""好她"",""坏她""]","[""弱我"",""强我"",""强她"",""弱她""]","","","","","","","","nonmatch","","","","","","","","","ALT2","moral","","key","j","16.66608695652255","683","380","","好她","","","","j","true","","","nonmatch","","img/ellipse.png","好我","",""
"null","<span style='color:GreenYellow; font-size: 70px;'>正确! </span>","null","html-keyboard-response","1681","2720574","0.0-10.0-0.1-4.1-0.2-1.54","5","2","5","1","1","5","3","4","4","5","5","0","0","1","2","-2","1","1","2","5","4","5","4","2","1","2","3","4","3","4","6","4","8","3","7","6","5","7","5","5","3","3","6","2","5","2","5","5","1","2","2","5","1","1","5","5","4","6","3","1","2","2","1","1","2","6","2","1","7","1","1","1","1","1","2","1","7","1","3","799230569765543938","仲","102","Female","[""坏我"",""好我"",""好她"",""坏她""]","[""弱我"",""强我"",""强她"",""弱她""]","","","","","","","","","","","","","","","","","","feedback_test","","","","","","","","","","","","","","","","","","","","",""
"760","","j","psychophysics","1682","2722337","0.0-10.0-0.1-4.1-0.2-0.55","5","2","5","1","1","5","3","4","4","5","5","0","0","1","2","-2","1","1","2","5","4","5","4","2","1","2","3","4","3","4","6","4","8","3","7","6","5","7","5","5","3","3","6","2","5","2","5","5","1","2","2","5","1","1","5","5","4","6","3","1","2","2","1","1","2","6","2","1","7","1","1","1","1","1","2","1","7","1","3","799230569765543938","仲","102","Female","[""坏我"",""好我"",""好她"",""坏她""]","[""弱我"",""强我"",""强她"",""弱她""]","","","","","","","","nonmatch","","","","","","","","","ALT2","moral","","key","j","16.666346153844362","683","380","","坏我","","","","j","true","","","nonmatch","","img/triangle.png","好她","",""
"null","<span style='color:GreenYellow; font-size: 70px;'>正确! </span>","null","html-keyboard-response","1683","2722843","0.0-10.0-0.1-4.1-0.2-1.55","5","2","5","1","1","5","3","4","4","5","5","0","0","1","2","-2","1","1","2","5","4","5","4","2","1","2","3","4","3","4","6","4","8","3","7","6","5","7","5","5","3","3","6","2","5","2","5","5","1","2","2","5","1","1","5","5","4","6","3","1","2","2","1","1","2","6","2","1","7","1","1","1","1","1","2","1","7","1","3","799230569765543938","仲","102","Female","[""坏我"",""好我"",""好她"",""坏她""]","[""弱我"",""强我"",""强她"",""弱她""]","","","","","","","","","","","","","","","","","","feedback_test","","","","","","","","","","","","","","","","","","","","",""
"665","","f","psychophysics","1684","2724511","0.0-10.0-0.1-4.1-0.2-0.56","5","2","5","1","1","5","3","4","4","5","5","0","0","1","2","-2","1","1","2","5","4","5","4","2","1","2","3","4","3","4","6","4","8","3","7","6","5","7","5","5","3","3","6","2","5","2","5","5","1","2","2","5","1","1","5","5","4","6","3","1","2","2","1","1","2","6","2","1","7","1","1","1","1","1","2","1","7","1","3","799230569765543938","仲","102","Female","[""坏我"",""好我"",""好她"",""坏她""]","[""弱我"",""强我"",""强她"",""弱她""]","","","","","","","","match","","","","","","","","","ALT2","moral","","key","f","16.666666666666668","683","380","","坏她","","","","f","true","","","match","","img/hexagon.png","坏她","",""
"null","<span style='color:GreenYellow; font-size: 70px;'>正确! </span>","null","html-keyboard-response","1685","2725017","0.0-10.0-0.1-4.1-0.2-1.56","5","2","5","1","1","5","3","4","4","5","5","0","0","1","2","-2","1","1","2","5","4","5","4","2","1","2","3","4","3","4","6","4","8","3","7","6","5","7","5","5","3","3","6","2","5","2","5","5","1","2","2","5","1","1","5","5","4","6","3","1","2","2","1","1","2","6","2","1","7","1","1","1","1","1","2","1","7","1","3","799230569765543938","仲","102","Female","[""坏我"",""好我"",""好她"",""坏她""]","[""弱我"",""强我"",""强她"",""弱她""]","","","","","","","","","","","","","","","","","","feedback_test","","","","","","","","","","","","","","","","","","","","",""
"746","","j","psychophysics","1686","2726769","0.0-10.0-0.1-4.1-0.2-0.57","5","2","5","1","1","5","3","4","4","5","5","0","0","1","2","-2","1","1","2","5","4","5","4","2","1","2","3","4","3","4","6","4","8","3","7","6","5","7","5","5","3","3","6","2","5","2","5","5","1","2","2","5","1","1","5","5","4","6","3","1","2","2","1","1","2","6","2","1","7","1","1","1","1","1","2","1","7","1","3","799230569765543938","仲","102","Female","[""坏我"",""好我"",""好她"",""坏她""]","[""弱我"",""强我"",""强她"",""弱她""]","","","","","","","","nonmatch","","","","","","","","","ALT2","moral","","key","j","16.665384615381928","683","380","","好我","","","","j","true","","","nonmatch","","img/triangle.png","好她","",""
"null","<span style='color:GreenYellow; font-size: 70px;'>正确! </span>","null","html-keyboard-response","1687","2727272","0.0-10.0-0.1-4.1-0.2-1.57","5","2","5","1","1","5","3","4","4","5","5","0","0","1","2","-2","1","1","2","5","4","5","4","2","1","2","3","4","3","4","6","4","8","3","7","6","5","7","5","5","3","3","6","2","5","2","5","5","1","2","2","5","1","1","5","5","4","6","3","1","2","2","1","1","2","6","2","1","7","1","1","1","1","1","2","1","7","1","3","799230569765543938","仲","102","Female","[""坏我"",""好我"",""好她"",""坏她""]","[""弱我"",""强我"",""强她"",""弱她""]","","","","","","","","","","","","","","","","","","feedback_test","","","","","","","","","","","","","","","","","","","","",""
"655","","f","psychophysics","1688","2728930","0.0-10.0-0.1-4.1-0.2-0.58","5","2","5","1","1","5","3","4","4","5","5","0","0","1","2","-2","1","1","2","5","4","5","4","2","1","2","3","4","3","4","6","4","8","3","7","6","5","7","5","5","3","3","6","2","5","2","5","5","1","2","2","5","1","1","5","5","4","6","3","1","2","2","1","1","2","6","2","1","7","1","1","1","1","1","2","1","7","1","3","799230569765543938","仲","102","Female","[""坏我"",""好我"",""好她"",""坏她""]","[""弱我"",""强我"",""强她"",""弱她""]","","","","","","","","match","","","","","","","","","ALT2","moral","","key","f","16.664285714281913","683","380","","好我","","","","f","true","","","match","","img/ellipse.png","好我","",""
"null","<span style='color:GreenYellow; font-size: 70px;'>正确! </span>","null","html-keyboard-response","1689","2729433","0.0-10.0-0.1-4.1-0.2-1.58","5","2","5","1","1","5","3","4","4","5","5","0","0","1","2","-2","1","1","2","5","4","5","4","2","1","2","3","4","3","4","6","4","8","3","7","6","5","7","5","5","3","3","6","2","5","2","5","5","1","2","2","5","1","1","5","5","4","6","3","1","2","2","1","1","2","6","2","1","7","1","1","1","1","1","2","1","7","1","3","799230569765543938","仲","102","Female","[""坏我"",""好我"",""好她"",""坏她""]","[""弱我"",""强我"",""强她"",""弱她""]","","","","","","","","","","","","","","","","","","feedback_test","","","","","","","","","","","","","","","","","","","","",""
"794","","j","psychophysics","1690","2731231","0.0-10.0-0.1-4.1-0.2-0.59","5","2","5","1","1","5","3","4","4","5","5","0","0","1","2","-2","1","1","2","5","4","5","4","2","1","2","3","4","3","4","6","4","8","3","7","6","5","7","5","5","3","3","6","2","5","2","5","5","1","2","2","5","1","1","5","5","4","6","3","1","2","2","1","1","2","6","2","1","7","1","1","1","1","1","2","1","7","1","3","799230569765543938","仲","102","Female","[""坏我"",""好我"",""好她"",""坏她""]","[""弱我"",""强我"",""强她"",""弱她""]","","","","","","","","nonmatch","","","","","","","","","ALT2","moral","","key","j","16.666355140189527","683","380","","好她","","","","j","true","","","nonmatch","","img/hexagon.png","坏她","",""
"null","<span style='color:GreenYellow; font-size: 70px;'>正确! </span>","null","html-keyboard-response","1691","2731736","0.0-10.0-0.1-4.1-0.2-1.59","5","2","5","1","1","5","3","4","4","5","5","0","0","1","2","-2","1","1","2","5","4","5","4","2","1","2","3","4","3","4","6","4","8","3","7","6","5","7","5","5","3","3","6","2","5","2","5","5","1","2","2","5","1","1","5","5","4","6","3","1","2","2","1","1","2","6","2","1","7","1","1","1","1","1","2","1","7","1","3","799230569765543938","仲","102","Female","[""坏我"",""好我"",""好她"",""坏她""]","[""弱我"",""强我"",""强她"",""弱她""]","","","","","","","","","","","","","","","","","","feedback_test","","","","","","","","","","","","","","","","","","","","",""
"720","","j","psychophysics","1692","2733461","0.0-10.0-0.1-4.1-0.2-0.60","5","2","5","1","1","5","3","4","4","5","5","0","0","1","2","-2","1","1","2","5","4","5","4","2","1","2","3","4","3","4","6","4","8","3","7","6","5","7","5","5","3","3","6","2","5","2","5","5","1","2","2","5","1","1","5","5","4","6","3","1","2","2","1","1","2","6","2","1","7","1","1","1","1","1","2","1","7","1","3","799230569765543938","仲","102","Female","[""坏我"",""好我"",""好她"",""坏她""]","[""弱我"",""强我"",""强她"",""弱她""]","","","","","","","","nonmatch","","","","","","","","","ALT2","moral","","key","j","16.66407766990201","683","380","","好她","","","","j","true","","","nonmatch","","img/square.png","坏我","",""
"null","<span style='color:GreenYellow; font-size: 70px;'>正确! </span>","null","html-keyboard-response","1693","2733967","0.0-10.0-0.1-4.1-0.2-1.60","5","2","5","1","1","5","3","4","4","5","5","0","0","1","2","-2","1","1","2","5","4","5","4","2","1","2","3","4","3","4","6","4","8","3","7","6","5","7","5","5","3","3","6","2","5","2","5","5","1","2","2","5","1","1","5","5","4","6","3","1","2","2","1","1","2","6","2","1","7","1","1","1","1","1","2","1","7","1","3","799230569765543938","仲","102","Female","[""坏我"",""好我"",""好她"",""坏她""]","[""弱我"",""强我"",""强她"",""弱她""]","","","","","","","","","","","","","","","","","","feedback_test","","","","","","","","","","","","","","","","","","","","",""
"716","","j","psychophysics","1694","2735688","0.0-10.0-0.1-4.1-0.2-0.61","5","2","5","1","1","5","3","4","4","5","5","0","0","1","2","-2","1","1","2","5","4","5","4","2","1","2","3","4","3","4","6","4","8","3","7","6","5","7","5","5","3","3","6","2","5","2","5","5","1","2","2","5","1","1","5","5","4","6","3","1","2","2","1","1","2","6","2","1","7","1","1","1","1","1","2","1","7","1","3","799230569765543938","仲","102","Female","[""坏我"",""好我"",""好她"",""坏她""]","[""弱我"",""强我"",""强她"",""弱她""]","","","","","","","","nonmatch","","","","","","","","","ALT2","moral","","key","j","16.667647058824443","683","380","","坏她","","","","j","true","","","nonmatch","","img/triangle.png","好她","",""
"null","<span style='color:GreenYellow; font-size: 70px;'>正确! </span>","null","html-keyboard-response","1695","2736192","0.0-10.0-0.1-4.1-0.2-1.61","5","2","5","1","1","5","3","4","4","5","5","0","0","1","2","-2","1","1","2","5","4","5","4","2","1","2","3","4","3","4","6","4","8","3","7","6","5","7","5","5","3","3","6","2","5","2","5","5","1","2","2","5","1","1","5","5","4","6","3","1","2","2","1","1","2","6","2","1","7","1","1","1","1","1","2","1","7","1","3","799230569765543938","仲","102","Female","[""坏我"",""好我"",""好她"",""坏她""]","[""弱我"",""强我"",""强她"",""弱她""]","","","","","","","","","","","","","","","","","","feedback_test","","","","","","","","","","","","","","","","","","","","",""
"701","","j","psychophysics","1696","2737902","0.0-10.0-0.1-4.1-0.2-0.62","5","2","5","1","1","5","3","4","4","5","5","0","0","1","2","-2","1","1","2","5","4","5","4","2","1","2","3","4","3","4","6","4","8","3","7","6","5","7","5","5","3","3","6","2","5","2","5","5","1","2","2","5","1","1","5","5","4","6","3","1","2","2","1","1","2","6","2","1","7","1","1","1","1","1","2","1","7","1","3","799230569765543938","仲","102","Female","[""坏我"",""好我"",""好她"",""坏她""]","[""弱我"",""强我"",""强她"",""弱她""]","","","","","","","","nonmatch","","","","","","","","","ALT2","moral","","key","j","16.6653465346507","683","380","","好我","","","","j","true","","","nonmatch","","img/hexagon.png","坏她","",""
"null","<span style='color:GreenYellow; font-size: 70px;'>正确! </span>","null","html-keyboard-response","1697","2738410","0.0-10.0-0.1-4.1-0.2-1.62","5","2","5","1","1","5","3","4","4","5","5","0","0","1","2","-2","1","1","2","5","4","5","4","2","1","2","3","4","3","4","6","4","8","3","7","6","5","7","5","5","3","3","6","2","5","2","5","5","1","2","2","5","1","1","5","5","4","6","3","1","2","2","1","1","2","6","2","1","7","1","1","1","1","1","2","1","7","1","3","799230569765543938","仲","102","Female","[""坏我"",""好我"",""好她"",""坏她""]","[""弱我"",""强我"",""强她"",""弱她""]","","","","","","","","","","","","","","","","","","feedback_test","","","","","","","","","","","","","","","","","","","","",""
"785","","f","psychophysics","1698","2740201","0.0-10.0-0.1-4.1-0.2-0.63","5","2","5","1","1","5","3","4","4","5","5","0","0","1","2","-2","1","1","2","5","4","5","4","2","1","2","3","4","3","4","6","4","8","3","7","6","5","7","5","5","3","3","6","2","5","2","5","5","1","2","2","5","1","1","5","5","4","6","3","1","2","2","1","1","2","6","2","1","7","1","1","1","1","1","2","1","7","1","3","799230569765543938","仲","102","Female","[""坏我"",""好我"",""好她"",""坏她""]","[""弱我"",""强我"",""强她"",""弱她""]","","","","","","","","match","","","","","","","","","ALT2","moral","","key","f","16.66415094339535","683","380","","坏她","","","","f","true","","","match","","img/hexagon.png","坏她","",""
"null","<span style='color:GreenYellow; font-size: 70px;'>正确! </span>","null","html-keyboard-response","1699","2740703","0.0-10.0-0.1-4.1-0.2-1.63","5","2","5","1","1","5","3","4","4","5","5","0","0","1","2","-2","1","1","2","5","4","5","4","2","1","2","3","4","3","4","6","4","8","3","7","6","5","7","5","5","3","3","6","2","5","2","5","5","1","2","2","5","1","1","5","5","4","6","3","1","2","2","1","1","2","6","2","1","7","1","1","1","1","1","2","1","7","1","3","799230569765543938","仲","102","Female","[""坏我"",""好我"",""好她"",""坏她""]","[""弱我"",""强我"",""强她"",""弱她""]","","","","","","","","","","","","","","","","","","feedback_test","","","","","","","","","","","","","","","","","","","","",""
"565","","f","psychophysics","1700","2742272","0.0-10.0-0.1-4.1-0.2-0.64","5","2","5","1","1","5","3","4","4","5","5","0","0","1","2","-2","1","1","2","5","4","5","4","2","1","2","3","4","3","4","6","4","8","3","7","6","5","7","5","5","3","3","6","2","5","2","5","5","1","2","2","5","1","1","5","5","4","6","3","1","2","2","1","1","2","6","2","1","7","1","1","1","1","1","2","1","7","1","3","799230569765543938","仲","102","Female","[""坏我"",""好我"",""好她"",""坏她""]","[""弱我"",""强我"",""强她"",""弱她""]","","","","","","","","match","","","","","","","","","ALT2","moral","","key","f","16.664516129030254","683","380","","好我","","","","f","true","","","match","","img/ellipse.png","好我","",""
"null","<span style='color:GreenYellow; font-size: 70px;'>正确! </span>","null","html-keyboard-response","1701","2742780","0.0-10.0-0.1-4.1-0.2-1.64","5","2","5","1","1","5","3","4","4","5","5","0","0","1","2","-2","1","1","2","5","4","5","4","2","1","2","3","4","3","4","6","4","8","3","7","6","5","7","5","5","3","3","6","2","5","2","5","5","1","2","2","5","1","1","5","5","4","6","3","1","2","2","1","1","2","6","2","1","7","1","1","1","1","1","2","1","7","1","3","799230569765543938","仲","102","Female","[""坏我"",""好我"",""好她"",""坏她""]","[""弱我"",""强我"",""强她"",""弱她""]","","","","","","","","","","","","","","","","","","feedback_test","","","","","","","","","","","","","","","","","","","","",""
"736","","j","psychophysics","1702","2744521","0.0-10.0-0.1-4.1-0.2-0.65","5","2","5","1","1","5","3","4","4","5","5","0","0","1","2","-2","1","1","2","5","4","5","4","2","1","2","3","4","3","4","6","4","8","3","7","6","5","7","5","5","3","3","6","2","5","2","5","5","1","2","2","5","1","1","5","5","4","6","3","1","2","2","1","1","2","6","2","1","7","1","1","1","1","1","2","1","7","1","3","799230569765543938","仲","102","Female","[""坏我"",""好我"",""好她"",""坏她""]","[""弱我"",""强我"",""强她"",""弱她""]","","","","","","","","nonmatch","","","","","","","","","ALT2","moral","","key","j","16.66470588235568","683","380","","坏她","","","","j","true","","","nonmatch","","img/square.png","坏我","",""
"null","<span style='color:GreenYellow; font-size: 70px;'>正确! </span>","null","html-keyboard-response","1703","2745024","0.0-10.0-0.1-4.1-0.2-1.65","5","2","5","1","1","5","3","4","4","5","5","0","0","1","2","-2","1","1","2","5","4","5","4","2","1","2","3","4","3","4","6","4","8","3","7","6","5","7","5","5","3","3","6","2","5","2","5","5","1","2","2","5","1","1","5","5","4","6","3","1","2","2","1","1","2","6","2","1","7","1","1","1","1","1","2","1","7","1","3","799230569765543938","仲","102","Female","[""坏我"",""好我"",""好她"",""坏她""]","[""弱我"",""强我"",""强她"",""弱她""]","","","","","","","","","","","","","","","","","","feedback_test","","","","","","","","","","","","","","","","","","","","",""
"769","","j","psychophysics","1704","2746803","0.0-10.0-0.1-4.1-0.2-0.66","5","2","5","1","1","5","3","4","4","5","5","0","0","1","2","-2","1","1","2","5","4","5","4","2","1","2","3","4","3","4","6","4","8","3","7","6","5","7","5","5","3","3","6","2","5","2","5","5","1","2","2","5","1","1","5","5","4","6","3","1","2","2","1","1","2","6","2","1","7","1","1","1","1","1","2","1","7","1","3","799230569765543938","仲","102","Female","[""坏我"",""好我"",""好她"",""坏她""]","[""弱我"",""强我"",""强她"",""弱她""]","","","","","","","","nonmatch","","","","","","","","","ALT2","moral","","key","j","16.6657142857134","683","380","","坏我","","","","j","true","","","nonmatch","","img/hexagon.png","坏她","",""
"null","<span style='color:GreenYellow; font-size: 70px;'>正确! </span>","null","html-keyboard-response","1705","2747306","0.0-10.0-0.1-4.1-0.2-1.66","5","2","5","1","1","5","3","4","4","5","5","0","0","1","2","-2","1","1","2","5","4","5","4","2","1","2","3","4","3","4","6","4","8","3","7","6","5","7","5","5","3","3","6","2","5","2","5","5","1","2","2","5","1","1","5","5","4","6","3","1","2","2","1","1","2","6","2","1","7","1","1","1","1","1","2","1","7","1","3","799230569765543938","仲","102","Female","[""坏我"",""好我"",""好她"",""坏她""]","[""弱我"",""强我"",""强她"",""弱她""]","","","","","","","","","","","","","","","","","","feedback_test","","","","","","","","","","","","","","","","","","","","",""
"621","","f","psychophysics","1706","2748936","0.0-10.0-0.1-4.1-0.2-0.67","5","2","5","1","1","5","3","4","4","5","5","0","0","1","2","-2","1","1","2","5","4","5","4","2","1","2","3","4","3","4","6","4","8","3","7","6","5","7","5","5","3","3","6","2","5","2","5","5","1","2","2","5","1","1","5","5","4","6","3","1","2","2","1","1","2","6","2","1","7","1","1","1","1","1","2","1","7","1","3","799230569765543938","仲","102","Female","[""坏我"",""好我"",""好她"",""坏她""]","[""弱我"",""强我"",""强她"",""弱她""]","","","","","","","","match","","","","","","","","","ALT2","moral","","key","f","16.664583333336243","683","380","","好我","","","","f","true","","","match","","img/ellipse.png","好我","",""
"null","<span style='color:GreenYellow; font-size: 70px;'>正确! </span>","null","html-keyboard-response","1707","2749442","0.0-10.0-0.1-4.1-0.2-1.67","5","2","5","1","1","5","3","4","4","5","5","0","0","1","2","-2","1","1","2","5","4","5","4","2","1","2","3","4","3","4","6","4","8","3","7","6","5","7","5","5","3","3","6","2","5","2","5","5","1","2","2","5","1","1","5","5","4","6","3","1","2","2","1","1","2","6","2","1","7","1","1","1","1","1","2","1","7","1","3","799230569765543938","仲","102","Female","[""坏我"",""好我"",""好她"",""坏她""]","[""弱我"",""强我"",""强她"",""弱她""]","","","","","","","","","","","","","","","","","","feedback_test","","","","","","","","","","","","","","","","","","","","",""
"683","","j","psychophysics","1708","2751133","0.0-10.0-0.1-4.1-0.2-0.68","5","2","5","1","1","5","3","4","4","5","5","0","0","1","2","-2","1","1","2","5","4","5","4","2","1","2","3","4","3","4","6","4","8","3","7","6","5","7","5","5","3","3","6","2","5","2","5","5","1","2","2","5","1","1","5","5","4","6","3","1","2","2","1","1","2","6","2","1","7","1","1","1","1","1","2","1","7","1","3","799230569765543938","仲","102","Female","[""坏我"",""好我"",""好她"",""坏她""]","[""弱我"",""强我"",""强她"",""弱她""]","","","","","","","","nonmatch","","","","","","","","","ALT2","moral","","key","j","16.66600000000093","683","380","","好我","","","","j","true","","","nonmatch","","img/square.png","坏我","",""
"null","<span style='color:GreenYellow; font-size: 70px;'>正确! </span>","null","html-keyboard-response","1709","2751639","0.0-10.0-0.1-4.1-0.2-1.68","5","2","5","1","1","5","3","4","4","5","5","0","0","1","2","-2","1","1","2","5","4","5","4","2","1","2","3","4","3","4","6","4","8","3","7","6","5","7","5","5","3","3","6","2","5","2","5","5","1","2","2","5","1","1","5","5","4","6","3","1","2","2","1","1","2","6","2","1","7","1","1","1","1","1","2","1","7","1","3","799230569765543938","仲","102","Female","[""坏我"",""好我"",""好她"",""坏她""]","[""弱我"",""强我"",""强她"",""弱她""]","","","","","","","","","","","","","","","","","","feedback_test","","","","","","","","","","","","","","","","","","","","",""
"630","","f","psychophysics","1710","2753270","0.0-10.0-0.1-4.1-0.2-0.69","5","2","5","1","1","5","3","4","4","5","5","0","0","1","2","-2","1","1","2","5","4","5","4","2","1","2","3","4","3","4","6","4","8","3","7","6","5","7","5","5","3","3","6","2","5","2","5","5","1","2","2","5","1","1","5","5","4","6","3","1","2","2","1","1","2","6","2","1","7","1","1","1","1","1","2","1","7","1","3","799230569765543938","仲","102","Female","[""坏我"",""好我"",""好她"",""坏她""]","[""弱我"",""强我"",""强她"",""弱她""]","","","","","","","","match","","","","","","","","","ALT2","moral","","key","f","16.597916666665697","683","380","","坏我","","","","f","true","","","match","","img/square.png","坏我","",""
"null","<span style='color:GreenYellow; font-size: 70px;'>正确! </span>","null","html-keyboard-response","1711","2753778","0.0-10.0-0.1-4.1-0.2-1.69","5","2","5","1","1","5","3","4","4","5","5","0","0","1","2","-2","1","1","2","5","4","5","4","2","1","2","3","4","3","4","6","4","8","3","7","6","5","7","5","5","3","3","6","2","5","2","5","5","1","2","2","5","1","1","5","5","4","6","3","1","2","2","1","1","2","6","2","1","7","1","1","1","1","1","2","1","7","1","3","799230569765543938","仲","102","Female","[""坏我"",""好我"",""好她"",""坏她""]","[""弱我"",""强我"",""强她"",""弱她""]","","","","","","","","","","","","","","","","","","feedback_test","","","","","","","","","","","","","","","","","","","","",""
"665","","f","psychophysics","1712","2755444","0.0-10.0-0.1-4.1-0.2-0.70","5","2","5","1","1","5","3","4","4","5","5","0","0","1","2","-2","1","1","2","5","4","5","4","2","1","2","3","4","3","4","6","4","8","3","7","6","5","7","5","5","3","3","6","2","5","2","5","5","1","2","2","5","1","1","5","5","4","6","3","1","2","2","1","1","2","6","2","1","7","1","1","1","1","1","2","1","7","1","3","799230569765543938","仲","102","Female","[""坏我"",""好我"",""好她"",""坏她""]","[""弱我"",""强我"",""强她"",""弱她""]","","","","","","","","match","","","","","","","","","ALT2","moral","","key","f","16.664646464644584","683","380","","好她","","","","f","true","","","match","","img/triangle.png","好她","",""
"null","<span style='color:GreenYellow; font-size: 70px;'>正确! </span>","null","html-keyboard-response","1713","2755952","0.0-10.0-0.1-4.1-0.2-1.70","5","2","5","1","1","5","3","4","4","5","5","0","0","1","2","-2","1","1","2","5","4","5","4","2","1","2","3","4","3","4","6","4","8","3","7","6","5","7","5","5","3","3","6","2","5","2","5","5","1","2","2","5","1","1","5","5","4","6","3","1","2","2","1","1","2","6","2","1","7","1","1","1","1","1","2","1","7","1","3","799230569765543938","仲","102","Female","[""坏我"",""好我"",""好她"",""坏她""]","[""弱我"",""强我"",""强她"",""弱她""]","","","","","","","","","","","","","","","","","","feedback_test","","","","","","","","","","","","","","","","","","","","",""
"649","","f","psychophysics","1714","2757605","0.0-10.0-0.1-4.1-0.2-0.71","5","2","5","1","1","5","3","4","4","5","5","0","0","1","2","-2","1","1","2","5","4","5","4","2","1","2","3","4","3","4","6","4","8","3","7","6","5","7","5","5","3","3","6","2","5","2","5","5","1","2","2","5","1","1","5","5","4","6","3","1","2","2","1","1","2","6","2","1","7","1","1","1","1","1","2","1","7","1","3","799230569765543938","仲","102","Female","[""坏我"",""好我"",""好她"",""坏她""]","[""弱我"",""强我"",""强她"",""弱她""]","","","","","","","","match","","","","","","","","","ALT2","moral","","key","f","16.66530612245088","683","380","","坏我","","","","f","true","","","match","","img/square.png","坏我","",""
"null","<span style='color:GreenYellow; font-size: 70px;'>正确! </span>","null","html-keyboard-response","1715","2758110","0.0-10.0-0.1-4.1-0.2-1.71","5","2","5","1","1","5","3","4","4","5","5","0","0","1","2","-2","1","1","2","5","4","5","4","2","1","2","3","4","3","4","6","4","8","3","7","6","5","7","5","5","3","3","6","2","5","2","5","5","1","2","2","5","1","1","5","5","4","6","3","1","2","2","1","1","2","6","2","1","7","1","1","1","1","1","2","1","7","1","3","799230569765543938","仲","102","Female","[""坏我"",""好我"",""好她"",""坏她""]","[""弱我"",""强我"",""强她"",""弱她""]","","","","","","","","","","","","","","","","","","feedback_test","","","","","","","","","","","","","","","","","","","","",""
"813","","f","psychophysics","1716","2759927","0.0-10.0-0.1-4.1-0.2-0.72","5","2","5","1","1","5","3","4","4","5","5","0","0","1","2","-2","1","1","2","5","4","5","4","2","1","2","3","4","3","4","6","4","8","3","7","6","5","7","5","5","3","3","6","2","5","2","5","5","1","2","2","5","1","1","5","5","4","6","3","1","2","2","1","1","2","6","2","1","7","1","1","1","1","1","2","1","7","1","3","799230569765543938","仲","102","Female","[""坏我"",""好我"",""好她"",""坏她""]","[""弱我"",""强我"",""强她"",""弱她""]","","","","","","","","match","","","","","","","","","ALT2","moral","","key","f","16.666355140189527","683","380","","坏我","","","","f","true","","","match","","img/square.png","坏我","",""
"null","<span style='color:GreenYellow; font-size: 70px;'>正确! </span>","null","html-keyboard-response","1717","2760436","0.0-10.0-0.1-4.1-0.2-1.72","5","2","5","1","1","5","3","4","4","5","5","0","0","1","2","-2","1","1","2","5","4","5","4","2","1","2","3","4","3","4","6","4","8","3","7","6","5","7","5","5","3","3","6","2","5","2","5","5","1","2","2","5","1","1","5","5","4","6","3","1","2","2","1","1","2","6","2","1","7","1","1","1","1","1","2","1","7","1","3","799230569765543938","仲","102","Female","[""坏我"",""好我"",""好她"",""坏她""]","[""弱我"",""强我"",""强她"",""弱她""]","","","","","","","","","","","","","","","","","","feedback_test","","","","","","","","","","","","","","","","","","","","",""
"678","","j","psychophysics","1718","2762118","0.0-10.0-0.1-4.1-0.2-0.73","5","2","5","1","1","5","3","4","4","5","5","0","0","1","2","-2","1","1","2","5","4","5","4","2","1","2","3","4","3","4","6","4","8","3","7","6","5","7","5","5","3","3","6","2","5","2","5","5","1","2","2","5","1","1","5","5","4","6","3","1","2","2","1","1","2","6","2","1","7","1","1","1","1","1","2","1","7","1","3","799230569765543938","仲","102","Female","[""坏我"",""好我"",""好她"",""坏她""]","[""弱我"",""强我"",""强她"",""弱她""]","","","","","","","","nonmatch","","","","","","","","","ALT2","moral","","key","j","16.663999999999067","683","380","","坏她","","","","j","true","","","nonmatch","","img/square.png","坏我","",""
"null","<span style='color:GreenYellow; font-size: 70px;'>正确! </span>","null","html-keyboard-response","1719","2762624","0.0-10.0-0.1-4.1-0.2-1.73","5","2","5","1","1","5","3","4","4","5","5","0","0","1","2","-2","1","1","2","5","4","5","4","2","1","2","3","4","3","4","6","4","8","3","7","6","5","7","5","5","3","3","6","2","5","2","5","5","1","2","2","5","1","1","5","5","4","6","3","1","2","2","1","1","2","6","2","1","7","1","1","1","1","1","2","1","7","1","3","799230569765543938","仲","102","Female","[""坏我"",""好我"",""好她"",""坏她""]","[""弱我"",""强我"",""强她"",""弱她""]","","","","","","","","","","","","","","","","","","feedback_test","","","","","","","","","","","","","","","","","","","","",""
"572","","f","psychophysics","1720","2764202","0.0-10.0-0.1-4.1-0.2-0.74","5","2","5","1","1","5","3","4","4","5","5","0","0","1","2","-2","1","1","2","5","4","5","4","2","1","2","3","4","3","4","6","4","8","3","7","6","5","7","5","5","3","3","6","2","5","2","5","5","1","2","2","5","1","1","5","5","4","6","3","1","2","2","1","1","2","6","2","1","7","1","1","1","1","1","2","1","7","1","3","799230569765543938","仲","102","Female","[""坏我"",""好我"",""好她"",""坏她""]","[""弱我"",""强我"",""强她"",""弱她""]","","","","","","","","match","","","","","","","","","ALT2","moral","","key","f","16.666666666666668","683","380","","好我","","","","f","true","","","match","","img/ellipse.png","好我","",""
"null","<span style='color:GreenYellow; font-size: 70px;'>正确! </span>","null","html-keyboard-response","1721","2764704","0.0-10.0-0.1-4.1-0.2-1.74","5","2","5","1","1","5","3","4","4","5","5","0","0","1","2","-2","1","1","2","5","4","5","4","2","1","2","3","4","3","4","6","4","8","3","7","6","5","7","5","5","3","3","6","2","5","2","5","5","1","2","2","5","1","1","5","5","4","6","3","1","2","2","1","1","2","6","2","1","7","1","1","1","1","1","2","1","7","1","3","799230569765543938","仲","102","Female","[""坏我"",""好我"",""好她"",""坏她""]","[""弱我"",""强我"",""强她"",""弱她""]","","","","","","","","","","","","","","","","","","feedback_test","","","","","","","","","","","","","","","","","","","","",""
"680","","j","psychophysics","1722","2766387","0.0-10.0-0.1-4.1-0.2-0.75","5","2","5","1","1","5","3","4","4","5","5","0","0","1","2","-2","1","1","2","5","4","5","4","2","1","2","3","4","3","4","6","4","8","3","7","6","5","7","5","5","3","3","6","2","5","2","5","5","1","2","2","5","1","1","5","5","4","6","3","1","2","2","1","1","2","6","2","1","7","1","1","1","1","1","2","1","7","1","3","799230569765543938","仲","102","Female","[""坏我"",""好我"",""好她"",""坏她""]","[""弱我"",""强我"",""强她"",""弱她""]","","","","","","","","nonmatch","","","","","","","","","ALT2","moral","","key","j","16.604040404043225","683","380","","坏她","","","","j","true","","","nonmatch","","img/ellipse.png","好我","",""
"null","<span style='color:GreenYellow; font-size: 70px;'>正确! </span>","null","html-keyboard-response","1723","2766893","0.0-10.0-0.1-4.1-0.2-1.75","5","2","5","1","1","5","3","4","4","5","5","0","0","1","2","-2","1","1","2","5","4","5","4","2","1","2","3","4","3","4","6","4","8","3","7","6","5","7","5","5","3","3","6","2","5","2","5","5","1","2","2","5","1","1","5","5","4","6","3","1","2","2","1","1","2","6","2","1","7","1","1","1","1","1","2","1","7","1","3","799230569765543938","仲","102","Female","[""坏我"",""好我"",""好她"",""坏她""]","[""弱我"",""强我"",""强她"",""弱她""]","","","","","","","","","","","","","","","","","","feedback_test","","","","","","","","","","","","","","","","","","","","",""
"884","","j","psychophysics","1724","2768786","0.0-10.0-0.1-4.1-0.2-0.76","5","2","5","1","1","5","3","4","4","5","5","0","0","1","2","-2","1","1","2","5","4","5","4","2","1","2","3","4","3","4","6","4","8","3","7","6","5","7","5","5","3","3","6","2","5","2","5","5","1","2","2","5","1","1","5","5","4","6","3","1","2","2","1","1","2","6","2","1","7","1","1","1","1","1","2","1","7","1","3","799230569765543938","仲","102","Female","[""坏我"",""好我"",""好她"",""坏她""]","[""弱我"",""强我"",""强她"",""弱她""]","","","","","","","","nonmatch","","","","","","","","","ALT2","moral","","key","j","16.665178571428573","683","380","","好她","","","","j","true","","","nonmatch","","img/square.png","坏我","",""
"null","<span style='color:GreenYellow; font-size: 70px;'>正确! </span>","null","html-keyboard-response","1725","2769289","0.0-10.0-0.1-4.1-0.2-1.76","5","2","5","1","1","5","3","4","4","5","5","0","0","1","2","-2","1","1","2","5","4","5","4","2","1","2","3","4","3","4","6","4","8","3","7","6","5","7","5","5","3","3","6","2","5","2","5","5","1","2","2","5","1","1","5","5","4","6","3","1","2","2","1","1","2","6","2","1","7","1","1","1","1","1","2","1","7","1","3","799230569765543938","仲","102","Female","[""坏我"",""好我"",""好她"",""坏她""]","[""弱我"",""强我"",""强她"",""弱她""]","","","","","","","","","","","","","","","","","","feedback_test","","","","","","","","","","","","","","","","","","","","",""
"814","","j","psychophysics","1726","2771109","0.0-10.0-0.1-4.1-0.2-0.77","5","2","5","1","1","5","3","4","4","5","5","0","0","1","2","-2","1","1","2","5","4","5","4","2","1","2","3","4","3","4","6","4","8","3","7","6","5","7","5","5","3","3","6","2","5","2","5","5","1","2","2","5","1","1","5","5","4","6","3","1","2","2","1","1","2","6","2","1","7","1","1","1","1","1","2","1","7","1","3","799230569765543938","仲","102","Female","[""坏我"",""好我"",""好她"",""坏她""]","[""弱我"",""强我"",""强她"",""弱她""]","","","","","","","","nonmatch","","","","","","","","","ALT2","moral","","key","j","16.666666666666668","683","380","","好她","","","","j","true","","","nonmatch","","img/hexagon.png","坏她","",""
"null","<span style='color:GreenYellow; font-size: 70px;'>正确! </span>","null","html-keyboard-response","1727","2771610","0.0-10.0-0.1-4.1-0.2-1.77","5","2","5","1","1","5","3","4","4","5","5","0","0","1","2","-2","1","1","2","5","4","5","4","2","1","2","3","4","3","4","6","4","8","3","7","6","5","7","5","5","3","3","6","2","5","2","5","5","1","2","2","5","1","1","5","5","4","6","3","1","2","2","1","1","2","6","2","1","7","1","1","1","1","1","2","1","7","1","3","799230569765543938","仲","102","Female","[""坏我"",""好我"",""好她"",""坏她""]","[""弱我"",""强我"",""强她"",""弱她""]","","","","","","","","","","","","","","","","","","feedback_test","","","","","","","","","","","","","","","","","","","","",""
"725","","j","psychophysics","1728","2773343","0.0-10.0-0.1-4.1-0.2-0.78","5","2","5","1","1","5","3","4","4","5","5","0","0","1","2","-2","1","1","2","5","4","5","4","2","1","2","3","4","3","4","6","4","8","3","7","6","5","7","5","5","3","3","6","2","5","2","5","5","1","2","2","5","1","1","5","5","4","6","3","1","2","2","1","1","2","6","2","1","7","1","1","1","1","1","2","1","7","1","3","799230569765543938","仲","102","Female","[""坏我"",""好我"",""好她"",""坏她""]","[""弱我"",""强我"",""强她"",""弱她""]","","","","","","","","nonmatch","","","","","","","","","ALT2","moral","","key","j","16.66601941747211","683","380","","坏我","","","","j","true","","","nonmatch","","img/hexagon.png","坏她","",""
"null","<span style='color:GreenYellow; font-size: 70px;'>正确! </span>","null","html-keyboard-response","1729","2773848","0.0-10.0-0.1-4.1-0.2-1.78","5","2","5","1","1","5","3","4","4","5","5","0","0","1","2","-2","1","1","2","5","4","5","4","2","1","2","3","4","3","4","6","4","8","3","7","6","5","7","5","5","3","3","6","2","5","2","5","5","1","2","2","5","1","1","5","5","4","6","3","1","2","2","1","1","2","6","2","1","7","1","1","1","1","1","2","1","7","1","3","799230569765543938","仲","102","Female","[""坏我"",""好我"",""好她"",""坏她""]","[""弱我"",""强我"",""强她"",""弱她""]","","","","","","","","","","","","","","","","","","feedback_test","","","","","","","","","","","","","","","","","","","","",""
"589","","f","psychophysics","1730","2775444","0.0-10.0-0.1-4.1-0.2-0.79","5","2","5","1","1","5","3","4","4","5","5","0","0","1","2","-2","1","1","2","5","4","5","4","2","1","2","3","4","3","4","6","4","8","3","7","6","5","7","5","5","3","3","6","2","5","2","5","5","1","2","2","5","1","1","5","5","4","6","3","1","2","2","1","1","2","6","2","1","7","1","1","1","1","1","2","1","7","1","3","799230569765543938","仲","102","Female","[""坏我"",""好我"",""好她"",""坏她""]","[""弱我"",""强我"",""强她"",""弱她""]","","","","","","","","match","","","","","","","","","ALT2","moral","","key","f","16.665263157896696","683","380","","好我","","","","f","true","","","match","","img/ellipse.png","好我","",""
"null","<span style='color:GreenYellow; font-size: 70px;'>正确! </span>","null","html-keyboard-response","1731","2775950","0.0-10.0-0.1-4.1-0.2-1.79","5","2","5","1","1","5","3","4","4","5","5","0","0","1","2","-2","1","1","2","5","4","5","4","2","1","2","3","4","3","4","6","4","8","3","7","6","5","7","5","5","3","3","6","2","5","2","5","5","1","2","2","5","1","1","5","5","4","6","3","1","2","2","1","1","2","6","2","1","7","1","1","1","1","1","2","1","7","1","3","799230569765543938","仲","102","Female","[""坏我"",""好我"",""好她"",""坏她""]","[""弱我"",""强我"",""强她"",""弱她""]","","","","","","","","","","","","","","","","","","feedback_test","","","","","","","","","","","","","","","","","","","","",""
"730","","j","psychophysics","1732","2777685","0.0-10.0-0.1-4.1-0.2-0.80","5","2","5","1","1","5","3","4","4","5","5","0","0","1","2","-2","1","1","2","5","4","5","4","2","1","2","3","4","3","4","6","4","8","3","7","6","5","7","5","5","3","3","6","2","5","2","5","5","1","2","2","5","1","1","5","5","4","6","3","1","2","2","1","1","2","6","2","1","7","1","1","1","1","1","2","1","7","1","3","799230569765543938","仲","102","Female","[""坏我"",""好我"",""好她"",""坏她""]","[""弱我"",""强我"",""强她"",""弱她""]","","","","","","","","nonmatch","","","","","","","","","ALT2","moral","","key","j","16.66504854368932","683","380","","坏她","","","","j","true","","","nonmatch","","img/triangle.png","好她","",""
"null","<span style='color:GreenYellow; font-size: 70px;'>正确! </span>","null","html-keyboard-response","1733","2778193","0.0-10.0-0.1-4.1-0.2-1.80","5","2","5","1","1","5","3","4","4","5","5","0","0","1","2","-2","1","1","2","5","4","5","4","2","1","2","3","4","3","4","6","4","8","3","7","6","5","7","5","5","3","3","6","2","5","2","5","5","1","2","2","5","1","1","5","5","4","6","3","1","2","2","1","1","2","6","2","1","7","1","1","1","1","1","2","1","7","1","3","799230569765543938","仲","102","Female","[""坏我"",""好我"",""好她"",""坏她""]","[""弱我"",""强我"",""强她"",""弱她""]","","","","","","","","","","","","","","","","","","feedback_test","","","","","","","","","","","","","","","","","","","","",""
"882","","f","psychophysics","1734","2780082","0.0-10.0-0.1-4.1-0.2-0.81","5","2","5","1","1","5","3","4","4","5","5","0","0","1","2","-2","1","1","2","5","4","5","4","2","1","2","3","4","3","4","6","4","8","3","7","6","5","7","5","5","3","3","6","2","5","2","5","5","1","2","2","5","1","1","5","5","4","6","3","1","2","2","1","1","2","6","2","1","7","1","1","1","1","1","2","1","7","1","3","799230569765543938","仲","102","Female","[""坏我"",""好我"",""好她"",""坏她""]","[""弱我"",""强我"",""强她"",""弱她""]","","","","","","","","match","","","","","","","","","ALT2","moral","","key","f","16.665178571428573","683","380","","坏她","","","","f","true","","","match","","img/hexagon.png","坏她","",""
"null","<span style='color:GreenYellow; font-size: 70px;'>正确! </span>","null","html-keyboard-response","1735","2780585","0.0-10.0-0.1-4.1-0.2-1.81","5","2","5","1","1","5","3","4","4","5","5","0","0","1","2","-2","1","1","2","5","4","5","4","2","1","2","3","4","3","4","6","4","8","3","7","6","5","7","5","5","3","3","6","2","5","2","5","5","1","2","2","5","1","1","5","5","4","6","3","1","2","2","1","1","2","6","2","1","7","1","1","1","1","1","2","1","7","1","3","799230569765543938","仲","102","Female","[""坏我"",""好我"",""好她"",""坏她""]","[""弱我"",""强我"",""强她"",""弱她""]","","","","","","","","","","","","","","","","","","feedback_test","","","","","","","","","","","","","","","","","","","","",""
"741","","j","psychophysics","1736","2782329","0.0-10.0-0.1-4.1-0.2-0.82","5","2","5","1","1","5","3","4","4","5","5","0","0","1","2","-2","1","1","2","5","4","5","4","2","1","2","3","4","3","4","6","4","8","3","7","6","5","7","5","5","3","3","6","2","5","2","5","5","1","2","2","5","1","1","5","5","4","6","3","1","2","2","1","1","2","6","2","1","7","1","1","1","1","1","2","1","7","1","3","799230569765543938","仲","102","Female","[""坏我"",""好我"",""好她"",""坏她""]","[""弱我"",""强我"",""强她"",""弱她""]","","","","","","","","nonmatch","","","","","","","","","ALT2","moral","","key","j","16.66470588235568","683","380","","好我","","","","j","true","","","nonmatch","","img/hexagon.png","坏她","",""
"null","<span style='color:GreenYellow; font-size: 70px;'>正确! </span>","null","html-keyboard-response","1737","2782833","0.0-10.0-0.1-4.1-0.2-1.82","5","2","5","1","1","5","3","4","4","5","5","0","0","1","2","-2","1","1","2","5","4","5","4","2","1","2","3","4","3","4","6","4","8","3","7","6","5","7","5","5","3","3","6","2","5","2","5","5","1","2","2","5","1","1","5","5","4","6","3","1","2","2","1","1","2","6","2","1","7","1","1","1","1","1","2","1","7","1","3","799230569765543938","仲","102","Female","[""坏我"",""好我"",""好她"",""坏她""]","[""弱我"",""强我"",""强她"",""弱她""]","","","","","","","","","","","","","","","","","","feedback_test","","","","","","","","","","","","","","","","","","","","",""
"865","","f","psychophysics","1738","2784700","0.0-10.0-0.1-4.1-0.2-0.83","5","2","5","1","1","5","3","4","4","5","5","0","0","1","2","-2","1","1","2","5","4","5","4","2","1","2","3","4","3","4","6","4","8","3","7","6","5","7","5","5","3","3","6","2","5","2","5","5","1","2","2","5","1","1","5","5","4","6","3","1","2","2","1","1","2","6","2","1","7","1","1","1","1","1","2","1","7","1","3","799230569765543938","仲","102","Female","[""坏我"",""好我"",""好她"",""坏她""]","[""弱我"",""强我"",""强她"",""弱她""]","","","","","","","","match","","","","","","","","","ALT2","moral","","key","f","16.665765765769123","683","380","","坏我","","","","f","true","","","match","","img/square.png","坏我","",""
"null","<span style='color:GreenYellow; font-size: 70px;'>正确! </span>","null","html-keyboard-response","1739","2785206","0.0-10.0-0.1-4.1-0.2-1.83","5","2","5","1","1","5","3","4","4","5","5","0","0","1","2","-2","1","1","2","5","4","5","4","2","1","2","3","4","3","4","6","4","8","3","7","6","5","7","5","5","3","3","6","2","5","2","5","5","1","2","2","5","1","1","5","5","4","6","3","1","2","2","1","1","2","6","2","1","7","1","1","1","1","1","2","1","7","1","3","799230569765543938","仲","102","Female","[""坏我"",""好我"",""好她"",""坏她""]","[""弱我"",""强我"",""强她"",""弱她""]","","","","","","","","","","","","","","","","","","feedback_test","","","","","","","","","","","","","","","","","","","","",""
"539","","f","psychophysics","1740","2786753","0.0-10.0-0.1-4.1-0.2-0.84","5","2","5","1","1","5","3","4","4","5","5","0","0","1","2","-2","1","1","2","5","4","5","4","2","1","2","3","4","3","4","6","4","8","3","7","6","5","7","5","5","3","3","6","2","5","2","5","5","1","2","2","5","1","1","5","5","4","6","3","1","2","2","1","1","2","6","2","1","7","1","1","1","1","1","2","1","7","1","3","799230569765543938","仲","102","Female","[""坏我"",""好我"",""好她"",""坏她""]","[""弱我"",""强我"",""强她"",""弱她""]","","","","","","","","match","","","","","","","","","ALT2","moral","","key","f","16.66593406593509","683","380","","坏我","","","","j","false","","","nonmatch","","img/ellipse.png","好我","",""
"null","<span style='color:red; font-size: 70px;'>错误! </span>","null","html-keyboard-response","1741","2787256","0.0-10.0-0.1-4.1-0.2-1.84","5","2","5","1","1","5","3","4","4","5","5","0","0","1","2","-2","1","1","2","5","4","5","4","2","1","2","3","4","3","4","6","4","8","3","7","6","5","7","5","5","3","3","6","2","5","2","5","5","1","2","2","5","1","1","5","5","4","6","3","1","2","2","1","1","2","6","2","1","7","1","1","1","1","1","2","1","7","1","3","799230569765543938","仲","102","Female","[""坏我"",""好我"",""好她"",""坏她""]","[""弱我"",""强我"",""强她"",""弱她""]","","","","","","","","","","","","","","","","","","feedback_test","","","","","","","","","","","","","","","","","","","","",""
"812","","f","psychophysics","1742","2789076","0.0-10.0-0.1-4.1-0.2-0.85","5","2","5","1","1","5","3","4","4","5","5","0","0","1","2","-2","1","1","2","5","4","5","4","2","1","2","3","4","3","4","6","4","8","3","7","6","5","7","5","5","3","3","6","2","5","2","5","5","1","2","2","5","1","1","5","5","4","6","3","1","2","2","1","1","2","6","2","1","7","1","1","1","1","1","2","1","7","1","3","799230569765543938","仲","102","Female","[""坏我"",""好我"",""好她"",""坏她""]","[""弱我"",""强我"",""强她"",""弱她""]","","","","","","","","match","","","","","","","","","ALT2","moral","","key","f","16.666666666666668","683","380","","好她","","","","f","true","","","match","","img/triangle.png","好她","",""
"null","<span style='color:GreenYellow; font-size: 70px;'>正确! </span>","null","html-keyboard-response","1743","2789581","0.0-10.0-0.1-4.1-0.2-1.85","5","2","5","1","1","5","3","4","4","5","5","0","0","1","2","-2","1","1","2","5","4","5","4","2","1","2","3","4","3","4","6","4","8","3","7","6","5","7","5","5","3","3","6","2","5","2","5","5","1","2","2","5","1","1","5","5","4","6","3","1","2","2","1","1","2","6","2","1","7","1","1","1","1","1","2","1","7","1","3","799230569765543938","仲","102","Female","[""坏我"",""好我"",""好她"",""坏她""]","[""弱我"",""强我"",""强她"",""弱她""]","","","","","","","","","","","","","","","","","","feedback_test","","","","","","","","","","","","","","","","","","","","",""
"660","","f","psychophysics","1744","2791247","0.0-10.0-0.1-4.1-0.2-0.86","5","2","5","1","1","5","3","4","4","5","5","0","0","1","2","-2","1","1","2","5","4","5","4","2","1","2","3","4","3","4","6","4","8","3","7","6","5","7","5","5","3","3","6","2","5","2","5","5","1","2","2","5","1","1","5","5","4","6","3","1","2","2","1","1","2","6","2","1","7","1","1","1","1","1","2","1","7","1","3","799230569765543938","仲","102","Female","[""坏我"",""好我"",""好她"",""坏她""]","[""弱我"",""强我"",""强她"",""弱她""]","","","","","","","","match","","","","","","","","","ALT2","moral","","key","f","16.83469387755387","683","380","","坏她","","","","f","true","","","match","","img/hexagon.png","坏她","",""
"null","<span style='color:GreenYellow; font-size: 70px;'>正确! </span>","null","html-keyboard-response","1745","2791749","0.0-10.0-0.1-4.1-0.2-1.86","5","2","5","1","1","5","3","4","4","5","5","0","0","1","2","-2","1","1","2","5","4","5","4","2","1","2","3","4","3","4","6","4","8","3","7","6","5","7","5","5","3","3","6","2","5","2","5","5","1","2","2","5","1","1","5","5","4","6","3","1","2","2","1","1","2","6","2","1","7","1","1","1","1","1","2","1","7","1","3","799230569765543938","仲","102","Female","[""坏我"",""好我"",""好她"",""坏她""]","[""弱我"",""强我"",""强她"",""弱她""]","","","","","","","","","","","","","","","","","","feedback_test","","","","","","","","","","","","","","","","","","","","",""
"735","","j","psychophysics","1746","2793489","0.0-10.0-0.1-4.1-0.2-0.87","5","2","5","1","1","5","3","4","4","5","5","0","0","1","2","-2","1","1","2","5","4","5","4","2","1","2","3","4","3","4","6","4","8","3","7","6","5","7","5","5","3","3","6","2","5","2","5","5","1","2","2","5","1","1","5","5","4","6","3","1","2","2","1","1","2","6","2","1","7","1","1","1","1","1","2","1","7","1","3","799230569765543938","仲","102","Female","[""坏我"",""好我"",""好她"",""坏她""]","[""弱我"",""强我"",""强她"",""弱她""]","","","","","","","","nonmatch","","","","","","","","","ALT2","moral","","key","j","16.66504854368932","683","380","","坏我","","","","j","true","","","nonmatch","","img/triangle.png","好她","",""
"null","<span style='color:GreenYellow; font-size: 70px;'>正确! </span>","null","html-keyboard-response","1747","2793997","0.0-10.0-0.1-4.1-0.2-1.87","5","2","5","1","1","5","3","4","4","5","5","0","0","1","2","-2","1","1","2","5","4","5","4","2","1","2","3","4","3","4","6","4","8","3","7","6","5","7","5","5","3","3","6","2","5","2","5","5","1","2","2","5","1","1","5","5","4","6","3","1","2","2","1","1","2","6","2","1","7","1","1","1","1","1","2","1","7","1","3","799230569765543938","仲","102","Female","[""坏我"",""好我"",""好她"",""坏她""]","[""弱我"",""强我"",""强她"",""弱她""]","","","","","","","","","","","","","","","","","","feedback_test","","","","","","","","","","","","","","","","","","","","",""
"819","","j","psychophysics","1748","2795820","0.0-10.0-0.1-4.1-0.2-0.88","5","2","5","1","1","5","3","4","4","5","5","0","0","1","2","-2","1","1","2","5","4","5","4","2","1","2","3","4","3","4","6","4","8","3","7","6","5","7","5","5","3","3","6","2","5","2","5","5","1","2","2","5","1","1","5","5","4","6","3","1","2","2","1","1","2","6","2","1","7","1","1","1","1","1","2","1","7","1","3","799230569765543938","仲","102","Female","[""坏我"",""好我"",""好她"",""坏她""]","[""弱我"",""强我"",""强她"",""弱她""]","","","","","","","","nonmatch","","","","","","","","","ALT2","moral","","key","j","16.666666666666668","683","380","","好我","","","","j","true","","","nonmatch","","img/square.png","坏我","",""
"null","<span style='color:GreenYellow; font-size: 70px;'>正确! </span>","null","html-keyboard-response","1749","2796322","0.0-10.0-0.1-4.1-0.2-1.88","5","2","5","1","1","5","3","4","4","5","5","0","0","1","2","-2","1","1","2","5","4","5","4","2","1","2","3","4","3","4","6","4","8","3","7","6","5","7","5","5","3","3","6","2","5","2","5","5","1","2","2","5","1","1","5","5","4","6","3","1","2","2","1","1","2","6","2","1","7","1","1","1","1","1","2","1","7","1","3","799230569765543938","仲","102","Female","[""坏我"",""好我"",""好她"",""坏她""]","[""弱我"",""强我"",""强她"",""弱她""]","","","","","","","","","","","","","","","","","","feedback_test","","","","","","","","","","","","","","","","","","","","",""
"675","","f","psychophysics","1750","2798004","0.0-10.0-0.1-4.1-0.2-0.89","5","2","5","1","1","5","3","4","4","5","5","0","0","1","2","-2","1","1","2","5","4","5","4","2","1","2","3","4","3","4","6","4","8","3","7","6","5","7","5","5","3","3","6","2","5","2","5","5","1","2","2","5","1","1","5","5","4","6","3","1","2","2","1","1","2","6","2","1","7","1","1","1","1","1","2","1","7","1","3","799230569765543938","仲","102","Female","[""坏我"",""好我"",""好她"",""坏她""]","[""弱我"",""强我"",""强她"",""弱她""]","","","","","","","","match","","","","","","","","","ALT2","moral","","key","f","16.667000000001863","683","380","","坏我","","","","f","true","","","match","","img/square.png","坏我","",""
"null","<span style='color:GreenYellow; font-size: 70px;'>正确! </span>","null","html-keyboard-response","1751","2798512","0.0-10.0-0.1-4.1-0.2-1.89","5","2","5","1","1","5","3","4","4","5","5","0","0","1","2","-2","1","1","2","5","4","5","4","2","1","2","3","4","3","4","6","4","8","3","7","6","5","7","5","5","3","3","6","2","5","2","5","5","1","2","2","5","1","1","5","5","4","6","3","1","2","2","1","1","2","6","2","1","7","1","1","1","1","1","2","1","7","1","3","799230569765543938","仲","102","Female","[""坏我"",""好我"",""好她"",""坏她""]","[""弱我"",""强我"",""强她"",""弱她""]","","","","","","","","","","","","","","","","","","feedback_test","","","","","","","","","","","","","","","","","","","","",""
"642","","f","psychophysics","1752","2800160","0.0-10.0-0.1-4.1-0.2-0.90","5","2","5","1","1","5","3","4","4","5","5","0","0","1","2","-2","1","1","2","5","4","5","4","2","1","2","3","4","3","4","6","4","8","3","7","6","5","7","5","5","3","3","6","2","5","2","5","5","1","2","2","5","1","1","5","5","4","6","3","1","2","2","1","1","2","6","2","1","7","1","1","1","1","1","2","1","7","1","3","799230569765543938","仲","102","Female","[""坏我"",""好我"",""好她"",""坏她""]","[""弱我"",""强我"",""强她"",""弱她""]","","","","","","","","match","","","","","","","","","ALT2","moral","","key","f","16.66530612244613","683","380","","好我","","","","f","true","","","match","","img/ellipse.png","好我","",""
"null","<span style='color:GreenYellow; font-size: 70px;'>正确! </span>","null","html-keyboard-response","1753","2800669","0.0-10.0-0.1-4.1-0.2-1.90","5","2","5","1","1","5","3","4","4","5","5","0","0","1","2","-2","1","1","2","5","4","5","4","2","1","2","3","4","3","4","6","4","8","3","7","6","5","7","5","5","3","3","6","2","5","2","5","5","1","2","2","5","1","1","5","5","4","6","3","1","2","2","1","1","2","6","2","1","7","1","1","1","1","1","2","1","7","1","3","799230569765543938","仲","102","Female","[""坏我"",""好我"",""好她"",""坏她""]","[""弱我"",""强我"",""强她"",""弱她""]","","","","","","","","","","","","","","","","","","feedback_test","","","","","","","","","","","","","","","","","","","","",""
"633","","j","psychophysics","1754","2802311","0.0-10.0-0.1-4.1-0.2-0.91","5","2","5","1","1","5","3","4","4","5","5","0","0","1","2","-2","1","1","2","5","4","5","4","2","1","2","3","4","3","4","6","4","8","3","7","6","5","7","5","5","3","3","6","2","5","2","5","5","1","2","2","5","1","1","5","5","4","6","3","1","2","2","1","1","2","6","2","1","7","1","1","1","1","1","2","1","7","1","3","799230569765543938","仲","102","Female","[""坏我"",""好我"",""好她"",""坏她""]","[""弱我"",""强我"",""强她"",""弱她""]","","","","","","","","nonmatch","","","","","","","","","ALT2","moral","","key","j","16.66597938143946","683","380","","好她","","","","j","true","","","nonmatch","","img/ellipse.png","好我","",""
"null","<span style='color:GreenYellow; font-size: 70px;'>正确! </span>","null","html-keyboard-response","1755","2802817","0.0-10.0-0.1-4.1-0.2-1.91","5","2","5","1","1","5","3","4","4","5","5","0","0","1","2","-2","1","1","2","5","4","5","4","2","1","2","3","4","3","4","6","4","8","3","7","6","5","7","5","5","3","3","6","2","5","2","5","5","1","2","2","5","1","1","5","5","4","6","3","1","2","2","1","1","2","6","2","1","7","1","1","1","1","1","2","1","7","1","3","799230569765543938","仲","102","Female","[""坏我"",""好我"",""好她"",""坏她""]","[""弱我"",""强我"",""强她"",""弱她""]","","","","","","","","","","","","","","","","","","feedback_test","","","","","","","","","","","","","","","","","","","","",""
"900","","f","psychophysics","1756","2804718","0.0-10.0-0.1-4.1-0.2-0.92","5","2","5","1","1","5","3","4","4","5","5","0","0","1","2","-2","1","1","2","5","4","5","4","2","1","2","3","4","3","4","6","4","8","3","7","6","5","7","5","5","3","3","6","2","5","2","5","5","1","2","2","5","1","1","5","5","4","6","3","1","2","2","1","1","2","6","2","1","7","1","1","1","1","1","2","1","7","1","3","799230569765543938","仲","102","Female","[""坏我"",""好我"",""好她"",""坏她""]","[""弱我"",""强我"",""强她"",""弱她""]","","","","","","","","match","","","","","","","","","ALT2","moral","","key","f","16.665178571428573","683","380","","好她","","","","f","true","","","match","","img/triangle.png","好她","",""
"null","<span style='color:GreenYellow; font-size: 70px;'>正确! </span>","null","html-keyboard-response","1757","2805220","0.0-10.0-0.1-4.1-0.2-1.92","5","2","5","1","1","5","3","4","4","5","5","0","0","1","2","-2","1","1","2","5","4","5","4","2","1","2","3","4","3","4","6","4","8","3","7","6","5","7","5","5","3","3","6","2","5","2","5","5","1","2","2","5","1","1","5","5","4","6","3","1","2","2","1","1","2","6","2","1","7","1","1","1","1","1","2","1","7","1","3","799230569765543938","仲","102","Female","[""坏我"",""好我"",""好她"",""坏她""]","[""弱我"",""强我"",""强她"",""弱她""]","","","","","","","","","","","","","","","","","","feedback_test","","","","","","","","","","","","","","","","","","","","",""
"652","","f","psychophysics","1758","2806880","0.0-10.0-0.1-4.1-0.2-0.93","5","2","5","1","1","5","3","4","4","5","5","0","0","1","2","-2","1","1","2","5","4","5","4","2","1","2","3","4","3","4","6","4","8","3","7","6","5","7","5","5","3","3","6","2","5","2","5","5","1","2","2","5","1","1","5","5","4","6","3","1","2","2","1","1","2","6","2","1","7","1","1","1","1","1","2","1","7","1","3","799230569765543938","仲","102","Female","[""坏我"",""好我"",""好她"",""坏她""]","[""弱我"",""强我"",""强她"",""弱她""]","","","","","","","","match","","","","","","","","","ALT2","moral","","key","f","16.66734693877456","683","380","","好她","","","","f","true","","","match","","img/triangle.png","好她","",""
"null","<span style='color:GreenYellow; font-size: 70px;'>正确! </span>","null","html-keyboard-response","1759","2807384","0.0-10.0-0.1-4.1-0.2-1.93","5","2","5","1","1","5","3","4","4","5","5","0","0","1","2","-2","1","1","2","5","4","5","4","2","1","2","3","4","3","4","6","4","8","3","7","6","5","7","5","5","3","3","6","2","5","2","5","5","1","2","2","5","1","1","5","5","4","6","3","1","2","2","1","1","2","6","2","1","7","1","1","1","1","1","2","1","7","1","3","799230569765543938","仲","102","Female","[""坏我"",""好我"",""好她"",""坏她""]","[""弱我"",""强我"",""强她"",""弱她""]","","","","","","","","","","","","","","","","","","feedback_test","","","","","","","","","","","","","","","","","","","","",""
"711","","f","psychophysics","1760","2809100","0.0-10.0-0.1-4.1-0.2-0.94","5","2","5","1","1","5","3","4","4","5","5","0","0","1","2","-2","1","1","2","5","4","5","4","2","1","2","3","4","3","4","6","4","8","3","7","6","5","7","5","5","3","3","6","2","5","2","5","5","1","2","2","5","1","1","5","5","4","6","3","1","2","2","1","1","2","6","2","1","7","1","1","1","1","1","2","1","7","1","3","799230569765543938","仲","102","Female","[""坏我"",""好我"",""好她"",""坏她""]","[""弱我"",""强我"",""强她"",""弱她""]","","","","","","","","match","","","","","","","","","ALT2","moral","","key","f","16.666336633666134","683","380","","坏她","","","","f","true","","","match","","img/hexagon.png","坏她","",""
"null","<span style='color:GreenYellow; font-size: 70px;'>正确! </span>","null","html-keyboard-response","1761","2809605","0.0-10.0-0.1-4.1-0.2-1.94","5","2","5","1","1","5","3","4","4","5","5","0","0","1","2","-2","1","1","2","5","4","5","4","2","1","2","3","4","3","4","6","4","8","3","7","6","5","7","5","5","3","3","6","2","5","2","5","5","1","2","2","5","1","1","5","5","4","6","3","1","2","2","1","1","2","6","2","1","7","1","1","1","1","1","2","1","7","1","3","799230569765543938","仲","102","Female","[""坏我"",""好我"",""好她"",""坏她""]","[""弱我"",""强我"",""强她"",""弱她""]","","","","","","","","","","","","","","","","","","feedback_test","","","","","","","","","","","","","","","","","","","","",""
"804","","j","psychophysics","1762","2811417","0.0-10.0-0.1-4.1-0.2-0.95","5","2","5","1","1","5","3","4","4","5","5","0","0","1","2","-2","1","1","2","5","4","5","4","2","1","2","3","4","3","4","6","4","8","3","7","6","5","7","5","5","3","3","6","2","5","2","5","5","1","2","2","5","1","1","5","5","4","6","3","1","2","2","1","1","2","6","2","1","7","1","1","1","1","1","2","1","7","1","3","799230569765543938","仲","102","Female","[""坏我"",""好我"",""好她"",""坏她""]","[""弱我"",""强我"",""强她"",""弱她""]","","","","","","","","nonmatch","","","","","","","","","ALT2","moral","","key","j","16.6672897196253","683","380","","好我","","","","j","true","","","nonmatch","","img/triangle.png","好她","",""
"null","<span style='color:GreenYellow; font-size: 70px;'>正确! </span>","null","html-keyboard-response","1763","2811922","0.0-10.0-0.1-4.1-0.2-1.95","5","2","5","1","1","5","3","4","4","5","5","0","0","1","2","-2","1","1","2","5","4","5","4","2","1","2","3","4","3","4","6","4","8","3","7","6","5","7","5","5","3","3","6","2","5","2","5","5","1","2","2","5","1","1","5","5","4","6","3","1","2","2","1","1","2","6","2","1","7","1","1","1","1","1","2","1","7","1","3","799230569765543938","仲","102","Female","[""坏我"",""好我"",""好她"",""坏她""]","[""弱我"",""强我"",""强她"",""弱她""]","","","","","","","","","","","","","","","","","","feedback_test","","","","","","","","","","","","","","","","","","","","",""
"692","","f","psychophysics","1764","2813620","0.0-10.0-0.1-4.1-0.2-0.96","5","2","5","1","1","5","3","4","4","5","5","0","0","1","2","-2","1","1","2","5","4","5","4","2","1","2","3","4","3","4","6","4","8","3","7","6","5","7","5","5","3","3","6","2","5","2","5","5","1","2","2","5","1","1","5","5","4","6","3","1","2","2","1","1","2","6","2","1","7","1","1","1","1","1","2","1","7","1","3","799230569765543938","仲","102","Female","[""坏我"",""好我"",""好她"",""坏她""]","[""弱我"",""强我"",""强她"",""弱她""]","","","","","","","","match","","","","","","","","","ALT2","moral","","key","f","16.6653465346507","683","380","","坏我","","","","f","true","","","match","","img/square.png","坏我","",""
"null","<span style='color:GreenYellow; font-size: 70px;'>正确! </span>","null","html-keyboard-response","1765","2814128","0.0-10.0-0.1-4.1-0.2-1.96","5","2","5","1","1","5","3","4","4","5","5","0","0","1","2","-2","1","1","2","5","4","5","4","2","1","2","3","4","3","4","6","4","8","3","7","6","5","7","5","5","3","3","6","2","5","2","5","5","1","2","2","5","1","1","5","5","4","6","3","1","2","2","1","1","2","6","2","1","7","1","1","1","1","1","2","1","7","1","3","799230569765543938","仲","102","Female","[""坏我"",""好我"",""好她"",""坏她""]","[""弱我"",""强我"",""强她"",""弱她""]","","","","","","","","","","","","","","","","","","feedback_test","","","","","","","","","","","","","","","","","","","","",""
"2493","<style>.context{color:white; font-size: 35px; line-height:40px}</style>                            <div><p class='context'>您正确回答了96% 的试次。</p><p class='context'>您的平均反应时为739毫秒。</p><p class='context'>请按空格键进入休息。</p></div>"," ","html-keyboard-response","1766","2816625","0.0-10.0-0.1-4.1-1.2","5","2","5","1","1","5","3","4","4","5","5","0","0","1","2","-2","1","1","2","5","4","5","4","2","1","2","3","4","3","4","6","4","8","3","7","6","5","7","5","5","3","3","6","2","5","2","5","5","1","2","2","5","1","1","5","5","4","6","3","1","2","2","1","1","2","6","2","1","7","1","1","1","1","1","2","1","7","1","3","799230569765543938","仲","102","Female","[""坏我"",""好我"",""好她"",""坏她""]","[""弱我"",""强我"",""强她"",""弱她""]","","","","","","","","","","","","","","","","","","","","","","","","","","","","","","","","","","","","","","",""
"12344","
        <p >您当前还剩余6组实验</p>
        <p >现在是休息时间，当您结束休息后，</p>
        <p >您可以点击 结束休息 按钮 继续。</p>
        <p >建议休息时间还剩余<span id=""iii"">60</span>秒。</p>","0","html-button-response","1767","2828975","0.0-10.0-0.1-4.1-2.2","5","2","5","1","1","5","3","4","4","5","5","0","0","1","2","-2","1","1","2","5","4","5","4","2","1","2","3","4","3","4","6","4","8","3","7","6","5","7","5","5","3","3","6","2","5","2","5","5","1","2","2","5","1","1","5","5","4","6","3","1","2","2","1","1","2","6","2","1","7","1","1","1","1","1","2","1","7","1","3","799230569765543938","仲","102","Female","[""坏我"",""好我"",""好她"",""坏她""]","[""弱我"",""强我"",""强她"",""弱她""]","","","","","","","","","","","","","","","","","","","","","","","","","","","","","","","","","","","","","","",""
"1104","","j","psychophysics","1768","2831087","0.0-10.0-0.1-4.1-0.3-0.97","5","2","5","1","1","5","3","4","4","5","5","0","0","1","2","-2","1","1","2","5","4","5","4","2","1","2","3","4","3","4","6","4","8","3","7","6","5","7","5","5","3","3","6","2","5","2","5","5","1","2","2","5","1","1","5","5","4","6","3","1","2","2","1","1","2","6","2","1","7","1","1","1","1","1","2","1","7","1","3","799230569765543938","仲","102","Female","[""坏我"",""好我"",""好她"",""坏她""]","[""弱我"",""强我"",""强她"",""弱她""]","","","","","","","","nonmatch","","","","","","","","","ALT2","moral","","key","j","16.66269841269841","683","380","","好她","","","","j","true","","","nonmatch","","img/square.png","坏我","",""
"null","<span style='color:GreenYellow; font-size: 70px;'>正确! </span>","null","html-keyboard-response","1769","2831592","0.0-10.0-0.1-4.1-0.3-1.97","5","2","5","1","1","5","3","4","4","5","5","0","0","1","2","-2","1","1","2","5","4","5","4","2","1","2","3","4","3","4","6","4","8","3","7","6","5","7","5","5","3","3","6","2","5","2","5","5","1","2","2","5","1","1","5","5","4","6","3","1","2","2","1","1","2","6","2","1","7","1","1","1","1","1","2","1","7","1","3","799230569765543938","仲","102","Female","[""坏我"",""好我"",""好她"",""坏她""]","[""弱我"",""强我"",""强她"",""弱她""]","","","","","","","","","","","","","","","","","","feedback_test","","","","","","","","","","","","","","","","","","","","",""
"595","","f","psychophysics","1770","2833194","0.0-10.0-0.1-4.1-0.3-0.98","5","2","5","1","1","5","3","4","4","5","5","0","0","1","2","-2","1","1","2","5","4","5","4","2","1","2","3","4","3","4","6","4","8","3","7","6","5","7","5","5","3","3","6","2","5","2","5","5","1","2","2","5","1","1","5","5","4","6","3","1","2","2","1","1","2","6","2","1","7","1","1","1","1","1","2","1","7","1","3","799230569765543938","仲","102","Female","[""坏我"",""好我"",""好她"",""坏她""]","[""弱我"",""强我"",""强她"",""弱她""]","","","","","","","","match","","","","","","","","","ALT2","moral","","key","f","16.665263157891797","683","380","","好我","","","","f","true","","","match","","img/ellipse.png","好我","",""
"null","<span style='color:GreenYellow; font-size: 70px;'>正确! </span>","null","html-keyboard-response","1771","2833703","0.0-10.0-0.1-4.1-0.3-1.98","5","2","5","1","1","5","3","4","4","5","5","0","0","1","2","-2","1","1","2","5","4","5","4","2","1","2","3","4","3","4","6","4","8","3","7","6","5","7","5","5","3","3","6","2","5","2","5","5","1","2","2","5","1","1","5","5","4","6","3","1","2","2","1","1","2","6","2","1","7","1","1","1","1","1","2","1","7","1","3","799230569765543938","仲","102","Female","[""坏我"",""好我"",""好她"",""坏她""]","[""弱我"",""强我"",""强她"",""弱她""]","","","","","","","","","","","","","","","","","","feedback_test","","","","","","","","","","","","","","","","","","","","",""
"661","","j","psychophysics","1772","2835368","0.0-10.0-0.1-4.1-0.3-0.99","5","2","5","1","1","5","3","4","4","5","5","0","0","1","2","-2","1","1","2","5","4","5","4","2","1","2","3","4","3","4","6","4","8","3","7","6","5","7","5","5","3","3","6","2","5","2","5","5","1","2","2","5","1","1","5","5","4","6","3","1","2","2","1","1","2","6","2","1","7","1","1","1","1","1","2","1","7","1","3","799230569765543938","仲","102","Female","[""坏我"",""好我"",""好她"",""坏她""]","[""弱我"",""强我"",""强她"",""弱她""]","","","","","","","","nonmatch","","","","","","","","","ALT2","moral","","key","j","16.666666666666668","683","380","","好我","","","","j","true","","","nonmatch","","img/square.png","坏我","",""
"null","<span style='color:GreenYellow; font-size: 70px;'>正确! </span>","null","html-keyboard-response","1773","2835877","0.0-10.0-0.1-4.1-0.3-1.99","5","2","5","1","1","5","3","4","4","5","5","0","0","1","2","-2","1","1","2","5","4","5","4","2","1","2","3","4","3","4","6","4","8","3","7","6","5","7","5","5","3","3","6","2","5","2","5","5","1","2","2","5","1","1","5","5","4","6","3","1","2","2","1","1","2","6","2","1","7","1","1","1","1","1","2","1","7","1","3","799230569765543938","仲","102","Female","[""坏我"",""好我"",""好她"",""坏她""]","[""弱我"",""强我"",""强她"",""弱她""]","","","","","","","","","","","","","","","","","","feedback_test","","","","","","","","","","","","","","","","","","","","",""
"872","","f","psychophysics","1774","2837751","0.0-10.0-0.1-4.1-0.3-0.100","5","2","5","1","1","5","3","4","4","5","5","0","0","1","2","-2","1","1","2","5","4","5","4","2","1","2","3","4","3","4","6","4","8","3","7","6","5","7","5","5","3","3","6","2","5","2","5","5","1","2","2","5","1","1","5","5","4","6","3","1","2","2","1","1","2","6","2","1","7","1","1","1","1","1","2","1","7","1","3","799230569765543938","仲","102","Female","[""坏我"",""好我"",""好她"",""坏她""]","[""弱我"",""强我"",""强她"",""弱她""]","","","","","","","","match","","","","","","","","","ALT2","moral","","key","f","16.665178571428573","683","380","","坏她","","","","f","true","","","match","","img/hexagon.png","坏她","",""
"null","<span style='color:GreenYellow; font-size: 70px;'>正确! </span>","null","html-keyboard-response","1775","2838253","0.0-10.0-0.1-4.1-0.3-1.100","5","2","5","1","1","5","3","4","4","5","5","0","0","1","2","-2","1","1","2","5","4","5","4","2","1","2","3","4","3","4","6","4","8","3","7","6","5","7","5","5","3","3","6","2","5","2","5","5","1","2","2","5","1","1","5","5","4","6","3","1","2","2","1","1","2","6","2","1","7","1","1","1","1","1","2","1","7","1","3","799230569765543938","仲","102","Female","[""坏我"",""好我"",""好她"",""坏她""]","[""弱我"",""强我"",""强她"",""弱她""]","","","","","","","","","","","","","","","","","","feedback_test","","","","","","","","","","","","","","","","","","","","",""
"714","","j","psychophysics","1776","2839973","0.0-10.0-0.1-4.1-0.3-0.101","5","2","5","1","1","5","3","4","4","5","5","0","0","1","2","-2","1","1","2","5","4","5","4","2","1","2","3","4","3","4","6","4","8","3","7","6","5","7","5","5","3","3","6","2","5","2","5","5","1","2","2","5","1","1","5","5","4","6","3","1","2","2","1","1","2","6","2","1","7","1","1","1","1","1","2","1","7","1","3","799230569765543938","仲","102","Female","[""坏我"",""好我"",""好她"",""坏她""]","[""弱我"",""强我"",""强她"",""弱她""]","","","","","","","","nonmatch","","","","","","","","","ALT2","moral","","key","j","16.66470588235568","683","380","","好她","","","","j","true","","","nonmatch","","img/ellipse.png","好我","",""
"null","<span style='color:GreenYellow; font-size: 70px;'>正确! </span>","null","html-keyboard-response","1777","2840476","0.0-10.0-0.1-4.1-0.3-1.101","5","2","5","1","1","5","3","4","4","5","5","0","0","1","2","-2","1","1","2","5","4","5","4","2","1","2","3","4","3","4","6","4","8","3","7","6","5","7","5","5","3","3","6","2","5","2","5","5","1","2","2","5","1","1","5","5","4","6","3","1","2","2","1","1","2","6","2","1","7","1","1","1","1","1","2","1","7","1","3","799230569765543938","仲","102","Female","[""坏我"",""好我"",""好她"",""坏她""]","[""弱我"",""强我"",""强她"",""弱她""]","","","","","","","","","","","","","","","","","","feedback_test","","","","","","","","","","","","","","","","","","","","",""
"740","","j","psychophysics","1778","2842222","0.0-10.0-0.1-4.1-0.3-0.102","5","2","5","1","1","5","3","4","4","5","5","0","0","1","2","-2","1","1","2","5","4","5","4","2","1","2","3","4","3","4","6","4","8","3","7","6","5","7","5","5","3","3","6","2","5","2","5","5","1","2","2","5","1","1","5","5","4","6","3","1","2","2","1","1","2","6","2","1","7","1","1","1","1","1","2","1","7","1","3","799230569765543938","仲","102","Female","[""坏我"",""好我"",""好她"",""坏她""]","[""弱我"",""强我"",""强她"",""弱她""]","","","","","","","","nonmatch","","","","","","","","","ALT2","moral","","key","j","16.665384615386408","683","380","","坏她","","","","j","true","","","nonmatch","","img/ellipse.png","好我","",""
"null","<span style='color:GreenYellow; font-size: 70px;'>正确! </span>","null","html-keyboard-response","1779","2842725","0.0-10.0-0.1-4.1-0.3-1.102","5","2","5","1","1","5","3","4","4","5","5","0","0","1","2","-2","1","1","2","5","4","5","4","2","1","2","3","4","3","4","6","4","8","3","7","6","5","7","5","5","3","3","6","2","5","2","5","5","1","2","2","5","1","1","5","5","4","6","3","1","2","2","1","1","2","6","2","1","7","1","1","1","1","1","2","1","7","1","3","799230569765543938","仲","102","Female","[""坏我"",""好我"",""好她"",""坏她""]","[""弱我"",""强我"",""强她"",""弱她""]","","","","","","","","","","","","","","","","","","feedback_test","","","","","","","","","","","","","","","","","","","","",""
"917","","f","psychophysics","1780","2844648","0.0-10.0-0.1-4.1-0.3-0.103","5","2","5","1","1","5","3","4","4","5","5","0","0","1","2","-2","1","1","2","5","4","5","4","2","1","2","3","4","3","4","6","4","8","3","7","6","5","7","5","5","3","3","6","2","5","2","5","5","1","2","2","5","1","1","5","5","4","6","3","1","2","2","1","1","2","6","2","1","7","1","1","1","1","1","2","1","7","1","3","799230569765543938","仲","102","Female","[""坏我"",""好我"",""好她"",""坏她""]","[""弱我"",""强我"",""强她"",""弱她""]","","","","","","","","match","","","","","","","","","ALT2","moral","","key","f","16.665789473683393","683","380","","好她","","","","f","true","","","match","","img/triangle.png","好她","",""
"null","<span style='color:GreenYellow; font-size: 70px;'>正确! </span>","null","html-keyboard-response","1781","2845153","0.0-10.0-0.1-4.1-0.3-1.103","5","2","5","1","1","5","3","4","4","5","5","0","0","1","2","-2","1","1","2","5","4","5","4","2","1","2","3","4","3","4","6","4","8","3","7","6","5","7","5","5","3","3","6","2","5","2","5","5","1","2","2","5","1","1","5","5","4","6","3","1","2","2","1","1","2","6","2","1","7","1","1","1","1","1","2","1","7","1","3","799230569765543938","仲","102","Female","[""坏我"",""好我"",""好她"",""坏她""]","[""弱我"",""强我"",""强她"",""弱她""]","","","","","","","","","","","","","","","","","","feedback_test","","","","","","","","","","","","","","","","","","","","",""
"814","","f","psychophysics","1782","2846971","0.0-10.0-0.1-4.1-0.3-0.104","5","2","5","1","1","5","3","4","4","5","5","0","0","1","2","-2","1","1","2","5","4","5","4","2","1","2","3","4","3","4","6","4","8","3","7","6","5","7","5","5","3","3","6","2","5","2","5","5","1","2","2","5","1","1","5","5","4","6","3","1","2","2","1","1","2","6","2","1","7","1","1","1","1","1","2","1","7","1","3","799230569765543938","仲","102","Female","[""坏我"",""好我"",""好她"",""坏她""]","[""弱我"",""强我"",""强她"",""弱她""]","","","","","","","","match","","","","","","","","","ALT2","moral","","key","f","16.666037735845542","683","380","","好她","","","","f","true","","","match","","img/triangle.png","好她","",""
"null","<span style='color:GreenYellow; font-size: 70px;'>正确! </span>","null","html-keyboard-response","1783","2847480","0.0-10.0-0.1-4.1-0.3-1.104","5","2","5","1","1","5","3","4","4","5","5","0","0","1","2","-2","1","1","2","5","4","5","4","2","1","2","3","4","3","4","6","4","8","3","7","6","5","7","5","5","3","3","6","2","5","2","5","5","1","2","2","5","1","1","5","5","4","6","3","1","2","2","1","1","2","6","2","1","7","1","1","1","1","1","2","1","7","1","3","799230569765543938","仲","102","Female","[""坏我"",""好我"",""好她"",""坏她""]","[""弱我"",""强我"",""强她"",""弱她""]","","","","","","","","","","","","","","","","","","feedback_test","","","","","","","","","","","","","","","","","","","","",""
"670","","j","psychophysics","1784","2849151","0.0-10.0-0.1-4.1-0.3-0.105","5","2","5","1","1","5","3","4","4","5","5","0","0","1","2","-2","1","1","2","5","4","5","4","2","1","2","3","4","3","4","6","4","8","3","7","6","5","7","5","5","3","3","6","2","5","2","5","5","1","2","2","5","1","1","5","5","4","6","3","1","2","2","1","1","2","6","2","1","7","1","1","1","1","1","2","1","7","1","3","799230569765543938","仲","102","Female","[""坏我"",""好我"",""好她"",""坏她""]","[""弱我"",""强我"",""强她"",""弱她""]","","","","","","","","nonmatch","","","","","","","","","ALT2","moral","","key","j","16.665","683","380","","坏我","","","","j","true","","","nonmatch","","img/ellipse.png","好我","",""
"null","<span style='color:GreenYellow; font-size: 70px;'>正确! </span>","null","html-keyboard-response","1785","2849660","0.0-10.0-0.1-4.1-0.3-1.105","5","2","5","1","1","5","3","4","4","5","5","0","0","1","2","-2","1","1","2","5","4","5","4","2","1","2","3","4","3","4","6","4","8","3","7","6","5","7","5","5","3","3","6","2","5","2","5","5","1","2","2","5","1","1","5","5","4","6","3","1","2","2","1","1","2","6","2","1","7","1","1","1","1","1","2","1","7","1","3","799230569765543938","仲","102","Female","[""坏我"",""好我"",""好她"",""坏她""]","[""弱我"",""强我"",""强她"",""弱她""]","","","","","","","","","","","","","","","","","","feedback_test","","","","","","","","","","","","","","","","","","","","",""
"674","","f","psychophysics","1786","2851335","0.0-10.0-0.1-4.1-0.3-0.106","5","2","5","1","1","5","3","4","4","5","5","0","0","1","2","-2","1","1","2","5","4","5","4","2","1","2","3","4","3","4","6","4","8","3","7","6","5","7","5","5","3","3","6","2","5","2","5","5","1","2","2","5","1","1","5","5","4","6","3","1","2","2","1","1","2","6","2","1","7","1","1","1","1","1","2","1","7","1","3","799230569765543938","仲","102","Female","[""坏我"",""好我"",""好她"",""坏她""]","[""弱我"",""强我"",""强她"",""弱她""]","","","","","","","","match","","","","","","","","","ALT2","moral","","key","f","16.66600000000093","683","380","","坏我","","","","f","true","","","match","","img/square.png","坏我","",""
"null","<span style='color:GreenYellow; font-size: 70px;'>正确! </span>","null","html-keyboard-response","1787","2851841","0.0-10.0-0.1-4.1-0.3-1.106","5","2","5","1","1","5","3","4","4","5","5","0","0","1","2","-2","1","1","2","5","4","5","4","2","1","2","3","4","3","4","6","4","8","3","7","6","5","7","5","5","3","3","6","2","5","2","5","5","1","2","2","5","1","1","5","5","4","6","3","1","2","2","1","1","2","6","2","1","7","1","1","1","1","1","2","1","7","1","3","799230569765543938","仲","102","Female","[""坏我"",""好我"",""好她"",""坏她""]","[""弱我"",""强我"",""强她"",""弱她""]","","","","","","","","","","","","","","","","","","feedback_test","","","","","","","","","","","","","","","","","","","","",""
"730","","j","psychophysics","1788","2853576","0.0-10.0-0.1-4.1-0.3-0.107","5","2","5","1","1","5","3","4","4","5","5","0","0","1","2","-2","1","1","2","5","4","5","4","2","1","2","3","4","3","4","6","4","8","3","7","6","5","7","5","5","3","3","6","2","5","2","5","5","1","2","2","5","1","1","5","5","4","6","3","1","2","2","1","1","2","6","2","1","7","1","1","1","1","1","2","1","7","1","3","799230569765543938","仲","102","Female","[""坏我"",""好我"",""好她"",""坏她""]","[""弱我"",""强我"",""强她"",""弱她""]","","","","","","","","nonmatch","","","","","","","","","ALT2","moral","","key","j","16.66407766990201","683","380","","好我","","","","j","true","","","nonmatch","","img/triangle.png","好她","",""
"null","<span style='color:GreenYellow; font-size: 70px;'>正确! </span>","null","html-keyboard-response","1789","2854079","0.0-10.0-0.1-4.1-0.3-1.107","5","2","5","1","1","5","3","4","4","5","5","0","0","1","2","-2","1","1","2","5","4","5","4","2","1","2","3","4","3","4","6","4","8","3","7","6","5","7","5","5","3","3","6","2","5","2","5","5","1","2","2","5","1","1","5","5","4","6","3","1","2","2","1","1","2","6","2","1","7","1","1","1","1","1","2","1","7","1","3","799230569765543938","仲","102","Female","[""坏我"",""好我"",""好她"",""坏她""]","[""弱我"",""强我"",""强她"",""弱她""]","","","","","","","","","","","","","","","","","","feedback_test","","","","","","","","","","","","","","","","","","","","",""
"791","","j","psychophysics","1790","2855877","0.0-10.0-0.1-4.1-0.3-0.108","5","2","5","1","1","5","3","4","4","5","5","0","0","1","2","-2","1","1","2","5","4","5","4","2","1","2","3","4","3","4","6","4","8","3","7","6","5","7","5","5","3","3","6","2","5","2","5","5","1","2","2","5","1","1","5","5","4","6","3","1","2","2","1","1","2","6","2","1","7","1","1","1","1","1","2","1","7","1","3","799230569765543938","仲","102","Female","[""坏我"",""好我"",""好她"",""坏她""]","[""弱我"",""强我"",""强她"",""弱她""]","","","","","","","","nonmatch","","","","","","","","","ALT2","moral","","key","j","16.609433962260635","683","380","","好我","","","","j","true","","","nonmatch","","img/hexagon.png","坏她","",""
"null","<span style='color:GreenYellow; font-size: 70px;'>正确! </span>","null","html-keyboard-response","1791","2856384","0.0-10.0-0.1-4.1-0.3-1.108","5","2","5","1","1","5","3","4","4","5","5","0","0","1","2","-2","1","1","2","5","4","5","4","2","1","2","3","4","3","4","6","4","8","3","7","6","5","7","5","5","3","3","6","2","5","2","5","5","1","2","2","5","1","1","5","5","4","6","3","1","2","2","1","1","2","6","2","1","7","1","1","1","1","1","2","1","7","1","3","799230569765543938","仲","102","Female","[""坏我"",""好我"",""好她"",""坏她""]","[""弱我"",""强我"",""强她"",""弱她""]","","","","","","","","","","","","","","","","","","feedback_test","","","","","","","","","","","","","","","","","","","","",""
"836","","f","psychophysics","1792","2858221","0.0-10.0-0.1-4.1-0.3-0.109","5","2","5","1","1","5","3","4","4","5","5","0","0","1","2","-2","1","1","2","5","4","5","4","2","1","2","3","4","3","4","6","4","8","3","7","6","5","7","5","5","3","3","6","2","5","2","5","5","1","2","2","5","1","1","5","5","4","6","3","1","2","2","1","1","2","6","2","1","7","1","1","1","1","1","2","1","7","1","3","799230569765543938","仲","102","Female","[""坏我"",""好我"",""好她"",""坏她""]","[""弱我"",""强我"",""强她"",""弱她""]","","","","","","","","match","","","","","","","","","ALT2","moral","","key","f","16.666363636366178","683","380","","好她","","","","f","true","","","match","","img/triangle.png","好她","",""
"null","<span style='color:GreenYellow; font-size: 70px;'>正确! </span>","null","html-keyboard-response","1793","2858730","0.0-10.0-0.1-4.1-0.3-1.109","5","2","5","1","1","5","3","4","4","5","5","0","0","1","2","-2","1","1","2","5","4","5","4","2","1","2","3","4","3","4","6","4","8","3","7","6","5","7","5","5","3","3","6","2","5","2","5","5","1","2","2","5","1","1","5","5","4","6","3","1","2","2","1","1","2","6","2","1","7","1","1","1","1","1","2","1","7","1","3","799230569765543938","仲","102","Female","[""坏我"",""好我"",""好她"",""坏她""]","[""弱我"",""强我"",""强她"",""弱她""]","","","","","","","","","","","","","","","","","","feedback_test","","","","","","","","","","","","","","","","","","","","",""
"664","","j","psychophysics","1794","2860396","0.0-10.0-0.1-4.1-0.3-0.110","5","2","5","1","1","5","3","4","4","5","5","0","0","1","2","-2","1","1","2","5","4","5","4","2","1","2","3","4","3","4","6","4","8","3","7","6","5","7","5","5","3","3","6","2","5","2","5","5","1","2","2","5","1","1","5","5","4","6","3","1","2","2","1","1","2","6","2","1","7","1","1","1","1","1","2","1","7","1","3","799230569765543938","仲","102","Female","[""坏我"",""好我"",""好她"",""坏她""]","[""弱我"",""强我"",""强她"",""弱她""]","","","","","","","","nonmatch","","","","","","","","","ALT2","moral","","key","j","16.664646464649287","683","380","","坏我","","","","j","true","","","nonmatch","","img/triangle.png","好她","",""
"null","<span style='color:GreenYellow; font-size: 70px;'>正确! </span>","null","html-keyboard-response","1795","2860898","0.0-10.0-0.1-4.1-0.3-1.110","5","2","5","1","1","5","3","4","4","5","5","0","0","1","2","-2","1","1","2","5","4","5","4","2","1","2","3","4","3","4","6","4","8","3","7","6","5","7","5","5","3","3","6","2","5","2","5","5","1","2","2","5","1","1","5","5","4","6","3","1","2","2","1","1","2","6","2","1","7","1","1","1","1","1","2","1","7","1","3","799230569765543938","仲","102","Female","[""坏我"",""好我"",""好她"",""坏她""]","[""弱我"",""强我"",""强她"",""弱她""]","","","","","","","","","","","","","","","","","","feedback_test","","","","","","","","","","","","","","","","","","","","",""
"618","","f","psychophysics","1796","2862521","0.0-10.0-0.1-4.1-0.3-0.111","5","2","5","1","1","5","3","4","4","5","5","0","0","1","2","-2","1","1","2","5","4","5","4","2","1","2","3","4","3","4","6","4","8","3","7","6","5","7","5","5","3","3","6","2","5","2","5","5","1","2","2","5","1","1","5","5","4","6","3","1","2","2","1","1","2","6","2","1","7","1","1","1","1","1","2","1","7","1","3","799230569765543938","仲","102","Female","[""坏我"",""好我"",""好她"",""坏她""]","[""弱我"",""强我"",""强她"",""弱她""]","","","","","","","","match","","","","","","","","","ALT2","moral","","key","f","16.666666666666668","683","380","","坏我","","","","f","true","","","match","","img/square.png","坏我","",""
"null","<span style='color:GreenYellow; font-size: 70px;'>正确! </span>","null","html-keyboard-response","1797","2863028","0.0-10.0-0.1-4.1-0.3-1.111","5","2","5","1","1","5","3","4","4","5","5","0","0","1","2","-2","1","1","2","5","4","5","4","2","1","2","3","4","3","4","6","4","8","3","7","6","5","7","5","5","3","3","6","2","5","2","5","5","1","2","2","5","1","1","5","5","4","6","3","1","2","2","1","1","2","6","2","1","7","1","1","1","1","1","2","1","7","1","3","799230569765543938","仲","102","Female","[""坏我"",""好我"",""好她"",""坏她""]","[""弱我"",""强我"",""强她"",""弱她""]","","","","","","","","","","","","","","","","","","feedback_test","","","","","","","","","","","","","","","","","","","","",""
"709","","j","psychophysics","1798","2864740","0.0-10.0-0.1-4.1-0.3-0.112","5","2","5","1","1","5","3","4","4","5","5","0","0","1","2","-2","1","1","2","5","4","5","4","2","1","2","3","4","3","4","6","4","8","3","7","6","5","7","5","5","3","3","6","2","5","2","5","5","1","2","2","5","1","1","5","5","4","6","3","1","2","2","1","1","2","6","2","1","7","1","1","1","1","1","2","1","7","1","3","799230569765543938","仲","102","Female","[""坏我"",""好我"",""好她"",""坏她""]","[""弱我"",""强我"",""强她"",""弱她""]","","","","","","","","nonmatch","","","","","","","","","ALT2","moral","","key","j","16.66568627450889","683","380","","坏她","","","","j","true","","","nonmatch","","img/square.png","坏我","",""
"null","<span style='color:GreenYellow; font-size: 70px;'>正确! </span>","null","html-keyboard-response","1799","2865249","0.0-10.0-0.1-4.1-0.3-1.112","5","2","5","1","1","5","3","4","4","5","5","0","0","1","2","-2","1","1","2","5","4","5","4","2","1","2","3","4","3","4","6","4","8","3","7","6","5","7","5","5","3","3","6","2","5","2","5","5","1","2","2","5","1","1","5","5","4","6","3","1","2","2","1","1","2","6","2","1","7","1","1","1","1","1","2","1","7","1","3","799230569765543938","仲","102","Female","[""坏我"",""好我"",""好她"",""坏她""]","[""弱我"",""强我"",""强她"",""弱她""]","","","","","","","","","","","","","","","","","","feedback_test","","","","","","","","","","","","","","","","","","","","",""
"732","","j","psychophysics","1800","2866984","0.0-10.0-0.1-4.1-0.3-0.113","5","2","5","1","1","5","3","4","4","5","5","0","0","1","2","-2","1","1","2","5","4","5","4","2","1","2","3","4","3","4","6","4","8","3","7","6","5","7","5","5","3","3","6","2","5","2","5","5","1","2","2","5","1","1","5","5","4","6","3","1","2","2","1","1","2","6","2","1","7","1","1","1","1","1","2","1","7","1","3","799230569765543938","仲","102","Female","[""坏我"",""好我"",""好她"",""坏她""]","[""弱我"",""强我"",""强她"",""弱她""]","","","","","","","","nonmatch","","","","","","","","","ALT2","moral","","key","j","16.66534653465531","683","380","","坏她","","","","j","true","","","nonmatch","","img/triangle.png","好她","",""
"null","<span style='color:GreenYellow; font-size: 70px;'>正确! </span>","null","html-keyboard-response","1801","2867489","0.0-10.0-0.1-4.1-0.3-1.113","5","2","5","1","1","5","3","4","4","5","5","0","0","1","2","-2","1","1","2","5","4","5","4","2","1","2","3","4","3","4","6","4","8","3","7","6","5","7","5","5","3","3","6","2","5","2","5","5","1","2","2","5","1","1","5","5","4","6","3","1","2","2","1","1","2","6","2","1","7","1","1","1","1","1","2","1","7","1","3","799230569765543938","仲","102","Female","[""坏我"",""好我"",""好她"",""坏她""]","[""弱我"",""强我"",""强她"",""弱她""]","","","","","","","","","","","","","","","","","","feedback_test","","","","","","","","","","","","","","","","","","","","",""
"674","","f","psychophysics","1802","2869170","0.0-10.0-0.1-4.1-0.3-0.114","5","2","5","1","1","5","3","4","4","5","5","0","0","1","2","-2","1","1","2","5","4","5","4","2","1","2","3","4","3","4","6","4","8","3","7","6","5","7","5","5","3","3","6","2","5","2","5","5","1","2","2","5","1","1","5","5","4","6","3","1","2","2","1","1","2","6","2","1","7","1","1","1","1","1","2","1","7","1","3","799230569765543938","仲","102","Female","[""坏我"",""好我"",""好她"",""坏她""]","[""弱我"",""强我"",""强她"",""弱她""]","","","","","","","","match","","","","","","","","","ALT2","moral","","key","f","16.666666666666668","683","380","","好我","","","","f","true","","","match","","img/ellipse.png","好我","",""
"null","<span style='color:GreenYellow; font-size: 70px;'>正确! </span>","null","html-keyboard-response","1803","2869673","0.0-10.0-0.1-4.1-0.3-1.114","5","2","5","1","1","5","3","4","4","5","5","0","0","1","2","-2","1","1","2","5","4","5","4","2","1","2","3","4","3","4","6","4","8","3","7","6","5","7","5","5","3","3","6","2","5","2","5","5","1","2","2","5","1","1","5","5","4","6","3","1","2","2","1","1","2","6","2","1","7","1","1","1","1","1","2","1","7","1","3","799230569765543938","仲","102","Female","[""坏我"",""好我"",""好她"",""坏她""]","[""弱我"",""强我"",""强她"",""弱她""]","","","","","","","","","","","","","","","","","","feedback_test","","","","","","","","","","","","","","","","","","","","",""
"720","","f","psychophysics","1804","2871400","0.0-10.0-0.1-4.1-0.3-0.115","5","2","5","1","1","5","3","4","4","5","5","0","0","1","2","-2","1","1","2","5","4","5","4","2","1","2","3","4","3","4","6","4","8","3","7","6","5","7","5","5","3","3","6","2","5","2","5","5","1","2","2","5","1","1","5","5","4","6","3","1","2","2","1","1","2","6","2","1","7","1","1","1","1","1","2","1","7","1","3","799230569765543938","仲","102","Female","[""坏我"",""好我"",""好她"",""坏她""]","[""弱我"",""强我"",""强她"",""弱她""]","","","","","","","","match","","","","","","","","","ALT2","moral","","key","f","16.66568627450889","683","380","","坏她","","","","f","true","","","match","","img/hexagon.png","坏她","",""
"null","<span style='color:GreenYellow; font-size: 70px;'>正确! </span>","null","html-keyboard-response","1805","2871902","0.0-10.0-0.1-4.1-0.3-1.115","5","2","5","1","1","5","3","4","4","5","5","0","0","1","2","-2","1","1","2","5","4","5","4","2","1","2","3","4","3","4","6","4","8","3","7","6","5","7","5","5","3","3","6","2","5","2","5","5","1","2","2","5","1","1","5","5","4","6","3","1","2","2","1","1","2","6","2","1","7","1","1","1","1","1","2","1","7","1","3","799230569765543938","仲","102","Female","[""坏我"",""好我"",""好她"",""坏她""]","[""弱我"",""强我"",""强她"",""弱她""]","","","","","","","","","","","","","","","","","","feedback_test","","","","","","","","","","","","","","","","","","","","",""
"610","","j","psychophysics","1806","2873522","0.0-10.0-0.1-4.1-0.3-0.116","5","2","5","1","1","5","3","4","4","5","5","0","0","1","2","-2","1","1","2","5","4","5","4","2","1","2","3","4","3","4","6","4","8","3","7","6","5","7","5","5","3","3","6","2","5","2","5","5","1","2","2","5","1","1","5","5","4","6","3","1","2","2","1","1","2","6","2","1","7","1","1","1","1","1","2","1","7","1","3","799230569765543938","仲","102","Female","[""坏我"",""好我"",""好她"",""坏她""]","[""弱我"",""强我"",""强她"",""弱她""]","","","","","","","","nonmatch","","","","","","","","","ALT2","moral","","key","j","16.666666666666668","683","380","","坏她","","","","f","false","","","match","","img/hexagon.png","坏她","",""
"null","<span style='color:red; font-size: 70px;'>错误! </span>","null","html-keyboard-response","1807","2874027","0.0-10.0-0.1-4.1-0.3-1.116","5","2","5","1","1","5","3","4","4","5","5","0","0","1","2","-2","1","1","2","5","4","5","4","2","1","2","3","4","3","4","6","4","8","3","7","6","5","7","5","5","3","3","6","2","5","2","5","5","1","2","2","5","1","1","5","5","4","6","3","1","2","2","1","1","2","6","2","1","7","1","1","1","1","1","2","1","7","1","3","799230569765543938","仲","102","Female","[""坏我"",""好我"",""好她"",""坏她""]","[""弱我"",""强我"",""强她"",""弱她""]","","","","","","","","","","","","","","","","","","feedback_test","","","","","","","","","","","","","","","","","","","","",""
"656","","f","psychophysics","1808","2875687","0.0-10.0-0.1-4.1-0.3-0.117","5","2","5","1","1","5","3","4","4","5","5","0","0","1","2","-2","1","1","2","5","4","5","4","2","1","2","3","4","3","4","6","4","8","3","7","6","5","7","5","5","3","3","6","2","5","2","5","5","1","2","2","5","1","1","5","5","4","6","3","1","2","2","1","1","2","6","2","1","7","1","1","1","1","1","2","1","7","1","3","799230569765543938","仲","102","Female","[""坏我"",""好我"",""好她"",""坏她""]","[""弱我"",""强我"",""强她"",""弱她""]","","","","","","","","match","","","","","","","","","ALT2","moral","","key","f","16.666666666666668","683","380","","好我","","","","f","true","","","match","","img/ellipse.png","好我","",""
"null","<span style='color:GreenYellow; font-size: 70px;'>正确! </span>","null","html-keyboard-response","1809","2876196","0.0-10.0-0.1-4.1-0.3-1.117","5","2","5","1","1","5","3","4","4","5","5","0","0","1","2","-2","1","1","2","5","4","5","4","2","1","2","3","4","3","4","6","4","8","3","7","6","5","7","5","5","3","3","6","2","5","2","5","5","1","2","2","5","1","1","5","5","4","6","3","1","2","2","1","1","2","6","2","1","7","1","1","1","1","1","2","1","7","1","3","799230569765543938","仲","102","Female","[""坏我"",""好我"",""好她"",""坏她""]","[""弱我"",""强我"",""强她"",""弱她""]","","","","","","","","","","","","","","","","","","feedback_test","","","","","","","","","","","","","","","","","","","","",""
"697","","f","psychophysics","1810","2877896","0.0-10.0-0.1-4.1-0.3-0.118","5","2","5","1","1","5","3","4","4","5","5","0","0","1","2","-2","1","1","2","5","4","5","4","2","1","2","3","4","3","4","6","4","8","3","7","6","5","7","5","5","3","3","6","2","5","2","5","5","1","2","2","5","1","1","5","5","4","6","3","1","2","2","1","1","2","6","2","1","7","1","1","1","1","1","2","1","7","1","3","799230569765543938","仲","102","Female","[""坏我"",""好我"",""好她"",""坏她""]","[""弱我"",""强我"",""强她"",""弱她""]","","","","","","","","match","","","","","","","","","ALT2","moral","","key","f","16.667326732676955","683","380","","坏我","","","","f","true","","","match","","img/square.png","坏我","",""
"null","<span style='color:GreenYellow; font-size: 70px;'>正确! </span>","null","html-keyboard-response","1811","2878402","0.0-10.0-0.1-4.1-0.3-1.118","5","2","5","1","1","5","3","4","4","5","5","0","0","1","2","-2","1","1","2","5","4","5","4","2","1","2","3","4","3","4","6","4","8","3","7","6","5","7","5","5","3","3","6","2","5","2","5","5","1","2","2","5","1","1","5","5","4","6","3","1","2","2","1","1","2","6","2","1","7","1","1","1","1","1","2","1","7","1","3","799230569765543938","仲","102","Female","[""坏我"",""好我"",""好她"",""坏她""]","[""弱我"",""强我"",""强她"",""弱她""]","","","","","","","","","","","","","","","","","","feedback_test","","","","","","","","","","","","","","","","","","","","",""
"870","","j","psychophysics","1812","2880273","0.0-10.0-0.1-4.1-0.3-0.119","5","2","5","1","1","5","3","4","4","5","5","0","0","1","2","-2","1","1","2","5","4","5","4","2","1","2","3","4","3","4","6","4","8","3","7","6","5","7","5","5","3","3","6","2","5","2","5","5","1","2","2","5","1","1","5","5","4","6","3","1","2","2","1","1","2","6","2","1","7","1","1","1","1","1","2","1","7","1","3","799230569765543938","仲","102","Female","[""坏我"",""好我"",""好她"",""坏她""]","[""弱我"",""强我"",""强她"",""弱她""]","","","","","","","","nonmatch","","","","","","","","","ALT2","moral","","key","j","16.665765765764927","683","380","","好她","","","","j","true","","","nonmatch","","img/hexagon.png","坏她","",""
"null","<span style='color:GreenYellow; font-size: 70px;'>正确! </span>","null","html-keyboard-response","1813","2880782","0.0-10.0-0.1-4.1-0.3-1.119","5","2","5","1","1","5","3","4","4","5","5","0","0","1","2","-2","1","1","2","5","4","5","4","2","1","2","3","4","3","4","6","4","8","3","7","6","5","7","5","5","3","3","6","2","5","2","5","5","1","2","2","5","1","1","5","5","4","6","3","1","2","2","1","1","2","6","2","1","7","1","1","1","1","1","2","1","7","1","3","799230569765543938","仲","102","Female","[""坏我"",""好我"",""好她"",""坏她""]","[""弱我"",""强我"",""强她"",""弱她""]","","","","","","","","","","","","","","","","","","feedback_test","","","","","","","","","","","","","","","","","","","","",""
"721","","j","psychophysics","1814","2882506","0.0-10.0-0.1-4.1-0.3-0.120","5","2","5","1","1","5","3","4","4","5","5","0","0","1","2","-2","1","1","2","5","4","5","4","2","1","2","3","4","3","4","6","4","8","3","7","6","5","7","5","5","3","3","6","2","5","2","5","5","1","2","2","5","1","1","5","5","4","6","3","1","2","2","1","1","2","6","2","1","7","1","1","1","1","1","2","1","7","1","3","799230569765543938","仲","102","Female","[""坏我"",""好我"",""好她"",""坏她""]","[""弱我"",""强我"",""强她"",""弱她""]","","","","","","","","nonmatch","","","","","","","","","ALT2","moral","","key","j","16.66407766990201","683","380","","坏我","","","","j","true","","","nonmatch","","img/hexagon.png","坏她","",""
"null","<span style='color:GreenYellow; font-size: 70px;'>正确! </span>","null","html-keyboard-response","1815","2883011","0.0-10.0-0.1-4.1-0.3-1.120","5","2","5","1","1","5","3","4","4","5","5","0","0","1","2","-2","1","1","2","5","4","5","4","2","1","2","3","4","3","4","6","4","8","3","7","6","5","7","5","5","3","3","6","2","5","2","5","5","1","2","2","5","1","1","5","5","4","6","3","1","2","2","1","1","2","6","2","1","7","1","1","1","1","1","2","1","7","1","3","799230569765543938","仲","102","Female","[""坏我"",""好我"",""好她"",""坏她""]","[""弱我"",""强我"",""强她"",""弱她""]","","","","","","","","","","","","","","","","","","feedback_test","","","","","","","","","","","","","","","","","","","","",""
"934","","j","psychophysics","1816","2884951","0.0-10.0-0.1-4.1-0.3-0.121","5","2","5","1","1","5","3","4","4","5","5","0","0","1","2","-2","1","1","2","5","4","5","4","2","1","2","3","4","3","4","6","4","8","3","7","6","5","7","5","5","3","3","6","2","5","2","5","5","1","2","2","5","1","1","5","5","4","6","3","1","2","2","1","1","2","6","2","1","7","1","1","1","1","1","2","1","7","1","3","799230569765543938","仲","102","Female","[""坏我"",""好我"",""好她"",""坏她""]","[""弱我"",""强我"",""强她"",""弱她""]","","","","","","","","nonmatch","","","","","","","","","ALT2","moral","","key","j","16.812389380533446","683","380","","坏她","","","","j","true","","","nonmatch","","img/triangle.png","好她","",""
"null","<span style='color:GreenYellow; font-size: 70px;'>正确! </span>","null","html-keyboard-response","1817","2885458","0.0-10.0-0.1-4.1-0.3-1.121","5","2","5","1","1","5","3","4","4","5","5","0","0","1","2","-2","1","1","2","5","4","5","4","2","1","2","3","4","3","4","6","4","8","3","7","6","5","7","5","5","3","3","6","2","5","2","5","5","1","2","2","5","1","1","5","5","4","6","3","1","2","2","1","1","2","6","2","1","7","1","1","1","1","1","2","1","7","1","3","799230569765543938","仲","102","Female","[""坏我"",""好我"",""好她"",""坏她""]","[""弱我"",""强我"",""强她"",""弱她""]","","","","","","","","","","","","","","","","","","feedback_test","","","","","","","","","","","","","","","","","","","","",""
"682","","f","psychophysics","1818","2887142","0.0-10.0-0.1-4.1-0.3-0.122","5","2","5","1","1","5","3","4","4","5","5","0","0","1","2","-2","1","1","2","5","4","5","4","2","1","2","3","4","3","4","6","4","8","3","7","6","5","7","5","5","3","3","6","2","5","2","5","5","1","2","2","5","1","1","5","5","4","6","3","1","2","2","1","1","2","6","2","1","7","1","1","1","1","1","2","1","7","1","3","799230569765543938","仲","102","Female","[""坏我"",""好我"",""好她"",""坏她""]","[""弱我"",""强我"",""强她"",""弱她""]","","","","","","","","match","","","","","","","","","ALT2","moral","","key","f","16.665","683","380","","坏我","","","","f","true","","","match","","img/square.png","坏我","",""
"null","<span style='color:GreenYellow; font-size: 70px;'>正确! </span>","null","html-keyboard-response","1819","2887646","0.0-10.0-0.1-4.1-0.3-1.122","5","2","5","1","1","5","3","4","4","5","5","0","0","1","2","-2","1","1","2","5","4","5","4","2","1","2","3","4","3","4","6","4","8","3","7","6","5","7","5","5","3","3","6","2","5","2","5","5","1","2","2","5","1","1","5","5","4","6","3","1","2","2","1","1","2","6","2","1","7","1","1","1","1","1","2","1","7","1","3","799230569765543938","仲","102","Female","[""坏我"",""好我"",""好她"",""坏她""]","[""弱我"",""强我"",""强她"",""弱她""]","","","","","","","","","","","","","","","","","","feedback_test","","","","","","","","","","","","","","","","","","","","",""
"727","","j","psychophysics","1820","2889378","0.0-10.0-0.1-4.1-0.3-0.123","5","2","5","1","1","5","3","4","4","5","5","0","0","1","2","-2","1","1","2","5","4","5","4","2","1","2","3","4","3","4","6","4","8","3","7","6","5","7","5","5","3","3","6","2","5","2","5","5","1","2","2","5","1","1","5","5","4","6","3","1","2","2","1","1","2","6","2","1","7","1","1","1","1","1","2","1","7","1","3","799230569765543938","仲","102","Female","[""坏我"",""好我"",""好她"",""坏她""]","[""弱我"",""强我"",""强她"",""弱她""]","","","","","","","","nonmatch","","","","","","","","","ALT2","moral","","key","j","16.66601941747211","683","380","","好我","","","","j","true","","","nonmatch","","img/square.png","坏我","",""
"null","<span style='color:GreenYellow; font-size: 70px;'>正确! </span>","null","html-keyboard-response","1821","2889880","0.0-10.0-0.1-4.1-0.3-1.123","5","2","5","1","1","5","3","4","4","5","5","0","0","1","2","-2","1","1","2","5","4","5","4","2","1","2","3","4","3","4","6","4","8","3","7","6","5","7","5","5","3","3","6","2","5","2","5","5","1","2","2","5","1","1","5","5","4","6","3","1","2","2","1","1","2","6","2","1","7","1","1","1","1","1","2","1","7","1","3","799230569765543938","仲","102","Female","[""坏我"",""好我"",""好她"",""坏她""]","[""弱我"",""强我"",""强她"",""弱她""]","","","","","","","","","","","","","","","","","","feedback_test","","","","","","","","","","","","","","","","","","","","",""
"643","","f","psychophysics","1822","2891527","0.0-10.0-0.1-4.1-0.3-0.124","5","2","5","1","1","5","3","4","4","5","5","0","0","1","2","-2","1","1","2","5","4","5","4","2","1","2","3","4","3","4","6","4","8","3","7","6","5","7","5","5","3","3","6","2","5","2","5","5","1","2","2","5","1","1","5","5","4","6","3","1","2","2","1","1","2","6","2","1","7","1","1","1","1","1","2","1","7","1","3","799230569765543938","仲","102","Female","[""坏我"",""好我"",""好她"",""坏她""]","[""弱我"",""强我"",""强她"",""弱她""]","","","","","","","","match","","","","","","","","","ALT2","moral","","key","f","16.66734693877931","683","380","","坏我","","","","f","true","","","match","","img/square.png","坏我","",""
"null","<span style='color:GreenYellow; font-size: 70px;'>正确! </span>","null","html-keyboard-response","1823","2892033","0.0-10.0-0.1-4.1-0.3-1.124","5","2","5","1","1","5","3","4","4","5","5","0","0","1","2","-2","1","1","2","5","4","5","4","2","1","2","3","4","3","4","6","4","8","3","7","6","5","7","5","5","3","3","6","2","5","2","5","5","1","2","2","5","1","1","5","5","4","6","3","1","2","2","1","1","2","6","2","1","7","1","1","1","1","1","2","1","7","1","3","799230569765543938","仲","102","Female","[""坏我"",""好我"",""好她"",""坏她""]","[""弱我"",""强我"",""强她"",""弱她""]","","","","","","","","","","","","","","","","","","feedback_test","","","","","","","","","","","","","","","","","","","","",""
"710","","j","psychophysics","1824","2893744","0.0-10.0-0.1-4.1-0.3-0.125","5","2","5","1","1","5","3","4","4","5","5","0","0","1","2","-2","1","1","2","5","4","5","4","2","1","2","3","4","3","4","6","4","8","3","7","6","5","7","5","5","3","3","6","2","5","2","5","5","1","2","2","5","1","1","5","5","4","6","3","1","2","2","1","1","2","6","2","1","7","1","1","1","1","1","2","1","7","1","3","799230569765543938","仲","102","Female","[""坏我"",""好我"",""好她"",""坏她""]","[""弱我"",""强我"",""强她"",""弱她""]","","","","","","","","nonmatch","","","","","","","","","ALT2","moral","","key","j","16.66534653465531","683","380","","坏我","","","","j","true","","","nonmatch","","img/triangle.png","好她","",""
"null","<span style='color:GreenYellow; font-size: 70px;'>正确! </span>","null","html-keyboard-response","1825","2894251","0.0-10.0-0.1-4.1-0.3-1.125","5","2","5","1","1","5","3","4","4","5","5","0","0","1","2","-2","1","1","2","5","4","5","4","2","1","2","3","4","3","4","6","4","8","3","7","6","5","7","5","5","3","3","6","2","5","2","5","5","1","2","2","5","1","1","5","5","4","6","3","1","2","2","1","1","2","6","2","1","7","1","1","1","1","1","2","1","7","1","3","799230569765543938","仲","102","Female","[""坏我"",""好我"",""好她"",""坏她""]","[""弱我"",""强我"",""强她"",""弱她""]","","","","","","","","","","","","","","","","","","feedback_test","","","","","","","","","","","","","","","","","","","","",""
"794","","f","psychophysics","1826","2896054","0.0-10.0-0.1-4.1-0.3-0.126","5","2","5","1","1","5","3","4","4","5","5","0","0","1","2","-2","1","1","2","5","4","5","4","2","1","2","3","4","3","4","6","4","8","3","7","6","5","7","5","5","3","3","6","2","5","2","5","5","1","2","2","5","1","1","5","5","4","6","3","1","2","2","1","1","2","6","2","1","7","1","1","1","1","1","2","1","7","1","3","799230569765543938","仲","102","Female","[""坏我"",""好我"",""好她"",""坏她""]","[""弱我"",""强我"",""强她"",""弱她""]","","","","","","","","match","","","","","","","","","ALT2","moral","","key","f","16.666355140189527","683","380","","坏她","","","","f","true","","","match","","img/hexagon.png","坏她","",""
"null","<span style='color:GreenYellow; font-size: 70px;'>正确! </span>","null","html-keyboard-response","1827","2896559","0.0-10.0-0.1-4.1-0.3-1.126","5","2","5","1","1","5","3","4","4","5","5","0","0","1","2","-2","1","1","2","5","4","5","4","2","1","2","3","4","3","4","6","4","8","3","7","6","5","7","5","5","3","3","6","2","5","2","5","5","1","2","2","5","1","1","5","5","4","6","3","1","2","2","1","1","2","6","2","1","7","1","1","1","1","1","2","1","7","1","3","799230569765543938","仲","102","Female","[""坏我"",""好我"",""好她"",""坏她""]","[""弱我"",""强我"",""强她"",""弱她""]","","","","","","","","","","","","","","","","","","feedback_test","","","","","","","","","","","","","","","","","","","","",""
"657","","f","psychophysics","1828","2898224","0.0-10.0-0.1-4.1-0.3-0.127","5","2","5","1","1","5","3","4","4","5","5","0","0","1","2","-2","1","1","2","5","4","5","4","2","1","2","3","4","3","4","6","4","8","3","7","6","5","7","5","5","3","3","6","2","5","2","5","5","1","2","2","5","1","1","5","5","4","6","3","1","2","2","1","1","2","6","2","1","7","1","1","1","1","1","2","1","7","1","3","799230569765543938","仲","102","Female","[""坏我"",""好我"",""好她"",""坏她""]","[""弱我"",""强我"",""强她"",""弱她""]","","","","","","","","match","","","","","","","","","ALT2","moral","","key","f","16.665656565660328","683","380","","好她","","","","f","true","","","match","","img/triangle.png","好她","",""
"null","<span style='color:GreenYellow; font-size: 70px;'>正确! </span>","null","html-keyboard-response","1829","2898728","0.0-10.0-0.1-4.1-0.3-1.127","5","2","5","1","1","5","3","4","4","5","5","0","0","1","2","-2","1","1","2","5","4","5","4","2","1","2","3","4","3","4","6","4","8","3","7","6","5","7","5","5","3","3","6","2","5","2","5","5","1","2","2","5","1","1","5","5","4","6","3","1","2","2","1","1","2","6","2","1","7","1","1","1","1","1","2","1","7","1","3","799230569765543938","仲","102","Female","[""坏我"",""好我"",""好她"",""坏她""]","[""弱我"",""强我"",""强她"",""弱她""]","","","","","","","","","","","","","","","","","","feedback_test","","","","","","","","","","","","","","","","","","","","",""
"687","","f","psychophysics","1830","2900419","0.0-10.0-0.1-4.1-0.3-0.128","5","2","5","1","1","5","3","4","4","5","5","0","0","1","2","-2","1","1","2","5","4","5","4","2","1","2","3","4","3","4","6","4","8","3","7","6","5","7","5","5","3","3","6","2","5","2","5","5","1","2","2","5","1","1","5","5","4","6","3","1","2","2","1","1","2","6","2","1","7","1","1","1","1","1","2","1","7","1","3","799230569765543938","仲","102","Female","[""坏我"",""好我"",""好她"",""坏她""]","[""弱我"",""强我"",""强她"",""弱她""]","","","","","","","","match","","","","","","","","","ALT2","moral","","key","f","16.665","683","380","","坏我","","","","f","true","","","match","","img/square.png","坏我","",""
"null","<span style='color:GreenYellow; font-size: 70px;'>正确! </span>","null","html-keyboard-response","1831","2900926","0.0-10.0-0.1-4.1-0.3-1.128","5","2","5","1","1","5","3","4","4","5","5","0","0","1","2","-2","1","1","2","5","4","5","4","2","1","2","3","4","3","4","6","4","8","3","7","6","5","7","5","5","3","3","6","2","5","2","5","5","1","2","2","5","1","1","5","5","4","6","3","1","2","2","1","1","2","6","2","1","7","1","1","1","1","1","2","1","7","1","3","799230569765543938","仲","102","Female","[""坏我"",""好我"",""好她"",""坏她""]","[""弱我"",""强我"",""强她"",""弱她""]","","","","","","","","","","","","","","","","","","feedback_test","","","","","","","","","","","","","","","","","","","","",""
"677","","j","psychophysics","1832","2902610","0.0-10.0-0.1-4.1-0.3-0.129","5","2","5","1","1","5","3","4","4","5","5","0","0","1","2","-2","1","1","2","5","4","5","4","2","1","2","3","4","3","4","6","4","8","3","7","6","5","7","5","5","3","3","6","2","5","2","5","5","1","2","2","5","1","1","5","5","4","6","3","1","2","2","1","1","2","6","2","1","7","1","1","1","1","1","2","1","7","1","3","799230569765543938","仲","102","Female","[""坏我"",""好我"",""好她"",""坏她""]","[""弱我"",""强我"",""强她"",""弱她""]","","","","","","","","nonmatch","","","","","","","","","ALT2","moral","","key","j","16.665656565655624","683","380","","好她","","","","j","true","","","nonmatch","","img/square.png","坏我","",""
"null","<span style='color:GreenYellow; font-size: 70px;'>正确! </span>","null","html-keyboard-response","1833","2903114","0.0-10.0-0.1-4.1-0.3-1.129","5","2","5","1","1","5","3","4","4","5","5","0","0","1","2","-2","1","1","2","5","4","5","4","2","1","2","3","4","3","4","6","4","8","3","7","6","5","7","5","5","3","3","6","2","5","2","5","5","1","2","2","5","1","1","5","5","4","6","3","1","2","2","1","1","2","6","2","1","7","1","1","1","1","1","2","1","7","1","3","799230569765543938","仲","102","Female","[""坏我"",""好我"",""好她"",""坏她""]","[""弱我"",""强我"",""强她"",""弱她""]","","","","","","","","","","","","","","","","","","feedback_test","","","","","","","","","","","","","","","","","","","","",""
"917","","j","psychophysics","1834","2905033","0.0-10.0-0.1-4.1-0.3-0.130","5","2","5","1","1","5","3","4","4","5","5","0","0","1","2","-2","1","1","2","5","4","5","4","2","1","2","3","4","3","4","6","4","8","3","7","6","5","7","5","5","3","3","6","2","5","2","5","5","1","2","2","5","1","1","5","5","4","6","3","1","2","2","1","1","2","6","2","1","7","1","1","1","1","1","2","1","7","1","3","799230569765543938","仲","102","Female","[""坏我"",""好我"",""好她"",""坏她""]","[""弱我"",""强我"",""强她"",""弱她""]","","","","","","","","nonmatch","","","","","","","","","ALT2","moral","","key","j","16.664912280700122","683","380","","好她","","","","j","true","","","nonmatch","","img/hexagon.png","坏她","",""
"null","<span style='color:GreenYellow; font-size: 70px;'>正确! </span>","null","html-keyboard-response","1835","2905543","0.0-10.0-0.1-4.1-0.3-1.130","5","2","5","1","1","5","3","4","4","5","5","0","0","1","2","-2","1","1","2","5","4","5","4","2","1","2","3","4","3","4","6","4","8","3","7","6","5","7","5","5","3","3","6","2","5","2","5","5","1","2","2","5","1","1","5","5","4","6","3","1","2","2","1","1","2","6","2","1","7","1","1","1","1","1","2","1","7","1","3","799230569765543938","仲","102","Female","[""坏我"",""好我"",""好她"",""坏她""]","[""弱我"",""强我"",""强她"",""弱她""]","","","","","","","","","","","","","","","","","","feedback_test","","","","","","","","","","","","","","","","","","","","",""
"813","","j","psychophysics","1836","2907362","0.0-10.0-0.1-4.1-0.3-0.131","5","2","5","1","1","5","3","4","4","5","5","0","0","1","2","-2","1","1","2","5","4","5","4","2","1","2","3","4","3","4","6","4","8","3","7","6","5","7","5","5","3","3","6","2","5","2","5","5","1","2","2","5","1","1","5","5","4","6","3","1","2","2","1","1","2","6","2","1","7","1","1","1","1","1","2","1","7","1","3","799230569765543938","仲","102","Female","[""坏我"",""好我"",""好她"",""坏她""]","[""弱我"",""强我"",""强她"",""弱她""]","","","","","","","","nonmatch","","","","","","","","","ALT2","moral","","key","j","16.665420560749403","683","380","","坏她","","","","j","true","","","nonmatch","","img/square.png","坏我","",""
"null","<span style='color:GreenYellow; font-size: 70px;'>正确! </span>","null","html-keyboard-response","1837","2907865","0.0-10.0-0.1-4.1-0.3-1.131","5","2","5","1","1","5","3","4","4","5","5","0","0","1","2","-2","1","1","2","5","4","5","4","2","1","2","3","4","3","4","6","4","8","3","7","6","5","7","5","5","3","3","6","2","5","2","5","5","1","2","2","5","1","1","5","5","4","6","3","1","2","2","1","1","2","6","2","1","7","1","1","1","1","1","2","1","7","1","3","799230569765543938","仲","102","Female","[""坏我"",""好我"",""好她"",""坏她""]","[""弱我"",""强我"",""强她"",""弱她""]","","","","","","","","","","","","","","","","","","feedback_test","","","","","","","","","","","","","","","","","","","","",""
"742","","j","psychophysics","1838","2909609","0.0-10.0-0.1-4.1-0.3-0.132","5","2","5","1","1","5","3","4","4","5","5","0","0","1","2","-2","1","1","2","5","4","5","4","2","1","2","3","4","3","4","6","4","8","3","7","6","5","7","5","5","3","3","6","2","5","2","5","5","1","2","2","5","1","1","5","5","4","6","3","1","2","2","1","1","2","6","2","1","7","1","1","1","1","1","2","1","7","1","3","799230569765543938","仲","102","Female","[""坏我"",""好我"",""好她"",""坏她""]","[""弱我"",""强我"",""强她"",""弱她""]","","","","","","","","nonmatch","","","","","","","","","ALT2","moral","","key","j","16.606796116504853","683","380","","坏我","","","","j","true","","","nonmatch","","img/ellipse.png","好我","",""
"null","<span style='color:GreenYellow; font-size: 70px;'>正确! </span>","null","html-keyboard-response","1839","2910117","0.0-10.0-0.1-4.1-0.3-1.132","5","2","5","1","1","5","3","4","4","5","5","0","0","1","2","-2","1","1","2","5","4","5","4","2","1","2","3","4","3","4","6","4","8","3","7","6","5","7","5","5","3","3","6","2","5","2","5","5","1","2","2","5","1","1","5","5","4","6","3","1","2","2","1","1","2","6","2","1","7","1","1","1","1","1","2","1","7","1","3","799230569765543938","仲","102","Female","[""坏我"",""好我"",""好她"",""坏她""]","[""弱我"",""强我"",""强她"",""弱她""]","","","","","","","","","","","","","","","","","","feedback_test","","","","","","","","","","","","","","","","","","","","",""
"768","","f","psychophysics","1840","2911895","0.0-10.0-0.1-4.1-0.3-0.133","5","2","5","1","1","5","3","4","4","5","5","0","0","1","2","-2","1","1","2","5","4","5","4","2","1","2","3","4","3","4","6","4","8","3","7","6","5","7","5","5","3","3","6","2","5","2","5","5","1","2","2","5","1","1","5","5","4","6","3","1","2","2","1","1","2","6","2","1","7","1","1","1","1","1","2","1","7","1","3","799230569765543938","仲","102","Female","[""坏我"",""好我"",""好她"",""坏她""]","[""弱我"",""强我"",""强她"",""弱她""]","","","","","","","","match","","","","","","","","","ALT2","moral","","key","f","16.666666666666668","683","380","","坏她","","","","f","true","","","match","","img/hexagon.png","坏她","",""
"null","<span style='color:GreenYellow; font-size: 70px;'>正确! </span>","null","html-keyboard-response","1841","2912400","0.0-10.0-0.1-4.1-0.3-1.133","5","2","5","1","1","5","3","4","4","5","5","0","0","1","2","-2","1","1","2","5","4","5","4","2","1","2","3","4","3","4","6","4","8","3","7","6","5","7","5","5","3","3","6","2","5","2","5","5","1","2","2","5","1","1","5","5","4","6","3","1","2","2","1","1","2","6","2","1","7","1","1","1","1","1","2","1","7","1","3","799230569765543938","仲","102","Female","[""坏我"",""好我"",""好她"",""坏她""]","[""弱我"",""强我"",""强她"",""弱她""]","","","","","","","","","","","","","","","","","","feedback_test","","","","","","","","","","","","","","","","","","","","",""
"680","","f","psychophysics","1842","2914082","0.0-10.0-0.1-4.1-0.3-0.134","5","2","5","1","1","5","3","4","4","5","5","0","0","1","2","-2","1","1","2","5","4","5","4","2","1","2","3","4","3","4","6","4","8","3","7","6","5","7","5","5","3","3","6","2","5","2","5","5","1","2","2","5","1","1","5","5","4","6","3","1","2","2","1","1","2","6","2","1","7","1","1","1","1","1","2","1","7","1","3","799230569765543938","仲","102","Female","[""坏我"",""好我"",""好她"",""坏她""]","[""弱我"",""强我"",""强她"",""弱她""]","","","","","","","","match","","","","","","","","","ALT2","moral","","key","f","16.666326530610345","683","380","","好她","","","","f","true","","","match","","img/triangle.png","好她","",""
"null","<span style='color:GreenYellow; font-size: 70px;'>正确! </span>","null","html-keyboard-response","1843","2914585","0.0-10.0-0.1-4.1-0.3-1.134","5","2","5","1","1","5","3","4","4","5","5","0","0","1","2","-2","1","1","2","5","4","5","4","2","1","2","3","4","3","4","6","4","8","3","7","6","5","7","5","5","3","3","6","2","5","2","5","5","1","2","2","5","1","1","5","5","4","6","3","1","2","2","1","1","2","6","2","1","7","1","1","1","1","1","2","1","7","1","3","799230569765543938","仲","102","Female","[""坏我"",""好我"",""好她"",""坏她""]","[""弱我"",""强我"",""强她"",""弱她""]","","","","","","","","","","","","","","","","","","feedback_test","","","","","","","","","","","","","","","","","","","","",""
"710","","f","psychophysics","1844","2916296","0.0-10.0-0.1-4.1-0.3-0.135","5","2","5","1","1","5","3","4","4","5","5","0","0","1","2","-2","1","1","2","5","4","5","4","2","1","2","3","4","3","4","6","4","8","3","7","6","5","7","5","5","3","3","6","2","5","2","5","5","1","2","2","5","1","1","5","5","4","6","3","1","2","2","1","1","2","6","2","1","7","1","1","1","1","1","2","1","7","1","3","799230569765543938","仲","102","Female","[""坏我"",""好我"",""好她"",""坏她""]","[""弱我"",""强我"",""强她"",""弱她""]","","","","","","","","match","","","","","","","","","ALT2","moral","","key","f","16.664705882351114","683","380","","坏她","","","","f","true","","","match","","img/hexagon.png","坏她","",""
"null","<span style='color:GreenYellow; font-size: 70px;'>正确! </span>","null","html-keyboard-response","1845","2916799","0.0-10.0-0.1-4.1-0.3-1.135","5","2","5","1","1","5","3","4","4","5","5","0","0","1","2","-2","1","1","2","5","4","5","4","2","1","2","3","4","3","4","6","4","8","3","7","6","5","7","5","5","3","3","6","2","5","2","5","5","1","2","2","5","1","1","5","5","4","6","3","1","2","2","1","1","2","6","2","1","7","1","1","1","1","1","2","1","7","1","3","799230569765543938","仲","102","Female","[""坏我"",""好我"",""好她"",""坏她""]","[""弱我"",""强我"",""强她"",""弱她""]","","","","","","","","","","","","","","","","","","feedback_test","","","","","","","","","","","","","","","","","","","","",""
"619","","f","psychophysics","1846","2918427","0.0-10.0-0.1-4.1-0.3-0.136","5","2","5","1","1","5","3","4","4","5","5","0","0","1","2","-2","1","1","2","5","4","5","4","2","1","2","3","4","3","4","6","4","8","3","7","6","5","7","5","5","3","3","6","2","5","2","5","5","1","2","2","5","1","1","5","5","4","6","3","1","2","2","1","1","2","6","2","1","7","1","1","1","1","1","2","1","7","1","3","799230569765543938","仲","102","Female","[""坏我"",""好我"",""好她"",""坏她""]","[""弱我"",""强我"",""强她"",""弱她""]","","","","","","","","match","","","","","","","","","ALT2","moral","","key","f","16.667708333334303","683","380","","好我","","","","j","false","","","nonmatch","","img/triangle.png","好她","",""
"null","<span style='color:red; font-size: 70px;'>错误! </span>","null","html-keyboard-response","1847","2918932","0.0-10.0-0.1-4.1-0.3-1.136","5","2","5","1","1","5","3","4","4","5","5","0","0","1","2","-2","1","1","2","5","4","5","4","2","1","2","3","4","3","4","6","4","8","3","7","6","5","7","5","5","3","3","6","2","5","2","5","5","1","2","2","5","1","1","5","5","4","6","3","1","2","2","1","1","2","6","2","1","7","1","1","1","1","1","2","1","7","1","3","799230569765543938","仲","102","Female","[""坏我"",""好我"",""好她"",""坏她""]","[""弱我"",""强我"",""强她"",""弱她""]","","","","","","","","","","","","","","","","","","feedback_test","","","","","","","","","","","","","","","","","","","","",""
"662","","f","psychophysics","1848","2920598","0.0-10.0-0.1-4.1-0.3-0.137","5","2","5","1","1","5","3","4","4","5","5","0","0","1","2","-2","1","1","2","5","4","5","4","2","1","2","3","4","3","4","6","4","8","3","7","6","5","7","5","5","3","3","6","2","5","2","5","5","1","2","2","5","1","1","5","5","4","6","3","1","2","2","1","1","2","6","2","1","7","1","1","1","1","1","2","1","7","1","3","799230569765543938","仲","102","Female","[""坏我"",""好我"",""好她"",""坏她""]","[""弱我"",""强我"",""强她"",""弱她""]","","","","","","","","match","","","","","","","","","ALT2","moral","","key","f","16.665656565660328","683","380","","好我","","","","f","true","","","match","","img/ellipse.png","好我","",""
"null","<span style='color:GreenYellow; font-size: 70px;'>正确! </span>","null","html-keyboard-response","1849","2921100","0.0-10.0-0.1-4.1-0.3-1.137","5","2","5","1","1","5","3","4","4","5","5","0","0","1","2","-2","1","1","2","5","4","5","4","2","1","2","3","4","3","4","6","4","8","3","7","6","5","7","5","5","3","3","6","2","5","2","5","5","1","2","2","5","1","1","5","5","4","6","3","1","2","2","1","1","2","6","2","1","7","1","1","1","1","1","2","1","7","1","3","799230569765543938","仲","102","Female","[""坏我"",""好我"",""好她"",""坏她""]","[""弱我"",""强我"",""强她"",""弱她""]","","","","","","","","","","","","","","","","","","feedback_test","","","","","","","","","","","","","","","","","","","","",""
"619","","j","psychophysics","1850","2922723","0.0-10.0-0.1-4.1-0.3-0.138","5","2","5","1","1","5","3","4","4","5","5","0","0","1","2","-2","1","1","2","5","4","5","4","2","1","2","3","4","3","4","6","4","8","3","7","6","5","7","5","5","3","3","6","2","5","2","5","5","1","2","2","5","1","1","5","5","4","6","3","1","2","2","1","1","2","6","2","1","7","1","1","1","1","1","2","1","7","1","3","799230569765543938","仲","102","Female","[""坏我"",""好我"",""好她"",""坏她""]","[""弱我"",""强我"",""强她"",""弱她""]","","","","","","","","nonmatch","","","","","","","","","ALT2","moral","","key","j","16.666666666666668","683","380","","好她","","","","j","true","","","nonmatch","","img/ellipse.png","好我","",""
"null","<span style='color:GreenYellow; font-size: 70px;'>正确! </span>","null","html-keyboard-response","1851","2923231","0.0-10.0-0.1-4.1-0.3-1.138","5","2","5","1","1","5","3","4","4","5","5","0","0","1","2","-2","1","1","2","5","4","5","4","2","1","2","3","4","3","4","6","4","8","3","7","6","5","7","5","5","3","3","6","2","5","2","5","5","1","2","2","5","1","1","5","5","4","6","3","1","2","2","1","1","2","6","2","1","7","1","1","1","1","1","2","1","7","1","3","799230569765543938","仲","102","Female","[""坏我"",""好我"",""好她"",""坏她""]","[""弱我"",""强我"",""强她"",""弱她""]","","","","","","","","","","","","","","","","","","feedback_test","","","","","","","","","","","","","","","","","","","","",""
"720","","f","psychophysics","1852","2924956","0.0-10.0-0.1-4.1-0.3-0.139","5","2","5","1","1","5","3","4","4","5","5","0","0","1","2","-2","1","1","2","5","4","5","4","2","1","2","3","4","3","4","6","4","8","3","7","6","5","7","5","5","3","3","6","2","5","2","5","5","1","2","2","5","1","1","5","5","4","6","3","1","2","2","1","1","2","6","2","1","7","1","1","1","1","1","2","1","7","1","3","799230569765543938","仲","102","Female","[""坏我"",""好我"",""好她"",""坏她""]","[""弱我"",""强我"",""强她"",""弱她""]","","","","","","","","match","","","","","","","","","ALT2","moral","","key","f","16.666666666666668","683","380","","好我","","","","f","true","","","match","","img/ellipse.png","好我","",""
"null","<span style='color:GreenYellow; font-size: 70px;'>正确! </span>","null","html-keyboard-response","1853","2925459","0.0-10.0-0.1-4.1-0.3-1.139","5","2","5","1","1","5","3","4","4","5","5","0","0","1","2","-2","1","1","2","5","4","5","4","2","1","2","3","4","3","4","6","4","8","3","7","6","5","7","5","5","3","3","6","2","5","2","5","5","1","2","2","5","1","1","5","5","4","6","3","1","2","2","1","1","2","6","2","1","7","1","1","1","1","1","2","1","7","1","3","799230569765543938","仲","102","Female","[""坏我"",""好我"",""好她"",""坏她""]","[""弱我"",""强我"",""强她"",""弱她""]","","","","","","","","","","","","","","","","","","feedback_test","","","","","","","","","","","","","","","","","","","","",""
"910","","j","psychophysics","1854","2927371","0.0-10.0-0.1-4.1-0.3-0.140","5","2","5","1","1","5","3","4","4","5","5","0","0","1","2","-2","1","1","2","5","4","5","4","2","1","2","3","4","3","4","6","4","8","3","7","6","5","7","5","5","3","3","6","2","5","2","5","5","1","2","2","5","1","1","5","5","4","6","3","1","2","2","1","1","2","6","2","1","7","1","1","1","1","1","2","1","7","1","3","799230569765543938","仲","102","Female","[""坏我"",""好我"",""好她"",""坏她""]","[""弱我"",""强我"",""强她"",""弱她""]","","","","","","","","nonmatch","","","","","","","","","ALT2","moral","","key","j","16.667256637167316","683","380","","坏我","","","","j","true","","","nonmatch","","img/hexagon.png","坏她","",""
"null","<span style='color:GreenYellow; font-size: 70px;'>正确! </span>","null","html-keyboard-response","1855","2927879","0.0-10.0-0.1-4.1-0.3-1.140","5","2","5","1","1","5","3","4","4","5","5","0","0","1","2","-2","1","1","2","5","4","5","4","2","1","2","3","4","3","4","6","4","8","3","7","6","5","7","5","5","3","3","6","2","5","2","5","5","1","2","2","5","1","1","5","5","4","6","3","1","2","2","1","1","2","6","2","1","7","1","1","1","1","1","2","1","7","1","3","799230569765543938","仲","102","Female","[""坏我"",""好我"",""好她"",""坏她""]","[""弱我"",""强我"",""强她"",""弱她""]","","","","","","","","","","","","","","","","","","feedback_test","","","","","","","","","","","","","","","","","","","","",""
"664","","f","psychophysics","1856","2929546","0.0-10.0-0.1-4.1-0.3-0.141","5","2","5","1","1","5","3","4","4","5","5","0","0","1","2","-2","1","1","2","5","4","5","4","2","1","2","3","4","3","4","6","4","8","3","7","6","5","7","5","5","3","3","6","2","5","2","5","5","1","2","2","5","1","1","5","5","4","6","3","1","2","2","1","1","2","6","2","1","7","1","1","1","1","1","2","1","7","1","3","799230569765543938","仲","102","Female","[""坏我"",""好我"",""好她"",""坏她""]","[""弱我"",""强我"",""强她"",""弱她""]","","","","","","","","match","","","","","","","","","ALT2","moral","","key","f","16.665656565660328","683","380","","好她","","","","f","true","","","match","","img/triangle.png","好她","",""
"null","<span style='color:GreenYellow; font-size: 70px;'>正确! </span>","null","html-keyboard-response","1857","2930048","0.0-10.0-0.1-4.1-0.3-1.141","5","2","5","1","1","5","3","4","4","5","5","0","0","1","2","-2","1","1","2","5","4","5","4","2","1","2","3","4","3","4","6","4","8","3","7","6","5","7","5","5","3","3","6","2","5","2","5","5","1","2","2","5","1","1","5","5","4","6","3","1","2","2","1","1","2","6","2","1","7","1","1","1","1","1","2","1","7","1","3","799230569765543938","仲","102","Female","[""坏我"",""好我"",""好她"",""坏她""]","[""弱我"",""强我"",""强她"",""弱她""]","","","","","","","","","","","","","","","","","","feedback_test","","","","","","","","","","","","","","","","","","","","",""
"773","","j","psychophysics","1858","2931825","0.0-10.0-0.1-4.1-0.3-0.142","5","2","5","1","1","5","3","4","4","5","5","0","0","1","2","-2","1","1","2","5","4","5","4","2","1","2","3","4","3","4","6","4","8","3","7","6","5","7","5","5","3","3","6","2","5","2","5","5","1","2","2","5","1","1","5","5","4","6","3","1","2","2","1","1","2","6","2","1","7","1","1","1","1","1","2","1","7","1","3","799230569765543938","仲","102","Female","[""坏我"",""好我"",""好她"",""坏她""]","[""弱我"",""强我"",""强她"",""弱她""]","","","","","","","","nonmatch","","","","","","","","","ALT2","moral","","key","j","16.665714285717833","683","380","","好我","","","","j","true","","","nonmatch","","img/hexagon.png","坏她","",""
"null","<span style='color:GreenYellow; font-size: 70px;'>正确! </span>","null","html-keyboard-response","1859","2932330","0.0-10.0-0.1-4.1-0.3-1.142","5","2","5","1","1","5","3","4","4","5","5","0","0","1","2","-2","1","1","2","5","4","5","4","2","1","2","3","4","3","4","6","4","8","3","7","6","5","7","5","5","3","3","6","2","5","2","5","5","1","2","2","5","1","1","5","5","4","6","3","1","2","2","1","1","2","6","2","1","7","1","1","1","1","1","2","1","7","1","3","799230569765543938","仲","102","Female","[""坏我"",""好我"",""好她"",""坏她""]","[""弱我"",""强我"",""强她"",""弱她""]","","","","","","","","","","","","","","","","","","feedback_test","","","","","","","","","","","","","","","","","","","","",""
"584","","f","psychophysics","1860","2933922","0.0-10.0-0.1-4.1-0.3-0.143","5","2","5","1","1","5","3","4","4","5","5","0","0","1","2","-2","1","1","2","5","4","5","4","2","1","2","3","4","3","4","6","4","8","3","7","6","5","7","5","5","3","3","6","2","5","2","5","5","1","2","2","5","1","1","5","5","4","6","3","1","2","2","1","1","2","6","2","1","7","1","1","1","1","1","2","1","7","1","3","799230569765543938","仲","102","Female","[""坏我"",""好我"",""好她"",""坏她""]","[""弱我"",""强我"",""强她"",""弱她""]","","","","","","","","match","","","","","","","","","ALT2","moral","","key","f","16.6659574468095","683","380","","好我","","","","f","true","","","match","","img/ellipse.png","好我","",""
"null","<span style='color:GreenYellow; font-size: 70px;'>正确! </span>","null","html-keyboard-response","1861","2934426","0.0-10.0-0.1-4.1-0.3-1.143","5","2","5","1","1","5","3","4","4","5","5","0","0","1","2","-2","1","1","2","5","4","5","4","2","1","2","3","4","3","4","6","4","8","3","7","6","5","7","5","5","3","3","6","2","5","2","5","5","1","2","2","5","1","1","5","5","4","6","3","1","2","2","1","1","2","6","2","1","7","1","1","1","1","1","2","1","7","1","3","799230569765543938","仲","102","Female","[""坏我"",""好我"",""好她"",""坏她""]","[""弱我"",""强我"",""强她"",""弱她""]","","","","","","","","","","","","","","","","","","feedback_test","","","","","","","","","","","","","","","","","","","","",""
"648","","j","psychophysics","1862","2936076","0.0-10.0-0.1-4.1-0.3-0.144","5","2","5","1","1","5","3","4","4","5","5","0","0","1","2","-2","1","1","2","5","4","5","4","2","1","2","3","4","3","4","6","4","8","3","7","6","5","7","5","5","3","3","6","2","5","2","5","5","1","2","2","5","1","1","5","5","4","6","3","1","2","2","1","1","2","6","2","1","7","1","1","1","1","1","2","1","7","1","3","799230569765543938","仲","102","Female","[""坏我"",""好我"",""好她"",""坏她""]","[""弱我"",""强我"",""强她"",""弱她""]","","","","","","","","nonmatch","","","","","","","","","ALT2","moral","","key","j","16.663917525772234","683","380","","坏她","","","","j","true","","","nonmatch","","img/ellipse.png","好我","",""
"null","<span style='color:GreenYellow; font-size: 70px;'>正确! </span>","null","html-keyboard-response","1863","2936577","0.0-10.0-0.1-4.1-0.3-1.144","5","2","5","1","1","5","3","4","4","5","5","0","0","1","2","-2","1","1","2","5","4","5","4","2","1","2","3","4","3","4","6","4","8","3","7","6","5","7","5","5","3","3","6","2","5","2","5","5","1","2","2","5","1","1","5","5","4","6","3","1","2","2","1","1","2","6","2","1","7","1","1","1","1","1","2","1","7","1","3","799230569765543938","仲","102","Female","[""坏我"",""好我"",""好她"",""坏她""]","[""弱我"",""强我"",""强她"",""弱她""]","","","","","","","","","","","","","","","","","","feedback_test","","","","","","","","","","","","","","","","","","","","",""
"2282","<style>.context{color:white; font-size: 35px; line-height:40px}</style>                            <div><p class='context'>您正确回答了96% 的试次。</p><p class='context'>您的平均反应时为737毫秒。</p><p class='context'>请按空格键进入休息。</p></div>"," ","html-keyboard-response","1864","2938863","0.0-10.0-0.1-4.1-1.3","5","2","5","1","1","5","3","4","4","5","5","0","0","1","2","-2","1","1","2","5","4","5","4","2","1","2","3","4","3","4","6","4","8","3","7","6","5","7","5","5","3","3","6","2","5","2","5","5","1","2","2","5","1","1","5","5","4","6","3","1","2","2","1","1","2","6","2","1","7","1","1","1","1","1","2","1","7","1","3","799230569765543938","仲","102","Female","[""坏我"",""好我"",""好她"",""坏她""]","[""弱我"",""强我"",""强她"",""弱她""]","","","","","","","","","","","","","","","","","","","","","","","","","","","","","","","","","","","","","","",""
"21455","
        <p >您当前还剩余5组实验</p>
        <p >现在是休息时间，当您结束休息后，</p>
        <p >您可以点击 结束休息 按钮 继续。</p>
        <p >建议休息时间还剩余<span id=""iii"">60</span>秒。</p>","0","html-button-response","1865","2960326","0.0-10.0-0.1-4.1-2.3","5","2","5","1","1","5","3","4","4","5","5","0","0","1","2","-2","1","1","2","5","4","5","4","2","1","2","3","4","3","4","6","4","8","3","7","6","5","7","5","5","3","3","6","2","5","2","5","5","1","2","2","5","1","1","5","5","4","6","3","1","2","2","1","1","2","6","2","1","7","1","1","1","1","1","2","1","7","1","3","799230569765543938","仲","102","Female","[""坏我"",""好我"",""好她"",""坏她""]","[""弱我"",""强我"",""强她"",""弱她""]","","","","","","","","","","","","","","","","","","","","","","","","","","","","","","","","","","","","","","",""
"1105","","j","psychophysics","1866","2962440","0.0-10.0-0.1-4.1-0.4-0.145","5","2","5","1","1","5","3","4","4","5","5","0","0","1","2","-2","1","1","2","5","4","5","4","2","1","2","3","4","3","4","6","4","8","3","7","6","5","7","5","5","3","3","6","2","5","2","5","5","1","2","2","5","1","1","5","5","4","6","3","1","2","2","1","1","2","6","2","1","7","1","1","1","1","1","2","1","7","1","3","799230569765543938","仲","102","Female","[""坏我"",""好我"",""好她"",""坏她""]","[""弱我"",""强我"",""强她"",""弱她""]","","","","","","","","nonmatch","","","","","","","","","ALT2","moral","","key","j","16.666400000002234","683","380","","坏我","","","","j","true","","","nonmatch","","img/hexagon.png","坏她","",""
"null","<span style='color:GreenYellow; font-size: 70px;'>正确! </span>","null","html-keyboard-response","1867","2962950","0.0-10.0-0.1-4.1-0.4-1.145","5","2","5","1","1","5","3","4","4","5","5","0","0","1","2","-2","1","1","2","5","4","5","4","2","1","2","3","4","3","4","6","4","8","3","7","6","5","7","5","5","3","3","6","2","5","2","5","5","1","2","2","5","1","1","5","5","4","6","3","1","2","2","1","1","2","6","2","1","7","1","1","1","1","1","2","1","7","1","3","799230569765543938","仲","102","Female","[""坏我"",""好我"",""好她"",""坏她""]","[""弱我"",""强我"",""强她"",""弱她""]","","","","","","","","","","","","","","","","","","feedback_test","","","","","","","","","","","","","","","","","","","","",""
"908","","j","psychophysics","1868","2964865","0.0-10.0-0.1-4.1-0.4-0.146","5","2","5","1","1","5","3","4","4","5","5","0","0","1","2","-2","1","1","2","5","4","5","4","2","1","2","3","4","3","4","6","4","8","3","7","6","5","7","5","5","3","3","6","2","5","2","5","5","1","2","2","5","1","1","5","5","4","6","3","1","2","2","1","1","2","6","2","1","7","1","1","1","1","1","2","1","7","1","3","799230569765543938","仲","102","Female","[""坏我"",""好我"",""好她"",""坏她""]","[""弱我"",""强我"",""强她"",""弱她""]","","","","","","","","nonmatch","","","","","","","","","ALT2","moral","","key","j","16.665789473683393","683","380","","好她","","","","j","true","","","nonmatch","","img/ellipse.png","好我","",""
"null","<span style='color:GreenYellow; font-size: 70px;'>正确! </span>","null","html-keyboard-response","1869","2965368","0.0-10.0-0.1-4.1-0.4-1.146","5","2","5","1","1","5","3","4","4","5","5","0","0","1","2","-2","1","1","2","5","4","5","4","2","1","2","3","4","3","4","6","4","8","3","7","6","5","7","5","5","3","3","6","2","5","2","5","5","1","2","2","5","1","1","5","5","4","6","3","1","2","2","1","1","2","6","2","1","7","1","1","1","1","1","2","1","7","1","3","799230569765543938","仲","102","Female","[""坏我"",""好我"",""好她"",""坏她""]","[""弱我"",""强我"",""强她"",""弱她""]","","","","","","","","","","","","","","","","","","feedback_test","","","","","","","","","","","","","","","","","","","","",""
"721","","j","psychophysics","1870","2967094","0.0-10.0-0.1-4.1-0.4-0.147","5","2","5","1","1","5","3","4","4","5","5","0","0","1","2","-2","1","1","2","5","4","5","4","2","1","2","3","4","3","4","6","4","8","3","7","6","5","7","5","5","3","3","6","2","5","2","5","5","1","2","2","5","1","1","5","5","4","6","3","1","2","2","1","1","2","6","2","1","7","1","1","1","1","1","2","1","7","1","3","799230569765543938","仲","102","Female","[""坏我"",""好我"",""好她"",""坏她""]","[""弱我"",""强我"",""强她"",""弱她""]","","","","","","","","nonmatch","","","","","","","","","ALT2","moral","","key","j","16.66568627450889","683","380","","好她","","","","j","true","","","nonmatch","","img/square.png","坏我","",""
"null","<span style='color:GreenYellow; font-size: 70px;'>正确! </span>","null","html-keyboard-response","1871","2967599","0.0-10.0-0.1-4.1-0.4-1.147","5","2","5","1","1","5","3","4","4","5","5","0","0","1","2","-2","1","1","2","5","4","5","4","2","1","2","3","4","3","4","6","4","8","3","7","6","5","7","5","5","3","3","6","2","5","2","5","5","1","2","2","5","1","1","5","5","4","6","3","1","2","2","1","1","2","6","2","1","7","1","1","1","1","1","2","1","7","1","3","799230569765543938","仲","102","Female","[""坏我"",""好我"",""好她"",""坏她""]","[""弱我"",""强我"",""强她"",""弱她""]","","","","","","","","","","","","","","","","","","feedback_test","","","","","","","","","","","","","","","","","","","","",""
"868","","j","psychophysics","1872","2969474","0.0-10.0-0.1-4.1-0.4-0.148","5","2","5","1","1","5","3","4","4","5","5","0","0","1","2","-2","1","1","2","5","4","5","4","2","1","2","3","4","3","4","6","4","8","3","7","6","5","7","5","5","3","3","6","2","5","2","5","5","1","2","2","5","1","1","5","5","4","6","3","1","2","2","1","1","2","6","2","1","7","1","1","1","1","1","2","1","7","1","3","799230569765543938","仲","102","Female","[""坏我"",""好我"",""好她"",""坏她""]","[""弱我"",""强我"",""强她"",""弱她""]","","","","","","","","nonmatch","","","","","","","","","ALT2","moral","","key","j","16.666363636361943","683","380","","坏我","","","","j","true","","","nonmatch","","img/ellipse.png","好我","",""
"null","<span style='color:GreenYellow; font-size: 70px;'>正确! </span>","null","html-keyboard-response","1873","2969979","0.0-10.0-0.1-4.1-0.4-1.148","5","2","5","1","1","5","3","4","4","5","5","0","0","1","2","-2","1","1","2","5","4","5","4","2","1","2","3","4","3","4","6","4","8","3","7","6","5","7","5","5","3","3","6","2","5","2","5","5","1","2","2","5","1","1","5","5","4","6","3","1","2","2","1","1","2","6","2","1","7","1","1","1","1","1","2","1","7","1","3","799230569765543938","仲","102","Female","[""坏我"",""好我"",""好她"",""坏她""]","[""弱我"",""强我"",""强她"",""弱她""]","","","","","","","","","","","","","","","","","","feedback_test","","","","","","","","","","","","","","","","","","","","",""
"730","","j","psychophysics","1874","2971712","0.0-10.0-0.1-4.1-0.4-0.149","5","2","5","1","1","5","3","4","4","5","5","0","0","1","2","-2","1","1","2","5","4","5","4","2","1","2","3","4","3","4","6","4","8","3","7","6","5","7","5","5","3","3","6","2","5","2","5","5","1","2","2","5","1","1","5","5","4","6","3","1","2","2","1","1","2","6","2","1","7","1","1","1","1","1","2","1","7","1","3","799230569765543938","仲","102","Female","[""坏我"",""好我"",""好她"",""坏她""]","[""弱我"",""强我"",""强她"",""弱她""]","","","","","","","","nonmatch","","","","","","","","","ALT2","moral","","key","j","16.66504854368932","683","380","","坏她","","","","j","true","","","nonmatch","","img/ellipse.png","好我","",""
"null","<span style='color:GreenYellow; font-size: 70px;'>正确! </span>","null","html-keyboard-response","1875","2972222","0.0-10.0-0.1-4.1-0.4-1.149","5","2","5","1","1","5","3","4","4","5","5","0","0","1","2","-2","1","1","2","5","4","5","4","2","1","2","3","4","3","4","6","4","8","3","7","6","5","7","5","5","3","3","6","2","5","2","5","5","1","2","2","5","1","1","5","5","4","6","3","1","2","2","1","1","2","6","2","1","7","1","1","1","1","1","2","1","7","1","3","799230569765543938","仲","102","Female","[""坏我"",""好我"",""好她"",""坏她""]","[""弱我"",""强我"",""强她"",""弱她""]","","","","","","","","","","","","","","","","","","feedback_test","","","","","","","","","","","","","","","","","","","","",""
"922","","f","psychophysics","1876","2974146","0.0-10.0-0.1-4.1-0.4-0.150","5","2","5","1","1","5","3","4","4","5","5","0","0","1","2","-2","1","1","2","5","4","5","4","2","1","2","3","4","3","4","6","4","8","3","7","6","5","7","5","5","3","3","6","2","5","2","5","5","1","2","2","5","1","1","5","5","4","6","3","1","2","2","1","1","2","6","2","1","7","1","1","1","1","1","2","1","7","1","3","799230569765543938","仲","102","Female","[""坏我"",""好我"",""好她"",""坏她""]","[""弱我"",""强我"",""强她"",""弱她""]","","","","","","","","match","","","","","","","","","ALT2","moral","","key","f","16.665486725665364","683","380","","好她","","","","f","true","","","match","","img/triangle.png","好她","",""
"null","<span style='color:GreenYellow; font-size: 70px;'>正确! </span>","null","html-keyboard-response","1877","2974653","0.0-10.0-0.1-4.1-0.4-1.150","5","2","5","1","1","5","3","4","4","5","5","0","0","1","2","-2","1","1","2","5","4","5","4","2","1","2","3","4","3","4","6","4","8","3","7","6","5","7","5","5","3","3","6","2","5","2","5","5","1","2","2","5","1","1","5","5","4","6","3","1","2","2","1","1","2","6","2","1","7","1","1","1","1","1","2","1","7","1","3","799230569765543938","仲","102","Female","[""坏我"",""好我"",""好她"",""坏她""]","[""弱我"",""强我"",""强她"",""弱她""]","","","","","","","","","","","","","","","","","","feedback_test","","","","","","","","","","","","","","","","","","","","",""
"635","","f","psychophysics","1878","2976290","0.0-10.0-0.1-4.1-0.4-0.151","5","2","5","1","1","5","3","4","4","5","5","0","0","1","2","-2","1","1","2","5","4","5","4","2","1","2","3","4","3","4","6","4","8","3","7","6","5","7","5","5","3","3","6","2","5","2","5","5","1","2","2","5","1","1","5","5","4","6","3","1","2","2","1","1","2","6","2","1","7","1","1","1","1","1","2","1","7","1","3","799230569765543938","仲","102","Female","[""坏我"",""好我"",""好她"",""坏她""]","[""弱我"",""强我"",""强她"",""弱她""]","","","","","","","","match","","","","","","","","","ALT2","moral","","key","f","16.66530612244613","683","380","","好她","","","","f","true","","","match","","img/triangle.png","好她","",""
"null","<span style='color:GreenYellow; font-size: 70px;'>正确! </span>","null","html-keyboard-response","1879","2976795","0.0-10.0-0.1-4.1-0.4-1.151","5","2","5","1","1","5","3","4","4","5","5","0","0","1","2","-2","1","1","2","5","4","5","4","2","1","2","3","4","3","4","6","4","8","3","7","6","5","7","5","5","3","3","6","2","5","2","5","5","1","2","2","5","1","1","5","5","4","6","3","1","2","2","1","1","2","6","2","1","7","1","1","1","1","1","2","1","7","1","3","799230569765543938","仲","102","Female","[""坏我"",""好我"",""好她"",""坏她""]","[""弱我"",""强我"",""强她"",""弱她""]","","","","","","","","","","","","","","","","","","feedback_test","","","","","","","","","","","","","","","","","","","","",""
"582","","f","psychophysics","1880","2978379","0.0-10.0-0.1-4.1-0.4-0.152","5","2","5","1","1","5","3","4","4","5","5","0","0","1","2","-2","1","1","2","5","4","5","4","2","1","2","3","4","3","4","6","4","8","3","7","6","5","7","5","5","3","3","6","2","5","2","5","5","1","2","2","5","1","1","5","5","4","6","3","1","2","2","1","1","2","6","2","1","7","1","1","1","1","1","2","1","7","1","3","799230569765543938","仲","102","Female","[""坏我"",""好我"",""好她"",""坏她""]","[""弱我"",""强我"",""强她"",""弱她""]","","","","","","","","match","","","","","","","","","ALT2","moral","","key","f","16.667021276597726","683","380","","好我","","","","f","true","","","match","","img/ellipse.png","好我","",""
"null","<span style='color:GreenYellow; font-size: 70px;'>正确! </span>","null","html-keyboard-response","1881","2978887","0.0-10.0-0.1-4.1-0.4-1.152","5","2","5","1","1","5","3","4","4","5","5","0","0","1","2","-2","1","1","2","5","4","5","4","2","1","2","3","4","3","4","6","4","8","3","7","6","5","7","5","5","3","3","6","2","5","2","5","5","1","2","2","5","1","1","5","5","4","6","3","1","2","2","1","1","2","6","2","1","7","1","1","1","1","1","2","1","7","1","3","799230569765543938","仲","102","Female","[""坏我"",""好我"",""好她"",""坏她""]","[""弱我"",""强我"",""强她"",""弱她""]","","","","","","","","","","","","","","","","","","feedback_test","","","","","","","","","","","","","","","","","","","","",""
"805","","f","psychophysics","1882","2980694","0.0-10.0-0.1-4.1-0.4-0.153","5","2","5","1","1","5","3","4","4","5","5","0","0","1","2","-2","1","1","2","5","4","5","4","2","1","2","3","4","3","4","6","4","8","3","7","6","5","7","5","5","3","3","6","2","5","2","5","5","1","2","2","5","1","1","5","5","4","6","3","1","2","2","1","1","2","6","2","1","7","1","1","1","1","1","2","1","7","1","3","799230569765543938","仲","102","Female","[""坏我"",""好我"",""好她"",""坏她""]","[""弱我"",""强我"",""强她"",""弱她""]","","","","","","","","match","","","","","","","","","ALT2","moral","","key","f","16.606542056073895","683","380","","坏她","","","","f","true","","","match","","img/hexagon.png","坏她","",""
"null","<span style='color:GreenYellow; font-size: 70px;'>正确! </span>","null","html-keyboard-response","1883","2981202","0.0-10.0-0.1-4.1-0.4-1.153","5","2","5","1","1","5","3","4","4","5","5","0","0","1","2","-2","1","1","2","5","4","5","4","2","1","2","3","4","3","4","6","4","8","3","7","6","5","7","5","5","3","3","6","2","5","2","5","5","1","2","2","5","1","1","5","5","4","6","3","1","2","2","1","1","2","6","2","1","7","1","1","1","1","1","2","1","7","1","3","799230569765543938","仲","102","Female","[""坏我"",""好我"",""好她"",""坏她""]","[""弱我"",""强我"",""强她"",""弱她""]","","","","","","","","","","","","","","","","","","feedback_test","","","","","","","","","","","","","","","","","","","","",""
"708","","j","psychophysics","1884","2982912","0.0-10.0-0.1-4.1-0.4-0.154","5","2","5","1","1","5","3","4","4","5","5","0","0","1","2","-2","1","1","2","5","4","5","4","2","1","2","3","4","3","4","6","4","8","3","7","6","5","7","5","5","3","3","6","2","5","2","5","5","1","2","2","5","1","1","5","5","4","6","3","1","2","2","1","1","2","6","2","1","7","1","1","1","1","1","2","1","7","1","3","799230569765543938","仲","102","Female","[""坏我"",""好我"",""好她"",""坏她""]","[""弱我"",""强我"",""强她"",""弱她""]","","","","","","","","nonmatch","","","","","","","","","ALT2","moral","","key","j","16.665686274513455","683","380","","好我","","","","j","true","","","nonmatch","","img/hexagon.png","坏她","",""
"null","<span style='color:GreenYellow; font-size: 70px;'>正确! </span>","null","html-keyboard-response","1885","2983416","0.0-10.0-0.1-4.1-0.4-1.154","5","2","5","1","1","5","3","4","4","5","5","0","0","1","2","-2","1","1","2","5","4","5","4","2","1","2","3","4","3","4","6","4","8","3","7","6","5","7","5","5","3","3","6","2","5","2","5","5","1","2","2","5","1","1","5","5","4","6","3","1","2","2","1","1","2","6","2","1","7","1","1","1","1","1","2","1","7","1","3","799230569765543938","仲","102","Female","[""坏我"",""好我"",""好她"",""坏她""]","[""弱我"",""强我"",""强她"",""弱她""]","","","","","","","","","","","","","","","","","","feedback_test","","","","","","","","","","","","","","","","","","","","",""
"681","","j","psychophysics","1886","2985102","0.0-10.0-0.1-4.1-0.4-0.155","5","2","5","1","1","5","3","4","4","5","5","0","0","1","2","-2","1","1","2","5","4","5","4","2","1","2","3","4","3","4","6","4","8","3","7","6","5","7","5","5","3","3","6","2","5","2","5","5","1","2","2","5","1","1","5","5","4","6","3","1","2","2","1","1","2","6","2","1","7","1","1","1","1","1","2","1","7","1","3","799230569765543938","仲","102","Female","[""坏我"",""好我"",""好她"",""坏她""]","[""弱我"",""强我"",""强她"",""弱她""]","","","","","","","","nonmatch","","","","","","","","","ALT2","moral","","key","j","16.664646464644584","683","380","","坏我","","","","j","true","","","nonmatch","","img/triangle.png","好她","",""
"null","<span style='color:GreenYellow; font-size: 70px;'>正确! </span>","null","html-keyboard-response","1887","2985610","0.0-10.0-0.1-4.1-0.4-1.155","5","2","5","1","1","5","3","4","4","5","5","0","0","1","2","-2","1","1","2","5","4","5","4","2","1","2","3","4","3","4","6","4","8","3","7","6","5","7","5","5","3","3","6","2","5","2","5","5","1","2","2","5","1","1","5","5","4","6","3","1","2","2","1","1","2","6","2","1","7","1","1","1","1","1","2","1","7","1","3","799230569765543938","仲","102","Female","[""坏我"",""好我"",""好她"",""坏她""]","[""弱我"",""强我"",""强她"",""弱她""]","","","","","","","","","","","","","","","","","","feedback_test","","","","","","","","","","","","","","","","","","","","",""
"688","","j","psychophysics","1888","2987308","0.0-10.0-0.1-4.1-0.4-0.156","5","2","5","1","1","5","3","4","4","5","5","0","0","1","2","-2","1","1","2","5","4","5","4","2","1","2","3","4","3","4","6","4","8","3","7","6","5","7","5","5","3","3","6","2","5","2","5","5","1","2","2","5","1","1","5","5","4","6","3","1","2","2","1","1","2","6","2","1","7","1","1","1","1","1","2","1","7","1","3","799230569765543938","仲","102","Female","[""坏我"",""好我"",""好她"",""坏她""]","[""弱我"",""强我"",""强她"",""弱她""]","","","","","","","","nonmatch","","","","","","","","","ALT2","moral","","key","j","16.66600000000093","683","380","","好我","","","","j","true","","","nonmatch","","img/square.png","坏我","",""
"null","<span style='color:GreenYellow; font-size: 70px;'>正确! </span>","null","html-keyboard-response","1889","2987823","0.0-10.0-0.1-4.1-0.4-1.156","5","2","5","1","1","5","3","4","4","5","5","0","0","1","2","-2","1","1","2","5","4","5","4","2","1","2","3","4","3","4","6","4","8","3","7","6","5","7","5","5","3","3","6","2","5","2","5","5","1","2","2","5","1","1","5","5","4","6","3","1","2","2","1","1","2","6","2","1","7","1","1","1","1","1","2","1","7","1","3","799230569765543938","仲","102","Female","[""坏我"",""好我"",""好她"",""坏她""]","[""弱我"",""强我"",""强她"",""弱她""]","","","","","","","","","","","","","","","","","","feedback_test","","","","","","","","","","","","","","","","","","","","",""
"662","","j","psychophysics","1890","2989492","0.0-10.0-0.1-4.1-0.4-0.157","5","2","5","1","1","5","3","4","4","5","5","0","0","1","2","-2","1","1","2","5","4","5","4","2","1","2","3","4","3","4","6","4","8","3","7","6","5","7","5","5","3","3","6","2","5","2","5","5","1","2","2","5","1","1","5","5","4","6","3","1","2","2","1","1","2","6","2","1","7","1","1","1","1","1","2","1","7","1","3","799230569765543938","仲","102","Female","[""坏我"",""好我"",""好她"",""坏她""]","[""弱我"",""强我"",""强她"",""弱她""]","","","","","","","","nonmatch","","","","","","","","","ALT2","moral","","key","j","16.66530612245088","683","380","","坏她","","","","j","true","","","nonmatch","","img/triangle.png","好她","",""
"null","<span style='color:GreenYellow; font-size: 70px;'>正确! </span>","null","html-keyboard-response","1891","2989994","0.0-10.0-0.1-4.1-0.4-1.157","5","2","5","1","1","5","3","4","4","5","5","0","0","1","2","-2","1","1","2","5","4","5","4","2","1","2","3","4","3","4","6","4","8","3","7","6","5","7","5","5","3","3","6","2","5","2","5","5","1","2","2","5","1","1","5","5","4","6","3","1","2","2","1","1","2","6","2","1","7","1","1","1","1","1","2","1","7","1","3","799230569765543938","仲","102","Female","[""坏我"",""好我"",""好她"",""坏她""]","[""弱我"",""强我"",""强她"",""弱她""]","","","","","","","","","","","","","","","","","","feedback_test","","","","","","","","","","","","","","","","","","","","",""
"936","","f","psychophysics","1892","2991934","0.0-10.0-0.1-4.1-0.4-0.158","5","2","5","1","1","5","3","4","4","5","5","0","0","1","2","-2","1","1","2","5","4","5","4","2","1","2","3","4","3","4","6","4","8","3","7","6","5","7","5","5","3","3","6","2","5","2","5","5","1","2","2","5","1","1","5","5","4","6","3","1","2","2","1","1","2","6","2","1","7","1","1","1","1","1","2","1","7","1","3","799230569765543938","仲","102","Female","[""坏我"",""好我"",""好她"",""坏她""]","[""弱我"",""强我"",""强她"",""弱她""]","","","","","","","","match","","","","","","","","","ALT2","moral","","key","f","16.666086956518498","683","380","","坏我","","","","f","true","","","match","","img/square.png","坏我","",""
"null","<span style='color:GreenYellow; font-size: 70px;'>正确! </span>","null","html-keyboard-response","1893","2992440","0.0-10.0-0.1-4.1-0.4-1.158","5","2","5","1","1","5","3","4","4","5","5","0","0","1","2","-2","1","1","2","5","4","5","4","2","1","2","3","4","3","4","6","4","8","3","7","6","5","7","5","5","3","3","6","2","5","2","5","5","1","2","2","5","1","1","5","5","4","6","3","1","2","2","1","1","2","6","2","1","7","1","1","1","1","1","2","1","7","1","3","799230569765543938","仲","102","Female","[""坏我"",""好我"",""好她"",""坏她""]","[""弱我"",""强我"",""强她"",""弱她""]","","","","","","","","","","","","","","","","","","feedback_test","","","","","","","","","","","","","","","","","","","","",""
"771","","f","psychophysics","1894","2994222","0.0-10.0-0.1-4.1-0.4-0.159","5","2","5","1","1","5","3","4","4","5","5","0","0","1","2","-2","1","1","2","5","4","5","4","2","1","2","3","4","3","4","6","4","8","3","7","6","5","7","5","5","3","3","6","2","5","2","5","5","1","2","2","5","1","1","5","5","4","6","3","1","2","2","1","1","2","6","2","1","7","1","1","1","1","1","2","1","7","1","3","799230569765543938","仲","102","Female","[""坏我"",""好我"",""好她"",""坏她""]","[""弱我"",""强我"",""强她"",""弱她""]","","","","","","","","match","","","","","","","","","ALT2","moral","","key","f","16.665384615386408","683","380","","坏她","","","","f","true","","","match","","img/hexagon.png","坏她","",""
"null","<span style='color:GreenYellow; font-size: 70px;'>正确! </span>","null","html-keyboard-response","1895","2994730","0.0-10.0-0.1-4.1-0.4-1.159","5","2","5","1","1","5","3","4","4","5","5","0","0","1","2","-2","1","1","2","5","4","5","4","2","1","2","3","4","3","4","6","4","8","3","7","6","5","7","5","5","3","3","6","2","5","2","5","5","1","2","2","5","1","1","5","5","4","6","3","1","2","2","1","1","2","6","2","1","7","1","1","1","1","1","2","1","7","1","3","799230569765543938","仲","102","Female","[""坏我"",""好我"",""好她"",""坏她""]","[""弱我"",""强我"",""强她"",""弱她""]","","","","","","","","","","","","","","","","","","feedback_test","","","","","","","","","","","","","","","","","","","","",""
"722","","j","psychophysics","1896","2996458","0.0-10.0-0.1-4.1-0.4-0.160","5","2","5","1","1","5","3","4","4","5","5","0","0","1","2","-2","1","1","2","5","4","5","4","2","1","2","3","4","3","4","6","4","8","3","7","6","5","7","5","5","3","3","6","2","5","2","5","5","1","2","2","5","1","1","5","5","4","6","3","1","2","2","1","1","2","6","2","1","7","1","1","1","1","1","2","1","7","1","3","799230569765543938","仲","102","Female","[""坏我"",""好我"",""好她"",""坏她""]","[""弱我"",""强我"",""强她"",""弱她""]","","","","","","","","nonmatch","","","","","","","","","ALT2","moral","","key","j","16.66504854368932","683","380","","坏她","","","","j","true","","","nonmatch","","img/square.png","坏我","",""
"null","<span style='color:GreenYellow; font-size: 70px;'>正确! </span>","null","html-keyboard-response","1897","2996962","0.0-10.0-0.1-4.1-0.4-1.160","5","2","5","1","1","5","3","4","4","5","5","0","0","1","2","-2","1","1","2","5","4","5","4","2","1","2","3","4","3","4","6","4","8","3","7","6","5","7","5","5","3","3","6","2","5","2","5","5","1","2","2","5","1","1","5","5","4","6","3","1","2","2","1","1","2","6","2","1","7","1","1","1","1","1","2","1","7","1","3","799230569765543938","仲","102","Female","[""坏我"",""好我"",""好她"",""坏她""]","[""弱我"",""强我"",""强她"",""弱她""]","","","","","","","","","","","","","","","","","","feedback_test","","","","","","","","","","","","","","","","","","","","",""
"853","","f","psychophysics","1898","2998823","0.0-10.0-0.1-4.1-0.4-0.161","5","2","5","1","1","5","3","4","4","5","5","0","0","1","2","-2","1","1","2","5","4","5","4","2","1","2","3","4","3","4","6","4","8","3","7","6","5","7","5","5","3","3","6","2","5","2","5","5","1","2","2","5","1","1","5","5","4","6","3","1","2","2","1","1","2","6","2","1","7","1","1","1","1","1","2","1","7","1","3","799230569765543938","仲","102","Female","[""坏我"",""好我"",""好她"",""坏她""]","[""弱我"",""强我"",""强她"",""弱她""]","","","","","","","","match","","","","","","","","","ALT2","moral","","key","f","16.665765765764927","683","380","","坏我","","","","f","true","","","match","","img/square.png","坏我","",""
"null","<span style='color:GreenYellow; font-size: 70px;'>正确! </span>","null","html-keyboard-response","1899","2999326","0.0-10.0-0.1-4.1-0.4-1.161","5","2","5","1","1","5","3","4","4","5","5","0","0","1","2","-2","1","1","2","5","4","5","4","2","1","2","3","4","3","4","6","4","8","3","7","6","5","7","5","5","3","3","6","2","5","2","5","5","1","2","2","5","1","1","5","5","4","6","3","1","2","2","1","1","2","6","2","1","7","1","1","1","1","1","2","1","7","1","3","799230569765543938","仲","102","Female","[""坏我"",""好我"",""好她"",""坏她""]","[""弱我"",""强我"",""强她"",""弱她""]","","","","","","","","","","","","","","","","","","feedback_test","","","","","","","","","","","","","","","","","","","","",""
"613","","f","psychophysics","1900","3000945","0.0-10.0-0.1-4.1-0.4-0.162","5","2","5","1","1","5","3","4","4","5","5","0","0","1","2","-2","1","1","2","5","4","5","4","2","1","2","3","4","3","4","6","4","8","3","7","6","5","7","5","5","3","3","6","2","5","2","5","5","1","2","2","5","1","1","5","5","4","6","3","1","2","2","1","1","2","6","2","1","7","1","1","1","1","1","2","1","7","1","3","799230569765543938","仲","102","Female","[""坏我"",""好我"",""好她"",""坏她""]","[""弱我"",""强我"",""强她"",""弱她""]","","","","","","","","match","","","","","","","","","ALT2","moral","","key","f","16.666666666666668","683","380","","坏我","","","","f","true","","","match","","img/square.png","坏我","",""
"null","<span style='color:GreenYellow; font-size: 70px;'>正确! </span>","null","html-keyboard-response","1901","3001448","0.0-10.0-0.1-4.1-0.4-1.162","5","2","5","1","1","5","3","4","4","5","5","0","0","1","2","-2","1","1","2","5","4","5","4","2","1","2","3","4","3","4","6","4","8","3","7","6","5","7","5","5","3","3","6","2","5","2","5","5","1","2","2","5","1","1","5","5","4","6","3","1","2","2","1","1","2","6","2","1","7","1","1","1","1","1","2","1","7","1","3","799230569765543938","仲","102","Female","[""坏我"",""好我"",""好她"",""坏她""]","[""弱我"",""强我"",""强她"",""弱她""]","","","","","","","","","","","","","","","","","","feedback_test","","","","","","","","","","","","","","","","","","","","",""
"1095","","j","psychophysics","1902","3003546","0.0-10.0-0.1-4.1-0.4-0.163","5","2","5","1","1","5","3","4","4","5","5","0","0","1","2","-2","1","1","2","5","4","5","4","2","1","2","3","4","3","4","6","4","8","3","7","6","5","7","5","5","3","3","6","2","5","2","5","5","1","2","2","5","1","1","5","5","4","6","3","1","2","2","1","1","2","6","2","1","7","1","1","1","1","1","2","1","7","1","3","799230569765543938","仲","102","Female","[""坏我"",""好我"",""好她"",""坏她""]","[""弱我"",""强我"",""强她"",""弱她""]","","","","","","","","nonmatch","","","","","","","","","ALT2","moral","","key","j","16.665599999997763","683","380","","好她","","","","j","true","","","nonmatch","","img/hexagon.png","坏她","",""
"null","<span style='color:GreenYellow; font-size: 70px;'>正确! </span>","null","html-keyboard-response","1903","3004049","0.0-10.0-0.1-4.1-0.4-1.163","5","2","5","1","1","5","3","4","4","5","5","0","0","1","2","-2","1","1","2","5","4","5","4","2","1","2","3","4","3","4","6","4","8","3","7","6","5","7","5","5","3","3","6","2","5","2","5","5","1","2","2","5","1","1","5","5","4","6","3","1","2","2","1","1","2","6","2","1","7","1","1","1","1","1","2","1","7","1","3","799230569765543938","仲","102","Female","[""坏我"",""好我"",""好她"",""坏她""]","[""弱我"",""强我"",""强她"",""弱她""]","","","","","","","","","","","","","","","","","","feedback_test","","","","","","","","","","","","","","","","","","","","",""
"870","","j","psychophysics","1904","3005923","0.0-10.0-0.1-4.1-0.4-0.164","5","2","5","1","1","5","3","4","4","5","5","0","0","1","2","-2","1","1","2","5","4","5","4","2","1","2","3","4","3","4","6","4","8","3","7","6","5","7","5","5","3","3","6","2","5","2","5","5","1","2","2","5","1","1","5","5","4","6","3","1","2","2","1","1","2","6","2","1","7","1","1","1","1","1","2","1","7","1","3","799230569765543938","仲","102","Female","[""坏我"",""好我"",""好她"",""坏她""]","[""弱我"",""强我"",""强她"",""弱她""]","","","","","","","","nonmatch","","","","","","","","","ALT2","moral","","key","j","16.665178571428573","683","380","","好我","","","","j","true","","","nonmatch","","img/triangle.png","好她","",""
"null","<span style='color:GreenYellow; font-size: 70px;'>正确! </span>","null","html-keyboard-response","1905","3006425","0.0-10.0-0.1-4.1-0.4-1.164","5","2","5","1","1","5","3","4","4","5","5","0","0","1","2","-2","1","1","2","5","4","5","4","2","1","2","3","4","3","4","6","4","8","3","7","6","5","7","5","5","3","3","6","2","5","2","5","5","1","2","2","5","1","1","5","5","4","6","3","1","2","2","1","1","2","6","2","1","7","1","1","1","1","1","2","1","7","1","3","799230569765543938","仲","102","Female","[""坏我"",""好我"",""好她"",""坏她""]","[""弱我"",""强我"",""强她"",""弱她""]","","","","","","","","","","","","","","","","","","feedback_test","","","","","","","","","","","","","","","","","","","","",""
"561","","f","psychophysics","1906","3007992","0.0-10.0-0.1-4.1-0.4-0.165","5","2","5","1","1","5","3","4","4","5","5","0","0","1","2","-2","1","1","2","5","4","5","4","2","1","2","3","4","3","4","6","4","8","3","7","6","5","7","5","5","3","3","6","2","5","2","5","5","1","2","2","5","1","1","5","5","4","6","3","1","2","2","1","1","2","6","2","1","7","1","1","1","1","1","2","1","7","1","3","799230569765543938","仲","102","Female","[""坏我"",""好我"",""好她"",""坏她""]","[""弱我"",""强我"",""强她"",""弱她""]","","","","","","","","match","","","","","","","","","ALT2","moral","","key","f","16.665591397848463","683","380","","好我","","","","f","true","","","match","","img/ellipse.png","好我","",""
"null","<span style='color:GreenYellow; font-size: 70px;'>正确! </span>","null","html-keyboard-response","1907","3008500","0.0-10.0-0.1-4.1-0.4-1.165","5","2","5","1","1","5","3","4","4","5","5","0","0","1","2","-2","1","1","2","5","4","5","4","2","1","2","3","4","3","4","6","4","8","3","7","6","5","7","5","5","3","3","6","2","5","2","5","5","1","2","2","5","1","1","5","5","4","6","3","1","2","2","1","1","2","6","2","1","7","1","1","1","1","1","2","1","7","1","3","799230569765543938","仲","102","Female","[""坏我"",""好我"",""好她"",""坏她""]","[""弱我"",""强我"",""强她"",""弱她""]","","","","","","","","","","","","","","","","","","feedback_test","","","","","","","","","","","","","","","","","","","","",""
"549","","f","psychophysics","1908","3010052","0.0-10.0-0.1-4.1-0.4-0.166","5","2","5","1","1","5","3","4","4","5","5","0","0","1","2","-2","1","1","2","5","4","5","4","2","1","2","3","4","3","4","6","4","8","3","7","6","5","7","5","5","3","3","6","2","5","2","5","5","1","2","2","5","1","1","5","5","4","6","3","1","2","2","1","1","2","6","2","1","7","1","1","1","1","1","2","1","7","1","3","799230569765543938","仲","102","Female","[""坏我"",""好我"",""好她"",""坏她""]","[""弱我"",""强我"",""强她"",""弱她""]","","","","","","","","match","","","","","","","","","ALT2","moral","","key","f","16.66521739130131","683","380","","好我","","","","f","true","","","match","","img/ellipse.png","好我","",""
"null","<span style='color:GreenYellow; font-size: 70px;'>正确! </span>","null","html-keyboard-response","1909","3010560","0.0-10.0-0.1-4.1-0.4-1.166","5","2","5","1","1","5","3","4","4","5","5","0","0","1","2","-2","1","1","2","5","4","5","4","2","1","2","3","4","3","4","6","4","8","3","7","6","5","7","5","5","3","3","6","2","5","2","5","5","1","2","2","5","1","1","5","5","4","6","3","1","2","2","1","1","2","6","2","1","7","1","1","1","1","1","2","1","7","1","3","799230569765543938","仲","102","Female","[""坏我"",""好我"",""好她"",""坏她""]","[""弱我"",""强我"",""强她"",""弱她""]","","","","","","","","","","","","","","","","","","feedback_test","","","","","","","","","","","","","","","","","","","","",""
"744","","f","psychophysics","1910","3012306","0.0-10.0-0.1-4.1-0.4-0.167","5","2","5","1","1","5","3","4","4","5","5","0","0","1","2","-2","1","1","2","5","4","5","4","2","1","2","3","4","3","4","6","4","8","3","7","6","5","7","5","5","3","3","6","2","5","2","5","5","1","2","2","5","1","1","5","5","4","6","3","1","2","2","1","1","2","6","2","1","7","1","1","1","1","1","2","1","7","1","3","799230569765543938","仲","102","Female","[""坏我"",""好我"",""好她"",""坏她""]","[""弱我"",""强我"",""强她"",""弱她""]","","","","","","","","match","","","","","","","","","ALT2","moral","","key","f","16.666666666666668","683","380","","坏她","","","","f","true","","","match","","img/hexagon.png","坏她","",""
"null","<span style='color:GreenYellow; font-size: 70px;'>正确! </span>","null","html-keyboard-response","1911","3012816","0.0-10.0-0.1-4.1-0.4-1.167","5","2","5","1","1","5","3","4","4","5","5","0","0","1","2","-2","1","1","2","5","4","5","4","2","1","2","3","4","3","4","6","4","8","3","7","6","5","7","5","5","3","3","6","2","5","2","5","5","1","2","2","5","1","1","5","5","4","6","3","1","2","2","1","1","2","6","2","1","7","1","1","1","1","1","2","1","7","1","3","799230569765543938","仲","102","Female","[""坏我"",""好我"",""好她"",""坏她""]","[""弱我"",""强我"",""强她"",""弱她""]","","","","","","","","","","","","","","","","","","feedback_test","","","","","","","","","","","","","","","","","","","","",""
"703","","f","psychophysics","1912","3014522","0.0-10.0-0.1-4.1-0.4-0.168","5","2","5","1","1","5","3","4","4","5","5","0","0","1","2","-2","1","1","2","5","4","5","4","2","1","2","3","4","3","4","6","4","8","3","7","6","5","7","5","5","3","3","6","2","5","2","5","5","1","2","2","5","1","1","5","5","4","6","3","1","2","2","1","1","2","6","2","1","7","1","1","1","1","1","2","1","7","1","3","799230569765543938","仲","102","Female","[""坏我"",""好我"",""好她"",""坏她""]","[""弱我"",""强我"",""强她"",""弱她""]","","","","","","","","match","","","","","","","","","ALT2","moral","","key","f","16.66534653465531","683","380","","好她","","","","f","true","","","match","","img/triangle.png","好她","",""
"null","<span style='color:GreenYellow; font-size: 70px;'>正确! </span>","null","html-keyboard-response","1913","3015024","0.0-10.0-0.1-4.1-0.4-1.168","5","2","5","1","1","5","3","4","4","5","5","0","0","1","2","-2","1","1","2","5","4","5","4","2","1","2","3","4","3","4","6","4","8","3","7","6","5","7","5","5","3","3","6","2","5","2","5","5","1","2","2","5","1","1","5","5","4","6","3","1","2","2","1","1","2","6","2","1","7","1","1","1","1","1","2","1","7","1","3","799230569765543938","仲","102","Female","[""坏我"",""好我"",""好她"",""坏她""]","[""弱我"",""强我"",""强她"",""弱她""]","","","","","","","","","","","","","","","","","","feedback_test","","","","","","","","","","","","","","","","","","","","",""
"773","","j","psychophysics","1914","3016806","0.0-10.0-0.1-4.1-0.4-0.169","5","2","5","1","1","5","3","4","4","5","5","0","0","1","2","-2","1","1","2","5","4","5","4","2","1","2","3","4","3","4","6","4","8","3","7","6","5","7","5","5","3","3","6","2","5","2","5","5","1","2","2","5","1","1","5","5","4","6","3","1","2","2","1","1","2","6","2","1","7","1","1","1","1","1","2","1","7","1","3","799230569765543938","仲","102","Female","[""坏我"",""好我"",""好她"",""坏她""]","[""弱我"",""强我"",""强她"",""弱她""]","","","","","","","","nonmatch","","","","","","","","","ALT2","moral","","key","j","16.665714285717833","683","380","","坏我","","","","j","true","","","nonmatch","","img/ellipse.png","好我","",""
"null","<span style='color:GreenYellow; font-size: 70px;'>正确! </span>","null","html-keyboard-response","1915","3017313","0.0-10.0-0.1-4.1-0.4-1.169","5","2","5","1","1","5","3","4","4","5","5","0","0","1","2","-2","1","1","2","5","4","5","4","2","1","2","3","4","3","4","6","4","8","3","7","6","5","7","5","5","3","3","6","2","5","2","5","5","1","2","2","5","1","1","5","5","4","6","3","1","2","2","1","1","2","6","2","1","7","1","1","1","1","1","2","1","7","1","3","799230569765543938","仲","102","Female","[""坏我"",""好我"",""好她"",""坏她""]","[""弱我"",""强我"",""强她"",""弱她""]","","","","","","","","","","","","","","","","","","feedback_test","","","","","","","","","","","","","","","","","","","","",""
"718","","f","psychophysics","1916","3019034","0.0-10.0-0.1-4.1-0.4-0.170","5","2","5","1","1","5","3","4","4","5","5","0","0","1","2","-2","1","1","2","5","4","5","4","2","1","2","3","4","3","4","6","4","8","3","7","6","5","7","5","5","3","3","6","2","5","2","5","5","1","2","2","5","1","1","5","5","4","6","3","1","2","2","1","1","2","6","2","1","7","1","1","1","1","1","2","1","7","1","3","799230569765543938","仲","102","Female","[""坏我"",""好我"",""好她"",""坏她""]","[""弱我"",""强我"",""强她"",""弱她""]","","","","","","","","match","","","","","","","","","ALT2","moral","","key","f","16.665","683","380","","好她","","","","f","true","","","match","","img/triangle.png","好她","",""
"null","<span style='color:GreenYellow; font-size: 70px;'>正确! </span>","null","html-keyboard-response","1917","3019541","0.0-10.0-0.1-4.1-0.4-1.170","5","2","5","1","1","5","3","4","4","5","5","0","0","1","2","-2","1","1","2","5","4","5","4","2","1","2","3","4","3","4","6","4","8","3","7","6","5","7","5","5","3","3","6","2","5","2","5","5","1","2","2","5","1","1","5","5","4","6","3","1","2","2","1","1","2","6","2","1","7","1","1","1","1","1","2","1","7","1","3","799230569765543938","仲","102","Female","[""坏我"",""好我"",""好她"",""坏她""]","[""弱我"",""强我"",""强她"",""弱她""]","","","","","","","","","","","","","","","","","","feedback_test","","","","","","","","","","","","","","","","","","","","",""
"683","","j","psychophysics","1918","3021229","0.0-10.0-0.1-4.1-0.4-0.171","5","2","5","1","1","5","3","4","4","5","5","0","0","1","2","-2","1","1","2","5","4","5","4","2","1","2","3","4","3","4","6","4","8","3","7","6","5","7","5","5","3","3","6","2","5","2","5","5","1","2","2","5","1","1","5","5","4","6","3","1","2","2","1","1","2","6","2","1","7","1","1","1","1","1","2","1","7","1","3","799230569765543938","仲","102","Female","[""坏我"",""好我"",""好她"",""坏她""]","[""弱我"",""强我"",""强她"",""弱她""]","","","","","","","","nonmatch","","","","","","","","","ALT2","moral","","key","j","16.66600000000093","683","380","","坏她","","","","j","true","","","nonmatch","","img/triangle.png","好她","",""
"null","<span style='color:GreenYellow; font-size: 70px;'>正确! </span>","null","html-keyboard-response","1919","3021731","0.0-10.0-0.1-4.1-0.4-1.171","5","2","5","1","1","5","3","4","4","5","5","0","0","1","2","-2","1","1","2","5","4","5","4","2","1","2","3","4","3","4","6","4","8","3","7","6","5","7","5","5","3","3","6","2","5","2","5","5","1","2","2","5","1","1","5","5","4","6","3","1","2","2","1","1","2","6","2","1","7","1","1","1","1","1","2","1","7","1","3","799230569765543938","仲","102","Female","[""坏我"",""好我"",""好她"",""坏她""]","[""弱我"",""强我"",""强她"",""弱她""]","","","","","","","","","","","","","","","","","","feedback_test","","","","","","","","","","","","","","","","","","","","",""
"641","","f","psychophysics","1920","3023376","0.0-10.0-0.1-4.1-0.4-0.172","5","2","5","1","1","5","3","4","4","5","5","0","0","1","2","-2","1","1","2","5","4","5","4","2","1","2","3","4","3","4","6","4","8","3","7","6","5","7","5","5","3","3","6","2","5","2","5","5","1","2","2","5","1","1","5","5","4","6","3","1","2","2","1","1","2","6","2","1","7","1","1","1","1","1","2","1","7","1","3","799230569765543938","仲","102","Female","[""坏我"",""好我"",""好她"",""坏她""]","[""弱我"",""强我"",""强她"",""弱她""]","","","","","","","","match","","","","","","","","","ALT2","moral","","key","f","16.66530612244613","683","380","","好我","","","","f","true","","","match","","img/ellipse.png","好我","",""
"null","<span style='color:GreenYellow; font-size: 70px;'>正确! </span>","null","html-keyboard-response","1921","3023886","0.0-10.0-0.1-4.1-0.4-1.172","5","2","5","1","1","5","3","4","4","5","5","0","0","1","2","-2","1","1","2","5","4","5","4","2","1","2","3","4","3","4","6","4","8","3","7","6","5","7","5","5","3","3","6","2","5","2","5","5","1","2","2","5","1","1","5","5","4","6","3","1","2","2","1","1","2","6","2","1","7","1","1","1","1","1","2","1","7","1","3","799230569765543938","仲","102","Female","[""坏我"",""好我"",""好她"",""坏她""]","[""弱我"",""强我"",""强她"",""弱她""]","","","","","","","","","","","","","","","","","","feedback_test","","","","","","","","","","","","","","","","","","","","",""
"944","","j","psychophysics","1922","3025832","0.0-10.0-0.1-4.1-0.4-0.173","5","2","5","1","1","5","3","4","4","5","5","0","0","1","2","-2","1","1","2","5","4","5","4","2","1","2","3","4","3","4","6","4","8","3","7","6","5","7","5","5","3","3","6","2","5","2","5","5","1","2","2","5","1","1","5","5","4","6","3","1","2","2","1","1","2","6","2","1","7","1","1","1","1","1","2","1","7","1","3","799230569765543938","仲","102","Female","[""坏我"",""好我"",""好她"",""坏她""]","[""弱我"",""强我"",""强她"",""弱她""]","","","","","","","","nonmatch","","","","","","","","","ALT2","moral","","key","j","16.66521739130435","683","380","","坏我","","","","j","true","","","nonmatch","","img/hexagon.png","坏她","",""
"null","<span style='color:GreenYellow; font-size: 70px;'>正确! </span>","null","html-keyboard-response","1923","3026341","0.0-10.0-0.1-4.1-0.4-1.173","5","2","5","1","1","5","3","4","4","5","5","0","0","1","2","-2","1","1","2","5","4","5","4","2","1","2","3","4","3","4","6","4","8","3","7","6","5","7","5","5","3","3","6","2","5","2","5","5","1","2","2","5","1","1","5","5","4","6","3","1","2","2","1","1","2","6","2","1","7","1","1","1","1","1","2","1","7","1","3","799230569765543938","仲","102","Female","[""坏我"",""好我"",""好她"",""坏她""]","[""弱我"",""强我"",""强她"",""弱她""]","","","","","","","","","","","","","","","","","","feedback_test","","","","","","","","","","","","","","","","","","","","",""
"829","","j","psychophysics","1924","3028173","0.0-10.0-0.1-4.1-0.4-0.174","5","2","5","1","1","5","3","4","4","5","5","0","0","1","2","-2","1","1","2","5","4","5","4","2","1","2","3","4","3","4","6","4","8","3","7","6","5","7","5","5","3","3","6","2","5","2","5","5","1","2","2","5","1","1","5","5","4","6","3","1","2","2","1","1","2","6","2","1","7","1","1","1","1","1","2","1","7","1","3","799230569765543938","仲","102","Female","[""坏我"",""好我"",""好她"",""坏她""]","[""弱我"",""强我"",""强她"",""弱她""]","","","","","","","","nonmatch","","","","","","","","","ALT2","moral","","key","j","16.665740740739878","683","380","","好她","","","","j","true","","","nonmatch","","img/hexagon.png","坏她","",""
"null","<span style='color:GreenYellow; font-size: 70px;'>正确! </span>","null","html-keyboard-response","1925","3028676","0.0-10.0-0.1-4.1-0.4-1.174","5","2","5","1","1","5","3","4","4","5","5","0","0","1","2","-2","1","1","2","5","4","5","4","2","1","2","3","4","3","4","6","4","8","3","7","6","5","7","5","5","3","3","6","2","5","2","5","5","1","2","2","5","1","1","5","5","4","6","3","1","2","2","1","1","2","6","2","1","7","1","1","1","1","1","2","1","7","1","3","799230569765543938","仲","102","Female","[""坏我"",""好我"",""好她"",""坏她""]","[""弱我"",""强我"",""强她"",""弱她""]","","","","","","","","","","","","","","","","","","feedback_test","","","","","","","","","","","","","","","","","","","","",""
"622","","f","psychophysics","1926","3030305","0.0-10.0-0.1-4.1-0.4-0.175","5","2","5","1","1","5","3","4","4","5","5","0","0","1","2","-2","1","1","2","5","4","5","4","2","1","2","3","4","3","4","6","4","8","3","7","6","5","7","5","5","3","3","6","2","5","2","5","5","1","2","2","5","1","1","5","5","4","6","3","1","2","2","1","1","2","6","2","1","7","1","1","1","1","1","2","1","7","1","3","799230569765543938","仲","102","Female","[""坏我"",""好我"",""好她"",""坏她""]","[""弱我"",""强我"",""强她"",""弱她""]","","","","","","","","match","","","","","","","","","ALT2","moral","","key","f","16.66597938143946","683","380","","好她","","","","f","true","","","match","","img/triangle.png","好她","",""
"null","<span style='color:GreenYellow; font-size: 70px;'>正确! </span>","null","html-keyboard-response","1927","3030812","0.0-10.0-0.1-4.1-0.4-1.175","5","2","5","1","1","5","3","4","4","5","5","0","0","1","2","-2","1","1","2","5","4","5","4","2","1","2","3","4","3","4","6","4","8","3","7","6","5","7","5","5","3","3","6","2","5","2","5","5","1","2","2","5","1","1","5","5","4","6","3","1","2","2","1","1","2","6","2","1","7","1","1","1","1","1","2","1","7","1","3","799230569765543938","仲","102","Female","[""坏我"",""好我"",""好她"",""坏她""]","[""弱我"",""强我"",""强她"",""弱她""]","","","","","","","","","","","","","","","","","","feedback_test","","","","","","","","","","","","","","","","","","","","",""
"786","","f","psychophysics","1928","3032601","0.0-10.0-0.1-4.1-0.4-0.176","5","2","5","1","1","5","3","4","4","5","5","0","0","1","2","-2","1","1","2","5","4","5","4","2","1","2","3","4","3","4","6","4","8","3","7","6","5","7","5","5","3","3","6","2","5","2","5","5","1","2","2","5","1","1","5","5","4","6","3","1","2","2","1","1","2","6","2","1","7","1","1","1","1","1","2","1","7","1","3","799230569765543938","仲","102","Female","[""坏我"",""好我"",""好她"",""坏她""]","[""弱我"",""强我"",""强她"",""弱她""]","","","","","","","","match","","","","","","","","","ALT2","moral","","key","f","16.66698113207723","683","380","","坏她","","","","f","true","","","match","","img/hexagon.png","坏她","",""
"null","<span style='color:GreenYellow; font-size: 70px;'>正确! </span>","null","html-keyboard-response","1929","3033105","0.0-10.0-0.1-4.1-0.4-1.176","5","2","5","1","1","5","3","4","4","5","5","0","0","1","2","-2","1","1","2","5","4","5","4","2","1","2","3","4","3","4","6","4","8","3","7","6","5","7","5","5","3","3","6","2","5","2","5","5","1","2","2","5","1","1","5","5","4","6","3","1","2","2","1","1","2","6","2","1","7","1","1","1","1","1","2","1","7","1","3","799230569765543938","仲","102","Female","[""坏我"",""好我"",""好她"",""坏她""]","[""弱我"",""强我"",""强她"",""弱她""]","","","","","","","","","","","","","","","","","","feedback_test","","","","","","","","","","","","","","","","","","","","",""
"679","","f","psychophysics","1930","3034790","0.0-10.0-0.1-4.1-0.4-0.177","5","2","5","1","1","5","3","4","4","5","5","0","0","1","2","-2","1","1","2","5","4","5","4","2","1","2","3","4","3","4","6","4","8","3","7","6","5","7","5","5","3","3","6","2","5","2","5","5","1","2","2","5","1","1","5","5","4","6","3","1","2","2","1","1","2","6","2","1","7","1","1","1","1","1","2","1","7","1","3","799230569765543938","仲","102","Female","[""坏我"",""好我"",""好她"",""坏她""]","[""弱我"",""强我"",""强她"",""弱她""]","","","","","","","","match","","","","","","","","","ALT2","moral","","key","f","16.66600000000093","683","380","","坏我","","","","f","true","","","match","","img/square.png","坏我","",""
"null","<span style='color:GreenYellow; font-size: 70px;'>正确! </span>","null","html-keyboard-response","1931","3035303","0.0-10.0-0.1-4.1-0.4-1.177","5","2","5","1","1","5","3","4","4","5","5","0","0","1","2","-2","1","1","2","5","4","5","4","2","1","2","3","4","3","4","6","4","8","3","7","6","5","7","5","5","3","3","6","2","5","2","5","5","1","2","2","5","1","1","5","5","4","6","3","1","2","2","1","1","2","6","2","1","7","1","1","1","1","1","2","1","7","1","3","799230569765543938","仲","102","Female","[""坏我"",""好我"",""好她"",""坏她""]","[""弱我"",""强我"",""强她"",""弱她""]","","","","","","","","","","","","","","","","","","feedback_test","","","","","","","","","","","","","","","","","","","","",""
"873","","f","psychophysics","1932","3037182","0.0-10.0-0.1-4.1-0.4-0.178","5","2","5","1","1","5","3","4","4","5","5","0","0","1","2","-2","1","1","2","5","4","5","4","2","1","2","3","4","3","4","6","4","8","3","7","6","5","7","5","5","3","3","6","2","5","2","5","5","1","2","2","5","1","1","5","5","4","6","3","1","2","2","1","1","2","6","2","1","7","1","1","1","1","1","2","1","7","1","3","799230569765543938","仲","102","Female","[""坏我"",""好我"",""好她"",""坏她""]","[""弱我"",""强我"",""强她"",""弱她""]","","","","","","","","match","","","","","","","","","ALT2","moral","","key","f","16.665178571428573","683","380","","坏她","","","","f","true","","","match","","img/hexagon.png","坏她","",""
"null","<span style='color:GreenYellow; font-size: 70px;'>正确! </span>","null","html-keyboard-response","1933","3037687","0.0-10.0-0.1-4.1-0.4-1.178","5","2","5","1","1","5","3","4","4","5","5","0","0","1","2","-2","1","1","2","5","4","5","4","2","1","2","3","4","3","4","6","4","8","3","7","6","5","7","5","5","3","3","6","2","5","2","5","5","1","2","2","5","1","1","5","5","4","6","3","1","2","2","1","1","2","6","2","1","7","1","1","1","1","1","2","1","7","1","3","799230569765543938","仲","102","Female","[""坏我"",""好我"",""好她"",""坏她""]","[""弱我"",""强我"",""强她"",""弱她""]","","","","","","","","","","","","","","","","","","feedback_test","","","","","","","","","","","","","","","","","","","","",""
"1186","","j","psychophysics","1934","3039878","0.0-10.0-0.1-4.1-0.4-0.179","5","2","5","1","1","5","3","4","4","5","5","0","0","1","2","-2","1","1","2","5","4","5","4","2","1","2","3","4","3","4","6","4","8","3","7","6","5","7","5","5","3","3","6","2","5","2","5","5","1","2","2","5","1","1","5","5","4","6","3","1","2","2","1","1","2","6","2","1","7","1","1","1","1","1","2","1","7","1","3","799230569765543938","仲","102","Female","[""坏我"",""好我"",""好她"",""坏她""]","[""弱我"",""强我"",""强她"",""弱她""]","","","","","","","","nonmatch","","","","","","","","","ALT2","moral","","key","j","16.793798449611682","683","380","","坏她","","","","j","true","","","nonmatch","","img/square.png","坏我","",""
"null","<span style='color:GreenYellow; font-size: 70px;'>正确! </span>","null","html-keyboard-response","1935","3040385","0.0-10.0-0.1-4.1-0.4-1.179","5","2","5","1","1","5","3","4","4","5","5","0","0","1","2","-2","1","1","2","5","4","5","4","2","1","2","3","4","3","4","6","4","8","3","7","6","5","7","5","5","3","3","6","2","5","2","5","5","1","2","2","5","1","1","5","5","4","6","3","1","2","2","1","1","2","6","2","1","7","1","1","1","1","1","2","1","7","1","3","799230569765543938","仲","102","Female","[""坏我"",""好我"",""好她"",""坏她""]","[""弱我"",""强我"",""强她"",""弱她""]","","","","","","","","","","","","","","","","","","feedback_test","","","","","","","","","","","","","","","","","","","","",""
"709","","f","psychophysics","1936","3042100","0.0-10.0-0.1-4.1-0.4-0.180","5","2","5","1","1","5","3","4","4","5","5","0","0","1","2","-2","1","1","2","5","4","5","4","2","1","2","3","4","3","4","6","4","8","3","7","6","5","7","5","5","3","3","6","2","5","2","5","5","1","2","2","5","1","1","5","5","4","6","3","1","2","2","1","1","2","6","2","1","7","1","1","1","1","1","2","1","7","1","3","799230569765543938","仲","102","Female","[""坏我"",""好我"",""好她"",""坏她""]","[""弱我"",""强我"",""强她"",""弱她""]","","","","","","","","match","","","","","","","","","ALT2","moral","","key","f","16.830693069306008","683","380","","坏我","","","","f","true","","","match","","img/square.png","坏我","",""
"null","<span style='color:GreenYellow; font-size: 70px;'>正确! </span>","null","html-keyboard-response","1937","3042609","0.0-10.0-0.1-4.1-0.4-1.180","5","2","5","1","1","5","3","4","4","5","5","0","0","1","2","-2","1","1","2","5","4","5","4","2","1","2","3","4","3","4","6","4","8","3","7","6","5","7","5","5","3","3","6","2","5","2","5","5","1","2","2","5","1","1","5","5","4","6","3","1","2","2","1","1","2","6","2","1","7","1","1","1","1","1","2","1","7","1","3","799230569765543938","仲","102","Female","[""坏我"",""好我"",""好她"",""坏她""]","[""弱我"",""强我"",""强她"",""弱她""]","","","","","","","","","","","","","","","","","","feedback_test","","","","","","","","","","","","","","","","","","","","",""
"663","","f","psychophysics","1938","3044279","0.0-10.0-0.1-4.1-0.4-0.181","5","2","5","1","1","5","3","4","4","5","5","0","0","1","2","-2","1","1","2","5","4","5","4","2","1","2","3","4","3","4","6","4","8","3","7","6","5","7","5","5","3","3","6","2","5","2","5","5","1","2","2","5","1","1","5","5","4","6","3","1","2","2","1","1","2","6","2","1","7","1","1","1","1","1","2","1","7","1","3","799230569765543938","仲","102","Female","[""坏我"",""好我"",""好她"",""坏她""]","[""弱我"",""强我"",""强她"",""弱她""]","","","","","","","","match","","","","","","","","","ALT2","moral","","key","f","16.666666666666668","683","380","","好她","","","","f","true","","","match","","img/triangle.png","好她","",""
"null","<span style='color:GreenYellow; font-size: 70px;'>正确! </span>","null","html-keyboard-response","1939","3044786","0.0-10.0-0.1-4.1-0.4-1.181","5","2","5","1","1","5","3","4","4","5","5","0","0","1","2","-2","1","1","2","5","4","5","4","2","1","2","3","4","3","4","6","4","8","3","7","6","5","7","5","5","3","3","6","2","5","2","5","5","1","2","2","5","1","1","5","5","4","6","3","1","2","2","1","1","2","6","2","1","7","1","1","1","1","1","2","1","7","1","3","799230569765543938","仲","102","Female","[""坏我"",""好我"",""好她"",""坏她""]","[""弱我"",""强我"",""强她"",""弱她""]","","","","","","","","","","","","","","","","","","feedback_test","","","","","","","","","","","","","","","","","","","","",""
"602","","f","psychophysics","1940","3046391","0.0-10.0-0.1-4.1-0.4-0.182","5","2","5","1","1","5","3","4","4","5","5","0","0","1","2","-2","1","1","2","5","4","5","4","2","1","2","3","4","3","4","6","4","8","3","7","6","5","7","5","5","3","3","6","2","5","2","5","5","1","2","2","5","1","1","5","5","4","6","3","1","2","2","1","1","2","6","2","1","7","1","1","1","1","1","2","1","7","1","3","799230569765543938","仲","102","Female","[""坏我"",""好我"",""好她"",""坏她""]","[""弱我"",""强我"",""强她"",""弱她""]","","","","","","","","match","","","","","","","","","ALT2","moral","","key","f","16.6659574468095","683","380","","好我","","","","f","true","","","match","","img/ellipse.png","好我","",""
"null","<span style='color:GreenYellow; font-size: 70px;'>正确! </span>","null","html-keyboard-response","1941","3046900","0.0-10.0-0.1-4.1-0.4-1.182","5","2","5","1","1","5","3","4","4","5","5","0","0","1","2","-2","1","1","2","5","4","5","4","2","1","2","3","4","3","4","6","4","8","3","7","6","5","7","5","5","3","3","6","2","5","2","5","5","1","2","2","5","1","1","5","5","4","6","3","1","2","2","1","1","2","6","2","1","7","1","1","1","1","1","2","1","7","1","3","799230569765543938","仲","102","Female","[""坏我"",""好我"",""好她"",""坏她""]","[""弱我"",""强我"",""强她"",""弱她""]","","","","","","","","","","","","","","","","","","feedback_test","","","","","","","","","","","","","","","","","","","","",""
"587","","j","psychophysics","1942","3048494","0.0-10.0-0.1-4.1-0.4-0.183","5","2","5","1","1","5","3","4","4","5","5","0","0","1","2","-2","1","1","2","5","4","5","4","2","1","2","3","4","3","4","6","4","8","3","7","6","5","7","5","5","3","3","6","2","5","2","5","5","1","2","2","5","1","1","5","5","4","6","3","1","2","2","1","1","2","6","2","1","7","1","1","1","1","1","2","1","7","1","3","799230569765543938","仲","102","Female","[""坏我"",""好我"",""好她"",""坏她""]","[""弱我"",""强我"",""强她"",""弱她""]","","","","","","","","nonmatch","","","","","","","","","ALT2","moral","","key","j","16.666315789476624","683","380","","坏她","","","","j","true","","","nonmatch","","img/ellipse.png","好我","",""
"null","<span style='color:GreenYellow; font-size: 70px;'>正确! </span>","null","html-keyboard-response","1943","3048999","0.0-10.0-0.1-4.1-0.4-1.183","5","2","5","1","1","5","3","4","4","5","5","0","0","1","2","-2","1","1","2","5","4","5","4","2","1","2","3","4","3","4","6","4","8","3","7","6","5","7","5","5","3","3","6","2","5","2","5","5","1","2","2","5","1","1","5","5","4","6","3","1","2","2","1","1","2","6","2","1","7","1","1","1","1","1","2","1","7","1","3","799230569765543938","仲","102","Female","[""坏我"",""好我"",""好她"",""坏她""]","[""弱我"",""强我"",""强她"",""弱她""]","","","","","","","","","","","","","","","","","","feedback_test","","","","","","","","","","","","","","","","","","","","",""
"645","","f","psychophysics","1944","3050647","0.0-10.0-0.1-4.1-0.4-0.184","5","2","5","1","1","5","3","4","4","5","5","0","0","1","2","-2","1","1","2","5","4","5","4","2","1","2","3","4","3","4","6","4","8","3","7","6","5","7","5","5","3","3","6","2","5","2","5","5","1","2","2","5","1","1","5","5","4","6","3","1","2","2","1","1","2","6","2","1","7","1","1","1","1","1","2","1","7","1","3","799230569765543938","仲","102","Female","[""坏我"",""好我"",""好她"",""坏她""]","[""弱我"",""强我"",""强她"",""弱她""]","","","","","","","","match","","","","","","","","","ALT2","moral","","key","f","16.66530612244613","683","380","","好我","","","","j","false","","","nonmatch","","img/triangle.png","好她","",""
"null","<span style='color:red; font-size: 70px;'>错误! </span>","null","html-keyboard-response","1945","3051152","0.0-10.0-0.1-4.1-0.4-1.184","5","2","5","1","1","5","3","4","4","5","5","0","0","1","2","-2","1","1","2","5","4","5","4","2","1","2","3","4","3","4","6","4","8","3","7","6","5","7","5","5","3","3","6","2","5","2","5","5","1","2","2","5","1","1","5","5","4","6","3","1","2","2","1","1","2","6","2","1","7","1","1","1","1","1","2","1","7","1","3","799230569765543938","仲","102","Female","[""坏我"",""好我"",""好她"",""坏她""]","[""弱我"",""强我"",""强她"",""弱她""]","","","","","","","","","","","","","","","","","","feedback_test","","","","","","","","","","","","","","","","","","","","",""
"592","","f","psychophysics","1946","3052746","0.0-10.0-0.1-4.1-0.4-0.185","5","2","5","1","1","5","3","4","4","5","5","0","0","1","2","-2","1","1","2","5","4","5","4","2","1","2","3","4","3","4","6","4","8","3","7","6","5","7","5","5","3","3","6","2","5","2","5","5","1","2","2","5","1","1","5","5","4","6","3","1","2","2","1","1","2","6","2","1","7","1","1","1","1","1","2","1","7","1","3","799230569765543938","仲","102","Female","[""坏我"",""好我"",""好她"",""坏她""]","[""弱我"",""强我"",""强她"",""弱她""]","","","","","","","","match","","","","","","","","","ALT2","moral","","key","f","16.665263157891797","683","380","","好我","","","","f","true","","","match","","img/ellipse.png","好我","",""
"null","<span style='color:GreenYellow; font-size: 70px;'>正确! </span>","null","html-keyboard-response","1947","3053252","0.0-10.0-0.1-4.1-0.4-1.185","5","2","5","1","1","5","3","4","4","5","5","0","0","1","2","-2","1","1","2","5","4","5","4","2","1","2","3","4","3","4","6","4","8","3","7","6","5","7","5","5","3","3","6","2","5","2","5","5","1","2","2","5","1","1","5","5","4","6","3","1","2","2","1","1","2","6","2","1","7","1","1","1","1","1","2","1","7","1","3","799230569765543938","仲","102","Female","[""坏我"",""好我"",""好她"",""坏她""]","[""弱我"",""强我"",""强她"",""弱她""]","","","","","","","","","","","","","","","","","","feedback_test","","","","","","","","","","","","","","","","","","","","",""
"728","","f","psychophysics","1948","3054985","0.0-10.0-0.1-4.1-0.4-0.186","5","2","5","1","1","5","3","4","4","5","5","0","0","1","2","-2","1","1","2","5","4","5","4","2","1","2","3","4","3","4","6","4","8","3","7","6","5","7","5","5","3","3","6","2","5","2","5","5","1","2","2","5","1","1","5","5","4","6","3","1","2","2","1","1","2","6","2","1","7","1","1","1","1","1","2","1","7","1","3","799230569765543938","仲","102","Female","[""坏我"",""好我"",""好她"",""坏她""]","[""弱我"",""强我"",""强她"",""弱她""]","","","","","","","","match","","","","","","","","","ALT2","moral","","key","f","16.66504854368932","683","380","","坏她","","","","f","true","","","match","","img/hexagon.png","坏她","",""
"null","<span style='color:GreenYellow; font-size: 70px;'>正确! </span>","null","html-keyboard-response","1949","3055489","0.0-10.0-0.1-4.1-0.4-1.186","5","2","5","1","1","5","3","4","4","5","5","0","0","1","2","-2","1","1","2","5","4","5","4","2","1","2","3","4","3","4","6","4","8","3","7","6","5","7","5","5","3","3","6","2","5","2","5","5","1","2","2","5","1","1","5","5","4","6","3","1","2","2","1","1","2","6","2","1","7","1","1","1","1","1","2","1","7","1","3","799230569765543938","仲","102","Female","[""坏我"",""好我"",""好她"",""坏她""]","[""弱我"",""强我"",""强她"",""弱她""]","","","","","","","","","","","","","","","","","","feedback_test","","","","","","","","","","","","","","","","","","","","",""
"790","","j","psychophysics","1950","3057280","0.0-10.0-0.1-4.1-0.4-0.187","5","2","5","1","1","5","3","4","4","5","5","0","0","1","2","-2","1","1","2","5","4","5","4","2","1","2","3","4","3","4","6","4","8","3","7","6","5","7","5","5","3","3","6","2","5","2","5","5","1","2","2","5","1","1","5","5","4","6","3","1","2","2","1","1","2","6","2","1","7","1","1","1","1","1","2","1","7","1","3","799230569765543938","仲","102","Female","[""坏我"",""好我"",""好她"",""坏她""]","[""弱我"",""强我"",""强她"",""弱她""]","","","","","","","","nonmatch","","","","","","","","","ALT2","moral","","key","j","16.666355140185175","683","380","","坏我","","","","j","true","","","nonmatch","","img/triangle.png","好她","",""
"null","<span style='color:GreenYellow; font-size: 70px;'>正确! </span>","null","html-keyboard-response","1951","3057788","0.0-10.0-0.1-4.1-0.4-1.187","5","2","5","1","1","5","3","4","4","5","5","0","0","1","2","-2","1","1","2","5","4","5","4","2","1","2","3","4","3","4","6","4","8","3","7","6","5","7","5","5","3","3","6","2","5","2","5","5","1","2","2","5","1","1","5","5","4","6","3","1","2","2","1","1","2","6","2","1","7","1","1","1","1","1","2","1","7","1","3","799230569765543938","仲","102","Female","[""坏我"",""好我"",""好她"",""坏她""]","[""弱我"",""强我"",""强她"",""弱她""]","","","","","","","","","","","","","","","","","","feedback_test","","","","","","","","","","","","","","","","","","","","",""
"818","","j","psychophysics","1952","3059608","0.0-10.0-0.1-4.1-0.4-0.188","5","2","5","1","1","5","3","4","4","5","5","0","0","1","2","-2","1","1","2","5","4","5","4","2","1","2","3","4","3","4","6","4","8","3","7","6","5","7","5","5","3","3","6","2","5","2","5","5","1","2","2","5","1","1","5","5","4","6","3","1","2","2","1","1","2","6","2","1","7","1","1","1","1","1","2","1","7","1","3","799230569765543938","仲","102","Female","[""坏我"",""好我"",""好她"",""坏她""]","[""弱我"",""强我"",""强她"",""弱她""]","","","","","","","","nonmatch","","","","","","","","","ALT2","moral","","key","j","16.66448598130928","683","380","","好她","","","","j","true","","","nonmatch","","img/ellipse.png","好我","",""
"null","<span style='color:GreenYellow; font-size: 70px;'>正确! </span>","null","html-keyboard-response","1953","3060115","0.0-10.0-0.1-4.1-0.4-1.188","5","2","5","1","1","5","3","4","4","5","5","0","0","1","2","-2","1","1","2","5","4","5","4","2","1","2","3","4","3","4","6","4","8","3","7","6","5","7","5","5","3","3","6","2","5","2","5","5","1","2","2","5","1","1","5","5","4","6","3","1","2","2","1","1","2","6","2","1","7","1","1","1","1","1","2","1","7","1","3","799230569765543938","仲","102","Female","[""坏我"",""好我"",""好她"",""坏她""]","[""弱我"",""强我"",""强她"",""弱她""]","","","","","","","","","","","","","","","","","","feedback_test","","","","","","","","","","","","","","","","","","","","",""
"746","","j","psychophysics","1954","3061870","0.0-10.0-0.1-4.1-0.4-0.189","5","2","5","1","1","5","3","4","4","5","5","0","0","1","2","-2","1","1","2","5","4","5","4","2","1","2","3","4","3","4","6","4","8","3","7","6","5","7","5","5","3","3","6","2","5","2","5","5","1","2","2","5","1","1","5","5","4","6","3","1","2","2","1","1","2","6","2","1","7","1","1","1","1","1","2","1","7","1","3","799230569765543938","仲","102","Female","[""坏我"",""好我"",""好她"",""坏她""]","[""弱我"",""强我"",""强她"",""弱她""]","","","","","","","","nonmatch","","","","","","","","","ALT2","moral","","key","j","16.666346153844362","683","380","","好我","","","","j","true","","","nonmatch","","img/hexagon.png","坏她","",""
"null","<span style='color:GreenYellow; font-size: 70px;'>正确! </span>","null","html-keyboard-response","1955","3062378","0.0-10.0-0.1-4.1-0.4-1.189","5","2","5","1","1","5","3","4","4","5","5","0","0","1","2","-2","1","1","2","5","4","5","4","2","1","2","3","4","3","4","6","4","8","3","7","6","5","7","5","5","3","3","6","2","5","2","5","5","1","2","2","5","1","1","5","5","4","6","3","1","2","2","1","1","2","6","2","1","7","1","1","1","1","1","2","1","7","1","3","799230569765543938","仲","102","Female","[""坏我"",""好我"",""好她"",""坏她""]","[""弱我"",""强我"",""强她"",""弱她""]","","","","","","","","","","","","","","","","","","feedback_test","","","","","","","","","","","","","","","","","","","","",""
"713","","j","psychophysics","1956","3064097","0.0-10.0-0.1-4.1-0.4-0.190","5","2","5","1","1","5","3","4","4","5","5","0","0","1","2","-2","1","1","2","5","4","5","4","2","1","2","3","4","3","4","6","4","8","3","7","6","5","7","5","5","3","3","6","2","5","2","5","5","1","2","2","5","1","1","5","5","4","6","3","1","2","2","1","1","2","6","2","1","7","1","1","1","1","1","2","1","7","1","3","799230569765543938","仲","102","Female","[""坏我"",""好我"",""好她"",""坏她""]","[""弱我"",""强我"",""强她"",""弱她""]","","","","","","","","nonmatch","","","","","","","","","ALT2","moral","","key","j","16.666666666666668","683","380","","好她","","","","j","true","","","nonmatch","","img/square.png","坏我","",""
"null","<span style='color:GreenYellow; font-size: 70px;'>正确! </span>","null","html-keyboard-response","1957","3064600","0.0-10.0-0.1-4.1-0.4-1.190","5","2","5","1","1","5","3","4","4","5","5","0","0","1","2","-2","1","1","2","5","4","5","4","2","1","2","3","4","3","4","6","4","8","3","7","6","5","7","5","5","3","3","6","2","5","2","5","5","1","2","2","5","1","1","5","5","4","6","3","1","2","2","1","1","2","6","2","1","7","1","1","1","1","1","2","1","7","1","3","799230569765543938","仲","102","Female","[""坏我"",""好我"",""好她"",""坏她""]","[""弱我"",""强我"",""强她"",""弱她""]","","","","","","","","","","","","","","","","","","feedback_test","","","","","","","","","","","","","","","","","","","","",""
"679","","j","psychophysics","1958","3066285","0.0-10.0-0.1-4.1-0.4-0.191","5","2","5","1","1","5","3","4","4","5","5","0","0","1","2","-2","1","1","2","5","4","5","4","2","1","2","3","4","3","4","6","4","8","3","7","6","5","7","5","5","3","3","6","2","5","2","5","5","1","2","2","5","1","1","5","5","4","6","3","1","2","2","1","1","2","6","2","1","7","1","1","1","1","1","2","1","7","1","3","799230569765543938","仲","102","Female","[""坏我"",""好我"",""好她"",""坏她""]","[""弱我"",""强我"",""强她"",""弱她""]","","","","","","","","nonmatch","","","","","","","","","ALT2","moral","","key","j","16.665","683","380","","好我","","","","j","true","","","nonmatch","","img/square.png","坏我","",""
"null","<span style='color:GreenYellow; font-size: 70px;'>正确! </span>","null","html-keyboard-response","1959","3066789","0.0-10.0-0.1-4.1-0.4-1.191","5","2","5","1","1","5","3","4","4","5","5","0","0","1","2","-2","1","1","2","5","4","5","4","2","1","2","3","4","3","4","6","4","8","3","7","6","5","7","5","5","3","3","6","2","5","2","5","5","1","2","2","5","1","1","5","5","4","6","3","1","2","2","1","1","2","6","2","1","7","1","1","1","1","1","2","1","7","1","3","799230569765543938","仲","102","Female","[""坏我"",""好我"",""好她"",""坏她""]","[""弱我"",""强我"",""强她"",""弱她""]","","","","","","","","","","","","","","","","","","feedback_test","","","","","","","","","","","","","","","","","","","","",""
"690","","f","psychophysics","1960","3068480","0.0-10.0-0.1-4.1-0.4-0.192","5","2","5","1","1","5","3","4","4","5","5","0","0","1","2","-2","1","1","2","5","4","5","4","2","1","2","3","4","3","4","6","4","8","3","7","6","5","7","5","5","3","3","6","2","5","2","5","5","1","2","2","5","1","1","5","5","4","6","3","1","2","2","1","1","2","6","2","1","7","1","1","1","1","1","2","1","7","1","3","799230569765543938","仲","102","Female","[""坏我"",""好我"",""好她"",""坏她""]","[""弱我"",""强我"",""强她"",""弱她""]","","","","","","","","match","","","","","","","","","ALT2","moral","","key","f","16.66600000000093","683","380","","坏我","","","","f","true","","","match","","img/square.png","坏我","",""
"null","<span style='color:GreenYellow; font-size: 70px;'>正确! </span>","null","html-keyboard-response","1961","3068988","0.0-10.0-0.1-4.1-0.4-1.192","5","2","5","1","1","5","3","4","4","5","5","0","0","1","2","-2","1","1","2","5","4","5","4","2","1","2","3","4","3","4","6","4","8","3","7","6","5","7","5","5","3","3","6","2","5","2","5","5","1","2","2","5","1","1","5","5","4","6","3","1","2","2","1","1","2","6","2","1","7","1","1","1","1","1","2","1","7","1","3","799230569765543938","仲","102","Female","[""坏我"",""好我"",""好她"",""坏她""]","[""弱我"",""强我"",""强她"",""弱她""]","","","","","","","","","","","","","","","","","","feedback_test","","","","","","","","","","","","","","","","","","","","",""
"7832","<style>.context{color:white; font-size: 35px; line-height:40px}</style>                            <div><p class='context'>您正确回答了98% 的试次。</p><p class='context'>您的平均反应时为755毫秒。</p><p class='context'>请按空格键进入休息。</p></div>"," ","html-keyboard-response","1962","3076824","0.0-10.0-0.1-4.1-1.4","5","2","5","1","1","5","3","4","4","5","5","0","0","1","2","-2","1","1","2","5","4","5","4","2","1","2","3","4","3","4","6","4","8","3","7","6","5","7","5","5","3","3","6","2","5","2","5","5","1","2","2","5","1","1","5","5","4","6","3","1","2","2","1","1","2","6","2","1","7","1","1","1","1","1","2","1","7","1","3","799230569765543938","仲","102","Female","[""坏我"",""好我"",""好她"",""坏她""]","[""弱我"",""强我"",""强她"",""弱她""]","","","","","","","","","","","","","","","","","","","","","","","","","","","","","","","","","","","","","","",""
"18925","
        <p >您当前还剩余4组实验</p>
        <p >现在是休息时间，当您结束休息后，</p>
        <p >您可以点击 结束休息 按钮 继续。</p>
        <p >建议休息时间还剩余<span id=""iii"">60</span>秒。</p>","0","html-button-response","1963","3095753","0.0-10.0-0.1-4.1-2.4","5","2","5","1","1","5","3","4","4","5","5","0","0","1","2","-2","1","1","2","5","4","5","4","2","1","2","3","4","3","4","6","4","8","3","7","6","5","7","5","5","3","3","6","2","5","2","5","5","1","2","2","5","1","1","5","5","4","6","3","1","2","2","1","1","2","6","2","1","7","1","1","1","1","1","2","1","7","1","3","799230569765543938","仲","102","Female","[""坏我"",""好我"",""好她"",""坏她""]","[""弱我"",""强我"",""强她"",""弱她""]","","","","","","","","","","","","","","","","","","","","","","","","","","","","","","","","","","","","","","",""
"724","","f","psychophysics","1964","3097487","0.0-10.0-0.1-4.1-0.5-0.193","5","2","5","1","1","5","3","4","4","5","5","0","0","1","2","-2","1","1","2","5","4","5","4","2","1","2","3","4","3","4","6","4","8","3","7","6","5","7","5","5","3","3","6","2","5","2","5","5","1","2","2","5","1","1","5","5","4","6","3","1","2","2","1","1","2","6","2","1","7","1","1","1","1","1","2","1","7","1","3","799230569765543938","仲","102","Female","[""坏我"",""好我"",""好她"",""坏她""]","[""弱我"",""强我"",""强她"",""弱她""]","","","","","","","","match","","","","","","","","","ALT2","moral","","key","f","16.66504854368932","683","380","","好我","","","","f","true","","","match","","img/ellipse.png","好我","",""
"null","<span style='color:GreenYellow; font-size: 70px;'>正确! </span>","null","html-keyboard-response","1965","3097991","0.0-10.0-0.1-4.1-0.5-1.193","5","2","5","1","1","5","3","4","4","5","5","0","0","1","2","-2","1","1","2","5","4","5","4","2","1","2","3","4","3","4","6","4","8","3","7","6","5","7","5","5","3","3","6","2","5","2","5","5","1","2","2","5","1","1","5","5","4","6","3","1","2","2","1","1","2","6","2","1","7","1","1","1","1","1","2","1","7","1","3","799230569765543938","仲","102","Female","[""坏我"",""好我"",""好她"",""坏她""]","[""弱我"",""强我"",""强她"",""弱她""]","","","","","","","","","","","","","","","","","","feedback_test","","","","","","","","","","","","","","","","","","","","",""
"782","","f","psychophysics","1966","3099776","0.0-10.0-0.1-4.1-0.5-0.194","5","2","5","1","1","5","3","4","4","5","5","0","0","1","2","-2","1","1","2","5","4","5","4","2","1","2","3","4","3","4","6","4","8","3","7","6","5","7","5","5","3","3","6","2","5","2","5","5","1","2","2","5","1","1","5","5","4","6","3","1","2","2","1","1","2","6","2","1","7","1","1","1","1","1","2","1","7","1","3","799230569765543938","仲","102","Female","[""坏我"",""好我"",""好她"",""坏她""]","[""弱我"",""强我"",""强她"",""弱她""]","","","","","","","","match","","","","","","","","","ALT2","moral","","key","f","16.6657142857134","683","380","","坏她","","","","f","true","","","match","","img/hexagon.png","坏她","",""
"null","<span style='color:GreenYellow; font-size: 70px;'>正确! </span>","null","html-keyboard-response","1967","3100284","0.0-10.0-0.1-4.1-0.5-1.194","5","2","5","1","1","5","3","4","4","5","5","0","0","1","2","-2","1","1","2","5","4","5","4","2","1","2","3","4","3","4","6","4","8","3","7","6","5","7","5","5","3","3","6","2","5","2","5","5","1","2","2","5","1","1","5","5","4","6","3","1","2","2","1","1","2","6","2","1","7","1","1","1","1","1","2","1","7","1","3","799230569765543938","仲","102","Female","[""坏我"",""好我"",""好她"",""坏她""]","[""弱我"",""强我"",""强她"",""弱她""]","","","","","","","","","","","","","","","","","","feedback_test","","","","","","","","","","","","","","","","","","","","",""
"98","","f","psychophysics","1968","3101383","0.0-10.0-0.1-4.1-0.5-0.195","5","2","5","1","1","5","3","4","4","5","5","0","0","1","2","-2","1","1","2","5","4","5","4","2","1","2","3","4","3","4","6","4","8","3","7","6","5","7","5","5","3","3","6","2","5","2","5","5","1","2","2","5","1","1","5","5","4","6","3","1","2","2","1","1","2","6","2","1","7","1","1","1","1","1","2","1","7","1","3","799230569765543938","仲","102","Female","[""坏我"",""好我"",""好她"",""坏她""]","[""弱我"",""强我"",""强她"",""弱她""]","","","","","","","","match","","","","","","","","","ALT2","moral","","key","f","16.667187499995634","683","380","","坏我","","","","j","false","","","nonmatch","","img/triangle.png","好她","",""
"null","<span style='color:yellow; font-size: 70px;'>过快! </span>","null","html-keyboard-response","1969","3101886","0.0-10.0-0.1-4.1-0.5-1.195","5","2","5","1","1","5","3","4","4","5","5","0","0","1","2","-2","1","1","2","5","4","5","4","2","1","2","3","4","3","4","6","4","8","3","7","6","5","7","5","5","3","3","6","2","5","2","5","5","1","2","2","5","1","1","5","5","4","6","3","1","2","2","1","1","2","6","2","1","7","1","1","1","1","1","2","1","7","1","3","799230569765543938","仲","102","Female","[""坏我"",""好我"",""好她"",""坏她""]","[""弱我"",""强我"",""强她"",""弱她""]","","","","","","","","","","","","","","","","","","feedback_test","","","","","","","","","","","","","","","","","","","","",""
"978","","f","psychophysics","1970","3103867","0.0-10.0-0.1-4.1-0.5-0.196","5","2","5","1","1","5","3","4","4","5","5","0","0","1","2","-2","1","1","2","5","4","5","4","2","1","2","3","4","3","4","6","4","8","3","7","6","5","7","5","5","3","3","6","2","5","2","5","5","1","2","2","5","1","1","5","5","4","6","3","1","2","2","1","1","2","6","2","1","7","1","1","1","1","1","2","1","7","1","3","799230569765543938","仲","102","Female","[""坏我"",""好我"",""好她"",""坏她""]","[""弱我"",""强我"",""强她"",""弱她""]","","","","","","","","match","","","","","","","","","ALT2","moral","","key","f","16.666666666666668","683","380","","坏她","","","","f","true","","","match","","img/hexagon.png","坏她","",""
"null","<span style='color:GreenYellow; font-size: 70px;'>正确! </span>","null","html-keyboard-response","1971","3104370","0.0-10.0-0.1-4.1-0.5-1.196","5","2","5","1","1","5","3","4","4","5","5","0","0","1","2","-2","1","1","2","5","4","5","4","2","1","2","3","4","3","4","6","4","8","3","7","6","5","7","5","5","3","3","6","2","5","2","5","5","1","2","2","5","1","1","5","5","4","6","3","1","2","2","1","1","2","6","2","1","7","1","1","1","1","1","2","1","7","1","3","799230569765543938","仲","102","Female","[""坏我"",""好我"",""好她"",""坏她""]","[""弱我"",""强我"",""强她"",""弱她""]","","","","","","","","","","","","","","","","","","feedback_test","","","","","","","","","","","","","","","","","","","","",""
"852","","j","psychophysics","1972","3106231","0.0-10.0-0.1-4.1-0.5-0.197","5","2","5","1","1","5","3","4","4","5","5","0","0","1","2","-2","1","1","2","5","4","5","4","2","1","2","3","4","3","4","6","4","8","3","7","6","5","7","5","5","3","3","6","2","5","2","5","5","1","2","2","5","1","1","5","5","4","6","3","1","2","2","1","1","2","6","2","1","7","1","1","1","1","1","2","1","7","1","3","799230569765543938","仲","102","Female","[""坏我"",""好我"",""好她"",""坏她""]","[""弱我"",""强我"",""强她"",""弱她""]","","","","","","","","nonmatch","","","","","","","","","ALT2","moral","","key","j","16.664220183485384","683","380","","坏我","","","","j","true","","","nonmatch","","img/hexagon.png","坏她","",""
"null","<span style='color:GreenYellow; font-size: 70px;'>正确! </span>","null","html-keyboard-response","1973","3106740","0.0-10.0-0.1-4.1-0.5-1.197","5","2","5","1","1","5","3","4","4","5","5","0","0","1","2","-2","1","1","2","5","4","5","4","2","1","2","3","4","3","4","6","4","8","3","7","6","5","7","5","5","3","3","6","2","5","2","5","5","1","2","2","5","1","1","5","5","4","6","3","1","2","2","1","1","2","6","2","1","7","1","1","1","1","1","2","1","7","1","3","799230569765543938","仲","102","Female","[""坏我"",""好我"",""好她"",""坏她""]","[""弱我"",""强我"",""强她"",""弱她""]","","","","","","","","","","","","","","","","","","feedback_test","","","","","","","","","","","","","","","","","","","","",""
"1040","","j","psychophysics","1974","3108790","0.0-10.0-0.1-4.1-0.5-0.198","5","2","5","1","1","5","3","4","4","5","5","0","0","1","2","-2","1","1","2","5","4","5","4","2","1","2","3","4","3","4","6","4","8","3","7","6","5","7","5","5","3","3","6","2","5","2","5","5","1","2","2","5","1","1","5","5","4","6","3","1","2","2","1","1","2","6","2","1","7","1","1","1","1","1","2","1","7","1","3","799230569765543938","仲","102","Female","[""坏我"",""好我"",""好她"",""坏她""]","[""弱我"",""强我"",""强她"",""弱她""]","","","","","","","","nonmatch","","","","","","","","","ALT2","moral","","key","j","16.66557377049333","683","380","","坏她","","","","j","true","","","nonmatch","","img/square.png","坏我","",""
"null","<span style='color:GreenYellow; font-size: 70px;'>正确! </span>","null","html-keyboard-response","1975","3109292","0.0-10.0-0.1-4.1-0.5-1.198","5","2","5","1","1","5","3","4","4","5","5","0","0","1","2","-2","1","1","2","5","4","5","4","2","1","2","3","4","3","4","6","4","8","3","7","6","5","7","5","5","3","3","6","2","5","2","5","5","1","2","2","5","1","1","5","5","4","6","3","1","2","2","1","1","2","6","2","1","7","1","1","1","1","1","2","1","7","1","3","799230569765543938","仲","102","Female","[""坏我"",""好我"",""好她"",""坏她""]","[""弱我"",""强我"",""强她"",""弱她""]","","","","","","","","","","","","","","","","","","feedback_test","","","","","","","","","","","","","","","","","","","","",""
"934","","j","psychophysics","1976","3111231","0.0-10.0-0.1-4.1-0.5-0.199","5","2","5","1","1","5","3","4","4","5","5","0","0","1","2","-2","1","1","2","5","4","5","4","2","1","2","3","4","3","4","6","4","8","3","7","6","5","7","5","5","3","3","6","2","5","2","5","5","1","2","2","5","1","1","5","5","4","6","3","1","2","2","1","1","2","6","2","1","7","1","1","1","1","1","2","1","7","1","3","799230569765543938","仲","102","Female","[""坏我"",""好我"",""好她"",""坏她""]","[""弱我"",""强我"",""强她"",""弱她""]","","","","","","","","nonmatch","","","","","","","","","ALT2","moral","","key","j","16.66578947368748","683","380","","坏她","","","","j","true","","","nonmatch","","img/triangle.png","好她","",""
"null","<span style='color:GreenYellow; font-size: 70px;'>正确! </span>","null","html-keyboard-response","1977","3111738","0.0-10.0-0.1-4.1-0.5-1.199","5","2","5","1","1","5","3","4","4","5","5","0","0","1","2","-2","1","1","2","5","4","5","4","2","1","2","3","4","3","4","6","4","8","3","7","6","5","7","5","5","3","3","6","2","5","2","5","5","1","2","2","5","1","1","5","5","4","6","3","1","2","2","1","1","2","6","2","1","7","1","1","1","1","1","2","1","7","1","3","799230569765543938","仲","102","Female","[""坏我"",""好我"",""好她"",""坏她""]","[""弱我"",""强我"",""强她"",""弱她""]","","","","","","","","","","","","","","","","","","feedback_test","","","","","","","","","","","","","","","","","","","","",""
"707","","f","psychophysics","1978","3113453","0.0-10.0-0.1-4.1-0.5-0.200","5","2","5","1","1","5","3","4","4","5","5","0","0","1","2","-2","1","1","2","5","4","5","4","2","1","2","3","4","3","4","6","4","8","3","7","6","5","7","5","5","3","3","6","2","5","2","5","5","1","2","2","5","1","1","5","5","4","6","3","1","2","2","1","1","2","6","2","1","7","1","1","1","1","1","2","1","7","1","3","799230569765543938","仲","102","Female","[""坏我"",""好我"",""好她"",""坏她""]","[""弱我"",""强我"",""强她"",""弱她""]","","","","","","","","match","","","","","","","","","ALT2","moral","","key","f","16.66568627450889","683","380","","坏我","","","","f","true","","","match","","img/square.png","坏我","",""
"null","<span style='color:GreenYellow; font-size: 70px;'>正确! </span>","null","html-keyboard-response","1979","3113957","0.0-10.0-0.1-4.1-0.5-1.200","5","2","5","1","1","5","3","4","4","5","5","0","0","1","2","-2","1","1","2","5","4","5","4","2","1","2","3","4","3","4","6","4","8","3","7","6","5","7","5","5","3","3","6","2","5","2","5","5","1","2","2","5","1","1","5","5","4","6","3","1","2","2","1","1","2","6","2","1","7","1","1","1","1","1","2","1","7","1","3","799230569765543938","仲","102","Female","[""坏我"",""好我"",""好她"",""坏她""]","[""弱我"",""强我"",""强她"",""弱她""]","","","","","","","","","","","","","","","","","","feedback_test","","","","","","","","","","","","","","","","","","","","",""
"721","","j","psychophysics","1980","3115687","0.0-10.0-0.1-4.1-0.5-0.201","5","2","5","1","1","5","3","4","4","5","5","0","0","1","2","-2","1","1","2","5","4","5","4","2","1","2","3","4","3","4","6","4","8","3","7","6","5","7","5","5","3","3","6","2","5","2","5","5","1","2","2","5","1","1","5","5","4","6","3","1","2","2","1","1","2","6","2","1","7","1","1","1","1","1","2","1","7","1","3","799230569765543938","仲","102","Female","[""坏我"",""好我"",""好她"",""坏她""]","[""弱我"",""强我"",""强她"",""弱她""]","","","","","","","","nonmatch","","","","","","","","","ALT2","moral","","key","j","16.66504854368932","683","380","","好我","","","","j","true","","","nonmatch","","img/square.png","坏我","",""
"null","<span style='color:GreenYellow; font-size: 70px;'>正确! </span>","null","html-keyboard-response","1981","3116193","0.0-10.0-0.1-4.1-0.5-1.201","5","2","5","1","1","5","3","4","4","5","5","0","0","1","2","-2","1","1","2","5","4","5","4","2","1","2","3","4","3","4","6","4","8","3","7","6","5","7","5","5","3","3","6","2","5","2","5","5","1","2","2","5","1","1","5","5","4","6","3","1","2","2","1","1","2","6","2","1","7","1","1","1","1","1","2","1","7","1","3","799230569765543938","仲","102","Female","[""坏我"",""好我"",""好她"",""坏她""]","[""弱我"",""强我"",""强她"",""弱她""]","","","","","","","","","","","","","","","","","","feedback_test","","","","","","","","","","","","","","","","","","","","",""
"693","","j","psychophysics","1982","3117896","0.0-10.0-0.1-4.1-0.5-0.202","5","2","5","1","1","5","3","4","4","5","5","0","0","1","2","-2","1","1","2","5","4","5","4","2","1","2","3","4","3","4","6","4","8","3","7","6","5","7","5","5","3","3","6","2","5","2","5","5","1","2","2","5","1","1","5","5","4","6","3","1","2","2","1","1","2","6","2","1","7","1","1","1","1","1","2","1","7","1","3","799230569765543938","仲","102","Female","[""坏我"",""好我"",""好她"",""坏她""]","[""弱我"",""强我"",""强她"",""弱她""]","","","","","","","","nonmatch","","","","","","","","","ALT2","moral","","key","j","16.6653465346507","683","380","","坏我","","","","j","true","","","nonmatch","","img/ellipse.png","好我","",""
"null","<span style='color:GreenYellow; font-size: 70px;'>正确! </span>","null","html-keyboard-response","1983","3118398","0.0-10.0-0.1-4.1-0.5-1.202","5","2","5","1","1","5","3","4","4","5","5","0","0","1","2","-2","1","1","2","5","4","5","4","2","1","2","3","4","3","4","6","4","8","3","7","6","5","7","5","5","3","3","6","2","5","2","5","5","1","2","2","5","1","1","5","5","4","6","3","1","2","2","1","1","2","6","2","1","7","1","1","1","1","1","2","1","7","1","3","799230569765543938","仲","102","Female","[""坏我"",""好我"",""好她"",""坏她""]","[""弱我"",""强我"",""强她"",""弱她""]","","","","","","","","","","","","","","","","","","feedback_test","","","","","","","","","","","","","","","","","","","","",""
"717","","j","psychophysics","1984","3120117","0.0-10.0-0.1-4.1-0.5-0.203","5","2","5","1","1","5","3","4","4","5","5","0","0","1","2","-2","1","1","2","5","4","5","4","2","1","2","3","4","3","4","6","4","8","3","7","6","5","7","5","5","3","3","6","2","5","2","5","5","1","2","2","5","1","1","5","5","4","6","3","1","2","2","1","1","2","6","2","1","7","1","1","1","1","1","2","1","7","1","3","799230569765543938","仲","102","Female","[""坏我"",""好我"",""好她"",""坏她""]","[""弱我"",""强我"",""强她"",""弱她""]","","","","","","","","nonmatch","","","","","","","","","ALT2","moral","","key","j","16.664705882351114","683","380","","好我","","","","j","true","","","nonmatch","","img/hexagon.png","坏她","",""
"null","<span style='color:GreenYellow; font-size: 70px;'>正确! </span>","null","html-keyboard-response","1985","3120620","0.0-10.0-0.1-4.1-0.5-1.203","5","2","5","1","1","5","3","4","4","5","5","0","0","1","2","-2","1","1","2","5","4","5","4","2","1","2","3","4","3","4","6","4","8","3","7","6","5","7","5","5","3","3","6","2","5","2","5","5","1","2","2","5","1","1","5","5","4","6","3","1","2","2","1","1","2","6","2","1","7","1","1","1","1","1","2","1","7","1","3","799230569765543938","仲","102","Female","[""坏我"",""好我"",""好她"",""坏她""]","[""弱我"",""强我"",""强她"",""弱她""]","","","","","","","","","","","","","","","","","","feedback_test","","","","","","","","","","","","","","","","","","","","",""
"718","","f","psychophysics","1986","3122345","0.0-10.0-0.1-4.1-0.5-0.204","5","2","5","1","1","5","3","4","4","5","5","0","0","1","2","-2","1","1","2","5","4","5","4","2","1","2","3","4","3","4","6","4","8","3","7","6","5","7","5","5","3","3","6","2","5","2","5","5","1","2","2","5","1","1","5","5","4","6","3","1","2","2","1","1","2","6","2","1","7","1","1","1","1","1","2","1","7","1","3","799230569765543938","仲","102","Female","[""坏我"",""好我"",""好她"",""坏她""]","[""弱我"",""强我"",""强她"",""弱她""]","","","","","","","","match","","","","","","","","","ALT2","moral","","key","f","16.66534653465531","683","380","","好她","","","","f","true","","","match","","img/triangle.png","好她","",""
"null","<span style='color:GreenYellow; font-size: 70px;'>正确! </span>","null","html-keyboard-response","1987","3122849","0.0-10.0-0.1-4.1-0.5-1.204","5","2","5","1","1","5","3","4","4","5","5","0","0","1","2","-2","1","1","2","5","4","5","4","2","1","2","3","4","3","4","6","4","8","3","7","6","5","7","5","5","3","3","6","2","5","2","5","5","1","2","2","5","1","1","5","5","4","6","3","1","2","2","1","1","2","6","2","1","7","1","1","1","1","1","2","1","7","1","3","799230569765543938","仲","102","Female","[""坏我"",""好我"",""好她"",""坏她""]","[""弱我"",""强我"",""强她"",""弱她""]","","","","","","","","","","","","","","","","","","feedback_test","","","","","","","","","","","","","","","","","","","","",""
"651","","j","psychophysics","1988","3124502","0.0-10.0-0.1-4.1-0.5-0.205","5","2","5","1","1","5","3","4","4","5","5","0","0","1","2","-2","1","1","2","5","4","5","4","2","1","2","3","4","3","4","6","4","8","3","7","6","5","7","5","5","3","3","6","2","5","2","5","5","1","2","2","5","1","1","5","5","4","6","3","1","2","2","1","1","2","6","2","1","7","1","1","1","1","1","2","1","7","1","3","799230569765543938","仲","102","Female","[""坏我"",""好我"",""好她"",""坏她""]","[""弱我"",""强我"",""强她"",""弱她""]","","","","","","","","nonmatch","","","","","","","","","ALT2","moral","","key","j","16.666326530610345","683","380","","坏她","","","","j","true","","","nonmatch","","img/ellipse.png","好我","",""
"null","<span style='color:GreenYellow; font-size: 70px;'>正确! </span>","null","html-keyboard-response","1989","3125008","0.0-10.0-0.1-4.1-0.5-1.205","5","2","5","1","1","5","3","4","4","5","5","0","0","1","2","-2","1","1","2","5","4","5","4","2","1","2","3","4","3","4","6","4","8","3","7","6","5","7","5","5","3","3","6","2","5","2","5","5","1","2","2","5","1","1","5","5","4","6","3","1","2","2","1","1","2","6","2","1","7","1","1","1","1","1","2","1","7","1","3","799230569765543938","仲","102","Female","[""坏我"",""好我"",""好她"",""坏她""]","[""弱我"",""强我"",""强她"",""弱她""]","","","","","","","","","","","","","","","","","","feedback_test","","","","","","","","","","","","","","","","","","","","",""
"801","","j","psychophysics","1990","3126818","0.0-10.0-0.1-4.1-0.5-0.206","5","2","5","1","1","5","3","4","4","5","5","0","0","1","2","-2","1","1","2","5","4","5","4","2","1","2","3","4","3","4","6","4","8","3","7","6","5","7","5","5","3","3","6","2","5","2","5","5","1","2","2","5","1","1","5","5","4","6","3","1","2","2","1","1","2","6","2","1","7","1","1","1","1","1","2","1","7","1","3","799230569765543938","仲","102","Female","[""坏我"",""好我"",""好她"",""坏她""]","[""弱我"",""强我"",""强她"",""弱她""]","","","","","","","","nonmatch","","","","","","","","","ALT2","moral","","key","j","16.66448598130928","683","380","","好我","","","","j","true","","","nonmatch","","img/triangle.png","好她","",""
"null","<span style='color:GreenYellow; font-size: 70px;'>正确! </span>","null","html-keyboard-response","1991","3127323","0.0-10.0-0.1-4.1-0.5-1.206","5","2","5","1","1","5","3","4","4","5","5","0","0","1","2","-2","1","1","2","5","4","5","4","2","1","2","3","4","3","4","6","4","8","3","7","6","5","7","5","5","3","3","6","2","5","2","5","5","1","2","2","5","1","1","5","5","4","6","3","1","2","2","1","1","2","6","2","1","7","1","1","1","1","1","2","1","7","1","3","799230569765543938","仲","102","Female","[""坏我"",""好我"",""好她"",""坏她""]","[""弱我"",""强我"",""强她"",""弱她""]","","","","","","","","","","","","","","","","","","feedback_test","","","","","","","","","","","","","","","","","","","","",""
"706","","j","psychophysics","1992","3129038","0.0-10.0-0.1-4.1-0.5-0.207","5","2","5","1","1","5","3","4","4","5","5","0","0","1","2","-2","1","1","2","5","4","5","4","2","1","2","3","4","3","4","6","4","8","3","7","6","5","7","5","5","3","3","6","2","5","2","5","5","1","2","2","5","1","1","5","5","4","6","3","1","2","2","1","1","2","6","2","1","7","1","1","1","1","1","2","1","7","1","3","799230569765543938","仲","102","Female","[""坏我"",""好我"",""好她"",""坏她""]","[""弱我"",""强我"",""强她"",""弱她""]","","","","","","","","nonmatch","","","","","","","","","ALT2","moral","","key","j","16.666666666666668","683","380","","好我","","","","f","false","","","match","","img/ellipse.png","好我","",""
"null","<span style='color:red; font-size: 70px;'>错误! </span>","null","html-keyboard-response","1993","3129544","0.0-10.0-0.1-4.1-0.5-1.207","5","2","5","1","1","5","3","4","4","5","5","0","0","1","2","-2","1","1","2","5","4","5","4","2","1","2","3","4","3","4","6","4","8","3","7","6","5","7","5","5","3","3","6","2","5","2","5","5","1","2","2","5","1","1","5","5","4","6","3","1","2","2","1","1","2","6","2","1","7","1","1","1","1","1","2","1","7","1","3","799230569765543938","仲","102","Female","[""坏我"",""好我"",""好她"",""坏她""]","[""弱我"",""强我"",""强她"",""弱她""]","","","","","","","","","","","","","","","","","","feedback_test","","","","","","","","","","","","","","","","","","","","",""
"686","","f","psychophysics","1994","3131235","0.0-10.0-0.1-4.1-0.5-0.208","5","2","5","1","1","5","3","4","4","5","5","0","0","1","2","-2","1","1","2","5","4","5","4","2","1","2","3","4","3","4","6","4","8","3","7","6","5","7","5","5","3","3","6","2","5","2","5","5","1","2","2","5","1","1","5","5","4","6","3","1","2","2","1","1","2","6","2","1","7","1","1","1","1","1","2","1","7","1","3","799230569765543938","仲","102","Female","[""坏我"",""好我"",""好她"",""坏她""]","[""弱我"",""强我"",""强她"",""弱她""]","","","","","","","","match","","","","","","","","","ALT2","moral","","key","f","16.66534653465531","683","380","","坏我","","","","f","true","","","match","","img/square.png","坏我","",""
"null","<span style='color:GreenYellow; font-size: 70px;'>正确! </span>","null","html-keyboard-response","1995","3131743","0.0-10.0-0.1-4.1-0.5-1.208","5","2","5","1","1","5","3","4","4","5","5","0","0","1","2","-2","1","1","2","5","4","5","4","2","1","2","3","4","3","4","6","4","8","3","7","6","5","7","5","5","3","3","6","2","5","2","5","5","1","2","2","5","1","1","5","5","4","6","3","1","2","2","1","1","2","6","2","1","7","1","1","1","1","1","2","1","7","1","3","799230569765543938","仲","102","Female","[""坏我"",""好我"",""好她"",""坏她""]","[""弱我"",""强我"",""强她"",""弱她""]","","","","","","","","","","","","","","","","","","feedback_test","","","","","","","","","","","","","","","","","","","","",""
"681","","j","psychophysics","1996","3133430","0.0-10.0-0.1-4.1-0.5-0.209","5","2","5","1","1","5","3","4","4","5","5","0","0","1","2","-2","1","1","2","5","4","5","4","2","1","2","3","4","3","4","6","4","8","3","7","6","5","7","5","5","3","3","6","2","5","2","5","5","1","2","2","5","1","1","5","5","4","6","3","1","2","2","1","1","2","6","2","1","7","1","1","1","1","1","2","1","7","1","3","799230569765543938","仲","102","Female","[""坏我"",""好我"",""好她"",""坏她""]","[""弱我"",""强我"",""强她"",""弱她""]","","","","","","","","nonmatch","","","","","","","","","ALT2","moral","","key","j","16.66600000000093","683","380","","好她","","","","j","true","","","nonmatch","","img/square.png","坏我","",""
"null","<span style='color:GreenYellow; font-size: 70px;'>正确! </span>","null","html-keyboard-response","1997","3133933","0.0-10.0-0.1-4.1-0.5-1.209","5","2","5","1","1","5","3","4","4","5","5","0","0","1","2","-2","1","1","2","5","4","5","4","2","1","2","3","4","3","4","6","4","8","3","7","6","5","7","5","5","3","3","6","2","5","2","5","5","1","2","2","5","1","1","5","5","4","6","3","1","2","2","1","1","2","6","2","1","7","1","1","1","1","1","2","1","7","1","3","799230569765543938","仲","102","Female","[""坏我"",""好我"",""好她"",""坏她""]","[""弱我"",""强我"",""强她"",""弱她""]","","","","","","","","","","","","","","","","","","feedback_test","","","","","","","","","","","","","","","","","","","","",""
"820","","f","psychophysics","1998","3135762","0.0-10.0-0.1-4.1-0.5-0.210","5","2","5","1","1","5","3","4","4","5","5","0","0","1","2","-2","1","1","2","5","4","5","4","2","1","2","3","4","3","4","6","4","8","3","7","6","5","7","5","5","3","3","6","2","5","2","5","5","1","2","2","5","1","1","5","5","4","6","3","1","2","2","1","1","2","6","2","1","7","1","1","1","1","1","2","1","7","1","3","799230569765543938","仲","102","Female","[""坏我"",""好我"",""好她"",""坏她""]","[""弱我"",""强我"",""强她"",""弱她""]","","","","","","","","match","","","","","","","","","ALT2","moral","","key","f","16.665740740739878","683","380","","坏她","","","","f","true","","","match","","img/hexagon.png","坏她","",""
"null","<span style='color:GreenYellow; font-size: 70px;'>正确! </span>","null","html-keyboard-response","1999","3136271","0.0-10.0-0.1-4.1-0.5-1.210","5","2","5","1","1","5","3","4","4","5","5","0","0","1","2","-2","1","1","2","5","4","5","4","2","1","2","3","4","3","4","6","4","8","3","7","6","5","7","5","5","3","3","6","2","5","2","5","5","1","2","2","5","1","1","5","5","4","6","3","1","2","2","1","1","2","6","2","1","7","1","1","1","1","1","2","1","7","1","3","799230569765543938","仲","102","Female","[""坏我"",""好我"",""好她"",""坏她""]","[""弱我"",""强我"",""强她"",""弱她""]","","","","","","","","","","","","","","","","","","feedback_test","","","","","","","","","","","","","","","","","","","","",""
"721","","f","psychophysics","2000","3137999","0.0-10.0-0.1-4.1-0.5-0.211","5","2","5","1","1","5","3","4","4","5","5","0","0","1","2","-2","1","1","2","5","4","5","4","2","1","2","3","4","3","4","6","4","8","3","7","6","5","7","5","5","3","3","6","2","5","2","5","5","1","2","2","5","1","1","5","5","4","6","3","1","2","2","1","1","2","6","2","1","7","1","1","1","1","1","2","1","7","1","3","799230569765543938","仲","102","Female","[""坏我"",""好我"",""好她"",""坏她""]","[""弱我"",""强我"",""强她"",""弱她""]","","","","","","","","match","","","","","","","","","ALT2","moral","","key","f","16.666666666666668","683","380","","好她","","","","f","true","","","match","","img/triangle.png","好她","",""
"null","<span style='color:GreenYellow; font-size: 70px;'>正确! </span>","null","html-keyboard-response","2001","3138503","0.0-10.0-0.1-4.1-0.5-1.211","5","2","5","1","1","5","3","4","4","5","5","0","0","1","2","-2","1","1","2","5","4","5","4","2","1","2","3","4","3","4","6","4","8","3","7","6","5","7","5","5","3","3","6","2","5","2","5","5","1","2","2","5","1","1","5","5","4","6","3","1","2","2","1","1","2","6","2","1","7","1","1","1","1","1","2","1","7","1","3","799230569765543938","仲","102","Female","[""坏我"",""好我"",""好她"",""坏她""]","[""弱我"",""强我"",""强她"",""弱她""]","","","","","","","","","","","","","","","","","","feedback_test","","","","","","","","","","","","","","","","","","","","",""
"736","","j","psychophysics","2002","3140246","0.0-10.0-0.1-4.1-0.5-0.212","5","2","5","1","1","5","3","4","4","5","5","0","0","1","2","-2","1","1","2","5","4","5","4","2","1","2","3","4","3","4","6","4","8","3","7","6","5","7","5","5","3","3","6","2","5","2","5","5","1","2","2","5","1","1","5","5","4","6","3","1","2","2","1","1","2","6","2","1","7","1","1","1","1","1","2","1","7","1","3","799230569765543938","仲","102","Female","[""坏我"",""好我"",""好她"",""坏她""]","[""弱我"",""强我"",""强她"",""弱她""]","","","","","","","","nonmatch","","","","","","","","","ALT2","moral","","key","j","16.666019417476633","683","380","","好她","","","","j","true","","","nonmatch","","img/hexagon.png","坏她","",""
"null","<span style='color:GreenYellow; font-size: 70px;'>正确! </span>","null","html-keyboard-response","2003","3140749","0.0-10.0-0.1-4.1-0.5-1.212","5","2","5","1","1","5","3","4","4","5","5","0","0","1","2","-2","1","1","2","5","4","5","4","2","1","2","3","4","3","4","6","4","8","3","7","6","5","7","5","5","3","3","6","2","5","2","5","5","1","2","2","5","1","1","5","5","4","6","3","1","2","2","1","1","2","6","2","1","7","1","1","1","1","1","2","1","7","1","3","799230569765543938","仲","102","Female","[""坏我"",""好我"",""好她"",""坏她""]","[""弱我"",""强我"",""强她"",""弱她""]","","","","","","","","","","","","","","","","","","feedback_test","","","","","","","","","","","","","","","","","","","","",""
"672","","j","psychophysics","2004","3142425","0.0-10.0-0.1-4.1-0.5-0.213","5","2","5","1","1","5","3","4","4","5","5","0","0","1","2","-2","1","1","2","5","4","5","4","2","1","2","3","4","3","4","6","4","8","3","7","6","5","7","5","5","3","3","6","2","5","2","5","5","1","2","2","5","1","1","5","5","4","6","3","1","2","2","1","1","2","6","2","1","7","1","1","1","1","1","2","1","7","1","3","799230569765543938","仲","102","Female","[""坏我"",""好我"",""好她"",""坏她""]","[""弱我"",""强我"",""强她"",""弱她""]","","","","","","","","nonmatch","","","","","","","","","ALT2","moral","","key","j","16.666666666666668","683","380","","好她","","","","j","true","","","nonmatch","","img/ellipse.png","好我","",""
"null","<span style='color:GreenYellow; font-size: 70px;'>正确! </span>","null","html-keyboard-response","2005","3142931","0.0-10.0-0.1-4.1-0.5-1.213","5","2","5","1","1","5","3","4","4","5","5","0","0","1","2","-2","1","1","2","5","4","5","4","2","1","2","3","4","3","4","6","4","8","3","7","6","5","7","5","5","3","3","6","2","5","2","5","5","1","2","2","5","1","1","5","5","4","6","3","1","2","2","1","1","2","6","2","1","7","1","1","1","1","1","2","1","7","1","3","799230569765543938","仲","102","Female","[""坏我"",""好我"",""好她"",""坏她""]","[""弱我"",""强我"",""强她"",""弱她""]","","","","","","","","","","","","","","","","","","feedback_test","","","","","","","","","","","","","","","","","","","","",""
"923","","f","psychophysics","2006","3144855","0.0-10.0-0.1-4.1-0.5-0.214","5","2","5","1","1","5","3","4","4","5","5","0","0","1","2","-2","1","1","2","5","4","5","4","2","1","2","3","4","3","4","6","4","8","3","7","6","5","7","5","5","3","3","6","2","5","2","5","5","1","2","2","5","1","1","5","5","4","6","3","1","2","2","1","1","2","6","2","1","7","1","1","1","1","1","2","1","7","1","3","799230569765543938","仲","102","Female","[""坏我"",""好我"",""好她"",""坏她""]","[""弱我"",""强我"",""强她"",""弱她""]","","","","","","","","match","","","","","","","","","ALT2","moral","","key","f","16.60789473684047","683","380","","好她","","","","f","true","","","match","","img/triangle.png","好她","",""
"null","<span style='color:GreenYellow; font-size: 70px;'>正确! </span>","null","html-keyboard-response","2007","3145359","0.0-10.0-0.1-4.1-0.5-1.214","5","2","5","1","1","5","3","4","4","5","5","0","0","1","2","-2","1","1","2","5","4","5","4","2","1","2","3","4","3","4","6","4","8","3","7","6","5","7","5","5","3","3","6","2","5","2","5","5","1","2","2","5","1","1","5","5","4","6","3","1","2","2","1","1","2","6","2","1","7","1","1","1","1","1","2","1","7","1","3","799230569765543938","仲","102","Female","[""坏我"",""好我"",""好她"",""坏她""]","[""弱我"",""强我"",""强她"",""弱她""]","","","","","","","","","","","","","","","","","","feedback_test","","","","","","","","","","","","","","","","","","","","",""
"609","","f","psychophysics","2008","3146974","0.0-10.0-0.1-4.1-0.5-0.215","5","2","5","1","1","5","3","4","4","5","5","0","0","1","2","-2","1","1","2","5","4","5","4","2","1","2","3","4","3","4","6","4","8","3","7","6","5","7","5","5","3","3","6","2","5","2","5","5","1","2","2","5","1","1","5","5","4","6","3","1","2","2","1","1","2","6","2","1","7","1","1","1","1","1","2","1","7","1","3","799230569765543938","仲","102","Female","[""坏我"",""好我"",""好她"",""坏她""]","[""弱我"",""强我"",""强她"",""弱她""]","","","","","","","","match","","","","","","","","","ALT2","moral","","key","f","16.666666666666668","683","380","","好我","","","","f","true","","","match","","img/ellipse.png","好我","",""
"null","<span style='color:GreenYellow; font-size: 70px;'>正确! </span>","null","html-keyboard-response","2009","3147479","0.0-10.0-0.1-4.1-0.5-1.215","5","2","5","1","1","5","3","4","4","5","5","0","0","1","2","-2","1","1","2","5","4","5","4","2","1","2","3","4","3","4","6","4","8","3","7","6","5","7","5","5","3","3","6","2","5","2","5","5","1","2","2","5","1","1","5","5","4","6","3","1","2","2","1","1","2","6","2","1","7","1","1","1","1","1","2","1","7","1","3","799230569765543938","仲","102","Female","[""坏我"",""好我"",""好她"",""坏她""]","[""弱我"",""强我"",""强她"",""弱她""]","","","","","","","","","","","","","","","","","","feedback_test","","","","","","","","","","","","","","","","","","","","",""
"759","","f","psychophysics","2010","3149240","0.0-10.0-0.1-4.1-0.5-0.216","5","2","5","1","1","5","3","4","4","5","5","0","0","1","2","-2","1","1","2","5","4","5","4","2","1","2","3","4","3","4","6","4","8","3","7","6","5","7","5","5","3","3","6","2","5","2","5","5","1","2","2","5","1","1","5","5","4","6","3","1","2","2","1","1","2","6","2","1","7","1","1","1","1","1","2","1","7","1","3","799230569765543938","仲","102","Female","[""坏我"",""好我"",""好她"",""坏她""]","[""弱我"",""强我"",""强她"",""弱她""]","","","","","","","","match","","","","","","","","","ALT2","moral","","key","f","16.665384615386408","683","380","","坏我","","","","f","true","","","match","","img/square.png","坏我","",""
"null","<span style='color:GreenYellow; font-size: 70px;'>正确! </span>","null","html-keyboard-response","2011","3149745","0.0-10.0-0.1-4.1-0.5-1.216","5","2","5","1","1","5","3","4","4","5","5","0","0","1","2","-2","1","1","2","5","4","5","4","2","1","2","3","4","3","4","6","4","8","3","7","6","5","7","5","5","3","3","6","2","5","2","5","5","1","2","2","5","1","1","5","5","4","6","3","1","2","2","1","1","2","6","2","1","7","1","1","1","1","1","2","1","7","1","3","799230569765543938","仲","102","Female","[""坏我"",""好我"",""好她"",""坏她""]","[""弱我"",""强我"",""强她"",""弱她""]","","","","","","","","","","","","","","","","","","feedback_test","","","","","","","","","","","","","","","","","","","","",""
"669","","f","psychophysics","2012","3151417","0.0-10.0-0.1-4.1-0.5-0.217","5","2","5","1","1","5","3","4","4","5","5","0","0","1","2","-2","1","1","2","5","4","5","4","2","1","2","3","4","3","4","6","4","8","3","7","6","5","7","5","5","3","3","6","2","5","2","5","5","1","2","2","5","1","1","5","5","4","6","3","1","2","2","1","1","2","6","2","1","7","1","1","1","1","1","2","1","7","1","3","799230569765543938","仲","102","Female","[""坏我"",""好我"",""好她"",""坏她""]","[""弱我"",""强我"",""强她"",""弱她""]","","","","","","","","match","","","","","","","","","ALT2","moral","","key","f","16.665656565655624","683","380","","好我","","","","f","true","","","match","","img/ellipse.png","好我","",""
"null","<span style='color:GreenYellow; font-size: 70px;'>正确! </span>","null","html-keyboard-response","2013","3151923","0.0-10.0-0.1-4.1-0.5-1.217","5","2","5","1","1","5","3","4","4","5","5","0","0","1","2","-2","1","1","2","5","4","5","4","2","1","2","3","4","3","4","6","4","8","3","7","6","5","7","5","5","3","3","6","2","5","2","5","5","1","2","2","5","1","1","5","5","4","6","3","1","2","2","1","1","2","6","2","1","7","1","1","1","1","1","2","1","7","1","3","799230569765543938","仲","102","Female","[""坏我"",""好我"",""好她"",""坏她""]","[""弱我"",""强我"",""强她"",""弱她""]","","","","","","","","","","","","","","","","","","feedback_test","","","","","","","","","","","","","","","","","","","","",""
"881","","j","psychophysics","2014","3153812","0.0-10.0-0.1-4.1-0.5-0.218","5","2","5","1","1","5","3","4","4","5","5","0","0","1","2","-2","1","1","2","5","4","5","4","2","1","2","3","4","3","4","6","4","8","3","7","6","5","7","5","5","3","3","6","2","5","2","5","5","1","2","2","5","1","1","5","5","4","6","3","1","2","2","1","1","2","6","2","1","7","1","1","1","1","1","2","1","7","1","3","799230569765543938","仲","102","Female","[""坏我"",""好我"",""好她"",""坏她""]","[""弱我"",""强我"",""强她"",""弱她""]","","","","","","","","nonmatch","","","","","","","","","ALT2","moral","","key","j","16.66696428571595","683","380","","坏我","","","","j","true","","","nonmatch","","img/hexagon.png","坏她","",""
"null","<span style='color:GreenYellow; font-size: 70px;'>正确! </span>","null","html-keyboard-response","2015","3154317","0.0-10.0-0.1-4.1-0.5-1.218","5","2","5","1","1","5","3","4","4","5","5","0","0","1","2","-2","1","1","2","5","4","5","4","2","1","2","3","4","3","4","6","4","8","3","7","6","5","7","5","5","3","3","6","2","5","2","5","5","1","2","2","5","1","1","5","5","4","6","3","1","2","2","1","1","2","6","2","1","7","1","1","1","1","1","2","1","7","1","3","799230569765543938","仲","102","Female","[""坏我"",""好我"",""好她"",""坏她""]","[""弱我"",""强我"",""强她"",""弱她""]","","","","","","","","","","","","","","","","","","feedback_test","","","","","","","","","","","","","","","","","","","","",""
"812","","j","psychophysics","2016","3156134","0.0-10.0-0.1-4.1-0.5-0.219","5","2","5","1","1","5","3","4","4","5","5","0","0","1","2","-2","1","1","2","5","4","5","4","2","1","2","3","4","3","4","6","4","8","3","7","6","5","7","5","5","3","3","6","2","5","2","5","5","1","2","2","5","1","1","5","5","4","6","3","1","2","2","1","1","2","6","2","1","7","1","1","1","1","1","2","1","7","1","3","799230569765543938","仲","102","Female","[""坏我"",""好我"",""好她"",""坏她""]","[""弱我"",""强我"",""强她"",""弱她""]","","","","","","","","nonmatch","","","","","","","","","ALT2","moral","","key","j","16.666666666666668","683","380","","好她","","","","j","true","","","nonmatch","","img/hexagon.png","坏她","",""
"null","<span style='color:GreenYellow; font-size: 70px;'>正确! </span>","null","html-keyboard-response","2017","3156639","0.0-10.0-0.1-4.1-0.5-1.219","5","2","5","1","1","5","3","4","4","5","5","0","0","1","2","-2","1","1","2","5","4","5","4","2","1","2","3","4","3","4","6","4","8","3","7","6","5","7","5","5","3","3","6","2","5","2","5","5","1","2","2","5","1","1","5","5","4","6","3","1","2","2","1","1","2","6","2","1","7","1","1","1","1","1","2","1","7","1","3","799230569765543938","仲","102","Female","[""坏我"",""好我"",""好她"",""坏她""]","[""弱我"",""强我"",""强她"",""弱她""]","","","","","","","","","","","","","","","","","","feedback_test","","","","","","","","","","","","","","","","","","","","",""
"702","","f","psychophysics","2018","3158348","0.0-10.0-0.1-4.1-0.5-0.220","5","2","5","1","1","5","3","4","4","5","5","0","0","1","2","-2","1","1","2","5","4","5","4","2","1","2","3","4","3","4","6","4","8","3","7","6","5","7","5","5","3","3","6","2","5","2","5","5","1","2","2","5","1","1","5","5","4","6","3","1","2","2","1","1","2","6","2","1","7","1","1","1","1","1","2","1","7","1","3","799230569765543938","仲","102","Female","[""坏我"",""好我"",""好她"",""坏她""]","[""弱我"",""强我"",""强她"",""弱她""]","","","","","","","","match","","","","","","","","","ALT2","moral","","key","f","16.664356435644486","683","380","","好她","","","","f","true","","","match","","img/triangle.png","好她","",""
"null","<span style='color:GreenYellow; font-size: 70px;'>正确! </span>","null","html-keyboard-response","2019","3158853","0.0-10.0-0.1-4.1-0.5-1.220","5","2","5","1","1","5","3","4","4","5","5","0","0","1","2","-2","1","1","2","5","4","5","4","2","1","2","3","4","3","4","6","4","8","3","7","6","5","7","5","5","3","3","6","2","5","2","5","5","1","2","2","5","1","1","5","5","4","6","3","1","2","2","1","1","2","6","2","1","7","1","1","1","1","1","2","1","7","1","3","799230569765543938","仲","102","Female","[""坏我"",""好我"",""好她"",""坏她""]","[""弱我"",""强我"",""强她"",""弱她""]","","","","","","","","","","","","","","","","","","feedback_test","","","","","","","","","","","","","","","","","","","","",""
"728","","j","psychophysics","2020","3160583","0.0-10.0-0.1-4.1-0.5-0.221","5","2","5","1","1","5","3","4","4","5","5","0","0","1","2","-2","1","1","2","5","4","5","4","2","1","2","3","4","3","4","6","4","8","3","7","6","5","7","5","5","3","3","6","2","5","2","5","5","1","2","2","5","1","1","5","5","4","6","3","1","2","2","1","1","2","6","2","1","7","1","1","1","1","1","2","1","7","1","3","799230569765543938","仲","102","Female","[""坏我"",""好我"",""好她"",""坏她""]","[""弱我"",""强我"",""强她"",""弱她""]","","","","","","","","nonmatch","","","","","","","","","ALT2","moral","","key","j","16.66568627450889","683","380","","好她","","","","j","true","","","nonmatch","","img/ellipse.png","好我","",""
"null","<span style='color:GreenYellow; font-size: 70px;'>正确! </span>","null","html-keyboard-response","2021","3161089","0.0-10.0-0.1-4.1-0.5-1.221","5","2","5","1","1","5","3","4","4","5","5","0","0","1","2","-2","1","1","2","5","4","5","4","2","1","2","3","4","3","4","6","4","8","3","7","6","5","7","5","5","3","3","6","2","5","2","5","5","1","2","2","5","1","1","5","5","4","6","3","1","2","2","1","1","2","6","2","1","7","1","1","1","1","1","2","1","7","1","3","799230569765543938","仲","102","Female","[""坏我"",""好我"",""好她"",""坏她""]","[""弱我"",""强我"",""强她"",""弱她""]","","","","","","","","","","","","","","","","","","feedback_test","","","","","","","","","","","","","","","","","","","","",""
"662","","f","psychophysics","2022","3162758","0.0-10.0-0.1-4.1-0.5-0.222","5","2","5","1","1","5","3","4","4","5","5","0","0","1","2","-2","1","1","2","5","4","5","4","2","1","2","3","4","3","4","6","4","8","3","7","6","5","7","5","5","3","3","6","2","5","2","5","5","1","2","2","5","1","1","5","5","4","6","3","1","2","2","1","1","2","6","2","1","7","1","1","1","1","1","2","1","7","1","3","799230569765543938","仲","102","Female","[""坏我"",""好我"",""好她"",""坏她""]","[""弱我"",""强我"",""强她"",""弱她""]","","","","","","","","match","","","","","","","","","ALT2","moral","","key","f","16.665656565655624","683","380","","坏我","","","","f","true","","","match","","img/square.png","坏我","",""
"null","<span style='color:GreenYellow; font-size: 70px;'>正确! </span>","null","html-keyboard-response","2023","3163262","0.0-10.0-0.1-4.1-0.5-1.222","5","2","5","1","1","5","3","4","4","5","5","0","0","1","2","-2","1","1","2","5","4","5","4","2","1","2","3","4","3","4","6","4","8","3","7","6","5","7","5","5","3","3","6","2","5","2","5","5","1","2","2","5","1","1","5","5","4","6","3","1","2","2","1","1","2","6","2","1","7","1","1","1","1","1","2","1","7","1","3","799230569765543938","仲","102","Female","[""坏我"",""好我"",""好她"",""坏她""]","[""弱我"",""强我"",""强她"",""弱她""]","","","","","","","","","","","","","","","","","","feedback_test","","","","","","","","","","","","","","","","","","","","",""
"1026","","j","psychophysics","2024","3165289","0.0-10.0-0.1-4.1-0.5-0.223","5","2","5","1","1","5","3","4","4","5","5","0","0","1","2","-2","1","1","2","5","4","5","4","2","1","2","3","4","3","4","6","4","8","3","7","6","5","7","5","5","3","3","6","2","5","2","5","5","1","2","2","5","1","1","5","5","4","6","3","1","2","2","1","1","2","6","2","1","7","1","1","1","1","1","2","1","7","1","3","799230569765543938","仲","102","Female","[""坏我"",""好我"",""好她"",""坏她""]","[""弱我"",""强我"",""强她"",""弱她""]","","","","","","","","nonmatch","","","","","","","","","ALT2","moral","","key","j","16.66500000000233","683","380","","好我","","","","j","true","","","nonmatch","","img/triangle.png","好她","",""
"null","<span style='color:GreenYellow; font-size: 70px;'>正确! </span>","null","html-keyboard-response","2025","3165797","0.0-10.0-0.1-4.1-0.5-1.223","5","2","5","1","1","5","3","4","4","5","5","0","0","1","2","-2","1","1","2","5","4","5","4","2","1","2","3","4","3","4","6","4","8","3","7","6","5","7","5","5","3","3","6","2","5","2","5","5","1","2","2","5","1","1","5","5","4","6","3","1","2","2","1","1","2","6","2","1","7","1","1","1","1","1","2","1","7","1","3","799230569765543938","仲","102","Female","[""坏我"",""好我"",""好她"",""坏她""]","[""弱我"",""强我"",""强她"",""弱她""]","","","","","","","","","","","","","","","","","","feedback_test","","","","","","","","","","","","","","","","","","","","",""
"596","","f","psychophysics","2026","3167399","0.0-10.0-0.1-4.1-0.5-0.224","5","2","5","1","1","5","3","4","4","5","5","0","0","1","2","-2","1","1","2","5","4","5","4","2","1","2","3","4","3","4","6","4","8","3","7","6","5","7","5","5","3","3","6","2","5","2","5","5","1","2","2","5","1","1","5","5","4","6","3","1","2","2","1","1","2","6","2","1","7","1","1","1","1","1","2","1","7","1","3","799230569765543938","仲","102","Female","[""坏我"",""好我"",""好她"",""坏她""]","[""弱我"",""强我"",""强她"",""弱她""]","","","","","","","","match","","","","","","","","","ALT2","moral","","key","f","16.66421052631677","683","380","","好我","","","","f","true","","","match","","img/ellipse.png","好我","",""
"null","<span style='color:GreenYellow; font-size: 70px;'>正确! </span>","null","html-keyboard-response","2027","3167908","0.0-10.0-0.1-4.1-0.5-1.224","5","2","5","1","1","5","3","4","4","5","5","0","0","1","2","-2","1","1","2","5","4","5","4","2","1","2","3","4","3","4","6","4","8","3","7","6","5","7","5","5","3","3","6","2","5","2","5","5","1","2","2","5","1","1","5","5","4","6","3","1","2","2","1","1","2","6","2","1","7","1","1","1","1","1","2","1","7","1","3","799230569765543938","仲","102","Female","[""坏我"",""好我"",""好她"",""坏她""]","[""弱我"",""强我"",""强她"",""弱她""]","","","","","","","","","","","","","","","","","","feedback_test","","","","","","","","","","","","","","","","","","","","",""
"916","","f","psychophysics","2028","3169828","0.0-10.0-0.1-4.1-0.5-0.225","5","2","5","1","1","5","3","4","4","5","5","0","0","1","2","-2","1","1","2","5","4","5","4","2","1","2","3","4","3","4","6","4","8","3","7","6","5","7","5","5","3","3","6","2","5","2","5","5","1","2","2","5","1","1","5","5","4","6","3","1","2","2","1","1","2","6","2","1","7","1","1","1","1","1","2","1","7","1","3","799230569765543938","仲","102","Female","[""坏我"",""好我"",""好她"",""坏她""]","[""弱我"",""强我"",""强她"",""弱她""]","","","","","","","","match","","","","","","","","","ALT2","moral","","key","f","16.813274336286483","683","380","","坏我","","","","f","true","","","match","","img/square.png","坏我","",""
"null","<span style='color:GreenYellow; font-size: 70px;'>正确! </span>","null","html-keyboard-response","2029","3170331","0.0-10.0-0.1-4.1-0.5-1.225","5","2","5","1","1","5","3","4","4","5","5","0","0","1","2","-2","1","1","2","5","4","5","4","2","1","2","3","4","3","4","6","4","8","3","7","6","5","7","5","5","3","3","6","2","5","2","5","5","1","2","2","5","1","1","5","5","4","6","3","1","2","2","1","1","2","6","2","1","7","1","1","1","1","1","2","1","7","1","3","799230569765543938","仲","102","Female","[""坏我"",""好我"",""好她"",""坏她""]","[""弱我"",""强我"",""强她"",""弱她""]","","","","","","","","","","","","","","","","","","feedback_test","","","","","","","","","","","","","","","","","","","","",""
"829","","f","psychophysics","2030","3172163","0.0-10.0-0.1-4.1-0.5-0.226","5","2","5","1","1","5","3","4","4","5","5","0","0","1","2","-2","1","1","2","5","4","5","4","2","1","2","3","4","3","4","6","4","8","3","7","6","5","7","5","5","3","3","6","2","5","2","5","5","1","2","2","5","1","1","5","5","4","6","3","1","2","2","1","1","2","6","2","1","7","1","1","1","1","1","2","1","7","1","3","799230569765543938","仲","102","Female","[""坏我"",""好我"",""好她"",""坏她""]","[""弱我"",""强我"",""强她"",""弱她""]","","","","","","","","match","","","","","","","","","ALT2","moral","","key","f","16.665740740739878","683","380","","坏她","","","","f","true","","","match","","img/hexagon.png","坏她","",""
"null","<span style='color:GreenYellow; font-size: 70px;'>正确! </span>","null","html-keyboard-response","2031","3172667","0.0-10.0-0.1-4.1-0.5-1.226","5","2","5","1","1","5","3","4","4","5","5","0","0","1","2","-2","1","1","2","5","4","5","4","2","1","2","3","4","3","4","6","4","8","3","7","6","5","7","5","5","3","3","6","2","5","2","5","5","1","2","2","5","1","1","5","5","4","6","3","1","2","2","1","1","2","6","2","1","7","1","1","1","1","1","2","1","7","1","3","799230569765543938","仲","102","Female","[""坏我"",""好我"",""好她"",""坏她""]","[""弱我"",""强我"",""强她"",""弱她""]","","","","","","","","","","","","","","","","","","feedback_test","","","","","","","","","","","","","","","","","","","","",""
"848","","j","psychophysics","2032","3174520","0.0-10.0-0.1-4.1-0.5-0.227","5","2","5","1","1","5","3","4","4","5","5","0","0","1","2","-2","1","1","2","5","4","5","4","2","1","2","3","4","3","4","6","4","8","3","7","6","5","7","5","5","3","3","6","2","5","2","5","5","1","2","2","5","1","1","5","5","4","6","3","1","2","2","1","1","2","6","2","1","7","1","1","1","1","1","2","1","7","1","3","799230569765543938","仲","102","Female","[""坏我"",""好我"",""好她"",""坏她""]","[""弱我"",""强我"",""强她"",""弱她""]","","","","","","","","nonmatch","","","","","","","","","ALT2","moral","","key","j","16.666363636361943","683","380","","好她","","","","j","true","","","nonmatch","","img/square.png","坏我","",""
"null","<span style='color:GreenYellow; font-size: 70px;'>正确! </span>","null","html-keyboard-response","2033","3175024","0.0-10.0-0.1-4.1-0.5-1.227","5","2","5","1","1","5","3","4","4","5","5","0","0","1","2","-2","1","1","2","5","4","5","4","2","1","2","3","4","3","4","6","4","8","3","7","6","5","7","5","5","3","3","6","2","5","2","5","5","1","2","2","5","1","1","5","5","4","6","3","1","2","2","1","1","2","6","2","1","7","1","1","1","1","1","2","1","7","1","3","799230569765543938","仲","102","Female","[""坏我"",""好我"",""好她"",""坏她""]","[""弱我"",""强我"",""强她"",""弱她""]","","","","","","","","","","","","","","","","","","feedback_test","","","","","","","","","","","","","","","","","","","","",""
"808","","f","psychophysics","2034","3176836","0.0-10.0-0.1-4.1-0.5-0.228","5","2","5","1","1","5","3","4","4","5","5","0","0","1","2","-2","1","1","2","5","4","5","4","2","1","2","3","4","3","4","6","4","8","3","7","6","5","7","5","5","3","3","6","2","5","2","5","5","1","2","2","5","1","1","5","5","4","6","3","1","2","2","1","1","2","6","2","1","7","1","1","1","1","1","2","1","7","1","3","799230569765543938","仲","102","Female","[""坏我"",""好我"",""好她"",""坏她""]","[""弱我"",""强我"",""强她"",""弱她""]","","","","","","","","match","","","","","","","","","ALT2","moral","","key","f","16.66355140186916","683","380","","好她","","","","f","true","","","match","","img/triangle.png","好她","",""
"null","<span style='color:GreenYellow; font-size: 70px;'>正确! </span>","null","html-keyboard-response","2035","3177345","0.0-10.0-0.1-4.1-0.5-1.228","5","2","5","1","1","5","3","4","4","5","5","0","0","1","2","-2","1","1","2","5","4","5","4","2","1","2","3","4","3","4","6","4","8","3","7","6","5","7","5","5","3","3","6","2","5","2","5","5","1","2","2","5","1","1","5","5","4","6","3","1","2","2","1","1","2","6","2","1","7","1","1","1","1","1","2","1","7","1","3","799230569765543938","仲","102","Female","[""坏我"",""好我"",""好她"",""坏她""]","[""弱我"",""强我"",""强她"",""弱她""]","","","","","","","","","","","","","","","","","","feedback_test","","","","","","","","","","","","","","","","","","","","",""
"760","","j","psychophysics","2036","3179115","0.0-10.0-0.1-4.1-0.5-0.229","5","2","5","1","1","5","3","4","4","5","5","0","0","1","2","-2","1","1","2","5","4","5","4","2","1","2","3","4","3","4","6","4","8","3","7","6","5","7","5","5","3","3","6","2","5","2","5","5","1","2","2","5","1","1","5","5","4","6","3","1","2","2","1","1","2","6","2","1","7","1","1","1","1","1","2","1","7","1","3","799230569765543938","仲","102","Female","[""坏我"",""好我"",""好她"",""坏她""]","[""弱我"",""强我"",""强她"",""弱她""]","","","","","","","","nonmatch","","","","","","","","","ALT2","moral","","key","j","16.6657142857134","683","380","","坏我","","","","j","true","","","nonmatch","","img/triangle.png","好她","",""
"null","<span style='color:GreenYellow; font-size: 70px;'>正确! </span>","null","html-keyboard-response","2037","3179622","0.0-10.0-0.1-4.1-0.5-1.229","5","2","5","1","1","5","3","4","4","5","5","0","0","1","2","-2","1","1","2","5","4","5","4","2","1","2","3","4","3","4","6","4","8","3","7","6","5","7","5","5","3","3","6","2","5","2","5","5","1","2","2","5","1","1","5","5","4","6","3","1","2","2","1","1","2","6","2","1","7","1","1","1","1","1","2","1","7","1","3","799230569765543938","仲","102","Female","[""坏我"",""好我"",""好她"",""坏她""]","[""弱我"",""强我"",""强她"",""弱她""]","","","","","","","","","","","","","","","","","","feedback_test","","","","","","","","","","","","","","","","","","","","",""
"774","","j","psychophysics","2038","3181402","0.0-10.0-0.1-4.1-0.5-0.230","5","2","5","1","1","5","3","4","4","5","5","0","0","1","2","-2","1","1","2","5","4","5","4","2","1","2","3","4","3","4","6","4","8","3","7","6","5","7","5","5","3","3","6","2","5","2","5","5","1","2","2","5","1","1","5","5","4","6","3","1","2","2","1","1","2","6","2","1","7","1","1","1","1","1","2","1","7","1","3","799230569765543938","仲","102","Female","[""坏我"",""好我"",""好她"",""坏她""]","[""弱我"",""强我"",""强她"",""弱她""]","","","","","","","","nonmatch","","","","","","","","","ALT2","moral","","key","j","16.666037735849937","683","380","","坏我","","","","j","true","","","nonmatch","","img/ellipse.png","好我","",""
"null","<span style='color:GreenYellow; font-size: 70px;'>正确! </span>","null","html-keyboard-response","2039","3181908","0.0-10.0-0.1-4.1-0.5-1.230","5","2","5","1","1","5","3","4","4","5","5","0","0","1","2","-2","1","1","2","5","4","5","4","2","1","2","3","4","3","4","6","4","8","3","7","6","5","7","5","5","3","3","6","2","5","2","5","5","1","2","2","5","1","1","5","5","4","6","3","1","2","2","1","1","2","6","2","1","7","1","1","1","1","1","2","1","7","1","3","799230569765543938","仲","102","Female","[""坏我"",""好我"",""好她"",""坏她""]","[""弱我"",""强我"",""强她"",""弱她""]","","","","","","","","","","","","","","","","","","feedback_test","","","","","","","","","","","","","","","","","","","","",""
"708","","j","psychophysics","2040","3183619","0.0-10.0-0.1-4.1-0.5-0.231","5","2","5","1","1","5","3","4","4","5","5","0","0","1","2","-2","1","1","2","5","4","5","4","2","1","2","3","4","3","4","6","4","8","3","7","6","5","7","5","5","3","3","6","2","5","2","5","5","1","2","2","5","1","1","5","5","4","6","3","1","2","2","1","1","2","6","2","1","7","1","1","1","1","1","2","1","7","1","3","799230569765543938","仲","102","Female","[""坏我"",""好我"",""好她"",""坏她""]","[""弱我"",""强我"",""强她"",""弱她""]","","","","","","","","nonmatch","","","","","","","","","ALT2","moral","","key","j","16.6653465346507","683","380","","坏她","","","","j","true","","","nonmatch","","img/square.png","坏我","",""
"null","<span style='color:GreenYellow; font-size: 70px;'>正确! </span>","null","html-keyboard-response","2041","3184122","0.0-10.0-0.1-4.1-0.5-1.231","5","2","5","1","1","5","3","4","4","5","5","0","0","1","2","-2","1","1","2","5","4","5","4","2","1","2","3","4","3","4","6","4","8","3","7","6","5","7","5","5","3","3","6","2","5","2","5","5","1","2","2","5","1","1","5","5","4","6","3","1","2","2","1","1","2","6","2","1","7","1","1","1","1","1","2","1","7","1","3","799230569765543938","仲","102","Female","[""坏我"",""好我"",""好她"",""坏她""]","[""弱我"",""强我"",""强她"",""弱她""]","","","","","","","","","","","","","","","","","","feedback_test","","","","","","","","","","","","","","","","","","","","",""
"878","","f","psychophysics","2042","3186006","0.0-10.0-0.1-4.1-0.5-0.232","5","2","5","1","1","5","3","4","4","5","5","0","0","1","2","-2","1","1","2","5","4","5","4","2","1","2","3","4","3","4","6","4","8","3","7","6","5","7","5","5","3","3","6","2","5","2","5","5","1","2","2","5","1","1","5","5","4","6","3","1","2","2","1","1","2","6","2","1","7","1","1","1","1","1","2","1","7","1","3","799230569765543938","仲","102","Female","[""坏我"",""好我"",""好她"",""坏她""]","[""弱我"",""强我"",""强她"",""弱她""]","","","","","","","","match","","","","","","","","","ALT2","moral","","key","f","16.66607142857226","683","380","","坏她","","","","f","true","","","match","","img/hexagon.png","坏她","",""
"null","<span style='color:GreenYellow; font-size: 70px;'>正确! </span>","null","html-keyboard-response","2043","3186515","0.0-10.0-0.1-4.1-0.5-1.232","5","2","5","1","1","5","3","4","4","5","5","0","0","1","2","-2","1","1","2","5","4","5","4","2","1","2","3","4","3","4","6","4","8","3","7","6","5","7","5","5","3","3","6","2","5","2","5","5","1","2","2","5","1","1","5","5","4","6","3","1","2","2","1","1","2","6","2","1","7","1","1","1","1","1","2","1","7","1","3","799230569765543938","仲","102","Female","[""坏我"",""好我"",""好她"",""坏她""]","[""弱我"",""强我"",""强她"",""弱她""]","","","","","","","","","","","","","","","","","","feedback_test","","","","","","","","","","","","","","","","","","","","",""
"688","","j","psychophysics","2044","3188210","0.0-10.0-0.1-4.1-0.5-0.233","5","2","5","1","1","5","3","4","4","5","5","0","0","1","2","-2","1","1","2","5","4","5","4","2","1","2","3","4","3","4","6","4","8","3","7","6","5","7","5","5","3","3","6","2","5","2","5","5","1","2","2","5","1","1","5","5","4","6","3","1","2","2","1","1","2","6","2","1","7","1","1","1","1","1","2","1","7","1","3","799230569765543938","仲","102","Female","[""坏我"",""好我"",""好她"",""坏她""]","[""弱我"",""强我"",""强她"",""弱她""]","","","","","","","","nonmatch","","","","","","","","","ALT2","moral","","key","j","16.667000000001863","683","380","","好我","","","","j","true","","","nonmatch","","img/hexagon.png","坏她","",""
"null","<span style='color:GreenYellow; font-size: 70px;'>正确! </span>","null","html-keyboard-response","2045","3188715","0.0-10.0-0.1-4.1-0.5-1.233","5","2","5","1","1","5","3","4","4","5","5","0","0","1","2","-2","1","1","2","5","4","5","4","2","1","2","3","4","3","4","6","4","8","3","7","6","5","7","5","5","3","3","6","2","5","2","5","5","1","2","2","5","1","1","5","5","4","6","3","1","2","2","1","1","2","6","2","1","7","1","1","1","1","1","2","1","7","1","3","799230569765543938","仲","102","Female","[""坏我"",""好我"",""好她"",""坏她""]","[""弱我"",""强我"",""强她"",""弱她""]","","","","","","","","","","","","","","","","","","feedback_test","","","","","","","","","","","","","","","","","","","","",""
"593","","f","psychophysics","2046","3190318","0.0-10.0-0.1-4.1-0.5-0.234","5","2","5","1","1","5","3","4","4","5","5","0","0","1","2","-2","1","1","2","5","4","5","4","2","1","2","3","4","3","4","6","4","8","3","7","6","5","7","5","5","3","3","6","2","5","2","5","5","1","2","2","5","1","1","5","5","4","6","3","1","2","2","1","1","2","6","2","1","7","1","1","1","1","1","2","1","7","1","3","799230569765543938","仲","102","Female","[""坏我"",""好我"",""好她"",""坏她""]","[""弱我"",""强我"",""强她"",""弱她""]","","","","","","","","match","","","","","","","","","ALT2","moral","","key","f","16.666315789471724","683","380","","好我","","","","f","true","","","match","","img/ellipse.png","好我","",""
"null","<span style='color:GreenYellow; font-size: 70px;'>正确! </span>","null","html-keyboard-response","2047","3190822","0.0-10.0-0.1-4.1-0.5-1.234","5","2","5","1","1","5","3","4","4","5","5","0","0","1","2","-2","1","1","2","5","4","5","4","2","1","2","3","4","3","4","6","4","8","3","7","6","5","7","5","5","3","3","6","2","5","2","5","5","1","2","2","5","1","1","5","5","4","6","3","1","2","2","1","1","2","6","2","1","7","1","1","1","1","1","2","1","7","1","3","799230569765543938","仲","102","Female","[""坏我"",""好我"",""好她"",""坏她""]","[""弱我"",""强我"",""强她"",""弱她""]","","","","","","","","","","","","","","","","","","feedback_test","","","","","","","","","","","","","","","","","","","","",""
"702","","j","psychophysics","2048","3192530","0.0-10.0-0.1-4.1-0.5-0.235","5","2","5","1","1","5","3","4","4","5","5","0","0","1","2","-2","1","1","2","5","4","5","4","2","1","2","3","4","3","4","6","4","8","3","7","6","5","7","5","5","3","3","6","2","5","2","5","5","1","2","2","5","1","1","5","5","4","6","3","1","2","2","1","1","2","6","2","1","7","1","1","1","1","1","2","1","7","1","3","799230569765543938","仲","102","Female","[""坏我"",""好我"",""好她"",""坏她""]","[""弱我"",""强我"",""强她"",""弱她""]","","","","","","","","nonmatch","","","","","","","","","ALT2","moral","","key","j","16.66568627450889","683","380","","坏她","","","","j","true","","","nonmatch","","img/triangle.png","好她","",""
"null","<span style='color:GreenYellow; font-size: 70px;'>正确! </span>","null","html-keyboard-response","2049","3193038","0.0-10.0-0.1-4.1-0.5-1.235","5","2","5","1","1","5","3","4","4","5","5","0","0","1","2","-2","1","1","2","5","4","5","4","2","1","2","3","4","3","4","6","4","8","3","7","6","5","7","5","5","3","3","6","2","5","2","5","5","1","2","2","5","1","1","5","5","4","6","3","1","2","2","1","1","2","6","2","1","7","1","1","1","1","1","2","1","7","1","3","799230569765543938","仲","102","Female","[""坏我"",""好我"",""好她"",""坏她""]","[""弱我"",""强我"",""强她"",""弱她""]","","","","","","","","","","","","","","","","","","feedback_test","","","","","","","","","","","","","","","","","","","","",""
"905","","j","psychophysics","2050","3194949","0.0-10.0-0.1-4.1-0.5-0.236","5","2","5","1","1","5","3","4","4","5","5","0","0","1","2","-2","1","1","2","5","4","5","4","2","1","2","3","4","3","4","6","4","8","3","7","6","5","7","5","5","3","3","6","2","5","2","5","5","1","2","2","5","1","1","5","5","4","6","3","1","2","2","1","1","2","6","2","1","7","1","1","1","1","1","2","1","7","1","3","799230569765543938","仲","102","Female","[""坏我"",""好我"",""好她"",""坏她""]","[""弱我"",""强我"",""强她"",""弱她""]","","","","","","","","nonmatch","","","","","","","","","ALT2","moral","","key","j","16.666666666666668","683","380","","好我","","","","j","true","","","nonmatch","","img/square.png","坏我","",""
"null","<span style='color:GreenYellow; font-size: 70px;'>正确! </span>","null","html-keyboard-response","2051","3195454","0.0-10.0-0.1-4.1-0.5-1.236","5","2","5","1","1","5","3","4","4","5","5","0","0","1","2","-2","1","1","2","5","4","5","4","2","1","2","3","4","3","4","6","4","8","3","7","6","5","7","5","5","3","3","6","2","5","2","5","5","1","2","2","5","1","1","5","5","4","6","3","1","2","2","1","1","2","6","2","1","7","1","1","1","1","1","2","1","7","1","3","799230569765543938","仲","102","Female","[""坏我"",""好我"",""好她"",""坏她""]","[""弱我"",""强我"",""强她"",""弱她""]","","","","","","","","","","","","","","","","","","feedback_test","","","","","","","","","","","","","","","","","","","","",""
"847","","f","psychophysics","2052","3197307","0.0-10.0-0.1-4.1-0.5-0.237","5","2","5","1","1","5","3","4","4","5","5","0","0","1","2","-2","1","1","2","5","4","5","4","2","1","2","3","4","3","4","6","4","8","3","7","6","5","7","5","5","3","3","6","2","5","2","5","5","1","2","2","5","1","1","5","5","4","6","3","1","2","2","1","1","2","6","2","1","7","1","1","1","1","1","2","1","7","1","3","799230569765543938","仲","102","Female","[""坏我"",""好我"",""好她"",""坏她""]","[""弱我"",""强我"",""强她"",""弱她""]","","","","","","","","match","","","","","","","","","ALT2","moral","","key","f","16.665454545452004","683","380","","好她","","","","f","true","","","match","","img/triangle.png","好她","",""
"null","<span style='color:GreenYellow; font-size: 70px;'>正确! </span>","null","html-keyboard-response","2053","3197812","0.0-10.0-0.1-4.1-0.5-1.237","5","2","5","1","1","5","3","4","4","5","5","0","0","1","2","-2","1","1","2","5","4","5","4","2","1","2","3","4","3","4","6","4","8","3","7","6","5","7","5","5","3","3","6","2","5","2","5","5","1","2","2","5","1","1","5","5","4","6","3","1","2","2","1","1","2","6","2","1","7","1","1","1","1","1","2","1","7","1","3","799230569765543938","仲","102","Female","[""坏我"",""好我"",""好她"",""坏她""]","[""弱我"",""强我"",""强她"",""弱她""]","","","","","","","","","","","","","","","","","","feedback_test","","","","","","","","","","","","","","","","","","","","",""
"853","","f","psychophysics","2054","3199668","0.0-10.0-0.1-4.1-0.5-0.238","5","2","5","1","1","5","3","4","4","5","5","0","0","1","2","-2","1","1","2","5","4","5","4","2","1","2","3","4","3","4","6","4","8","3","7","6","5","7","5","5","3","3","6","2","5","2","5","5","1","2","2","5","1","1","5","5","4","6","3","1","2","2","1","1","2","6","2","1","7","1","1","1","1","1","2","1","7","1","3","799230569765543938","仲","102","Female","[""坏我"",""好我"",""好她"",""坏她""]","[""弱我"",""强我"",""强她"",""弱她""]","","","","","","","","match","","","","","","","","","ALT2","moral","","key","f","16.666363636361943","683","380","","坏我","","","","f","true","","","match","","img/square.png","坏我","",""
"null","<span style='color:GreenYellow; font-size: 70px;'>正确! </span>","null","html-keyboard-response","2055","3200175","0.0-10.0-0.1-4.1-0.5-1.238","5","2","5","1","1","5","3","4","4","5","5","0","0","1","2","-2","1","1","2","5","4","5","4","2","1","2","3","4","3","4","6","4","8","3","7","6","5","7","5","5","3","3","6","2","5","2","5","5","1","2","2","5","1","1","5","5","4","6","3","1","2","2","1","1","2","6","2","1","7","1","1","1","1","1","2","1","7","1","3","799230569765543938","仲","102","Female","[""坏我"",""好我"",""好她"",""坏她""]","[""弱我"",""强我"",""强她"",""弱她""]","","","","","","","","","","","","","","","","","","feedback_test","","","","","","","","","","","","","","","","","","","","",""
"716","","j","psychophysics","2056","3201896","0.0-10.0-0.1-4.1-0.5-0.239","5","2","5","1","1","5","3","4","4","5","5","0","0","1","2","-2","1","1","2","5","4","5","4","2","1","2","3","4","3","4","6","4","8","3","7","6","5","7","5","5","3","3","6","2","5","2","5","5","1","2","2","5","1","1","5","5","4","6","3","1","2","2","1","1","2","6","2","1","7","1","1","1","1","1","2","1","7","1","3","799230569765543938","仲","102","Female","[""坏我"",""好我"",""好她"",""坏她""]","[""弱我"",""强我"",""强她"",""弱她""]","","","","","","","","nonmatch","","","","","","","","","ALT2","moral","","key","j","16.60588235293935","683","380","","坏她","","","","j","true","","","nonmatch","","img/ellipse.png","好我","",""
"null","<span style='color:GreenYellow; font-size: 70px;'>正确! </span>","null","html-keyboard-response","2057","3202399","0.0-10.0-0.1-4.1-0.5-1.239","5","2","5","1","1","5","3","4","4","5","5","0","0","1","2","-2","1","1","2","5","4","5","4","2","1","2","3","4","3","4","6","4","8","3","7","6","5","7","5","5","3","3","6","2","5","2","5","5","1","2","2","5","1","1","5","5","4","6","3","1","2","2","1","1","2","6","2","1","7","1","1","1","1","1","2","1","7","1","3","799230569765543938","仲","102","Female","[""坏我"",""好我"",""好她"",""坏她""]","[""弱我"",""强我"",""强她"",""弱她""]","","","","","","","","","","","","","","","","","","feedback_test","","","","","","","","","","","","","","","","","","","","",""
"727","","f","psychophysics","2058","3204130","0.0-10.0-0.1-4.1-0.5-0.240","5","2","5","1","1","5","3","4","4","5","5","0","0","1","2","-2","1","1","2","5","4","5","4","2","1","2","3","4","3","4","6","4","8","3","7","6","5","7","5","5","3","3","6","2","5","2","5","5","1","2","2","5","1","1","5","5","4","6","3","1","2","2","1","1","2","6","2","1","7","1","1","1","1","1","2","1","7","1","3","799230569765543938","仲","102","Female","[""坏我"",""好我"",""好她"",""坏她""]","[""弱我"",""强我"",""强她"",""弱她""]","","","","","","","","match","","","","","","","","","ALT2","moral","","key","f","16.66601941747211","683","380","","坏她","","","","f","true","","","match","","img/hexagon.png","坏她","",""
"null","<span style='color:GreenYellow; font-size: 70px;'>正确! </span>","null","html-keyboard-response","2059","3204634","0.0-10.0-0.1-4.1-0.5-1.240","5","2","5","1","1","5","3","4","4","5","5","0","0","1","2","-2","1","1","2","5","4","5","4","2","1","2","3","4","3","4","6","4","8","3","7","6","5","7","5","5","3","3","6","2","5","2","5","5","1","2","2","5","1","1","5","5","4","6","3","1","2","2","1","1","2","6","2","1","7","1","1","1","1","1","2","1","7","1","3","799230569765543938","仲","102","Female","[""坏我"",""好我"",""好她"",""坏她""]","[""弱我"",""强我"",""强她"",""弱她""]","","","","","","","","","","","","","","","","","","feedback_test","","","","","","","","","","","","","","","","","","","","",""
"5394","<style>.context{color:white; font-size: 35px; line-height:40px}</style>                            <div><p class='context'>您正确回答了96% 的试次。</p><p class='context'>您的平均反应时为773毫秒。</p><p class='context'>请按空格键进入休息。</p></div>"," ","html-keyboard-response","2060","3210033","0.0-10.0-0.1-4.1-1.5","5","2","5","1","1","5","3","4","4","5","5","0","0","1","2","-2","1","1","2","5","4","5","4","2","1","2","3","4","3","4","6","4","8","3","7","6","5","7","5","5","3","3","6","2","5","2","5","5","1","2","2","5","1","1","5","5","4","6","3","1","2","2","1","1","2","6","2","1","7","1","1","1","1","1","2","1","7","1","3","799230569765543938","仲","102","Female","[""坏我"",""好我"",""好她"",""坏她""]","[""弱我"",""强我"",""强她"",""弱她""]","","","","","","","","","","","","","","","","","","","","","","","","","","","","","","","","","","","","","","",""
"24566","
        <p >您当前还剩余3组实验</p>
        <p >现在是休息时间，当您结束休息后，</p>
        <p >您可以点击 结束休息 按钮 继续。</p>
        <p >建议休息时间还剩余<span id=""iii"">60</span>秒。</p>","0","html-button-response","2061","3234613","0.0-10.0-0.1-4.1-2.5","5","2","5","1","1","5","3","4","4","5","5","0","0","1","2","-2","1","1","2","5","4","5","4","2","1","2","3","4","3","4","6","4","8","3","7","6","5","7","5","5","3","3","6","2","5","2","5","5","1","2","2","5","1","1","5","5","4","6","3","1","2","2","1","1","2","6","2","1","7","1","1","1","1","1","2","1","7","1","3","799230569765543938","仲","102","Female","[""坏我"",""好我"",""好她"",""坏她""]","[""弱我"",""强我"",""强她"",""弱她""]","","","","","","","","","","","","","","","","","","","","","","","","","","","","","","","","","","","","","","",""
"860","","j","psychophysics","2062","3236482","0.0-10.0-0.1-4.1-0.6-0.241","5","2","5","1","1","5","3","4","4","5","5","0","0","1","2","-2","1","1","2","5","4","5","4","2","1","2","3","4","3","4","6","4","8","3","7","6","5","7","5","5","3","3","6","2","5","2","5","5","1","2","2","5","1","1","5","5","4","6","3","1","2","2","1","1","2","6","2","1","7","1","1","1","1","1","2","1","7","1","3","799230569765543938","仲","102","Female","[""坏我"",""好我"",""好她"",""坏她""]","[""弱我"",""强我"",""强她"",""弱她""]","","","","","","","","nonmatch","","","","","","","","","ALT2","moral","","key","j","16.602702702701865","683","380","","坏我","","","","j","true","","","nonmatch","","img/triangle.png","好她","",""
"null","<span style='color:GreenYellow; font-size: 70px;'>正确! </span>","null","html-keyboard-response","2063","3236984","0.0-10.0-0.1-4.1-0.6-1.241","5","2","5","1","1","5","3","4","4","5","5","0","0","1","2","-2","1","1","2","5","4","5","4","2","1","2","3","4","3","4","6","4","8","3","7","6","5","7","5","5","3","3","6","2","5","2","5","5","1","2","2","5","1","1","5","5","4","6","3","1","2","2","1","1","2","6","2","1","7","1","1","1","1","1","2","1","7","1","3","799230569765543938","仲","102","Female","[""坏我"",""好我"",""好她"",""坏她""]","[""弱我"",""强我"",""强她"",""弱她""]","","","","","","","","","","","","","","","","","","feedback_test","","","","","","","","","","","","","","","","","","","","",""
"893","","j","psychophysics","2064","3238883","0.0-10.0-0.1-4.1-0.6-0.242","5","2","5","1","1","5","3","4","4","5","5","0","0","1","2","-2","1","1","2","5","4","5","4","2","1","2","3","4","3","4","6","4","8","3","7","6","5","7","5","5","3","3","6","2","5","2","5","5","1","2","2","5","1","1","5","5","4","6","3","1","2","2","1","1","2","6","2","1","7","1","1","1","1","1","2","1","7","1","3","799230569765543938","仲","102","Female","[""坏我"",""好我"",""好她"",""坏她""]","[""弱我"",""强我"",""强她"",""弱她""]","","","","","","","","nonmatch","","","","","","","","","ALT2","moral","","key","j","16.665178571428573","683","380","","好她","","","","j","true","","","nonmatch","","img/hexagon.png","坏她","",""
"null","<span style='color:GreenYellow; font-size: 70px;'>正确! </span>","null","html-keyboard-response","2065","3239390","0.0-10.0-0.1-4.1-0.6-1.242","5","2","5","1","1","5","3","4","4","5","5","0","0","1","2","-2","1","1","2","5","4","5","4","2","1","2","3","4","3","4","6","4","8","3","7","6","5","7","5","5","3","3","6","2","5","2","5","5","1","2","2","5","1","1","5","5","4","6","3","1","2","2","1","1","2","6","2","1","7","1","1","1","1","1","2","1","7","1","3","799230569765543938","仲","102","Female","[""坏我"",""好我"",""好她"",""坏她""]","[""弱我"",""强我"",""强她"",""弱她""]","","","","","","","","","","","","","","","","","","feedback_test","","","","","","","","","","","","","","","","","","","","",""
"628","","j","psychophysics","2066","3241024","0.0-10.0-0.1-4.1-0.6-0.243","5","2","5","1","1","5","3","4","4","5","5","0","0","1","2","-2","1","1","2","5","4","5","4","2","1","2","3","4","3","4","6","4","8","3","7","6","5","7","5","5","3","3","6","2","5","2","5","5","1","2","2","5","1","1","5","5","4","6","3","1","2","2","1","1","2","6","2","1","7","1","1","1","1","1","2","1","7","1","3","799230569765543938","仲","102","Female","[""坏我"",""好我"",""好她"",""坏她""]","[""弱我"",""强我"",""强她"",""弱她""]","","","","","","","","nonmatch","","","","","","","","","ALT2","moral","","key","j","16.66597938144426","683","380","","好她","","","","j","true","","","nonmatch","","img/ellipse.png","好我","",""
"null","<span style='color:GreenYellow; font-size: 70px;'>正确! </span>","null","html-keyboard-response","2067","3241529","0.0-10.0-0.1-4.1-0.6-1.243","5","2","5","1","1","5","3","4","4","5","5","0","0","1","2","-2","1","1","2","5","4","5","4","2","1","2","3","4","3","4","6","4","8","3","7","6","5","7","5","5","3","3","6","2","5","2","5","5","1","2","2","5","1","1","5","5","4","6","3","1","2","2","1","1","2","6","2","1","7","1","1","1","1","1","2","1","7","1","3","799230569765543938","仲","102","Female","[""坏我"",""好我"",""好她"",""坏她""]","[""弱我"",""强我"",""强她"",""弱她""]","","","","","","","","","","","","","","","","","","feedback_test","","","","","","","","","","","","","","","","","","","","",""
"869","","f","psychophysics","2068","3243400","0.0-10.0-0.1-4.1-0.6-0.244","5","2","5","1","1","5","3","4","4","5","5","0","0","1","2","-2","1","1","2","5","4","5","4","2","1","2","3","4","3","4","6","4","8","3","7","6","5","7","5","5","3","3","6","2","5","2","5","5","1","2","2","5","1","1","5","5","4","6","3","1","2","2","1","1","2","6","2","1","7","1","1","1","1","1","2","1","7","1","3","799230569765543938","仲","102","Female","[""坏我"",""好我"",""好她"",""坏她""]","[""弱我"",""强我"",""强她"",""弱她""]","","","","","","","","match","","","","","","","","","ALT2","moral","","key","f","16.666666666666668","683","380","","坏我","","","","f","true","","","match","","img/square.png","坏我","",""
"null","<span style='color:GreenYellow; font-size: 70px;'>正确! </span>","null","html-keyboard-response","2069","3243908","0.0-10.0-0.1-4.1-0.6-1.244","5","2","5","1","1","5","3","4","4","5","5","0","0","1","2","-2","1","1","2","5","4","5","4","2","1","2","3","4","3","4","6","4","8","3","7","6","5","7","5","5","3","3","6","2","5","2","5","5","1","2","2","5","1","1","5","5","4","6","3","1","2","2","1","1","2","6","2","1","7","1","1","1","1","1","2","1","7","1","3","799230569765543938","仲","102","Female","[""坏我"",""好我"",""好她"",""坏她""]","[""弱我"",""强我"",""强她"",""弱她""]","","","","","","","","","","","","","","","","","","feedback_test","","","","","","","","","","","","","","","","","","","","",""
"625","","f","psychophysics","2070","3245538","0.0-10.0-0.1-4.1-0.6-0.245","5","2","5","1","1","5","3","4","4","5","5","0","0","1","2","-2","1","1","2","5","4","5","4","2","1","2","3","4","3","4","6","4","8","3","7","6","5","7","5","5","3","3","6","2","5","2","5","5","1","2","2","5","1","1","5","5","4","6","3","1","2","2","1","1","2","6","2","1","7","1","1","1","1","1","2","1","7","1","3","799230569765543938","仲","102","Female","[""坏我"",""好我"",""好她"",""坏她""]","[""弱我"",""强我"",""强她"",""弱她""]","","","","","","","","match","","","","","","","","","ALT2","moral","","key","f","16.66597938143946","683","380","","好我","","","","f","true","","","match","","img/ellipse.png","好我","",""
"null","<span style='color:GreenYellow; font-size: 70px;'>正确! </span>","null","html-keyboard-response","2071","3246045","0.0-10.0-0.1-4.1-0.6-1.245","5","2","5","1","1","5","3","4","4","5","5","0","0","1","2","-2","1","1","2","5","4","5","4","2","1","2","3","4","3","4","6","4","8","3","7","6","5","7","5","5","3","3","6","2","5","2","5","5","1","2","2","5","1","1","5","5","4","6","3","1","2","2","1","1","2","6","2","1","7","1","1","1","1","1","2","1","7","1","3","799230569765543938","仲","102","Female","[""坏我"",""好我"",""好她"",""坏她""]","[""弱我"",""强我"",""强她"",""弱她""]","","","","","","","","","","","","","","","","","","feedback_test","","","","","","","","","","","","","","","","","","","","",""
"857","","f","psychophysics","2072","3247903","0.0-10.0-0.1-4.1-0.6-0.246","5","2","5","1","1","5","3","4","4","5","5","0","0","1","2","-2","1","1","2","5","4","5","4","2","1","2","3","4","3","4","6","4","8","3","7","6","5","7","5","5","3","3","6","2","5","2","5","5","1","2","2","5","1","1","5","5","4","6","3","1","2","2","1","1","2","6","2","1","7","1","1","1","1","1","2","1","7","1","3","799230569765543938","仲","102","Female","[""坏我"",""好我"",""好她"",""坏她""]","[""弱我"",""强我"",""强她"",""弱她""]","","","","","","","","match","","","","","","","","","ALT2","moral","","key","f","16.609999999996614","683","380","","坏她","","","","f","true","","","match","","img/hexagon.png","坏她","",""
"null","<span style='color:GreenYellow; font-size: 70px;'>正确! </span>","null","html-keyboard-response","2073","3248407","0.0-10.0-0.1-4.1-0.6-1.246","5","2","5","1","1","5","3","4","4","5","5","0","0","1","2","-2","1","1","2","5","4","5","4","2","1","2","3","4","3","4","6","4","8","3","7","6","5","7","5","5","3","3","6","2","5","2","5","5","1","2","2","5","1","1","5","5","4","6","3","1","2","2","1","1","2","6","2","1","7","1","1","1","1","1","2","1","7","1","3","799230569765543938","仲","102","Female","[""坏我"",""好我"",""好她"",""坏她""]","[""弱我"",""强我"",""强她"",""弱她""]","","","","","","","","","","","","","","","","","","feedback_test","","","","","","","","","","","","","","","","","","","","",""
"1015","","j","psychophysics","2074","3250427","0.0-10.0-0.1-4.1-0.6-0.247","5","2","5","1","1","5","3","4","4","5","5","0","0","1","2","-2","1","1","2","5","4","5","4","2","1","2","3","4","3","4","6","4","8","3","7","6","5","7","5","5","3","3","6","2","5","2","5","5","1","2","2","5","1","1","5","5","4","6","3","1","2","2","1","1","2","6","2","1","7","1","1","1","1","1","2","1","7","1","3","799230569765543938","仲","102","Female","[""坏我"",""好我"",""好她"",""坏她""]","[""弱我"",""强我"",""强她"",""弱她""]","","","","","","","","nonmatch","","","","","","","","","ALT2","moral","","key","j","16.666666666666668","683","380","","坏我","","","","j","true","","","nonmatch","","img/ellipse.png","好我","",""
"null","<span style='color:GreenYellow; font-size: 70px;'>正确! </span>","null","html-keyboard-response","2075","3250931","0.0-10.0-0.1-4.1-0.6-1.247","5","2","5","1","1","5","3","4","4","5","5","0","0","1","2","-2","1","1","2","5","4","5","4","2","1","2","3","4","3","4","6","4","8","3","7","6","5","7","5","5","3","3","6","2","5","2","5","5","1","2","2","5","1","1","5","5","4","6","3","1","2","2","1","1","2","6","2","1","7","1","1","1","1","1","2","1","7","1","3","799230569765543938","仲","102","Female","[""坏我"",""好我"",""好她"",""坏她""]","[""弱我"",""强我"",""强她"",""弱她""]","","","","","","","","","","","","","","","","","","feedback_test","","","","","","","","","","","","","","","","","","","","",""
"658","","f","psychophysics","2076","3252591","0.0-10.0-0.1-4.1-0.6-0.248","5","2","5","1","1","5","3","4","4","5","5","0","0","1","2","-2","1","1","2","5","4","5","4","2","1","2","3","4","3","4","6","4","8","3","7","6","5","7","5","5","3","3","6","2","5","2","5","5","1","2","2","5","1","1","5","5","4","6","3","1","2","2","1","1","2","6","2","1","7","1","1","1","1","1","2","1","7","1","3","799230569765543938","仲","102","Female","[""坏我"",""好我"",""好她"",""坏她""]","[""弱我"",""强我"",""强她"",""弱她""]","","","","","","","","match","","","","","","","","","ALT2","moral","","key","f","16.66530612244613","683","380","","坏她","","","","f","true","","","match","","img/hexagon.png","坏她","",""
"null","<span style='color:GreenYellow; font-size: 70px;'>正确! </span>","null","html-keyboard-response","2077","3253096","0.0-10.0-0.1-4.1-0.6-1.248","5","2","5","1","1","5","3","4","4","5","5","0","0","1","2","-2","1","1","2","5","4","5","4","2","1","2","3","4","3","4","6","4","8","3","7","6","5","7","5","5","3","3","6","2","5","2","5","5","1","2","2","5","1","1","5","5","4","6","3","1","2","2","1","1","2","6","2","1","7","1","1","1","1","1","2","1","7","1","3","799230569765543938","仲","102","Female","[""坏我"",""好我"",""好她"",""坏她""]","[""弱我"",""强我"",""强她"",""弱她""]","","","","","","","","","","","","","","","","","","feedback_test","","","","","","","","","","","","","","","","","","","","",""
"676","","f","psychophysics","2078","3254775","0.0-10.0-0.1-4.1-0.6-0.249","5","2","5","1","1","5","3","4","4","5","5","0","0","1","2","-2","1","1","2","5","4","5","4","2","1","2","3","4","3","4","6","4","8","3","7","6","5","7","5","5","3","3","6","2","5","2","5","5","1","2","2","5","1","1","5","5","4","6","3","1","2","2","1","1","2","6","2","1","7","1","1","1","1","1","2","1","7","1","3","799230569765543938","仲","102","Female","[""坏我"",""好我"",""好她"",""坏她""]","[""弱我"",""强我"",""强她"",""弱她""]","","","","","","","","match","","","","","","","","","ALT2","moral","","key","f","16.665656565655624","683","380","","坏她","","","","f","true","","","match","","img/hexagon.png","坏她","",""
"null","<span style='color:GreenYellow; font-size: 70px;'>正确! </span>","null","html-keyboard-response","2079","3255280","0.0-10.0-0.1-4.1-0.6-1.249","5","2","5","1","1","5","3","4","4","5","5","0","0","1","2","-2","1","1","2","5","4","5","4","2","1","2","3","4","3","4","6","4","8","3","7","6","5","7","5","5","3","3","6","2","5","2","5","5","1","2","2","5","1","1","5","5","4","6","3","1","2","2","1","1","2","6","2","1","7","1","1","1","1","1","2","1","7","1","3","799230569765543938","仲","102","Female","[""坏我"",""好我"",""好她"",""坏她""]","[""弱我"",""强我"",""强她"",""弱她""]","","","","","","","","","","","","","","","","","","feedback_test","","","","","","","","","","","","","","","","","","","","",""
"609","","j","psychophysics","2080","3256894","0.0-10.0-0.1-4.1-0.6-0.250","5","2","5","1","1","5","3","4","4","5","5","0","0","1","2","-2","1","1","2","5","4","5","4","2","1","2","3","4","3","4","6","4","8","3","7","6","5","7","5","5","3","3","6","2","5","2","5","5","1","2","2","5","1","1","5","5","4","6","3","1","2","2","1","1","2","6","2","1","7","1","1","1","1","1","2","1","7","1","3","799230569765543938","仲","102","Female","[""坏我"",""好我"",""好她"",""坏她""]","[""弱我"",""强我"",""强她"",""弱她""]","","","","","","","","nonmatch","","","","","","","","","ALT2","moral","","key","j","16.666315789476624","683","380","","坏我","","","","j","true","","","nonmatch","","img/hexagon.png","坏她","",""
"null","<span style='color:GreenYellow; font-size: 70px;'>正确! </span>","null","html-keyboard-response","2081","3257399","0.0-10.0-0.1-4.1-0.6-1.250","5","2","5","1","1","5","3","4","4","5","5","0","0","1","2","-2","1","1","2","5","4","5","4","2","1","2","3","4","3","4","6","4","8","3","7","6","5","7","5","5","3","3","6","2","5","2","5","5","1","2","2","5","1","1","5","5","4","6","3","1","2","2","1","1","2","6","2","1","7","1","1","1","1","1","2","1","7","1","3","799230569765543938","仲","102","Female","[""坏我"",""好我"",""好她"",""坏她""]","[""弱我"",""强我"",""强她"",""弱她""]","","","","","","","","","","","","","","","","","","feedback_test","","","","","","","","","","","","","","","","","","","","",""
"779","","f","psychophysics","2082","3259183","0.0-10.0-0.1-4.1-0.6-0.251","5","2","5","1","1","5","3","4","4","5","5","0","0","1","2","-2","1","1","2","5","4","5","4","2","1","2","3","4","3","4","6","4","8","3","7","6","5","7","5","5","3","3","6","2","5","2","5","5","1","2","2","5","1","1","5","5","4","6","3","1","2","2","1","1","2","6","2","1","7","1","1","1","1","1","2","1","7","1","3","799230569765543938","仲","102","Female","[""坏我"",""好我"",""好她"",""坏她""]","[""弱我"",""强我"",""强她"",""弱她""]","","","","","","","","match","","","","","","","","","ALT2","moral","","key","f","16.66509433962264","683","380","","好她","","","","f","true","","","match","","img/triangle.png","好她","",""
"null","<span style='color:GreenYellow; font-size: 70px;'>正确! </span>","null","html-keyboard-response","2083","3259688","0.0-10.0-0.1-4.1-0.6-1.251","5","2","5","1","1","5","3","4","4","5","5","0","0","1","2","-2","1","1","2","5","4","5","4","2","1","2","3","4","3","4","6","4","8","3","7","6","5","7","5","5","3","3","6","2","5","2","5","5","1","2","2","5","1","1","5","5","4","6","3","1","2","2","1","1","2","6","2","1","7","1","1","1","1","1","2","1","7","1","3","799230569765543938","仲","102","Female","[""坏我"",""好我"",""好她"",""坏她""]","[""弱我"",""强我"",""强她"",""弱她""]","","","","","","","","","","","","","","","","","","feedback_test","","","","","","","","","","","","","","","","","","","","",""
"719","","j","psychophysics","2084","3261414","0.0-10.0-0.1-4.1-0.6-0.252","5","2","5","1","1","5","3","4","4","5","5","0","0","1","2","-2","1","1","2","5","4","5","4","2","1","2","3","4","3","4","6","4","8","3","7","6","5","7","5","5","3","3","6","2","5","2","5","5","1","2","2","5","1","1","5","5","4","6","3","1","2","2","1","1","2","6","2","1","7","1","1","1","1","1","2","1","7","1","3","799230569765543938","仲","102","Female","[""坏我"",""好我"",""好她"",""坏她""]","[""弱我"",""强我"",""强她"",""弱她""]","","","","","","","","nonmatch","","","","","","","","","ALT2","moral","","key","j","16.66534653465531","683","380","","坏她","","","","j","true","","","nonmatch","","img/ellipse.png","好我","",""
"null","<span style='color:GreenYellow; font-size: 70px;'>正确! </span>","null","html-keyboard-response","2085","3261917","0.0-10.0-0.1-4.1-0.6-1.252","5","2","5","1","1","5","3","4","4","5","5","0","0","1","2","-2","1","1","2","5","4","5","4","2","1","2","3","4","3","4","6","4","8","3","7","6","5","7","5","5","3","3","6","2","5","2","5","5","1","2","2","5","1","1","5","5","4","6","3","1","2","2","1","1","2","6","2","1","7","1","1","1","1","1","2","1","7","1","3","799230569765543938","仲","102","Female","[""坏我"",""好我"",""好她"",""坏她""]","[""弱我"",""强我"",""强她"",""弱她""]","","","","","","","","","","","","","","","","","","feedback_test","","","","","","","","","","","","","","","","","","","","",""
"677","","f","psychophysics","2086","3263598","0.0-10.0-0.1-4.1-0.6-0.253","5","2","5","1","1","5","3","4","4","5","5","0","0","1","2","-2","1","1","2","5","4","5","4","2","1","2","3","4","3","4","6","4","8","3","7","6","5","7","5","5","3","3","6","2","5","2","5","5","1","2","2","5","1","1","5","5","4","6","3","1","2","2","1","1","2","6","2","1","7","1","1","1","1","1","2","1","7","1","3","799230569765543938","仲","102","Female","[""坏我"",""好我"",""好她"",""坏她""]","[""弱我"",""强我"",""强她"",""弱她""]","","","","","","","","match","","","","","","","","","ALT2","moral","","key","f","16.665","683","380","","坏我","","","","f","true","","","match","","img/square.png","坏我","",""
"null","<span style='color:GreenYellow; font-size: 70px;'>正确! </span>","null","html-keyboard-response","2087","3264103","0.0-10.0-0.1-4.1-0.6-1.253","5","2","5","1","1","5","3","4","4","5","5","0","0","1","2","-2","1","1","2","5","4","5","4","2","1","2","3","4","3","4","6","4","8","3","7","6","5","7","5","5","3","3","6","2","5","2","5","5","1","2","2","5","1","1","5","5","4","6","3","1","2","2","1","1","2","6","2","1","7","1","1","1","1","1","2","1","7","1","3","799230569765543938","仲","102","Female","[""坏我"",""好我"",""好她"",""坏她""]","[""弱我"",""强我"",""强她"",""弱她""]","","","","","","","","","","","","","","","","","","feedback_test","","","","","","","","","","","","","","","","","","","","",""
"737","","f","psychophysics","2088","3265848","0.0-10.0-0.1-4.1-0.6-0.254","5","2","5","1","1","5","3","4","4","5","5","0","0","1","2","-2","1","1","2","5","4","5","4","2","1","2","3","4","3","4","6","4","8","3","7","6","5","7","5","5","3","3","6","2","5","2","5","5","1","2","2","5","1","1","5","5","4","6","3","1","2","2","1","1","2","6","2","1","7","1","1","1","1","1","2","1","7","1","3","799230569765543938","仲","102","Female","[""坏我"",""好我"",""好她"",""坏她""]","[""弱我"",""强我"",""强她"",""弱她""]","","","","","","","","match","","","","","","","","","ALT2","moral","","key","f","16.66407766990653","683","380","","好她","","","","f","true","","","match","","img/triangle.png","好她","",""
"null","<span style='color:GreenYellow; font-size: 70px;'>正确! </span>","null","html-keyboard-response","2089","3266351","0.0-10.0-0.1-4.1-0.6-1.254","5","2","5","1","1","5","3","4","4","5","5","0","0","1","2","-2","1","1","2","5","4","5","4","2","1","2","3","4","3","4","6","4","8","3","7","6","5","7","5","5","3","3","6","2","5","2","5","5","1","2","2","5","1","1","5","5","4","6","3","1","2","2","1","1","2","6","2","1","7","1","1","1","1","1","2","1","7","1","3","799230569765543938","仲","102","Female","[""坏我"",""好我"",""好她"",""坏她""]","[""弱我"",""强我"",""强她"",""弱她""]","","","","","","","","","","","","","","","","","","feedback_test","","","","","","","","","","","","","","","","","","","","",""
"934","","j","psychophysics","2090","3268291","0.0-10.0-0.1-4.1-0.6-0.255","5","2","5","1","1","5","3","4","4","5","5","0","0","1","2","-2","1","1","2","5","4","5","4","2","1","2","3","4","3","4","6","4","8","3","7","6","5","7","5","5","3","3","6","2","5","2","5","5","1","2","2","5","1","1","5","5","4","6","3","1","2","2","1","1","2","6","2","1","7","1","1","1","1","1","2","1","7","1","3","799230569765543938","仲","102","Female","[""坏我"",""好我"",""好她"",""坏她""]","[""弱我"",""强我"",""强她"",""弱她""]","","","","","","","","nonmatch","","","","","","","","","ALT2","moral","","key","j","16.66521739130435","683","380","","坏她","","","","j","true","","","nonmatch","","img/triangle.png","好她","",""
"null","<span style='color:GreenYellow; font-size: 70px;'>正确! </span>","null","html-keyboard-response","2091","3268799","0.0-10.0-0.1-4.1-0.6-1.255","5","2","5","1","1","5","3","4","4","5","5","0","0","1","2","-2","1","1","2","5","4","5","4","2","1","2","3","4","3","4","6","4","8","3","7","6","5","7","5","5","3","3","6","2","5","2","5","5","1","2","2","5","1","1","5","5","4","6","3","1","2","2","1","1","2","6","2","1","7","1","1","1","1","1","2","1","7","1","3","799230569765543938","仲","102","Female","[""坏我"",""好我"",""好她"",""坏她""]","[""弱我"",""强我"",""强她"",""弱她""]","","","","","","","","","","","","","","","","","","feedback_test","","","","","","","","","","","","","","","","","","","","",""
"1013","","j","psychophysics","2092","3270819","0.0-10.0-0.1-4.1-0.6-0.256","5","2","5","1","1","5","3","4","4","5","5","0","0","1","2","-2","1","1","2","5","4","5","4","2","1","2","3","4","3","4","6","4","8","3","7","6","5","7","5","5","3","3","6","2","5","2","5","5","1","2","2","5","1","1","5","5","4","6","3","1","2","2","1","1","2","6","2","1","7","1","1","1","1","1","2","1","7","1","3","799230569765543938","仲","102","Female","[""坏我"",""好我"",""好她"",""坏她""]","[""弱我"",""强我"",""强她"",""弱她""]","","","","","","","","nonmatch","","","","","","","","","ALT2","moral","","key","j","16.665833333332557","683","380","","好我","","","","j","true","","","nonmatch","","img/triangle.png","好她","",""
"null","<span style='color:GreenYellow; font-size: 70px;'>正确! </span>","null","html-keyboard-response","2093","3271323","0.0-10.0-0.1-4.1-0.6-1.256","5","2","5","1","1","5","3","4","4","5","5","0","0","1","2","-2","1","1","2","5","4","5","4","2","1","2","3","4","3","4","6","4","8","3","7","6","5","7","5","5","3","3","6","2","5","2","5","5","1","2","2","5","1","1","5","5","4","6","3","1","2","2","1","1","2","6","2","1","7","1","1","1","1","1","2","1","7","1","3","799230569765543938","仲","102","Female","[""坏我"",""好我"",""好她"",""坏她""]","[""弱我"",""强我"",""强她"",""弱她""]","","","","","","","","","","","","","","","","","","feedback_test","","","","","","","","","","","","","","","","","","","","",""
"739","","j","psychophysics","2094","3273066","0.0-10.0-0.1-4.1-0.6-0.257","5","2","5","1","1","5","3","4","4","5","5","0","0","1","2","-2","1","1","2","5","4","5","4","2","1","2","3","4","3","4","6","4","8","3","7","6","5","7","5","5","3","3","6","2","5","2","5","5","1","2","2","5","1","1","5","5","4","6","3","1","2","2","1","1","2","6","2","1","7","1","1","1","1","1","2","1","7","1","3","799230569765543938","仲","102","Female","[""坏我"",""好我"",""好她"",""坏她""]","[""弱我"",""强我"",""强她"",""弱她""]","","","","","","","","nonmatch","","","","","","","","","ALT2","moral","","key","j","16.666346153844362","683","380","","坏她","","","","j","true","","","nonmatch","","img/square.png","坏我","",""
"null","<span style='color:GreenYellow; font-size: 70px;'>正确! </span>","null","html-keyboard-response","2095","3273575","0.0-10.0-0.1-4.1-0.6-1.257","5","2","5","1","1","5","3","4","4","5","5","0","0","1","2","-2","1","1","2","5","4","5","4","2","1","2","3","4","3","4","6","4","8","3","7","6","5","7","5","5","3","3","6","2","5","2","5","5","1","2","2","5","1","1","5","5","4","6","3","1","2","2","1","1","2","6","2","1","7","1","1","1","1","1","2","1","7","1","3","799230569765543938","仲","102","Female","[""坏我"",""好我"",""好她"",""坏她""]","[""弱我"",""强我"",""强她"",""弱她""]","","","","","","","","","","","","","","","","","","feedback_test","","","","","","","","","","","","","","","","","","","","",""
"624","","f","psychophysics","2096","3275202","0.0-10.0-0.1-4.1-0.6-0.258","5","2","5","1","1","5","3","4","4","5","5","0","0","1","2","-2","1","1","2","5","4","5","4","2","1","2","3","4","3","4","6","4","8","3","7","6","5","7","5","5","3","3","6","2","5","2","5","5","1","2","2","5","1","1","5","5","4","6","3","1","2","2","1","1","2","6","2","1","7","1","1","1","1","1","2","1","7","1","3","799230569765543938","仲","102","Female","[""坏我"",""好我"",""好她"",""坏她""]","[""弱我"",""强我"",""强她"",""弱她""]","","","","","","","","match","","","","","","","","","ALT2","moral","","key","f","16.665263157896696","683","380","","好我","","","","f","true","","","match","","img/ellipse.png","好我","",""
"null","<span style='color:GreenYellow; font-size: 70px;'>正确! </span>","null","html-keyboard-response","2097","3275706","0.0-10.0-0.1-4.1-0.6-1.258","5","2","5","1","1","5","3","4","4","5","5","0","0","1","2","-2","1","1","2","5","4","5","4","2","1","2","3","4","3","4","6","4","8","3","7","6","5","7","5","5","3","3","6","2","5","2","5","5","1","2","2","5","1","1","5","5","4","6","3","1","2","2","1","1","2","6","2","1","7","1","1","1","1","1","2","1","7","1","3","799230569765543938","仲","102","Female","[""坏我"",""好我"",""好她"",""坏她""]","[""弱我"",""强我"",""强她"",""弱她""]","","","","","","","","","","","","","","","","","","feedback_test","","","","","","","","","","","","","","","","","","","","",""
"988","","j","psychophysics","2098","3277693","0.0-10.0-0.1-4.1-0.6-0.259","5","2","5","1","1","5","3","4","4","5","5","0","0","1","2","-2","1","1","2","5","4","5","4","2","1","2","3","4","3","4","6","4","8","3","7","6","5","7","5","5","3","3","6","2","5","2","5","5","1","2","2","5","1","1","5","5","4","6","3","1","2","2","1","1","2","6","2","1","7","1","1","1","1","1","2","1","7","1","3","799230569765543938","仲","102","Female","[""坏我"",""好我"",""好她"",""坏她""]","[""弱我"",""强我"",""强她"",""弱她""]","","","","","","","","nonmatch","","","","","","","","","ALT2","moral","","key","j","16.665254237288135","683","380","","坏我","","","","f","false","","","match","","img/square.png","坏我","",""
"null","<span style='color:red; font-size: 70px;'>错误! </span>","null","html-keyboard-response","2099","3278199","0.0-10.0-0.1-4.1-0.6-1.259","5","2","5","1","1","5","3","4","4","5","5","0","0","1","2","-2","1","1","2","5","4","5","4","2","1","2","3","4","3","4","6","4","8","3","7","6","5","7","5","5","3","3","6","2","5","2","5","5","1","2","2","5","1","1","5","5","4","6","3","1","2","2","1","1","2","6","2","1","7","1","1","1","1","1","2","1","7","1","3","799230569765543938","仲","102","Female","[""坏我"",""好我"",""好她"",""坏她""]","[""弱我"",""强我"",""强她"",""弱她""]","","","","","","","","","","","","","","","","","","feedback_test","","","","","","","","","","","","","","","","","","","","",""
"638","","f","psychophysics","2100","3279845","0.0-10.0-0.1-4.1-0.6-0.260","5","2","5","1","1","5","3","4","4","5","5","0","0","1","2","-2","1","1","2","5","4","5","4","2","1","2","3","4","3","4","6","4","8","3","7","6","5","7","5","5","3","3","6","2","5","2","5","5","1","2","2","5","1","1","5","5","4","6","3","1","2","2","1","1","2","6","2","1","7","1","1","1","1","1","2","1","7","1","3","799230569765543938","仲","102","Female","[""坏我"",""好我"",""好她"",""坏她""]","[""弱我"",""强我"",""强她"",""弱她""]","","","","","","","","match","","","","","","","","","ALT2","moral","","key","f","16.66734693877456","683","380","","好她","","","","f","true","","","match","","img/triangle.png","好她","",""
"null","<span style='color:GreenYellow; font-size: 70px;'>正确! </span>","null","html-keyboard-response","2101","3280348","0.0-10.0-0.1-4.1-0.6-1.260","5","2","5","1","1","5","3","4","4","5","5","0","0","1","2","-2","1","1","2","5","4","5","4","2","1","2","3","4","3","4","6","4","8","3","7","6","5","7","5","5","3","3","6","2","5","2","5","5","1","2","2","5","1","1","5","5","4","6","3","1","2","2","1","1","2","6","2","1","7","1","1","1","1","1","2","1","7","1","3","799230569765543938","仲","102","Female","[""坏我"",""好我"",""好她"",""坏她""]","[""弱我"",""强我"",""强她"",""弱她""]","","","","","","","","","","","","","","","","","","feedback_test","","","","","","","","","","","","","","","","","","","","",""
"764","","j","psychophysics","2102","3282120","0.0-10.0-0.1-4.1-0.6-0.261","5","2","5","1","1","5","3","4","4","5","5","0","0","1","2","-2","1","1","2","5","4","5","4","2","1","2","3","4","3","4","6","4","8","3","7","6","5","7","5","5","3","3","6","2","5","2","5","5","1","2","2","5","1","1","5","5","4","6","3","1","2","2","1","1","2","6","2","1","7","1","1","1","1","1","2","1","7","1","3","799230569765543938","仲","102","Female","[""坏我"",""好我"",""好她"",""坏她""]","[""弱我"",""强我"",""强她"",""弱她""]","","","","","","","","nonmatch","","","","","","","","","ALT2","moral","","key","j","16.6657142857134","683","380","","好我","","","","j","true","","","nonmatch","","img/hexagon.png","坏她","",""
"null","<span style='color:GreenYellow; font-size: 70px;'>正确! </span>","null","html-keyboard-response","2103","3282625","0.0-10.0-0.1-4.1-0.6-1.261","5","2","5","1","1","5","3","4","4","5","5","0","0","1","2","-2","1","1","2","5","4","5","4","2","1","2","3","4","3","4","6","4","8","3","7","6","5","7","5","5","3","3","6","2","5","2","5","5","1","2","2","5","1","1","5","5","4","6","3","1","2","2","1","1","2","6","2","1","7","1","1","1","1","1","2","1","7","1","3","799230569765543938","仲","102","Female","[""坏我"",""好我"",""好她"",""坏她""]","[""弱我"",""强我"",""强她"",""弱她""]","","","","","","","","","","","","","","","","","","feedback_test","","","","","","","","","","","","","","","","","","","","",""
"667","","j","psychophysics","2104","3284297","0.0-10.0-0.1-4.1-0.6-0.262","5","2","5","1","1","5","3","4","4","5","5","0","0","1","2","-2","1","1","2","5","4","5","4","2","1","2","3","4","3","4","6","4","8","3","7","6","5","7","5","5","3","3","6","2","5","2","5","5","1","2","2","5","1","1","5","5","4","6","3","1","2","2","1","1","2","6","2","1","7","1","1","1","1","1","2","1","7","1","3","799230569765543938","仲","102","Female","[""坏我"",""好我"",""好她"",""坏她""]","[""弱我"",""强我"",""强她"",""弱她""]","","","","","","","","nonmatch","","","","","","","","","ALT2","moral","","key","j","16.662626262627203","683","380","","好我","","","","j","true","","","nonmatch","","img/square.png","坏我","",""
"null","<span style='color:GreenYellow; font-size: 70px;'>正确! </span>","null","html-keyboard-response","2105","3284800","0.0-10.0-0.1-4.1-0.6-1.262","5","2","5","1","1","5","3","4","4","5","5","0","0","1","2","-2","1","1","2","5","4","5","4","2","1","2","3","4","3","4","6","4","8","3","7","6","5","7","5","5","3","3","6","2","5","2","5","5","1","2","2","5","1","1","5","5","4","6","3","1","2","2","1","1","2","6","2","1","7","1","1","1","1","1","2","1","7","1","3","799230569765543938","仲","102","Female","[""坏我"",""好我"",""好她"",""坏她""]","[""弱我"",""强我"",""强她"",""弱她""]","","","","","","","","","","","","","","","","","","feedback_test","","","","","","","","","","","","","","","","","","","","",""
"558","","f","psychophysics","2106","3286364","0.0-10.0-0.1-4.1-0.6-0.263","5","2","5","1","1","5","3","4","4","5","5","0","0","1","2","-2","1","1","2","5","4","5","4","2","1","2","3","4","3","4","6","4","8","3","7","6","5","7","5","5","3","3","6","2","5","2","5","5","1","2","2","5","1","1","5","5","4","6","3","1","2","2","1","1","2","6","2","1","7","1","1","1","1","1","2","1","7","1","3","799230569765543938","仲","102","Female","[""坏我"",""好我"",""好她"",""坏她""]","[""弱我"",""强我"",""强她"",""弱她""]","","","","","","","","match","","","","","","","","","ALT2","moral","","key","f","16.666304347829122","683","380","","好我","","","","f","true","","","match","","img/ellipse.png","好我","",""
"null","<span style='color:GreenYellow; font-size: 70px;'>正确! </span>","null","html-keyboard-response","2107","3286871","0.0-10.0-0.1-4.1-0.6-1.263","5","2","5","1","1","5","3","4","4","5","5","0","0","1","2","-2","1","1","2","5","4","5","4","2","1","2","3","4","3","4","6","4","8","3","7","6","5","7","5","5","3","3","6","2","5","2","5","5","1","2","2","5","1","1","5","5","4","6","3","1","2","2","1","1","2","6","2","1","7","1","1","1","1","1","2","1","7","1","3","799230569765543938","仲","102","Female","[""坏我"",""好我"",""好她"",""坏她""]","[""弱我"",""强我"",""强她"",""弱她""]","","","","","","","","","","","","","","","","","","feedback_test","","","","","","","","","","","","","","","","","","","","",""
"619","","j","psychophysics","2108","3288492","0.0-10.0-0.1-4.1-0.6-0.264","5","2","5","1","1","5","3","4","4","5","5","0","0","1","2","-2","1","1","2","5","4","5","4","2","1","2","3","4","3","4","6","4","8","3","7","6","5","7","5","5","3","3","6","2","5","2","5","5","1","2","2","5","1","1","5","5","4","6","3","1","2","2","1","1","2","6","2","1","7","1","1","1","1","1","2","1","7","1","3","799230569765543938","仲","102","Female","[""坏我"",""好我"",""好她"",""坏她""]","[""弱我"",""强我"",""强她"",""弱她""]","","","","","","","","nonmatch","","","","","","","","","ALT2","moral","","key","j","16.664948453608247","683","380","","好她","","","","j","true","","","nonmatch","","img/square.png","坏我","",""
"null","<span style='color:GreenYellow; font-size: 70px;'>正确! </span>","null","html-keyboard-response","2109","3288998","0.0-10.0-0.1-4.1-0.6-1.264","5","2","5","1","1","5","3","4","4","5","5","0","0","1","2","-2","1","1","2","5","4","5","4","2","1","2","3","4","3","4","6","4","8","3","7","6","5","7","5","5","3","3","6","2","5","2","5","5","1","2","2","5","1","1","5","5","4","6","3","1","2","2","1","1","2","6","2","1","7","1","1","1","1","1","2","1","7","1","3","799230569765543938","仲","102","Female","[""坏我"",""好我"",""好她"",""坏她""]","[""弱我"",""强我"",""强她"",""弱她""]","","","","","","","","","","","","","","","","","","feedback_test","","","","","","","","","","","","","","","","","","","","",""
"637","","j","psychophysics","2110","3290644","0.0-10.0-0.1-4.1-0.6-0.265","5","2","5","1","1","5","3","4","4","5","5","0","0","1","2","-2","1","1","2","5","4","5","4","2","1","2","3","4","3","4","6","4","8","3","7","6","5","7","5","5","3","3","6","2","5","2","5","5","1","2","2","5","1","1","5","5","4","6","3","1","2","2","1","1","2","6","2","1","7","1","1","1","1","1","2","1","7","1","3","799230569765543938","仲","102","Female","[""坏我"",""好我"",""好她"",""坏她""]","[""弱我"",""强我"",""强她"",""弱她""]","","","","","","","","nonmatch","","","","","","","","","ALT2","moral","","key","j","16.66530612245088","683","380","","坏她","","","","j","true","","","nonmatch","","img/ellipse.png","好我","",""
"null","<span style='color:GreenYellow; font-size: 70px;'>正确! </span>","null","html-keyboard-response","2111","3291151","0.0-10.0-0.1-4.1-0.6-1.265","5","2","5","1","1","5","3","4","4","5","5","0","0","1","2","-2","1","1","2","5","4","5","4","2","1","2","3","4","3","4","6","4","8","3","7","6","5","7","5","5","3","3","6","2","5","2","5","5","1","2","2","5","1","1","5","5","4","6","3","1","2","2","1","1","2","6","2","1","7","1","1","1","1","1","2","1","7","1","3","799230569765543938","仲","102","Female","[""坏我"",""好我"",""好她"",""坏她""]","[""弱我"",""强我"",""强她"",""弱她""]","","","","","","","","","","","","","","","","","","feedback_test","","","","","","","","","","","","","","","","","","","","",""
"826","","f","psychophysics","2112","3292982","0.0-10.0-0.1-4.1-0.6-0.266","5","2","5","1","1","5","3","4","4","5","5","0","0","1","2","-2","1","1","2","5","4","5","4","2","1","2","3","4","3","4","6","4","8","3","7","6","5","7","5","5","3","3","6","2","5","2","5","5","1","2","2","5","1","1","5","5","4","6","3","1","2","2","1","1","2","6","2","1","7","1","1","1","1","1","2","1","7","1","3","799230569765543938","仲","102","Female","[""坏我"",""好我"",""好她"",""坏她""]","[""弱我"",""强我"",""强她"",""弱她""]","","","","","","","","match","","","","","","","","","ALT2","moral","","key","f","16.664220183485384","683","380","","好她","","","","f","true","","","match","","img/triangle.png","好她","",""
"null","<span style='color:GreenYellow; font-size: 70px;'>正确! </span>","null","html-keyboard-response","2113","3293488","0.0-10.0-0.1-4.1-0.6-1.266","5","2","5","1","1","5","3","4","4","5","5","0","0","1","2","-2","1","1","2","5","4","5","4","2","1","2","3","4","3","4","6","4","8","3","7","6","5","7","5","5","3","3","6","2","5","2","5","5","1","2","2","5","1","1","5","5","4","6","3","1","2","2","1","1","2","6","2","1","7","1","1","1","1","1","2","1","7","1","3","799230569765543938","仲","102","Female","[""坏我"",""好我"",""好她"",""坏她""]","[""弱我"",""强我"",""强她"",""弱她""]","","","","","","","","","","","","","","","","","","feedback_test","","","","","","","","","","","","","","","","","","","","",""
"654","","j","psychophysics","2114","3295144","0.0-10.0-0.1-4.1-0.6-0.267","5","2","5","1","1","5","3","4","4","5","5","0","0","1","2","-2","1","1","2","5","4","5","4","2","1","2","3","4","3","4","6","4","8","3","7","6","5","7","5","5","3","3","6","2","5","2","5","5","1","2","2","5","1","1","5","5","4","6","3","1","2","2","1","1","2","6","2","1","7","1","1","1","1","1","2","1","7","1","3","799230569765543938","仲","102","Female","[""坏我"",""好我"",""好她"",""坏她""]","[""弱我"",""强我"",""强她"",""弱她""]","","","","","","","","nonmatch","","","","","","","","","ALT2","moral","","key","j","16.59795918367442","683","380","","坏我","","","","j","true","","","nonmatch","","img/hexagon.png","坏她","",""
"null","<span style='color:GreenYellow; font-size: 70px;'>正确! </span>","null","html-keyboard-response","2115","3295651","0.0-10.0-0.1-4.1-0.6-1.267","5","2","5","1","1","5","3","4","4","5","5","0","0","1","2","-2","1","1","2","5","4","5","4","2","1","2","3","4","3","4","6","4","8","3","7","6","5","7","5","5","3","3","6","2","5","2","5","5","1","2","2","5","1","1","5","5","4","6","3","1","2","2","1","1","2","6","2","1","7","1","1","1","1","1","2","1","7","1","3","799230569765543938","仲","102","Female","[""坏我"",""好我"",""好她"",""坏她""]","[""弱我"",""强我"",""强她"",""弱她""]","","","","","","","","","","","","","","","","","","feedback_test","","","","","","","","","","","","","","","","","","","","",""
"877","","j","psychophysics","2116","3297533","0.0-10.0-0.1-4.1-0.6-0.268","5","2","5","1","1","5","3","4","4","5","5","0","0","1","2","-2","1","1","2","5","4","5","4","2","1","2","3","4","3","4","6","4","8","3","7","6","5","7","5","5","3","3","6","2","5","2","5","5","1","2","2","5","1","1","5","5","4","6","3","1","2","2","1","1","2","6","2","1","7","1","1","1","1","1","2","1","7","1","3","799230569765543938","仲","102","Female","[""坏我"",""好我"",""好她"",""坏她""]","[""弱我"",""强我"",""强她"",""弱她""]","","","","","","","","nonmatch","","","","","","","","","ALT2","moral","","key","j","16.66607142857226","683","380","","好我","","","","j","true","","","nonmatch","","img/hexagon.png","坏她","",""
"null","<span style='color:GreenYellow; font-size: 70px;'>正确! </span>","null","html-keyboard-response","2117","3298041","0.0-10.0-0.1-4.1-0.6-1.268","5","2","5","1","1","5","3","4","4","5","5","0","0","1","2","-2","1","1","2","5","4","5","4","2","1","2","3","4","3","4","6","4","8","3","7","6","5","7","5","5","3","3","6","2","5","2","5","5","1","2","2","5","1","1","5","5","4","6","3","1","2","2","1","1","2","6","2","1","7","1","1","1","1","1","2","1","7","1","3","799230569765543938","仲","102","Female","[""坏我"",""好我"",""好她"",""坏她""]","[""弱我"",""强我"",""强她"",""弱她""]","","","","","","","","","","","","","","","","","","feedback_test","","","","","","","","","","","","","","","","","","","","",""
"791","","f","psychophysics","2118","3299839","0.0-10.0-0.1-4.1-0.6-0.269","5","2","5","1","1","5","3","4","4","5","5","0","0","1","2","-2","1","1","2","5","4","5","4","2","1","2","3","4","3","4","6","4","8","3","7","6","5","7","5","5","3","3","6","2","5","2","5","5","1","2","2","5","1","1","5","5","4","6","3","1","2","2","1","1","2","6","2","1","7","1","1","1","1","1","2","1","7","1","3","799230569765543938","仲","102","Female","[""坏我"",""好我"",""好她"",""坏她""]","[""弱我"",""强我"",""强她"",""弱她""]","","","","","","","","match","","","","","","","","","ALT2","moral","","key","f","16.666037735849937","683","380","","好我","","","","j","false","","","nonmatch","","img/triangle.png","好她","",""
"null","<span style='color:red; font-size: 70px;'>错误! </span>","null","html-keyboard-response","2119","3300345","0.0-10.0-0.1-4.1-0.6-1.269","5","2","5","1","1","5","3","4","4","5","5","0","0","1","2","-2","1","1","2","5","4","5","4","2","1","2","3","4","3","4","6","4","8","3","7","6","5","7","5","5","3","3","6","2","5","2","5","5","1","2","2","5","1","1","5","5","4","6","3","1","2","2","1","1","2","6","2","1","7","1","1","1","1","1","2","1","7","1","3","799230569765543938","仲","102","Female","[""坏我"",""好我"",""好她"",""坏她""]","[""弱我"",""强我"",""强她"",""弱她""]","","","","","","","","","","","","","","","","","","feedback_test","","","","","","","","","","","","","","","","","","","","",""
"560","","f","psychophysics","2120","3301909","0.0-10.0-0.1-4.1-0.6-0.270","5","2","5","1","1","5","3","4","4","5","5","0","0","1","2","-2","1","1","2","5","4","5","4","2","1","2","3","4","3","4","6","4","8","3","7","6","5","7","5","5","3","3","6","2","5","2","5","5","1","2","2","5","1","1","5","5","4","6","3","1","2","2","1","1","2","6","2","1","7","1","1","1","1","1","2","1","7","1","3","799230569765543938","仲","102","Female","[""坏我"",""好我"",""好她"",""坏她""]","[""弱我"",""强我"",""强她"",""弱她""]","","","","","","","","match","","","","","","","","","ALT2","moral","","key","f","16.666666666666668","683","380","","好我","","","","f","true","","","match","","img/ellipse.png","好我","",""
"null","<span style='color:GreenYellow; font-size: 70px;'>正确! </span>","null","html-keyboard-response","2121","3302414","0.0-10.0-0.1-4.1-0.6-1.270","5","2","5","1","1","5","3","4","4","5","5","0","0","1","2","-2","1","1","2","5","4","5","4","2","1","2","3","4","3","4","6","4","8","3","7","6","5","7","5","5","3","3","6","2","5","2","5","5","1","2","2","5","1","1","5","5","4","6","3","1","2","2","1","1","2","6","2","1","7","1","1","1","1","1","2","1","7","1","3","799230569765543938","仲","102","Female","[""坏我"",""好我"",""好她"",""坏她""]","[""弱我"",""强我"",""强她"",""弱她""]","","","","","","","","","","","","","","","","","","feedback_test","","","","","","","","","","","","","","","","","","","","",""
"824","","j","psychophysics","2122","3304245","0.0-10.0-0.1-4.1-0.6-0.271","5","2","5","1","1","5","3","4","4","5","5","0","0","1","2","-2","1","1","2","5","4","5","4","2","1","2","3","4","3","4","6","4","8","3","7","6","5","7","5","5","3","3","6","2","5","2","5","5","1","2","2","5","1","1","5","5","4","6","3","1","2","2","1","1","2","6","2","1","7","1","1","1","1","1","2","1","7","1","3","799230569765543938","仲","102","Female","[""坏我"",""好我"",""好她"",""坏她""]","[""弱我"",""强我"",""强她"",""弱她""]","","","","","","","","nonmatch","","","","","","","","","ALT2","moral","","key","j","16.66697247706593","683","380","","坏我","","","","f","false","","","match","","img/square.png","坏我","",""
"null","<span style='color:red; font-size: 70px;'>错误! </span>","null","html-keyboard-response","2123","3304747","0.0-10.0-0.1-4.1-0.6-1.271","5","2","5","1","1","5","3","4","4","5","5","0","0","1","2","-2","1","1","2","5","4","5","4","2","1","2","3","4","3","4","6","4","8","3","7","6","5","7","5","5","3","3","6","2","5","2","5","5","1","2","2","5","1","1","5","5","4","6","3","1","2","2","1","1","2","6","2","1","7","1","1","1","1","1","2","1","7","1","3","799230569765543938","仲","102","Female","[""坏我"",""好我"",""好她"",""坏她""]","[""弱我"",""强我"",""强她"",""弱她""]","","","","","","","","","","","","","","","","","","feedback_test","","","","","","","","","","","","","","","","","","","","",""
"null","","null","psychophysics","2124","3306985","0.0-10.0-0.1-4.1-0.6-0.272","5","2","5","1","1","5","3","4","4","5","5","0","0","1","2","-2","1","1","2","5","4","5","4","2","1","2","3","4","3","4","6","4","8","3","7","6","5","7","5","5","3","3","6","2","5","2","5","5","1","2","2","5","1","1","5","5","4","6","3","1","2","2","1","1","2","6","2","1","7","1","1","1","1","1","2","1","7","1","3","799230569765543938","仲","102","Female","[""坏我"",""好我"",""好她"",""坏她""]","[""弱我"",""强我"",""强她"",""弱她""]","","","","","","","","null","","","","","","","","","ALT2","moral","","key","null","16.953435114503105","683","380","","坏我","","","","f","false","","","match","","img/square.png","坏我","",""
"null","<span class='add_' style='color:yellow; font-size: 70px;'> 太慢! </span>","null","html-keyboard-response","2125","3307495","0.0-10.0-0.1-4.1-0.6-1.272","5","2","5","1","1","5","3","4","4","5","5","0","0","1","2","-2","1","1","2","5","4","5","4","2","1","2","3","4","3","4","6","4","8","3","7","6","5","7","5","5","3","3","6","2","5","2","5","5","1","2","2","5","1","1","5","5","4","6","3","1","2","2","1","1","2","6","2","1","7","1","1","1","1","1","2","1","7","1","3","799230569765543938","仲","102","Female","[""坏我"",""好我"",""好她"",""坏她""]","[""弱我"",""强我"",""强她"",""弱她""]","","","","","","","","","","","","","","","","","","feedback_test","","","","","","","","","","","","","","","","","","","","",""
"777","","j","psychophysics","2126","3309277","0.0-10.0-0.1-4.1-0.6-0.273","5","2","5","1","1","5","3","4","4","5","5","0","0","1","2","-2","1","1","2","5","4","5","4","2","1","2","3","4","3","4","6","4","8","3","7","6","5","7","5","5","3","3","6","2","5","2","5","5","1","2","2","5","1","1","5","5","4","6","3","1","2","2","1","1","2","6","2","1","7","1","1","1","1","1","2","1","7","1","3","799230569765543938","仲","102","Female","[""坏我"",""好我"",""好她"",""坏她""]","[""弱我"",""强我"",""强她"",""弱她""]","","","","","","","","nonmatch","","","","","","","","","ALT2","moral","","key","j","16.662264150945152","683","380","","好她","","","","j","true","","","nonmatch","","img/ellipse.png","好我","",""
"null","<span style='color:GreenYellow; font-size: 70px;'>正确! </span>","null","html-keyboard-response","2127","3309783","0.0-10.0-0.1-4.1-0.6-1.273","5","2","5","1","1","5","3","4","4","5","5","0","0","1","2","-2","1","1","2","5","4","5","4","2","1","2","3","4","3","4","6","4","8","3","7","6","5","7","5","5","3","3","6","2","5","2","5","5","1","2","2","5","1","1","5","5","4","6","3","1","2","2","1","1","2","6","2","1","7","1","1","1","1","1","2","1","7","1","3","799230569765543938","仲","102","Female","[""坏我"",""好我"",""好她"",""坏她""]","[""弱我"",""强我"",""强她"",""弱她""]","","","","","","","","","","","","","","","","","","feedback_test","","","","","","","","","","","","","","","","","","","","",""
"689","","j","psychophysics","2128","3311474","0.0-10.0-0.1-4.1-0.6-0.274","5","2","5","1","1","5","3","4","4","5","5","0","0","1","2","-2","1","1","2","5","4","5","4","2","1","2","3","4","3","4","6","4","8","3","7","6","5","7","5","5","3","3","6","2","5","2","5","5","1","2","2","5","1","1","5","5","4","6","3","1","2","2","1","1","2","6","2","1","7","1","1","1","1","1","2","1","7","1","3","799230569765543938","仲","102","Female","[""坏我"",""好我"",""好她"",""坏她""]","[""弱我"",""强我"",""强她"",""弱她""]","","","","","","","","nonmatch","","","","","","","","","ALT2","moral","","key","j","16.664356435644486","683","380","","坏我","","","","j","true","","","nonmatch","","img/triangle.png","好她","",""
"null","<span style='color:GreenYellow; font-size: 70px;'>正确! </span>","null","html-keyboard-response","2129","3311980","0.0-10.0-0.1-4.1-0.6-1.274","5","2","5","1","1","5","3","4","4","5","5","0","0","1","2","-2","1","1","2","5","4","5","4","2","1","2","3","4","3","4","6","4","8","3","7","6","5","7","5","5","3","3","6","2","5","2","5","5","1","2","2","5","1","1","5","5","4","6","3","1","2","2","1","1","2","6","2","1","7","1","1","1","1","1","2","1","7","1","3","799230569765543938","仲","102","Female","[""坏我"",""好我"",""好她"",""坏她""]","[""弱我"",""强我"",""强她"",""弱她""]","","","","","","","","","","","","","","","","","","feedback_test","","","","","","","","","","","","","","","","","","","","",""
"930","","j","psychophysics","2130","3313911","0.0-10.0-0.1-4.1-0.6-0.275","5","2","5","1","1","5","3","4","4","5","5","0","0","1","2","-2","1","1","2","5","4","5","4","2","1","2","3","4","3","4","6","4","8","3","7","6","5","7","5","5","3","3","6","2","5","2","5","5","1","2","2","5","1","1","5","5","4","6","3","1","2","2","1","1","2","6","2","1","7","1","1","1","1","1","2","1","7","1","3","799230569765543938","仲","102","Female","[""坏我"",""好我"",""好她"",""坏她""]","[""弱我"",""强我"",""强她"",""弱她""]","","","","","","","","nonmatch","","","","","","","","","ALT2","moral","","key","j","16.66695652174075","683","380","","坏她","","","","j","true","","","nonmatch","","img/square.png","坏我","",""
"null","<span style='color:GreenYellow; font-size: 70px;'>正确! </span>","null","html-keyboard-response","2131","3314413","0.0-10.0-0.1-4.1-0.6-1.275","5","2","5","1","1","5","3","4","4","5","5","0","0","1","2","-2","1","1","2","5","4","5","4","2","1","2","3","4","3","4","6","4","8","3","7","6","5","7","5","5","3","3","6","2","5","2","5","5","1","2","2","5","1","1","5","5","4","6","3","1","2","2","1","1","2","6","2","1","7","1","1","1","1","1","2","1","7","1","3","799230569765543938","仲","102","Female","[""坏我"",""好我"",""好她"",""坏她""]","[""弱我"",""强我"",""强她"",""弱她""]","","","","","","","","","","","","","","","","","","feedback_test","","","","","","","","","","","","","","","","","","","","",""
"979","","j","psychophysics","2132","3316400","0.0-10.0-0.1-4.1-0.6-0.276","5","2","5","1","1","5","3","4","4","5","5","0","0","1","2","-2","1","1","2","5","4","5","4","2","1","2","3","4","3","4","6","4","8","3","7","6","5","7","5","5","3","3","6","2","5","2","5","5","1","2","2","5","1","1","5","5","4","6","3","1","2","2","1","1","2","6","2","1","7","1","1","1","1","1","2","1","7","1","3","799230569765543938","仲","102","Female","[""坏我"",""好我"",""好她"",""坏她""]","[""弱我"",""强我"",""强她"",""弱她""]","","","","","","","","nonmatch","","","","","","","","","ALT2","moral","","key","j","16.666949152540006","683","380","","好我","","","","j","true","","","nonmatch","","img/square.png","坏我","",""
"null","<span style='color:GreenYellow; font-size: 70px;'>正确! </span>","null","html-keyboard-response","2133","3316907","0.0-10.0-0.1-4.1-0.6-1.276","5","2","5","1","1","5","3","4","4","5","5","0","0","1","2","-2","1","1","2","5","4","5","4","2","1","2","3","4","3","4","6","4","8","3","7","6","5","7","5","5","3","3","6","2","5","2","5","5","1","2","2","5","1","1","5","5","4","6","3","1","2","2","1","1","2","6","2","1","7","1","1","1","1","1","2","1","7","1","3","799230569765543938","仲","102","Female","[""坏我"",""好我"",""好她"",""坏她""]","[""弱我"",""强我"",""强她"",""弱她""]","","","","","","","","","","","","","","","","","","feedback_test","","","","","","","","","","","","","","","","","","","","",""
"917","","j","psychophysics","2134","3318829","0.0-10.0-0.1-4.1-0.6-0.277","5","2","5","1","1","5","3","4","4","5","5","0","0","1","2","-2","1","1","2","5","4","5","4","2","1","2","3","4","3","4","6","4","8","3","7","6","5","7","5","5","3","3","6","2","5","2","5","5","1","2","2","5","1","1","5","5","4","6","3","1","2","2","1","1","2","6","2","1","7","1","1","1","1","1","2","1","7","1","3","799230569765543938","仲","102","Female","[""坏我"",""好我"",""好她"",""坏她""]","[""弱我"",""强我"",""强她"",""弱她""]","","","","","","","","nonmatch","","","","","","","","","ALT2","moral","","key","j","16.666666666666668","683","380","","好她","","","","j","true","","","nonmatch","","img/square.png","坏我","",""
"null","<span style='color:GreenYellow; font-size: 70px;'>正确! </span>","null","html-keyboard-response","2135","3319335","0.0-10.0-0.1-4.1-0.6-1.277","5","2","5","1","1","5","3","4","4","5","5","0","0","1","2","-2","1","1","2","5","4","5","4","2","1","2","3","4","3","4","6","4","8","3","7","6","5","7","5","5","3","3","6","2","5","2","5","5","1","2","2","5","1","1","5","5","4","6","3","1","2","2","1","1","2","6","2","1","7","1","1","1","1","1","2","1","7","1","3","799230569765543938","仲","102","Female","[""坏我"",""好我"",""好她"",""坏她""]","[""弱我"",""强我"",""强她"",""弱她""]","","","","","","","","","","","","","","","","","","feedback_test","","","","","","","","","","","","","","","","","","","","",""
"736","","j","psychophysics","2136","3321073","0.0-10.0-0.1-4.1-0.6-0.278","5","2","5","1","1","5","3","4","4","5","5","0","0","1","2","-2","1","1","2","5","4","5","4","2","1","2","3","4","3","4","6","4","8","3","7","6","5","7","5","5","3","3","6","2","5","2","5","5","1","2","2","5","1","1","5","5","4","6","3","1","2","2","1","1","2","6","2","1","7","1","1","1","1","1","2","1","7","1","3","799230569765543938","仲","102","Female","[""坏我"",""好我"",""好她"",""坏她""]","[""弱我"",""强我"",""强她"",""弱她""]","","","","","","","","nonmatch","","","","","","","","","ALT2","moral","","key","j","16.665384615381928","683","380","","好她","","","","j","true","","","nonmatch","","img/hexagon.png","坏她","",""
"null","<span style='color:GreenYellow; font-size: 70px;'>正确! </span>","null","html-keyboard-response","2137","3321580","0.0-10.0-0.1-4.1-0.6-1.278","5","2","5","1","1","5","3","4","4","5","5","0","0","1","2","-2","1","1","2","5","4","5","4","2","1","2","3","4","3","4","6","4","8","3","7","6","5","7","5","5","3","3","6","2","5","2","5","5","1","2","2","5","1","1","5","5","4","6","3","1","2","2","1","1","2","6","2","1","7","1","1","1","1","1","2","1","7","1","3","799230569765543938","仲","102","Female","[""坏我"",""好我"",""好她"",""坏她""]","[""弱我"",""强我"",""强她"",""弱她""]","","","","","","","","","","","","","","","","","","feedback_test","","","","","","","","","","","","","","","","","","","","",""
"979","","f","psychophysics","2138","3323566","0.0-10.0-0.1-4.1-0.6-0.279","5","2","5","1","1","5","3","4","4","5","5","0","0","1","2","-2","1","1","2","5","4","5","4","2","1","2","3","4","3","4","6","4","8","3","7","6","5","7","5","5","3","3","6","2","5","2","5","5","1","2","2","5","1","1","5","5","4","6","3","1","2","2","1","1","2","6","2","1","7","1","1","1","1","1","2","1","7","1","3","799230569765543938","仲","102","Female","[""坏我"",""好我"",""好她"",""坏她""]","[""弱我"",""强我"",""强她"",""弱她""]","","","","","","","","match","","","","","","","","","ALT2","moral","","key","f","16.665254237288135","683","380","","坏我","","","","f","true","","","match","","img/square.png","坏我","",""
"null","<span style='color:GreenYellow; font-size: 70px;'>正确! </span>","null","html-keyboard-response","2139","3324070","0.0-10.0-0.1-4.1-0.6-1.279","5","2","5","1","1","5","3","4","4","5","5","0","0","1","2","-2","1","1","2","5","4","5","4","2","1","2","3","4","3","4","6","4","8","3","7","6","5","7","5","5","3","3","6","2","5","2","5","5","1","2","2","5","1","1","5","5","4","6","3","1","2","2","1","1","2","6","2","1","7","1","1","1","1","1","2","1","7","1","3","799230569765543938","仲","102","Female","[""坏我"",""好我"",""好她"",""坏她""]","[""弱我"",""强我"",""强她"",""弱她""]","","","","","","","","","","","","","","","","","","feedback_test","","","","","","","","","","","","","","","","","","","","",""
"681","","f","psychophysics","2140","3325753","0.0-10.0-0.1-4.1-0.6-0.280","5","2","5","1","1","5","3","4","4","5","5","0","0","1","2","-2","1","1","2","5","4","5","4","2","1","2","3","4","3","4","6","4","8","3","7","6","5","7","5","5","3","3","6","2","5","2","5","5","1","2","2","5","1","1","5","5","4","6","3","1","2","2","1","1","2","6","2","1","7","1","1","1","1","1","2","1","7","1","3","799230569765543938","仲","102","Female","[""坏我"",""好我"",""好她"",""坏她""]","[""弱我"",""强我"",""强她"",""弱她""]","","","","","","","","match","","","","","","","","","ALT2","moral","","key","f","16.604040404043225","683","380","","好她","","","","f","true","","","match","","img/triangle.png","好她","",""
"null","<span style='color:GreenYellow; font-size: 70px;'>正确! </span>","null","html-keyboard-response","2141","3326260","0.0-10.0-0.1-4.1-0.6-1.280","5","2","5","1","1","5","3","4","4","5","5","0","0","1","2","-2","1","1","2","5","4","5","4","2","1","2","3","4","3","4","6","4","8","3","7","6","5","7","5","5","3","3","6","2","5","2","5","5","1","2","2","5","1","1","5","5","4","6","3","1","2","2","1","1","2","6","2","1","7","1","1","1","1","1","2","1","7","1","3","799230569765543938","仲","102","Female","[""坏我"",""好我"",""好她"",""坏她""]","[""弱我"",""强我"",""强她"",""弱她""]","","","","","","","","","","","","","","","","","","feedback_test","","","","","","","","","","","","","","","","","","","","",""
"684","","f","psychophysics","2142","3327954","0.0-10.0-0.1-4.1-0.6-0.281","5","2","5","1","1","5","3","4","4","5","5","0","0","1","2","-2","1","1","2","5","4","5","4","2","1","2","3","4","3","4","6","4","8","3","7","6","5","7","5","5","3","3","6","2","5","2","5","5","1","2","2","5","1","1","5","5","4","6","3","1","2","2","1","1","2","6","2","1","7","1","1","1","1","1","2","1","7","1","3","799230569765543938","仲","102","Female","[""坏我"",""好我"",""好她"",""坏她""]","[""弱我"",""强我"",""强她"",""弱她""]","","","","","","","","match","","","","","","","","","ALT2","moral","","key","f","16.66600000000093","683","380","","坏她","","","","f","true","","","match","","img/hexagon.png","坏她","",""
"null","<span style='color:GreenYellow; font-size: 70px;'>正确! </span>","null","html-keyboard-response","2143","3328460","0.0-10.0-0.1-4.1-0.6-1.281","5","2","5","1","1","5","3","4","4","5","5","0","0","1","2","-2","1","1","2","5","4","5","4","2","1","2","3","4","3","4","6","4","8","3","7","6","5","7","5","5","3","3","6","2","5","2","5","5","1","2","2","5","1","1","5","5","4","6","3","1","2","2","1","1","2","6","2","1","7","1","1","1","1","1","2","1","7","1","3","799230569765543938","仲","102","Female","[""坏我"",""好我"",""好她"",""坏她""]","[""弱我"",""强我"",""强她"",""弱她""]","","","","","","","","","","","","","","","","","","feedback_test","","","","","","","","","","","","","","","","","","","","",""
"552","","f","psychophysics","2144","3330021","0.0-10.0-0.1-4.1-0.6-0.282","5","2","5","1","1","5","3","4","4","5","5","0","0","1","2","-2","1","1","2","5","4","5","4","2","1","2","3","4","3","4","6","4","8","3","7","6","5","7","5","5","3","3","6","2","5","2","5","5","1","2","2","5","1","1","5","5","4","6","3","1","2","2","1","1","2","6","2","1","7","1","1","1","1","1","2","1","7","1","3","799230569765543938","仲","102","Female","[""坏我"",""好我"",""好她"",""坏她""]","[""弱我"",""强我"",""强她"",""弱她""]","","","","","","","","match","","","","","","","","","ALT2","moral","","key","f","16.666304347829122","683","380","","好我","","","","f","true","","","match","","img/ellipse.png","好我","",""
"null","<span style='color:GreenYellow; font-size: 70px;'>正确! </span>","null","html-keyboard-response","2145","3330527","0.0-10.0-0.1-4.1-0.6-1.282","5","2","5","1","1","5","3","4","4","5","5","0","0","1","2","-2","1","1","2","5","4","5","4","2","1","2","3","4","3","4","6","4","8","3","7","6","5","7","5","5","3","3","6","2","5","2","5","5","1","2","2","5","1","1","5","5","4","6","3","1","2","2","1","1","2","6","2","1","7","1","1","1","1","1","2","1","7","1","3","799230569765543938","仲","102","Female","[""坏我"",""好我"",""好她"",""坏她""]","[""弱我"",""强我"",""强她"",""弱她""]","","","","","","","","","","","","","","","","","","feedback_test","","","","","","","","","","","","","","","","","","","","",""
"650","","f","psychophysics","2146","3332184","0.0-10.0-0.1-4.1-0.6-0.283","5","2","5","1","1","5","3","4","4","5","5","0","0","1","2","-2","1","1","2","5","4","5","4","2","1","2","3","4","3","4","6","4","8","3","7","6","5","7","5","5","3","3","6","2","5","2","5","5","1","2","2","5","1","1","5","5","4","6","3","1","2","2","1","1","2","6","2","1","7","1","1","1","1","1","2","1","7","1","3","799230569765543938","仲","102","Female","[""坏我"",""好我"",""好她"",""坏她""]","[""弱我"",""强我"",""强她"",""弱她""]","","","","","","","","match","","","","","","","","","ALT2","moral","","key","f","16.839583333334303","683","380","","好她","","","","f","true","","","match","","img/triangle.png","好她","",""
"null","<span style='color:GreenYellow; font-size: 70px;'>正确! </span>","null","html-keyboard-response","2147","3332692","0.0-10.0-0.1-4.1-0.6-1.283","5","2","5","1","1","5","3","4","4","5","5","0","0","1","2","-2","1","1","2","5","4","5","4","2","1","2","3","4","3","4","6","4","8","3","7","6","5","7","5","5","3","3","6","2","5","2","5","5","1","2","2","5","1","1","5","5","4","6","3","1","2","2","1","1","2","6","2","1","7","1","1","1","1","1","2","1","7","1","3","799230569765543938","仲","102","Female","[""坏我"",""好我"",""好她"",""坏她""]","[""弱我"",""强我"",""强她"",""弱她""]","","","","","","","","","","","","","","","","","","feedback_test","","","","","","","","","","","","","","","","","","","","",""
"658","","f","psychophysics","2148","3334360","0.0-10.0-0.1-4.1-0.6-0.284","5","2","5","1","1","5","3","4","4","5","5","0","0","1","2","-2","1","1","2","5","4","5","4","2","1","2","3","4","3","4","6","4","8","3","7","6","5","7","5","5","3","3","6","2","5","2","5","5","1","2","2","5","1","1","5","5","4","6","3","1","2","2","1","1","2","6","2","1","7","1","1","1","1","1","2","1","7","1","3","799230569765543938","仲","102","Female","[""坏我"",""好我"",""好她"",""坏她""]","[""弱我"",""强我"",""强她"",""弱她""]","","","","","","","","match","","","","","","","","","ALT2","moral","","key","f","16.835714285713337","683","380","","坏她","","","","f","true","","","match","","img/hexagon.png","坏她","",""
"null","<span style='color:GreenYellow; font-size: 70px;'>正确! </span>","null","html-keyboard-response","2149","3334864","0.0-10.0-0.1-4.1-0.6-1.284","5","2","5","1","1","5","3","4","4","5","5","0","0","1","2","-2","1","1","2","5","4","5","4","2","1","2","3","4","3","4","6","4","8","3","7","6","5","7","5","5","3","3","6","2","5","2","5","5","1","2","2","5","1","1","5","5","4","6","3","1","2","2","1","1","2","6","2","1","7","1","1","1","1","1","2","1","7","1","3","799230569765543938","仲","102","Female","[""坏我"",""好我"",""好她"",""坏她""]","[""弱我"",""强我"",""强她"",""弱她""]","","","","","","","","","","","","","","","","","","feedback_test","","","","","","","","","","","","","","","","","","","","",""
"616","","f","psychophysics","2150","3336483","0.0-10.0-0.1-4.1-0.6-0.285","5","2","5","1","1","5","3","4","4","5","5","0","0","1","2","-2","1","1","2","5","4","5","4","2","1","2","3","4","3","4","6","4","8","3","7","6","5","7","5","5","3","3","6","2","5","2","5","5","1","2","2","5","1","1","5","5","4","6","3","1","2","2","1","1","2","6","2","1","7","1","1","1","1","1","2","1","7","1","3","799230569765543938","仲","102","Female","[""坏我"",""好我"",""好她"",""坏她""]","[""弱我"",""强我"",""强她"",""弱她""]","","","","","","","","match","","","","","","","","","ALT2","moral","","key","f","16.664583333331393","683","380","","好我","","","","f","true","","","match","","img/ellipse.png","好我","",""
"null","<span style='color:GreenYellow; font-size: 70px;'>正确! </span>","null","html-keyboard-response","2151","3336986","0.0-10.0-0.1-4.1-0.6-1.285","5","2","5","1","1","5","3","4","4","5","5","0","0","1","2","-2","1","1","2","5","4","5","4","2","1","2","3","4","3","4","6","4","8","3","7","6","5","7","5","5","3","3","6","2","5","2","5","5","1","2","2","5","1","1","5","5","4","6","3","1","2","2","1","1","2","6","2","1","7","1","1","1","1","1","2","1","7","1","3","799230569765543938","仲","102","Female","[""坏我"",""好我"",""好她"",""坏她""]","[""弱我"",""强我"",""强她"",""弱她""]","","","","","","","","","","","","","","","","","","feedback_test","","","","","","","","","","","","","","","","","","","","",""
"716","","j","psychophysics","2152","3338707","0.0-10.0-0.1-4.1-0.6-0.286","5","2","5","1","1","5","3","4","4","5","5","0","0","1","2","-2","1","1","2","5","4","5","4","2","1","2","3","4","3","4","6","4","8","3","7","6","5","7","5","5","3","3","6","2","5","2","5","5","1","2","2","5","1","1","5","5","4","6","3","1","2","2","1","1","2","6","2","1","7","1","1","1","1","1","2","1","7","1","3","799230569765543938","仲","102","Female","[""坏我"",""好我"",""好她"",""坏她""]","[""弱我"",""强我"",""强她"",""弱她""]","","","","","","","","nonmatch","","","","","","","","","ALT2","moral","","key","j","16.666666666666668","683","380","","坏我","","","","j","true","","","nonmatch","","img/ellipse.png","好我","",""
"null","<span style='color:GreenYellow; font-size: 70px;'>正确! </span>","null","html-keyboard-response","2153","3339211","0.0-10.0-0.1-4.1-0.6-1.286","5","2","5","1","1","5","3","4","4","5","5","0","0","1","2","-2","1","1","2","5","4","5","4","2","1","2","3","4","3","4","6","4","8","3","7","6","5","7","5","5","3","3","6","2","5","2","5","5","1","2","2","5","1","1","5","5","4","6","3","1","2","2","1","1","2","6","2","1","7","1","1","1","1","1","2","1","7","1","3","799230569765543938","仲","102","Female","[""坏我"",""好我"",""好她"",""坏她""]","[""弱我"",""强我"",""强她"",""弱她""]","","","","","","","","","","","","","","","","","","feedback_test","","","","","","","","","","","","","","","","","","","","",""
"866","","f","psychophysics","2154","3341080","0.0-10.0-0.1-4.1-0.6-0.287","5","2","5","1","1","5","3","4","4","5","5","0","0","1","2","-2","1","1","2","5","4","5","4","2","1","2","3","4","3","4","6","4","8","3","7","6","5","7","5","5","3","3","6","2","5","2","5","5","1","2","2","5","1","1","5","5","4","6","3","1","2","2","1","1","2","6","2","1","7","1","1","1","1","1","2","1","7","1","3","799230569765543938","仲","102","Female","[""坏我"",""好我"",""好她"",""坏她""]","[""弱我"",""强我"",""强她"",""弱她""]","","","","","","","","match","","","","","","","","","ALT2","moral","","key","f","16.664864864867383","683","380","","坏她","","","","f","true","","","match","","img/hexagon.png","坏她","",""
"null","<span style='color:GreenYellow; font-size: 70px;'>正确! </span>","null","html-keyboard-response","2155","3341586","0.0-10.0-0.1-4.1-0.6-1.287","5","2","5","1","1","5","3","4","4","5","5","0","0","1","2","-2","1","1","2","5","4","5","4","2","1","2","3","4","3","4","6","4","8","3","7","6","5","7","5","5","3","3","6","2","5","2","5","5","1","2","2","5","1","1","5","5","4","6","3","1","2","2","1","1","2","6","2","1","7","1","1","1","1","1","2","1","7","1","3","799230569765543938","仲","102","Female","[""坏我"",""好我"",""好她"",""坏她""]","[""弱我"",""强我"",""强她"",""弱她""]","","","","","","","","","","","","","","","","","","feedback_test","","","","","","","","","","","","","","","","","","","","",""
"693","","j","psychophysics","2156","3343286","0.0-10.0-0.1-4.1-0.6-0.288","5","2","5","1","1","5","3","4","4","5","5","0","0","1","2","-2","1","1","2","5","4","5","4","2","1","2","3","4","3","4","6","4","8","3","7","6","5","7","5","5","3","3","6","2","5","2","5","5","1","2","2","5","1","1","5","5","4","6","3","1","2","2","1","1","2","6","2","1","7","1","1","1","1","1","2","1","7","1","3","799230569765543938","仲","102","Female","[""坏我"",""好我"",""好她"",""坏她""]","[""弱我"",""强我"",""强她"",""弱她""]","","","","","","","","nonmatch","","","","","","","","","ALT2","moral","","key","j","16.666336633666134","683","380","","坏她","","","","j","true","","","nonmatch","","img/triangle.png","好她","",""
"null","<span style='color:GreenYellow; font-size: 70px;'>正确! </span>","null","html-keyboard-response","2157","3343788","0.0-10.0-0.1-4.1-0.6-1.288","5","2","5","1","1","5","3","4","4","5","5","0","0","1","2","-2","1","1","2","5","4","5","4","2","1","2","3","4","3","4","6","4","8","3","7","6","5","7","5","5","3","3","6","2","5","2","5","5","1","2","2","5","1","1","5","5","4","6","3","1","2","2","1","1","2","6","2","1","7","1","1","1","1","1","2","1","7","1","3","799230569765543938","仲","102","Female","[""坏我"",""好我"",""好她"",""坏她""]","[""弱我"",""强我"",""强她"",""弱她""]","","","","","","","","","","","","","","","","","","feedback_test","","","","","","","","","","","","","","","","","","","","",""
"2212","<style>.context{color:white; font-size: 35px; line-height:40px}</style>                            <div><p class='context'>您正确回答了92% 的试次。</p><p class='context'>您的平均反应时为746毫秒。</p><p class='context'>请按空格键进入休息。</p></div>"," ","html-keyboard-response","2158","3346004","0.0-10.0-0.1-4.1-1.6","5","2","5","1","1","5","3","4","4","5","5","0","0","1","2","-2","1","1","2","5","4","5","4","2","1","2","3","4","3","4","6","4","8","3","7","6","5","7","5","5","3","3","6","2","5","2","5","5","1","2","2","5","1","1","5","5","4","6","3","1","2","2","1","1","2","6","2","1","7","1","1","1","1","1","2","1","7","1","3","799230569765543938","仲","102","Female","[""坏我"",""好我"",""好她"",""坏她""]","[""弱我"",""强我"",""强她"",""弱她""]","","","","","","","","","","","","","","","","","","","","","","","","","","","","","","","","","","","","","","",""
"6711","
        <p >您当前还剩余2组实验</p>
        <p >现在是休息时间，当您结束休息后，</p>
        <p >您可以点击 结束休息 按钮 继续。</p>
        <p >建议休息时间还剩余<span id=""iii"">60</span>秒。</p>","0","html-button-response","2159","3352723","0.0-10.0-0.1-4.1-2.6","5","2","5","1","1","5","3","4","4","5","5","0","0","1","2","-2","1","1","2","5","4","5","4","2","1","2","3","4","3","4","6","4","8","3","7","6","5","7","5","5","3","3","6","2","5","2","5","5","1","2","2","5","1","1","5","5","4","6","3","1","2","2","1","1","2","6","2","1","7","1","1","1","1","1","2","1","7","1","3","799230569765543938","仲","102","Female","[""坏我"",""好我"",""好她"",""坏她""]","[""弱我"",""强我"",""强她"",""弱她""]","","","","","","","","","","","","","","","","","","","","","","","","","","","","","","","","","","","","","","",""
"678","","f","psychophysics","2160","3354409","0.0-10.0-0.1-4.1-0.7-0.289","5","2","5","1","1","5","3","4","4","5","5","0","0","1","2","-2","1","1","2","5","4","5","4","2","1","2","3","4","3","4","6","4","8","3","7","6","5","7","5","5","3","3","6","2","5","2","5","5","1","2","2","5","1","1","5","5","4","6","3","1","2","2","1","1","2","6","2","1","7","1","1","1","1","1","2","1","7","1","3","799230569765543938","仲","102","Female","[""坏我"",""好我"",""好她"",""坏她""]","[""弱我"",""强我"",""强她"",""弱她""]","","","","","","","","match","","","","","","","","","ALT2","moral","","key","f","16.834343434344376","683","380","","坏她","","","","f","true","","","match","","img/hexagon.png","坏她","",""
"null","<span style='color:GreenYellow; font-size: 70px;'>正确! </span>","null","html-keyboard-response","2161","3354915","0.0-10.0-0.1-4.1-0.7-1.289","5","2","5","1","1","5","3","4","4","5","5","0","0","1","2","-2","1","1","2","5","4","5","4","2","1","2","3","4","3","4","6","4","8","3","7","6","5","7","5","5","3","3","6","2","5","2","5","5","1","2","2","5","1","1","5","5","4","6","3","1","2","2","1","1","2","6","2","1","7","1","1","1","1","1","2","1","7","1","3","799230569765543938","仲","102","Female","[""坏我"",""好我"",""好她"",""坏她""]","[""弱我"",""强我"",""强她"",""弱她""]","","","","","","","","","","","","","","","","","","feedback_test","","","","","","","","","","","","","","","","","","","","",""
"837","","j","psychophysics","2162","3356754","0.0-10.0-0.1-4.1-0.7-0.290","5","2","5","1","1","5","3","4","4","5","5","0","0","1","2","-2","1","1","2","5","4","5","4","2","1","2","3","4","3","4","6","4","8","3","7","6","5","7","5","5","3","3","6","2","5","2","5","5","1","2","2","5","1","1","5","5","4","6","3","1","2","2","1","1","2","6","2","1","7","1","1","1","1","1","2","1","7","1","3","799230569765543938","仲","102","Female","[""坏我"",""好我"",""好她"",""坏她""]","[""弱我"",""强我"",""强她"",""弱她""]","","","","","","","","nonmatch","","","","","","","","","ALT2","moral","","key","j","16.665137614678898","683","380","","好我","","","","j","true","","","nonmatch","","img/triangle.png","好她","",""
"null","<span style='color:GreenYellow; font-size: 70px;'>正确! </span>","null","html-keyboard-response","2163","3357259","0.0-10.0-0.1-4.1-0.7-1.290","5","2","5","1","1","5","3","4","4","5","5","0","0","1","2","-2","1","1","2","5","4","5","4","2","1","2","3","4","3","4","6","4","8","3","7","6","5","7","5","5","3","3","6","2","5","2","5","5","1","2","2","5","1","1","5","5","4","6","3","1","2","2","1","1","2","6","2","1","7","1","1","1","1","1","2","1","7","1","3","799230569765543938","仲","102","Female","[""坏我"",""好我"",""好她"",""坏她""]","[""弱我"",""强我"",""强她"",""弱她""]","","","","","","","","","","","","","","","","","","feedback_test","","","","","","","","","","","","","","","","","","","","",""
"623","","j","psychophysics","2164","3358887","0.0-10.0-0.1-4.1-0.7-0.291","5","2","5","1","1","5","3","4","4","5","5","0","0","1","2","-2","1","1","2","5","4","5","4","2","1","2","3","4","3","4","6","4","8","3","7","6","5","7","5","5","3","3","6","2","5","2","5","5","1","2","2","5","1","1","5","5","4","6","3","1","2","2","1","1","2","6","2","1","7","1","1","1","1","1","2","1","7","1","3","799230569765543938","仲","102","Female","[""坏我"",""好我"",""好她"",""坏她""]","[""弱我"",""强我"",""强她"",""弱她""]","","","","","","","","nonmatch","","","","","","","","","ALT2","moral","","key","j","16.66597938144426","683","380","","好我","","","","j","true","","","nonmatch","","img/hexagon.png","坏她","",""
"null","<span style='color:GreenYellow; font-size: 70px;'>正确! </span>","null","html-keyboard-response","2165","3359394","0.0-10.0-0.1-4.1-0.7-1.291","5","2","5","1","1","5","3","4","4","5","5","0","0","1","2","-2","1","1","2","5","4","5","4","2","1","2","3","4","3","4","6","4","8","3","7","6","5","7","5","5","3","3","6","2","5","2","5","5","1","2","2","5","1","1","5","5","4","6","3","1","2","2","1","1","2","6","2","1","7","1","1","1","1","1","2","1","7","1","3","799230569765543938","仲","102","Female","[""坏我"",""好我"",""好她"",""坏她""]","[""弱我"",""强我"",""强她"",""弱她""]","","","","","","","","","","","","","","","","","","feedback_test","","","","","","","","","","","","","","","","","","","","",""
"636","","f","psychophysics","2166","3361035","0.0-10.0-0.1-4.1-0.7-0.292","5","2","5","1","1","5","3","4","4","5","5","0","0","1","2","-2","1","1","2","5","4","5","4","2","1","2","3","4","3","4","6","4","8","3","7","6","5","7","5","5","3","3","6","2","5","2","5","5","1","2","2","5","1","1","5","5","4","6","3","1","2","2","1","1","2","6","2","1","7","1","1","1","1","1","2","1","7","1","3","799230569765543938","仲","102","Female","[""坏我"",""好我"",""好她"",""坏她""]","[""弱我"",""强我"",""强她"",""弱她""]","","","","","","","","match","","","","","","","","","ALT2","moral","","key","f","16.66530612245088","683","380","","好我","","","","f","true","","","match","","img/ellipse.png","好我","",""
"null","<span style='color:GreenYellow; font-size: 70px;'>正确! </span>","null","html-keyboard-response","2167","3361542","0.0-10.0-0.1-4.1-0.7-1.292","5","2","5","1","1","5","3","4","4","5","5","0","0","1","2","-2","1","1","2","5","4","5","4","2","1","2","3","4","3","4","6","4","8","3","7","6","5","7","5","5","3","3","6","2","5","2","5","5","1","2","2","5","1","1","5","5","4","6","3","1","2","2","1","1","2","6","2","1","7","1","1","1","1","1","2","1","7","1","3","799230569765543938","仲","102","Female","[""坏我"",""好我"",""好她"",""坏她""]","[""弱我"",""强我"",""强她"",""弱她""]","","","","","","","","","","","","","","","","","","feedback_test","","","","","","","","","","","","","","","","","","","","",""
"687","","j","psychophysics","2168","3363230","0.0-10.0-0.1-4.1-0.7-0.293","5","2","5","1","1","5","3","4","4","5","5","0","0","1","2","-2","1","1","2","5","4","5","4","2","1","2","3","4","3","4","6","4","8","3","7","6","5","7","5","5","3","3","6","2","5","2","5","5","1","2","2","5","1","1","5","5","4","6","3","1","2","2","1","1","2","6","2","1","7","1","1","1","1","1","2","1","7","1","3","799230569765543938","仲","102","Female","[""坏我"",""好我"",""好她"",""坏她""]","[""弱我"",""强我"",""强她"",""弱她""]","","","","","","","","nonmatch","","","","","","","","","ALT2","moral","","key","j","16.666326530610345","683","380","","好她","","","","j","true","","","nonmatch","","img/ellipse.png","好我","",""
"null","<span style='color:GreenYellow; font-size: 70px;'>正确! </span>","null","html-keyboard-response","2169","3363737","0.0-10.0-0.1-4.1-0.7-1.293","5","2","5","1","1","5","3","4","4","5","5","0","0","1","2","-2","1","1","2","5","4","5","4","2","1","2","3","4","3","4","6","4","8","3","7","6","5","7","5","5","3","3","6","2","5","2","5","5","1","2","2","5","1","1","5","5","4","6","3","1","2","2","1","1","2","6","2","1","7","1","1","1","1","1","2","1","7","1","3","799230569765543938","仲","102","Female","[""坏我"",""好我"",""好她"",""坏她""]","[""弱我"",""强我"",""强她"",""弱她""]","","","","","","","","","","","","","","","","","","feedback_test","","","","","","","","","","","","","","","","","","","","",""
"663","","f","psychophysics","2170","3365402","0.0-10.0-0.1-4.1-0.7-0.294","5","2","5","1","1","5","3","4","4","5","5","0","0","1","2","-2","1","1","2","5","4","5","4","2","1","2","3","4","3","4","6","4","8","3","7","6","5","7","5","5","3","3","6","2","5","2","5","5","1","2","2","5","1","1","5","5","4","6","3","1","2","2","1","1","2","6","2","1","7","1","1","1","1","1","2","1","7","1","3","799230569765543938","仲","102","Female","[""坏我"",""好我"",""好她"",""坏她""]","[""弱我"",""强我"",""强她"",""弱她""]","","","","","","","","match","","","","","","","","","ALT2","moral","","key","f","16.664646464644584","683","380","","坏她","","","","f","true","","","match","","img/hexagon.png","坏她","",""
"null","<span style='color:GreenYellow; font-size: 70px;'>正确! </span>","null","html-keyboard-response","2171","3365911","0.0-10.0-0.1-4.1-0.7-1.294","5","2","5","1","1","5","3","4","4","5","5","0","0","1","2","-2","1","1","2","5","4","5","4","2","1","2","3","4","3","4","6","4","8","3","7","6","5","7","5","5","3","3","6","2","5","2","5","5","1","2","2","5","1","1","5","5","4","6","3","1","2","2","1","1","2","6","2","1","7","1","1","1","1","1","2","1","7","1","3","799230569765543938","仲","102","Female","[""坏我"",""好我"",""好她"",""坏她""]","[""弱我"",""强我"",""强她"",""弱她""]","","","","","","","","","","","","","","","","","","feedback_test","","","","","","","","","","","","","","","","","","","","",""
"848","","j","psychophysics","2172","3367765","0.0-10.0-0.1-4.1-0.7-0.295","5","2","5","1","1","5","3","4","4","5","5","0","0","1","2","-2","1","1","2","5","4","5","4","2","1","2","3","4","3","4","6","4","8","3","7","6","5","7","5","5","3","3","6","2","5","2","5","5","1","2","2","5","1","1","5","5","4","6","3","1","2","2","1","1","2","6","2","1","7","1","1","1","1","1","2","1","7","1","3","799230569765543938","仲","102","Female","[""坏我"",""好我"",""好她"",""坏她""]","[""弱我"",""强我"",""强她"",""弱她""]","","","","","","","","nonmatch","","","","","","","","","ALT2","moral","","key","j","16.665740740739878","683","380","","坏她","","","","j","true","","","nonmatch","","img/triangle.png","好她","",""
"null","<span style='color:GreenYellow; font-size: 70px;'>正确! </span>","null","html-keyboard-response","2173","3368271","0.0-10.0-0.1-4.1-0.7-1.295","5","2","5","1","1","5","3","4","4","5","5","0","0","1","2","-2","1","1","2","5","4","5","4","2","1","2","3","4","3","4","6","4","8","3","7","6","5","7","5","5","3","3","6","2","5","2","5","5","1","2","2","5","1","1","5","5","4","6","3","1","2","2","1","1","2","6","2","1","7","1","1","1","1","1","2","1","7","1","3","799230569765543938","仲","102","Female","[""坏我"",""好我"",""好她"",""坏她""]","[""弱我"",""强我"",""强她"",""弱她""]","","","","","","","","","","","","","","","","","","feedback_test","","","","","","","","","","","","","","","","","","","","",""
"692","","j","psychophysics","2174","3369969","0.0-10.0-0.1-4.1-0.7-0.296","5","2","5","1","1","5","3","4","4","5","5","0","0","1","2","-2","1","1","2","5","4","5","4","2","1","2","3","4","3","4","6","4","8","3","7","6","5","7","5","5","3","3","6","2","5","2","5","5","1","2","2","5","1","1","5","5","4","6","3","1","2","2","1","1","2","6","2","1","7","1","1","1","1","1","2","1","7","1","3","799230569765543938","仲","102","Female","[""坏我"",""好我"",""好她"",""坏她""]","[""弱我"",""强我"",""强她"",""弱她""]","","","","","","","","nonmatch","","","","","","","","","ALT2","moral","","key","j","16.667326732672347","683","380","","好我","","","","j","true","","","nonmatch","","img/square.png","坏我","",""
"null","<span style='color:GreenYellow; font-size: 70px;'>正确! </span>","null","html-keyboard-response","2175","3370476","0.0-10.0-0.1-4.1-0.7-1.296","5","2","5","1","1","5","3","4","4","5","5","0","0","1","2","-2","1","1","2","5","4","5","4","2","1","2","3","4","3","4","6","4","8","3","7","6","5","7","5","5","3","3","6","2","5","2","5","5","1","2","2","5","1","1","5","5","4","6","3","1","2","2","1","1","2","6","2","1","7","1","1","1","1","1","2","1","7","1","3","799230569765543938","仲","102","Female","[""坏我"",""好我"",""好她"",""坏她""]","[""弱我"",""强我"",""强她"",""弱她""]","","","","","","","","","","","","","","","","","","feedback_test","","","","","","","","","","","","","","","","","","","","",""
"714","","f","psychophysics","2176","3372196","0.0-10.0-0.1-4.1-0.7-0.297","5","2","5","1","1","5","3","4","4","5","5","0","0","1","2","-2","1","1","2","5","4","5","4","2","1","2","3","4","3","4","6","4","8","3","7","6","5","7","5","5","3","3","6","2","5","2","5","5","1","2","2","5","1","1","5","5","4","6","3","1","2","2","1","1","2","6","2","1","7","1","1","1","1","1","2","1","7","1","3","799230569765543938","仲","102","Female","[""坏我"",""好我"",""好她"",""坏她""]","[""弱我"",""强我"",""强她"",""弱她""]","","","","","","","","match","","","","","","","","","ALT2","moral","","key","f","16.666666666666668","683","380","","好她","","","","f","true","","","match","","img/triangle.png","好她","",""
"null","<span style='color:GreenYellow; font-size: 70px;'>正确! </span>","null","html-keyboard-response","2177","3372701","0.0-10.0-0.1-4.1-0.7-1.297","5","2","5","1","1","5","3","4","4","5","5","0","0","1","2","-2","1","1","2","5","4","5","4","2","1","2","3","4","3","4","6","4","8","3","7","6","5","7","5","5","3","3","6","2","5","2","5","5","1","2","2","5","1","1","5","5","4","6","3","1","2","2","1","1","2","6","2","1","7","1","1","1","1","1","2","1","7","1","3","799230569765543938","仲","102","Female","[""坏我"",""好我"",""好她"",""坏她""]","[""弱我"",""强我"",""强她"",""弱她""]","","","","","","","","","","","","","","","","","","feedback_test","","","","","","","","","","","","","","","","","","","","",""
"722","","j","psychophysics","2178","3374426","0.0-10.0-0.1-4.1-0.7-0.298","5","2","5","1","1","5","3","4","4","5","5","0","0","1","2","-2","1","1","2","5","4","5","4","2","1","2","3","4","3","4","6","4","8","3","7","6","5","7","5","5","3","3","6","2","5","2","5","5","1","2","2","5","1","1","5","5","4","6","3","1","2","2","1","1","2","6","2","1","7","1","1","1","1","1","2","1","7","1","3","799230569765543938","仲","102","Female","[""坏我"",""好我"",""好她"",""坏她""]","[""弱我"",""强我"",""强她"",""弱她""]","","","","","","","","nonmatch","","","","","","","","","ALT2","moral","","key","j","16.666666666666668","683","380","","坏我","","","","j","true","","","nonmatch","","img/hexagon.png","坏她","",""
"null","<span style='color:GreenYellow; font-size: 70px;'>正确! </span>","null","html-keyboard-response","2179","3374933","0.0-10.0-0.1-4.1-0.7-1.298","5","2","5","1","1","5","3","4","4","5","5","0","0","1","2","-2","1","1","2","5","4","5","4","2","1","2","3","4","3","4","6","4","8","3","7","6","5","7","5","5","3","3","6","2","5","2","5","5","1","2","2","5","1","1","5","5","4","6","3","1","2","2","1","1","2","6","2","1","7","1","1","1","1","1","2","1","7","1","3","799230569765543938","仲","102","Female","[""坏我"",""好我"",""好她"",""坏她""]","[""弱我"",""强我"",""强她"",""弱她""]","","","","","","","","","","","","","","","","","","feedback_test","","","","","","","","","","","","","","","","","","","","",""
"1042","","j","psychophysics","2180","3376983","0.0-10.0-0.1-4.1-0.7-0.299","5","2","5","1","1","5","3","4","4","5","5","0","0","1","2","-2","1","1","2","5","4","5","4","2","1","2","3","4","3","4","6","4","8","3","7","6","5","7","5","5","3","3","6","2","5","2","5","5","1","2","2","5","1","1","5","5","4","6","3","1","2","2","1","1","2","6","2","1","7","1","1","1","1","1","2","1","7","1","3","799230569765543938","仲","102","Female","[""坏我"",""好我"",""好她"",""坏她""]","[""弱我"",""强我"",""强她"",""弱她""]","","","","","","","","nonmatch","","","","","","","","","ALT2","moral","","key","j","16.66557377049333","683","380","","坏我","","","","j","true","","","nonmatch","","img/ellipse.png","好我","",""
"null","<span style='color:GreenYellow; font-size: 70px;'>正确! </span>","null","html-keyboard-response","2181","3377487","0.0-10.0-0.1-4.1-0.7-1.299","5","2","5","1","1","5","3","4","4","5","5","0","0","1","2","-2","1","1","2","5","4","5","4","2","1","2","3","4","3","4","6","4","8","3","7","6","5","7","5","5","3","3","6","2","5","2","5","5","1","2","2","5","1","1","5","5","4","6","3","1","2","2","1","1","2","6","2","1","7","1","1","1","1","1","2","1","7","1","3","799230569765543938","仲","102","Female","[""坏我"",""好我"",""好她"",""坏她""]","[""弱我"",""强我"",""强她"",""弱她""]","","","","","","","","","","","","","","","","","","feedback_test","","","","","","","","","","","","","","","","","","","","",""
"843","","j","psychophysics","2182","3379332","0.0-10.0-0.1-4.1-0.7-0.300","5","2","5","1","1","5","3","4","4","5","5","0","0","1","2","-2","1","1","2","5","4","5","4","2","1","2","3","4","3","4","6","4","8","3","7","6","5","7","5","5","3","3","6","2","5","2","5","5","1","2","2","5","1","1","5","5","4","6","3","1","2","2","1","1","2","6","2","1","7","1","1","1","1","1","2","1","7","1","3","799230569765543938","仲","102","Female","[""坏我"",""好我"",""好她"",""坏她""]","[""弱我"",""强我"",""强她"",""弱她""]","","","","","","","","nonmatch","","","","","","","","","ALT2","moral","","key","j","16.66605504586814","683","380","","好她","","","","j","true","","","nonmatch","","img/hexagon.png","坏她","",""
"null","<span style='color:GreenYellow; font-size: 70px;'>正确! </span>","null","html-keyboard-response","2183","3379837","0.0-10.0-0.1-4.1-0.7-1.300","5","2","5","1","1","5","3","4","4","5","5","0","0","1","2","-2","1","1","2","5","4","5","4","2","1","2","3","4","3","4","6","4","8","3","7","6","5","7","5","5","3","3","6","2","5","2","5","5","1","2","2","5","1","1","5","5","4","6","3","1","2","2","1","1","2","6","2","1","7","1","1","1","1","1","2","1","7","1","3","799230569765543938","仲","102","Female","[""坏我"",""好我"",""好她"",""坏她""]","[""弱我"",""强我"",""强她"",""弱她""]","","","","","","","","","","","","","","","","","","feedback_test","","","","","","","","","","","","","","","","","","","","",""
"764","","f","psychophysics","2184","3381605","0.0-10.0-0.1-4.1-0.7-0.301","5","2","5","1","1","5","3","4","4","5","5","0","0","1","2","-2","1","1","2","5","4","5","4","2","1","2","3","4","3","4","6","4","8","3","7","6","5","7","5","5","3","3","6","2","5","2","5","5","1","2","2","5","1","1","5","5","4","6","3","1","2","2","1","1","2","6","2","1","7","1","1","1","1","1","2","1","7","1","3","799230569765543938","仲","102","Female","[""坏我"",""好我"",""好她"",""坏她""]","[""弱我"",""强我"",""强她"",""弱她""]","","","","","","","","match","","","","","","","","","ALT2","moral","","key","f","16.6657142857134","683","380","","坏我","","","","f","true","","","match","","img/square.png","坏我","",""
"null","<span style='color:GreenYellow; font-size: 70px;'>正确! </span>","null","html-keyboard-response","2185","3382109","0.0-10.0-0.1-4.1-0.7-1.301","5","2","5","1","1","5","3","4","4","5","5","0","0","1","2","-2","1","1","2","5","4","5","4","2","1","2","3","4","3","4","6","4","8","3","7","6","5","7","5","5","3","3","6","2","5","2","5","5","1","2","2","5","1","1","5","5","4","6","3","1","2","2","1","1","2","6","2","1","7","1","1","1","1","1","2","1","7","1","3","799230569765543938","仲","102","Female","[""坏我"",""好我"",""好她"",""坏她""]","[""弱我"",""强我"",""强她"",""弱她""]","","","","","","","","","","","","","","","","","","feedback_test","","","","","","","","","","","","","","","","","","","","",""
"507","","f","psychophysics","2186","3383621","0.0-10.0-0.1-4.1-0.7-0.302","5","2","5","1","1","5","3","4","4","5","5","0","0","1","2","-2","1","1","2","5","4","5","4","2","1","2","3","4","3","4","6","4","8","3","7","6","5","7","5","5","3","3","6","2","5","2","5","5","1","2","2","5","1","1","5","5","4","6","3","1","2","2","1","1","2","6","2","1","7","1","1","1","1","1","2","1","7","1","3","799230569765543938","仲","102","Female","[""坏我"",""好我"",""好她"",""坏她""]","[""弱我"",""强我"",""强她"",""弱她""]","","","","","","","","match","","","","","","","","","ALT2","moral","","key","f","16.664444444442374","683","380","","坏我","","","","f","true","","","match","","img/square.png","坏我","",""
"null","<span style='color:GreenYellow; font-size: 70px;'>正确! </span>","null","html-keyboard-response","2187","3384123","0.0-10.0-0.1-4.1-0.7-1.302","5","2","5","1","1","5","3","4","4","5","5","0","0","1","2","-2","1","1","2","5","4","5","4","2","1","2","3","4","3","4","6","4","8","3","7","6","5","7","5","5","3","3","6","2","5","2","5","5","1","2","2","5","1","1","5","5","4","6","3","1","2","2","1","1","2","6","2","1","7","1","1","1","1","1","2","1","7","1","3","799230569765543938","仲","102","Female","[""坏我"",""好我"",""好她"",""坏她""]","[""弱我"",""强我"",""强她"",""弱她""]","","","","","","","","","","","","","","","","","","feedback_test","","","","","","","","","","","","","","","","","","","","",""
"698","","f","psychophysics","2188","3385829","0.0-10.0-0.1-4.1-0.7-0.303","5","2","5","1","1","5","3","4","4","5","5","0","0","1","2","-2","1","1","2","5","4","5","4","2","1","2","3","4","3","4","6","4","8","3","7","6","5","7","5","5","3","3","6","2","5","2","5","5","1","2","2","5","1","1","5","5","4","6","3","1","2","2","1","1","2","6","2","1","7","1","1","1","1","1","2","1","7","1","3","799230569765543938","仲","102","Female","[""坏我"",""好我"",""好她"",""坏她""]","[""弱我"",""强我"",""强她"",""弱她""]","","","","","","","","match","","","","","","","","","ALT2","moral","","key","f","16.6653465346507","683","380","","好她","","","","f","true","","","match","","img/triangle.png","好她","",""
"null","<span style='color:GreenYellow; font-size: 70px;'>正确! </span>","null","html-keyboard-response","2189","3386333","0.0-10.0-0.1-4.1-0.7-1.303","5","2","5","1","1","5","3","4","4","5","5","0","0","1","2","-2","1","1","2","5","4","5","4","2","1","2","3","4","3","4","6","4","8","3","7","6","5","7","5","5","3","3","6","2","5","2","5","5","1","2","2","5","1","1","5","5","4","6","3","1","2","2","1","1","2","6","2","1","7","1","1","1","1","1","2","1","7","1","3","799230569765543938","仲","102","Female","[""坏我"",""好我"",""好她"",""坏她""]","[""弱我"",""强我"",""强她"",""弱她""]","","","","","","","","","","","","","","","","","","feedback_test","","","","","","","","","","","","","","","","","","","","",""
"891","","j","psychophysics","2190","3388227","0.0-10.0-0.1-4.1-0.7-0.304","5","2","5","1","1","5","3","4","4","5","5","0","0","1","2","-2","1","1","2","5","4","5","4","2","1","2","3","4","3","4","6","4","8","3","7","6","5","7","5","5","3","3","6","2","5","2","5","5","1","2","2","5","1","1","5","5","4","6","3","1","2","2","1","1","2","6","2","1","7","1","1","1","1","1","2","1","7","1","3","799230569765543938","仲","102","Female","[""坏我"",""好我"",""好她"",""坏她""]","[""弱我"",""强我"",""强她"",""弱她""]","","","","","","","","nonmatch","","","","","","","","","ALT2","moral","","key","j","16.666071428568102","683","380","","坏她","","","","j","true","","","nonmatch","","img/ellipse.png","好我","",""
"null","<span style='color:GreenYellow; font-size: 70px;'>正确! </span>","null","html-keyboard-response","2191","3388733","0.0-10.0-0.1-4.1-0.7-1.304","5","2","5","1","1","5","3","4","4","5","5","0","0","1","2","-2","1","1","2","5","4","5","4","2","1","2","3","4","3","4","6","4","8","3","7","6","5","7","5","5","3","3","6","2","5","2","5","5","1","2","2","5","1","1","5","5","4","6","3","1","2","2","1","1","2","6","2","1","7","1","1","1","1","1","2","1","7","1","3","799230569765543938","仲","102","Female","[""坏我"",""好我"",""好她"",""坏她""]","[""弱我"",""强我"",""强她"",""弱她""]","","","","","","","","","","","","","","","","","","feedback_test","","","","","","","","","","","","","","","","","","","","",""
"747","","f","psychophysics","2192","3390485","0.0-10.0-0.1-4.1-0.7-0.305","5","2","5","1","1","5","3","4","4","5","5","0","0","1","2","-2","1","1","2","5","4","5","4","2","1","2","3","4","3","4","6","4","8","3","7","6","5","7","5","5","3","3","6","2","5","2","5","5","1","2","2","5","1","1","5","5","4","6","3","1","2","2","1","1","2","6","2","1","7","1","1","1","1","1","2","1","7","1","3","799230569765543938","仲","102","Female","[""坏我"",""好我"",""好她"",""坏她""]","[""弱我"",""强我"",""强她"",""弱她""]","","","","","","","","match","","","","","","","","","ALT2","moral","","key","f","16.666346153844362","683","380","","坏我","","","","f","true","","","match","","img/square.png","坏我","",""
"null","<span style='color:GreenYellow; font-size: 70px;'>正确! </span>","null","html-keyboard-response","2193","3390991","0.0-10.0-0.1-4.1-0.7-1.305","5","2","5","1","1","5","3","4","4","5","5","0","0","1","2","-2","1","1","2","5","4","5","4","2","1","2","3","4","3","4","6","4","8","3","7","6","5","7","5","5","3","3","6","2","5","2","5","5","1","2","2","5","1","1","5","5","4","6","3","1","2","2","1","1","2","6","2","1","7","1","1","1","1","1","2","1","7","1","3","799230569765543938","仲","102","Female","[""坏我"",""好我"",""好她"",""坏她""]","[""弱我"",""强我"",""强她"",""弱她""]","","","","","","","","","","","","","","","","","","feedback_test","","","","","","","","","","","","","","","","","","","","",""
"845","","f","psychophysics","2194","3392838","0.0-10.0-0.1-4.1-0.7-0.306","5","2","5","1","1","5","3","4","4","5","5","0","0","1","2","-2","1","1","2","5","4","5","4","2","1","2","3","4","3","4","6","4","8","3","7","6","5","7","5","5","3","3","6","2","5","2","5","5","1","2","2","5","1","1","5","5","4","6","3","1","2","2","1","1","2","6","2","1","7","1","1","1","1","1","2","1","7","1","3","799230569765543938","仲","102","Female","[""坏我"",""好我"",""好她"",""坏她""]","[""弱我"",""强我"",""强她"",""弱她""]","","","","","","","","match","","","","","","","","","ALT2","moral","","key","f","16.66545454545624","683","380","","坏她","","","","f","true","","","match","","img/hexagon.png","坏她","",""
"null","<span style='color:GreenYellow; font-size: 70px;'>正确! </span>","null","html-keyboard-response","2195","3393347","0.0-10.0-0.1-4.1-0.7-1.306","5","2","5","1","1","5","3","4","4","5","5","0","0","1","2","-2","1","1","2","5","4","5","4","2","1","2","3","4","3","4","6","4","8","3","7","6","5","7","5","5","3","3","6","2","5","2","5","5","1","2","2","5","1","1","5","5","4","6","3","1","2","2","1","1","2","6","2","1","7","1","1","1","1","1","2","1","7","1","3","799230569765543938","仲","102","Female","[""坏我"",""好我"",""好她"",""坏她""]","[""弱我"",""强我"",""强她"",""弱她""]","","","","","","","","","","","","","","","","","","feedback_test","","","","","","","","","","","","","","","","","","","","",""
"600","","f","psychophysics","2196","3394948","0.0-10.0-0.1-4.1-0.7-0.307","5","2","5","1","1","5","3","4","4","5","5","0","0","1","2","-2","1","1","2","5","4","5","4","2","1","2","3","4","3","4","6","4","8","3","7","6","5","7","5","5","3","3","6","2","5","2","5","5","1","2","2","5","1","1","5","5","4","6","3","1","2","2","1","1","2","6","2","1","7","1","1","1","1","1","2","1","7","1","3","799230569765543938","仲","102","Female","[""坏我"",""好我"",""好她"",""坏她""]","[""弱我"",""强我"",""强她"",""弱她""]","","","","","","","","match","","","","","","","","","ALT2","moral","","key","f","16.6659574468095","683","380","","好她","","","","f","true","","","match","","img/triangle.png","好她","",""
"null","<span style='color:GreenYellow; font-size: 70px;'>正确! </span>","null","html-keyboard-response","2197","3395454","0.0-10.0-0.1-4.1-0.7-1.307","5","2","5","1","1","5","3","4","4","5","5","0","0","1","2","-2","1","1","2","5","4","5","4","2","1","2","3","4","3","4","6","4","8","3","7","6","5","7","5","5","3","3","6","2","5","2","5","5","1","2","2","5","1","1","5","5","4","6","3","1","2","2","1","1","2","6","2","1","7","1","1","1","1","1","2","1","7","1","3","799230569765543938","仲","102","Female","[""坏我"",""好我"",""好她"",""坏她""]","[""弱我"",""强我"",""强她"",""弱她""]","","","","","","","","","","","","","","","","","","feedback_test","","","","","","","","","","","","","","","","","","","","",""
"588","","f","psychophysics","2198","3397045","0.0-10.0-0.1-4.1-0.7-0.308","5","2","5","1","1","5","3","4","4","5","5","0","0","1","2","-2","1","1","2","5","4","5","4","2","1","2","3","4","3","4","6","4","8","3","7","6","5","7","5","5","3","3","6","2","5","2","5","5","1","2","2","5","1","1","5","5","4","6","3","1","2","2","1","1","2","6","2","1","7","1","1","1","1","1","2","1","7","1","3","799230569765543938","仲","102","Female","[""坏我"",""好我"",""好她"",""坏她""]","[""弱我"",""强我"",""强她"",""弱她""]","","","","","","","","match","","","","","","","","","ALT2","moral","","key","f","16.664893617021278","683","380","","好我","","","","f","true","","","match","","img/ellipse.png","好我","",""
"null","<span style='color:GreenYellow; font-size: 70px;'>正确! </span>","null","html-keyboard-response","2199","3397550","0.0-10.0-0.1-4.1-0.7-1.308","5","2","5","1","1","5","3","4","4","5","5","0","0","1","2","-2","1","1","2","5","4","5","4","2","1","2","3","4","3","4","6","4","8","3","7","6","5","7","5","5","3","3","6","2","5","2","5","5","1","2","2","5","1","1","5","5","4","6","3","1","2","2","1","1","2","6","2","1","7","1","1","1","1","1","2","1","7","1","3","799230569765543938","仲","102","Female","[""坏我"",""好我"",""好她"",""坏她""]","[""弱我"",""强我"",""强她"",""弱她""]","","","","","","","","","","","","","","","","","","feedback_test","","","","","","","","","","","","","","","","","","","","",""
"960","","j","psychophysics","2200","3399516","0.0-10.0-0.1-4.1-0.7-0.309","5","2","5","1","1","5","3","4","4","5","5","0","0","1","2","-2","1","1","2","5","4","5","4","2","1","2","3","4","3","4","6","4","8","3","7","6","5","7","5","5","3","3","6","2","5","2","5","5","1","2","2","5","1","1","5","5","4","6","3","1","2","2","1","1","2","6","2","1","7","1","1","1","1","1","2","1","7","1","3","799230569765543938","仲","102","Female","[""坏我"",""好我"",""好她"",""坏她""]","[""弱我"",""强我"",""强她"",""弱她""]","","","","","","","","nonmatch","","","","","","","","","ALT2","moral","","key","j","16.66581196581117","683","380","","坏我","","","","j","true","","","nonmatch","","img/triangle.png","好她","",""
"null","<span style='color:GreenYellow; font-size: 70px;'>正确! </span>","null","html-keyboard-response","2201","3400018","0.0-10.0-0.1-4.1-0.7-1.309","5","2","5","1","1","5","3","4","4","5","5","0","0","1","2","-2","1","1","2","5","4","5","4","2","1","2","3","4","3","4","6","4","8","3","7","6","5","7","5","5","3","3","6","2","5","2","5","5","1","2","2","5","1","1","5","5","4","6","3","1","2","2","1","1","2","6","2","1","7","1","1","1","1","1","2","1","7","1","3","799230569765543938","仲","102","Female","[""坏我"",""好我"",""好她"",""坏她""]","[""弱我"",""强我"",""强她"",""弱她""]","","","","","","","","","","","","","","","","","","feedback_test","","","","","","","","","","","","","","","","","","","","",""
"826","","j","psychophysics","2202","3401848","0.0-10.0-0.1-4.1-0.7-0.310","5","2","5","1","1","5","3","4","4","5","5","0","0","1","2","-2","1","1","2","5","4","5","4","2","1","2","3","4","3","4","6","4","8","3","7","6","5","7","5","5","3","3","6","2","5","2","5","5","1","2","2","5","1","1","5","5","4","6","3","1","2","2","1","1","2","6","2","1","7","1","1","1","1","1","2","1","7","1","3","799230569765543938","仲","102","Female","[""坏我"",""好我"",""好她"",""坏她""]","[""弱我"",""强我"",""强她"",""弱她""]","","","","","","","","nonmatch","","","","","","","","","ALT2","moral","","key","j","16.66481481481309","683","380","","好她","","","","j","true","","","nonmatch","","img/square.png","坏我","",""
"null","<span style='color:GreenYellow; font-size: 70px;'>正确! </span>","null","html-keyboard-response","2203","3402355","0.0-10.0-0.1-4.1-0.7-1.310","5","2","5","1","1","5","3","4","4","5","5","0","0","1","2","-2","1","1","2","5","4","5","4","2","1","2","3","4","3","4","6","4","8","3","7","6","5","7","5","5","3","3","6","2","5","2","5","5","1","2","2","5","1","1","5","5","4","6","3","1","2","2","1","1","2","6","2","1","7","1","1","1","1","1","2","1","7","1","3","799230569765543938","仲","102","Female","[""坏我"",""好我"",""好她"",""坏她""]","[""弱我"",""强我"",""强她"",""弱她""]","","","","","","","","","","","","","","","","","","feedback_test","","","","","","","","","","","","","","","","","","","","",""
"670","","f","psychophysics","2204","3404027","0.0-10.0-0.1-4.1-0.7-0.311","5","2","5","1","1","5","3","4","4","5","5","0","0","1","2","-2","1","1","2","5","4","5","4","2","1","2","3","4","3","4","6","4","8","3","7","6","5","7","5","5","3","3","6","2","5","2","5","5","1","2","2","5","1","1","5","5","4","6","3","1","2","2","1","1","2","6","2","1","7","1","1","1","1","1","2","1","7","1","3","799230569765543938","仲","102","Female","[""坏我"",""好我"",""好她"",""坏她""]","[""弱我"",""强我"",""强她"",""弱她""]","","","","","","","","match","","","","","","","","","ALT2","moral","","key","f","16.664646464644584","683","380","","好我","","","","f","true","","","match","","img/ellipse.png","好我","",""
"null","<span style='color:GreenYellow; font-size: 70px;'>正确! </span>","null","html-keyboard-response","2205","3404536","0.0-10.0-0.1-4.1-0.7-1.311","5","2","5","1","1","5","3","4","4","5","5","0","0","1","2","-2","1","1","2","5","4","5","4","2","1","2","3","4","3","4","6","4","8","3","7","6","5","7","5","5","3","3","6","2","5","2","5","5","1","2","2","5","1","1","5","5","4","6","3","1","2","2","1","1","2","6","2","1","7","1","1","1","1","1","2","1","7","1","3","799230569765543938","仲","102","Female","[""坏我"",""好我"",""好她"",""坏她""]","[""弱我"",""强我"",""强她"",""弱她""]","","","","","","","","","","","","","","","","","","feedback_test","","","","","","","","","","","","","","","","","","","","",""
"775","","j","psychophysics","2206","3406312","0.0-10.0-0.1-4.1-0.7-0.312","5","2","5","1","1","5","3","4","4","5","5","0","0","1","2","-2","1","1","2","5","4","5","4","2","1","2","3","4","3","4","6","4","8","3","7","6","5","7","5","5","3","3","6","2","5","2","5","5","1","2","2","5","1","1","5","5","4","6","3","1","2","2","1","1","2","6","2","1","7","1","1","1","1","1","2","1","7","1","3","799230569765543938","仲","102","Female","[""坏我"",""好我"",""好她"",""坏她""]","[""弱我"",""强我"",""强她"",""弱她""]","","","","","","","","nonmatch","","","","","","","","","ALT2","moral","","key","j","16.666666666666668","683","380","","坏她","","","","j","true","","","nonmatch","","img/square.png","坏我","",""
"null","<span style='color:GreenYellow; font-size: 70px;'>正确! </span>","null","html-keyboard-response","2207","3406822","0.0-10.0-0.1-4.1-0.7-1.312","5","2","5","1","1","5","3","4","4","5","5","0","0","1","2","-2","1","1","2","5","4","5","4","2","1","2","3","4","3","4","6","4","8","3","7","6","5","7","5","5","3","3","6","2","5","2","5","5","1","2","2","5","1","1","5","5","4","6","3","1","2","2","1","1","2","6","2","1","7","1","1","1","1","1","2","1","7","1","3","799230569765543938","仲","102","Female","[""坏我"",""好我"",""好她"",""坏她""]","[""弱我"",""强我"",""强她"",""弱她""]","","","","","","","","","","","","","","","","","","feedback_test","","","","","","","","","","","","","","","","","","","","",""
"622","","f","psychophysics","2208","3408450","0.0-10.0-0.1-4.1-0.7-0.313","5","2","5","1","1","5","3","4","4","5","5","0","0","1","2","-2","1","1","2","5","4","5","4","2","1","2","3","4","3","4","6","4","8","3","7","6","5","7","5","5","3","3","6","2","5","2","5","5","1","2","2","5","1","1","5","5","4","6","3","1","2","2","1","1","2","6","2","1","7","1","1","1","1","1","2","1","7","1","3","799230569765543938","仲","102","Female","[""坏我"",""好我"",""好她"",""坏她""]","[""弱我"",""强我"",""强她"",""弱她""]","","","","","","","","match","","","","","","","","","ALT2","moral","","key","f","16.66597938144426","683","380","","坏她","","","","f","true","","","match","","img/hexagon.png","坏她","",""
"null","<span style='color:GreenYellow; font-size: 70px;'>正确! </span>","null","html-keyboard-response","2209","3408958","0.0-10.0-0.1-4.1-0.7-1.313","5","2","5","1","1","5","3","4","4","5","5","0","0","1","2","-2","1","1","2","5","4","5","4","2","1","2","3","4","3","4","6","4","8","3","7","6","5","7","5","5","3","3","6","2","5","2","5","5","1","2","2","5","1","1","5","5","4","6","3","1","2","2","1","1","2","6","2","1","7","1","1","1","1","1","2","1","7","1","3","799230569765543938","仲","102","Female","[""坏我"",""好我"",""好她"",""坏她""]","[""弱我"",""强我"",""强她"",""弱她""]","","","","","","","","","","","","","","","","","","feedback_test","","","","","","","","","","","","","","","","","","","","",""
"850","","j","psychophysics","2210","3410812","0.0-10.0-0.1-4.1-0.7-0.314","5","2","5","1","1","5","3","4","4","5","5","0","0","1","2","-2","1","1","2","5","4","5","4","2","1","2","3","4","3","4","6","4","8","3","7","6","5","7","5","5","3","3","6","2","5","2","5","5","1","2","2","5","1","1","5","5","4","6","3","1","2","2","1","1","2","6","2","1","7","1","1","1","1","1","2","1","7","1","3","799230569765543938","仲","102","Female","[""坏我"",""好我"",""好她"",""坏她""]","[""弱我"",""强我"",""强她"",""弱她""]","","","","","","","","nonmatch","","","","","","","","","ALT2","moral","","key","j","16.6645454545463","683","380","","好她","","","","j","true","","","nonmatch","","img/hexagon.png","坏她","",""
"null","<span style='color:GreenYellow; font-size: 70px;'>正确! </span>","null","html-keyboard-response","2211","3411320","0.0-10.0-0.1-4.1-0.7-1.314","5","2","5","1","1","5","3","4","4","5","5","0","0","1","2","-2","1","1","2","5","4","5","4","2","1","2","3","4","3","4","6","4","8","3","7","6","5","7","5","5","3","3","6","2","5","2","5","5","1","2","2","5","1","1","5","5","4","6","3","1","2","2","1","1","2","6","2","1","7","1","1","1","1","1","2","1","7","1","3","799230569765543938","仲","102","Female","[""坏我"",""好我"",""好她"",""坏她""]","[""弱我"",""强我"",""强她"",""弱她""]","","","","","","","","","","","","","","","","","","feedback_test","","","","","","","","","","","","","","","","","","","","",""
"717","","j","psychophysics","2212","3413042","0.0-10.0-0.1-4.1-0.7-0.315","5","2","5","1","1","5","3","4","4","5","5","0","0","1","2","-2","1","1","2","5","4","5","4","2","1","2","3","4","3","4","6","4","8","3","7","6","5","7","5","5","3","3","6","2","5","2","5","5","1","2","2","5","1","1","5","5","4","6","3","1","2","2","1","1","2","6","2","1","7","1","1","1","1","1","2","1","7","1","3","799230569765543938","仲","102","Female","[""坏我"",""好我"",""好她"",""坏她""]","[""弱我"",""强我"",""强她"",""弱她""]","","","","","","","","nonmatch","","","","","","","","","ALT2","moral","","key","j","16.66568627450889","683","380","","坏我","","","","j","true","","","nonmatch","","img/triangle.png","好她","",""
"null","<span style='color:GreenYellow; font-size: 70px;'>正确! </span>","null","html-keyboard-response","2213","3413546","0.0-10.0-0.1-4.1-0.7-1.315","5","2","5","1","1","5","3","4","4","5","5","0","0","1","2","-2","1","1","2","5","4","5","4","2","1","2","3","4","3","4","6","4","8","3","7","6","5","7","5","5","3","3","6","2","5","2","5","5","1","2","2","5","1","1","5","5","4","6","3","1","2","2","1","1","2","6","2","1","7","1","1","1","1","1","2","1","7","1","3","799230569765543938","仲","102","Female","[""坏我"",""好我"",""好她"",""坏她""]","[""弱我"",""强我"",""强她"",""弱她""]","","","","","","","","","","","","","","","","","","feedback_test","","","","","","","","","","","","","","","","","","","","",""
"647","","f","psychophysics","2214","3415199","0.0-10.0-0.1-4.1-0.7-0.316","5","2","5","1","1","5","3","4","4","5","5","0","0","1","2","-2","1","1","2","5","4","5","4","2","1","2","3","4","3","4","6","4","8","3","7","6","5","7","5","5","3","3","6","2","5","2","5","5","1","2","2","5","1","1","5","5","4","6","3","1","2","2","1","1","2","6","2","1","7","1","1","1","1","1","2","1","7","1","3","799230569765543938","仲","102","Female","[""坏我"",""好我"",""好她"",""坏她""]","[""弱我"",""强我"",""强她"",""弱她""]","","","","","","","","match","","","","","","","","","ALT2","moral","","key","f","16.666326530610345","683","380","","坏我","","","","f","true","","","match","","img/square.png","坏我","",""
"null","<span style='color:GreenYellow; font-size: 70px;'>正确! </span>","null","html-keyboard-response","2215","3415704","0.0-10.0-0.1-4.1-0.7-1.316","5","2","5","1","1","5","3","4","4","5","5","0","0","1","2","-2","1","1","2","5","4","5","4","2","1","2","3","4","3","4","6","4","8","3","7","6","5","7","5","5","3","3","6","2","5","2","5","5","1","2","2","5","1","1","5","5","4","6","3","1","2","2","1","1","2","6","2","1","7","1","1","1","1","1","2","1","7","1","3","799230569765543938","仲","102","Female","[""坏我"",""好我"",""好她"",""坏她""]","[""弱我"",""强我"",""强她"",""弱她""]","","","","","","","","","","","","","","","","","","feedback_test","","","","","","","","","","","","","","","","","","","","",""
"815","","j","psychophysics","2216","3417527","0.0-10.0-0.1-4.1-0.7-0.317","5","2","5","1","1","5","3","4","4","5","5","0","0","1","2","-2","1","1","2","5","4","5","4","2","1","2","3","4","3","4","6","4","8","3","7","6","5","7","5","5","3","3","6","2","5","2","5","5","1","2","2","5","1","1","5","5","4","6","3","1","2","2","1","1","2","6","2","1","7","1","1","1","1","1","2","1","7","1","3","799230569765543938","仲","102","Female","[""坏我"",""好我"",""好她"",""坏她""]","[""弱我"",""强我"",""强她"",""弱她""]","","","","","","","","nonmatch","","","","","","","","","ALT2","moral","","key","j","16.66481481481309","683","380","","好我","","","","j","true","","","nonmatch","","img/hexagon.png","坏她","",""
"null","<span style='color:GreenYellow; font-size: 70px;'>正确! </span>","null","html-keyboard-response","2217","3418036","0.0-10.0-0.1-4.1-0.7-1.317","5","2","5","1","1","5","3","4","4","5","5","0","0","1","2","-2","1","1","2","5","4","5","4","2","1","2","3","4","3","4","6","4","8","3","7","6","5","7","5","5","3","3","6","2","5","2","5","5","1","2","2","5","1","1","5","5","4","6","3","1","2","2","1","1","2","6","2","1","7","1","1","1","1","1","2","1","7","1","3","799230569765543938","仲","102","Female","[""坏我"",""好我"",""好她"",""坏她""]","[""弱我"",""强我"",""强她"",""弱她""]","","","","","","","","","","","","","","","","","","feedback_test","","","","","","","","","","","","","","","","","","","","",""
"649","","f","psychophysics","2218","3419689","0.0-10.0-0.1-4.1-0.7-0.318","5","2","5","1","1","5","3","4","4","5","5","0","0","1","2","-2","1","1","2","5","4","5","4","2","1","2","3","4","3","4","6","4","8","3","7","6","5","7","5","5","3","3","6","2","5","2","5","5","1","2","2","5","1","1","5","5","4","6","3","1","2","2","1","1","2","6","2","1","7","1","1","1","1","1","2","1","7","1","3","799230569765543938","仲","102","Female","[""坏我"",""好我"",""好她"",""坏她""]","[""弱我"",""强我"",""强她"",""弱她""]","","","","","","","","match","","","","","","","","","ALT2","moral","","key","f","16.66597938144426","683","380","","好她","","","","f","true","","","match","","img/triangle.png","好她","",""
"null","<span style='color:GreenYellow; font-size: 70px;'>正确! </span>","null","html-keyboard-response","2219","3420194","0.0-10.0-0.1-4.1-0.7-1.318","5","2","5","1","1","5","3","4","4","5","5","0","0","1","2","-2","1","1","2","5","4","5","4","2","1","2","3","4","3","4","6","4","8","3","7","6","5","7","5","5","3","3","6","2","5","2","5","5","1","2","2","5","1","1","5","5","4","6","3","1","2","2","1","1","2","6","2","1","7","1","1","1","1","1","2","1","7","1","3","799230569765543938","仲","102","Female","[""坏我"",""好我"",""好她"",""坏她""]","[""弱我"",""强我"",""强她"",""弱她""]","","","","","","","","","","","","","","","","","","feedback_test","","","","","","","","","","","","","","","","","","","","",""
"673","","j","psychophysics","2220","3421872","0.0-10.0-0.1-4.1-0.7-0.319","5","2","5","1","1","5","3","4","4","5","5","0","0","1","2","-2","1","1","2","5","4","5","4","2","1","2","3","4","3","4","6","4","8","3","7","6","5","7","5","5","3","3","6","2","5","2","5","5","1","2","2","5","1","1","5","5","4","6","3","1","2","2","1","1","2","6","2","1","7","1","1","1","1","1","2","1","7","1","3","799230569765543938","仲","102","Female","[""坏我"",""好我"",""好她"",""坏她""]","[""弱我"",""强我"",""强她"",""弱她""]","","","","","","","","nonmatch","","","","","","","","","ALT2","moral","","key","j","16.664646464649287","683","380","","好她","","","","j","true","","","nonmatch","","img/square.png","坏我","",""
"null","<span style='color:GreenYellow; font-size: 70px;'>正确! </span>","null","html-keyboard-response","2221","3422377","0.0-10.0-0.1-4.1-0.7-1.319","5","2","5","1","1","5","3","4","4","5","5","0","0","1","2","-2","1","1","2","5","4","5","4","2","1","2","3","4","3","4","6","4","8","3","7","6","5","7","5","5","3","3","6","2","5","2","5","5","1","2","2","5","1","1","5","5","4","6","3","1","2","2","1","1","2","6","2","1","7","1","1","1","1","1","2","1","7","1","3","799230569765543938","仲","102","Female","[""坏我"",""好我"",""好她"",""坏她""]","[""弱我"",""强我"",""强她"",""弱她""]","","","","","","","","","","","","","","","","","","feedback_test","","","","","","","","","","","","","","","","","","","","",""
"599","","j","psychophysics","2222","3423980","0.0-10.0-0.1-4.1-0.7-0.320","5","2","5","1","1","5","3","4","4","5","5","0","0","1","2","-2","1","1","2","5","4","5","4","2","1","2","3","4","3","4","6","4","8","3","7","6","5","7","5","5","3","3","6","2","5","2","5","5","1","2","2","5","1","1","5","5","4","6","3","1","2","2","1","1","2","6","2","1","7","1","1","1","1","1","2","1","7","1","3","799230569765543938","仲","102","Female","[""坏我"",""好我"",""好她"",""坏她""]","[""弱我"",""强我"",""强她"",""弱她""]","","","","","","","","nonmatch","","","","","","","","","ALT2","moral","","key","j","16.665263157891797","683","380","","坏她","","","","j","true","","","nonmatch","","img/triangle.png","好她","",""
"null","<span style='color:GreenYellow; font-size: 70px;'>正确! </span>","null","html-keyboard-response","2223","3424484","0.0-10.0-0.1-4.1-0.7-1.320","5","2","5","1","1","5","3","4","4","5","5","0","0","1","2","-2","1","1","2","5","4","5","4","2","1","2","3","4","3","4","6","4","8","3","7","6","5","7","5","5","3","3","6","2","5","2","5","5","1","2","2","5","1","1","5","5","4","6","3","1","2","2","1","1","2","6","2","1","7","1","1","1","1","1","2","1","7","1","3","799230569765543938","仲","102","Female","[""坏我"",""好我"",""好她"",""坏她""]","[""弱我"",""强我"",""强她"",""弱她""]","","","","","","","","","","","","","","","","","","feedback_test","","","","","","","","","","","","","","","","","","","","",""
"606","","f","psychophysics","2224","3426096","0.0-10.0-0.1-4.1-0.7-0.321","5","2","5","1","1","5","3","4","4","5","5","0","0","1","2","-2","1","1","2","5","4","5","4","2","1","2","3","4","3","4","6","4","8","3","7","6","5","7","5","5","3","3","6","2","5","2","5","5","1","2","2","5","1","1","5","5","4","6","3","1","2","2","1","1","2","6","2","1","7","1","1","1","1","1","2","1","7","1","3","799230569765543938","仲","102","Female","[""坏我"",""好我"",""好她"",""坏她""]","[""弱我"",""强我"",""强她"",""弱她""]","","","","","","","","match","","","","","","","","","ALT2","moral","","key","f","16.66562499999903","683","380","","好她","","","","f","true","","","match","","img/triangle.png","好她","",""
"null","<span style='color:GreenYellow; font-size: 70px;'>正确! </span>","null","html-keyboard-response","2225","3426601","0.0-10.0-0.1-4.1-0.7-1.321","5","2","5","1","1","5","3","4","4","5","5","0","0","1","2","-2","1","1","2","5","4","5","4","2","1","2","3","4","3","4","6","4","8","3","7","6","5","7","5","5","3","3","6","2","5","2","5","5","1","2","2","5","1","1","5","5","4","6","3","1","2","2","1","1","2","6","2","1","7","1","1","1","1","1","2","1","7","1","3","799230569765543938","仲","102","Female","[""坏我"",""好我"",""好她"",""坏她""]","[""弱我"",""强我"",""强她"",""弱她""]","","","","","","","","","","","","","","","","","","feedback_test","","","","","","","","","","","","","","","","","","","","",""
"621","","j","psychophysics","2226","3428226","0.0-10.0-0.1-4.1-0.7-0.322","5","2","5","1","1","5","3","4","4","5","5","0","0","1","2","-2","1","1","2","5","4","5","4","2","1","2","3","4","3","4","6","4","8","3","7","6","5","7","5","5","3","3","6","2","5","2","5","5","1","2","2","5","1","1","5","5","4","6","3","1","2","2","1","1","2","6","2","1","7","1","1","1","1","1","2","1","7","1","3","799230569765543938","仲","102","Female","[""坏我"",""好我"",""好她"",""坏她""]","[""弱我"",""强我"",""强她"",""弱她""]","","","","","","","","nonmatch","","","","","","","","","ALT2","moral","","key","j","16.66562499999903","683","380","","坏她","","","","j","true","","","nonmatch","","img/ellipse.png","好我","",""
"null","<span style='color:GreenYellow; font-size: 70px;'>正确! </span>","null","html-keyboard-response","2227","3428730","0.0-10.0-0.1-4.1-0.7-1.322","5","2","5","1","1","5","3","4","4","5","5","0","0","1","2","-2","1","1","2","5","4","5","4","2","1","2","3","4","3","4","6","4","8","3","7","6","5","7","5","5","3","3","6","2","5","2","5","5","1","2","2","5","1","1","5","5","4","6","3","1","2","2","1","1","2","6","2","1","7","1","1","1","1","1","2","1","7","1","3","799230569765543938","仲","102","Female","[""坏我"",""好我"",""好她"",""坏她""]","[""弱我"",""强我"",""强她"",""弱她""]","","","","","","","","","","","","","","","","","","feedback_test","","","","","","","","","","","","","","","","","","","","",""
"886","","f","psychophysics","2228","3430617","0.0-10.0-0.1-4.1-0.7-0.323","5","2","5","1","1","5","3","4","4","5","5","0","0","1","2","-2","1","1","2","5","4","5","4","2","1","2","3","4","3","4","6","4","8","3","7","6","5","7","5","5","3","3","6","2","5","2","5","5","1","2","2","5","1","1","5","5","4","6","3","1","2","2","1","1","2","6","2","1","7","1","1","1","1","1","2","1","7","1","3","799230569765543938","仲","102","Female","[""坏我"",""好我"",""好她"",""坏她""]","[""弱我"",""强我"",""强她"",""弱她""]","","","","","","","","match","","","","","","","","","ALT2","moral","","key","f","16.664864864863187","683","380","","坏她","","","","f","true","","","match","","img/hexagon.png","坏她","",""
"null","<span style='color:GreenYellow; font-size: 70px;'>正确! </span>","null","html-keyboard-response","2229","3431119","0.0-10.0-0.1-4.1-0.7-1.323","5","2","5","1","1","5","3","4","4","5","5","0","0","1","2","-2","1","1","2","5","4","5","4","2","1","2","3","4","3","4","6","4","8","3","7","6","5","7","5","5","3","3","6","2","5","2","5","5","1","2","2","5","1","1","5","5","4","6","3","1","2","2","1","1","2","6","2","1","7","1","1","1","1","1","2","1","7","1","3","799230569765543938","仲","102","Female","[""坏我"",""好我"",""好她"",""坏她""]","[""弱我"",""强我"",""强她"",""弱她""]","","","","","","","","","","","","","","","","","","feedback_test","","","","","","","","","","","","","","","","","","","","",""
"606","","f","psychophysics","2230","3432732","0.0-10.0-0.1-4.1-0.7-0.324","5","2","5","1","1","5","3","4","4","5","5","0","0","1","2","-2","1","1","2","5","4","5","4","2","1","2","3","4","3","4","6","4","8","3","7","6","5","7","5","5","3","3","6","2","5","2","5","5","1","2","2","5","1","1","5","5","4","6","3","1","2","2","1","1","2","6","2","1","7","1","1","1","1","1","2","1","7","1","3","799230569765543938","仲","102","Female","[""坏我"",""好我"",""好她"",""坏她""]","[""弱我"",""强我"",""强她"",""弱她""]","","","","","","","","match","","","","","","","","","ALT2","moral","","key","f","16.66562499999903","683","380","","好我","","","","f","true","","","match","","img/ellipse.png","好我","",""
"null","<span style='color:GreenYellow; font-size: 70px;'>正确! </span>","null","html-keyboard-response","2231","3433235","0.0-10.0-0.1-4.1-0.7-1.324","5","2","5","1","1","5","3","4","4","5","5","0","0","1","2","-2","1","1","2","5","4","5","4","2","1","2","3","4","3","4","6","4","8","3","7","6","5","7","5","5","3","3","6","2","5","2","5","5","1","2","2","5","1","1","5","5","4","6","3","1","2","2","1","1","2","6","2","1","7","1","1","1","1","1","2","1","7","1","3","799230569765543938","仲","102","Female","[""坏我"",""好我"",""好她"",""坏她""]","[""弱我"",""强我"",""强她"",""弱她""]","","","","","","","","","","","","","","","","","","feedback_test","","","","","","","","","","","","","","","","","","","","",""
"641","","f","psychophysics","2232","3434881","0.0-10.0-0.1-4.1-0.7-0.325","5","2","5","1","1","5","3","4","4","5","5","0","0","1","2","-2","1","1","2","5","4","5","4","2","1","2","3","4","3","4","6","4","8","3","7","6","5","7","5","5","3","3","6","2","5","2","5","5","1","2","2","5","1","1","5","5","4","6","3","1","2","2","1","1","2","6","2","1","7","1","1","1","1","1","2","1","7","1","3","799230569765543938","仲","102","Female","[""坏我"",""好我"",""好她"",""坏她""]","[""弱我"",""强我"",""强她"",""弱她""]","","","","","","","","match","","","","","","","","","ALT2","moral","","key","f","16.66734693877931","683","380","","坏我","","","","f","true","","","match","","img/square.png","坏我","",""
"null","<span style='color:GreenYellow; font-size: 70px;'>正确! </span>","null","html-keyboard-response","2233","3435384","0.0-10.0-0.1-4.1-0.7-1.325","5","2","5","1","1","5","3","4","4","5","5","0","0","1","2","-2","1","1","2","5","4","5","4","2","1","2","3","4","3","4","6","4","8","3","7","6","5","7","5","5","3","3","6","2","5","2","5","5","1","2","2","5","1","1","5","5","4","6","3","1","2","2","1","1","2","6","2","1","7","1","1","1","1","1","2","1","7","1","3","799230569765543938","仲","102","Female","[""坏我"",""好我"",""好她"",""坏她""]","[""弱我"",""强我"",""强她"",""弱她""]","","","","","","","","","","","","","","","","","","feedback_test","","","","","","","","","","","","","","","","","","","","",""
"679","","j","psychophysics","2234","3437066","0.0-10.0-0.1-4.1-0.7-0.326","5","2","5","1","1","5","3","4","4","5","5","0","0","1","2","-2","1","1","2","5","4","5","4","2","1","2","3","4","3","4","6","4","8","3","7","6","5","7","5","5","3","3","6","2","5","2","5","5","1","2","2","5","1","1","5","5","4","6","3","1","2","2","1","1","2","6","2","1","7","1","1","1","1","1","2","1","7","1","3","799230569765543938","仲","102","Female","[""坏我"",""好我"",""好她"",""坏她""]","[""弱我"",""强我"",""强她"",""弱她""]","","","","","","","","nonmatch","","","","","","","","","ALT2","moral","","key","j","16.66600000000093","683","380","","坏我","","","","j","true","","","nonmatch","","img/ellipse.png","好我","",""
"null","<span style='color:GreenYellow; font-size: 70px;'>正确! </span>","null","html-keyboard-response","2235","3437570","0.0-10.0-0.1-4.1-0.7-1.326","5","2","5","1","1","5","3","4","4","5","5","0","0","1","2","-2","1","1","2","5","4","5","4","2","1","2","3","4","3","4","6","4","8","3","7","6","5","7","5","5","3","3","6","2","5","2","5","5","1","2","2","5","1","1","5","5","4","6","3","1","2","2","1","1","2","6","2","1","7","1","1","1","1","1","2","1","7","1","3","799230569765543938","仲","102","Female","[""坏我"",""好我"",""好她"",""坏她""]","[""弱我"",""强我"",""强她"",""弱她""]","","","","","","","","","","","","","","","","","","feedback_test","","","","","","","","","","","","","","","","","","","","",""
"732","","j","psychophysics","2236","3439309","0.0-10.0-0.1-4.1-0.7-0.327","5","2","5","1","1","5","3","4","4","5","5","0","0","1","2","-2","1","1","2","5","4","5","4","2","1","2","3","4","3","4","6","4","8","3","7","6","5","7","5","5","3","3","6","2","5","2","5","5","1","2","2","5","1","1","5","5","4","6","3","1","2","2","1","1","2","6","2","1","7","1","1","1","1","1","2","1","7","1","3","799230569765543938","仲","102","Female","[""坏我"",""好我"",""好她"",""坏她""]","[""弱我"",""强我"",""强她"",""弱她""]","","","","","","","","nonmatch","","","","","","","","","ALT2","moral","","key","j","16.666019417476633","683","380","","好她","","","","j","true","","","nonmatch","","img/ellipse.png","好我","",""
"null","<span style='color:GreenYellow; font-size: 70px;'>正确! </span>","null","html-keyboard-response","2237","3439814","0.0-10.0-0.1-4.1-0.7-1.327","5","2","5","1","1","5","3","4","4","5","5","0","0","1","2","-2","1","1","2","5","4","5","4","2","1","2","3","4","3","4","6","4","8","3","7","6","5","7","5","5","3","3","6","2","5","2","5","5","1","2","2","5","1","1","5","5","4","6","3","1","2","2","1","1","2","6","2","1","7","1","1","1","1","1","2","1","7","1","3","799230569765543938","仲","102","Female","[""坏我"",""好我"",""好她"",""坏她""]","[""弱我"",""强我"",""强她"",""弱她""]","","","","","","","","","","","","","","","","","","feedback_test","","","","","","","","","","","","","","","","","","","","",""
"739","","f","psychophysics","2238","3441557","0.0-10.0-0.1-4.1-0.7-0.328","5","2","5","1","1","5","3","4","4","5","5","0","0","1","2","-2","1","1","2","5","4","5","4","2","1","2","3","4","3","4","6","4","8","3","7","6","5","7","5","5","3","3","6","2","5","2","5","5","1","2","2","5","1","1","5","5","4","6","3","1","2","2","1","1","2","6","2","1","7","1","1","1","1","1","2","1","7","1","3","799230569765543938","仲","102","Female","[""坏我"",""好我"",""好她"",""坏她""]","[""弱我"",""强我"",""强她"",""弱她""]","","","","","","","","match","","","","","","","","","ALT2","moral","","key","f","16.666019417476633","683","380","","好我","","","","f","true","","","match","","img/ellipse.png","好我","",""
"null","<span style='color:GreenYellow; font-size: 70px;'>正确! </span>","null","html-keyboard-response","2239","3442059","0.0-10.0-0.1-4.1-0.7-1.328","5","2","5","1","1","5","3","4","4","5","5","0","0","1","2","-2","1","1","2","5","4","5","4","2","1","2","3","4","3","4","6","4","8","3","7","6","5","7","5","5","3","3","6","2","5","2","5","5","1","2","2","5","1","1","5","5","4","6","3","1","2","2","1","1","2","6","2","1","7","1","1","1","1","1","2","1","7","1","3","799230569765543938","仲","102","Female","[""坏我"",""好我"",""好她"",""坏她""]","[""弱我"",""强我"",""强她"",""弱她""]","","","","","","","","","","","","","","","","","","feedback_test","","","","","","","","","","","","","","","","","","","","",""
"731","","f","psychophysics","2240","3443793","0.0-10.0-0.1-4.1-0.7-0.329","5","2","5","1","1","5","3","4","4","5","5","0","0","1","2","-2","1","1","2","5","4","5","4","2","1","2","3","4","3","4","6","4","8","3","7","6","5","7","5","5","3","3","6","2","5","2","5","5","1","2","2","5","1","1","5","5","4","6","3","1","2","2","1","1","2","6","2","1","7","1","1","1","1","1","2","1","7","1","3","799230569765543938","仲","102","Female","[""坏我"",""好我"",""好她"",""坏她""]","[""弱我"",""强我"",""强她"",""弱她""]","","","","","","","","match","","","","","","","","","ALT2","moral","","key","f","16.66568627450889","683","380","","坏我","","","","f","true","","","match","","img/square.png","坏我","",""
"null","<span style='color:GreenYellow; font-size: 70px;'>正确! </span>","null","html-keyboard-response","2241","3444296","0.0-10.0-0.1-4.1-0.7-1.329","5","2","5","1","1","5","3","4","4","5","5","0","0","1","2","-2","1","1","2","5","4","5","4","2","1","2","3","4","3","4","6","4","8","3","7","6","5","7","5","5","3","3","6","2","5","2","5","5","1","2","2","5","1","1","5","5","4","6","3","1","2","2","1","1","2","6","2","1","7","1","1","1","1","1","2","1","7","1","3","799230569765543938","仲","102","Female","[""坏我"",""好我"",""好她"",""坏她""]","[""弱我"",""强我"",""强她"",""弱她""]","","","","","","","","","","","","","","","","","","feedback_test","","","","","","","","","","","","","","","","","","","","",""
"788","","f","psychophysics","2242","3446091","0.0-10.0-0.1-4.1-0.7-0.330","5","2","5","1","1","5","3","4","4","5","5","0","0","1","2","-2","1","1","2","5","4","5","4","2","1","2","3","4","3","4","6","4","8","3","7","6","5","7","5","5","3","3","6","2","5","2","5","5","1","2","2","5","1","1","5","5","4","6","3","1","2","2","1","1","2","6","2","1","7","1","1","1","1","1","2","1","7","1","3","799230569765543938","仲","102","Female","[""坏我"",""好我"",""好她"",""坏她""]","[""弱我"",""强我"",""强她"",""弱她""]","","","","","","","","match","","","","","","","","","ALT2","moral","","key","f","16.666037735849937","683","380","","坏她","","","","f","true","","","match","","img/hexagon.png","坏她","",""
"null","<span style='color:GreenYellow; font-size: 70px;'>正确! </span>","null","html-keyboard-response","2243","3446593","0.0-10.0-0.1-4.1-0.7-1.330","5","2","5","1","1","5","3","4","4","5","5","0","0","1","2","-2","1","1","2","5","4","5","4","2","1","2","3","4","3","4","6","4","8","3","7","6","5","7","5","5","3","3","6","2","5","2","5","5","1","2","2","5","1","1","5","5","4","6","3","1","2","2","1","1","2","6","2","1","7","1","1","1","1","1","2","1","7","1","3","799230569765543938","仲","102","Female","[""坏我"",""好我"",""好她"",""坏她""]","[""弱我"",""强我"",""强她"",""弱她""]","","","","","","","","","","","","","","","","","","feedback_test","","","","","","","","","","","","","","","","","","","","",""
"689","","j","psychophysics","2244","3448288","0.0-10.0-0.1-4.1-0.7-0.331","5","2","5","1","1","5","3","4","4","5","5","0","0","1","2","-2","1","1","2","5","4","5","4","2","1","2","3","4","3","4","6","4","8","3","7","6","5","7","5","5","3","3","6","2","5","2","5","5","1","2","2","5","1","1","5","5","4","6","3","1","2","2","1","1","2","6","2","1","7","1","1","1","1","1","2","1","7","1","3","799230569765543938","仲","102","Female","[""坏我"",""好我"",""好她"",""坏她""]","[""弱我"",""强我"",""强她"",""弱她""]","","","","","","","","nonmatch","","","","","","","","","ALT2","moral","","key","j","16.66600000000093","683","380","","好我","","","","j","true","","","nonmatch","","img/square.png","坏我","",""
"null","<span style='color:GreenYellow; font-size: 70px;'>正确! </span>","null","html-keyboard-response","2245","3448790","0.0-10.0-0.1-4.1-0.7-1.331","5","2","5","1","1","5","3","4","4","5","5","0","0","1","2","-2","1","1","2","5","4","5","4","2","1","2","3","4","3","4","6","4","8","3","7","6","5","7","5","5","3","3","6","2","5","2","5","5","1","2","2","5","1","1","5","5","4","6","3","1","2","2","1","1","2","6","2","1","7","1","1","1","1","1","2","1","7","1","3","799230569765543938","仲","102","Female","[""坏我"",""好我"",""好她"",""坏她""]","[""弱我"",""强我"",""强她"",""弱她""]","","","","","","","","","","","","","","","","","","feedback_test","","","","","","","","","","","","","","","","","","","","",""
"1025","","j","psychophysics","2246","3450818","0.0-10.0-0.1-4.1-0.7-0.332","5","2","5","1","1","5","3","4","4","5","5","0","0","1","2","-2","1","1","2","5","4","5","4","2","1","2","3","4","3","4","6","4","8","3","7","6","5","7","5","5","3","3","6","2","5","2","5","5","1","2","2","5","1","1","5","5","4","6","3","1","2","2","1","1","2","6","2","1","7","1","1","1","1","1","2","1","7","1","3","799230569765543938","仲","102","Female","[""坏我"",""好我"",""好她"",""坏她""]","[""弱我"",""强我"",""强她"",""弱她""]","","","","","","","","nonmatch","","","","","","","","","ALT2","moral","","key","j","16.66611570248011","683","380","","坏我","","","","j","true","","","nonmatch","","img/hexagon.png","坏她","",""
"null","<span style='color:GreenYellow; font-size: 70px;'>正确! </span>","null","html-keyboard-response","2247","3451327","0.0-10.0-0.1-4.1-0.7-1.332","5","2","5","1","1","5","3","4","4","5","5","0","0","1","2","-2","1","1","2","5","4","5","4","2","1","2","3","4","3","4","6","4","8","3","7","6","5","7","5","5","3","3","6","2","5","2","5","5","1","2","2","5","1","1","5","5","4","6","3","1","2","2","1","1","2","6","2","1","7","1","1","1","1","1","2","1","7","1","3","799230569765543938","仲","102","Female","[""坏我"",""好我"",""好她"",""坏她""]","[""弱我"",""强我"",""强她"",""弱她""]","","","","","","","","","","","","","","","","","","feedback_test","","","","","","","","","","","","","","","","","","","","",""
"689","","j","psychophysics","2248","3453020","0.0-10.0-0.1-4.1-0.7-0.333","5","2","5","1","1","5","3","4","4","5","5","0","0","1","2","-2","1","1","2","5","4","5","4","2","1","2","3","4","3","4","6","4","8","3","7","6","5","7","5","5","3","3","6","2","5","2","5","5","1","2","2","5","1","1","5","5","4","6","3","1","2","2","1","1","2","6","2","1","7","1","1","1","1","1","2","1","7","1","3","799230569765543938","仲","102","Female","[""坏我"",""好我"",""好她"",""坏她""]","[""弱我"",""强我"",""强她"",""弱她""]","","","","","","","","nonmatch","","","","","","","","","ALT2","moral","","key","j","16.667000000001863","683","380","","好我","","","","j","true","","","nonmatch","","img/triangle.png","好她","",""
"null","<span style='color:GreenYellow; font-size: 70px;'>正确! </span>","null","html-keyboard-response","2249","3453524","0.0-10.0-0.1-4.1-0.7-1.333","5","2","5","1","1","5","3","4","4","5","5","0","0","1","2","-2","1","1","2","5","4","5","4","2","1","2","3","4","3","4","6","4","8","3","7","6","5","7","5","5","3","3","6","2","5","2","5","5","1","2","2","5","1","1","5","5","4","6","3","1","2","2","1","1","2","6","2","1","7","1","1","1","1","1","2","1","7","1","3","799230569765543938","仲","102","Female","[""坏我"",""好我"",""好她"",""坏她""]","[""弱我"",""强我"",""强她"",""弱她""]","","","","","","","","","","","","","","","","","","feedback_test","","","","","","","","","","","","","","","","","","","","",""
"826","","j","psychophysics","2250","3455352","0.0-10.0-0.1-4.1-0.7-0.334","5","2","5","1","1","5","3","4","4","5","5","0","0","1","2","-2","1","1","2","5","4","5","4","2","1","2","3","4","3","4","6","4","8","3","7","6","5","7","5","5","3","3","6","2","5","2","5","5","1","2","2","5","1","1","5","5","4","6","3","1","2","2","1","1","2","6","2","1","7","1","1","1","1","1","2","1","7","1","3","799230569765543938","仲","102","Female","[""坏我"",""好我"",""好她"",""坏她""]","[""弱我"",""强我"",""强她"",""弱她""]","","","","","","","","nonmatch","","","","","","","","","ALT2","moral","","key","j","16.609259259261847","683","380","","坏她","","","","j","true","","","nonmatch","","img/square.png","坏我","",""
"null","<span style='color:GreenYellow; font-size: 70px;'>正确! </span>","null","html-keyboard-response","2251","3455855","0.0-10.0-0.1-4.1-0.7-1.334","5","2","5","1","1","5","3","4","4","5","5","0","0","1","2","-2","1","1","2","5","4","5","4","2","1","2","3","4","3","4","6","4","8","3","7","6","5","7","5","5","3","3","6","2","5","2","5","5","1","2","2","5","1","1","5","5","4","6","3","1","2","2","1","1","2","6","2","1","7","1","1","1","1","1","2","1","7","1","3","799230569765543938","仲","102","Female","[""坏我"",""好我"",""好她"",""坏她""]","[""弱我"",""强我"",""强她"",""弱她""]","","","","","","","","","","","","","","","","","","feedback_test","","","","","","","","","","","","","","","","","","","","",""
"589","","f","psychophysics","2252","3457456","0.0-10.0-0.1-4.1-0.7-0.335","5","2","5","1","1","5","3","4","4","5","5","0","0","1","2","-2","1","1","2","5","4","5","4","2","1","2","3","4","3","4","6","4","8","3","7","6","5","7","5","5","3","3","6","2","5","2","5","5","1","2","2","5","1","1","5","5","4","6","3","1","2","2","1","1","2","6","2","1","7","1","1","1","1","1","2","1","7","1","3","799230569765543938","仲","102","Female","[""坏我"",""好我"",""好她"",""坏她""]","[""弱我"",""强我"",""强她"",""弱她""]","","","","","","","","match","","","","","","","","","ALT2","moral","","key","f","16.666315789471724","683","380","","好她","","","","f","true","","","match","","img/triangle.png","好她","",""
"null","<span style='color:GreenYellow; font-size: 70px;'>正确! </span>","null","html-keyboard-response","2253","3457964","0.0-10.0-0.1-4.1-0.7-1.335","5","2","5","1","1","5","3","4","4","5","5","0","0","1","2","-2","1","1","2","5","4","5","4","2","1","2","3","4","3","4","6","4","8","3","7","6","5","7","5","5","3","3","6","2","5","2","5","5","1","2","2","5","1","1","5","5","4","6","3","1","2","2","1","1","2","6","2","1","7","1","1","1","1","1","2","1","7","1","3","799230569765543938","仲","102","Female","[""坏我"",""好我"",""好她"",""坏她""]","[""弱我"",""强我"",""强她"",""弱她""]","","","","","","","","","","","","","","","","","","feedback_test","","","","","","","","","","","","","","","","","","","","",""
"746","","f","psychophysics","2254","3459712","0.0-10.0-0.1-4.1-0.7-0.336","5","2","5","1","1","5","3","4","4","5","5","0","0","1","2","-2","1","1","2","5","4","5","4","2","1","2","3","4","3","4","6","4","8","3","7","6","5","7","5","5","3","3","6","2","5","2","5","5","1","2","2","5","1","1","5","5","4","6","3","1","2","2","1","1","2","6","2","1","7","1","1","1","1","1","2","1","7","1","3","799230569765543938","仲","102","Female","[""坏我"",""好我"",""好她"",""坏她""]","[""弱我"",""强我"",""强她"",""弱她""]","","","","","","","","match","","","","","","","","","ALT2","moral","","key","f","16.664423076919494","683","380","","好我","","","","f","true","","","match","","img/ellipse.png","好我","",""
"null","<span style='color:GreenYellow; font-size: 70px;'>正确! </span>","null","html-keyboard-response","2255","3460215","0.0-10.0-0.1-4.1-0.7-1.336","5","2","5","1","1","5","3","4","4","5","5","0","0","1","2","-2","1","1","2","5","4","5","4","2","1","2","3","4","3","4","6","4","8","3","7","6","5","7","5","5","3","3","6","2","5","2","5","5","1","2","2","5","1","1","5","5","4","6","3","1","2","2","1","1","2","6","2","1","7","1","1","1","1","1","2","1","7","1","3","799230569765543938","仲","102","Female","[""坏我"",""好我"",""好她"",""坏她""]","[""弱我"",""强我"",""强她"",""弱她""]","","","","","","","","","","","","","","","","","","feedback_test","","","","","","","","","","","","","","","","","","","","",""
"9302","<style>.context{color:white; font-size: 35px; line-height:40px}</style>                            <div><p class='context'>您正确回答了100% 的试次。</p><p class='context'>您的平均反应时为730毫秒。</p><p class='context'>请按空格键进入休息。</p></div>"," ","html-keyboard-response","2256","3469521","0.0-10.0-0.1-4.1-1.7","5","2","5","1","1","5","3","4","4","5","5","0","0","1","2","-2","1","1","2","5","4","5","4","2","1","2","3","4","3","4","6","4","8","3","7","6","5","7","5","5","3","3","6","2","5","2","5","5","1","2","2","5","1","1","5","5","4","6","3","1","2","2","1","1","2","6","2","1","7","1","1","1","1","1","2","1","7","1","3","799230569765543938","仲","102","Female","[""坏我"",""好我"",""好她"",""坏她""]","[""弱我"",""强我"",""强她"",""弱她""]","","","","","","","","","","","","","","","","","","","","","","","","","","","","","","","","","","","","","","",""
"26382","
        <p >您当前还剩余1组实验</p>
        <p >现在是休息时间，当您结束休息后，</p>
        <p >您可以点击 结束休息 按钮 继续。</p>
        <p >建议休息时间还剩余<span id=""iii"">60</span>秒。</p>","0","html-button-response","2257","3495912","0.0-10.0-0.1-4.1-2.7","5","2","5","1","1","5","3","4","4","5","5","0","0","1","2","-2","1","1","2","5","4","5","4","2","1","2","3","4","3","4","6","4","8","3","7","6","5","7","5","5","3","3","6","2","5","2","5","5","1","2","2","5","1","1","5","5","4","6","3","1","2","2","1","1","2","6","2","1","7","1","1","1","1","1","2","1","7","1","3","799230569765543938","仲","102","Female","[""坏我"",""好我"",""好她"",""坏她""]","[""弱我"",""强我"",""强她"",""弱她""]","","","","","","","","","","","","","","","","","","","","","","","","","","","","","","","","","","","","","","",""
"692","","j","psychophysics","2258","3497614","0.0-10.0-0.1-4.1-0.8-0.337","5","2","5","1","1","5","3","4","4","5","5","0","0","1","2","-2","1","1","2","5","4","5","4","2","1","2","3","4","3","4","6","4","8","3","7","6","5","7","5","5","3","3","6","2","5","2","5","5","1","2","2","5","1","1","5","5","4","6","3","1","2","2","1","1","2","6","2","1","7","1","1","1","1","1","2","1","7","1","3","799230569765543938","仲","102","Female","[""坏我"",""好我"",""好她"",""坏她""]","[""弱我"",""强我"",""强她"",""弱她""]","","","","","","","","nonmatch","","","","","","","","","ALT2","moral","","key","j","16.660396039605804","683","380","","好我","","","","j","true","","","nonmatch","","img/square.png","坏我","",""
"null","<span style='color:GreenYellow; font-size: 70px;'>正确! </span>","null","html-keyboard-response","2259","3498118","0.0-10.0-0.1-4.1-0.8-1.337","5","2","5","1","1","5","3","4","4","5","5","0","0","1","2","-2","1","1","2","5","4","5","4","2","1","2","3","4","3","4","6","4","8","3","7","6","5","7","5","5","3","3","6","2","5","2","5","5","1","2","2","5","1","1","5","5","4","6","3","1","2","2","1","1","2","6","2","1","7","1","1","1","1","1","2","1","7","1","3","799230569765543938","仲","102","Female","[""坏我"",""好我"",""好她"",""坏她""]","[""弱我"",""强我"",""强她"",""弱她""]","","","","","","","","","","","","","","","","","","feedback_test","","","","","","","","","","","","","","","","","","","","",""
"753","","f","psychophysics","2260","3499874","0.0-10.0-0.1-4.1-0.8-0.338","5","2","5","1","1","5","3","4","4","5","5","0","0","1","2","-2","1","1","2","5","4","5","4","2","1","2","3","4","3","4","6","4","8","3","7","6","5","7","5","5","3","3","6","2","5","2","5","5","1","2","2","5","1","1","5","5","4","6","3","1","2","2","1","1","2","6","2","1","7","1","1","1","1","1","2","1","7","1","3","799230569765543938","仲","102","Female","[""坏我"",""好我"",""好她"",""坏她""]","[""弱我"",""强我"",""强她"",""弱她""]","","","","","","","","match","","","","","","","","","ALT2","moral","","key","f","16.665384615386408","683","380","","坏她","","","","f","true","","","match","","img/hexagon.png","坏她","",""
"null","<span style='color:GreenYellow; font-size: 70px;'>正确! </span>","null","html-keyboard-response","2261","3500378","0.0-10.0-0.1-4.1-0.8-1.338","5","2","5","1","1","5","3","4","4","5","5","0","0","1","2","-2","1","1","2","5","4","5","4","2","1","2","3","4","3","4","6","4","8","3","7","6","5","7","5","5","3","3","6","2","5","2","5","5","1","2","2","5","1","1","5","5","4","6","3","1","2","2","1","1","2","6","2","1","7","1","1","1","1","1","2","1","7","1","3","799230569765543938","仲","102","Female","[""坏我"",""好我"",""好她"",""坏她""]","[""弱我"",""强我"",""强她"",""弱她""]","","","","","","","","","","","","","","","","","","feedback_test","","","","","","","","","","","","","","","","","","","","",""
"860","","f","psychophysics","2262","3502241","0.0-10.0-0.1-4.1-0.8-0.339","5","2","5","1","1","5","3","4","4","5","5","0","0","1","2","-2","1","1","2","5","4","5","4","2","1","2","3","4","3","4","6","4","8","3","7","6","5","7","5","5","3","3","6","2","5","2","5","5","1","2","2","5","1","1","5","5","4","6","3","1","2","2","1","1","2","6","2","1","7","1","1","1","1","1","2","1","7","1","3","799230569765543938","仲","102","Female","[""坏我"",""好我"",""好她"",""坏她""]","[""弱我"",""强我"",""强她"",""弱她""]","","","","","","","","match","","","","","","","","","ALT2","moral","","key","f","16.664864864867383","683","380","","坏我","","","","f","true","","","match","","img/square.png","坏我","",""
"null","<span style='color:GreenYellow; font-size: 70px;'>正确! </span>","null","html-keyboard-response","2263","3502744","0.0-10.0-0.1-4.1-0.8-1.339","5","2","5","1","1","5","3","4","4","5","5","0","0","1","2","-2","1","1","2","5","4","5","4","2","1","2","3","4","3","4","6","4","8","3","7","6","5","7","5","5","3","3","6","2","5","2","5","5","1","2","2","5","1","1","5","5","4","6","3","1","2","2","1","1","2","6","2","1","7","1","1","1","1","1","2","1","7","1","3","799230569765543938","仲","102","Female","[""坏我"",""好我"",""好她"",""坏她""]","[""弱我"",""强我"",""强她"",""弱她""]","","","","","","","","","","","","","","","","","","feedback_test","","","","","","","","","","","","","","","","","","","","",""
"708","","f","psychophysics","2264","3504455","0.0-10.0-0.1-4.1-0.8-0.340","5","2","5","1","1","5","3","4","4","5","5","0","0","1","2","-2","1","1","2","5","4","5","4","2","1","2","3","4","3","4","6","4","8","3","7","6","5","7","5","5","3","3","6","2","5","2","5","5","1","2","2","5","1","1","5","5","4","6","3","1","2","2","1","1","2","6","2","1","7","1","1","1","1","1","2","1","7","1","3","799230569765543938","仲","102","Female","[""坏我"",""好我"",""好她"",""坏她""]","[""弱我"",""强我"",""强她"",""弱她""]","","","","","","","","match","","","","","","","","","ALT2","moral","","key","f","16.665686274513455","683","380","","坏她","","","","f","true","","","match","","img/hexagon.png","坏她","",""
"null","<span style='color:GreenYellow; font-size: 70px;'>正确! </span>","null","html-keyboard-response","2265","3504959","0.0-10.0-0.1-4.1-0.8-1.340","5","2","5","1","1","5","3","4","4","5","5","0","0","1","2","-2","1","1","2","5","4","5","4","2","1","2","3","4","3","4","6","4","8","3","7","6","5","7","5","5","3","3","6","2","5","2","5","5","1","2","2","5","1","1","5","5","4","6","3","1","2","2","1","1","2","6","2","1","7","1","1","1","1","1","2","1","7","1","3","799230569765543938","仲","102","Female","[""坏我"",""好我"",""好她"",""坏她""]","[""弱我"",""强我"",""强她"",""弱她""]","","","","","","","","","","","","","","","","","","feedback_test","","","","","","","","","","","","","","","","","","","","",""
"751","","j","psychophysics","2266","3506714","0.0-10.0-0.1-4.1-0.8-0.341","5","2","5","1","1","5","3","4","4","5","5","0","0","1","2","-2","1","1","2","5","4","5","4","2","1","2","3","4","3","4","6","4","8","3","7","6","5","7","5","5","3","3","6","2","5","2","5","5","1","2","2","5","1","1","5","5","4","6","3","1","2","2","1","1","2","6","2","1","7","1","1","1","1","1","2","1","7","1","3","799230569765543938","仲","102","Female","[""坏我"",""好我"",""好她"",""坏她""]","[""弱我"",""强我"",""强她"",""弱她""]","","","","","","","","nonmatch","","","","","","","","","ALT2","moral","","key","j","16.664423076923974","683","380","","坏她","","","","j","true","","","nonmatch","","img/ellipse.png","好我","",""
"null","<span style='color:GreenYellow; font-size: 70px;'>正确! </span>","null","html-keyboard-response","2267","3507218","0.0-10.0-0.1-4.1-0.8-1.341","5","2","5","1","1","5","3","4","4","5","5","0","0","1","2","-2","1","1","2","5","4","5","4","2","1","2","3","4","3","4","6","4","8","3","7","6","5","7","5","5","3","3","6","2","5","2","5","5","1","2","2","5","1","1","5","5","4","6","3","1","2","2","1","1","2","6","2","1","7","1","1","1","1","1","2","1","7","1","3","799230569765543938","仲","102","Female","[""坏我"",""好我"",""好她"",""坏她""]","[""弱我"",""强我"",""强她"",""弱她""]","","","","","","","","","","","","","","","","","","feedback_test","","","","","","","","","","","","","","","","","","","","",""
"714","","f","psychophysics","2268","3508936","0.0-10.0-0.1-4.1-0.8-0.342","5","2","5","1","1","5","3","4","4","5","5","0","0","1","2","-2","1","1","2","5","4","5","4","2","1","2","3","4","3","4","6","4","8","3","7","6","5","7","5","5","3","3","6","2","5","2","5","5","1","2","2","5","1","1","5","5","4","6","3","1","2","2","1","1","2","6","2","1","7","1","1","1","1","1","2","1","7","1","3","799230569765543938","仲","102","Female","[""坏我"",""好我"",""好她"",""坏她""]","[""弱我"",""强我"",""强她"",""弱她""]","","","","","","","","match","","","","","","","","","ALT2","moral","","key","f","16.665686274513455","683","380","","坏她","","","","f","true","","","match","","img/hexagon.png","坏她","",""
"null","<span style='color:GreenYellow; font-size: 70px;'>正确! </span>","null","html-keyboard-response","2269","3509444","0.0-10.0-0.1-4.1-0.8-1.342","5","2","5","1","1","5","3","4","4","5","5","0","0","1","2","-2","1","1","2","5","4","5","4","2","1","2","3","4","3","4","6","4","8","3","7","6","5","7","5","5","3","3","6","2","5","2","5","5","1","2","2","5","1","1","5","5","4","6","3","1","2","2","1","1","2","6","2","1","7","1","1","1","1","1","2","1","7","1","3","799230569765543938","仲","102","Female","[""坏我"",""好我"",""好她"",""坏她""]","[""弱我"",""强我"",""强她"",""弱她""]","","","","","","","","","","","","","","","","","","feedback_test","","","","","","","","","","","","","","","","","","","","",""
"823","","j","psychophysics","2270","3511270","0.0-10.0-0.1-4.1-0.8-0.343","5","2","5","1","1","5","3","4","4","5","5","0","0","1","2","-2","1","1","2","5","4","5","4","2","1","2","3","4","3","4","6","4","8","3","7","6","5","7","5","5","3","3","6","2","5","2","5","5","1","2","2","5","1","1","5","5","4","6","3","1","2","2","1","1","2","6","2","1","7","1","1","1","1","1","2","1","7","1","3","799230569765543938","仲","102","Female","[""坏我"",""好我"",""好她"",""坏她""]","[""弱我"",""强我"",""强她"",""弱她""]","","","","","","","","nonmatch","","","","","","","","","ALT2","moral","","key","j","16.664220183485384","683","380","","坏她","","","","j","true","","","nonmatch","","img/triangle.png","好她","",""
"null","<span style='color:GreenYellow; font-size: 70px;'>正确! </span>","null","html-keyboard-response","2271","3511776","0.0-10.0-0.1-4.1-0.8-1.343","5","2","5","1","1","5","3","4","4","5","5","0","0","1","2","-2","1","1","2","5","4","5","4","2","1","2","3","4","3","4","6","4","8","3","7","6","5","7","5","5","3","3","6","2","5","2","5","5","1","2","2","5","1","1","5","5","4","6","3","1","2","2","1","1","2","6","2","1","7","1","1","1","1","1","2","1","7","1","3","799230569765543938","仲","102","Female","[""坏我"",""好我"",""好她"",""坏她""]","[""弱我"",""强我"",""强她"",""弱她""]","","","","","","","","","","","","","","","","","","feedback_test","","","","","","","","","","","","","","","","","","","","",""
"654","","f","psychophysics","2272","3513434","0.0-10.0-0.1-4.1-0.8-0.344","5","2","5","1","1","5","3","4","4","5","5","0","0","1","2","-2","1","1","2","5","4","5","4","2","1","2","3","4","3","4","6","4","8","3","7","6","5","7","5","5","3","3","6","2","5","2","5","5","1","2","2","5","1","1","5","5","4","6","3","1","2","2","1","1","2","6","2","1","7","1","1","1","1","1","2","1","7","1","3","799230569765543938","仲","102","Female","[""坏我"",""好我"",""好她"",""坏她""]","[""弱我"",""强我"",""强她"",""弱她""]","","","","","","","","match","","","","","","","","","ALT2","moral","","key","f","16.66530612245088","683","380","","好她","","","","f","true","","","match","","img/triangle.png","好她","",""
"null","<span style='color:GreenYellow; font-size: 70px;'>正确! </span>","null","html-keyboard-response","2273","3513939","0.0-10.0-0.1-4.1-0.8-1.344","5","2","5","1","1","5","3","4","4","5","5","0","0","1","2","-2","1","1","2","5","4","5","4","2","1","2","3","4","3","4","6","4","8","3","7","6","5","7","5","5","3","3","6","2","5","2","5","5","1","2","2","5","1","1","5","5","4","6","3","1","2","2","1","1","2","6","2","1","7","1","1","1","1","1","2","1","7","1","3","799230569765543938","仲","102","Female","[""坏我"",""好我"",""好她"",""坏她""]","[""弱我"",""强我"",""强她"",""弱她""]","","","","","","","","","","","","","","","","","","feedback_test","","","","","","","","","","","","","","","","","","","","",""
"696","","f","psychophysics","2274","3515637","0.0-10.0-0.1-4.1-0.8-0.345","5","2","5","1","1","5","3","4","4","5","5","0","0","1","2","-2","1","1","2","5","4","5","4","2","1","2","3","4","3","4","6","4","8","3","7","6","5","7","5","5","3","3","6","2","5","2","5","5","1","2","2","5","1","1","5","5","4","6","3","1","2","2","1","1","2","6","2","1","7","1","1","1","1","1","2","1","7","1","3","799230569765543938","仲","102","Female","[""坏我"",""好我"",""好她"",""坏她""]","[""弱我"",""强我"",""强她"",""弱她""]","","","","","","","","match","","","","","","","","","ALT2","moral","","key","f","16.663999999999067","683","380","","好她","","","","f","true","","","match","","img/triangle.png","好她","",""
"null","<span style='color:GreenYellow; font-size: 70px;'>正确! </span>","null","html-keyboard-response","2275","3516143","0.0-10.0-0.1-4.1-0.8-1.345","5","2","5","1","1","5","3","4","4","5","5","0","0","1","2","-2","1","1","2","5","4","5","4","2","1","2","3","4","3","4","6","4","8","3","7","6","5","7","5","5","3","3","6","2","5","2","5","5","1","2","2","5","1","1","5","5","4","6","3","1","2","2","1","1","2","6","2","1","7","1","1","1","1","1","2","1","7","1","3","799230569765543938","仲","102","Female","[""坏我"",""好我"",""好她"",""坏她""]","[""弱我"",""强我"",""强她"",""弱她""]","","","","","","","","","","","","","","","","","","feedback_test","","","","","","","","","","","","","","","","","","","","",""
"738","","j","psychophysics","2276","3517882","0.0-10.0-0.1-4.1-0.8-0.346","5","2","5","1","1","5","3","4","4","5","5","0","0","1","2","-2","1","1","2","5","4","5","4","2","1","2","3","4","3","4","6","4","8","3","7","6","5","7","5","5","3","3","6","2","5","2","5","5","1","2","2","5","1","1","5","5","4","6","3","1","2","2","1","1","2","6","2","1","7","1","1","1","1","1","2","1","7","1","3","799230569765543938","仲","102","Female","[""坏我"",""好我"",""好她"",""坏她""]","[""弱我"",""强我"",""强她"",""弱她""]","","","","","","","","nonmatch","","","","","","","","","ALT2","moral","","key","j","16.826213592233913","683","380","","好我","","","","j","true","","","nonmatch","","img/triangle.png","好她","",""
"null","<span style='color:GreenYellow; font-size: 70px;'>正确! </span>","null","html-keyboard-response","2277","3518385","0.0-10.0-0.1-4.1-0.8-1.346","5","2","5","1","1","5","3","4","4","5","5","0","0","1","2","-2","1","1","2","5","4","5","4","2","1","2","3","4","3","4","6","4","8","3","7","6","5","7","5","5","3","3","6","2","5","2","5","5","1","2","2","5","1","1","5","5","4","6","3","1","2","2","1","1","2","6","2","1","7","1","1","1","1","1","2","1","7","1","3","799230569765543938","仲","102","Female","[""坏我"",""好我"",""好她"",""坏她""]","[""弱我"",""强我"",""强她"",""弱她""]","","","","","","","","","","","","","","","","","","feedback_test","","","","","","","","","","","","","","","","","","","","",""
"756","","j","psychophysics","2278","3520148","0.0-10.0-0.1-4.1-0.8-0.347","5","2","5","1","1","5","3","4","4","5","5","0","0","1","2","-2","1","1","2","5","4","5","4","2","1","2","3","4","3","4","6","4","8","3","7","6","5","7","5","5","3","3","6","2","5","2","5","5","1","2","2","5","1","1","5","5","4","6","3","1","2","2","1","1","2","6","2","1","7","1","1","1","1","1","2","1","7","1","3","799230569765543938","仲","102","Female","[""坏我"",""好我"",""好她"",""坏她""]","[""弱我"",""强我"",""强她"",""弱她""]","","","","","","","","nonmatch","","","","","","","","","ALT2","moral","","key","j","16.664761904764564","683","380","","好我","","","","j","true","","","nonmatch","","img/hexagon.png","坏她","",""
"null","<span style='color:GreenYellow; font-size: 70px;'>正确! </span>","null","html-keyboard-response","2279","3520653","0.0-10.0-0.1-4.1-0.8-1.347","5","2","5","1","1","5","3","4","4","5","5","0","0","1","2","-2","1","1","2","5","4","5","4","2","1","2","3","4","3","4","6","4","8","3","7","6","5","7","5","5","3","3","6","2","5","2","5","5","1","2","2","5","1","1","5","5","4","6","3","1","2","2","1","1","2","6","2","1","7","1","1","1","1","1","2","1","7","1","3","799230569765543938","仲","102","Female","[""坏我"",""好我"",""好她"",""坏她""]","[""弱我"",""强我"",""强她"",""弱她""]","","","","","","","","","","","","","","","","","","feedback_test","","","","","","","","","","","","","","","","","","","","",""
"1104","","f","psychophysics","2280","3522761","0.0-10.0-0.1-4.1-0.8-0.348","5","2","5","1","1","5","3","4","4","5","5","0","0","1","2","-2","1","1","2","5","4","5","4","2","1","2","3","4","3","4","6","4","8","3","7","6","5","7","5","5","3","3","6","2","5","2","5","5","1","2","2","5","1","1","5","5","4","6","3","1","2","2","1","1","2","6","2","1","7","1","1","1","1","1","2","1","7","1","3","799230569765543938","仲","102","Female","[""坏我"",""好我"",""好她"",""坏她""]","[""弱我"",""强我"",""强她"",""弱她""]","","","","","","","","match","","","","","","","","","ALT2","moral","","key","f","16.66560000000149","683","380","","坏我","","","","f","true","","","match","","img/square.png","坏我","",""
"null","<span style='color:GreenYellow; font-size: 70px;'>正确! </span>","null","html-keyboard-response","2281","3523270","0.0-10.0-0.1-4.1-0.8-1.348","5","2","5","1","1","5","3","4","4","5","5","0","0","1","2","-2","1","1","2","5","4","5","4","2","1","2","3","4","3","4","6","4","8","3","7","6","5","7","5","5","3","3","6","2","5","2","5","5","1","2","2","5","1","1","5","5","4","6","3","1","2","2","1","1","2","6","2","1","7","1","1","1","1","1","2","1","7","1","3","799230569765543938","仲","102","Female","[""坏我"",""好我"",""好她"",""坏她""]","[""弱我"",""强我"",""强她"",""弱她""]","","","","","","","","","","","","","","","","","","feedback_test","","","","","","","","","","","","","","","","","","","","",""
"657","","j","psychophysics","2282","3524934","0.0-10.0-0.1-4.1-0.8-0.349","5","2","5","1","1","5","3","4","4","5","5","0","0","1","2","-2","1","1","2","5","4","5","4","2","1","2","3","4","3","4","6","4","8","3","7","6","5","7","5","5","3","3","6","2","5","2","5","5","1","2","2","5","1","1","5","5","4","6","3","1","2","2","1","1","2","6","2","1","7","1","1","1","1","1","2","1","7","1","3","799230569765543938","仲","102","Female","[""坏我"",""好我"",""好她"",""坏她""]","[""弱我"",""强我"",""强她"",""弱她""]","","","","","","","","nonmatch","","","","","","","","","ALT2","moral","","key","j","16.665656565655624","683","380","","坏我","","","","j","true","","","nonmatch","","img/triangle.png","好她","",""
"null","<span style='color:GreenYellow; font-size: 70px;'>正确! </span>","null","html-keyboard-response","2283","3525438","0.0-10.0-0.1-4.1-0.8-1.349","5","2","5","1","1","5","3","4","4","5","5","0","0","1","2","-2","1","1","2","5","4","5","4","2","1","2","3","4","3","4","6","4","8","3","7","6","5","7","5","5","3","3","6","2","5","2","5","5","1","2","2","5","1","1","5","5","4","6","3","1","2","2","1","1","2","6","2","1","7","1","1","1","1","1","2","1","7","1","3","799230569765543938","仲","102","Female","[""坏我"",""好我"",""好她"",""坏她""]","[""弱我"",""强我"",""强她"",""弱她""]","","","","","","","","","","","","","","","","","","feedback_test","","","","","","","","","","","","","","","","","","","","",""
"754","","j","psychophysics","2284","3527194","0.0-10.0-0.1-4.1-0.8-0.350","5","2","5","1","1","5","3","4","4","5","5","0","0","1","2","-2","1","1","2","5","4","5","4","2","1","2","3","4","3","4","6","4","8","3","7","6","5","7","5","5","3","3","6","2","5","2","5","5","1","2","2","5","1","1","5","5","4","6","3","1","2","2","1","1","2","6","2","1","7","1","1","1","1","1","2","1","7","1","3","799230569765543938","仲","102","Female","[""坏我"",""好我"",""好她"",""坏她""]","[""弱我"",""强我"",""强她"",""弱她""]","","","","","","","","nonmatch","","","","","","","","","ALT2","moral","","key","j","16.665384615386408","683","380","","好她","","","","j","true","","","nonmatch","","img/square.png","坏我","",""
"null","<span style='color:GreenYellow; font-size: 70px;'>正确! </span>","null","html-keyboard-response","2285","3527699","0.0-10.0-0.1-4.1-0.8-1.350","5","2","5","1","1","5","3","4","4","5","5","0","0","1","2","-2","1","1","2","5","4","5","4","2","1","2","3","4","3","4","6","4","8","3","7","6","5","7","5","5","3","3","6","2","5","2","5","5","1","2","2","5","1","1","5","5","4","6","3","1","2","2","1","1","2","6","2","1","7","1","1","1","1","1","2","1","7","1","3","799230569765543938","仲","102","Female","[""坏我"",""好我"",""好她"",""坏她""]","[""弱我"",""强我"",""强她"",""弱她""]","","","","","","","","","","","","","","","","","","feedback_test","","","","","","","","","","","","","","","","","","","","",""
"730","","f","psychophysics","2286","3529434","0.0-10.0-0.1-4.1-0.8-0.351","5","2","5","1","1","5","3","4","4","5","5","0","0","1","2","-2","1","1","2","5","4","5","4","2","1","2","3","4","3","4","6","4","8","3","7","6","5","7","5","5","3","3","6","2","5","2","5","5","1","2","2","5","1","1","5","5","4","6","3","1","2","2","1","1","2","6","2","1","7","1","1","1","1","1","2","1","7","1","3","799230569765543938","仲","102","Female","[""坏我"",""好我"",""好她"",""坏她""]","[""弱我"",""强我"",""强她"",""弱她""]","","","","","","","","match","","","","","","","","","ALT2","moral","","key","f","16.666019417476633","683","380","","坏我","","","","f","true","","","match","","img/square.png","坏我","",""
"null","<span style='color:GreenYellow; font-size: 70px;'>正确! </span>","null","html-keyboard-response","2287","3529936","0.0-10.0-0.1-4.1-0.8-1.351","5","2","5","1","1","5","3","4","4","5","5","0","0","1","2","-2","1","1","2","5","4","5","4","2","1","2","3","4","3","4","6","4","8","3","7","6","5","7","5","5","3","3","6","2","5","2","5","5","1","2","2","5","1","1","5","5","4","6","3","1","2","2","1","1","2","6","2","1","7","1","1","1","1","1","2","1","7","1","3","799230569765543938","仲","102","Female","[""坏我"",""好我"",""好她"",""坏她""]","[""弱我"",""强我"",""强她"",""弱她""]","","","","","","","","","","","","","","","","","","feedback_test","","","","","","","","","","","","","","","","","","","","",""
"594","","j","psychophysics","2288","3531534","0.0-10.0-0.1-4.1-0.8-0.352","5","2","5","1","1","5","3","4","4","5","5","0","0","1","2","-2","1","1","2","5","4","5","4","2","1","2","3","4","3","4","6","4","8","3","7","6","5","7","5","5","3","3","6","2","5","2","5","5","1","2","2","5","1","1","5","5","4","6","3","1","2","2","1","1","2","6","2","1","7","1","1","1","1","1","2","1","7","1","3","799230569765543938","仲","102","Female","[""坏我"",""好我"",""好她"",""坏她""]","[""弱我"",""强我"",""强她"",""弱她""]","","","","","","","","nonmatch","","","","","","","","","ALT2","moral","","key","j","16.665263157891797","683","380","","坏她","","","","j","true","","","nonmatch","","img/square.png","坏我","",""
"null","<span style='color:GreenYellow; font-size: 70px;'>正确! </span>","null","html-keyboard-response","2289","3532043","0.0-10.0-0.1-4.1-0.8-1.352","5","2","5","1","1","5","3","4","4","5","5","0","0","1","2","-2","1","1","2","5","4","5","4","2","1","2","3","4","3","4","6","4","8","3","7","6","5","7","5","5","3","3","6","2","5","2","5","5","1","2","2","5","1","1","5","5","4","6","3","1","2","2","1","1","2","6","2","1","7","1","1","1","1","1","2","1","7","1","3","799230569765543938","仲","102","Female","[""坏我"",""好我"",""好她"",""坏她""]","[""弱我"",""强我"",""强她"",""弱她""]","","","","","","","","","","","","","","","","","","feedback_test","","","","","","","","","","","","","","","","","","","","",""
"863","","f","psychophysics","2290","3533909","0.0-10.0-0.1-4.1-0.8-0.353","5","2","5","1","1","5","3","4","4","5","5","0","0","1","2","-2","1","1","2","5","4","5","4","2","1","2","3","4","3","4","6","4","8","3","7","6","5","7","5","5","3","3","6","2","5","2","5","5","1","2","2","5","1","1","5","5","4","6","3","1","2","2","1","1","2","6","2","1","7","1","1","1","1","1","2","1","7","1","3","799230569765543938","仲","102","Female","[""坏我"",""好我"",""好她"",""坏她""]","[""弱我"",""强我"",""强她"",""弱她""]","","","","","","","","match","","","","","","","","","ALT2","moral","","key","f","16.665765765764927","683","380","","好我","","","","f","true","","","match","","img/ellipse.png","好我","",""
"null","<span style='color:GreenYellow; font-size: 70px;'>正确! </span>","null","html-keyboard-response","2291","3534411","0.0-10.0-0.1-4.1-0.8-1.353","5","2","5","1","1","5","3","4","4","5","5","0","0","1","2","-2","1","1","2","5","4","5","4","2","1","2","3","4","3","4","6","4","8","3","7","6","5","7","5","5","3","3","6","2","5","2","5","5","1","2","2","5","1","1","5","5","4","6","3","1","2","2","1","1","2","6","2","1","7","1","1","1","1","1","2","1","7","1","3","799230569765543938","仲","102","Female","[""坏我"",""好我"",""好她"",""坏她""]","[""弱我"",""强我"",""强她"",""弱她""]","","","","","","","","","","","","","","","","","","feedback_test","","","","","","","","","","","","","","","","","","","","",""
"556","","f","psychophysics","2292","3535968","0.0-10.0-0.1-4.1-0.8-0.354","5","2","5","1","1","5","3","4","4","5","5","0","0","1","2","-2","1","1","2","5","4","5","4","2","1","2","3","4","3","4","6","4","8","3","7","6","5","7","5","5","3","3","6","2","5","2","5","5","1","2","2","5","1","1","5","5","4","6","3","1","2","2","1","1","2","6","2","1","7","1","1","1","1","1","2","1","7","1","3","799230569765543938","仲","102","Female","[""坏我"",""好我"",""好她"",""坏她""]","[""弱我"",""强我"",""强她"",""弱她""]","","","","","","","","match","","","","","","","","","ALT2","moral","","key","f","16.59673913043377","683","380","","好我","","","","f","true","","","match","","img/ellipse.png","好我","",""
"null","<span style='color:GreenYellow; font-size: 70px;'>正确! </span>","null","html-keyboard-response","2293","3536472","0.0-10.0-0.1-4.1-0.8-1.354","5","2","5","1","1","5","3","4","4","5","5","0","0","1","2","-2","1","1","2","5","4","5","4","2","1","2","3","4","3","4","6","4","8","3","7","6","5","7","5","5","3","3","6","2","5","2","5","5","1","2","2","5","1","1","5","5","4","6","3","1","2","2","1","1","2","6","2","1","7","1","1","1","1","1","2","1","7","1","3","799230569765543938","仲","102","Female","[""坏我"",""好我"",""好她"",""坏她""]","[""弱我"",""强我"",""强她"",""弱她""]","","","","","","","","","","","","","","","","","","feedback_test","","","","","","","","","","","","","","","","","","","","",""
"642","","j","psychophysics","2294","3538120","0.0-10.0-0.1-4.1-0.8-0.355","5","2","5","1","1","5","3","4","4","5","5","0","0","1","2","-2","1","1","2","5","4","5","4","2","1","2","3","4","3","4","6","4","8","3","7","6","5","7","5","5","3","3","6","2","5","2","5","5","1","2","2","5","1","1","5","5","4","6","3","1","2","2","1","1","2","6","2","1","7","1","1","1","1","1","2","1","7","1","3","799230569765543938","仲","102","Female","[""坏我"",""好我"",""好她"",""坏她""]","[""弱我"",""强我"",""强她"",""弱她""]","","","","","","","","nonmatch","","","","","","","","","ALT2","moral","","key","j","16.664948453608247","683","380","","坏我","","","","j","true","","","nonmatch","","img/ellipse.png","好我","",""
"null","<span style='color:GreenYellow; font-size: 70px;'>正确! </span>","null","html-keyboard-response","2295","3538627","0.0-10.0-0.1-4.1-0.8-1.355","5","2","5","1","1","5","3","4","4","5","5","0","0","1","2","-2","1","1","2","5","4","5","4","2","1","2","3","4","3","4","6","4","8","3","7","6","5","7","5","5","3","3","6","2","5","2","5","5","1","2","2","5","1","1","5","5","4","6","3","1","2","2","1","1","2","6","2","1","7","1","1","1","1","1","2","1","7","1","3","799230569765543938","仲","102","Female","[""坏我"",""好我"",""好她"",""坏她""]","[""弱我"",""强我"",""强她"",""弱她""]","","","","","","","","","","","","","","","","","","feedback_test","","","","","","","","","","","","","","","","","","","","",""
"893","","j","psychophysics","2296","3540522","0.0-10.0-0.1-4.1-0.8-0.356","5","2","5","1","1","5","3","4","4","5","5","0","0","1","2","-2","1","1","2","5","4","5","4","2","1","2","3","4","3","4","6","4","8","3","7","6","5","7","5","5","3","3","6","2","5","2","5","5","1","2","2","5","1","1","5","5","4","6","3","1","2","2","1","1","2","6","2","1","7","1","1","1","1","1","2","1","7","1","3","799230569765543938","仲","102","Female","[""坏我"",""好我"",""好她"",""坏她""]","[""弱我"",""强我"",""强她"",""弱她""]","","","","","","","","nonmatch","","","","","","","","","ALT2","moral","","key","j","16.66607142857226","683","380","","好她","","","","j","true","","","nonmatch","","img/hexagon.png","坏她","",""
"null","<span style='color:GreenYellow; font-size: 70px;'>正确! </span>","null","html-keyboard-response","2297","3541026","0.0-10.0-0.1-4.1-0.8-1.356","5","2","5","1","1","5","3","4","4","5","5","0","0","1","2","-2","1","1","2","5","4","5","4","2","1","2","3","4","3","4","6","4","8","3","7","6","5","7","5","5","3","3","6","2","5","2","5","5","1","2","2","5","1","1","5","5","4","6","3","1","2","2","1","1","2","6","2","1","7","1","1","1","1","1","2","1","7","1","3","799230569765543938","仲","102","Female","[""坏我"",""好我"",""好她"",""坏她""]","[""弱我"",""强我"",""强她"",""弱她""]","","","","","","","","","","","","","","","","","","feedback_test","","","","","","","","","","","","","","","","","","","","",""
"703","","j","psychophysics","2298","3542731","0.0-10.0-0.1-4.1-0.8-0.357","5","2","5","1","1","5","3","4","4","5","5","0","0","1","2","-2","1","1","2","5","4","5","4","2","1","2","3","4","3","4","6","4","8","3","7","6","5","7","5","5","3","3","6","2","5","2","5","5","1","2","2","5","1","1","5","5","4","6","3","1","2","2","1","1","2","6","2","1","7","1","1","1","1","1","2","1","7","1","3","799230569765543938","仲","102","Female","[""坏我"",""好我"",""好她"",""坏她""]","[""弱我"",""强我"",""强她"",""弱她""]","","","","","","","","nonmatch","","","","","","","","","ALT2","moral","","key","j","16.66568627450889","683","380","","坏我","","","","j","true","","","nonmatch","","img/hexagon.png","坏她","",""
"null","<span style='color:GreenYellow; font-size: 70px;'>正确! </span>","null","html-keyboard-response","2299","3543239","0.0-10.0-0.1-4.1-0.8-1.357","5","2","5","1","1","5","3","4","4","5","5","0","0","1","2","-2","1","1","2","5","4","5","4","2","1","2","3","4","3","4","6","4","8","3","7","6","5","7","5","5","3","3","6","2","5","2","5","5","1","2","2","5","1","1","5","5","4","6","3","1","2","2","1","1","2","6","2","1","7","1","1","1","1","1","2","1","7","1","3","799230569765543938","仲","102","Female","[""坏我"",""好我"",""好她"",""坏她""]","[""弱我"",""强我"",""强她"",""弱她""]","","","","","","","","","","","","","","","","","","feedback_test","","","","","","","","","","","","","","","","","","","","",""
"685","","f","psychophysics","2300","3544929","0.0-10.0-0.1-4.1-0.8-0.358","5","2","5","1","1","5","3","4","4","5","5","0","0","1","2","-2","1","1","2","5","4","5","4","2","1","2","3","4","3","4","6","4","8","3","7","6","5","7","5","5","3","3","6","2","5","2","5","5","1","2","2","5","1","1","5","5","4","6","3","1","2","2","1","1","2","6","2","1","7","1","1","1","1","1","2","1","7","1","3","799230569765543938","仲","102","Female","[""坏我"",""好我"",""好她"",""坏她""]","[""弱我"",""强我"",""强她"",""弱她""]","","","","","","","","match","","","","","","","","","ALT2","moral","","key","f","16.665656565655624","683","380","","好她","","","","f","true","","","match","","img/triangle.png","好她","",""
"null","<span style='color:GreenYellow; font-size: 70px;'>正确! </span>","null","html-keyboard-response","2301","3545435","0.0-10.0-0.1-4.1-0.8-1.358","5","2","5","1","1","5","3","4","4","5","5","0","0","1","2","-2","1","1","2","5","4","5","4","2","1","2","3","4","3","4","6","4","8","3","7","6","5","7","5","5","3","3","6","2","5","2","5","5","1","2","2","5","1","1","5","5","4","6","3","1","2","2","1","1","2","6","2","1","7","1","1","1","1","1","2","1","7","1","3","799230569765543938","仲","102","Female","[""坏我"",""好我"",""好她"",""坏她""]","[""弱我"",""强我"",""强她"",""弱她""]","","","","","","","","","","","","","","","","","","feedback_test","","","","","","","","","","","","","","","","","","","","",""
"717","","j","psychophysics","2302","3547155","0.0-10.0-0.1-4.1-0.8-0.359","5","2","5","1","1","5","3","4","4","5","5","0","0","1","2","-2","1","1","2","5","4","5","4","2","1","2","3","4","3","4","6","4","8","3","7","6","5","7","5","5","3","3","6","2","5","2","5","5","1","2","2","5","1","1","5","5","4","6","3","1","2","2","1","1","2","6","2","1","7","1","1","1","1","1","2","1","7","1","3","799230569765543938","仲","102","Female","[""坏我"",""好我"",""好她"",""坏她""]","[""弱我"",""强我"",""强她"",""弱她""]","","","","","","","","nonmatch","","","","","","","","","ALT2","moral","","key","j","16.666336633666134","683","380","","好她","","","","j","true","","","nonmatch","","img/ellipse.png","好我","",""
"null","<span style='color:GreenYellow; font-size: 70px;'>正确! </span>","null","html-keyboard-response","2303","3547662","0.0-10.0-0.1-4.1-0.8-1.359","5","2","5","1","1","5","3","4","4","5","5","0","0","1","2","-2","1","1","2","5","4","5","4","2","1","2","3","4","3","4","6","4","8","3","7","6","5","7","5","5","3","3","6","2","5","2","5","5","1","2","2","5","1","1","5","5","4","6","3","1","2","2","1","1","2","6","2","1","7","1","1","1","1","1","2","1","7","1","3","799230569765543938","仲","102","Female","[""坏我"",""好我"",""好她"",""坏她""]","[""弱我"",""强我"",""强她"",""弱她""]","","","","","","","","","","","","","","","","","","feedback_test","","","","","","","","","","","","","","","","","","","","",""
"739","","f","psychophysics","2304","3549404","0.0-10.0-0.1-4.1-0.8-0.360","5","2","5","1","1","5","3","4","4","5","5","0","0","1","2","-2","1","1","2","5","4","5","4","2","1","2","3","4","3","4","6","4","8","3","7","6","5","7","5","5","3","3","6","2","5","2","5","5","1","2","2","5","1","1","5","5","4","6","3","1","2","2","1","1","2","6","2","1","7","1","1","1","1","1","2","1","7","1","3","799230569765543938","仲","102","Female","[""坏我"",""好我"",""好她"",""坏她""]","[""弱我"",""强我"",""强她"",""弱她""]","","","","","","","","match","","","","","","","","","ALT2","moral","","key","f","16.666019417476633","683","380","","好我","","","","f","true","","","match","","img/ellipse.png","好我","",""
"null","<span style='color:GreenYellow; font-size: 70px;'>正确! </span>","null","html-keyboard-response","2305","3549906","0.0-10.0-0.1-4.1-0.8-1.360","5","2","5","1","1","5","3","4","4","5","5","0","0","1","2","-2","1","1","2","5","4","5","4","2","1","2","3","4","3","4","6","4","8","3","7","6","5","7","5","5","3","3","6","2","5","2","5","5","1","2","2","5","1","1","5","5","4","6","3","1","2","2","1","1","2","6","2","1","7","1","1","1","1","1","2","1","7","1","3","799230569765543938","仲","102","Female","[""坏我"",""好我"",""好她"",""坏她""]","[""弱我"",""强我"",""强她"",""弱她""]","","","","","","","","","","","","","","","","","","feedback_test","","","","","","","","","","","","","","","","","","","","",""
"806","","f","psychophysics","2306","3551716","0.0-10.0-0.1-4.1-0.8-0.361","5","2","5","1","1","5","3","4","4","5","5","0","0","1","2","-2","1","1","2","5","4","5","4","2","1","2","3","4","3","4","6","4","8","3","7","6","5","7","5","5","3","3","6","2","5","2","5","5","1","2","2","5","1","1","5","5","4","6","3","1","2","2","1","1","2","6","2","1","7","1","1","1","1","1","2","1","7","1","3","799230569765543938","仲","102","Female","[""坏我"",""好我"",""好她"",""坏她""]","[""弱我"",""强我"",""强她"",""弱她""]","","","","","","","","match","","","","","","","","","ALT2","moral","","key","f","16.666037735849937","683","380","","坏我","","","","f","true","","","match","","img/square.png","坏我","",""
"null","<span style='color:GreenYellow; font-size: 70px;'>正确! </span>","null","html-keyboard-response","2307","3552221","0.0-10.0-0.1-4.1-0.8-1.361","5","2","5","1","1","5","3","4","4","5","5","0","0","1","2","-2","1","1","2","5","4","5","4","2","1","2","3","4","3","4","6","4","8","3","7","6","5","7","5","5","3","3","6","2","5","2","5","5","1","2","2","5","1","1","5","5","4","6","3","1","2","2","1","1","2","6","2","1","7","1","1","1","1","1","2","1","7","1","3","799230569765543938","仲","102","Female","[""坏我"",""好我"",""好她"",""坏她""]","[""弱我"",""强我"",""强她"",""弱她""]","","","","","","","","","","","","","","","","","","feedback_test","","","","","","","","","","","","","","","","","","","","",""
"584","","f","psychophysics","2308","3553812","0.0-10.0-0.1-4.1-0.8-0.362","5","2","5","1","1","5","3","4","4","5","5","0","0","1","2","-2","1","1","2","5","4","5","4","2","1","2","3","4","3","4","6","4","8","3","7","6","5","7","5","5","3","3","6","2","5","2","5","5","1","2","2","5","1","1","5","5","4","6","3","1","2","2","1","1","2","6","2","1","7","1","1","1","1","1","2","1","7","1","3","799230569765543938","仲","102","Female","[""坏我"",""好我"",""好她"",""坏她""]","[""弱我"",""强我"",""强她"",""弱她""]","","","","","","","","match","","","","","","","","","ALT2","moral","","key","f","16.6659574468095","683","380","","好她","","","","f","true","","","match","","img/triangle.png","好她","",""
"null","<span style='color:GreenYellow; font-size: 70px;'>正确! </span>","null","html-keyboard-response","2309","3554315","0.0-10.0-0.1-4.1-0.8-1.362","5","2","5","1","1","5","3","4","4","5","5","0","0","1","2","-2","1","1","2","5","4","5","4","2","1","2","3","4","3","4","6","4","8","3","7","6","5","7","5","5","3","3","6","2","5","2","5","5","1","2","2","5","1","1","5","5","4","6","3","1","2","2","1","1","2","6","2","1","7","1","1","1","1","1","2","1","7","1","3","799230569765543938","仲","102","Female","[""坏我"",""好我"",""好她"",""坏她""]","[""弱我"",""强我"",""强她"",""弱她""]","","","","","","","","","","","","","","","","","","feedback_test","","","","","","","","","","","","","","","","","","","","",""
"706","","j","psychophysics","2310","3556030","0.0-10.0-0.1-4.1-0.8-0.363","5","2","5","1","1","5","3","4","4","5","5","0","0","1","2","-2","1","1","2","5","4","5","4","2","1","2","3","4","3","4","6","4","8","3","7","6","5","7","5","5","3","3","6","2","5","2","5","5","1","2","2","5","1","1","5","5","4","6","3","1","2","2","1","1","2","6","2","1","7","1","1","1","1","1","2","1","7","1","3","799230569765543938","仲","102","Female","[""坏我"",""好我"",""好她"",""坏她""]","[""弱我"",""强我"",""强她"",""弱她""]","","","","","","","","nonmatch","","","","","","","","","ALT2","moral","","key","j","16.666666666666668","683","380","","好我","","","","j","true","","","nonmatch","","img/hexagon.png","坏她","",""
"null","<span style='color:GreenYellow; font-size: 70px;'>正确! </span>","null","html-keyboard-response","2311","3556534","0.0-10.0-0.1-4.1-0.8-1.363","5","2","5","1","1","5","3","4","4","5","5","0","0","1","2","-2","1","1","2","5","4","5","4","2","1","2","3","4","3","4","6","4","8","3","7","6","5","7","5","5","3","3","6","2","5","2","5","5","1","2","2","5","1","1","5","5","4","6","3","1","2","2","1","1","2","6","2","1","7","1","1","1","1","1","2","1","7","1","3","799230569765543938","仲","102","Female","[""坏我"",""好我"",""好她"",""坏她""]","[""弱我"",""强我"",""强她"",""弱她""]","","","","","","","","","","","","","","","","","","feedback_test","","","","","","","","","","","","","","","","","","","","",""
"605","","f","psychophysics","2312","3558142","0.0-10.0-0.1-4.1-0.8-0.364","5","2","5","1","1","5","3","4","4","5","5","0","0","1","2","-2","1","1","2","5","4","5","4","2","1","2","3","4","3","4","6","4","8","3","7","6","5","7","5","5","3","3","6","2","5","2","5","5","1","2","2","5","1","1","5","5","4","6","3","1","2","2","1","1","2","6","2","1","7","1","1","1","1","1","2","1","7","1","3","799230569765543938","仲","102","Female","[""坏我"",""好我"",""好她"",""坏她""]","[""弱我"",""强我"",""强她"",""弱她""]","","","","","","","","match","","","","","","","","","ALT2","moral","","key","f","16.666315789471724","683","380","","好我","","","","f","true","","","match","","img/ellipse.png","好我","",""
"null","<span style='color:GreenYellow; font-size: 70px;'>正确! </span>","null","html-keyboard-response","2313","3558646","0.0-10.0-0.1-4.1-0.8-1.364","5","2","5","1","1","5","3","4","4","5","5","0","0","1","2","-2","1","1","2","5","4","5","4","2","1","2","3","4","3","4","6","4","8","3","7","6","5","7","5","5","3","3","6","2","5","2","5","5","1","2","2","5","1","1","5","5","4","6","3","1","2","2","1","1","2","6","2","1","7","1","1","1","1","1","2","1","7","1","3","799230569765543938","仲","102","Female","[""坏我"",""好我"",""好她"",""坏她""]","[""弱我"",""强我"",""强她"",""弱她""]","","","","","","","","","","","","","","","","","","feedback_test","","","","","","","","","","","","","","","","","","","","",""
"704","","j","psychophysics","2314","3560353","0.0-10.0-0.1-4.1-0.8-0.365","5","2","5","1","1","5","3","4","4","5","5","0","0","1","2","-2","1","1","2","5","4","5","4","2","1","2","3","4","3","4","6","4","8","3","7","6","5","7","5","5","3","3","6","2","5","2","5","5","1","2","2","5","1","1","5","5","4","6","3","1","2","2","1","1","2","6","2","1","7","1","1","1","1","1","2","1","7","1","3","799230569765543938","仲","102","Female","[""坏我"",""好我"",""好她"",""坏她""]","[""弱我"",""强我"",""强她"",""弱她""]","","","","","","","","nonmatch","","","","","","","","","ALT2","moral","","key","j","16.6653465346507","683","380","","好我","","","","j","true","","","nonmatch","","img/triangle.png","好她","",""
"null","<span style='color:GreenYellow; font-size: 70px;'>正确! </span>","null","html-keyboard-response","2315","3560855","0.0-10.0-0.1-4.1-0.8-1.365","5","2","5","1","1","5","3","4","4","5","5","0","0","1","2","-2","1","1","2","5","4","5","4","2","1","2","3","4","3","4","6","4","8","3","7","6","5","7","5","5","3","3","6","2","5","2","5","5","1","2","2","5","1","1","5","5","4","6","3","1","2","2","1","1","2","6","2","1","7","1","1","1","1","1","2","1","7","1","3","799230569765543938","仲","102","Female","[""坏我"",""好我"",""好她"",""坏她""]","[""弱我"",""强我"",""强她"",""弱她""]","","","","","","","","","","","","","","","","","","feedback_test","","","","","","","","","","","","","","","","","","","","",""
"773","","f","psychophysics","2316","3562630","0.0-10.0-0.1-4.1-0.8-0.366","5","2","5","1","1","5","3","4","4","5","5","0","0","1","2","-2","1","1","2","5","4","5","4","2","1","2","3","4","3","4","6","4","8","3","7","6","5","7","5","5","3","3","6","2","5","2","5","5","1","2","2","5","1","1","5","5","4","6","3","1","2","2","1","1","2","6","2","1","7","1","1","1","1","1","2","1","7","1","3","799230569765543938","仲","102","Female","[""坏我"",""好我"",""好她"",""坏她""]","[""弱我"",""强我"",""强她"",""弱她""]","","","","","","","","match","","","","","","","","","ALT2","moral","","key","f","16.66509433962264","683","380","","好她","","","","f","true","","","match","","img/triangle.png","好她","",""
"null","<span style='color:GreenYellow; font-size: 70px;'>正确! </span>","null","html-keyboard-response","2317","3563132","0.0-10.0-0.1-4.1-0.8-1.366","5","2","5","1","1","5","3","4","4","5","5","0","0","1","2","-2","1","1","2","5","4","5","4","2","1","2","3","4","3","4","6","4","8","3","7","6","5","7","5","5","3","3","6","2","5","2","5","5","1","2","2","5","1","1","5","5","4","6","3","1","2","2","1","1","2","6","2","1","7","1","1","1","1","1","2","1","7","1","3","799230569765543938","仲","102","Female","[""坏我"",""好我"",""好她"",""坏她""]","[""弱我"",""强我"",""强她"",""弱她""]","","","","","","","","","","","","","","","","","","feedback_test","","","","","","","","","","","","","","","","","","","","",""
"573","","f","psychophysics","2318","3564709","0.0-10.0-0.1-4.1-0.8-0.367","5","2","5","1","1","5","3","4","4","5","5","0","0","1","2","-2","1","1","2","5","4","5","4","2","1","2","3","4","3","4","6","4","8","3","7","6","5","7","5","5","3","3","6","2","5","2","5","5","1","2","2","5","1","1","5","5","4","6","3","1","2","2","1","1","2","6","2","1","7","1","1","1","1","1","2","1","7","1","3","799230569765543938","仲","102","Female","[""坏我"",""好我"",""好她"",""坏她""]","[""弱我"",""强我"",""强她"",""弱她""]","","","","","","","","match","","","","","","","","","ALT2","moral","","key","f","16.665591397848463","683","380","","好我","","","","f","true","","","match","","img/ellipse.png","好我","",""
"null","<span style='color:GreenYellow; font-size: 70px;'>正确! </span>","null","html-keyboard-response","2319","3565216","0.0-10.0-0.1-4.1-0.8-1.367","5","2","5","1","1","5","3","4","4","5","5","0","0","1","2","-2","1","1","2","5","4","5","4","2","1","2","3","4","3","4","6","4","8","3","7","6","5","7","5","5","3","3","6","2","5","2","5","5","1","2","2","5","1","1","5","5","4","6","3","1","2","2","1","1","2","6","2","1","7","1","1","1","1","1","2","1","7","1","3","799230569765543938","仲","102","Female","[""坏我"",""好我"",""好她"",""坏她""]","[""弱我"",""强我"",""强她"",""弱她""]","","","","","","","","","","","","","","","","","","feedback_test","","","","","","","","","","","","","","","","","","","","",""
"709","","j","psychophysics","2320","3566932","0.0-10.0-0.1-4.1-0.8-0.368","5","2","5","1","1","5","3","4","4","5","5","0","0","1","2","-2","1","1","2","5","4","5","4","2","1","2","3","4","3","4","6","4","8","3","7","6","5","7","5","5","3","3","6","2","5","2","5","5","1","2","2","5","1","1","5","5","4","6","3","1","2","2","1","1","2","6","2","1","7","1","1","1","1","1","2","1","7","1","3","799230569765543938","仲","102","Female","[""坏我"",""好我"",""好她"",""坏她""]","[""弱我"",""强我"",""强她"",""弱她""]","","","","","","","","nonmatch","","","","","","","","","ALT2","moral","","key","j","16.66568627450889","683","380","","坏我","","","","j","true","","","nonmatch","","img/triangle.png","好她","",""
"null","<span style='color:GreenYellow; font-size: 70px;'>正确! </span>","null","html-keyboard-response","2321","3567434","0.0-10.0-0.1-4.1-0.8-1.368","5","2","5","1","1","5","3","4","4","5","5","0","0","1","2","-2","1","1","2","5","4","5","4","2","1","2","3","4","3","4","6","4","8","3","7","6","5","7","5","5","3","3","6","2","5","2","5","5","1","2","2","5","1","1","5","5","4","6","3","1","2","2","1","1","2","6","2","1","7","1","1","1","1","1","2","1","7","1","3","799230569765543938","仲","102","Female","[""坏我"",""好我"",""好她"",""坏她""]","[""弱我"",""强我"",""强她"",""弱她""]","","","","","","","","","","","","","","","","","","feedback_test","","","","","","","","","","","","","","","","","","","","",""
"808","","j","psychophysics","2322","3569251","0.0-10.0-0.1-4.1-0.8-0.369","5","2","5","1","1","5","3","4","4","5","5","0","0","1","2","-2","1","1","2","5","4","5","4","2","1","2","3","4","3","4","6","4","8","3","7","6","5","7","5","5","3","3","6","2","5","2","5","5","1","2","2","5","1","1","5","5","4","6","3","1","2","2","1","1","2","6","2","1","7","1","1","1","1","1","2","1","7","1","3","799230569765543938","仲","102","Female","[""坏我"",""好我"",""好她"",""坏她""]","[""弱我"",""强我"",""强她"",""弱她""]","","","","","","","","nonmatch","","","","","","","","","ALT2","moral","","key","j","16.666355140185175","683","380","","坏她","","","","j","true","","","nonmatch","","img/square.png","坏我","",""
"null","<span style='color:GreenYellow; font-size: 70px;'>正确! </span>","null","html-keyboard-response","2323","3569757","0.0-10.0-0.1-4.1-0.8-1.369","5","2","5","1","1","5","3","4","4","5","5","0","0","1","2","-2","1","1","2","5","4","5","4","2","1","2","3","4","3","4","6","4","8","3","7","6","5","7","5","5","3","3","6","2","5","2","5","5","1","2","2","5","1","1","5","5","4","6","3","1","2","2","1","1","2","6","2","1","7","1","1","1","1","1","2","1","7","1","3","799230569765543938","仲","102","Female","[""坏我"",""好我"",""好她"",""坏她""]","[""弱我"",""强我"",""强她"",""弱她""]","","","","","","","","","","","","","","","","","","feedback_test","","","","","","","","","","","","","","","","","","","","",""
"1003","","f","psychophysics","2324","3571763","0.0-10.0-0.1-4.1-0.8-0.370","5","2","5","1","1","5","3","4","4","5","5","0","0","1","2","-2","1","1","2","5","4","5","4","2","1","2","3","4","3","4","6","4","8","3","7","6","5","7","5","5","3","3","6","2","5","2","5","5","1","2","2","5","1","1","5","5","4","6","3","1","2","2","1","1","2","6","2","1","7","1","1","1","1","1","2","1","7","1","3","799230569765543938","仲","102","Female","[""坏我"",""好我"",""好她"",""坏她""]","[""弱我"",""强我"",""强她"",""弱她""]","","","","","","","","match","","","","","","","","","ALT2","moral","","key","f","16.666101694916044","683","380","","坏她","","","","f","true","","","match","","img/hexagon.png","坏她","",""
"null","<span style='color:GreenYellow; font-size: 70px;'>正确! </span>","null","html-keyboard-response","2325","3572270","0.0-10.0-0.1-4.1-0.8-1.370","5","2","5","1","1","5","3","4","4","5","5","0","0","1","2","-2","1","1","2","5","4","5","4","2","1","2","3","4","3","4","6","4","8","3","7","6","5","7","5","5","3","3","6","2","5","2","5","5","1","2","2","5","1","1","5","5","4","6","3","1","2","2","1","1","2","6","2","1","7","1","1","1","1","1","2","1","7","1","3","799230569765543938","仲","102","Female","[""坏我"",""好我"",""好她"",""坏她""]","[""弱我"",""强我"",""强她"",""弱她""]","","","","","","","","","","","","","","","","","","feedback_test","","","","","","","","","","","","","","","","","","","","",""
"852","","f","psychophysics","2326","3574128","0.0-10.0-0.1-4.1-0.8-0.371","5","2","5","1","1","5","3","4","4","5","5","0","0","1","2","-2","1","1","2","5","4","5","4","2","1","2","3","4","3","4","6","4","8","3","7","6","5","7","5","5","3","3","6","2","5","2","5","5","1","2","2","5","1","1","5","5","4","6","3","1","2","2","1","1","2","6","2","1","7","1","1","1","1","1","2","1","7","1","3","799230569765543938","仲","102","Female","[""坏我"",""好我"",""好她"",""坏她""]","[""弱我"",""强我"",""强她"",""弱她""]","","","","","","","","match","","","","","","","","","ALT2","moral","","key","f","16.664864864863187","683","380","","坏她","","","","f","true","","","match","","img/hexagon.png","坏她","",""
"null","<span style='color:GreenYellow; font-size: 70px;'>正确! </span>","null","html-keyboard-response","2327","3574637","0.0-10.0-0.1-4.1-0.8-1.371","5","2","5","1","1","5","3","4","4","5","5","0","0","1","2","-2","1","1","2","5","4","5","4","2","1","2","3","4","3","4","6","4","8","3","7","6","5","7","5","5","3","3","6","2","5","2","5","5","1","2","2","5","1","1","5","5","4","6","3","1","2","2","1","1","2","6","2","1","7","1","1","1","1","1","2","1","7","1","3","799230569765543938","仲","102","Female","[""坏我"",""好我"",""好她"",""坏她""]","[""弱我"",""强我"",""强她"",""弱她""]","","","","","","","","","","","","","","","","","","feedback_test","","","","","","","","","","","","","","","","","","","","",""
"672","","f","psychophysics","2328","3576311","0.0-10.0-0.1-4.1-0.8-0.372","5","2","5","1","1","5","3","4","4","5","5","0","0","1","2","-2","1","1","2","5","4","5","4","2","1","2","3","4","3","4","6","4","8","3","7","6","5","7","5","5","3","3","6","2","5","2","5","5","1","2","2","5","1","1","5","5","4","6","3","1","2","2","1","1","2","6","2","1","7","1","1","1","1","1","2","1","7","1","3","799230569765543938","仲","102","Female","[""坏我"",""好我"",""好她"",""坏她""]","[""弱我"",""强我"",""强她"",""弱她""]","","","","","","","","match","","","","","","","","","ALT2","moral","","key","f","16.665656565655624","683","380","","好我","","","","f","true","","","match","","img/ellipse.png","好我","",""
"null","<span style='color:GreenYellow; font-size: 70px;'>正确! </span>","null","html-keyboard-response","2329","3576818","0.0-10.0-0.1-4.1-0.8-1.372","5","2","5","1","1","5","3","4","4","5","5","0","0","1","2","-2","1","1","2","5","4","5","4","2","1","2","3","4","3","4","6","4","8","3","7","6","5","7","5","5","3","3","6","2","5","2","5","5","1","2","2","5","1","1","5","5","4","6","3","1","2","2","1","1","2","6","2","1","7","1","1","1","1","1","2","1","7","1","3","799230569765543938","仲","102","Female","[""坏我"",""好我"",""好她"",""坏她""]","[""弱我"",""强我"",""强她"",""弱她""]","","","","","","","","","","","","","","","","","","feedback_test","","","","","","","","","","","","","","","","","","","","",""
"679","","j","psychophysics","2330","3578504","0.0-10.0-0.1-4.1-0.8-0.373","5","2","5","1","1","5","3","4","4","5","5","0","0","1","2","-2","1","1","2","5","4","5","4","2","1","2","3","4","3","4","6","4","8","3","7","6","5","7","5","5","3","3","6","2","5","2","5","5","1","2","2","5","1","1","5","5","4","6","3","1","2","2","1","1","2","6","2","1","7","1","1","1","1","1","2","1","7","1","3","799230569765543938","仲","102","Female","[""坏我"",""好我"",""好她"",""坏她""]","[""弱我"",""强我"",""强她"",""弱她""]","","","","","","","","nonmatch","","","","","","","","","ALT2","moral","","key","j","16.665999999996274","683","380","","坏她","","","","j","true","","","nonmatch","","img/ellipse.png","好我","",""
"null","<span style='color:GreenYellow; font-size: 70px;'>正确! </span>","null","html-keyboard-response","2331","3579005","0.0-10.0-0.1-4.1-0.8-1.373","5","2","5","1","1","5","3","4","4","5","5","0","0","1","2","-2","1","1","2","5","4","5","4","2","1","2","3","4","3","4","6","4","8","3","7","6","5","7","5","5","3","3","6","2","5","2","5","5","1","2","2","5","1","1","5","5","4","6","3","1","2","2","1","1","2","6","2","1","7","1","1","1","1","1","2","1","7","1","3","799230569765543938","仲","102","Female","[""坏我"",""好我"",""好她"",""坏她""]","[""弱我"",""强我"",""强她"",""弱她""]","","","","","","","","","","","","","","","","","","feedback_test","","","","","","","","","","","","","","","","","","","","",""
"687","","j","psychophysics","2332","3580696","0.0-10.0-0.1-4.1-0.8-0.374","5","2","5","1","1","5","3","4","4","5","5","0","0","1","2","-2","1","1","2","5","4","5","4","2","1","2","3","4","3","4","6","4","8","3","7","6","5","7","5","5","3","3","6","2","5","2","5","5","1","2","2","5","1","1","5","5","4","6","3","1","2","2","1","1","2","6","2","1","7","1","1","1","1","1","2","1","7","1","3","799230569765543938","仲","102","Female","[""坏我"",""好我"",""好她"",""坏她""]","[""弱我"",""强我"",""强她"",""弱她""]","","","","","","","","nonmatch","","","","","","","","","ALT2","moral","","key","j","16.666336633666134","683","380","","好我","","","","j","true","","","nonmatch","","img/square.png","坏我","",""
"null","<span style='color:GreenYellow; font-size: 70px;'>正确! </span>","null","html-keyboard-response","2333","3581210","0.0-10.0-0.1-4.1-0.8-1.374","5","2","5","1","1","5","3","4","4","5","5","0","0","1","2","-2","1","1","2","5","4","5","4","2","1","2","3","4","3","4","6","4","8","3","7","6","5","7","5","5","3","3","6","2","5","2","5","5","1","2","2","5","1","1","5","5","4","6","3","1","2","2","1","1","2","6","2","1","7","1","1","1","1","1","2","1","7","1","3","799230569765543938","仲","102","Female","[""坏我"",""好我"",""好她"",""坏她""]","[""弱我"",""强我"",""强她"",""弱她""]","","","","","","","","","","","","","","","","","","feedback_test","","","","","","","","","","","","","","","","","","","","",""
"701","","j","psychophysics","2334","3582916","0.0-10.0-0.1-4.1-0.8-0.375","5","2","5","1","1","5","3","4","4","5","5","0","0","1","2","-2","1","1","2","5","4","5","4","2","1","2","3","4","3","4","6","4","8","3","7","6","5","7","5","5","3","3","6","2","5","2","5","5","1","2","2","5","1","1","5","5","4","6","3","1","2","2","1","1","2","6","2","1","7","1","1","1","1","1","2","1","7","1","3","799230569765543938","仲","102","Female","[""坏我"",""好我"",""好她"",""坏她""]","[""弱我"",""强我"",""强她"",""弱她""]","","","","","","","","nonmatch","","","","","","","","","ALT2","moral","","key","j","16.66534653465531","683","380","","坏她","","","","j","true","","","nonmatch","","img/triangle.png","好她","",""
"null","<span style='color:GreenYellow; font-size: 70px;'>正确! </span>","null","html-keyboard-response","2335","3583423","0.0-10.0-0.1-4.1-0.8-1.375","5","2","5","1","1","5","3","4","4","5","5","0","0","1","2","-2","1","1","2","5","4","5","4","2","1","2","3","4","3","4","6","4","8","3","7","6","5","7","5","5","3","3","6","2","5","2","5","5","1","2","2","5","1","1","5","5","4","6","3","1","2","2","1","1","2","6","2","1","7","1","1","1","1","1","2","1","7","1","3","799230569765543938","仲","102","Female","[""坏我"",""好我"",""好她"",""坏她""]","[""弱我"",""强我"",""强她"",""弱她""]","","","","","","","","","","","","","","","","","","feedback_test","","","","","","","","","","","","","","","","","","","","",""
"593","","f","psychophysics","2336","3585018","0.0-10.0-0.1-4.1-0.8-0.376","5","2","5","1","1","5","3","4","4","5","5","0","0","1","2","-2","1","1","2","5","4","5","4","2","1","2","3","4","3","4","6","4","8","3","7","6","5","7","5","5","3","3","6","2","5","2","5","5","1","2","2","5","1","1","5","5","4","6","3","1","2","2","1","1","2","6","2","1","7","1","1","1","1","1","2","1","7","1","3","799230569765543938","仲","102","Female","[""坏我"",""好我"",""好她"",""坏她""]","[""弱我"",""强我"",""强她"",""弱她""]","","","","","","","","match","","","","","","","","","ALT2","moral","","key","f","16.666315789476624","683","380","","坏她","","","","f","true","","","match","","img/hexagon.png","坏她","",""
"null","<span style='color:GreenYellow; font-size: 70px;'>正确! </span>","null","html-keyboard-response","2337","3585521","0.0-10.0-0.1-4.1-0.8-1.376","5","2","5","1","1","5","3","4","4","5","5","0","0","1","2","-2","1","1","2","5","4","5","4","2","1","2","3","4","3","4","6","4","8","3","7","6","5","7","5","5","3","3","6","2","5","2","5","5","1","2","2","5","1","1","5","5","4","6","3","1","2","2","1","1","2","6","2","1","7","1","1","1","1","1","2","1","7","1","3","799230569765543938","仲","102","Female","[""坏我"",""好我"",""好她"",""坏她""]","[""弱我"",""强我"",""强她"",""弱她""]","","","","","","","","","","","","","","","","","","feedback_test","","","","","","","","","","","","","","","","","","","","",""
"609","","f","psychophysics","2338","3587133","0.0-10.0-0.1-4.1-0.8-0.377","5","2","5","1","1","5","3","4","4","5","5","0","0","1","2","-2","1","1","2","5","4","5","4","2","1","2","3","4","3","4","6","4","8","3","7","6","5","7","5","5","3","3","6","2","5","2","5","5","1","2","2","5","1","1","5","5","4","6","3","1","2","2","1","1","2","6","2","1","7","1","1","1","1","1","2","1","7","1","3","799230569765543938","仲","102","Female","[""坏我"",""好我"",""好她"",""坏她""]","[""弱我"",""强我"",""强她"",""弱她""]","","","","","","","","match","","","","","","","","","ALT2","moral","","key","f","16.66562499999903","683","380","","好她","","","","f","true","","","match","","img/triangle.png","好她","",""
"null","<span style='color:GreenYellow; font-size: 70px;'>正确! </span>","null","html-keyboard-response","2339","3587635","0.0-10.0-0.1-4.1-0.8-1.377","5","2","5","1","1","5","3","4","4","5","5","0","0","1","2","-2","1","1","2","5","4","5","4","2","1","2","3","4","3","4","6","4","8","3","7","6","5","7","5","5","3","3","6","2","5","2","5","5","1","2","2","5","1","1","5","5","4","6","3","1","2","2","1","1","2","6","2","1","7","1","1","1","1","1","2","1","7","1","3","799230569765543938","仲","102","Female","[""坏我"",""好我"",""好她"",""坏她""]","[""弱我"",""强我"",""强她"",""弱她""]","","","","","","","","","","","","","","","","","","feedback_test","","","","","","","","","","","","","","","","","","","","",""
"738","","f","psychophysics","2340","3589378","0.0-10.0-0.1-4.1-0.8-0.378","5","2","5","1","1","5","3","4","4","5","5","0","0","1","2","-2","1","1","2","5","4","5","4","2","1","2","3","4","3","4","6","4","8","3","7","6","5","7","5","5","3","3","6","2","5","2","5","5","1","2","2","5","1","1","5","5","4","6","3","1","2","2","1","1","2","6","2","1","7","1","1","1","1","1","2","1","7","1","3","799230569765543938","仲","102","Female","[""坏我"",""好我"",""好她"",""坏她""]","[""弱我"",""强我"",""强她"",""弱她""]","","","","","","","","match","","","","","","","","","ALT2","moral","","key","f","16.666346153844362","683","380","","坏我","","","","f","true","","","match","","img/square.png","坏我","",""
"null","<span style='color:GreenYellow; font-size: 70px;'>正确! </span>","null","html-keyboard-response","2341","3589882","0.0-10.0-0.1-4.1-0.8-1.378","5","2","5","1","1","5","3","4","4","5","5","0","0","1","2","-2","1","1","2","5","4","5","4","2","1","2","3","4","3","4","6","4","8","3","7","6","5","7","5","5","3","3","6","2","5","2","5","5","1","2","2","5","1","1","5","5","4","6","3","1","2","2","1","1","2","6","2","1","7","1","1","1","1","1","2","1","7","1","3","799230569765543938","仲","102","Female","[""坏我"",""好我"",""好她"",""坏她""]","[""弱我"",""强我"",""强她"",""弱她""]","","","","","","","","","","","","","","","","","","feedback_test","","","","","","","","","","","","","","","","","","","","",""
"702","","f","psychophysics","2342","3591586","0.0-10.0-0.1-4.1-0.8-0.379","5","2","5","1","1","5","3","4","4","5","5","0","0","1","2","-2","1","1","2","5","4","5","4","2","1","2","3","4","3","4","6","4","8","3","7","6","5","7","5","5","3","3","6","2","5","2","5","5","1","2","2","5","1","1","5","5","4","6","3","1","2","2","1","1","2","6","2","1","7","1","1","1","1","1","2","1","7","1","3","799230569765543938","仲","102","Female","[""坏我"",""好我"",""好她"",""坏她""]","[""弱我"",""强我"",""强她"",""弱她""]","","","","","","","","match","","","","","","","","","ALT2","moral","","key","f","16.6653465346507","683","380","","坏我","","","","f","true","","","match","","img/square.png","坏我","",""
"null","<span style='color:GreenYellow; font-size: 70px;'>正确! </span>","null","html-keyboard-response","2343","3592093","0.0-10.0-0.1-4.1-0.8-1.379","5","2","5","1","1","5","3","4","4","5","5","0","0","1","2","-2","1","1","2","5","4","5","4","2","1","2","3","4","3","4","6","4","8","3","7","6","5","7","5","5","3","3","6","2","5","2","5","5","1","2","2","5","1","1","5","5","4","6","3","1","2","2","1","1","2","6","2","1","7","1","1","1","1","1","2","1","7","1","3","799230569765543938","仲","102","Female","[""坏我"",""好我"",""好她"",""坏她""]","[""弱我"",""强我"",""强她"",""弱她""]","","","","","","","","","","","","","","","","","","feedback_test","","","","","","","","","","","","","","","","","","","","",""
"911","","j","psychophysics","2344","3594011","0.0-10.0-0.1-4.1-0.8-0.380","5","2","5","1","1","5","3","4","4","5","5","0","0","1","2","-2","1","1","2","5","4","5","4","2","1","2","3","4","3","4","6","4","8","3","7","6","5","7","5","5","3","3","6","2","5","2","5","5","1","2","2","5","1","1","5","5","4","6","3","1","2","2","1","1","2","6","2","1","7","1","1","1","1","1","2","1","7","1","3","799230569765543938","仲","102","Female","[""坏我"",""好我"",""好她"",""坏她""]","[""弱我"",""强我"",""强她"",""弱她""]","","","","","","","","nonmatch","","","","","","","","","ALT2","moral","","key","j","16.664601769912327","683","380","","好她","","","","j","true","","","nonmatch","","img/hexagon.png","坏她","",""
"null","<span style='color:GreenYellow; font-size: 70px;'>正确! </span>","null","html-keyboard-response","2345","3594516","0.0-10.0-0.1-4.1-0.8-1.380","5","2","5","1","1","5","3","4","4","5","5","0","0","1","2","-2","1","1","2","5","4","5","4","2","1","2","3","4","3","4","6","4","8","3","7","6","5","7","5","5","3","3","6","2","5","2","5","5","1","2","2","5","1","1","5","5","4","6","3","1","2","2","1","1","2","6","2","1","7","1","1","1","1","1","2","1","7","1","3","799230569765543938","仲","102","Female","[""坏我"",""好我"",""好她"",""坏她""]","[""弱我"",""强我"",""强她"",""弱她""]","","","","","","","","","","","","","","","","","","feedback_test","","","","","","","","","","","","","","","","","","","","",""
"747","","j","psychophysics","2346","3596267","0.0-10.0-0.1-4.1-0.8-0.381","5","2","5","1","1","5","3","4","4","5","5","0","0","1","2","-2","1","1","2","5","4","5","4","2","1","2","3","4","3","4","6","4","8","3","7","6","5","7","5","5","3","3","6","2","5","2","5","5","1","2","2","5","1","1","5","5","4","6","3","1","2","2","1","1","2","6","2","1","7","1","1","1","1","1","2","1","7","1","3","799230569765543938","仲","102","Female","[""坏我"",""好我"",""好她"",""坏她""]","[""弱我"",""强我"",""强她"",""弱她""]","","","","","","","","nonmatch","","","","","","","","","ALT2","moral","","key","j","16.661538461536672","683","380","","坏我","","","","j","true","","","nonmatch","","img/ellipse.png","好我","",""
"null","<span style='color:GreenYellow; font-size: 70px;'>正确! </span>","null","html-keyboard-response","2347","3596771","0.0-10.0-0.1-4.1-0.8-1.381","5","2","5","1","1","5","3","4","4","5","5","0","0","1","2","-2","1","1","2","5","4","5","4","2","1","2","3","4","3","4","6","4","8","3","7","6","5","7","5","5","3","3","6","2","5","2","5","5","1","2","2","5","1","1","5","5","4","6","3","1","2","2","1","1","2","6","2","1","7","1","1","1","1","1","2","1","7","1","3","799230569765543938","仲","102","Female","[""坏我"",""好我"",""好她"",""坏她""]","[""弱我"",""强我"",""强她"",""弱她""]","","","","","","","","","","","","","","","","","","feedback_test","","","","","","","","","","","","","","","","","","","","",""
"746","","j","psychophysics","2348","3598520","0.0-10.0-0.1-4.1-0.8-0.382","5","2","5","1","1","5","3","4","4","5","5","0","0","1","2","-2","1","1","2","5","4","5","4","2","1","2","3","4","3","4","6","4","8","3","7","6","5","7","5","5","3","3","6","2","5","2","5","5","1","2","2","5","1","1","5","5","4","6","3","1","2","2","1","1","2","6","2","1","7","1","1","1","1","1","2","1","7","1","3","799230569765543938","仲","102","Female","[""坏我"",""好我"",""好她"",""坏她""]","[""弱我"",""强我"",""强她"",""弱她""]","","","","","","","","nonmatch","","","","","","","","","ALT2","moral","","key","j","16.664423076923974","683","380","","好她","","","","j","true","","","nonmatch","","img/square.png","坏我","",""
"null","<span style='color:GreenYellow; font-size: 70px;'>正确! </span>","null","html-keyboard-response","2349","3599026","0.0-10.0-0.1-4.1-0.8-1.382","5","2","5","1","1","5","3","4","4","5","5","0","0","1","2","-2","1","1","2","5","4","5","4","2","1","2","3","4","3","4","6","4","8","3","7","6","5","7","5","5","3","3","6","2","5","2","5","5","1","2","2","5","1","1","5","5","4","6","3","1","2","2","1","1","2","6","2","1","7","1","1","1","1","1","2","1","7","1","3","799230569765543938","仲","102","Female","[""坏我"",""好我"",""好她"",""坏她""]","[""弱我"",""强我"",""强她"",""弱她""]","","","","","","","","","","","","","","","","","","feedback_test","","","","","","","","","","","","","","","","","","","","",""
"658","","j","psychophysics","2350","3600691","0.0-10.0-0.1-4.1-0.8-0.383","5","2","5","1","1","5","3","4","4","5","5","0","0","1","2","-2","1","1","2","5","4","5","4","2","1","2","3","4","3","4","6","4","8","3","7","6","5","7","5","5","3","3","6","2","5","2","5","5","1","2","2","5","1","1","5","5","4","6","3","1","2","2","1","1","2","6","2","1","7","1","1","1","1","1","2","1","7","1","3","799230569765543938","仲","102","Female","[""坏我"",""好我"",""好她"",""坏她""]","[""弱我"",""强我"",""强她"",""弱她""]","","","","","","","","nonmatch","","","","","","","","","ALT2","moral","","key","j","16.666326530610345","683","380","","好她","","","","j","true","","","nonmatch","","img/ellipse.png","好我","",""
"null","<span style='color:GreenYellow; font-size: 70px;'>正确! </span>","null","html-keyboard-response","2351","3601198","0.0-10.0-0.1-4.1-0.8-1.383","5","2","5","1","1","5","3","4","4","5","5","0","0","1","2","-2","1","1","2","5","4","5","4","2","1","2","3","4","3","4","6","4","8","3","7","6","5","7","5","5","3","3","6","2","5","2","5","5","1","2","2","5","1","1","5","5","4","6","3","1","2","2","1","1","2","6","2","1","7","1","1","1","1","1","2","1","7","1","3","799230569765543938","仲","102","Female","[""坏我"",""好我"",""好她"",""坏她""]","[""弱我"",""强我"",""强她"",""弱她""]","","","","","","","","","","","","","","","","","","feedback_test","","","","","","","","","","","","","","","","","","","","",""
"746","","j","psychophysics","2352","3602952","0.0-10.0-0.1-4.1-0.8-0.384","5","2","5","1","1","5","3","4","4","5","5","0","0","1","2","-2","1","1","2","5","4","5","4","2","1","2","3","4","3","4","6","4","8","3","7","6","5","7","5","5","3","3","6","2","5","2","5","5","1","2","2","5","1","1","5","5","4","6","3","1","2","2","1","1","2","6","2","1","7","1","1","1","1","1","2","1","7","1","3","799230569765543938","仲","102","Female","[""坏我"",""好我"",""好她"",""坏她""]","[""弱我"",""强我"",""强她"",""弱她""]","","","","","","","","nonmatch","","","","","","","","","ALT2","moral","","key","j","16.666346153844362","683","380","","坏我","","","","j","true","","","nonmatch","","img/hexagon.png","坏她","",""
"null","<span style='color:GreenYellow; font-size: 70px;'>正确! </span>","null","html-keyboard-response","2353","3603453","0.0-10.0-0.1-4.1-0.8-1.384","5","2","5","1","1","5","3","4","4","5","5","0","0","1","2","-2","1","1","2","5","4","5","4","2","1","2","3","4","3","4","6","4","8","3","7","6","5","7","5","5","3","3","6","2","5","2","5","5","1","2","2","5","1","1","5","5","4","6","3","1","2","2","1","1","2","6","2","1","7","1","1","1","1","1","2","1","7","1","3","799230569765543938","仲","102","Female","[""坏我"",""好我"",""好她"",""坏她""]","[""弱我"",""强我"",""强她"",""弱她""]","","","","","","","","","","","","","","","","","","feedback_test","","","","","","","","","","","","","","","","","","","","",""
"1436","<style>.context{color:white; font-size: 35px; line-height:40px}</style>                            <div><p class='context'>您正确回答了100% 的试次。</p><p class='context'>您的平均反应时为731毫秒。</p><p class='context'>请按空格键进入休息。</p></div>"," ","html-keyboard-response","2354","3604894","0.0-10.0-0.1-4.1-1.8","5","2","5","1","1","5","3","4","4","5","5","0","0","1","2","-2","1","1","2","5","4","5","4","2","1","2","3","4","3","4","6","4","8","3","7","6","5","7","5","5","3","3","6","2","5","2","5","5","1","2","2","5","1","1","5","5","4","6","3","1","2","2","1","1","2","6","2","1","7","1","1","1","1","1","2","1","7","1","3","799230569765543938","仲","102","Female","[""坏我"",""好我"",""好她"",""坏她""]","[""弱我"",""强我"",""强她"",""弱她""]","","","","","","","","","","","","","","","","","","","","","","","","","","","","","","","","","","","","","","",""
"3417","
        <p >您当前还剩余0组实验</p>
        <p >现在是休息时间，当您结束休息后，</p>
        <p >您可以点击 结束休息 按钮 继续。</p>
        <p >建议休息时间还剩余<span id=""iii"">60</span>秒。</p>","0","html-button-response","2355","3608319","0.0-10.0-0.1-4.1-2.8","5","2","5","1","1","5","3","4","4","5","5","0","0","1","2","-2","1","1","2","5","4","5","4","2","1","2","3","4","3","4","6","4","8","3","7","6","5","7","5","5","3","3","6","2","5","2","5","5","1","2","2","5","1","1","5","5","4","6","3","1","2","2","1","1","2","6","2","1","7","1","1","1","1","1","2","1","7","1","3","799230569765543938","仲","102","Female","[""坏我"",""好我"",""好她"",""坏她""]","[""弱我"",""强我"",""强她"",""弱她""]","","","","","","","","","","","","","","","","","","","","","","","","","","","","","","","","","","","","","","",""
"1227","
    <p style='color: white; font-size: 22px'>恭喜您，当前的子任务已经完成。</p>
    <p> <div style = ""color: green""><按空格键继续></div></p>
    "," ","html-keyboard-response","2356","3609549","0.0-10.0-0.1-5.1","5","2","5","1","1","5","3","4","4","5","5","0","0","1","2","-2","1","1","2","5","4","5","4","2","1","2","3","4","3","4","6","4","8","3","7","6","5","7","5","5","3","3","6","2","5","2","5","5","1","2","2","5","1","1","5","5","4","6","3","1","2","2","1","1","2","6","2","1","7","1","1","1","1","1","2","1","7","1","3","799230569765543938","仲","102","Female","[""坏我"",""好我"",""好她"",""坏她""]","[""弱我"",""强我"",""强她"",""弱她""]","","","","","","","","","","","","","","","","","","","","","","","","","","","","","","","","","","","","","","",""
"3670","<p style='color:white;'>现在是休息时间，当您结束休息后，您可以点击 结束休息 按钮 继续。</p>","0","html-button-response","2357","3613220","0.0-11.0","5","2","5","1","1","5","3","4","4","5","5","0","0","1","2","-2","1","1","2","5","4","5","4","2","1","2","3","4","3","4","6","4","8","3","7","6","5","7","5","5","3","3","6","2","5","2","5","5","1","2","2","5","1","1","5","5","4","6","3","1","2","2","1","1","2","6","2","1","7","1","1","1","1","1","2","1","7","1","3","799230569765543938","仲","102","Female","[""坏我"",""好我"",""好她"",""坏她""]","[""弱我"",""强我"",""强她"",""弱她""]","","","","","","","","","","","","","","","","","rest_time","rest_time","Fri Jan 19 2024 19:12:01 GMT+0800 (中国标准时间)","","","","","","","","","","","","","","","","","","","",""
"104925.29999999981","","{""Q01"":""5"",""Q02"":""4"",""Q03"":""5"",""Q04"":""4"",""Q05"":""2"",""Q06"":""1"",""Q07"":""2"",""Q08"":""3"",""Q09"":""4"",""Q10"":""3""}","survey-template","2358","3718153","0.0-12.0","5","2","5","1","1","5","3","4","4","5","5","0","0","1","2","-2","1","1","2","5","4","5","4","2","1","2","3","4","3","4","6","4","8","3","7","6","5","7","5","5","3","3","6","2","5","2","5","5","1","2","2","5","1","1","5","5","4","6","3","1","2","2","1","1","2","6","2","1","7","1","1","1","1","1","2","1","7","1","3","799230569765543938","仲","102","Female","[""坏我"",""好我"",""好她"",""坏她""]","[""弱我"",""强我"",""强她"",""弱她""]","","","","","","","","{""Q01"":""5"",""Q02"":""4"",""Q03"":""5"",""Q04"":""4"",""Q05"":""2"",""Q06"":""1"",""Q07"":""2"",""Q08"":""3"",""Q09"":""4"",""Q10"":""3""}","[0,1,2,3,4,5,6,7,8,9]","[""Q01"",""Q02"",""Q03"",""Q04"",""Q06"",""Q07"",""Q08"",""Q09"",""Q10"",""Q05""]","[13784.19999999972,18754.69999999972,24888,30476.799999999814,41484.09999999963,44833.59999999963,47923.69999999972,88665.89999999944,92450.39999999944,101041.39999999944]","[]","[0.19999999972060323,13784.19999999972,18754.69999999972,24429.599999999627,24888,30476.799999999814,32347.799999999814,41484.09999999963,44833.59999999963,47923.69999999972,51666.59999999963,56969.19999999972,88665.89999999944,92450.39999999944,93322.20000000019,101041.39999999944,104922.5]","0.3","0.7777777777777778","0","","","","","","","","","","","","","","","","","","","","","","",""
"30709","","{""Q0"":3,""Q1"":5,""Q2"":3}","survey-likert","2359","3748917","0.0-13.0-0.0","5","2","5","1","1","5","3","4","4","5","5","0","0","1","2","-2","1","1","2","5","4","5","4","2","1","2","3","4","3","4","6","4","8","3","7","6","5","7","5","5","3","3","6","2","5","2","5","5","1","2","2","5","1","1","5","5","4","6","3","1","2","2","1","1","2","6","2","1","7","1","1","1","1","1","2","1","7","1","3","799230569765543938","仲","102","Female","[""坏我"",""好我"",""好她"",""坏她""]","[""弱我"",""强我"",""强她"",""弱她""]","","","","","","","","","","","","","","","","","","","","","","","","","","","","","","","","","","","","","","[0,1,2]",""
"13010","","{""Q0"":7,""Q1"":2,""Q2"":6}","survey-likert","2360","3761932","0.0-13.0-1.0","5","2","5","1","1","5","3","4","4","5","5","0","0","1","2","-2","1","1","2","5","4","5","4","2","1","2","3","4","3","4","6","4","8","3","7","6","5","7","5","5","3","3","6","2","5","2","5","5","1","2","2","5","1","1","5","5","4","6","3","1","2","2","1","1","2","6","2","1","7","1","1","1","1","1","2","1","7","1","3","799230569765543938","仲","102","Female","[""坏我"",""好我"",""好她"",""坏她""]","[""弱我"",""强我"",""强她"",""弱她""]","","","","","","","","","","","","","","","","","","","","","","","","","","","","","","","","","","","","","","[0,1,2]",""
"8358","","{""Q0"":5,""Q1"":4,""Q2"":6}","survey-likert","2361","3770299","0.0-13.0-2.0","5","2","5","1","1","5","3","4","4","5","5","0","0","1","2","-2","1","1","2","5","4","5","4","2","1","2","3","4","3","4","6","4","8","3","7","6","5","7","5","5","3","3","6","2","5","2","5","5","1","2","2","5","1","1","5","5","4","6","3","1","2","2","1","1","2","6","2","1","7","1","1","1","1","1","2","1","7","1","3","799230569765543938","仲","102","Female","[""坏我"",""好我"",""好她"",""坏她""]","[""弱我"",""强我"",""强她"",""弱她""]","","","","","","","","","","","","","","","","","","","","","","","","","","","","","","","","","","","","","","[0,1,2]",""
"106172","","{""Q01"":""5"",""Q02"":""5"",""Q03"":""3"",""Q04"":""3"",""Q05"":""6"",""Q06"":""2"",""Q07"":""5"",""Q08"":""2"",""Q09"":""5"",""Q10"":""5"",""Q11"":""1"",""Q12"":""2"",""Q13"":""2"",""Q14"":""5"",""Q15"":""1"",""Q16"":""1"",""Q17"":""5"",""Q18"":""5"",""Q19"":""4"",""Q20"":""6"",""Q21"":""3""}","survey-template","2362","3876487","0.0-14.0-0.0","5","2","5","1","1","5","3","4","4","5","5","0","0","1","2","-2","1","1","2","5","4","5","4","2","1","2","3","4","3","4","6","4","8","3","7","6","5","7","5","5","3","3","6","2","5","2","5","5","1","2","2","5","1","1","5","5","4","6","3","1","2","2","1","1","2","6","2","1","7","1","1","1","1","1","2","1","7","1","3","799230569765543938","仲","102","Female","[""坏我"",""好我"",""好她"",""坏她""]","[""弱我"",""强我"",""强她"",""弱她""]","","","","","","","","{""Q01"":""5"",""Q02"":""5"",""Q03"":""3"",""Q04"":""3"",""Q05"":""6"",""Q06"":""2"",""Q07"":""5"",""Q08"":""2"",""Q09"":""5"",""Q10"":""5"",""Q11"":""1"",""Q12"":""2"",""Q13"":""2"",""Q14"":""5"",""Q15"":""1"",""Q16"":""1"",""Q17"":""5"",""Q18"":""5"",""Q19"":""4"",""Q20"":""6"",""Q21"":""3""}","[0,1,2,3,4,5,6,7,8,9,10,11,12,13,14,15,16,17,18,19,20]","[""Q01"",""Q02"",""Q03"",""Q05"",""Q06"",""Q04"",""Q07"",""Q08"",""Q09"",""Q10"",""Q11"",""Q12"",""Q13"",""Q14"",""Q15"",""Q16"",""Q17"",""Q18"",""Q19"",""Q20"",""Q21""]","[10063.600000000559,13542.5,19294.60000000056,29942.5,31359.10000000056,33790.799999999814,39917.60000000056,44391.799999999814,50136.40000000037,54166.700000000186,58301.40000000037,63279.40000000037,65526.60000000056,69766.60000000056,75158.70000000019,77405.20000000019,83174.90000000037,89295.70000000019,95166.5,99783.60000000056,105294.5]","[]","[10063.600000000559,13542.5,19294.60000000056,29942.5,31359.10000000056,33790.799999999814,39917.60000000056,44391.799999999814,50136.40000000037,54166.700000000186,58301.40000000037,63279.40000000037,65526.60000000056,69766.60000000056,73071.79999999981,75158.70000000019,77405.20000000019,83174.90000000037,89295.70000000019,95166.5,99783.60000000056,105294.5,106167]","0.3333333333333333","0.45","0","","","","","","","","","","","","","","","","","","","","","","","我已经环游世界23次了。"
"82923.59999999963","","{""Q01"":""1"",""Q02"":""2"",""Q03"":""2"",""Q04"":""1"",""Q05"":""1"",""Q06"":""2"",""Q07"":""6"",""Q08"":""2"",""Q09"":""1"",""Q10"":""7"",""Q11"":""1"",""Q12"":""1"",""Q13"":""1"",""Q14"":""1"",""Q15"":""1"",""Q16"":""2"",""Q17"":""1"",""Q18"":""7"",""Q19"":""1"",""Q20"":""3""}","survey-template","2363","3959421","0.0-15.0","5","2","5","1","1","5","3","4","4","5","5","0","0","1","2","-2","1","1","2","5","4","5","4","2","1","2","3","4","3","4","6","4","8","3","7","6","5","7","5","5","3","3","6","2","5","2","5","5","1","2","2","5","1","1","5","5","4","6","3","1","2","2","1","1","2","6","2","1","7","1","1","1","1","1","2","1","7","1","3","799230569765543938","仲","102","Female","[""坏我"",""好我"",""好她"",""坏她""]","[""弱我"",""强我"",""强她"",""弱她""]","","","","","","","","{""Q01"":""1"",""Q02"":""2"",""Q03"":""2"",""Q04"":""1"",""Q05"":""1"",""Q06"":""2"",""Q07"":""6"",""Q08"":""2"",""Q09"":""1"",""Q10"":""7"",""Q11"":""1"",""Q12"":""1"",""Q13"":""1"",""Q14"":""1"",""Q15"":""1"",""Q16"":""2"",""Q17"":""1"",""Q18"":""7"",""Q19"":""1"",""Q20"":""3""}","[0,1,2,3,4,5,6,7,8,9,10,11,12,13,14,15,16,17,18,19]","[""Q01"",""Q02"",""Q03"",""Q04"",""Q05"",""Q06"",""Q07"",""Q08"",""Q09"",""Q10"",""Q11"",""Q12"",""Q14"",""Q13"",""Q15"",""Q16"",""Q17"",""Q18"",""Q19"",""Q20"",""Q20""]","[5862.700000000186,10863.299999999814,12470.200000000186,13566.900000000373,17166,26462.700000000186,30654.700000000186,35420.40000000037,39901.59999999963,43974.59999999963,48701.59999999963,51701.700000000186,55774.200000000186,56853.200000000186,59806.299999999814,65694.90000000037,69933.5,74574.5,77654.59999999963,80638.79999999981,82021.5]","[]","[4390.5,5862.700000000186,10366.299999999814,10863.299999999814,12470.200000000186,13566.900000000373,16206.900000000373,17166,26462.700000000186,30654.700000000186,35420.40000000037,38957.90000000037,39901.59999999963,43974.59999999963,48701.59999999963,51701.700000000186,54845.59999999963,55774.200000000186,56853.200000000186,59806.299999999814,65694.90000000037,69933.5,74574.5,77654.59999999963,80638.79999999981,82021.5,82919]","0.5","0.2631578947368421","0","","","","","","","","","","","","","","","","","","","","","","",""
"null","
    <p>第三阶段的实验部分已结束，后续还有一个有关此阶段实验相关信息的问题反馈的问卷。</p>
    <p>请不要关闭页面，随后将自动跳转到问题反馈页面。</p>
    <p>系统将自动下载一个.csv文件，该文件为您的实验数据的备份文件。请不要对其进行任何更改，请不要随便删除，将它保存在您的系统文件夹中。</p>
    <p>如果数据遗失，我们将联系您获取该备份文件。</p>
    <p>本次实验按照您的作答情况发放报酬！</p>
    <p> 若数据存在以下情形，将被视为无效数据。
    （1）数据间存在明显的相互矛盾；
    （2）图形标签匹配任务的单个条件的正确率低于20%，总正确率低于60%。</p>
    （3）词汇评估的回忆总正确率低于60%。</p>
    （4）词汇评估的回忆阶段存在大量低于200ms的反应。</p>
    <p>感谢您的配合！</p>","null","html-keyboard-response","2364","3962459","0.0-16.0","5","2","5","1","1","5","3","4","4","5","5","0","0","1","2","-2","1","1","2","5","4","5","4","2","1","2","3","4","3","4","6","4","8","3","7","6","5","7","5","5","3","3","6","2","5","2","5","5","1","2","2","5","1","1","5","5","4","6","3","1","2","2","1","1","2","6","2","1","7","1","1","1","1","1","2","1","7","1","3","799230569765543938","仲","102","Female","[""坏我"",""好我"",""好她"",""坏她""]","[""弱我"",""强我"",""强她"",""弱她""]","","","","","","","","","","","","","","","","","","","","","","","","","","","","","","","","","","","","","","",""
"","","","call-function","2365","3962742","0.0-17.0","5","2","5","1","1","5","3","4","4","5","5","0","0","1","2","-2","1","1","2","5","4","5","4","2","1","2","3","4","3","4","6","4","8","3","7","6","5","7","5","5","3","3","6","2","5","2","5","5","1","2","2","5","1","1","5","5","4","6","3","1","2","2","1","1","2","6","2","1","7","1","1","1","1","1","2","1","7","1","3","","","","","","","","","","","","","","","","","","","","","","","","","","","","","","","","","","","","","","","","","","","","",""
"null","
    <p>感谢您参加我们的实验，请<span style=""color: white;"">按空格键开始上传数据</span>，并通知研究者。</p>
    <p>感谢您的配合！</p>","null","html-keyboard-response","2366","3967746","0.0-18.0","5","2","5","1","1","5","3","4","4","5","5","0","0","1","2","-2","1","1","2","5","4","5","4","2","1","2","3","4","3","4","6","4","8","3","7","6","5","7","5","5","3","3","6","2","5","2","5","5","1","2","2","5","1","1","5","5","4","6","3","1","2","2","1","1","2","6","2","1","7","1","1","1","1","1","2","1","7","1","3","","","","","","","","","","","","","","","","","","","","","","","","","","","","","","","","","","","","","","","","","","","","",""
